-0.13,-1.90,-1.90,0.06,0.01,-0.11,399,370,369,421,376
0.47,-4.85,-4.85,0.07,0.11,0.17,393,372,373,420,374
0.37,-2.23,-2.23,-0.66,-0.14,0.46,363,336,338,380,373
-0.75,-2.48,-2.48,0.30,0.33,0.22,342,320,316,353,365
2.23,-7.00,-7.00,0.34,0.13,-0.46,329,310,304,346,357
0.50,-2.20,-2.20,-0.17,-0.02,-0.10,329,309,302,344,356
1.66,-4.93,-4.93,0.24,-0.09,-0.30,329,311,309,350,360
-0.19,-0.67,-0.67,-0.26,-0.72,-0.30,383,359,333,378,373
-0.88,-2.83,-2.83,0.36,0.15,-0.44,404,398,397,441,378
-0.14,-4.01,-4.01,0.10,0.12,0.08,398,405,406,446,377
0.58,-1.68,-1.68,-0.57,-0.14,0.31,359,351,350,393,374
0.36,-3.21,-3.21,0.74,0.66,0.21,334,320,317,355,363
1.89,-6.74,-6.74,0.14,0.10,-0.45,332,310,305,347,355
0.85,-2.58,-2.58,-0.12,0.05,-0.10,329,309,303,345,354
2.54,-5.87,-5.87,-0.18,-0.22,-0.27,330,309,305,350,355
-0.22,-0.17,-0.17,0.16,-0.57,-0.60,407,350,329,380,368
1.08,-3.75,-3.75,0.33,-0.14,-0.56,455,384,375,431,379
-1.46,-3.64,-3.64,0.06,0.14,0.10,453,383,378,431,382
-0.26,-2.08,-2.08,-0.38,0.02,0.58,400,342,339,387,378
0.98,-4.08,-4.08,0.53,0.58,0.17,343,315,316,356,367
1.67,-5.67,-5.67,0.14,0.03,-0.21,331,310,306,348,359
1.16,-3.41,-3.41,0.01,-0.08,-0.23,330,309,306,346,359
-0.06,-2.16,-2.16,-0.41,-0.31,0.43,372,337,333,371,367
0.22,-2.05,-2.05,0.34,-0.44,-1.01,444,385,363,414,378
-0.32,-4.16,-4.16,0.11,-0.12,-0.18,475,404,390,438,388
0.34,-4.11,-4.11,-0.30,-0.16,0.20,459,392,376,424,387
-0.71,-1.39,-1.39,-0.22,0.26,0.74,361,325,325,365,380
1.20,-4.85,-4.85,0.16,0.27,-0.23,333,312,309,348,366
0.57,-2.56,-2.56,-0.14,0.11,0.09,329,309,305,345,362
0.32,-4.16,-4.16,0.07,0.14,-0.13,334,309,307,347,364
-0.03,-1.26,-1.26,-0.12,-0.65,-0.19,407,354,337,386,374
1.40,-2.14,-2.14,0.37,-0.17,-0.64,468,398,402,455,384
-1.26,-3.27,-3.27,0.18,0.15,0.02,487,413,430,475,384
0.09,-2.51,-2.51,-0.48,-0.10,0.40,450,387,394,439,380
-0.60,-1.23,-1.23,0.42,0.56,0.40,348,317,324,361,370
END
1.79,-5.94,-5.94,0.09,-0.01,-0.39,462,396,398,431,386
-0.95,-3.15,-3.15,-0.07,0.00,-0.00,474,407,422,452,386
-1.07,-0.85,-0.85,-0.86,-0.40,0.25,429,371,382,414,384
-0.45,-1.55,-1.55,0.93,0.92,0.12,346,320,324,358,373
1.08,-3.37,-3.37,-0.11,0.05,-0.04,333,314,310,350,366
0.15,-1.89,-1.89,-0.03,0.02,-0.10,333,311,307,348,364
2.13,-4.29,-4.29,0.64,0.22,0.05,341,321,321,355,368
-0.09,0.46,0.46,0.18,-0.57,-0.65,396,364,346,386,380
-0.79,-2.97,-2.97,0.33,0.29,-0.07,432,412,418,446,381
-0.08,-3.40,-3.40,-0.08,0.12,0.21,422,409,416,444,380
0.42,-1.11,-1.11,-0.15,0.12,0.37,372,353,356,392,377
0.04,-2.43,-2.43,0.29,0.26,-0.01,341,322,324,357,369
1.62,-5.87,-5.87,0.10,0.06,-0.13,332,313,308,350,362
0.06,-1.32,-1.32,0.16,0.04,-0.12,332,313,308,348,362
1.69,-3.45,-3.45,-0.29,-0.35,0.02,380,348,348,374,370
-1.26,1.08,1.08,0.67,-0.08,-0.30,431,382,368,400,378
1.41,-4.67,-4.67,-0.12,-0.09,-0.11,461,407,415,435,379
0.70,-3.36,-3.36,-0.20,0.01,0.28,442,391,394,418,377
-0.77,-0.41,-0.41,-0.22,0.21,0.49,364,331,335,366,370
0.98,-4.06,-4.06,0.40,0.14,-0.16,338,317,316,351,363
0.09,-3.00,-3.00,-0.31,-0.10,0.00,333,312,307,348,359
0.54,-3.14,-3.14,0.51,0.18,-0.04,335,313,308,349,359
-0.37,-2.45,-2.45,-0.20,-0.31,0.54,395,358,341,388,367
0.50,-2.70,-2.70,0.44,-0.10,-0.88,424,395,378,433,376
1.00,-5.40,-5.40,-0.18,-0.07,-0.01,427,414,414,461,376
-0.27,-2.71,-2.71,-0.58,-0.14,0.36,400,377,374,425,374
-0.32,-1.60,-1.60,0.08,0.29,0.40,349,328,325,366,367
1.18,-5.71,-5.71,0.54,0.21,-0.27,332,315,310,352,359
0.34,-3.01,-3.01,-0.21,-0.09,-0.13,332,312,306,349,358
0.98,-5.07,-5.07,0.01,-0.13,-0.33,335,315,314,361,360
-0.80,1.81,1.81,0.20,-0.40,0.05,418,371,345,390,372
1.07,-3.57,-3.57,0.47,0.13,-0.59,438,403,398,442,378
0.74,-5.42,-5.42,0.27,0.17,0.01,439,404,405,446,376
0.56,-3.37,-3.37,-0.60,-0.21,0.40,401,366,361,405,374
-0.41,-2.46,-2.46,0.18,0.30,0.19,347,323,319,358,367
END
1.23,-5.02,-5.02,0.16,0.03,-0.30,473,414,424,464,378
0.01,-3.15,-3.15,-0.09,0.01,0.08,475,416,430,469,378
0.43,-1.97,-1.97,-0.21,0.05,0.47,430,376,376,422,376
-0.34,-3.52,-3.52,0.57,0.59,0.47,350,320,319,358,365
1.62,-4.05,-4.05,0.15,0.08,-0.16,339,315,310,350,360
1.05,-3.71,-3.71,0.05,0.02,-0.10,337,313,308,347,359
2.22,-5.27,-5.27,-0.23,-0.20,-0.12,359,328,324,363,363
0.13,-0.78,-0.78,0.01,-0.54,-0.68,418,363,344,395,373
0.76,-3.44,-3.44,0.55,0.17,-0.39,461,402,408,453,377
0.09,-4.31,-4.31,-0.08,-0.07,0.04,466,407,418,458,377
0.09,-2.16,-2.16,-0.44,-0.13,0.49,424,366,366,407,375
-0.69,-2.33,-2.33,0.39,0.44,0.04,349,321,320,358,366
1.71,-4.26,-4.26,-0.32,-0.16,-0.28,340,315,312,351,362
0.24,-2.30,-2.30,-0.31,-0.12,-0.11,337,313,308,348,362
1.66,-3.63,-3.63,0.06,-0.15,-0.15,348,324,320,358,367
-1.04,-0.17,-0.17,0.00,-0.60,-0.70,410,359,342,396,379
0.77,-3.41,-3.41,-0.53,-0.56,-0.35,442,391,407,454,383
-0.72,-1.59,-1.59,0.10,0.24,0.15,443,391,408,454,382
-1.10,0.11,0.11,-0.15,0.22,0.50,389,343,348,391,377
0.60,-3.06,-3.06,0.40,0.35,-0.07,347,321,318,358,369
0.88,-3.50,-3.50,0.01,0.12,-0.02,336,315,312,352,365
0.90,-2.63,-2.63,-0.02,-0.04,-0.15,335,314,310,350,364
1.68,-3.73,-3.73,-0.03,-0.11,0.14,362,331,318,363,370
-0.56,-1.11,-1.11,0.15,-0.32,-0.89,399,363,352,411,379
0.78,-3.42,-3.42,-0.26,-0.30,-0.21,419,399,410,458,381
0.29,-3.26,-3.26,-0.08,0.07,0.14,405,388,397,445,379
-1.26,0.59,0.59,-0.13,0.12,0.57,362,336,334,372,375
0.70,-3.23,-3.23,0.39,0.45,-0.10,340,321,314,354,367
1.21,-2.58,-2.58,-0.05,0.06,0.00,335,316,310,351,364
1.69,-3.68,-3.68,-0.05,-0.23,-0.37,338,318,311,352,366
-1.23,1.41,1.41,0.37,-0.43,-0.53,383,351,328,385,378
1.08,-3.29,-3.29,0.12,0.08,-0.36,422,406,411,461,380
-0.37,-2.39,-2.39,0.22,0.36,0.12,433,416,428,475,379
0.94,-1.61,-1.61,-0.46,-0.20,0.33,400,384,384,435,377
-0.24,-0.91,-0.91,0.26,0.27,0.62,351,330,326,368,372
END
1.45,-4.51,-4.51,0.34,0.21,-0.20,420,363,350,409,375
0.78,-3.88,-3.88,-0.32,-0.18,0.11,420,366,363,420,375
0.09,-1.63,-1.63,-0.55,-0.20,0.31,382,335,338,385,372
1.20,-3.27,-3.27,0.66,0.54,0.21,343,318,317,358,365
0.92,-2.91,-2.91,0.25,0.06,-0.03,336,315,310,353,360
1.47,-3.68,-3.68,0.18,0.10,-0.03,335,313,308,350,358
1.80,-5.03,-5.03,0.00,0.04,0.16,372,333,328,358,359
0.30,-1.96,-1.96,0.50,-0.20,-0.74,456,386,360,393,370
1.79,-4.30,-4.30,-0.17,-0.21,-0.17,465,393,376,411,375
1.61,-4.61,-4.61,-0.18,-0.03,0.15,449,379,362,398,373
0.65,-2.08,-2.08,-0.28,0.11,0.51,389,337,331,365,369
2.19,-4.85,-4.85,0.44,0.29,-0.08,346,317,315,353,361
1.95,-5.28,-5.28,0.01,-0.01,-0.19,336,313,307,349,357
1.58,-3.65,-3.65,0.25,0.07,-0.04,335,312,305,347,356
2.11,-6.04,-6.04,-0.22,-0.15,-0.13,353,326,320,362,359
0.85,-1.37,-1.37,-0.08,-0.58,-0.97,429,369,344,393,372
0.90,-3.12,-3.12,0.02,-0.07,-0.14,449,387,376,427,376
1.00,-3.46,-3.46,0.10,0.18,0.26,432,371,362,412,373
0.89,-2.63,-2.63,0.00,0.30,0.48,371,331,329,370,368
2.05,-4.77,-4.77,0.22,0.16,-0.08,344,317,316,355,361
1.56,-3.69,-3.69,-0.02,0.04,-0.10,337,314,309,351,358
1.50,-4.80,-4.80,0.15,0.01,-0.16,338,315,310,350,358
1.03,-2.42,-2.42,-0.27,-0.43,-0.02,405,363,342,383,368
1.15,-2.38,-2.38,-0.09,-0.32,-0.64,436,387,372,414,376
0.68,-3.99,-3.99,0.30,0.24,0.15,440,395,388,424,374
0.39,-2.55,-2.55,-0.14,0.03,0.43,408,364,354,394,371
0.19,-3.29,-3.29,0.24,0.39,0.46,352,325,324,359,363
0.57,-4.21,-4.21,0.30,0.15,-0.03,339,316,311,352,355
1.63,-3.62,-3.62,0.03,0.09,-0.16,336,314,307,349,353
2.25,-6.06,-6.06,0.14,0.03,-0.15,336,321,321,362,354
0.17,-1.31,-1.31,-0.10,-0.54,-0.64,385,374,351,393,367
0.93,-3.87,-3.87,-0.25,-0.30,-0.08,395,395,382,415,373
0.92,-4.31,-4.31,0.09,0.09,0.13,390,394,384,413,370
-0.22,-1.64,-1.64,-0.28,0.07,0.53,358,349,346,378,366
1.79,-5.10,-5.10,0.81,0.50,-0.01,339,318,314,355,356
END
2.26,-5.02,-5.02,-0.09,0.01,-0.15,362,360,389,405,368
1.69,-4.97,-4.97,0.20,0.10,-0.19,333,315,320,358,360
1.57,-4.47,-4.47,0.10,0.05,-0.10,329,313,314,353,357
1.72,-4.34,-4.34,0.12,0.08,0.02,329,314,322,366,355
0.50,0.30,0.30,-0.20,-0.09,0.34,374,371,407,431,366
0.85,-3.97,-3.97,-0.27,-0.23,0.07,408,403,447,466,370
0.93,-3.44,-3.44,0.18,0.07,-0.01,411,408,450,469,371
0.83,-2.91,-2.91,0.28,0.18,-0.02,362,358,394,415,366
1.81,-5.19,-5.19,0.50,0.18,-0.16,333,316,323,360,358
2.21,-5.05,-5.05,0.05,0.03,-0.05,329,311,308,353,352
2.08,-5.43,-5.43,0.16,0.02,-0.20,327,309,305,349,351
1.07,-3.98,-3.98,-0.10,-0.04,0.30,329,316,325,367,356
0.16,-0.46,-0.46,-0.12,-0.44,0.12,388,383,423,443,367
1.03,-4.46,-4.46,-0.03,-0.08,-0.16,434,421,465,487,372
0.77,-3.92,-3.92,-0.12,0.07,0.05,423,413,458,479,370
1.13,-2.72,-2.72,0.15,0.27,0.13,369,351,388,409,363
2.25,-6.77,-6.77,0.27,0.06,-0.18,334,314,320,357,355
1.42,-4.11,-4.11,-0.09,-0.05,-0.09,332,311,310,353,353
1.92,-5.84,-5.84,0.24,0.02,-0.06,331,311,312,357,353
0.50,-2.18,-2.18,-0.37,-0.29,0.10,362,359,401,424,360
1.05,-2.71,-2.71,0.14,-0.18,-0.12,428,410,458,480,370
0.66,-4.12,-4.12,0.07,-0.03,-0.10,440,419,466,492,372
0.90,-4.06,-4.06,-0.28,0.08,0.03,400,389,436,456,369
0.93,-3.83,-3.83,0.40,0.18,-0.37,344,328,354,382,362
1.54,-4.70,-4.70,0.00,0.05,-0.20,332,313,317,352,357
1.33,-3.80,-3.80,-0.05,0.01,-0.12,330,311,311,351,356
2.10,-5.47,-5.47,0.46,0.26,0.19,333,317,328,371,356
1.67,-3.39,-3.39,0.19,-0.37,-0.05,397,389,415,437,365
1.45,-4.24,-4.24,0.03,-0.22,-0.16,434,415,445,470,370
0.91,-4.39,-4.39,0.05,0.11,0.06,427,412,443,468,370
0.66,-3.12,-3.12,-0.43,0.19,0.28,368,360,387,411,364
2.84,-5.48,-5.48,0.21,0.08,-0.42,336,318,328,359,357
1.33,-4.03,-4.03,-0.11,0.00,-0.14,332,314,318,353,354
1.72,-4.84,-4.84,0.45,0.18,-0.03,330,314,319,352,354
1.95,-5.09,-5.09,-0.09,0.06,0.47,366,368,400,412,357
END
2.30,-3.35,-3.35,0.34,-0.14,-0.16,334,315,320,354,357
1.92,-4.18,-4.18,-0.01,0.02,-0.11,330,312,315,351,356
3.10,-5.12,-5.12,0.02,-0.02,0.24,347,335,342,377,362
1.13,0.62,0.62,0.44,-0.14,-0.15,433,396,410,438,371
1.82,-5.61,-5.61,0.15,-0.06,-0.24,468,418,440,464,375
1.06,-4.38,-4.38,-0.35,0.00,0.15,445,402,422,445,372
0.86,-2.37,-2.37,-0.06,0.27,0.11,363,338,354,381,364
2.54,-5.64,-5.64,0.37,0.22,-0.16,334,313,316,351,355
2.18,-4.67,-4.67,0.03,-0.02,-0.07,331,313,316,351,354
2.39,-4.75,-4.75,-0.16,-0.13,0.21,361,351,365,396,363
1.41,-4.01,-4.01,0.35,-0.14,-0.14,444,412,438,465,371
1.46,-5.52,-5.52,0.04,-0.02,-0.09,466,428,459,485,374
1.09,-4.26,-4.26,-0.13,0.07,0.10,439,409,436,461,371
0.99,-2.45,-2.45,-0.10,0.23,0.11,358,337,355,384,364
2.22,-5.64,-5.64,0.21,0.09,-0.16,334,314,318,352,356
1.21,-3.54,-3.54,-0.11,-0.01,-0.10,330,312,311,349,354
2.83,-5.51,-5.51,0.38,0.15,0.04,332,313,316,351,354
-0.49,-0.40,-0.40,-0.32,-0.38,0.02,404,374,396,417,363
1.95,-6.50,-6.50,0.04,-0.12,0.02,461,418,451,468,370
1.30,-4.35,-4.35,0.11,0.01,-0.09,465,422,453,471,371
1.11,-4.12,-4.12,-0.19,0.05,0.12,414,384,410,426,367
1.55,-5.21,-5.21,0.59,0.33,-0.22,343,318,327,358,358
1.49,-4.39,-4.39,0.01,0.00,-0.15,334,312,312,351,353
2.09,-4.89,-4.89,-0.14,-0.07,-0.11,329,310,308,349,352
1.50,-4.17,-4.17,-0.39,-0.22,0.13,340,325,336,372,360
0.85,-4.90,-4.90,-0.00,-0.26,-0.04,423,395,425,451,370
1.97,-5.74,-5.74,-0.28,-0.17,-0.12,456,423,458,489,376
1.30,-3.87,-3.87,-0.06,0.09,0.01,447,417,451,482,375
1.21,-3.24,-3.24,-0.04,0.12,0.14,384,363,389,418,369
1.70,-4.26,-4.26,0.48,0.24,-0.12,340,317,325,359,360
1.53,-4.84,-4.84,0.07,0.00,-0.09,335,312,312,353,357
2.07,-6.18,-6.18,-0.05,-0.06,-0.23,333,313,313,352,356
1.02,-0.06,-0.06,-0.41,-0.51,0.39,393,371,392,426,369
0.76,-4.81,-4.81,-0.08,-0.05,-0.07,455,422,457,490,376
0.95,-3.80,-3.80,-0.09,-0.08,-0.04,464,428,463,496,377
END
0.73,-3.45,-3.45,0.04,0.12,0.04,433,403,432,463,368
1.11,-6.63,-6.63,-0.42,-0.07,0.05,454,424,459,490,374
1.30,-3.95,-3.95,-0.22,0.01,-0.00,428,404,436,466,372
1.31,-3.09,-3.09,0.14,0.24,0.02,352,333,350,382,366
2.08,-5.48,-5.48,0.29,0.06,-0.10,335,315,319,355,357
2.43,-5.63,-5.63,-0.00,-0.02,-0.14,333,313,315,353,355
2.29,-4.20,-4.20,-0.17,-0.17,0.16,365,344,359,394,361
1.46,-4.00,-4.00,0.37,-0.19,-0.11,436,399,427,458,369
1.77,-5.36,-5.36,0.04,-0.05,-0.20,459,419,449,481,375
1.26,-4.40,-4.40,-0.08,0.02,0.08,442,407,435,466,373
1.18,-3.12,-3.12,-0.11,0.13,0.17,370,345,364,395,366
2.12,-5.85,-5.85,0.23,0.16,-0.11,341,317,325,359,357
1.85,-4.78,-4.78,-0.06,0.00,-0.07,336,315,319,355,355
2.07,-5.39,-5.39,-0.23,-0.08,0.07,355,339,352,391,359
1.52,-2.20,-2.20,0.52,-0.15,-0.23,433,400,426,461,368
2.15,-6.00,-6.00,0.02,-0.06,-0.21,461,423,455,490,373
1.32,-4.57,-4.57,-0.22,-0.04,0.08,448,415,445,479,372
1.49,-3.56,-3.56,-0.20,0.04,0.13,382,359,382,415,368
2.04,-5.61,-5.61,0.42,0.23,-0.12,340,317,324,359,358
0.85,-4.06,-4.06,0.03,0.01,-0.05,335,313,313,353,355
2.32,-6.29,-6.29,-0.00,0.01,-0.15,332,312,311,352,354
1.51,-2.16,-2.16,-0.06,-0.10,0.23,362,341,361,398,361
1.27,-3.17,-3.17,0.46,-0.12,-0.18,430,397,429,460,368
1.59,-5.42,-5.42,0.00,-0.05,-0.07,446,412,445,476,371
1.04,-4.06,-4.06,-0.36,-0.04,0.11,409,383,415,443,370
1.16,-3.62,-3.62,0.37,0.21,-0.18,348,323,340,373,364
1.64,-4.71,-4.71,0.02,0.00,-0.12,337,314,317,356,359
2.10,-5.01,-5.01,0.18,0.09,-0.06,335,313,314,353,357
1.19,-4.17,-4.17,0.03,0.01,0.07,351,330,344,377,359
1.87,-2.43,-2.43,0.68,-0.15,-0.41,416,387,410,442,366
2.05,-7.03,-7.03,-0.34,-0.18,-0.08,450,415,449,480,373
0.90,-4.37,-4.37,-0.28,-0.02,0.09,437,406,441,471,372
1.45,-3.21,-3.21,-0.09,0.16,0.10,372,350,381,412,367
2.00,-5.32,-5.32,0.47,0.23,-0.11,341,315,325,359,359
1.87,-5.89,-5.89,0.03,0.00,-0.11,337,312,314,353,355
END
2.35,-5.77,-5.77,0.06,0.10,-0.01,339,315,323,356,358
1.87,-4.43,-4.43,-0.05,-0.01,-0.09,335,313,319,353,357
1.92,-5.00,-5.00,-0.21,-0.09,0.02,342,325,333,367,358
0.47,-2.26,-2.26,0.21,-0.22,-0.11,419,387,408,436,360
1.67,-5.52,-5.52,-0.22,-0.08,-0.02,450,414,444,472,363
1.08,-3.65,-3.65,-0.07,0.06,0.03,435,403,432,461,363
0.95,-2.96,-2.96,0.12,0.16,0.05,378,350,369,398,360
2.58,-5.51,-5.51,0.42,0.16,-0.23,340,315,322,356,356
1.60,-4.29,-4.29,0.03,0.04,-0.10,333,313,314,352,354
2.45,-6.12,-6.12,0.05,0.03,-0.12,332,313,317,353,354
1.45,-3.41,-3.41,-0.12,-0.18,0.18,386,365,393,417,363
1.59,-4.17,-4.17,0.32,-0.06,-0.14,445,415,452,474,369
1.11,-4.58,-4.58,0.05,-0.05,-0.07,457,426,462,487,371
1.00,-3.97,-3.97,-0.16,0.03,0.04,417,396,432,453,368
1.49,-3.85,-3.85,0.47,0.27,-0.08,347,326,347,375,363
2.20,-5.83,-5.83,0.15,0.06,-0.09,338,314,321,355,357
2.18,-5.46,-5.46,0.06,0.01,-0.11,333,313,316,353,356
1.69,-4.16,-4.16,-0.12,-0.14,0.17,356,339,357,392,361
0.98,-3.37,-3.37,0.62,-0.06,-0.26,435,399,427,454,367
1.41,-5.94,-5.94,-0.20,-0.11,-0.06,459,419,452,478,371
0.99,-4.49,-4.49,-0.26,0.01,0.08,434,401,432,456,370
0.98,-3.65,-3.65,0.13,0.22,0.00,361,336,361,387,364
1.71,-5.21,-5.21,0.24,0.09,-0.24,339,313,322,356,359
1.87,-4.62,-4.62,-0.07,-0.04,-0.08,337,313,317,354,357
2.32,-4.97,-4.97,0.00,0.03,0.27,350,331,342,381,361
0.47,-5.50,-5.50,0.48,-0.17,-0.06,433,392,417,445,364
2.32,-6.86,-6.86,-0.05,-0.08,-0.13,454,412,443,473,368
0.83,-4.49,-4.49,-0.32,0.00,0.09,428,394,425,455,369
0.72,-3.50,-3.50,0.09,0.23,0.10,357,333,357,386,364
1.69,-5.70,-5.70,0.10,0.06,-0.22,338,313,320,355,358
1.73,-4.69,-4.69,-0.04,-0.01,-0.07,335,313,318,354,356
3.18,-6.70,-6.70,-0.06,0.05,0.16,361,342,357,389,359
1.13,-3.50,-3.50,0.04,-0.15,0.07,433,402,434,457,366
1.90,-5.41,-5.41,0.04,-0.02,-0.17,453,419,454,475,370
0.78,-3.96,-3.96,-0.20,0.01,0.04,423,397,427,447,369
END
1.35,-3.65,-3.65,0.42,0.25,0.07,379,411,442,455,368
1.77,-4.47,-4.47,-0.23,0.06,0.13,349,373,404,417,367
2.51,-4.90,-4.90,0.64,0.40,0.11,334,319,332,364,356
2.43,-6.08,-6.08,0.26,0.13,-0.07,329,312,312,355,347
2.51,-6.15,-6.15,0.14,0.07,-0.11,327,310,307,351,344
2.60,-6.65,-6.65,-0.36,-0.16,0.01,327,312,318,359,345
3.07,-7.27,-7.27,-0.44,-0.21,-0.16,340,358,392,426,353
2.21,-2.86,-2.86,0.16,-0.06,-0.01,372,398,439,467,359
1.63,-5.22,-5.22,-0.00,-0.02,-0.05,370,395,436,463,359
1.83,-4.19,-4.19,0.11,0.15,0.08,343,341,371,400,355
2.00,-4.71,-4.71,0.39,0.20,0.07,336,316,323,359,350
2.03,-5.77,-5.77,0.10,0.05,-0.07,331,310,310,355,348
2.35,-5.58,-5.58,-0.11,-0.11,-0.06,330,312,314,356,348
1.26,-1.53,-1.53,-0.02,-0.45,-0.21,349,361,386,415,357
1.87,-5.11,-5.11,0.35,0.03,-0.33,384,414,448,475,360
2.31,-5.83,-5.83,0.04,0.01,-0.05,392,421,459,486,362
1.74,-5.09,-5.09,-0.19,0.01,0.01,360,379,418,443,359
1.92,-5.45,-5.45,0.24,0.25,0.21,336,319,334,367,352
2.14,-5.79,-5.79,0.02,0.06,-0.00,332,313,314,357,348
2.55,-6.44,-6.44,-0.02,0.01,-0.06,329,310,311,354,347
1.85,-3.72,-3.72,-0.17,-0.23,-0.13,336,327,346,384,351
1.09,-4.27,-4.27,0.30,-0.10,-0.19,380,396,439,468,359
2.33,-6.20,-6.20,-0.18,-0.08,-0.02,404,422,468,497,363
1.81,-5.25,-5.25,-0.10,0.01,-0.01,393,414,460,487,363
1.59,-4.14,-4.14,-0.07,0.11,0.00,356,360,396,415,356
2.81,-5.92,-5.92,0.45,0.25,-0.00,337,317,330,361,350
2.00,-5.42,-5.42,0.03,0.00,-0.01,336,313,317,357,349
2.27,-5.71,-5.71,-0.09,-0.10,-0.10,335,315,320,358,349
1.80,-3.41,-3.41,-0.19,-0.31,-0.01,354,362,386,403,355
2.13,-4.87,-4.87,-0.10,-0.20,-0.35,411,411,441,469,361
1.42,-4.74,-4.74,-0.16,0.01,0.01,420,418,451,483,362
1.89,-4.44,-4.44,-0.14,0.10,0.10,381,383,417,441,359
1.85,-4.99,-4.99,0.54,0.35,0.02,340,322,335,364,353
1.71,-5.24,-5.24,0.14,0.07,-0.06,335,315,317,356,351
2.55,-6.20,-6.20,0.05,0.05,-0.07,333,313,314,354,350
END
2.40,-3.54,-3.54,-0.16,-0.23,-0.21,333,312,313,353,347
1.72,-3.81,-3.81,-0.24,-0.31,-0.33,338,333,349,389,350
2.99,-5.09,-5.09,0.07,-0.23,-0.08,409,402,433,460,358
1.95,-6.71,-6.71,-0.05,0.00,-0.09,443,429,464,492,360
1.62,-4.96,-4.96,-0.20,-0.01,0.05,423,417,453,480,360
1.43,-3.47,-3.47,0.06,0.19,-0.09,349,347,378,404,355
2.94,-6.62,-6.62,0.43,0.28,0.02,335,315,324,360,350
2.09,-4.92,-4.92,0.05,0.01,-0.04,333,313,317,356,349
2.70,-6.52,-6.52,-0.04,-0.07,-0.07,333,314,321,357,349
2.15,-5.02,-5.02,-0.06,-0.23,-0.14,355,368,399,412,352
2.97,-6.42,-6.42,-0.19,-0.10,-0.08,415,419,455,467,355
2.32,-5.44,-5.44,0.10,-0.01,-0.29,437,431,467,482,359
1.44,-4.59,-4.59,-0.18,-0.01,0.14,400,404,439,452,358
2.45,-4.74,-4.74,0.24,0.24,0.17,349,327,348,375,354
2.20,-6.42,-6.42,0.17,0.11,-0.01,338,314,321,358,351
2.40,-5.67,-5.67,0.13,0.04,-0.05,335,313,316,356,350
3.60,-3.41,-3.41,0.01,-0.25,-0.20,341,339,355,389,353
2.44,-5.45,-5.45,-0.02,-0.16,-0.18,397,398,431,461,357
2.17,-4.60,-4.60,-0.26,-0.22,-0.10,428,422,457,488,359
1.34,-4.24,-4.24,-0.01,0.08,0.11,399,401,437,465,358
1.73,-5.18,-5.18,0.20,0.30,0.17,347,337,362,389,353
2.94,-6.08,-6.08,0.27,0.19,0.03,340,315,322,357,350
2.11,-4.99,-4.99,0.06,0.05,-0.05,336,313,315,354,348
2.58,-5.44,-5.44,-0.15,-0.20,-0.09,336,318,323,361,350
0.77,-2.80,-2.80,-0.03,-0.32,0.04,362,369,395,420,354
2.21,-4.80,-4.80,0.10,-0.13,-0.25,391,401,434,467,358
1.38,-4.62,-4.62,0.04,0.06,-0.02,383,395,430,463,358
1.66,-4.49,-4.49,0.02,0.13,0.09,344,340,367,394,354
2.29,-7.25,-7.25,0.53,0.35,0.05,337,314,321,355,349
2.43,-5.54,-5.54,0.06,0.06,0.01,333,312,312,352,348
2.73,-6.36,-6.36,-0.10,-0.07,-0.07,332,312,314,353,348
2.15,-3.86,-3.86,-0.35,-0.28,0.03,345,355,381,403,353
1.56,-4.25,-4.25,0.06,-0.12,-0.16,401,406,443,462,360
1.32,-4.57,-4.57,-0.17,-0.06,0.00,405,410,448,466,360
1.42,-3.74,-3.74,-0.02,0.14,0.09,365,369,404,419,357
END
2.45,-5.66,-5.66,0.56,0.32,-0.04,413,420,454,470,361
1.07,-3.60,-3.60,-0.13,0.01,0.05,387,399,432,447,360
2.38,-4.52,-4.52,0.68,0.31,-0.11,341,331,349,377,355
2.85,-6.53,-6.53,0.32,0.17,-0.04,335,315,319,358,350
2.64,-5.92,-5.92,0.07,0.05,-0.01,331,312,311,355,349
2.13,-4.47,-4.47,-0.31,-0.24,-0.01,332,322,332,365,351
2.54,-5.94,-5.94,-0.44,-0.27,0.02,361,375,405,417,356
1.44,-4.24,-4.24,-0.17,-0.13,-0.03,389,408,443,456,360
1.46,-3.91,-3.91,0.02,0.06,-0.02,382,404,439,453,360
1.69,-3.65,-3.65,0.23,0.16,0.03,348,353,382,399,356
2.35,-5.71,-5.71,0.53,0.25,-0.03,337,317,326,358,351
2.37,-5.28,-5.28,0.14,0.06,-0.09,334,313,316,353,349
2.17,-5.39,-5.39,-0.20,-0.16,0.04,335,320,330,364,350
2.81,-6.22,-6.22,-0.16,-0.18,-0.11,373,372,399,419,354
2.24,-5.47,-5.47,-0.05,-0.05,-0.07,400,395,427,447,357
1.72,-4.87,-4.87,-0.02,0.03,-0.03,389,386,420,440,356
1.79,-4.00,-4.00,0.06,0.12,0.04,349,342,369,390,353
2.32,-6.14,-6.14,0.52,0.26,0.04,338,316,324,355,349
2.61,-6.13,-6.13,0.07,0.04,-0.04,334,313,316,350,347
1.39,-4.40,-4.40,-0.24,-0.16,-0.06,336,324,339,367,349
2.81,-5.64,-5.64,-0.34,-0.25,-0.09,381,377,406,420,355
1.61,-4.16,-4.16,-0.30,-0.21,-0.03,415,405,440,456,361
1.28,-4.03,-4.03,0.08,0.04,-0.02,405,398,433,450,360
1.34,-3.73,-3.73,0.11,0.11,0.08,360,351,379,398,356
2.34,-5.60,-5.60,0.40,0.22,0.06,342,318,329,359,350
2.24,-4.96,-4.96,0.11,0.08,-0.08,337,314,321,353,348
1.97,-5.67,-5.67,-0.11,-0.12,-0.06,337,322,334,365,349
2.06,-5.58,-5.58,-0.15,-0.15,-0.11,375,372,403,423,352
2.38,-4.62,-4.62,0.02,0.01,-0.07,379,374,405,427,354
1.59,-4.31,-4.31,0.14,0.18,0.04,343,333,356,380,350
2.49,-6.34,-6.34,0.35,0.14,-0.01,336,316,322,357,347
2.68,-6.17,-6.17,0.20,0.07,-0.04,331,312,313,353,346
2.03,-5.15,-5.15,0.00,-0.03,-0.02,330,312,315,354,346
2.35,-5.69,-5.69,-0.27,-0.20,-0.18,332,324,338,376,350
2.03,-5.43,-5.43,-0.13,-0.14,-0.05,346,357,388,419,356
END
2.32,-5.32,-5.32,-0.04,-0.01,-0.10,427,405,437,456,361
1.48,-4.48,-4.48,-0.03,0.06,0.01,409,390,422,441,359
1.73,-3.85,-3.85,0.09,0.20,0.01,353,335,360,384,355
2.48,-5.18,-5.18,0.17,0.08,-0.07,333,313,322,355,351
2.20,-4.65,-4.65,0.05,0.01,-0.03,328,312,318,352,350
2.19,-5.15,-5.15,-0.08,-0.10,-0.06,335,319,329,360,351
1.66,-4.54,-4.54,-0.07,-0.20,0.03,387,371,393,415,355
2.08,-4.87,-4.87,-0.26,-0.18,-0.09,419,400,430,450,360
0.69,-3.60,-3.60,-0.10,0.10,0.06,404,388,418,439,359
1.83,-4.33,-4.33,0.11,0.28,0.00,352,335,361,386,355
3.35,-5.46,-5.46,0.36,0.21,-0.06,332,314,323,356,350
2.71,-5.02,-5.02,0.01,-0.04,-0.06,327,312,316,352,349
2.30,-5.30,-5.30,-0.01,-0.08,-0.05,330,314,323,355,349
2.43,-4.77,-4.77,-0.24,-0.39,0.05,377,362,387,413,356
1.19,-4.24,-4.24,-0.72,-0.50,-0.12,420,395,428,451,363
1.18,-3.13,-3.13,0.05,0.14,-0.05,411,389,423,446,363
1.44,-2.99,-2.99,0.37,0.30,0.04,361,342,367,392,359
2.95,-5.53,-5.53,0.61,0.30,-0.14,335,315,324,356,353
2.56,-5.08,-5.08,0.35,0.18,-0.02,328,312,314,352,350
3.25,-5.92,-5.92,-0.04,-0.04,0.04,329,313,321,356,349
2.86,-5.84,-5.84,-0.12,-0.05,0.04,350,343,376,408,351
2.50,-4.54,-4.54,-0.16,-0.17,-0.08,391,384,424,451,357
1.50,-4.40,-4.40,0.03,-0.01,-0.09,397,391,431,456,358
1.28,-3.78,-3.78,0.15,0.10,-0.06,373,367,401,422,355
2.40,-4.91,-4.91,0.61,0.30,-0.13,339,323,338,366,350
3.05,-6.40,-6.40,0.21,0.10,-0.05,330,314,317,354,347
2.56,-5.80,-5.80,0.10,-0.00,-0.07,328,312,314,353,347
2.46,-4.64,-4.64,-0.09,-0.18,-0.24,345,331,341,377,349
2.21,-4.36,-4.36,-0.05,-0.15,0.02,398,376,400,432,355
2.33,-5.30,-5.30,0.11,0.05,-0.10,412,394,429,460,356
2.15,-4.64,-4.64,-0.21,0.01,0.06,388,375,411,440,355
2.28,-4.38,-4.38,0.26,0.19,0.11,346,327,348,378,351
3.04,-5.54,-5.54,0.25,0.11,0.03,334,315,321,356,348
3.07,-5.71,-5.71,0.02,0.00,-0.04,330,312,314,352,347
1.74,-4.17,-4.17,-0.28,-0.21,-0.00,337,321,331,369,350
END
2.23,-4.78,-4.78,-0.25,-0.29,0.01,341,320,332,363,352
2.62,-5.54,-5.54,0.18,0.08,-0.10,334,314,316,355,350
2.35,-5.46,-5.46,0.05,-0.00,-0.07,330,312,311,352,348
2.35,-5.49,-5.49,-0.18,-0.07,-0.00,335,316,323,358,349
1.52,-3.37,-3.37,-0.14,-0.22,-0.02,376,360,382,410,353
2.55,-5.66,-5.66,-0.34,-0.26,0.07,412,390,419,444,357
1.60,-4.11,-4.11,-0.12,-0.07,-0.05,408,387,417,443,358
1.44,-3.80,-3.80,0.00,0.12,0.02,371,354,379,407,356
2.67,-5.33,-5.33,0.51,0.29,-0.12,340,318,330,364,352
2.20,-5.12,-5.12,0.27,0.14,-0.03,331,313,315,355,349
2.73,-5.95,-5.95,0.03,0.00,-0.08,328,311,311,352,348
1.48,-3.18,-3.18,-0.15,-0.10,-0.10,339,324,337,373,350
2.24,-5.32,-5.32,-0.51,-0.39,0.04,392,387,420,437,355
1.44,-4.16,-4.16,-0.07,-0.12,-0.02,421,410,444,464,359
1.33,-4.11,-4.11,-0.19,-0.01,0.06,397,391,424,440,358
2.05,-4.43,-4.43,0.40,0.23,-0.08,348,332,351,376,354
2.60,-3.95,-3.95,0.30,0.14,-0.12,337,314,319,354,351
2.62,-5.56,-5.56,0.00,-0.03,-0.13,332,312,313,351,350
2.08,-2.97,-2.97,-0.20,-0.09,0.18,347,329,344,375,352
1.41,-3.96,-3.96,-0.16,-0.28,0.05,414,383,411,434,357
2.04,-5.17,-5.17,-0.16,-0.04,-0.05,423,395,427,451,358
1.49,-3.37,-3.37,0.00,0.09,-0.05,384,362,391,416,356
2.03,-5.02,-5.02,0.59,0.32,-0.29,337,314,322,356,352
1.97,-3.96,-3.96,0.08,0.03,-0.11,331,312,312,351,349
3.12,-6.43,-6.43,0.01,-0.03,-0.12,329,311,311,350,349
2.15,-3.59,-3.59,-0.28,-0.24,0.08,367,346,362,396,358
1.12,-2.04,-2.04,-0.14,-0.33,0.03,433,401,427,455,369
1.51,-4.01,-4.01,0.24,0.10,-0.01,436,407,436,461,370
1.23,-3.48,-3.48,-0.04,0.19,0.12,393,373,401,425,366
1.86,-4.14,-4.14,0.57,0.26,-0.19,339,318,332,365,357
2.23,-4.54,-4.54,0.24,0.15,-0.07,332,312,315,352,352
2.89,-6.09,-6.09,0.03,0.01,-0.14,328,310,310,349,350
1.23,-3.22,-3.22,-0.22,-0.10,0.17,340,326,342,377,353
2.95,-6.21,-6.21,-0.39,-0.24,-0.05,379,367,403,430,359
1.47,-3.05,-3.05,0.03,-0.05,-0.07,426,400,440,467,363
END
1.59,-3.32,-3.32,0.01,0.06,-0.00,414,410,436,423,355
1.41,-4.24,-4.24,-0.02,0.02,-0.03,397,397,424,413,355
2.08,-4.32,-4.32,0.18,0.18,-0.02,353,346,372,377,352
2.40,-4.47,-4.47,0.17,0.09,-0.07,338,320,333,359,350
2.25,-4.52,-4.52,0.02,-0.00,-0.03,333,316,323,354,348
2.63,-5.55,-5.55,0.10,0.04,-0.05,333,317,325,354,348
2.61,-5.41,-5.41,-0.23,-0.13,0.01,359,357,379,391,350
1.77,-3.66,-3.66,-0.10,-0.18,-0.02,412,402,435,435,354
1.62,-4.24,-4.24,-0.04,-0.02,-0.01,420,410,443,444,355
1.63,-3.53,-3.53,-0.02,0.07,-0.02,382,375,406,409,353
2.41,-4.97,-4.97,0.51,0.24,-0.14,342,323,336,360,350
2.25,-4.07,-4.07,0.08,0.04,-0.04,335,315,320,353,349
2.66,-5.76,-5.76,0.09,0.02,-0.06,332,313,315,351,348
2.33,-3.32,-3.32,-0.21,-0.21,0.02,354,339,354,378,351
1.99,-4.64,-4.64,0.02,-0.12,-0.08,415,396,426,437,355
1.93,-4.95,-4.95,-0.14,-0.08,-0.04,436,415,449,461,357
1.84,-3.92,-3.92,-0.15,0.01,0.01,405,393,427,436,356
1.77,-3.93,-3.93,0.33,0.25,-0.07,349,332,357,376,352
2.73,-5.64,-5.64,0.23,0.10,-0.13,338,315,322,353,349
2.07,-4.62,-4.62,0.02,-0.02,-0.09,331,312,314,351,349
2.93,-5.74,-5.74,-0.12,-0.08,0.02,336,318,326,355,350
2.09,-4.90,-4.90,-0.24,-0.21,0.08,382,368,398,410,354
1.59,-3.38,-3.38,0.06,-0.12,-0.02,408,395,430,441,356
1.49,-3.91,-3.91,-0.00,0.03,-0.05,393,383,416,425,355
1.32,-3.93,-3.93,0.39,0.30,-0.10,347,332,353,371,351
3.00,-5.68,-5.68,0.30,0.12,-0.23,332,314,320,352,348
2.48,-4.74,-4.74,0.13,0.04,-0.09,328,311,311,348,347
2.68,-4.87,-4.87,-0.18,-0.12,0.26,332,316,320,353,348
3.01,-7.72,-7.72,-0.16,-0.10,0.14,378,370,400,413,351
2.56,-4.34,-4.34,-0.08,0.00,-0.11,420,407,445,457,355
2.05,-4.16,-4.16,-0.11,-0.02,-0.03,413,400,436,446,355
1.43,-3.04,-3.04,0.11,0.14,0.05,363,350,374,386,351
2.99,-7.34,-7.34,0.63,0.27,-0.15,338,315,319,351,347
2.28,-5.50,-5.50,0.03,0.03,-0.11,336,313,314,348,346
2.67,-5.33,-5.33,-0.29,-0.19,0.12,346,324,335,362,348
END
0.67,-2.10,-2.10,-0.03,-0.32,0.00,335,312,313,350,345
2.40,-5.18,-5.18,-0.25,-0.16,0.03,337,318,326,357,346
1.52,-4.21,-4.21,-0.52,-0.50,0.00,400,384,411,425,356
2.01,-4.79,-4.79,0.00,-0.13,-0.09,423,424,451,471,361
1.46,-4.34,-4.34,0.20,0.10,0.00,419,423,452,473,362
1.72,-4.11,-4.11,-0.10,0.15,0.02,372,377,405,421,358
2.10,-4.68,-4.68,0.64,0.38,-0.01,337,321,334,361,351
2.73,-6.09,-6.09,0.08,0.08,0.02,335,314,321,353,348
2.81,-6.54,-6.54,-0.05,-0.05,-0.06,335,317,324,356,348
1.41,-1.67,-1.67,-0.29,-0.40,0.09,388,378,402,419,354
1.79,-4.16,-4.16,0.02,-0.16,-0.13,422,413,442,460,358
1.58,-4.80,-4.80,-0.12,0.03,-0.02,409,407,438,456,358
1.53,-3.74,-3.74,0.00,0.16,-0.02,360,354,382,401,354
2.28,-4.90,-4.90,0.34,0.17,-0.06,339,317,327,357,350
2.76,-5.46,-5.46,0.12,0.07,-0.09,335,313,317,352,347
2.63,-5.38,-5.38,-0.01,-0.03,0.03,337,315,322,354,348
2.73,-5.08,-5.08,-0.46,-0.40,0.12,386,371,395,410,353
1.92,-4.69,-4.69,-0.06,-0.14,-0.02,432,415,446,461,359
1.44,-4.52,-4.52,0.14,0.04,-0.06,434,418,449,466,359
1.74,-3.96,-3.96,-0.10,0.08,0.01,389,378,408,422,357
2.46,-5.78,-5.78,0.63,0.34,-0.13,339,318,328,358,351
1.69,-5.02,-5.02,0.17,0.09,-0.01,335,312,314,351,348
3.17,-6.47,-6.47,-0.06,-0.04,-0.09,333,311,312,349,347
1.51,-2.20,-2.20,-0.28,-0.36,0.12,372,349,369,390,353
1.34,-4.57,-4.57,-0.06,-0.26,-0.08,435,408,437,450,360
1.67,-4.66,-4.66,-0.11,-0.02,-0.07,453,422,452,468,362
1.34,-3.99,-3.99,-0.16,0.07,0.04,419,398,429,441,360
1.74,-3.60,-3.60,0.37,0.32,-0.03,351,333,356,376,354
2.58,-6.12,-6.12,0.39,0.18,-0.15,337,313,319,351,349
2.43,-7.07,-7.07,0.02,-0.02,-0.09,332,312,314,348,347
2.36,-4.27,-4.27,-0.29,-0.19,0.18,350,327,342,369,351
1.49,-4.09,-4.09,0.27,-0.33,-0.22,436,390,411,428,359
2.28,-6.11,-6.11,-0.26,-0.15,-0.08,460,412,438,453,364
1.21,-3.68,-3.68,-0.13,0.05,0.05,442,399,425,437,363
1.24,-3.41,-3.41,0.01,0.31,0.05,362,335,359,377,356
END
3.30,-6.28,-6.28,0.27,0.14,-0.12,334,313,318,352,351
2.24,-5.05,-5.05,0.06,0.02,-0.09,329,310,309,348,349
2.01,-5.06,-5.06,-0.15,-0.11,0.11,332,313,321,354,350
1.31,-3.05,-3.05,0.11,-0.31,-0.27,389,367,398,426,359
2.17,-5.88,-5.88,-0.22,-0.23,0.07,442,415,453,478,369
2.19,-4.26,-4.26,0.06,0.06,-0.12,439,413,450,475,370
1.83,-4.03,-4.03,-0.09,0.08,-0.01,385,365,400,423,365
2.14,-5.21,-5.21,0.60,0.33,0.08,338,315,326,359,355
2.52,-5.50,-5.50,0.07,0.04,-0.07,331,311,313,350,351
3.06,-6.98,-6.98,-0.04,-0.03,-0.02,331,311,315,349,350
1.83,-3.19,-3.19,-0.04,-0.33,-0.14,385,360,385,406,357
1.55,-4.90,-4.90,-0.13,-0.21,-0.15,442,410,444,463,363
1.39,-4.56,-4.56,-0.02,-0.01,-0.05,445,416,450,469,365
1.55,-4.22,-4.22,-0.20,0.07,0.02,394,374,408,422,362
2.65,-5.64,-5.64,0.53,0.31,-0.07,340,317,330,359,355
2.78,-5.84,-5.84,0.15,0.10,-0.08,334,312,316,351,351
2.61,-6.26,-6.26,-0.03,-0.01,-0.05,331,312,316,350,351
1.31,-2.45,-2.45,-0.05,-0.32,-0.11,374,357,378,402,356
1.26,-4.31,-4.31,-0.06,-0.30,-0.08,416,404,436,455,361
2.03,-4.82,-4.82,-0.04,0.01,-0.11,420,409,442,461,362
1.31,-3.45,-3.45,-0.08,0.06,0.06,385,376,408,427,360
1.88,-4.67,-4.67,0.54,0.36,0.13,339,321,336,366,354
2.82,-6.27,-6.27,0.17,0.10,0.00,333,314,317,352,350
2.67,-5.86,-5.86,0.03,0.03,-0.10,331,312,315,350,350
2.20,-4.21,-4.21,-0.18,-0.20,-0.10,353,344,366,395,356
1.42,-4.07,-4.07,0.11,-0.11,-0.20,416,396,433,453,362
2.00,-4.80,-4.80,-0.38,-0.13,-0.10,433,412,449,468,366
2.10,-3.44,-3.44,-0.15,0.04,0.07,409,393,430,446,364
2.40,-3.97,-3.97,0.44,0.27,0.03,355,335,359,384,358
2.91,-6.37,-6.37,0.40,0.13,-0.04,337,314,320,353,352
2.12,-5.19,-5.19,0.01,-0.02,-0.11,331,312,315,350,351
2.59,-2.74,-2.74,-0.25,-0.22,0.05,354,340,359,393,356
1.69,-5.81,-5.81,-0.21,-0.17,0.10,414,394,431,453,363
1.98,-4.31,-4.31,-0.15,-0.08,-0.07,432,412,451,475,367
1.14,-3.40,-3.40,-0.07,0.05,0.01,411,396,434,455,366
END
2.33,-4.20,-4.20,0.32,0.26,-0.08,382,359,387,402,365
2.44,-6.05,-6.05,0.56,0.15,0.08,340,316,324,355,356
1.57,-5.89,-5.89,-0.00,-0.06,-0.05,336,315,321,352,353
1.42,-3.64,-3.64,-0.28,-0.23,0.11,358,342,361,380,357
1.33,-4.13,-4.13,-0.02,-0.36,0.10,438,408,442,453,369
1.24,-5.03,-5.03,-0.26,-0.23,0.05,462,427,463,475,373
0.60,-4.32,-4.32,-0.16,-0.06,0.08,439,410,442,450,370
0.47,-3.47,-3.47,0.25,0.16,0.11,364,341,361,378,364
1.56,-5.80,-5.80,0.30,0.12,-0.12,339,315,322,353,358
1.66,-6.13,-6.13,-0.07,-0.09,-0.15,338,317,324,353,357
0.52,-2.89,-2.89,-0.02,-0.34,0.06,391,367,387,410,363
0.65,-4.59,-4.59,-0.01,-0.15,-0.25,444,415,447,466,369
0.39,-4.10,-4.10,-0.15,-0.06,0.05,439,413,447,465,370
0.39,-3.90,-3.90,-0.05,0.23,-0.02,363,346,374,390,363
1.27,-5.28,-5.28,0.55,0.26,-0.01,338,314,321,352,354
1.27,-5.84,-5.84,0.22,0.06,-0.06,332,312,315,349,352
0.80,-3.53,-3.53,-0.03,-0.22,-0.19,357,339,354,383,360
1.74,-5.92,-5.92,-0.09,-0.09,-0.04,442,409,438,456,369
1.12,-5.17,-5.17,-0.12,-0.13,-0.03,470,426,455,470,374
0.31,-3.98,-3.98,-0.08,0.11,0.17,438,404,431,440,372
0.08,-4.31,-4.31,0.21,0.28,0.15,361,335,358,376,363
1.67,-6.73,-6.73,0.37,0.20,-0.12,337,314,320,352,355
1.56,-5.98,-5.98,-0.06,-0.07,-0.03,334,315,321,354,355
1.42,-4.59,-4.59,-0.47,-0.27,0.11,376,359,389,413,362
-0.72,-1.56,-1.56,0.40,-0.20,-0.26,463,425,459,478,370
0.52,-4.66,-4.66,-0.06,-0.01,0.02,464,428,462,479,372
1.03,-3.78,-3.78,-0.18,0.09,0.05,411,387,418,427,368
1.02,-4.58,-4.58,0.50,0.33,-0.21,341,319,330,357,360
1.03,-5.08,-5.08,0.05,-0.06,-0.03,334,314,318,350,357
1.20,-4.76,-4.76,-0.22,-0.22,-0.09,345,327,339,366,360
-0.06,-2.87,-2.87,-0.01,-0.39,-0.14,432,403,426,449,368
0.55,-5.56,-5.56,-0.16,-0.11,-0.24,470,436,469,491,374
-0.17,-3.62,-3.62,-0.07,0.09,0.11,458,430,463,483,373
0.62,-3.76,-3.76,-0.12,0.16,0.13,401,385,421,431,367
0.98,-4.75,-4.75,0.52,0.33,-0.15,341,323,341,363,359
END
1.44,-5.37,-5.37,0.12,0.06,-0.05,339,315,320,353,359
2.35,-5.76,-5.76,0.23,0.10,-0.13,334,310,309,350,356
1.05,-3.85,-3.85,-0.25,-0.17,0.04,337,317,326,357,357
0.71,-2.45,-2.45,-0.11,-0.26,0.15,396,370,405,425,365
1.29,-4.54,-4.54,-0.11,-0.13,-0.06,433,406,444,470,368
0.69,-3.88,-3.88,0.02,0.01,-0.01,425,400,437,461,367
0.76,-3.57,-3.57,0.08,0.13,-0.02,372,350,378,404,364
1.74,-5.13,-5.13,0.46,0.26,-0.03,340,316,322,358,358
1.74,-5.09,-5.09,0.04,-0.02,-0.07,335,313,315,355,355
1.55,-4.69,-4.69,-0.19,-0.17,-0.09,340,322,330,366,356
0.47,-3.38,-3.38,-0.35,-0.31,0.08,399,383,412,435,363
1.33,-3.65,-3.65,0.07,-0.04,-0.05,425,409,443,468,367
1.03,-4.37,-4.37,-0.18,-0.07,0.02,410,398,432,456,367
0.83,-3.22,-3.22,-0.05,0.16,-0.02,354,338,362,391,363
1.29,-4.52,-4.52,0.39,0.20,-0.05,336,315,319,354,357
2.51,-5.70,-5.70,0.14,0.03,-0.17,330,310,310,349,355
0.98,-3.14,-3.14,-0.20,-0.12,0.15,334,318,326,360,357
2.26,-5.95,-5.95,-0.39,-0.27,0.08,374,362,388,409,365
1.14,-3.25,-3.25,0.05,-0.06,-0.06,408,396,428,449,371
0.89,-3.71,-3.71,0.05,-0.00,-0.02,407,395,429,451,371
0.32,-3.17,-3.17,0.08,0.14,0.01,368,355,385,405,367
1.30,-4.62,-4.62,0.54,0.23,-0.19,335,316,327,357,360
1.64,-4.72,-4.72,0.16,0.04,-0.07,330,312,315,351,356
1.62,-4.97,-4.97,-0.06,-0.06,0.12,332,315,321,355,356
1.36,-3.98,-3.98,-0.22,-0.21,0.12,360,352,376,398,360
0.80,-3.75,-3.75,0.09,-0.16,-0.05,405,391,424,442,365
0.55,-3.93,-3.93,-0.01,-0.04,-0.03,405,392,424,444,366
0.38,-2.95,-2.95,0.14,0.11,-0.01,367,351,375,399,363
1.36,-5.33,-5.33,0.50,0.24,-0.12,337,318,325,358,358
1.54,-5.00,-5.00,0.01,-0.00,-0.09,332,315,319,354,355
1.14,-4.01,-4.01,-0.23,-0.18,-0.04,339,330,340,374,358
1.39,-5.76,-5.76,-0.44,-0.24,0.05,393,386,419,441,367
0.41,-3.49,-3.49,0.12,-0.04,-0.11,425,415,452,476,371
0.40,-3.83,-3.83,0.07,0.00,-0.04,418,411,447,470,371
0.56,-3.64,-3.64,0.02,0.10,-0.05,374,367,397,419,366
END
1.07,-4.26,-4.26,0.53,0.29,-0.07,337,316,325,357,355
1.64,-4.85,-4.85,0.03,0.00,-0.11,334,314,318,353,353
1.72,-4.40,-4.40,-0.13,-0.08,0.00,336,323,333,363,354
1.62,-5.08,-5.08,-0.19,-0.09,-0.17,361,368,395,413,358
1.74,-3.88,-3.88,-0.03,-0.02,-0.29,378,398,431,450,361
0.45,-3.33,-3.33,-0.09,0.02,0.08,361,378,410,429,359
2.07,-5.16,-5.16,0.60,0.29,-0.23,334,322,336,364,356
1.62,-4.49,-4.49,0.17,0.06,0.01,331,314,317,353,353
2.04,-5.77,-5.77,-0.01,-0.04,-0.07,329,312,313,350,352
1.34,-4.48,-4.48,-0.17,-0.17,0.08,350,345,362,386,357
1.23,-4.44,-4.44,-0.39,-0.36,-0.02,409,405,439,447,366
0.32,-2.99,-2.99,-0.08,-0.06,-0.04,419,416,448,459,369
0.58,-2.99,-2.99,0.04,0.09,0.06,385,388,418,424,366
1.01,-3.80,-3.80,0.65,0.35,-0.10,345,329,346,368,360
1.18,-4.27,-4.27,0.28,0.17,-0.09,336,316,321,352,355
2.11,-4.88,-4.88,0.21,0.08,-0.09,332,312,312,349,353
1.40,-4.98,-4.98,-0.21,-0.16,0.13,335,320,329,360,355
1.37,-4.21,-4.21,-0.30,-0.23,0.16,385,382,417,426,360
1.67,-3.14,-3.14,-0.18,-0.08,-0.07,417,413,451,463,365
0.59,-2.53,-2.53,-0.05,0.04,0.01,390,390,429,439,363
1.10,-3.49,-3.49,0.46,0.21,-0.12,344,329,352,378,359
2.38,-5.96,-5.96,0.19,0.11,-0.08,337,314,319,352,355
1.51,-4.55,-4.55,0.10,-0.00,-0.04,334,312,315,351,353
1.18,-3.43,-3.43,-0.24,-0.13,0.20,340,329,344,377,355
-0.13,-1.08,-1.08,0.16,-0.09,-0.20,389,393,422,435,361
0.85,-4.36,-4.36,-0.06,-0.07,-0.02,405,413,445,457,365
0.78,-3.35,-3.35,-0.12,0.01,0.02,383,392,425,436,364
1.04,-3.68,-3.68,0.59,0.28,-0.12,343,331,351,375,359
1.92,-5.55,-5.55,0.25,0.10,-0.08,338,315,320,353,355
1.81,-5.27,-5.27,0.06,-0.01,-0.15,334,312,313,350,354
0.97,-3.94,-3.94,-0.29,-0.22,0.12,343,326,337,372,357
2.38,-4.94,-4.94,-0.37,-0.31,-0.06,396,382,410,432,366
0.71,-3.66,-3.66,0.06,-0.08,-0.00,430,407,443,463,368
0.52,-3.30,-3.30,-0.03,0.02,0.04,412,395,429,448,367
0.38,-3.12,-3.12,0.30,0.29,-0.02,358,339,359,383,362
END
1.58,-5.23,-5.23,0.52,0.25,-0.17,346,317,328,361,351
1.55,-4.88,-4.88,0.01,-0.00,-0.02,339,314,320,355,349
2.16,-6.09,-6.09,-0.23,-0.14,-0.12,342,323,337,374,350
2.13,-5.30,-5.30,-0.35,-0.23,0.02,398,383,414,436,356
0.98,-3.71,-3.71,0.09,-0.08,-0.15,432,406,439,461,361
0.75,-4.29,-4.29,-0.08,-0.02,-0.01,416,394,425,445,360
0.80,-2.88,-2.88,0.13,0.19,0.01,358,337,358,384,355
2.56,-6.42,-6.42,0.29,0.14,-0.05,341,314,321,356,350
1.51,-5.33,-5.33,0.01,-0.01,-0.06,338,313,318,354,349
1.52,-4.76,-4.76,-0.21,-0.22,-0.08,350,335,351,379,351
1.97,-5.42,-5.42,0.26,-0.11,-0.08,414,392,421,439,358
1.60,-5.69,-5.69,-0.06,-0.01,-0.07,433,410,444,465,359
1.20,-3.90,-3.90,-0.06,0.05,-0.01,411,394,430,450,357
1.19,-4.11,-4.11,0.31,0.18,-0.07,353,331,354,383,352
2.10,-7.47,-7.47,0.29,0.22,0.10,340,314,321,355,347
2.15,-5.43,-5.43,-0.03,-0.02,-0.03,337,314,320,355,347
1.39,-4.29,-4.29,-0.25,-0.31,-0.14,355,347,365,392,352
0.75,-3.41,-3.41,0.34,-0.11,-0.32,418,407,427,451,357
1.98,-6.07,-6.07,-0.11,-0.06,0.02,423,418,445,468,359
1.13,-5.23,-5.23,-0.19,0.06,-0.00,390,393,424,445,357
1.53,-3.98,-3.98,0.12,0.31,0.11,346,331,356,382,350
2.00,-6.03,-6.03,0.33,0.18,0.07,338,314,324,357,347
2.20,-5.65,-5.65,-0.02,-0.02,-0.03,335,314,320,355,346
0.83,-4.03,-4.03,-0.60,-0.29,-0.11,354,347,374,410,349
1.62,-4.16,-4.16,-0.24,-0.17,0.02,409,400,439,467,359
1.63,-4.69,-4.69,-0.07,-0.06,-0.06,422,411,451,478,362
1.12,-4.01,-4.01,-0.01,0.03,-0.03,398,391,429,453,359
1.67,-4.24,-4.24,0.50,0.25,0.01,347,332,355,386,352
2.09,-6.14,-6.14,0.34,0.12,0.00,338,315,323,359,349
1.81,-5.96,-5.96,0.04,-0.03,-0.03,335,315,322,358,348
2.32,-4.65,-4.65,-0.27,-0.47,-0.19,368,361,380,414,355
0.89,-4.18,-4.18,0.09,-0.10,-0.15,410,407,436,467,361
2.07,-5.18,-5.18,0.09,0.08,-0.08,421,420,452,484,365
1.34,-4.42,-4.42,-0.30,0.03,0.08,391,395,431,461,360
1.56,-3.60,-3.60,0.32,0.27,-0.03,345,330,351,385,352
END
1.67,-5.61,-5.61,0.21,0.10,0.04,329,312,316,351,348
1.33,-3.31,-3.31,-0.26,-0.15,0.07,339,325,341,372,350
0.77,-3.68,-3.68,-0.29,-0.30,-0.03,405,391,423,444,357
1.41,-3.74,-3.74,-0.02,-0.05,0.01,432,410,446,469,359
1.20,-4.06,-4.06,0.02,0.01,-0.04,418,401,436,460,359
1.13,-3.18,-3.18,0.07,0.17,-0.02,357,345,375,401,355
1.92,-4.72,-4.72,0.46,0.18,-0.11,335,314,324,356,350
1.73,-4.57,-4.57,0.06,-0.00,-0.12,330,312,315,352,349
2.67,-5.59,-5.59,-0.19,-0.14,0.08,333,316,322,357,351
0.81,-3.50,-3.50,-0.10,-0.21,-0.16,373,359,378,404,356
1.42,-4.32,-4.32,-0.01,-0.14,-0.15,411,400,431,452,360
1.46,-4.30,-4.30,0.15,0.13,-0.02,414,406,439,461,361
1.23,-3.20,-3.20,-0.12,0.09,0.22,374,371,406,427,359
1.31,-4.19,-4.19,0.56,0.26,-0.01,337,318,335,367,353
1.58,-4.77,-4.77,0.05,0.04,-0.09,332,313,318,354,350
2.19,-5.44,-5.44,0.11,0.04,-0.00,330,313,320,355,349
1.02,-4.36,-4.36,-0.41,-0.20,0.08,372,369,401,420,352
1.28,-3.86,-3.86,-0.01,-0.10,-0.27,425,415,451,463,356
1.04,-3.55,-3.55,-0.02,-0.06,0.08,429,418,454,467,358
1.14,-3.16,-3.16,-0.09,0.01,0.03,391,387,424,436,357
0.94,-3.27,-3.27,0.45,0.21,-0.10,340,324,345,372,353
2.03,-4.62,-4.62,0.13,0.07,0.00,333,314,321,355,350
2.10,-5.08,-5.08,0.09,0.02,-0.05,331,313,319,353,350
1.01,-2.63,-2.63,-0.21,-0.17,0.21,359,356,378,398,353
0.64,-3.04,-3.04,0.03,-0.10,-0.14,405,401,436,447,357
1.72,-4.07,-4.07,-0.06,0.00,-0.05,404,405,438,449,358
1.30,-2.98,-2.98,-0.04,0.03,-0.03,367,368,400,413,356
1.69,-4.75,-4.75,0.48,0.20,-0.14,336,319,334,363,352
1.69,-4.43,-4.43,0.14,0.06,-0.09,332,313,320,354,350
2.31,-5.20,-5.20,0.09,0.04,-0.02,330,314,321,354,350
0.90,-1.51,-1.51,-0.31,-0.29,0.12,364,356,376,401,354
1.39,-4.13,-4.13,-0.07,-0.20,-0.11,410,400,431,452,359
0.87,-3.82,-3.82,-0.10,-0.04,0.01,419,407,441,464,361
0.88,-3.08,-3.08,-0.06,0.05,0.07,389,380,413,433,359
1.46,-3.93,-3.93,0.55,0.31,-0.13,340,324,344,372,354
END
2.05,-5.28,-5.28,0.14,0.07,-0.12,336,313,318,354,350
1.72,-4.42,-4.42,0.12,-0.00,-0.03,331,312,316,353,350
2.20,-4.80,-4.80,-0.38,-0.26,-0.08,342,326,341,375,354
1.55,-4.54,-4.54,0.39,-0.16,-0.23,413,394,418,444,359
1.72,-5.78,-5.78,-0.31,-0.11,0.07,439,417,449,477,362
1.12,-3.35,-3.35,-0.16,0.03,0.09,401,389,425,451,361
1.07,-4.08,-4.08,0.55,0.45,-0.13,342,322,341,374,354
1.64,-5.24,-5.24,0.22,0.12,-0.07,337,313,319,355,349
1.94,-4.90,-4.90,0.20,0.08,-0.01,333,313,319,355,348
2.17,-5.33,-5.33,-0.41,-0.16,-0.02,360,354,382,412,351
1.75,-3.72,-3.72,-0.31,-0.24,0.00,424,405,441,466,358
1.23,-4.15,-4.15,-0.02,-0.03,-0.05,432,412,448,473,359
1.07,-3.72,-3.72,-0.01,0.05,-0.03,401,387,422,442,356
1.84,-4.26,-4.26,0.52,0.24,-0.09,345,326,347,376,352
1.65,-5.15,-5.15,0.20,0.06,-0.10,334,315,323,356,350
2.05,-5.74,-5.74,0.03,-0.01,-0.11,332,314,321,355,350
2.10,-3.27,-3.27,-0.30,-0.32,0.17,364,352,372,397,354
0.00,-2.72,-2.72,0.34,-0.06,-0.14,421,405,435,457,359
1.19,-4.90,-4.90,0.04,0.03,-0.08,430,419,451,477,361
1.17,-3.72,-3.72,-0.25,0.01,0.07,392,390,424,447,359
1.00,-3.21,-3.21,0.49,0.28,-0.12,341,323,343,374,354
2.30,-5.60,-5.60,0.17,0.09,-0.09,334,314,319,353,350
2.12,-5.42,-5.42,0.05,0.01,-0.07,332,314,319,352,350
0.88,-1.44,-1.44,-0.18,-0.28,0.17,362,351,373,398,354
0.83,-3.57,-3.57,-0.05,-0.17,-0.01,413,398,431,457,359
1.32,-4.41,-4.41,-0.11,-0.02,-0.03,411,400,435,461,360
0.79,-2.71,-2.71,-0.07,0.09,0.03,363,353,381,404,357
2.61,-5.20,-5.20,0.52,0.27,-0.29,335,314,320,354,352
2.37,-4.24,-4.24,0.06,0.06,-0.04,331,311,311,348,350
2.35,-4.42,-4.42,-0.02,-0.04,0.26,337,318,327,358,351
3.68,-8.33,-8.33,-0.29,-0.15,-0.02,389,366,393,411,357
1.41,-4.11,-4.11,-0.33,-0.15,0.08,430,399,434,453,361
1.10,-3.51,-3.51,0.03,0.05,-0.04,413,387,420,439,361
0.55,-2.95,-2.95,0.18,0.22,-0.06,357,335,357,382,356
2.50,-5.64,-5.64,0.24,0.10,-0.17,337,313,320,353,352
END
2.34,-4.57,-4.57,-0.01,-0.01,-0.10,336,315,323,355,353
2.14,-4.62,-4.62,-0.08,-0.10,-0.01,342,327,339,371,354
2.40,-5.64,-5.64,-0.46,-0.20,-0.42,376,372,409,439,358
2.15,-3.13,-3.13,-0.35,-0.26,-0.19,406,402,442,474,365
0.22,-2.51,-2.51,0.12,0.01,0.04,400,397,434,463,365
0.03,-2.20,-2.20,0.30,0.22,-0.07,357,347,371,395,360
2.50,-4.90,-4.90,0.44,0.27,-0.07,338,317,323,356,355
2.12,-4.34,-4.34,0.05,0.03,-0.06,334,313,316,353,353
2.13,-2.76,-2.76,0.11,-0.12,0.45,345,330,339,371,356
1.62,-5.17,-5.17,-0.46,-0.26,-0.02,393,394,421,435,360
1.55,-3.90,-3.90,-0.19,0.07,-0.18,399,411,440,457,361
1.31,-3.03,-3.03,0.04,0.09,0.09,379,392,419,434,359
1.63,-3.88,-3.88,0.37,0.16,-0.15,343,334,350,374,355
2.11,-4.74,-4.74,0.30,0.13,-0.05,337,316,320,354,353
2.50,-5.51,-5.51,0.10,0.02,-0.04,334,315,318,354,352
1.20,-1.50,-1.50,-0.21,-0.28,0.27,359,351,369,398,356
1.42,-5.13,-5.13,-0.43,-0.27,-0.13,414,418,453,477,363
1.12,-2.84,-2.84,0.14,0.07,-0.03,427,432,467,491,367
0.81,-3.22,-3.22,0.03,0.09,0.07,401,410,443,464,363
2.02,-3.42,-3.42,0.50,0.30,-0.06,355,345,368,393,357
3.15,-6.20,-6.20,0.37,0.14,-0.17,334,318,323,358,353
1.90,-4.68,-4.68,0.04,-0.02,-0.06,335,316,321,356,352
1.32,-3.01,-3.01,-0.27,-0.23,0.12,354,342,359,389,355
1.00,-3.04,-3.04,0.20,-0.06,-0.13,407,399,429,450,358
1.99,-4.63,-4.63,-0.18,-0.10,0.01,416,409,442,463,359
1.34,-3.09,-3.09,-0.07,0.04,0.00,386,384,416,433,358
1.12,-4.57,-4.57,0.55,0.27,-0.18,347,325,343,371,354
1.72,-4.49,-4.49,0.13,0.04,-0.08,337,315,321,355,351
2.28,-5.43,-5.43,0.24,0.10,0.03,337,316,321,356,350
END
0.42,-1.68,-1.68,0.02,0.06,-0.04,325,307,300,342,347
2.53,-4.24,-4.24,0.47,-0.07,0.32,348,329,343,380,356
-0.02,-2.67,-2.67,-0.12,-0.50,-0.25,424,395,402,431,368
0.50,-2.88,-2.88,0.88,0.24,-0.51,472,424,427,461,375
0.77,-5.16,-5.16,-0.11,-0.04,0.03,487,436,449,480,375
-0.53,-3.11,-3.11,-0.61,-0.19,0.39,457,415,433,463,371
0.71,-2.76,-2.76,0.24,0.45,-0.10,354,335,346,380,358
0.79,-4.32,-4.32,-0.82,-0.17,-0.17,333,311,308,349,350
0.70,-1.39,-1.39,-0.70,-0.07,-0.32,327,309,302,344,348
1.18,-2.21,-2.21,0.30,0.02,-0.12,326,308,301,343,348
2.43,-4.67,-4.67,0.51,-0.14,-0.25,337,320,327,364,356
-1.97,0.15,0.15,0.60,-0.08,0.27,416,382,378,413,370
1.84,-3.45,-3.45,0.53,-0.05,-0.68,494,437,442,481,380
1.71,-5.65,-5.65,0.28,0.21,-0.16,513,451,462,499,379
0.04,-3.49,-3.49,-0.39,-0.10,0.29,489,436,451,484,375
0.37,-2.03,-2.03,-0.08,0.28,0.33,369,348,362,393,362
1.00,-5.66,-5.66,0.05,0.12,-0.44,336,313,313,351,350
1.07,-2.78,-2.78,-0.54,-0.05,-0.19,328,310,305,346,347
1.39,-3.09,-3.09,-0.10,-0.06,-0.13,327,309,304,344,346
1.51,-3.62,-3.62,0.38,-0.01,0.43,350,335,347,376,350
0.06,-1.75,-1.75,0.52,-0.18,0.09,440,408,428,447,354
0.87,-4.06,-4.06,0.57,-0.07,-0.49,493,443,457,485,361
0.83,-5.21,-5.21,0.21,0.15,-0.30,512,457,471,504,362
0.19,-3.99,-3.99,-0.49,-0.21,0.32,488,441,461,488,360
0.17,-1.95,-1.95,0.17,0.42,0.15,365,344,361,388,353
2.49,-5.81,-5.81,-0.26,-0.02,-0.33,335,313,313,351,348
1.53,-3.22,-3.22,-0.50,-0.08,-0.19,329,310,305,346,347
1.58,-3.44,-3.44,0.26,-0.01,-0.06,327,309,304,346,346
2.12,-3.88,-3.88,0.22,0.00,0.35,361,346,360,384,350
-0.11,-2.14,-2.14,0.43,-0.18,0.33,451,420,442,455,367
0.27,-6.89,-6.89,-0.49,-0.37,-0.35,499,456,483,503,379
0.12,-3.12,-3.12,0.34,0.15,-0.19,509,462,483,509,382
0.35,-3.34,-3.34,-0.37,-0.07,0.16,471,436,460,476,376
0.09,-2.96,-2.96,0.37,0.41,-0.33,354,334,350,375,361
1.90,-4.45,-4.45,-0.54,-0.04,-0.37,333,312,310,348,351
END
0.91,-3.11,-3.11,-0.28,-0.01,-0.25,329,310,306,348,342
1.21,-3.07,-3.07,-0.43,-0.13,-0.17,327,308,302,345,341
1.59,-2.88,-2.88,0.54,0.16,0.12,337,316,321,359,343
0.53,-3.22,-3.22,-0.48,-0.34,0.31,390,388,411,432,349
-0.07,-2.02,-2.02,0.72,0.13,0.14,419,432,459,484,353
1.63,-5.02,-5.02,-0.10,-0.17,-0.18,443,449,476,507,360
0.67,-3.27,-3.27,-0.22,-0.03,-0.05,431,439,467,496,360
0.60,-2.02,-2.02,0.15,0.25,-0.07,363,363,390,414,355
2.18,-4.74,-4.74,0.25,0.18,-0.51,329,316,319,356,348
1.35,-2.99,-2.99,-0.33,-0.06,-0.03,327,311,307,349,346
1.67,-2.98,-2.98,0.18,0.02,-0.08,326,310,305,347,345
1.95,-3.77,-3.77,0.34,0.12,0.22,350,335,345,368,346
0.17,-2.80,-2.80,0.70,-0.11,0.06,455,415,433,450,353
2.25,-6.93,-6.93,-0.36,-0.23,0.10,493,445,469,495,357
1.01,-4.44,-4.44,-0.06,-0.03,-0.05,497,449,474,502,360
0.77,-2.89,-2.89,-0.20,0.06,0.18,434,409,436,455,356
1.07,-3.36,-3.36,0.63,0.29,-0.31,342,322,335,366,348
2.38,-5.30,-5.30,-0.23,-0.06,-0.14,331,313,312,352,345
1.59,-3.70,-3.70,-0.13,-0.08,-0.07,327,310,306,349,344
2.37,-4.29,-4.29,0.04,-0.09,0.12,333,319,325,359,344
0.78,-3.90,-3.90,-0.72,-0.39,0.49,415,396,422,438,348
0.90,-3.83,-3.83,0.14,-0.08,-0.02,472,436,466,488,352
0.73,-3.96,-3.96,0.06,-0.05,-0.04,494,449,479,508,355
0.69,-3.65,-3.65,-0.10,0.02,-0.02,481,441,471,497,354
0.26,-2.41,-2.41,0.10,0.22,0.02,397,378,400,417,350
2.07,-5.28,-5.28,0.35,0.21,-0.63,337,315,319,356,345
1.12,-3.24,-3.24,-0.19,-0.02,0.02,330,311,307,349,343
1.66,-3.66,-3.66,-0.18,-0.09,-0.09,328,309,304,346,343
1.63,-3.86,-3.86,0.24,0.04,0.34,336,320,324,361,344
1.99,-5.88,-5.88,-0.53,-0.31,0.29,417,391,415,427,347
1.69,-5.69,-5.69,-0.27,-0.20,-0.01,469,431,459,473,351
0.63,-3.11,-3.11,0.14,0.01,0.04,486,444,472,494,355
0.53,-3.14,-3.14,-0.04,0.05,-0.04,462,429,457,475,353
0.60,-2.59,-2.59,0.37,0.29,-0.14,363,346,362,386,348
2.99,-5.80,-5.80,-0.03,0.08,-0.26,335,315,315,353,343
END
2.56,-4.89,-4.89,-0.00,0.07,-0.34,336,312,307,351,337
1.80,-5.02,-5.02,-0.05,-0.03,-0.05,334,310,305,347,336
1.85,-5.06,-5.06,-0.01,-0.02,0.13,336,316,316,357,336
2.27,-5.35,-5.35,-0.48,-0.29,0.06,378,367,393,400,338
1.76,-5.57,-5.57,-0.21,-0.10,-0.06,432,409,443,434,341
1.93,-4.82,-4.82,-0.01,-0.12,-0.06,457,427,464,458,344
1.36,-4.47,-4.47,0.02,0.01,-0.04,445,419,453,450,345
1.11,-2.64,-2.64,0.14,0.20,-0.13,369,352,368,380,342
2.77,-5.57,-5.57,0.01,0.04,-0.39,337,314,312,352,339
1.90,-4.13,-4.13,0.14,0.06,-0.22,332,310,303,344,338
2.13,-4.70,-4.70,0.30,0.08,-0.08,329,309,302,344,338
2.51,-4.95,-4.95,-0.03,-0.04,0.37,334,316,322,361,339
3.24,-5.53,-5.53,-0.36,-0.46,-0.25,363,359,389,420,344
1.26,-3.71,-3.71,-0.13,-0.17,-0.06,413,404,443,464,350
1.37,-3.66,-3.66,-0.10,-0.08,-0.01,441,421,462,485,352
1.34,-3.61,-3.61,0.16,0.15,0.03,429,409,450,475,350
1.03,-3.64,-3.64,0.16,0.17,0.02,366,348,362,386,345
2.54,-5.46,-5.46,0.33,0.17,-0.17,340,314,313,352,340
1.96,-5.17,-5.17,0.11,0.07,-0.15,334,309,303,344,340
2.64,-5.28,-5.28,0.20,0.08,0.10,333,312,309,349,340
2.71,-4.69,-4.69,-0.30,-0.35,-0.05,369,357,368,396,342
1.28,-4.64,-4.64,-0.09,-0.25,-0.01,430,408,432,456,347
1.03,-4.26,-4.26,-0.15,-0.22,-0.17,458,424,449,477,352
0.89,-3.90,-3.90,0.20,0.11,0.02,454,420,445,473,355
1.11,-3.57,-3.57,-0.03,0.08,0.04,388,367,384,408,351
2.90,-6.28,-6.28,0.65,0.37,-0.41,342,316,318,354,344
1.05,-4.19,-4.19,-0.02,0.08,-0.05,333,310,304,345,342
2.34,-4.82,-4.82,0.48,0.16,0.02,331,310,304,344,342
1.95,-4.97,-4.97,-0.04,-0.07,0.10,339,322,338,371,343
1.25,-2.66,-2.66,-0.07,-0.22,-0.14,389,380,414,446,348
1.07,-6.24,-6.24,0.05,-0.03,0.06,442,419,459,488,348
1.18,-4.62,-4.62,-0.13,-0.01,-0.02,437,413,452,481,348
0.80,-3.78,-3.78,-0.08,0.08,0.05,371,354,378,408,345
2.14,-6.02,-6.02,0.45,0.25,-0.28,337,314,316,354,341
1.34,-4.26,-4.26,-0.13,0.01,-0.03,332,310,305,347,339
END
2.15,-5.12,-5.12,-0.19,-0.11,-0.11,398,375,403,423,346
1.11,-3.96,-3.96,-0.05,-0.17,-0.01,452,420,454,477,349
1.15,-3.89,-3.89,0.13,0.01,-0.01,467,432,467,493,352
0.83,-4.14,-4.14,-0.23,-0.05,-0.09,446,417,451,475,351
1.20,-2.90,-2.90,0.45,0.30,-0.17,364,341,362,388,347
2.49,-5.38,-5.38,0.16,0.08,-0.27,340,313,317,355,344
1.82,-4.58,-4.58,-0.05,-0.02,-0.16,336,311,308,351,343
2.00,-4.95,-4.95,0.41,0.17,0.09,336,312,309,352,343
0.15,-2.60,-2.60,-0.02,-0.08,0.36,357,341,360,398,344
1.90,-4.54,-4.54,0.67,-0.03,-0.10,425,396,419,449,346
1.31,-6.65,-6.65,-0.61,-0.24,0.13,451,417,444,479,347
0.95,-4.15,-4.15,0.08,0.08,0.03,441,409,435,468,347
0.70,-3.44,-3.44,0.10,0.16,-0.03,373,353,373,401,345
2.66,-5.94,-5.94,0.38,0.14,-0.36,337,314,315,356,342
1.89,-4.65,-4.65,-0.07,0.01,-0.10,330,310,306,348,341
2.26,-5.54,-5.54,0.26,0.08,0.01,329,310,308,348,341
0.37,-2.83,-2.83,-0.20,-0.14,0.27,363,344,358,383,343
1.51,-3.89,-3.89,0.06,-0.28,0.01,422,398,422,440,348
1.34,-5.01,-5.01,-0.19,-0.15,-0.13,451,422,446,472,353
0.51,-3.73,-3.73,0.03,0.04,-0.01,446,419,442,470,353
0.98,-3.91,-3.91,0.21,0.23,0.04,399,378,398,420,349
1.39,-4.31,-4.31,0.36,0.21,-0.27,344,324,333,365,344
1.80,-4.85,-4.85,0.15,0.07,-0.03,333,314,316,353,342
1.85,-5.15,-5.15,0.05,0.04,-0.13,329,311,307,347,341
1.99,-5.09,-5.09,-0.06,0.00,0.33,333,316,315,353,340
0.95,-4.53,-4.53,0.17,-0.09,0.07,366,350,366,397,342
2.20,-5.60,-5.60,-0.18,-0.16,-0.00,417,401,430,457,345
1.13,-4.63,-4.63,-0.03,0.02,-0.02,439,424,461,493,346
1.34,-4.31,-4.31,-0.04,0.02,0.02,425,413,450,480,346
1.28,-3.93,-3.93,0.18,0.17,-0.04,361,350,374,399,343
2.65,-5.81,-5.81,0.42,0.21,-0.23,338,315,320,357,340
2.35,-5.43,-5.43,0.12,0.04,-0.17,333,311,308,350,339
2.57,-6.27,-6.27,0.09,0.02,-0.05,332,311,308,350,339
1.43,-4.19,-4.19,-0.22,-0.19,0.29,352,332,347,379,340
1.90,-5.53,-5.53,0.01,-0.05,-0.05,391,373,400,419,341
END
1.42,-4.64,-4.64,0.15,-0.04,-0.04,455,431,462,494,351
0.71,-3.50,-3.50,-0.19,0.05,-0.03,390,375,397,425,348
1.62,-5.48,-5.48,0.46,0.23,-0.46,344,316,319,357,343
2.16,-5.41,-5.41,-0.29,-0.08,-0.07,339,311,307,349,341
1.88,-4.24,-4.24,0.09,0.01,-0.07,335,310,305,347,341
2.48,-5.45,-5.45,-0.12,-0.14,0.05,340,320,326,365,342
0.33,-3.12,-3.12,0.19,-0.00,0.47,405,394,429,458,348
3.04,-4.78,-4.78,0.11,-0.04,-0.10,461,432,469,503,356
1.15,-4.24,-4.24,0.03,-0.01,0.03,462,432,467,499,357
0.65,-3.36,-3.36,-0.06,0.06,0.02,413,394,420,445,353
1.11,-4.28,-4.28,0.37,0.20,-0.47,351,321,329,365,347
2.35,-5.51,-5.51,-0.12,0.01,-0.14,339,312,309,351,343
2.05,-4.34,-4.34,-0.10,-0.04,-0.08,334,309,304,348,343
2.40,-5.57,-5.57,-0.06,-0.05,0.00,337,314,313,355,343
0.77,-2.56,-2.56,-0.04,-0.15,0.43,400,380,409,434,347
1.76,-6.05,-6.05,-0.06,-0.21,-0.16,454,430,463,494,352
0.84,-3.08,-3.08,0.16,0.06,-0.05,463,437,469,503,353
1.77,-5.45,-5.45,0.24,0.26,-0.02,431,413,446,475,350
1.47,-4.81,-4.81,0.16,0.28,-0.11,353,331,347,378,344
3.63,-6.78,-6.78,0.32,0.21,-0.16,341,313,313,352,341
2.75,-5.28,-5.28,-0.04,-0.01,-0.06,335,311,307,348,341
2.39,-4.93,-4.93,-0.18,-0.11,0.07,339,319,322,359,341
1.61,-3.32,-3.32,-0.31,-0.32,0.36,405,393,427,450,345
2.15,-5.11,-5.11,0.04,-0.13,-0.21,449,433,470,499,349
1.06,-4.90,-4.90,0.01,-0.04,-0.05,459,441,476,507,351
1.23,-4.23,-4.23,-0.23,-0.00,-0.00,424,413,449,473,349
1.60,-4.21,-4.21,0.48,0.22,-0.24,354,333,352,382,344
2.35,-5.91,-5.91,0.04,0.04,-0.18,341,314,313,352,342
2.44,-5.28,-5.28,0.04,0.02,-0.18,335,309,304,347,341
2.81,-5.66,-5.66,0.22,0.00,0.05,336,310,309,350,341
1.47,-3.42,-3.42,-0.13,-0.18,0.35,369,360,391,412,344
1.16,-4.50,-4.50,-0.11,-0.33,0.06,441,430,463,481,350
1.44,-5.17,-5.17,-0.21,-0.16,-0.09,460,444,475,496,352
0.93,-4.22,-4.22,-0.00,0.08,-0.01,437,428,461,479,351
1.26,-4.28,-4.28,0.09,0.23,-0.18,357,347,376,396,346
END
3.00,-5.97,-5.97,0.08,0.14,-0.25,335,311,306,348,341
1.65,-3.47,-3.47,-0.05,0.02,-0.22,330,309,301,344,341
2.58,-4.95,-4.95,0.52,0.12,0.03,331,309,303,346,341
1.43,-3.26,-3.26,0.27,0.06,0.39,341,329,343,387,341
0.81,-2.10,-2.10,-0.01,-0.30,0.29,414,402,432,475,346
1.57,-5.51,-5.51,-0.15,-0.11,-0.02,453,425,455,499,348
1.26,-4.39,-4.39,-0.36,-0.09,0.13,428,409,435,473,348
0.97,-3.98,-3.98,0.27,0.21,-0.23,360,337,350,383,344
2.49,-5.15,-5.15,0.04,0.14,-0.22,339,314,311,353,341
2.63,-4.46,-4.46,-0.04,0.03,-0.22,334,309,303,346,340
2.79,-5.33,-5.33,0.29,0.03,-0.00,336,313,309,354,341
2.78,-7.92,-7.92,-0.55,-0.37,-0.07,377,370,410,448,346
1.44,-3.71,-3.71,0.11,-0.05,0.13,441,421,464,497,355
1.47,-4.17,-4.17,-0.03,-0.09,-0.04,461,431,471,504,357
0.92,-3.45,-3.45,-0.10,-0.01,-0.07,434,413,447,477,355
1.29,-3.69,-3.69,0.32,0.20,-0.49,363,338,356,391,349
2.65,-4.72,-4.72,0.09,0.16,-0.34,340,313,312,354,345
1.68,-3.60,-3.60,0.09,0.05,-0.11,335,310,306,350,343
2.54,-4.95,-4.95,0.24,0.01,0.05,338,314,312,356,343
2.07,-5.23,-5.23,-0.27,-0.15,0.12,379,372,402,419,344
1.57,-2.74,-2.74,-0.15,-0.13,0.35,450,430,467,482,350
1.08,-3.29,-3.29,0.12,-0.01,0.00,462,435,472,490,351
0.81,-3.05,-3.05,-0.03,-0.02,-0.04,435,417,453,469,350
0.70,-3.24,-3.24,0.34,0.21,-0.40,361,345,366,391,346
2.50,-4.75,-4.75,0.03,0.10,-0.33,340,315,316,356,344
2.07,-4.03,-4.03,0.13,0.09,-0.14,335,310,307,350,342
2.61,-5.04,-5.04,0.55,0.16,-0.04,335,311,310,353,342
2.04,-3.90,-3.90,0.12,-0.02,0.42,351,344,363,390,343
1.98,-4.78,-4.78,0.04,0.03,-0.04,398,409,443,457,343
2.40,-5.04,-5.04,-0.01,-0.02,0.01,433,434,468,485,345
1.67,-4.21,-4.21,-0.23,-0.04,0.07,422,426,460,476,345
1.68,-3.95,-3.95,0.34,0.21,-0.11,363,361,385,405,343
2.28,-5.36,-5.36,0.08,0.07,-0.41,343,315,316,356,341
1.80,-3.93,-3.93,-0.09,-0.01,-0.10,338,311,307,350,340
2.27,-4.70,-4.70,0.38,0.06,-0.04,335,310,306,350,340
END
2.26,-4.01,-4.01,-0.12,-0.18,0.30,451,418,455,477,351
1.21,-3.66,-3.66,-0.05,-0.06,-0.09,449,418,453,476,354
0.67,-3.40,-3.40,0.17,0.14,-0.05,405,384,414,432,351
1.23,-3.94,-3.94,0.47,0.23,-0.40,345,323,335,365,347
2.25,-5.15,-5.15,0.05,0.09,-0.13,333,313,314,353,344
2.23,-4.46,-4.46,0.07,0.04,-0.08,328,311,310,350,343
2.16,-3.77,-3.77,-0.03,-0.02,0.21,336,319,325,362,344
3.07,-4.80,-4.80,-0.42,-0.24,0.16,385,370,401,427,348
1.20,-3.83,-3.83,0.10,-0.11,0.09,443,411,449,476,350
1.50,-4.30,-4.30,0.10,-0.08,-0.01,454,419,457,485,351
1.17,-3.67,-3.67,-0.07,0.00,-0.05,417,392,427,453,351
1.64,-3.60,-3.60,0.45,0.28,-0.26,345,324,339,375,347
2.38,-4.77,-4.77,-0.01,0.08,-0.13,334,313,314,353,344
2.30,-4.54,-4.54,0.05,0.00,-0.08,328,310,309,350,343
2.28,-5.31,-5.31,0.04,-0.06,-0.01,332,314,319,356,343
2.01,-4.16,-4.16,-0.29,-0.20,0.22,389,369,390,412,349
1.85,-4.40,-4.40,-0.14,-0.13,-0.31,435,413,442,462,356
1.72,-3.82,-3.82,0.15,-0.02,-0.07,456,425,455,479,361
1.54,-4.00,-4.00,-0.13,-0.06,-0.07,433,411,440,464,360
1.51,-3.37,-3.37,0.13,0.13,-0.11,363,353,378,403,356
2.68,-5.02,-5.02,0.25,0.12,-0.37,331,316,326,360,352
2.20,-4.34,-4.34,-0.17,-0.05,-0.18,325,313,312,350,351
2.25,-4.24,-4.24,0.30,0.07,-0.05,325,313,312,350,351
2.91,-4.95,-4.95,-0.22,-0.17,0.09,341,339,353,384,356
1.54,-3.73,-3.73,-0.09,-0.25,0.09,395,398,416,438,366
1.64,-3.98,-3.98,0.08,-0.06,-0.04,416,416,436,459,370
1.28,-3.70,-3.70,-0.10,-0.02,-0.01,401,405,426,449,369
1.33,-3.37,-3.37,-0.01,0.14,-0.03,348,349,367,393,361
2.56,-4.38,-4.38,0.05,0.07,-0.35,327,314,319,355,351
2.38,-3.70,-3.70,-0.03,0.03,-0.11,323,312,310,348,346
1.92,-3.31,-3.31,0.44,0.17,-0.07,322,310,306,346,344
3.70,-5.95,-5.95,-0.34,-0.27,-0.23,323,311,308,349,346
3.11,-3.27,-3.27,0.03,-0.01,0.19,340,339,354,387,348
1.54,-3.42,-3.42,-0.17,-0.14,0.28,403,398,429,446,354
1.25,-2.61,-2.61,0.25,0.06,0.10,433,423,450,468,361
END
1.62,-3.96,-3.96,-0.01,0.00,-0.00,336,321,338,367,343
2.28,-3.80,-3.80,-0.17,0.01,-0.11,327,312,316,351,342
2.05,-3.57,-3.57,-0.14,-0.04,-0.14,325,310,310,348,341
2.41,-4.12,-4.12,0.49,0.15,0.07,326,313,315,351,342
3.24,-5.22,-5.22,-0.20,-0.16,0.03,361,353,368,389,344
-0.18,-0.40,-0.40,0.82,0.14,0.41,439,408,433,451,352
2.50,-4.21,-4.21,-0.33,-0.21,-0.16,460,430,460,482,356
1.26,-3.30,-3.30,-0.13,-0.07,-0.04,443,420,449,472,356
0.93,-2.58,-2.58,0.25,0.20,-0.08,376,365,391,412,351
2.92,-5.79,-5.79,0.33,0.15,-0.44,334,317,325,359,346
2.22,-3.40,-3.40,-0.03,0.00,0.00,331,313,316,352,344
2.08,-4.03,-4.03,0.35,0.11,0.02,330,313,314,352,343
1.77,-3.82,-3.82,-0.03,-0.04,0.34,354,337,348,384,345
2.15,-3.14,-3.14,0.08,-0.12,0.19,426,400,426,452,349
2.27,-4.45,-4.45,-0.03,-0.18,-0.03,462,429,459,487,353
1.00,-3.45,-3.45,0.01,-0.05,-0.03,460,430,458,486,354
1.40,-3.60,-3.60,-0.07,0.07,-0.06,413,395,420,445,352
2.71,-5.08,-5.08,0.33,0.25,-0.53,343,326,341,374,347
2.47,-4.72,-4.72,-0.06,0.01,-0.06,336,315,320,357,344
2.18,-3.88,-3.88,0.11,0.04,-0.06,333,314,317,356,344
2.20,-4.25,-4.25,-0.03,-0.03,0.15,345,329,340,375,344
1.08,-1.88,-1.88,0.71,-0.03,0.06,424,399,418,439,348
2.43,-6.09,-6.09,-0.32,-0.23,-0.06,460,431,458,484,350
1.53,-3.86,-3.86,-0.12,0.01,-0.01,454,428,456,483,349
1.13,-3.45,-3.45,-0.09,0.08,0.02,407,395,421,445,347
1.84,-4.47,-4.47,0.41,0.25,-0.30,343,326,342,375,343
2.28,-4.89,-4.89,-0.17,-0.02,-0.09,338,314,318,357,341
2.19,-4.44,-4.44,0.04,-0.00,-0.07,331,313,314,355,341
2.20,-4.20,-4.20,0.07,0.00,0.24,340,323,331,367,341
1.83,-3.65,-3.65,0.67,-0.06,-0.10,409,393,413,432,345
2.53,-7.30,-7.30,-0.43,-0.18,0.01,448,426,456,478,347
1.69,-4.13,-4.13,0.26,0.13,-0.18,452,428,458,482,348
1.56,-4.39,-4.39,-0.17,0.04,0.09,414,402,432,452,347
1.64,-4.11,-4.11,0.19,0.20,-0.12,348,336,356,383,343
2.83,-4.98,-4.98,0.14,0.05,-0.12,337,316,324,359,341
END
1.97,-4.36,-4.36,-0.01,-0.01,-0.10,335,312,312,351,341
3.01,-5.05,-5.05,0.22,0.07,0.07,340,318,320,356,342
1.99,-4.62,-4.62,-0.19,-0.21,0.17,392,366,385,409,344
2.15,-3.78,-3.78,0.28,0.04,0.07,453,411,440,466,347
2.12,-4.40,-4.40,-0.23,-0.18,-0.13,476,430,459,491,351
1.07,-3.36,-3.36,0.02,0.00,-0.01,465,422,450,481,351
1.05,-3.17,-3.17,-0.05,0.09,-0.09,404,374,396,421,348
2.79,-4.74,-4.74,0.46,0.29,-0.39,347,319,327,363,343
2.22,-4.16,-4.16,0.10,0.09,-0.03,338,314,316,355,342
2.81,-5.25,-5.25,0.23,0.13,0.03,337,316,319,356,341
2.08,-3.23,-3.23,0.01,-0.13,0.23,389,362,379,410,343
2.04,-4.69,-4.69,0.32,-0.06,-0.10,443,406,428,459,346
2.04,-5.02,-5.02,-0.10,-0.10,-0.03,453,414,437,469,347
1.31,-4.01,-4.01,-0.21,-0.02,0.00,428,396,418,447,347
1.51,-2.91,-2.91,0.01,0.14,-0.11,354,334,352,384,344
2.84,-5.66,-5.66,-0.12,0.01,-0.09,339,314,319,356,341
2.28,-3.78,-3.78,-0.26,-0.11,-0.10,336,313,316,353,340
2.49,-4.66,-4.66,0.30,0.06,0.01,341,318,324,359,341
2.18,-4.79,-4.79,-0.65,-0.38,-0.12,392,366,392,418,345
1.83,-2.02,-2.02,0.26,0.00,0.01,441,409,440,469,351
1.50,-3.10,-3.10,-0.38,-0.34,-0.17,464,429,460,494,356
0.75,-2.73,-2.73,-0.00,0.01,-0.03,453,422,450,483,355
1.49,-2.86,-2.86,0.25,0.24,0.10,407,384,409,433,351
2.26,-4.04,-4.04,0.46,0.27,-0.28,346,329,343,372,346
2.37,-4.18,-4.18,-0.35,-0.14,-0.16,339,314,320,355,343
2.03,-3.27,-3.27,-0.15,-0.05,-0.12,337,313,317,353,343
2.13,-3.65,-3.65,0.31,0.12,-0.04,352,330,343,382,345
3.26,-3.98,-3.98,-0.02,-0.05,0.06,411,388,409,440,347
2.21,-3.78,-3.78,0.16,-0.04,-0.08,443,415,440,472,349
1.56,-3.32,-3.32,0.01,-0.05,-0.01,444,418,442,476,350
1.87,-3.17,-3.17,-0.19,-0.02,0.01,407,388,407,439,349
2.03,-3.48,-3.48,0.41,0.28,-0.13,349,334,346,378,345
3.29,-4.97,-4.97,-0.14,0.03,-0.15,337,315,320,356,342
2.53,-3.69,-3.69,-0.04,-0.01,0.03,335,314,316,354,342
2.81,-4.92,-4.92,0.19,0.03,0.06,346,326,332,364,342
END
0.96,-1.30,-1.30,0.31,0.10,0.08,458,431,455,486,350
2.06,-4.19,-4.19,0.05,-0.01,-0.09,470,438,463,497,351
1.59,-3.74,-3.74,-0.33,-0.08,0.00,447,423,447,478,351
1.21,-2.85,-2.85,-0.17,-0.01,-0.09,376,359,380,405,348
2.07,-5.01,-5.01,0.25,0.12,-0.28,338,317,323,357,345
1.49,-3.84,-3.84,-0.13,-0.06,0.05,336,314,317,353,343
2.56,-4.34,-4.34,0.08,0.05,-0.05,340,319,323,357,344
1.11,-2.58,-2.58,-0.04,-0.11,0.16,397,372,386,410,346
1.97,-3.89,-3.89,-0.05,-0.17,-0.13,451,420,443,468,349
0.83,-3.45,-3.45,0.18,-0.01,-0.02,475,437,462,492,351
1.23,-3.32,-3.32,-0.10,-0.02,-0.05,467,433,457,488,352
1.04,-2.74,-2.74,-0.07,0.04,-0.05,417,393,414,439,349
1.23,-3.24,-3.24,0.37,0.22,-0.24,350,328,340,371,345
2.17,-3.93,-3.93,0.22,0.12,-0.15,339,315,320,355,343
2.56,-4.93,-4.93,0.11,0.02,-0.14,334,314,315,352,342
1.73,-3.73,-3.73,-0.01,-0.00,0.18,350,326,335,371,343
1.63,-2.40,-2.40,0.71,0.07,-0.12,413,386,408,441,345
2.75,-5.69,-5.69,-0.07,-0.12,-0.10,452,422,450,483,347
1.34,-4.24,-4.24,-0.18,-0.07,-0.02,454,425,452,485,348
1.60,-3.85,-3.85,-0.23,-0.01,0.01,416,395,420,448,347
1.36,-3.46,-3.46,0.29,0.26,-0.13,351,330,343,375,343
2.23,-4.08,-4.08,0.11,0.10,-0.02,339,314,318,355,342
1.72,-3.85,-3.85,-0.02,0.06,-0.17,336,313,314,353,340
3.17,-4.46,-4.46,0.01,-0.01,-0.00,338,319,323,361,341
3.22,-4.90,-4.90,-0.33,-0.28,-0.05,389,369,389,421,345
1.15,-3.15,-3.15,0.15,-0.10,-0.06,447,416,442,475,349
1.88,-4.24,-4.24,-0.09,-0.11,-0.10,460,430,458,494,351
1.64,-3.27,-3.27,-0.11,-0.06,-0.05,446,420,447,482,351
1.64,-2.91,-2.91,-0.13,0.01,-0.09,381,364,385,415,348
3.27,-5.99,-5.99,0.33,0.20,-0.37,340,318,326,360,344
2.14,-3.96,-3.96,-0.03,-0.02,0.00,338,315,319,355,342
2.81,-4.67,-4.67,0.08,0.05,-0.06,337,317,322,357,342
1.23,-1.44,-1.44,-0.08,-0.17,0.25,390,373,395,421,345
1.70,-3.13,-3.13,0.52,0.04,-0.08,443,420,445,473,348
2.20,-4.12,-4.12,-0.20,-0.15,-0.12,464,437,464,498,352
END
1.71,-3.24,-3.24,-0.03,0.00,-0.02,355,339,354,381,347
2.61,-4.02,-4.02,0.14,0.06,-0.25,338,315,320,354,344
1.98,-3.62,-3.62,-0.00,0.02,-0.09,334,313,316,351,344
2.63,-3.77,-3.77,0.11,0.06,0.14,342,322,328,361,344
2.90,-3.96,-3.96,-0.32,-0.24,0.08,402,386,409,427,347
1.61,-3.01,-3.01,0.05,-0.02,-0.07,451,423,450,473,350
1.58,-2.70,-2.70,0.12,0.02,-0.00,454,424,450,474,350
1.62,-2.87,-2.87,-0.00,0.01,-0.03,414,392,412,432,349
1.84,-3.62,-3.62,0.27,0.15,-0.35,352,330,340,369,346
2.68,-3.88,-3.88,-0.11,-0.01,-0.15,337,315,318,353,344
2.12,-3.17,-3.17,0.02,0.02,-0.06,333,313,314,351,343
1.72,-2.89,-2.89,0.11,0.07,0.30,347,327,334,368,344
2.10,-2.67,-2.67,-0.08,-0.20,0.23,414,391,414,434,347
2.23,-4.24,-4.24,-0.15,-0.13,-0.17,450,421,449,473,349
1.57,-3.02,-3.02,0.03,-0.02,-0.01,448,420,448,473,350
1.56,-2.73,-2.73,0.01,0.07,-0.02,403,386,410,434,348
1.74,-3.15,-3.15,0.29,0.14,-0.30,344,326,340,369,345
2.44,-3.14,-3.14,-0.10,0.01,-0.02,335,315,318,353,343
2.36,-3.60,-3.60,-0.02,-0.01,-0.15,329,312,311,349,343
2.72,-3.85,-3.85,0.30,0.16,0.22,338,321,326,363,344
3.43,-4.47,-4.47,0.01,-0.14,-0.07,377,380,401,423,346
2.43,-4.24,-4.24,-0.00,-0.11,0.04,418,415,442,465,348
2.21,-4.14,-4.14,-0.05,-0.02,-0.03,418,414,443,467,348
1.57,-2.89,-2.89,-0.12,0.01,0.02,381,379,408,429,347
2.00,-3.63,-3.63,0.32,0.12,-0.30,336,323,335,365,344
2.49,-3.93,-3.93,-0.06,-0.01,0.02,333,314,317,352,342
2.17,-3.82,-3.82,-0.02,0.01,-0.09,331,311,311,348,342
3.06,-2.83,-2.83,-0.04,-0.02,0.30,341,324,331,363,343
3.17,-4.95,-4.95,-0.32,-0.22,0.04,394,376,395,414,345
1.80,-3.07,-3.07,0.11,-0.07,-0.01,435,410,436,458,349
1.79,-2.96,-2.96,0.07,0.00,-0.03,442,415,444,469,350
1.38,-2.43,-2.43,-0.10,-0.03,-0.06,403,388,415,438,350
1.87,-3.04,-3.04,0.38,0.21,-0.26,344,329,344,371,346
2.73,-4.03,-4.03,-0.15,-0.02,-0.08,335,314,318,353,344
2.55,-3.75,-3.75,0.04,0.02,-0.09,330,313,313,350,343
END
1.56,-1.95,-1.95,0.22,0.10,0.31,377,361,378,405,348
2.60,-4.34,-4.34,0.37,0.22,-0.24,342,319,323,358,344
2.04,-3.23,-3.23,-0.07,-0.01,-0.05,337,314,314,352,343
3.29,-4.57,-4.57,0.24,0.12,0.10,339,317,320,357,343
2.20,-2.78,-2.78,-0.11,-0.22,0.36,405,378,402,433,346
2.00,-4.19,-4.19,0.16,0.01,-0.05,443,414,444,476,347
2.12,-3.57,-3.57,0.01,0.03,-0.01,438,411,441,474,347
1.53,-2.31,-2.31,-0.05,0.08,-0.15,385,365,388,419,346
3.09,-4.65,-4.65,0.41,0.21,-0.24,343,317,325,361,343
2.02,-3.09,-3.09,-0.14,-0.04,-0.04,337,313,314,354,342
3.15,-4.21,-4.21,0.18,0.06,-0.02,335,312,314,352,342
1.55,-2.81,-2.81,-0.32,-0.23,-0.02,358,344,372,403,343
2.26,-3.55,-3.55,0.04,0.06,0.32,429,405,436,468,347
1.62,-3.44,-3.44,-0.01,-0.08,0.01,445,417,448,480,348
2.48,-3.52,-3.52,-0.00,0.00,-0.03,417,397,424,452,347
2.04,-3.03,-3.03,0.14,0.06,-0.32,352,335,350,380,345
2.62,-3.78,-3.78,-0.00,0.01,-0.12,339,314,316,354,343
2.46,-3.49,-3.49,0.14,0.07,-0.15,332,310,308,349,342
2.70,-4.26,-4.26,0.34,0.18,0.11,332,313,312,352,342
2.07,-2.84,-2.84,0.20,-0.18,0.17,362,363,379,402,343
3.93,-6.20,-6.20,-0.20,-0.21,-0.11,400,410,437,459,345
1.67,-4.26,-4.26,-0.19,-0.06,0.10,408,414,444,469,346
1.49,-2.71,-2.71,-0.09,0.05,0.00,367,371,399,423,345
2.37,-4.13,-4.13,0.46,0.25,-0.21,334,318,325,361,342
3.22,-4.95,-4.95,0.11,0.05,-0.14,330,312,311,352,341
3.05,-4.81,-4.81,-0.06,-0.03,-0.09,328,311,308,349,340
2.66,-3.22,-3.22,-0.31,-0.17,0.38,359,344,358,388,342
1.59,-4.80,-4.80,1.04,0.12,-0.24,448,416,432,464,348
3.01,-7.78,-7.78,-0.84,-0.32,-0.13,463,433,459,494,350
2.10,-2.73,-2.73,-0.13,0.08,0.06,437,415,439,472,349
2.36,-2.82,-2.82,0.11,0.14,-0.03,360,348,364,392,345
2.99,-5.17,-5.17,0.28,0.11,-0.18,336,315,318,354,341
2.20,-4.11,-4.11,0.10,0.06,-0.06,331,312,310,351,340
3.69,-5.10,-5.10,-0.04,0.02,0.08,337,318,322,357,340
2.28,-4.77,-4.77,-0.58,-0.32,0.13,392,378,404,432,342
END
2.11,-2.67,-2.67,0.75,0.10,-0.17,335,314,317,352,343
2.69,-3.96,-3.96,0.30,0.13,0.01,334,315,318,353,343
2.51,-3.64,-3.64,-0.01,-0.09,0.30,361,349,364,396,344
2.30,-4.60,-4.60,-0.15,-0.20,-0.12,408,398,425,455,348
1.97,-3.56,-3.56,0.09,-0.01,0.04,424,411,441,473,349
1.99,-3.18,-3.18,-0.13,-0.02,-0.03,401,391,417,448,348
2.02,-3.19,-3.19,0.25,0.15,-0.21,348,332,343,375,345
2.84,-4.34,-4.34,0.21,0.12,-0.21,334,315,317,353,343
2.43,-3.63,-3.63,-0.07,-0.01,-0.12,332,312,310,350,342
3.55,-5.04,-5.04,0.03,0.03,0.23,343,320,322,358,343
2.09,-3.75,-3.75,-0.10,-0.20,0.07,393,377,402,430,346
2.48,-3.98,-3.98,0.14,-0.02,-0.09,439,425,456,495,349
2.15,-4.02,-4.02,-0.22,-0.05,-0.13,437,428,460,499,350
1.72,-3.14,-3.14,-0.24,-0.02,-0.01,393,387,416,450,348
2.56,-3.57,-3.57,0.29,0.20,-0.24,343,327,338,374,345
3.64,-4.66,-4.66,0.02,0.01,-0.12,335,315,318,355,343
2.59,-4.41,-4.41,-0.09,-0.04,-0.07,332,314,315,353,343
2.42,-3.14,-3.14,-0.19,-0.13,0.27,361,349,366,394,344
1.86,-3.29,-3.29,0.39,-0.03,0.14,411,405,429,457,347
2.57,-4.64,-4.64,-0.09,-0.07,-0.11,421,415,443,473,348
1.80,-3.40,-3.40,-0.14,-0.00,-0.06,399,392,416,444,347
2.32,-3.45,-3.45,0.18,0.15,-0.33,346,332,344,375,345
2.56,-4.12,-4.12,0.11,0.08,-0.10,336,315,319,355,343
2.98,-4.39,-4.39,0.08,0.03,-0.04,336,315,319,354,343
2.33,-3.48,-3.48,-0.12,-0.11,0.55,377,361,375,399,344
1.46,-3.07,-3.07,0.63,0.12,-0.11,414,407,432,463,345
3.28,-5.56,-5.56,0.11,0.06,-0.03,423,421,448,483,346
2.66,-3.98,-3.98,-0.25,-0.03,-0.01,401,402,428,458,345
2.39,-3.69,-3.69,0.08,0.09,-0.06,348,339,355,383,343
3.12,-4.84,-4.84,0.08,0.04,-0.17,339,317,320,355,342
2.91,-4.17,-4.17,-0.19,-0.05,-0.11,334,313,314,351,341
3.01,-3.89,-3.89,0.04,0.01,0.13,340,320,328,362,341
3.08,-5.04,-5.04,-0.41,-0.26,0.10,387,383,413,444,344
1.70,-2.43,-2.43,0.27,0.02,-0.11,423,416,448,485,346
2.53,-3.75,-3.75,0.13,0.03,-0.02,428,420,452,489,347
END
2.09,-3.37,-3.37,-0.27,0.01,-0.09,334,313,314,351,340
2.18,-3.47,-3.47,-0.04,-0.05,0.28,360,342,353,384,341
1.94,-4.12,-4.12,0.21,-0.18,-0.03,419,396,420,445,345
2.40,-4.58,-4.58,-0.02,-0.07,-0.07,436,412,438,468,347
1.93,-4.10,-4.10,-0.16,-0.03,-0.05,415,397,423,451,347
2.23,-3.71,-3.71,0.03,0.17,-0.20,348,337,357,388,343
2.70,-4.39,-4.39,0.14,0.06,-0.09,337,315,319,356,341
2.63,-3.78,-3.78,-0.02,-0.01,-0.06,332,313,314,352,341
2.86,-4.26,-4.26,0.01,-0.00,0.17,340,320,325,360,341
1.13,-2.09,-2.09,0.14,-0.18,0.15,396,382,401,424,346
2.62,-3.94,-3.94,0.13,-0.04,-0.17,443,419,443,472,352
2.15,-3.98,-3.98,-0.07,-0.02,-0.02,438,417,442,473,352
1.57,-2.88,-2.88,-0.17,0.03,-0.00,384,372,397,425,350
2.71,-4.37,-4.37,0.40,0.23,-0.36,339,318,325,361,344
2.68,-3.93,-3.93,-0.10,0.01,-0.06,335,313,313,352,342
2.84,-4.53,-4.53,0.06,0.01,-0.07,331,311,310,349,341
3.07,-3.53,-3.53,-0.16,-0.11,0.44,356,337,349,378,343
2.07,-3.42,-3.42,0.42,-0.07,-0.09,427,410,433,450,347
2.87,-4.72,-4.72,-0.19,-0.16,-0.07,459,435,462,487,351
1.36,-3.70,-3.70,-0.08,0.01,0.01,444,425,452,478,350
1.64,-2.63,-2.63,-0.18,0.07,-0.01,369,358,383,409,347
3.95,-5.19,-5.19,0.23,0.15,-0.16,339,315,321,357,343
3.19,-4.69,-4.69,-0.10,-0.03,-0.09,334,312,312,351,342
3.73,-5.18,-5.18,0.15,0.04,-0.01,337,315,317,354,342
2.29,-3.07,-3.07,-0.11,-0.25,0.29,396,376,399,426,345
1.86,-2.17,-2.17,0.50,0.03,-0.26,453,425,448,479,349
2.48,-5.18,-5.18,-0.15,-0.09,-0.06,458,431,457,489,350
1.52,-3.62,-3.62,-0.40,-0.08,0.00,411,397,421,449,348
2.00,-3.35,-3.35,0.43,0.29,-0.31,344,324,336,370,344
3.73,-4.84,-4.84,0.11,0.09,-0.08,338,314,316,353,342
2.85,-5.07,-5.07,-0.04,-0.00,-0.10,335,313,313,351,341
1.77,-2.43,-2.43,-0.18,-0.17,0.53,367,351,366,393,343
2.07,-3.13,-3.13,0.76,0.04,-0.14,446,417,440,465,346
2.73,-5.61,-5.61,-0.25,-0.12,0.12,461,432,457,485,348
2.00,-3.98,-3.98,-0.21,-0.01,0.01,440,416,441,468,347
END
2.12,-2.79,-2.79,-0.09,0.11,0.01,364,351,367,394,343
2.35,-4.39,-4.39,-0.04,-0.00,0.02,406,395,421,448,343
2.60,-4.53,-4.53,-0.06,-0.11,-0.03,430,412,441,470,344
1.89,-3.37,-3.37,0.01,-0.07,-0.07,427,410,436,465,345
1.62,-2.86,-2.86,-0.05,0.02,-0.10,383,369,389,415,344
2.49,-3.99,-3.99,0.34,0.22,-0.34,342,321,330,363,343
2.08,-3.92,-3.92,-0.13,-0.03,-0.03,338,315,318,355,341
2.94,-4.43,-4.43,0.25,0.10,-0.03,336,315,318,354,341
2.20,-3.01,-3.01,-0.13,-0.22,0.41,378,361,379,400,343
2.36,-3.72,-3.72,0.40,-0.01,-0.10,432,412,435,459,346
2.20,-4.95,-4.95,-0.15,-0.07,-0.04,445,423,449,475,347
2.04,-3.58,-3.58,-0.21,-0.03,-0.01,422,406,431,455,346
2.17,-4.04,-4.04,0.09,0.20,-0.16,354,343,362,388,343
3.27,-4.75,-4.75,0.04,0.03,-0.21,338,316,324,358,341
2.78,-3.91,-3.91,-0.10,-0.02,-0.08,335,313,318,353,341
3.66,-5.04,-5.04,0.24,0.06,-0.01,337,319,327,357,341
2.34,-4.40,-4.40,-0.21,-0.21,-0.06,382,377,395,415,344
2.18,-3.17,-3.17,0.38,0.11,-0.16,405,414,434,461,347
2.73,-3.64,-3.64,-0.12,-0.06,-0.06,406,420,441,470,350
1.97,-3.27,-3.27,-0.15,-0.04,-0.03,379,392,413,439,349
2.38,-3.46,-3.46,0.29,0.19,-0.21,339,333,347,375,345
2.80,-4.03,-4.03,0.06,0.06,-0.10,333,316,321,355,343
2.76,-3.64,-3.64,-0.08,0.04,-0.02,332,314,316,352,342
3.23,-3.73,-3.73,-0.03,-0.03,0.35,351,334,340,366,342
2.52,-4.90,-4.90,-0.08,-0.15,-0.02,408,388,408,424,344
2.55,-2.19,-2.19,0.28,-0.00,-0.06,431,409,431,453,347
2.07,-3.87,-3.87,0.11,0.05,-0.01,429,407,430,453,348
1.95,-3.20,-3.20,-0.29,-0.02,-0.03,393,370,390,410,346
2.29,-3.43,-3.43,0.28,0.20,-0.22,355,323,333,361,343
3.39,-4.36,-4.36,0.07,0.07,-0.14,341,314,317,351,342
2.71,-4.19,-4.19,0.01,-0.00,-0.08,339,313,314,349,341
2.52,-3.84,-3.84,-0.05,-0.03,0.29,359,329,338,367,342
2.34,-3.47,-3.47,-0.07,-0.27,-0.02,439,399,419,438,347
2.40,-5.21,-5.21,-0.11,-0.09,-0.09,464,425,450,474,349
2.00,-3.35,-3.35,0.13,0.04,0.01,470,429,454,482,351
END
2.25,-3.63,-3.63,-0.21,-0.00,-0.02,327,312,312,349,344
1.96,-2.49,-2.49,-0.06,-0.10,0.42,358,346,353,383,346
2.44,-2.79,-2.79,0.71,0.09,0.05,413,399,413,440,349
2.79,-4.99,-4.99,-0.00,-0.02,-0.08,428,411,430,459,348
2.45,-4.26,-4.26,-0.11,-0.01,-0.03,402,387,406,435,347
2.18,-3.58,-3.58,0.06,0.11,-0.11,349,333,345,379,346
2.63,-3.76,-3.76,0.05,0.05,-0.12,332,315,317,354,344
3.78,-4.92,-4.92,0.18,0.08,-0.28,328,309,307,348,342
2.43,-3.75,-3.75,0.09,0.05,-0.10,326,307,304,345,341
3.64,-4.77,-4.77,0.06,0.05,0.27,330,311,312,351,341
3.98,-5.43,-5.43,-0.13,-0.12,-0.07,370,351,371,403,342
1.65,-2.63,-2.63,0.18,-0.09,0.09,426,400,429,457,346
1.95,-4.08,-4.08,-0.07,-0.07,-0.02,433,407,437,466,346
1.90,-3.45,-3.45,-0.04,0.02,-0.06,400,379,403,430,345
2.34,-3.81,-3.81,0.22,0.18,-0.27,344,323,334,367,343
2.81,-4.78,-4.78,0.13,0.06,-0.18,336,313,314,352,342
2.53,-4.11,-4.11,-0.18,-0.06,-0.08,331,310,307,347,341
3.91,-4.82,-4.82,0.03,-0.00,0.36,339,317,319,354,342
2.73,-4.19,-4.19,-0.00,-0.15,0.16,402,379,407,432,345
2.12,-3.55,-3.55,0.24,0.01,-0.01,436,414,447,479,348
2.41,-4.44,-4.44,0.02,0.05,-0.02,422,403,435,468,348
1.94,-3.27,-3.27,-0.11,0.04,-0.02,372,355,381,411,345
2.90,-4.63,-4.63,0.28,0.17,-0.27,339,316,323,359,342
2.67,-4.33,-4.33,-0.03,-0.01,-0.15,333,311,310,349,341
2.73,-4.03,-4.03,0.02,-0.01,-0.06,328,309,306,347,341
2.61,-4.03,-4.03,-0.07,-0.05,0.18,338,317,321,359,341
2.89,-4.06,-4.06,0.02,-0.15,0.15,391,377,401,427,344
3.04,-6.07,-6.07,-0.17,-0.14,0.04,421,405,436,467,346
2.06,-4.29,-4.29,0.08,-0.03,-0.05,421,404,435,468,346
2.10,-3.66,-3.66,-0.13,-0.00,-0.00,384,369,396,427,345
2.12,-3.78,-3.78,0.20,0.09,-0.21,340,322,334,368,343
2.21,-4.38,-4.38,-0.02,-0.04,-0.10,334,313,316,352,342
2.70,-4.32,-4.32,-0.31,-0.20,-0.12,330,312,312,349,342
2.85,-4.00,-4.00,0.07,-0.07,0.03,336,318,323,358,343
0.11,-2.89,-2.89,-0.18,-0.25,0.47,405,381,400,426,348
END
1.28,-2.30,-2.30,0.35,-0.04,-0.01,368,348,363,395,349
2.78,-5.24,-5.24,0.18,0.18,-0.20,333,314,314,350,345
1.69,-2.97,-2.97,-0.04,0.03,-0.02,328,310,308,346,343
3.15,-3.96,-3.96,0.29,0.07,0.15,335,314,317,351,344
1.77,-2.76,-2.76,-0.14,-0.12,0.17,401,373,391,412,347
1.36,-2.23,-2.23,0.69,-0.03,-0.00,460,424,446,472,352
2.05,-4.41,-4.41,-0.21,0.01,-0.08,467,432,457,484,353
1.13,-3.74,-3.74,-0.35,-0.08,-0.06,423,401,424,446,352
1.84,-3.50,-3.50,0.28,0.22,-0.43,344,325,336,367,347
2.62,-4.20,-4.20,-0.19,0.01,-0.07,332,313,311,348,344
2.20,-3.54,-3.54,-0.19,-0.01,-0.08,326,309,305,345,343
2.97,-3.61,-3.61,0.48,0.16,0.03,329,311,312,348,344
2.78,-3.57,-3.57,0.02,-0.02,0.01,368,351,362,389,346
1.26,-1.04,-1.04,0.51,-0.17,0.16,431,404,425,447,352
1.91,-3.86,-3.86,-0.16,-0.17,-0.19,456,425,449,473,356
0.96,-2.96,-2.96,-0.09,0.05,0.04,439,414,439,464,355
1.36,-2.44,-2.44,0.08,0.17,-0.19,371,357,378,402,351
2.05,-3.91,-3.91,0.01,0.13,-0.25,335,317,322,355,347
2.66,-3.37,-3.37,-0.05,0.08,-0.11,329,313,313,349,345
3.24,-4.00,-4.00,0.37,0.15,0.07,335,319,323,357,346
1.86,-1.99,-1.99,0.22,-0.16,0.38,396,379,393,420,349
1.74,-3.03,-3.03,0.26,-0.04,-0.09,439,418,439,469,351
1.67,-3.95,-3.95,0.02,0.01,-0.05,438,420,442,472,352
1.42,-2.66,-2.66,-0.22,-0.06,-0.04,389,378,399,425,350
2.66,-4.11,-4.11,0.34,0.22,-0.34,340,324,333,364,347
2.48,-3.98,-3.98,-0.19,-0.06,-0.08,333,315,318,353,345
2.12,-3.20,-3.20,0.14,0.03,-0.05,331,314,316,351,345
2.66,-4.51,-4.51,-0.05,-0.10,0.04,345,334,343,369,346
1.26,-2.18,-2.18,0.21,-0.04,0.23,414,394,411,432,350
2.28,-4.03,-4.03,-0.09,-0.13,-0.11,431,412,434,460,351
1.28,-3.26,-3.26,-0.08,0.03,-0.04,416,403,425,452,351
1.18,-2.83,-2.83,0.13,0.22,-0.03,368,359,377,404,348
3.24,-4.77,-4.77,0.19,0.13,-0.42,334,318,325,358,345
2.41,-3.42,-3.42,-0.21,-0.05,-0.06,329,314,316,351,344
1.96,-3.04,-3.04,0.25,0.10,-0.01,327,313,314,350,344
END
2.58,-3.80,-3.80,0.12,0.06,0.04,461,427,454,485,352
2.69,-4.11,-4.11,-0.22,-0.02,-0.09,440,413,439,467,351
2.21,-3.27,-3.27,0.17,0.17,-0.04,380,363,383,408,348
3.37,-4.86,-4.86,0.28,0.19,-0.25,340,320,329,362,345
3.17,-4.08,-4.08,-0.11,0.00,0.12,334,315,318,353,344
4.00,-4.97,-4.97,0.05,0.02,0.17,336,318,324,357,343
1.62,-2.24,-2.24,-0.43,-0.30,0.55,402,384,405,422,346
2.86,-4.13,-4.13,0.13,-0.19,-0.02,457,428,454,479,349
1.21,-3.67,-3.67,0.07,-0.15,0.09,471,439,465,493,351
1.36,-4.31,-4.31,-0.18,-0.03,0.14,445,420,443,468,350
0.75,-2.90,-2.90,0.20,0.25,0.11,362,343,356,384,347
2.39,-4.05,-4.05,0.39,0.29,-0.03,335,315,316,353,343
3.11,-5.86,-5.86,0.23,0.17,-0.10,329,310,309,350,341
3.07,-5.37,-5.37,-0.14,0.00,0.28,337,319,328,363,342
2.81,-4.76,-4.76,-0.62,-0.28,0.04,409,393,421,447,345
1.31,-3.24,-3.24,0.42,-0.10,0.05,455,428,458,488,351
1.18,-4.11,-4.11,-0.03,-0.06,-0.07,452,427,455,484,352
0.73,-3.45,-3.45,-0.19,0.05,-0.10,392,379,401,424,349
1.99,-3.88,-3.88,0.65,0.39,-0.19,336,317,321,357,343
2.05,-4.00,-4.00,0.01,0.02,-0.04,331,312,311,350,341
2.66,-4.83,-4.83,-0.00,-0.06,-0.07,331,313,315,351,341
2.02,-3.45,-3.45,-0.63,-0.45,0.07,384,368,389,407,345
1.44,-3.29,-3.29,-0.15,-0.20,-0.08,456,424,452,478,352
0.52,-3.41,-3.41,-0.16,-0.21,-0.09,471,437,465,495,355
2.39,-3.96,-3.96,-0.03,0.08,-0.01,455,427,452,480,354
1.57,-3.00,-3.00,-0.00,0.14,-0.15,379,365,385,408,350
1.93,-3.35,-3.35,0.52,0.25,-0.18,335,315,318,354,345
2.33,-4.00,-4.00,0.10,0.07,-0.07,330,312,311,349,343
2.91,-3.85,-3.85,0.03,0.00,-0.01,335,319,328,357,343
1.88,-3.34,-3.34,-0.65,-0.38,0.38,408,387,413,429,347
1.40,-3.27,-3.27,-0.11,-0.20,-0.16,452,420,448,470,350
1.63,-3.74,-3.74,0.15,0.03,-0.07,443,415,441,465,351
1.70,-3.24,-3.24,0.05,0.11,-0.33,377,359,380,404,349
2.98,-4.86,-4.86,0.50,0.28,-0.30,334,314,318,354,345
1.95,-3.40,-3.40,-0.03,-0.02,-0.12,329,312,312,350,343
END
3.47,-4.99,-4.99,0.12,0.05,0.23,336,314,317,352,344
2.15,-3.88,-3.88,-0.02,-0.01,-0.05,331,312,311,349,342
2.67,-3.91,-3.91,0.01,0.02,0.24,342,322,331,366,344
3.74,-5.15,-5.15,-0.45,-0.13,-0.09,373,360,390,432,346
1.62,-1.26,-1.26,0.18,-0.20,0.18,442,410,440,475,352
1.34,-4.97,-4.97,-0.15,-0.13,-0.09,456,420,448,479,353
1.25,-3.11,-3.11,-0.15,-0.03,0.00,425,397,420,447,352
1.77,-3.18,-3.18,0.19,0.20,-0.27,355,333,345,377,348
2.95,-4.88,-4.88,0.13,0.10,-0.23,337,314,317,353,344
2.59,-4.25,-4.25,0.28,0.14,-0.09,334,313,314,351,343
1.69,-2.42,-2.42,-0.11,-0.12,0.32,358,340,351,381,344
1.97,-4.01,-4.01,0.41,-0.04,-0.13,427,399,423,449,347
2.24,-4.81,-4.81,-0.25,-0.14,-0.01,456,424,452,483,351
1.62,-3.49,-3.49,-0.02,0.04,0.02,444,417,443,474,351
1.43,-2.70,-2.70,-0.22,0.05,-0.01,382,365,387,414,348
2.36,-4.46,-4.46,0.38,0.19,-0.25,340,317,324,358,344
1.95,-4.08,-4.08,0.06,0.06,-0.04,336,313,316,352,342
2.89,-5.17,-5.17,0.05,0.02,0.01,336,316,322,355,342
1.48,-2.91,-2.91,-0.24,-0.21,0.09,393,373,397,423,344
1.39,-3.10,-3.10,0.74,0.10,-0.25,441,415,444,474,347
2.05,-4.95,-4.95,-0.11,-0.10,-0.04,453,425,456,489,349
1.79,-4.49,-4.49,-0.42,-0.09,0.03,425,407,436,466,348
1.59,-2.38,-2.38,0.16,0.20,-0.17,352,340,362,389,345
3.06,-5.17,-5.17,0.11,0.04,-0.17,337,314,319,354,342
2.16,-3.99,-3.99,-0.02,-0.01,-0.04,335,313,316,352,342
2.18,-3.29,-3.29,-0.07,-0.04,0.25,346,340,357,389,343
1.69,-2.90,-2.90,0.18,-0.22,-0.01,419,404,430,459,347
2.21,-5.65,-5.65,-0.71,-0.41,-0.17,444,428,456,489,351
1.56,-3.15,-3.15,-0.05,0.03,0.06,436,423,449,481,351
1.25,-2.66,-2.66,-0.08,0.06,0.03,390,385,411,436,349
2.23,-4.13,-4.13,0.39,0.20,-0.42,340,324,338,366,346
2.84,-4.27,-4.27,-0.07,0.03,0.03,337,314,319,353,343
2.46,-4.15,-4.15,0.16,0.04,-0.03,336,315,320,353,343
1.21,-2.18,-2.18,-0.30,-0.16,0.37,385,379,403,421,345
1.38,-3.01,-3.01,0.32,-0.01,-0.05,436,422,450,473,346
END
2.01,-4.01,-4.01,0.13,-0.02,-0.05,344,331,347,372,344
2.25,-3.79,-3.79,0.15,-0.17,-0.08,419,399,423,439,347
1.91,-5.09,-5.09,-0.11,-0.11,0.02,448,422,445,465,350
2.40,-4.06,-4.06,0.14,0.05,-0.05,440,416,439,460,350
1.23,-2.81,-2.81,-0.16,0.07,0.07,387,374,399,418,348
1.59,-3.35,-3.35,0.38,0.20,-0.16,343,324,339,370,345
3.09,-3.58,-3.58,-0.08,0.03,0.00,337,315,321,356,343
2.54,-4.25,-4.25,0.05,-0.02,-0.04,334,313,317,353,343
3.12,-4.56,-4.56,-0.05,-0.10,0.50,363,345,354,381,345
2.15,-4.44,-4.44,-0.04,-0.21,-0.16,410,386,406,429,347
2.21,-4.49,-4.49,0.03,0.02,-0.04,415,392,415,440,347
1.82,-3.74,-3.74,-0.09,0.04,0.05,388,369,389,415,346
1.87,-3.78,-3.78,0.09,0.08,-0.07,348,330,344,375,344
2.49,-4.35,-4.35,0.12,0.03,-0.16,337,315,321,358,342
2.43,-4.44,-4.44,-0.10,-0.03,-0.00,332,313,317,355,342
2.20,-4.57,-4.57,-0.01,-0.01,-0.01,337,320,327,361,342
2.11,-3.52,-3.52,0.34,-0.08,-0.10,407,391,409,434,347
2.02,-3.61,-3.61,-0.05,-0.09,0.00,453,427,450,475,348
2.02,-3.74,-3.74,0.28,0.13,-0.05,454,428,449,474,348
1.62,-3.94,-3.94,-0.30,-0.02,0.10,415,398,420,441,346
1.53,-3.65,-3.65,0.19,0.20,-0.11,350,334,351,379,344
2.76,-5.06,-5.06,0.00,-0.01,-0.25,334,315,321,357,342
2.02,-3.66,-3.66,-0.18,-0.02,-0.06,332,313,317,354,342
2.30,-4.06,-4.06,-0.05,-0.04,0.10,339,326,337,368,343
2.18,-3.29,-3.29,0.14,-0.13,0.08,410,395,418,441,346
2.58,-4.81,-4.81,0.03,-0.07,-0.12,445,423,449,475,347
1.35,-3.32,-3.32,0.16,0.06,0.05,441,420,444,470,346
1.26,-3.28,-3.28,-0.03,0.03,0.06,407,390,413,438,345
1.67,-3.04,-3.04,0.31,0.21,-0.09,347,328,342,372,343
2.33,-4.49,-4.49,0.16,0.11,-0.06,334,314,318,354,342
2.23,-4.05,-4.05,-0.14,-0.03,-0.07,330,312,315,351,341
2.56,-4.05,-4.05,-0.13,-0.05,0.12,354,339,349,375,343
1.42,-3.47,-3.47,0.01,-0.09,-0.03,435,406,426,439,345
2.84,-4.82,-4.82,-0.04,-0.08,-0.13,469,433,458,477,347
1.76,-3.65,-3.65,-0.03,0.01,-0.02,462,429,453,474,348
END
1.39,-3.24,-3.24,-0.12,0.05,-0.00,408,380,389,403,346
1.68,-3.09,-3.09,0.13,-0.05,-0.05,434,403,418,432,349
1.54,-3.39,-3.39,0.01,0.04,0.05,421,396,412,431,348
1.74,-3.17,-3.17,0.03,0.08,-0.14,368,350,361,385,345
2.38,-3.68,-3.68,0.33,0.17,-0.27,337,317,320,352,343
2.51,-3.85,-3.85,0.01,0.01,-0.08,333,314,314,348,342
2.45,-4.16,-4.16,0.12,0.05,0.21,339,320,324,355,342
2.82,-4.26,-4.26,0.21,-0.04,0.08,375,355,368,395,343
2.50,-4.23,-4.23,0.10,-0.08,-0.11,420,395,415,436,345
2.03,-4.59,-4.59,0.04,0.01,-0.02,422,399,418,440,345
1.75,-3.64,-3.64,-0.30,-0.01,0.07,377,360,375,398,344
2.83,-5.46,-5.46,0.26,0.15,-0.31,338,318,324,356,342
2.42,-3.81,-3.81,-0.08,-0.02,0.00,334,314,315,350,341
2.99,-5.17,-5.17,0.12,0.03,-0.07,336,316,319,352,341
1.16,-1.92,-1.92,0.09,-0.13,0.11,378,357,371,401,343
2.99,-4.88,-4.88,-0.11,-0.21,-0.00,428,407,435,462,348
1.90,-4.21,-4.21,0.03,0.03,-0.01,440,418,446,473,349
1.69,-3.62,-3.62,-0.25,-0.05,0.07,406,391,414,437,348
1.59,-3.74,-3.74,0.36,0.21,-0.13,346,329,342,369,344
2.75,-4.16,-4.16,0.05,0.03,-0.15,337,314,318,352,342
2.25,-4.22,-4.22,0.00,0.00,-0.07,335,314,317,351,341
2.03,-3.04,-3.04,-0.08,-0.09,0.24,354,338,348,377,343
2.56,-4.31,-4.31,0.06,-0.16,-0.16,392,377,395,427,347
2.29,-4.36,-4.36,-0.13,-0.18,-0.13,405,391,413,447,350
1.54,-3.22,-3.22,-0.09,-0.01,-0.01,392,379,398,431,350
1.61,-3.14,-3.14,0.12,0.16,-0.10,343,329,340,372,347
3.18,-5.14,-5.14,0.11,0.11,-0.19,334,314,318,353,343
2.48,-3.82,-3.82,-0.08,-0.01,-0.04,333,313,314,350,342
2.78,-3.71,-3.71,-0.01,-0.02,0.19,342,324,327,360,343
1.41,-3.93,-3.93,-0.16,-0.22,0.08,389,374,393,419,351
1.92,-3.61,-3.61,0.17,0.06,-0.04,411,398,424,453,359
1.97,-3.81,-3.81,-0.09,0.00,0.01,395,385,408,436,358
1.86,-3.88,-3.88,0.11,0.11,-0.17,345,332,345,375,351
3.49,-5.22,-5.22,-0.11,-0.03,-0.13,336,315,317,353,346
2.15,-3.72,-3.72,0.09,0.03,-0.07,333,313,313,350,343
END
2.25,-3.88,-3.88,0.03,-0.04,0.26,329,313,316,352,342
2.40,-3.79,-3.79,-0.29,-0.29,0.42,363,353,371,400,344
2.21,-5.22,-5.22,0.11,-0.15,-0.14,441,417,445,475,349
1.82,-4.26,-4.26,-0.42,-0.15,0.14,462,434,460,493,353
1.81,-4.09,-4.09,0.15,0.12,0.10,442,420,446,477,353
1.24,-3.09,-3.09,-0.17,0.10,0.10,361,350,374,403,348
3.05,-5.12,-5.12,0.22,0.07,-0.33,335,314,319,355,344
2.51,-4.28,-4.28,-0.22,-0.07,-0.04,331,312,313,351,343
2.79,-5.02,-5.02,0.18,0.06,0.05,334,316,320,360,343
0.29,-2.98,-2.98,0.38,-0.21,-0.20,390,371,385,421,347
2.59,-4.16,-4.16,0.12,-0.09,-0.20,429,402,416,456,351
1.92,-4.09,-4.09,0.09,0.01,-0.06,431,404,419,459,351
1.32,-3.37,-3.37,-0.13,0.10,0.24,381,364,384,423,347
2.15,-4.82,-4.82,0.28,0.23,-0.15,339,318,328,364,343
2.69,-4.12,-4.12,-0.36,-0.04,-0.10,334,313,315,352,341
2.31,-4.02,-4.02,0.36,0.13,0.06,333,314,317,353,341
0.62,-2.30,-2.30,0.15,-0.33,0.17,382,367,382,404,343
2.44,-4.97,-4.97,0.08,-0.12,-0.20,436,414,436,466,347
2.21,-5.29,-5.29,-0.00,-0.02,-0.02,453,426,452,486,349
1.54,-4.02,-4.02,-0.41,-0.04,0.15,422,405,432,461,348
1.56,-3.60,-3.60,0.08,0.14,-0.11,352,338,356,384,344
2.58,-4.61,-4.61,0.16,0.11,-0.11,338,314,318,352,342
2.36,-4.25,-4.25,-0.00,0.01,-0.09,335,313,315,350,341
3.48,-4.38,-4.38,-0.08,-0.03,0.19,347,333,344,380,343
1.63,-4.42,-4.42,0.09,-0.10,0.01,405,388,410,445,346
2.46,-4.36,-4.36,-0.01,-0.07,0.04,437,414,435,477,348
1.75,-4.12,-4.12,0.09,0.01,-0.06,431,411,432,474,349
1.51,-3.69,-3.69,-0.30,-0.00,-0.07,375,362,382,419,346
3.89,-5.99,-5.99,0.28,0.16,-0.50,333,318,325,361,343
2.36,-3.68,-3.68,-0.18,-0.05,-0.04,332,313,316,353,342
2.79,-5.10,-5.10,0.20,0.02,-0.06,333,315,319,354,342
0.58,-0.91,-0.91,0.65,-0.01,0.01,397,378,389,411,345
1.67,-3.90,-3.90,0.20,-0.07,-0.15,446,421,429,457,348
1.93,-5.02,-5.02,0.00,-0.01,-0.07,441,420,433,461,349
1.60,-3.79,-3.79,-0.32,-0.01,-0.03,390,375,392,418,346
END
2.30,-4.77,-4.77,0.41,0.24,-0.45,438,405,432,459,348
1.74,-3.88,-3.88,0.23,0.04,-0.02,446,413,437,467,348
1.36,-4.01,-4.01,-0.16,-0.00,0.06,415,390,412,440,348
1.54,-3.80,-3.80,0.18,0.19,-0.07,353,336,352,382,345
2.64,-4.87,-4.87,0.01,-0.02,-0.22,340,315,321,358,343
2.09,-3.75,-3.75,0.17,0.06,0.08,338,314,320,356,343
3.49,-5.82,-5.82,-0.19,-0.08,0.09,359,344,360,393,346
2.13,-3.06,-3.06,0.36,0.00,-0.04,418,399,423,446,352
1.85,-4.11,-4.11,0.23,-0.07,0.01,446,419,444,469,355
1.40,-4.01,-4.01,-0.13,-0.01,-0.01,433,409,434,458,354
0.89,-2.63,-2.63,-0.31,0.02,0.00,369,353,372,397,350
2.45,-4.54,-4.54,0.06,0.10,-0.30,340,316,320,357,347
2.16,-3.55,-3.55,-0.03,-0.01,-0.04,336,314,317,354,345
2.17,-4.57,-4.57,0.05,-0.03,-0.04,339,320,328,366,346
0.76,-1.74,-1.74,0.48,-0.04,0.13,398,381,392,421,349
0.78,-3.14,-3.14,0.16,-0.11,0.07,409,409,426,457,352
2.10,-4.69,-4.69,0.17,-0.04,-0.05,407,412,430,462,352
0.83,-3.10,-3.10,-0.31,-0.07,0.02,377,375,392,424,350
1.60,-4.45,-4.45,0.46,0.39,-0.14,338,324,334,365,345
2.32,-4.21,-4.21,0.08,0.08,-0.19,330,317,320,356,343
2.33,-4.37,-4.37,0.01,-0.00,0.04,331,320,324,358,342
1.11,-1.48,-1.48,0.27,-0.27,0.06,394,389,397,416,345
1.74,-3.83,-3.83,0.50,0.08,-0.31,444,428,438,465,347
2.09,-5.44,-5.44,0.18,0.03,-0.11,455,438,451,482,349
1.42,-4.36,-4.36,-0.35,-0.06,0.16,425,415,433,460,349
1.28,-3.36,-3.36,-0.12,0.14,0.05,354,343,360,387,345
2.79,-5.25,-5.25,0.02,0.04,-0.16,332,318,323,356,343
1.64,-3.48,-3.48,-0.04,-0.02,-0.12,330,316,320,355,343
2.52,-4.68,-4.68,-0.06,-0.01,0.07,338,325,331,367,343
END