9.46,1.67,-4.31,0.18,-0.07,-0.18,358,337,369,406,364
8.66,2.74,-4.31,0.07,0.03,-0.06,359,338,370,406,364
8.68,2.48,-4.31,0.07,0.01,-0.05,359,339,370,407,364
8.55,2.46,-4.19,0.06,0.01,-0.04,359,339,370,407,364
8.69,2.35,-4.45,0.03,-0.00,-0.03,359,338,370,406,363
8.68,2.61,-4.41,0.04,-0.02,-0.02,359,339,370,406,363
9.00,3.40,-4.59,0.08,-0.02,0.00,359,338,370,406,363
8.84,3.68,-5.05,0.28,-0.02,0.04,359,339,370,406,363
9.01,3.53,-5.18,0.42,-0.05,-0.00,359,339,370,407,363
9.05,2.86,-4.57,0.57,-0.01,-0.01,358,339,370,407,363
8.76,1.96,-4.57,0.60,0.01,0.07,359,338,370,407,363
8.31,1.46,-4.74,0.63,-0.02,0.04,359,338,370,407,363
8.34,1.23,-4.52,0.58,-0.08,-0.04,358,338,370,407,362
8.39,0.64,-5.17,0.61,-0.13,-0.05,358,337,371,408,362
7.85,0.53,-5.30,0.62,-0.16,-0.15,356,336,371,408,361
7.93,0.42,-5.78,0.64,-0.16,-0.13,355,335,372,410,361
10.33,-6.19,-1.11,0.86,-0.04,-0.29,352,348,376,411,357
7.53,-1.97,-3.80,0.08,0.16,0.34,354,373,388,423,354
8.34,-0.77,-5.69,-0.01,-0.09,0.06,348,360,384,418,354
7.77,0.32,-6.83,0.12,0.01,-0.06,343,346,379,413,355
8.20,-0.33,-6.07,0.12,0.00,-0.10,342,343,377,411,353
8.66,-0.55,-5.46,0.14,0.08,-0.05,341,342,377,410,353
8.48,-0.31,-5.51,0.08,0.05,0.01,340,340,376,409,352
7.80,-0.51,-5.60,0.06,0.02,0.05,339,339,375,408,352
7.93,-0.54,-5.46,0.02,-0.02,-0.03,339,338,375,408,352
8.07,-0.77,-5.48,0.03,-0.01,-0.04,339,338,374,408,352
8.54,-0.51,-5.71,0.03,-0.02,-0.05,339,338,374,408,351
8.04,-0.77,-5.30,0.05,0.01,-0.01,339,337,374,408,352
8.05,-0.62,-5.48,0.06,0.01,-0.07,339,337,374,407,352
8.51,-0.59,-5.67,0.02,0.01,-0.04,339,337,374,407,351
8.26,-0.61,-5.51,0.03,-0.01,-0.04,338,337,374,407,352
8.10,-0.57,-5.58,0.05,0.01,-0.04,339,337,374,407,351
8.28,-0.62,-5.49,0.04,0.00,-0.02,339,337,374,407,351
8.37,-0.50,-5.53,0.05,0.01,-0.03,339,337,373,407,351
7.99,-0.70,-5.48,0.04,0.00,-0.01,339,337,373,407,351
8.27,-0.75,-5.52,0.06,-0.00,-0.05,339,337,373,407,352
END
8.38,-0.68,-5.59,0.05,0.01,-0.03,342,336,366,401,353
8.18,2.12,-4.85,0.07,0.01,-0.03,342,336,366,401,353
8.29,2.06,-4.85,0.05,0.01,-0.03,343,337,366,401,353
8.26,2.17,-4.78,0.03,0.01,-0.03,342,337,366,401,353
8.53,2.25,-4.79,0.04,0.01,-0.04,343,337,366,401,353
8.47,2.12,-4.82,0.04,-0.01,-0.05,343,337,366,401,353
8.38,2.14,-4.87,0.04,-0.01,-0.03,343,337,366,401,353
8.48,2.45,-5.04,0.01,0.00,-0.02,343,337,366,401,353
8.73,2.96,-5.11,0.08,0.02,-0.04,343,337,366,401,352
9.29,3.95,-5.38,0.24,-0.03,-0.04,343,337,366,401,352
8.87,4.21,-5.64,0.59,-0.00,0.00,342,336,365,401,352
8.31,2.74,-4.97,0.77,-0.06,-0.08,342,335,365,400,352
8.21,1.19,-4.75,0.77,-0.04,-0.06,341,335,364,400,352
7.57,0.22,-4.77,0.77,-0.05,-0.18,341,334,363,400,351
7.68,0.34,-5.53,0.61,-0.05,-0.21,341,334,363,399,350
7.70,0.85,-5.84,0.57,-0.00,-0.19,341,334,363,399,349
7.62,0.32,-5.48,0.81,0.11,-0.29,340,333,363,399,348
9.62,-1.96,-3.12,-0.89,-0.28,0.31,341,349,366,400,342
9.17,-1.28,-4.95,-0.06,0.06,0.09,342,347,367,399,341
8.36,-0.24,-6.61,0.16,0.07,0.16,339,338,364,397,340
7.15,-0.59,-5.60,0.17,0.05,0.02,338,335,363,396,340
8.35,-0.50,-4.95,0.11,0.01,-0.06,338,334,363,396,340
8.51,-0.57,-5.46,0.09,-0.00,-0.02,337,334,363,395,340
8.65,-0.30,-5.71,0.06,-0.02,0.01,337,333,363,395,339
8.01,-0.87,-4.92,0.04,-0.02,0.01,337,332,363,396,340
8.61,-0.52,-5.32,0.03,-0.02,-0.04,337,332,363,396,340
8.22,-0.81,-5.56,-0.01,-0.03,-0.05,337,332,363,396,340
8.64,-0.72,-5.57,0.01,-0.01,-0.05,337,333,363,396,340
8.18,-0.78,-5.51,0.02,-0.01,-0.06,337,332,363,396,340
8.16,-0.71,-5.35,0.03,-0.00,-0.04,337,333,363,396,340
8.46,-0.43,-5.64,0.04,-0.01,-0.07,337,332,363,396,340
8.39,-0.70,-5.13,0.02,0.00,-0.02,337,332,363,396,340
8.46,-0.52,-5.69,0.02,0.00,-0.02,337,332,363,396,340
8.30,-0.57,-5.57,0.03,0.01,-0.01,336,332,362,396,340
8.20,-0.77,-5.41,0.04,0.00,-0.01,336,332,362,395,340
8.22,-0.50,-5.45,0.05,-0.02,-0.05,336,332,362,395,340
END
8.54,-0.63,-5.31,0.03,-0.01,-0.05,343,341,364,395,345
8.51,1.79,-5.02,0.01,-0.04,-0.06,343,341,363,395,345
8.47,1.74,-5.23,0.02,0.00,-0.02,343,341,364,395,345
8.36,1.92,-5.18,0.02,-0.02,-0.05,343,341,364,395,345
8.34,2.01,-5.04,0.02,-0.02,-0.05,343,341,364,395,345
8.39,2.06,-5.10,0.05,-0.02,-0.06,343,341,364,395,345
8.59,2.22,-5.28,0.07,0.00,-0.02,343,341,363,395,345
8.82,2.55,-5.25,0.11,-0.02,-0.04,343,341,364,395,344
8.77,3.18,-5.76,0.33,-0.03,-0.04,343,340,363,395,344
8.61,3.23,-5.63,0.46,-0.16,-0.13,342,339,361,395,344
8.05,3.53,-5.74,0.75,-0.05,-0.15,341,337,362,395,345
7.87,2.46,-5.34,0.97,-0.08,-0.35,340,335,361,394,344
8.41,1.18,-4.92,0.93,-0.09,-0.30,339,333,360,394,343
7.38,0.23,-5.01,0.94,-0.04,-0.26,338,331,359,393,342
7.42,-0.83,-5.53,0.70,-0.21,-0.31,338,329,358,393,342
7.89,-0.98,-5.68,0.70,-0.12,-0.31,337,327,357,392,340
7.11,-2.33,-3.77,-0.95,-0.04,0.50,337,339,361,394,338
8.53,-0.52,-6.22,-0.19,-0.02,-0.10,336,334,361,393,338
8.20,-0.16,-7.21,0.08,0.12,0.07,334,328,358,391,338
7.65,-0.14,-6.79,0.11,0.07,0.02,333,326,357,390,338
7.33,-0.45,-5.83,0.13,0.07,0.01,332,325,356,390,338
8.11,-0.19,-5.87,0.09,-0.01,-0.02,333,325,356,390,337
7.95,-0.40,-5.56,0.07,-0.01,0.01,332,325,356,390,337
7.99,-0.23,-5.92,0.04,-0.03,-0.01,332,324,356,389,337
7.84,-0.46,-5.90,0.02,-0.02,-0.01,332,325,356,390,337
7.73,-0.60,-6.07,0.05,0.00,-0.04,332,324,356,390,337
8.14,-0.41,-6.17,0.03,-0.01,-0.04,332,324,356,390,337
7.89,-0.69,-6.05,0.04,0.00,-0.01,332,324,356,390,337
7.87,-0.46,-6.08,0.05,0.01,-0.03,332,324,356,390,337
7.87,-0.52,-6.00,0.04,0.00,-0.04,332,324,356,389,337
7.95,-0.42,-6.02,0.06,0.01,-0.04,332,324,356,389,337
7.78,-0.49,-5.94,0.05,0.01,-0.04,332,324,356,390,337
7.89,-0.59,-5.81,0.03,0.00,-0.05,332,324,356,390,337
8.12,-0.47,-6.14,0.02,0.00,-0.06,332,324,356,389,337
8.10,-0.52,-6.08,0.03,0.01,-0.02,332,324,356,389,337
7.72,-0.55,-5.92,0.06,0.01,-0.05,332,324,356,390,337
END
7.82,-0.42,-5.78,0.05,0.01,-0.05,337,329,357,390,342
8.22,2.07,-5.18,0.04,0.01,-0.03,337,329,357,390,342
8.29,2.11,-5.03,0.04,0.00,-0.04,337,329,357,390,342
8.11,2.00,-4.87,0.04,0.00,-0.05,337,328,356,390,341
8.36,2.07,-4.99,0.05,-0.01,-0.06,337,329,356,390,342
8.43,2.38,-5.15,0.04,-0.00,-0.05,337,329,356,390,341
8.31,2.90,-5.65,0.11,-0.02,-0.06,338,329,356,390,341
8.46,3.59,-5.66,0.27,-0.07,-0.13,337,328,356,390,342
8.46,3.82,-5.93,0.45,-0.15,-0.17,336,329,356,389,341
7.72,3.65,-5.95,0.62,-0.09,-0.12,336,328,355,389,342
7.24,2.70,-5.72,0.80,0.02,-0.20,336,328,354,389,341
7.85,0.73,-5.10,0.85,0.07,-0.27,335,327,354,388,341
8.19,0.49,-4.92,0.65,0.03,-0.13,335,327,353,388,340
8.46,0.06,-4.98,0.52,-0.11,-0.04,334,326,353,388,339
8.26,0.17,-5.18,0.35,-0.11,0.03,334,325,352,387,339
6.63,0.57,-6.07,0.32,-0.05,0.04,333,324,352,387,338
7.82,-2.38,-4.54,0.06,-0.16,-0.10,330,324,352,387,336
7.35,-1.13,-4.88,-0.30,0.20,0.27,329,331,353,386,335
8.49,0.05,-7.23,-0.15,0.03,-0.08,328,325,353,386,334
7.16,-0.15,-7.26,0.03,0.14,-0.04,326,321,351,384,334
7.82,0.06,-6.76,0.11,0.05,-0.10,325,320,350,383,334
8.21,0.17,-5.99,0.15,0.05,-0.01,325,320,350,383,334
8.19,0.42,-5.86,0.13,0.03,0.01,325,320,350,383,334
7.75,0.17,-5.56,0.09,0.02,0.02,325,320,351,383,334
8.01,0.31,-5.76,0.05,0.02,-0.01,325,319,351,383,334
7.97,0.09,-5.90,0.03,0.02,-0.01,325,319,351,383,334
7.85,-0.14,-5.91,0.03,0.00,-0.02,324,319,351,383,334
7.99,0.05,-5.89,0.02,-0.01,-0.03,325,318,351,383,334
8.03,-0.03,-5.92,0.03,-0.01,-0.03,325,318,351,383,334
8.03,-0.01,-5.96,0.03,-0.00,-0.02,325,318,351,383,334
7.87,-0.06,-5.82,0.03,-0.01,-0.03,324,319,351,383,334
8.11,0.04,-5.96,0.03,-0.00,-0.03,324,318,351,383,334
7.98,0.04,-6.09,0.04,-0.00,-0.03,324,318,351,383,334
8.00,-0.09,-5.86,0.02,-0.01,-0.04,324,318,351,383,334
8.14,0.01,-5.84,0.03,-0.01,-0.02,324,318,351,383,334
7.85,0.03,-6.12,0.04,0.00,-0.02,324,318,351,383,334
END
7.85,0.03,-5.76,0.04,0.01,-0.03,335,338,358,390,337
8.12,2.23,-5.35,0.06,-0.02,-0.04,335,339,358,390,337
8.28,2.10,-5.69,0.06,-0.02,-0.05,335,339,358,389,338
8.05,2.06,-5.50,0.06,0.01,-0.03,335,339,358,389,338
8.22,2.12,-5.48,0.07,-0.01,-0.05,335,339,358,390,338
8.22,2.31,-5.45,0.05,0.00,-0.02,335,339,358,390,338
8.20,2.59,-5.68,0.13,-0.02,-0.04,335,339,358,390,338
8.46,2.91,-6.07,0.19,-0.05,-0.05,335,339,358,390,338
8.41,3.30,-6.10,0.35,-0.04,-0.03,335,339,358,390,338
8.26,3.27,-6.03,0.49,-0.05,-0.08,334,338,358,389,338
8.05,2.17,-5.76,0.65,-0.07,-0.14,334,336,357,389,338
8.10,1.62,-5.34,0.64,-0.00,-0.05,333,335,356,388,337
8.31,0.40,-5.13,0.59,-0.02,-0.05,333,334,355,388,337
7.27,-0.07,-5.66,0.50,-0.06,-0.07,333,333,355,387,337
7.44,-1.13,-5.60,0.55,-0.02,-0.15,332,333,354,387,336
8.02,-1.03,-6.08,0.47,0.02,-0.04,332,331,354,388,335
7.57,-3.32,-3.45,-0.36,-0.05,0.25,331,334,355,388,335
7.57,-0.88,-5.71,-0.15,0.07,0.02,330,332,358,388,334
8.06,-0.51,-6.95,-0.08,-0.05,-0.03,329,326,357,388,334
8.04,-0.55,-6.41,-0.02,-0.03,-0.02,328,323,357,387,334
7.81,-0.45,-6.24,0.02,-0.01,-0.04,328,322,357,387,334
7.93,-0.33,-6.45,0.07,0.02,-0.04,327,320,357,386,334
8.03,-0.45,-6.03,0.07,0.02,-0.03,327,320,357,386,335
7.95,-0.22,-5.79,0.06,0.02,-0.01,327,320,357,386,333
7.51,-0.41,-5.93,0.05,0.01,-0.03,327,319,357,386,333
7.78,-0.57,-5.93,0.04,0.00,-0.05,326,319,357,386,332
8.01,-0.40,-6.02,0.03,-0.01,-0.04,326,318,357,386,334
7.85,-0.42,-5.99,0.03,-0.00,-0.01,326,318,357,386,333
7.69,-0.55,-6.09,0.04,0.00,-0.02,327,318,357,386,333
8.07,-0.39,-6.13,0.04,-0.00,-0.03,326,318,357,386,333
7.70,-0.40,-5.94,0.03,-0.00,-0.02,326,318,357,386,333
7.87,-0.55,-5.79,0.04,-0.01,-0.04,326,318,357,386,333
7.95,-0.46,-5.97,0.04,-0.01,-0.04,326,318,357,386,333
8.04,-0.48,-5.99,0.04,0.01,-0.01,326,317,356,386,333
7.77,-0.51,-6.11,0.04,0.01,-0.03,326,317,356,386,333
7.84,-0.58,-6.02,0.05,0.00,-0.04,326,317,356,386,333
END
7.71,-0.47,-5.92,0.04,0.01,-0.05,341,346,364,395,337
8.40,1.87,-5.62,0.09,0.00,-0.04,341,345,363,394,337
8.15,1.93,-5.07,0.07,-0.00,-0.04,341,345,363,394,338
8.31,2.00,-5.36,0.06,-0.00,-0.04,341,345,363,394,338
8.46,1.93,-5.56,0.07,0.00,-0.03,341,345,363,394,338
8.23,2.10,-5.15,0.07,-0.00,-0.02,340,345,363,394,338
8.74,2.75,-6.11,0.12,-0.01,0.02,340,345,363,394,338
8.51,2.95,-5.98,0.27,-0.02,0.03,340,344,362,394,338
8.13,2.54,-5.76,0.43,-0.02,0.01,340,344,362,394,338
8.01,2.00,-5.38,0.53,-0.03,-0.03,340,344,362,394,338
8.37,1.49,-5.14,0.67,-0.06,-0.15,340,344,362,394,338
7.69,0.97,-5.48,0.74,-0.08,-0.14,340,344,362,394,338
8.36,-0.12,-5.19,0.73,-0.19,-0.31,340,343,362,395,338
8.26,-0.82,-5.33,0.54,-0.06,-0.10,340,343,362,396,337
7.23,0.08,-6.34,0.43,-0.01,-0.05,340,343,364,397,337
8.97,-4.66,-1.62,-0.40,-0.08,0.19,338,355,368,398,335
7.28,-1.59,-5.36,-0.05,0.33,0.35,340,359,374,404,334
8.10,-1.16,-6.48,-0.06,-0.06,0.01,339,349,373,402,333
7.76,-1.04,-6.60,-0.02,-0.05,-0.07,338,347,373,401,333
8.20,-0.94,-6.02,0.04,-0.06,-0.10,339,347,373,401,333
8.73,-0.58,-6.07,0.09,-0.00,-0.07,339,346,373,401,333
7.85,-0.55,-5.83,0.11,0.06,-0.01,338,345,372,400,333
7.89,-0.56,-5.77,0.09,0.03,-0.06,337,345,371,400,333
8.11,-0.70,-5.61,0.07,0.02,-0.04,337,344,371,400,333
7.84,-0.75,-5.70,0.04,-0.00,-0.02,337,343,371,400,333
8.02,-0.63,-5.89,0.03,-0.02,-0.04,337,343,371,400,333
8.26,-0.57,-5.89,0.03,-0.01,-0.05,337,343,370,399,333
8.13,-0.67,-5.85,0.03,0.00,-0.02,336,343,370,399,333
7.80,-0.85,-5.65,0.04,0.00,-0.04,336,343,370,399,333
8.26,-0.66,-5.79,0.04,-0.00,-0.05,336,343,370,399,333
7.91,-0.72,-5.54,0.04,0.01,-0.03,336,343,370,399,333
8.06,-0.78,-5.78,0.04,0.00,-0.05,336,343,370,399,332
7.88,-0.71,-5.58,0.04,-0.00,-0.03,336,343,370,399,333
8.14,-0.73,-5.84,0.03,-0.00,-0.04,336,343,369,399,333
7.72,-0.83,-5.64,0.02,0.00,-0.03,336,343,369,398,333
7.86,-0.71,-5.71,0.04,-0.01,-0.05,336,343,369,398,333
END
8.06,-0.55,-5.77,0.03,-0.01,-0.04,338,347,361,391,335
8.54,1.91,-5.18,0.02,0.00,-0.03,338,347,361,391,335
8.30,1.84,-4.99,0.03,-0.00,-0.04,338,347,361,391,335
8.34,1.97,-5.03,0.02,-0.00,-0.04,338,347,361,391,335
8.38,1.90,-4.89,0.05,-0.00,-0.04,338,347,360,391,335
8.51,2.02,-5.02,0.05,-0.02,-0.05,337,347,361,391,335
8.63,2.48,-5.30,0.13,-0.01,-0.02,337,348,360,391,335
8.99,3.32,-5.71,0.22,-0.09,-0.07,338,347,360,391,335
9.12,3.81,-6.14,0.44,-0.06,0.02,338,347,360,391,335
8.17,2.61,-5.80,0.85,-0.07,-0.04,337,345,359,390,335
8.43,1.08,-5.18,0.78,-0.13,-0.08,336,342,357,389,335
7.81,-0.06,-4.67,0.71,-0.10,-0.04,336,341,356,388,334
7.47,-0.45,-4.89,0.50,-0.14,-0.03,335,340,355,387,334
6.75,-0.43,-5.15,0.41,-0.14,-0.14,335,339,355,387,334
7.86,0.27,-6.24,0.44,-0.13,-0.17,335,338,355,387,333
9.47,-2.20,-4.82,0.67,0.01,-0.10,332,336,354,387,333
5.92,-1.54,-4.45,-0.24,0.25,0.40,333,343,357,389,332
8.05,-0.29,-7.56,-0.24,-0.14,-0.14,331,335,358,388,332
8.31,-0.50,-7.31,-0.09,-0.03,-0.06,330,331,358,387,331
8.40,-0.52,-6.46,0.03,0.00,-0.04,330,331,358,387,332
7.84,-0.40,-5.94,0.13,0.08,0.01,330,331,358,387,332
7.67,-0.14,-6.08,0.11,0.05,-0.02,330,331,357,387,332
7.77,-0.29,-5.53,0.05,0.03,-0.02,330,330,357,387,332
7.85,-0.36,-5.92,0.02,-0.01,-0.02,330,331,357,387,332
7.92,-0.53,-6.20,0.00,-0.03,-0.02,329,330,357,387,332
7.94,-0.55,-5.91,0.00,-0.03,-0.01,329,330,357,387,332
7.87,-0.42,-6.19,0.03,-0.02,-0.04,330,330,357,387,332
8.01,-0.55,-6.17,0.03,-0.00,-0.03,329,330,358,387,332
7.63,-0.49,-5.95,0.04,0.01,-0.03,329,330,357,387,332
7.84,-0.42,-6.17,0.04,-0.00,-0.03,329,330,357,387,332
7.80,-0.54,-6.02,0.04,-0.01,-0.04,329,330,357,387,332
8.08,-0.43,-6.27,0.04,-0.01,-0.02,329,330,357,387,332
7.72,-0.60,-5.89,0.03,0.00,0.00,329,330,357,387,332
7.83,-0.56,-6.06,0.03,-0.00,-0.01,329,330,357,387,332
7.98,-0.49,-6.19,0.05,-0.00,-0.01,329,330,357,387,332
7.36,-0.54,-5.98,0.04,-0.01,-0.01,329,330,357,387,332
END
7.98,-0.48,-6.03,0.04,-0.02,-0.05,336,342,357,386,335
8.28,1.90,-4.26,0.05,0.00,-0.03,336,342,357,386,336
8.55,1.81,-4.75,0.03,-0.01,-0.03,336,342,357,386,336
8.63,1.85,-5.00,0.05,0.00,-0.03,336,342,357,386,335
8.64,1.84,-4.82,0.04,-0.01,-0.03,336,342,357,386,336
9.03,2.47,-5.33,0.07,-0.03,-0.04,336,342,357,386,336
8.76,2.51,-5.15,0.15,-0.03,-0.02,336,342,357,386,336
8.92,3.04,-5.52,0.26,-0.03,-0.02,336,342,357,386,336
8.47,2.61,-5.08,0.46,-0.03,-0.02,336,342,357,387,335
8.81,2.16,-5.44,0.55,-0.11,-0.07,336,342,357,387,335
8.43,1.72,-5.59,0.61,-0.10,-0.04,335,342,357,387,335
8.63,1.18,-5.56,0.67,-0.05,0.02,336,340,357,387,335
8.38,0.32,-5.28,0.70,-0.04,0.04,335,338,355,386,334
7.85,-0.56,-4.92,0.69,-0.13,-0.07,334,335,354,385,334
8.08,-1.08,-5.05,0.68,-0.12,-0.08,332,332,353,385,333
8.59,-5.60,-0.34,-0.50,-0.13,0.33,330,336,354,385,332
6.36,-2.25,-4.77,-0.05,0.22,0.23,331,335,355,385,332
7.59,-1.21,-6.74,-0.10,-0.05,-0.07,329,329,354,385,331
8.41,-1.33,-6.03,-0.04,-0.04,-0.08,329,328,354,385,331
8.47,-1.26,-5.58,0.03,-0.03,-0.05,329,328,355,385,331
8.19,-1.01,-5.85,0.07,0.00,-0.01,329,328,355,385,331
8.06,-0.92,-5.47,0.07,-0.00,-0.03,329,327,355,385,331
8.25,-1.00,-5.30,0.04,0.01,-0.03,329,327,355,385,331
8.00,-1.08,-5.68,0.03,-0.00,-0.02,329,327,355,386,331
8.15,-1.26,-5.77,0.02,0.00,-0.02,329,327,355,385,331
8.27,-1.06,-5.75,0.04,-0.00,-0.04,329,327,355,385,331
7.85,-1.27,-5.41,0.05,0.01,-0.01,328,326,355,385,331
8.18,-0.96,-5.84,0.04,-0.01,-0.05,329,326,355,385,331
8.14,-1.09,-5.56,0.04,0.01,-0.03,328,326,355,386,331
8.18,-1.04,-5.62,0.03,-0.01,-0.05,329,326,355,386,331
8.23,-1.12,-5.69,0.03,-0.00,-0.04,328,326,355,386,331
8.35,-1.03,-5.84,0.04,-0.00,-0.03,329,326,355,386,331
7.99,-1.17,-5.58,0.04,0.01,-0.03,328,326,355,386,331
8.18,-0.95,-5.68,0.03,0.00,-0.03,328,326,355,386,331
8.38,-1.16,-5.56,0.02,0.01,-0.02,328,326,355,385,331
8.15,-1.18,-5.62,0.02,0.01,-0.03,328,326,355,385,331
END
7.84,-1.22,-5.61,0.04,0.01,-0.03,332,337,353,383,336
8.55,1.91,-4.74,0.05,-0.01,-0.02,332,338,353,383,337
8.73,2.02,-4.95,0.05,-0.02,-0.04,332,337,353,383,336
8.69,2.00,-4.64,0.06,-0.01,-0.02,333,337,353,383,336
8.66,1.95,-4.84,0.12,-0.01,-0.01,333,337,353,383,336
8.64,1.97,-4.84,0.09,-0.04,-0.01,333,337,353,383,336
9.01,2.91,-5.60,0.19,-0.05,-0.01,333,337,353,383,336
8.71,2.92,-5.89,0.44,-0.14,-0.08,333,338,353,383,336
9.08,2.77,-5.74,0.67,-0.20,-0.18,333,337,353,383,336
8.65,1.98,-5.15,0.73,-0.11,-0.06,332,336,353,383,336
8.22,1.06,-4.81,0.79,0.00,0.03,333,335,352,383,335
7.86,-0.27,-4.80,0.72,-0.03,0.00,332,334,352,382,334
7.83,-0.80,-5.34,0.66,-0.13,-0.10,331,333,351,382,334
7.89,-0.36,-5.78,0.64,-0.02,-0.00,331,330,350,382,334
9.25,-1.80,-5.02,0.74,-0.02,0.05,330,328,351,384,333
5.56,-2.05,-2.61,-0.64,0.05,0.78,330,343,358,387,331
7.85,-1.25,-5.80,-0.23,-0.15,-0.03,330,337,359,388,331
7.82,-1.67,-6.73,0.01,0.01,0.04,329,330,357,387,331
7.67,-1.73,-5.82,0.08,0.03,-0.08,328,328,356,386,331
8.06,-1.56,-5.60,0.11,0.05,-0.08,328,327,355,386,331
7.88,-1.49,-5.57,0.11,0.05,-0.05,327,325,355,385,331
7.92,-1.60,-5.44,0.05,0.01,-0.01,327,324,354,385,331
7.57,-1.59,-5.59,0.02,-0.03,-0.06,327,324,354,385,331
8.10,-1.54,-5.41,0.01,-0.02,-0.03,327,325,354,385,331
8.13,-1.57,-5.66,0.02,-0.01,-0.04,327,324,354,385,331
8.03,-1.59,-5.74,0.05,0.01,-0.04,327,324,354,385,331
7.95,-1.62,-5.59,0.04,0.00,-0.05,327,324,354,384,331
8.23,-1.52,-5.58,0.03,0.01,-0.00,327,324,354,384,331
7.59,-1.68,-5.49,0.06,-0.01,-0.02,327,324,354,384,331
8.10,-1.40,-5.75,0.03,-0.01,-0.07,327,324,353,385,331
8.15,-1.67,-5.56,0.03,0.00,-0.03,327,324,353,384,331
8.00,-1.59,-5.58,0.03,-0.00,-0.03,327,324,353,384,331
7.92,-1.72,-5.45,0.03,-0.01,-0.05,327,324,353,384,331
7.94,-1.56,-5.57,0.03,-0.00,-0.05,327,323,353,385,331
8.09,-1.50,-5.67,0.03,-0.01,-0.06,327,323,353,384,331
8.12,-1.51,-5.76,0.04,0.00,-0.02,327,323,353,384,331
END
7.75,-1.64,-5.39,0.03,-0.00,-0.04,333,336,354,385,334
8.28,1.92,-5.22,0.10,-0.04,-0.01,333,336,354,385,334
8.26,2.09,-5.25,0.08,-0.03,0.01,333,336,354,385,334
8.35,2.46,-5.61,0.10,-0.01,0.03,333,336,354,385,334
8.34,3.01,-5.84,0.18,-0.00,0.04,333,336,353,385,334
8.11,3.23,-6.15,0.42,-0.03,-0.03,333,336,353,385,334
8.44,2.53,-5.79,0.59,-0.06,-0.14,333,335,353,384,334
7.92,1.61,-5.47,0.65,0.00,-0.03,332,333,352,384,334
8.19,0.82,-5.15,0.63,-0.08,-0.10,332,332,351,383,334
7.34,-0.14,-4.90,0.61,-0.10,-0.10,331,331,350,383,334
8.27,0.19,-5.47,0.40,-0.22,-0.13,331,330,350,383,334
7.45,0.55,-6.80,0.75,-0.04,-0.10,331,330,351,384,333
7.59,-1.36,-3.47,-0.65,0.17,0.66,331,343,357,387,333
8.05,-1.40,-5.14,-0.20,-0.02,0.00,330,337,357,386,333
7.25,-0.54,-7.04,-0.02,0.14,0.09,329,330,355,385,332
7.78,-0.97,-5.74,0.01,0.02,-0.09,328,328,355,385,332
8.84,-0.49,-5.71,0.05,0.03,-0.05,328,328,355,385,332
8.28,-0.54,-5.73,0.09,0.02,0.03,328,327,355,385,332
7.88,-0.67,-5.52,0.07,-0.00,0.01,328,327,355,385,332
8.14,-0.62,-5.38,0.03,-0.02,-0.03,328,327,356,385,332
8.24,-0.73,-5.46,0.03,-0.00,-0.04,328,327,356,386,332
8.31,-0.55,-5.65,0.02,-0.01,-0.04,328,326,355,386,332
7.98,-0.80,-5.59,0.04,-0.01,-0.05,327,326,356,386,332
8.40,-0.61,-5.81,0.04,-0.01,-0.05,327,326,355,385,332
8.00,-0.57,-5.56,0.06,-0.00,-0.04,327,326,355,385,332
8.10,-0.62,-5.53,0.04,-0.01,-0.05,327,326,355,385,331
8.31,-0.55,-5.64,0.03,-0.01,-0.05,327,326,355,385,331
8.03,-0.62,-5.61,0.05,-0.00,-0.04,327,326,355,385,332
8.45,-0.60,-5.92,0.04,0.00,-0.04,327,326,355,385,332
8.17,-0.55,-5.63,0.05,0.01,-0.03,327,325,355,385,331
8.18,-0.65,-5.58,0.03,0.01,-0.02,327,326,355,385,332
8.13,-0.73,-5.54,0.04,0.00,-0.03,327,326,355,385,332
8.38,-0.52,-5.58,0.04,-0.01,-0.04,327,325,355,385,332
8.30,-0.77,-5.46,0.03,0.00,-0.02,327,325,355,385,332
7.79,-0.73,-5.56,0.05,0.01,-0.02,327,326,355,385,332
8.26,-0.68,-5.53,0.04,0.01,-0.04,327,325,355,385,332
END
8.15,-0.75,-5.58,0.03,0.01,-0.02,332,336,352,382,339
8.23,0.00,-5.89,0.17,-0.02,-0.01,332,336,352,382,338
8.18,1.72,-6.41,0.18,-0.01,-0.00,332,336,352,382,338
7.90,1.58,-5.81,0.21,-0.02,-0.03,332,336,351,382,338
8.14,1.59,-5.72,0.26,-0.02,-0.04,332,336,352,382,338
8.65,2.07,-6.27,0.29,0.01,0.03,331,336,352,382,338
5.69,1.68,-6.58,0.63,0.07,-0.02,332,336,352,382,338
7.95,0.68,-6.15,0.67,-0.18,-0.27,332,336,351,383,337
7.65,0.18,-5.71,0.62,-0.05,-0.16,332,335,351,383,336
7.71,-0.44,-6.18,0.55,-0.07,-0.21,331,335,351,383,336
8.56,-3.53,-2.33,-0.62,-0.26,0.49,332,362,363,388,334
7.92,-1.79,-5.22,-0.14,0.04,0.08,332,358,364,390,333
7.90,-0.92,-7.02,0.07,0.06,0.09,329,343,359,386,333
7.44,-0.83,-6.84,0.10,0.06,0.03,328,334,356,384,333
7.19,-1.17,-5.74,0.11,0.02,-0.07,327,331,355,383,333
7.92,-0.73,-5.75,0.10,0.01,-0.10,327,331,355,383,332
8.24,-0.54,-5.91,0.09,0.01,-0.05,327,330,355,383,332
7.49,-0.85,-5.20,0.05,0.00,-0.02,327,330,355,383,332
7.87,-0.67,-6.07,0.03,-0.00,-0.04,327,330,355,384,332
8.14,-0.74,-5.91,0.02,-0.01,-0.03,327,330,355,384,332
7.78,-0.88,-6.00,0.03,-0.01,-0.01,326,329,355,384,332
7.80,-0.85,-5.88,0.05,-0.01,-0.05,327,329,355,384,332
8.24,-0.68,-6.09,0.04,-0.02,-0.05,326,329,355,384,332
7.77,-0.90,-5.84,0.04,0.00,-0.02,327,329,355,384,332
7.67,-0.78,-5.95,0.04,0.00,-0.05,326,329,355,384,332
8.02,-0.73,-5.84,0.03,-0.01,-0.04,326,329,355,384,332
7.78,-0.90,-5.74,0.04,0.01,-0.02,326,329,355,384,332
7.74,-0.95,-6.07,0.04,-0.01,-0.03,326,329,355,384,332
7.80,-1.00,-5.67,0.04,-0.00,-0.02,326,329,355,383,332
7.97,-0.90,-5.53,0.03,0.01,-0.01,326,329,355,383,332
7.59,-0.90,-5.96,0.05,0.00,-0.02,326,329,355,383,332
7.95,-0.89,-6.05,0.02,0.00,-0.04,326,329,355,383,332
7.87,-0.99,-5.63,0.03,0.01,-0.00,326,329,355,383,331
7.49,-1.01,-5.71,0.04,0.01,-0.03,326,329,355,383,332
8.09,-0.94,-5.84,0.03,0.00,-0.03,326,329,355,383,331
7.93,-0.93,-5.99,0.03,-0.00,-0.02,326,329,355,383,331
END
7.75,-1.08,-5.76,0.02,0.01,-0.01,331,336,352,382,337
8.16,2.04,-4.83,0.06,-0.01,-0.04,332,336,352,382,337
8.18,1.89,-5.18,0.06,-0.02,-0.06,332,336,352,382,337
8.43,1.94,-5.19,0.07,0.00,-0.04,332,336,352,382,337
8.38,2.10,-5.42,0.05,-0.00,-0.03,332,335,351,382,337
8.64,2.15,-5.43,0.08,-0.02,-0.06,331,335,351,381,337
8.53,2.51,-5.48,0.12,-0.03,-0.03,331,335,351,381,337
8.62,2.71,-5.91,0.24,-0.06,-0.07,331,335,351,381,337
8.90,2.73,-6.15,0.35,-0.11,-0.07,331,335,351,381,337
8.76,2.43,-5.89,0.53,-0.10,-0.06,331,335,351,381,337
8.35,2.33,-5.71,0.58,-0.06,0.05,331,334,351,381,337
7.47,1.50,-5.53,0.74,-0.08,-0.07,331,334,351,382,336
7.72,0.49,-5.45,0.69,-0.06,-0.00,331,333,351,382,336
6.99,-0.16,-5.73,0.62,0.04,-0.02,330,332,351,382,335
7.11,-1.08,-5.54,0.61,-0.06,-0.09,330,330,350,382,335
6.81,-1.43,-5.28,0.73,-0.18,-0.31,329,328,351,384,334
6.59,-2.01,-3.63,-0.36,-0.03,0.27,328,336,355,386,333
8.63,-0.83,-6.90,-0.08,-0.15,-0.10,328,332,356,386,333
8.10,-0.59,-7.11,0.04,0.01,0.04,328,331,356,386,333
7.79,-0.94,-5.94,0.07,0.04,-0.02,328,331,356,386,333
7.85,-0.88,-6.04,0.11,0.09,-0.02,327,330,356,386,332
7.59,-0.82,-5.84,0.08,0.04,-0.03,327,330,355,386,333
7.88,-0.82,-6.32,0.04,0.02,-0.03,327,329,355,386,332
7.74,-0.84,-5.82,0.01,-0.01,-0.01,327,329,355,386,333
7.59,-0.95,-6.08,0.03,-0.01,-0.03,327,329,355,386,332
7.85,-0.88,-6.13,0.02,-0.01,-0.04,327,329,355,385,332
7.79,-1.08,-5.96,0.02,0.02,-0.03,327,329,354,385,332
7.85,-0.82,-6.20,0.02,0.01,-0.02,327,329,354,385,332
7.59,-1.03,-6.12,0.03,0.00,-0.04,327,329,354,385,332
7.93,-0.73,-6.30,0.03,-0.01,-0.06,326,329,354,385,332
8.05,-0.93,-6.02,0.03,-0.01,-0.02,327,328,354,385,332
7.77,-0.87,-6.07,0.04,0.00,-0.02,327,328,354,385,332
7.87,-0.93,-6.02,0.02,0.02,-0.02,327,329,354,385,332
7.82,-0.98,-5.94,0.03,0.01,-0.03,327,329,354,385,331
7.84,-0.91,-6.07,0.02,0.02,-0.02,327,328,354,385,332
7.80,-0.89,-6.24,0.04,0.01,-0.03,327,328,354,385,331
END
7.81,-0.96,-6.04,0.02,0.00,-0.03,334,336,354,384,339
8.02,2.18,-5.41,0.03,0.00,-0.03,334,336,353,384,339
8.22,2.33,-5.43,0.04,-0.00,-0.04,334,336,354,384,339
7.89,2.40,-5.53,0.03,-0.01,-0.02,334,336,354,384,339
8.14,2.22,-5.57,0.06,-0.03,-0.05,333,336,354,384,338
8.10,2.47,-5.56,0.05,-0.02,-0.02,334,336,354,384,338
8.10,2.66,-5.59,0.08,0.00,0.00,334,336,354,384,338
8.56,3.65,-6.19,0.13,0.02,0.08,333,336,354,384,338
8.15,3.51,-6.37,0.34,0.03,0.10,334,336,354,384,338
8.28,3.05,-5.82,0.49,0.00,0.03,334,336,354,384,338
7.95,1.98,-5.48,0.60,0.02,-0.03,333,335,353,384,337
7.67,1.12,-5.48,0.69,-0.05,-0.14,333,335,352,383,337
7.80,-0.27,-5.14,0.68,-0.14,-0.25,333,334,352,383,337
7.82,-0.09,-5.85,0.52,-0.12,-0.17,332,334,352,383,336
7.34,0.26,-6.85,0.55,-0.05,-0.14,333,334,352,383,336
8.97,-4.05,-2.00,-0.42,-0.20,0.19,332,350,357,384,334
7.26,-1.64,-5.08,0.04,0.19,0.20,335,356,362,389,333
8.20,-0.23,-6.90,0.03,-0.07,-0.08,333,347,359,387,333
7.82,0.01,-6.93,0.08,0.04,-0.04,332,344,358,386,333
7.68,-0.46,-5.62,0.07,0.01,-0.07,332,344,358,386,333
7.88,-0.16,-5.97,0.08,0.04,-0.06,331,343,357,386,333
7.95,-0.04,-6.33,0.05,0.00,-0.03,331,342,357,386,333
8.04,-0.24,-5.99,0.03,-0.01,-0.00,331,342,357,386,333
7.96,-0.22,-6.27,0.03,0.01,0.01,331,341,357,386,333
7.67,-0.47,-5.95,0.03,-0.01,-0.02,331,341,357,386,332
8.00,-0.29,-6.03,0.03,0.00,-0.04,331,341,357,386,333
7.87,-0.36,-6.11,0.04,0.01,-0.02,331,341,357,385,333
7.94,-0.34,-6.27,0.04,0.01,-0.03,330,340,356,385,332
8.00,-0.25,-6.29,0.03,-0.01,-0.04,330,340,357,385,333
8.09,-0.26,-6.43,0.03,-0.00,-0.04,330,340,356,385,333
7.98,-0.34,-6.18,0.03,-0.01,-0.02,330,340,356,385,333
7.79,-0.29,-5.65,0.04,0.00,-0.03,330,340,356,385,333
7.93,-0.38,-6.02,0.03,-0.01,-0.03,330,340,356,385,333
7.98,-0.30,-6.09,0.04,0.00,-0.01,330,340,356,385,333
7.70,-0.32,-6.32,0.06,-0.01,-0.03,330,340,356,385,333
8.21,-0.40,-6.00,0.05,-0.01,-0.05,330,339,356,385,333
END
7.80,-0.42,-6.31,0.07,0.01,-0.03,334,339,354,384,332
7.98,2.58,-5.45,0.01,-0.02,-0.05,334,339,354,383,332
8.05,2.69,-5.51,-0.01,-0.04,-0.06,334,339,354,383,332
7.91,2.93,-5.31,0.02,-0.02,-0.06,334,339,354,383,332
7.92,2.66,-5.10,0.05,-0.02,-0.04,334,339,354,383,332
8.04,3.07,-5.72,0.05,-0.01,-0.02,334,339,354,383,333
8.02,3.02,-5.59,0.11,-0.00,-0.01,334,339,354,383,332
8.25,3.77,-6.17,0.25,-0.09,-0.06,334,339,354,383,332
8.28,3.66,-6.01,0.37,-0.12,-0.05,334,339,354,383,332
8.35,3.09,-5.98,0.47,-0.05,0.02,334,339,354,383,332
7.93,2.53,-5.73,0.50,0.00,0.11,334,339,354,383,332
7.59,1.62,-5.84,0.59,0.03,0.04,334,338,353,383,332
7.98,1.01,-5.99,0.50,0.03,0.12,333,337,353,382,332
7.39,0.66,-5.72,0.49,0.05,0.14,333,337,352,383,332
6.06,-0.11,-6.00,0.50,-0.13,-0.09,333,336,352,382,332
6.11,-0.20,-6.17,0.68,-0.17,-0.32,333,336,352,383,332
10.27,-5.74,-2.00,0.74,-0.11,-0.35,331,344,354,384,331
7.42,-1.82,-5.01,0.08,0.25,0.29,334,354,361,389,330
8.84,-0.11,-7.70,-0.02,-0.14,-0.08,332,345,358,387,330
7.30,-0.50,-7.45,0.09,0.08,0.05,331,342,357,386,330
7.47,-0.64,-6.17,0.09,0.05,-0.04,331,341,357,385,330
7.29,-0.53,-6.00,0.10,0.04,-0.05,330,341,356,385,330
7.69,-0.19,-6.42,0.08,0.01,-0.07,330,340,356,385,329
7.80,-0.31,-6.16,0.02,-0.02,-0.04,330,339,356,385,330
7.72,-0.32,-6.30,0.01,-0.05,-0.04,330,339,356,385,330
7.75,-0.39,-6.53,0.00,-0.01,-0.00,330,339,356,385,330
7.67,-0.46,-6.45,0.03,0.00,-0.03,330,339,356,385,330
7.57,-0.42,-6.51,0.04,0.01,-0.03,330,339,356,385,330
7.34,-0.37,-6.45,0.07,0.01,-0.05,330,339,356,385,330
7.54,-0.50,-6.32,0.04,-0.01,-0.03,330,339,356,385,330
7.57,-0.23,-6.25,0.04,-0.01,-0.05,330,339,356,385,330
7.57,-0.35,-6.33,0.05,0.01,-0.03,330,339,356,385,330
7.54,-0.33,-6.28,0.04,-0.00,-0.05,330,339,356,385,330
7.68,-0.44,-6.36,0.04,0.01,-0.04,331,339,356,385,330
7.52,-0.40,-6.30,0.04,0.00,-0.04,330,339,356,385,330
7.71,-0.40,-6.32,0.03,0.00,-0.05,330,339,356,385,330
END
7.85,-0.39,-6.53,0.04,0.00,-0.03,332,339,354,383,333
8.13,2.56,-5.09,0.03,0.02,-0.02,333,339,354,383,334
8.13,2.53,-4.99,0.03,-0.00,-0.06,333,339,354,383,333
8.23,2.79,-5.23,0.01,-0.01,-0.03,333,339,354,383,333
8.23,2.62,-5.15,0.05,-0.01,-0.06,333,339,354,383,334
8.56,3.11,-5.36,0.04,-0.00,-0.03,333,339,354,383,333
8.48,3.40,-5.46,0.13,-0.01,0.02,333,339,354,383,334
8.61,3.85,-6.05,0.23,-0.02,0.06,333,339,354,383,334
8.47,3.13,-5.44,0.34,-0.05,0.03,333,339,354,383,334
7.94,2.79,-5.76,0.46,-0.03,0.08,332,339,354,383,334
8.33,2.47,-5.74,0.52,-0.09,0.01,333,339,354,383,334
8.05,1.90,-5.78,0.60,-0.10,-0.01,333,339,354,383,334
7.42,1.03,-5.72,0.66,-0.20,-0.17,333,339,354,384,334
8.57,0.29,-5.67,0.57,-0.13,-0.09,333,339,354,384,334
7.09,-0.17,-6.15,0.52,-0.03,0.04,333,339,354,384,334
8.77,-4.59,-3.38,0.76,-0.11,-0.15,331,342,354,384,333
4.72,-1.66,-4.13,-0.04,0.33,0.44,333,357,361,386,332
8.39,-0.14,-7.16,-0.06,-0.21,-0.24,332,349,358,385,332
8.36,-0.16,-7.39,0.05,0.01,-0.01,332,345,357,385,332
7.69,-0.56,-5.99,0.11,-0.00,-0.03,331,345,357,385,332
7.52,-0.34,-6.23,0.12,0.05,-0.04,331,345,357,384,332
7.62,-0.07,-6.17,0.11,0.03,-0.06,331,344,357,385,332
7.70,-0.20,-6.21,0.04,0.00,-0.04,331,344,357,385,332
7.61,-0.27,-6.16,0.02,-0.02,-0.01,331,344,357,385,332
7.67,-0.18,-6.37,0.02,-0.03,-0.04,331,344,357,385,332
7.55,-0.45,-6.22,0.04,-0.01,-0.02,331,344,357,385,332
7.68,-0.27,-6.32,0.04,0.01,-0.04,331,344,357,385,332
7.62,-0.30,-6.37,0.04,0.01,-0.03,331,344,358,385,332
7.46,-0.24,-6.29,0.03,0.01,-0.04,331,344,357,385,332
7.79,-0.47,-6.37,0.04,-0.00,-0.04,330,344,357,385,332
7.77,-0.32,-6.35,0.05,-0.00,-0.05,331,344,357,385,332
7.70,-0.52,-6.22,0.03,0.00,-0.04,331,344,357,385,332
7.88,-0.09,-6.44,0.02,-0.00,-0.03,331,344,357,385,332
7.57,-0.50,-6.22,0.05,0.01,-0.03,331,344,357,385,332
7.74,-0.21,-6.46,0.04,0.00,-0.04,331,344,357,385,332
7.72,-0.47,-6.28,0.04,-0.01,-0.02,331,344,357,385,332
END
7.52,-0.30,-6.36,0.04,-0.00,-0.03,335,342,355,383,335
8.17,3.06,-5.15,0.11,-0.04,-0.05,335,342,355,383,335
8.05,3.14,-5.20,0.09,-0.02,-0.01,335,341,355,383,335
7.88,2.84,-5.05,0.11,-0.01,-0.02,335,341,355,383,334
7.96,3.05,-5.42,0.08,-0.02,0.00,335,340,355,383,334
8.76,4.16,-5.77,0.12,-0.05,0.03,334,340,354,383,334
8.36,3.90,-5.93,0.32,-0.00,0.08,334,339,354,383,334
8.27,3.77,-5.89,0.44,-0.04,0.08,334,338,354,383,334
7.85,2.73,-5.74,0.61,0.01,0.09,333,336,353,382,334
7.87,1.95,-5.52,0.59,-0.05,0.04,333,335,352,382,334
7.23,1.31,-5.18,0.62,-0.04,0.02,332,334,352,382,334
7.67,0.15,-4.95,0.55,-0.15,-0.16,332,333,351,382,333
8.15,0.14,-5.72,0.42,-0.03,-0.02,332,332,350,381,332
7.16,-0.11,-6.27,0.46,0.02,-0.06,331,332,350,381,333
6.81,-0.38,-6.38,0.66,-0.06,-0.30,331,332,350,382,332
8.28,-2.92,-3.27,-0.49,0.04,0.38,331,343,357,383,331
8.56,-0.65,-5.98,-0.05,-0.04,-0.08,330,340,357,384,331
8.03,-0.19,-7.13,0.10,0.04,0.06,330,336,355,383,331
7.16,-0.39,-5.91,0.12,0.00,-0.04,329,336,355,384,331
8.05,-0.24,-5.65,0.11,0.00,-0.10,329,336,355,384,331
8.21,-0.09,-5.98,0.07,-0.01,-0.04,329,335,355,384,331
7.67,-0.37,-5.50,0.05,-0.00,-0.03,329,336,355,384,331
8.00,-0.32,-6.12,0.01,-0.00,-0.01,329,335,355,384,331
7.59,-0.47,-5.97,0.02,-0.01,-0.02,329,335,355,384,331
7.93,-0.37,-6.12,0.04,-0.00,-0.04,329,335,355,384,330
7.87,-0.40,-5.98,0.03,-0.00,-0.04,329,335,355,384,331
7.98,-0.37,-6.03,0.04,0.00,-0.02,329,335,354,384,330
7.72,-0.51,-6.05,0.04,0.00,-0.04,329,335,355,384,331
7.81,-0.37,-5.92,0.03,-0.01,-0.06,329,335,355,384,330
8.17,-0.40,-6.06,0.03,-0.00,-0.03,329,335,355,384,331
7.98,-0.42,-6.20,0.03,0.01,-0.02,329,335,355,384,330
7.75,-0.38,-6.16,0.04,0.00,-0.02,329,335,355,384,331
7.96,-0.30,-6.14,0.03,-0.00,-0.03,329,335,355,383,331
7.83,-0.35,-6.09,0.05,0.01,-0.02,329,334,355,383,331
7.87,-0.42,-5.95,0.03,-0.00,-0.03,329,334,355,383,330
7.98,-0.35,-5.97,0.04,0.00,-0.03,329,334,355,383,330
END
7.72,-0.45,-5.97,0.04,0.01,-0.04,333,338,353,381,332
8.29,1.90,-5.40,0.15,-0.03,-0.03,333,338,353,381,332
8.09,1.77,-5.34,0.14,-0.01,-0.01,333,337,353,381,332
8.10,1.77,-5.41,0.12,-0.06,-0.04,333,337,353,381,332
8.13,1.67,-5.15,0.11,-0.04,-0.06,333,337,353,381,332
8.18,2.17,-5.58,0.07,-0.02,-0.02,333,338,353,381,332
7.97,2.48,-5.89,0.15,-0.03,-0.04,333,337,353,381,332
8.33,2.99,-6.09,0.23,-0.03,-0.06,333,337,353,381,333
8.24,2.76,-5.92,0.36,0.00,-0.05,333,337,353,381,333
8.69,2.28,-5.59,0.43,0.01,-0.02,333,336,352,381,332
8.09,1.80,-5.28,0.51,0.03,0.00,333,336,352,381,332
8.07,0.55,-5.30,0.48,-0.04,-0.05,332,335,352,381,331
8.17,0.47,-5.56,0.40,-0.03,-0.00,332,335,352,381,332
7.44,-0.26,-5.90,0.45,-0.07,-0.07,332,334,351,381,332
6.96,0.06,-6.17,0.49,-0.12,-0.16,332,334,351,381,332
8.46,-2.02,-3.45,-0.55,0.04,0.39,332,349,359,383,331
8.26,-0.87,-5.33,-0.26,-0.12,-0.02,332,346,359,384,331
7.86,-0.29,-7.13,-0.04,0.00,0.07,331,341,357,383,330
7.35,-0.52,-6.26,0.02,-0.04,-0.04,330,339,356,383,330
8.23,-0.29,-5.85,0.08,-0.00,-0.11,330,339,356,383,330
8.05,-0.15,-5.93,0.12,0.03,-0.04,330,339,356,383,330
8.13,-0.04,-5.97,0.10,0.04,-0.01,330,339,356,383,330
7.74,-0.31,-5.66,0.06,0.02,0.00,330,338,356,382,330
7.69,-0.20,-5.93,0.05,0.00,-0.03,329,338,356,383,330
7.88,-0.44,-5.89,0.04,-0.01,-0.02,330,338,356,383,330
7.82,-0.33,-5.88,0.05,-0.01,-0.06,330,338,356,383,330
8.36,-0.25,-5.99,0.04,-0.01,-0.06,330,338,356,383,330
8.25,-0.24,-5.71,0.04,0.01,-0.03,330,338,356,383,330
8.10,-0.27,-6.35,0.04,0.01,-0.02,330,338,356,383,330
7.95,-0.37,-6.00,0.04,0.02,-0.01,330,337,356,383,330
7.87,-0.34,-5.69,0.05,0.01,-0.03,330,337,356,383,330
8.00,-0.47,-5.76,0.04,0.01,-0.01,329,337,356,382,330
7.95,-0.44,-5.86,0.03,0.01,-0.02,329,337,355,383,330
7.82,-0.60,-5.85,0.03,0.00,-0.03,329,337,355,383,330
8.00,-0.47,-5.90,0.04,-0.00,-0.04,329,337,355,382,330
8.33,-0.48,-5.94,0.04,-0.00,-0.04,329,337,355,382,330
END
7.90,-0.42,-5.90,0.04,0.02,-0.02,333,337,353,381,332
8.38,2.21,-5.09,0.06,0.00,-0.04,333,337,353,381,333
8.33,2.21,-5.10,0.04,-0.01,-0.03,333,337,353,381,333
8.36,2.05,-5.00,0.05,-0.04,-0.06,333,337,353,381,333
8.13,1.99,-5.10,0.05,-0.01,-0.04,333,337,353,381,333
8.33,2.18,-5.37,0.02,0.01,-0.03,333,337,353,381,333
8.43,2.71,-5.48,0.06,-0.03,-0.03,333,337,352,381,333
8.55,3.13,-5.78,0.16,-0.05,-0.00,333,337,353,381,333
9.03,3.34,-6.05,0.30,-0.16,-0.04,333,337,352,381,333
8.56,2.98,-6.08,0.40,-0.05,0.13,332,337,352,381,333
8.17,2.61,-5.99,0.48,-0.06,0.09,333,337,352,380,333
7.65,1.13,-5.13,0.57,-0.06,0.02,332,336,352,380,333
7.66,0.71,-5.06,0.45,-0.04,0.05,332,335,352,380,332
6.93,-0.03,-5.54,0.46,0.01,-0.00,332,335,351,380,332
6.32,-0.36,-5.76,0.47,-0.04,-0.18,332,335,351,380,332
6.62,-0.12,-6.74,0.85,0.15,-0.32,331,333,351,381,331
9.20,-0.23,-3.27,-0.86,-0.15,0.40,332,349,360,385,330
9.74,-0.70,-4.94,-0.17,-0.12,-0.13,332,346,360,386,330
8.67,-0.01,-6.84,0.02,0.02,0.12,331,339,357,384,329
6.88,-0.56,-6.21,0.04,0.00,0.06,329,336,356,383,330
7.63,-0.36,-5.60,0.05,0.01,-0.07,330,336,356,383,330
8.41,-0.27,-5.99,0.04,-0.02,-0.04,330,336,356,384,330
8.42,-0.24,-5.71,0.04,0.01,0.07,329,336,356,384,330
7.59,-0.54,-5.86,0.06,-0.00,0.04,329,336,356,384,330
7.64,-0.48,-5.89,0.02,-0.02,-0.02,329,336,356,384,330
8.40,-0.32,-5.88,0.05,-0.02,-0.06,329,336,356,384,330
8.17,-0.41,-5.90,0.04,0.00,0.00,329,336,357,384,330
7.85,-0.55,-5.94,0.05,0.01,-0.01,329,336,357,384,330
7.70,-0.53,-5.57,0.03,0.01,-0.03,329,336,356,384,330
8.09,-0.52,-5.92,0.05,-0.02,-0.04,329,336,357,384,330
8.39,-0.39,-5.87,0.05,0.00,-0.02,329,336,357,384,330
7.80,-0.55,-5.86,0.05,0.01,-0.02,329,336,357,384,330
8.07,-0.53,-5.80,0.06,0.01,-0.04,329,336,357,384,330
8.04,-0.52,-5.79,0.04,-0.00,-0.03,329,336,357,384,330
8.08,-0.52,-5.90,0.04,0.00,-0.02,329,336,357,384,330
7.90,-0.68,-5.76,0.04,0.01,-0.01,329,336,357,384,330
END
8.11,-0.48,-5.97,0.04,-0.01,-0.04,336,343,356,382,334
8.37,2.55,-5.05,0.04,0.01,-0.06,336,342,355,382,334
8.17,2.46,-4.88,0.03,-0.01,-0.04,336,342,355,382,334
8.29,2.35,-4.72,0.03,0.02,-0.03,336,342,355,382,334
8.33,2.48,-4.90,0.02,-0.00,-0.05,336,342,355,382,334
8.51,2.49,-4.84,0.02,0.01,-0.04,336,342,355,382,334
8.66,2.76,-5.24,0.06,-0.02,-0.06,336,341,355,382,334
9.22,3.69,-5.50,0.09,-0.05,0.02,336,342,355,382,333
9.18,4.15,-5.71,0.25,-0.05,0.09,336,342,355,382,333
8.57,3.88,-5.65,0.46,-0.10,0.11,335,341,355,382,333
8.43,2.18,-5.13,0.63,-0.12,0.02,335,340,354,382,333
7.94,1.47,-4.95,0.57,-0.17,0.04,335,339,353,381,333
7.92,1.40,-5.41,0.56,-0.13,0.02,334,339,353,381,332
7.11,0.78,-5.84,0.58,-0.05,-0.00,334,338,352,381,332
6.59,-0.05,-6.02,0.72,0.01,-0.14,333,337,351,380,332
6.86,-0.78,-5.86,0.70,-0.04,-0.30,333,335,350,380,331
9.82,-5.16,-2.58,0.61,-0.11,-0.40,331,341,352,380,330
7.20,-0.89,-4.41,-0.34,0.14,0.26,336,356,362,386,330
9.45,-0.09,-6.68,-0.02,-0.12,0.03,334,347,359,385,329
7.82,-0.36,-7.15,0.10,0.09,0.19,332,342,357,384,329
6.96,-0.75,-5.74,0.11,0.02,0.02,331,341,357,383,329
7.95,-0.54,-5.75,0.11,0.05,-0.05,331,341,356,383,329
8.22,-0.52,-5.80,0.06,0.03,0.00,331,341,356,383,329
7.77,-0.75,-5.84,0.04,0.01,0.01,331,340,356,383,329
7.84,-0.63,-6.17,0.00,-0.03,-0.03,331,340,356,383,329
7.75,-0.71,-6.12,0.05,-0.01,-0.06,331,340,356,383,329
7.95,-0.78,-5.66,0.06,-0.01,-0.05,331,340,356,383,329
8.10,-0.49,-5.90,0.05,0.01,-0.04,331,340,356,383,329
7.73,-0.76,-5.81,0.05,0.02,-0.02,331,339,356,383,329
7.95,-0.52,-5.91,0.04,0.01,-0.05,331,339,356,383,329
7.95,-0.62,-5.98,0.03,0.00,-0.03,331,340,356,383,329
7.98,-0.55,-5.97,0.04,-0.01,-0.04,331,339,356,383,329
7.72,-0.69,-5.97,0.04,0.00,-0.03,331,339,356,383,329
8.12,-0.72,-5.81,0.02,-0.00,-0.04,331,340,356,383,329
8.02,-0.67,-5.97,0.03,0.00,-0.03,331,339,356,383,329
7.86,-0.60,-5.88,0.03,0.01,-0.02,331,339,356,383,329
END
7.87,-0.59,-5.90,0.02,0.00,-0.04,333,337,352,380,333
8.43,2.53,-4.67,0.01,-0.00,-0.03,333,337,352,379,333
8.44,2.48,-4.88,0.05,-0.01,-0.06,333,337,352,379,333
8.42,2.51,-4.88,0.02,-0.02,-0.02,333,337,352,379,333
8.43,2.61,-4.97,0.05,0.01,-0.03,333,337,352,379,333
8.33,2.58,-5.02,0.06,-0.05,-0.05,332,337,352,379,333
8.46,3.00,-5.20,0.09,-0.04,-0.01,333,337,352,379,333
8.74,3.35,-5.61,0.19,-0.06,-0.02,332,337,352,379,333
9.17,3.67,-5.69,0.30,-0.09,-0.00,332,337,352,379,333
8.80,3.39,-5.71,0.40,-0.02,0.15,332,336,351,379,332
8.07,2.48,-5.26,0.54,0.01,0.12,332,336,351,379,332
7.95,1.65,-5.53,0.59,-0.05,0.07,332,336,350,379,332
7.46,1.28,-5.35,0.61,-0.04,0.03,332,335,351,378,332
7.27,0.39,-5.08,0.65,-0.10,-0.17,332,335,350,378,332
7.61,-0.23,-5.20,0.54,-0.12,-0.23,332,335,350,378,331
7.30,-0.70,-5.47,0.52,-0.02,-0.23,332,334,350,379,331
10.25,-5.48,-1.16,-0.62,-0.29,0.11,332,344,356,380,330
8.41,-1.34,-5.28,-0.14,0.04,0.12,332,346,362,385,329
9.19,-0.09,-8.08,0.02,-0.01,0.13,330,339,360,383,330
7.88,-0.42,-6.69,0.11,0.02,0.16,329,336,358,383,329
7.87,-0.55,-5.53,0.14,0.03,0.02,329,335,358,383,329
8.05,-0.36,-5.47,0.12,0.06,0.04,329,334,358,383,328
7.87,-0.42,-5.49,0.06,0.05,0.02,329,333,357,383,329
7.59,-0.60,-5.50,0.01,0.02,0.00,328,332,357,383,329
7.71,-0.80,-5.81,-0.02,-0.01,-0.03,328,331,357,383,330
8.18,-0.67,-6.01,-0.02,-0.05,-0.07,328,331,357,383,329
7.98,-0.73,-6.00,0.02,-0.03,-0.07,328,331,357,383,329
8.39,-0.55,-6.02,0.05,-0.00,-0.05,328,331,357,383,329
8.28,-0.34,-5.79,0.06,0.03,-0.01,328,331,357,383,329
7.90,-0.61,-5.65,0.06,0.04,0.00,329,331,357,383,329
8.08,-0.58,-5.80,0.04,0.03,-0.03,328,330,357,383,329
8.10,-0.64,-5.86,0.03,0.02,-0.02,328,331,357,383,329
7.98,-0.62,-5.79,0.03,0.00,-0.03,328,331,356,383,329
7.90,-0.67,-5.76,0.04,-0.00,-0.03,328,330,356,383,329
8.21,-0.59,-5.78,0.05,-0.01,-0.06,328,330,356,383,329
8.10,-0.72,-5.84,0.07,0.01,-0.02,328,330,356,383,329
END
8.94,1.24,-4.47,0.07,0.03,0.06,364,331,372,409,353
9.07,1.27,-4.09,0.03,-0.01,-0.04,365,332,372,409,353
9.14,1.28,-4.21,0.03,-0.01,-0.04,365,332,372,409,353
8.91,1.24,-4.12,0.02,-0.00,-0.03,365,332,372,409,353
8.82,1.28,-3.96,0.02,0.01,-0.01,364,332,372,409,353
9.04,1.33,-4.07,0.03,-0.01,-0.04,364,332,372,409,353
9.02,1.34,-4.04,0.02,-0.00,-0.03,364,332,372,409,353
9.17,1.84,-4.06,0.05,0.01,-0.02,364,332,372,409,353
9.50,2.53,-4.74,0.13,-0.06,-0.04,364,332,372,409,353
9.71,2.91,-5.23,0.34,-0.17,-0.10,364,332,372,409,353
8.97,2.50,-4.98,0.58,-0.16,-0.13,364,332,372,409,353
9.63,1.91,-4.99,0.77,-0.23,-0.13,364,332,372,409,352
8.58,1.21,-4.85,0.81,-0.27,-0.13,364,332,372,409,352
8.07,0.99,-4.85,0.82,-0.22,-0.12,364,332,372,409,352
8.00,-0.26,-4.51,0.75,-0.10,-0.05,364,331,372,409,352
7.59,0.09,-5.41,0.65,-0.11,0.02,364,331,372,409,351
6.58,-0.41,-5.42,0.97,-0.17,-0.33,363,331,372,409,350
7.93,-5.51,-0.98,-0.58,-0.21,0.21,372,351,380,415,346
9.05,-3.01,-4.49,0.04,0.17,-0.11,377,357,382,418,344
8.95,-1.22,-6.10,0.11,-0.03,-0.01,370,348,380,415,343
7.45,-1.21,-5.63,0.09,0.04,0.02,366,344,378,413,342
8.10,-1.45,-5.53,0.10,-0.02,-0.05,364,342,378,412,342
8.23,-1.23,-5.30,0.07,0.00,-0.02,362,340,377,412,342
8.08,-1.36,-5.33,0.06,0.02,-0.01,361,339,377,411,342
8.36,-1.38,-5.40,0.06,-0.00,-0.03,359,337,377,411,341
8.03,-1.46,-5.37,0.05,-0.01,-0.04,358,336,376,411,340
8.34,-1.35,-5.38,0.07,-0.00,-0.04,358,335,376,410,340
7.94,-1.45,-5.56,0.06,-0.03,-0.07,357,334,376,410,340
8.66,-1.18,-5.76,0.05,-0.01,-0.07,357,334,376,410,340
8.31,-1.23,-5.56,0.04,0.00,-0.03,357,334,375,409,340
8.21,-1.28,-5.46,0.05,0.01,-0.03,357,334,375,409,338
8.13,-1.44,-5.66,0.05,0.01,-0.03,356,334,375,409,339
8.39,-1.25,-5.39,0.04,-0.01,-0.05,356,333,375,409,339
8.09,-1.46,-5.30,0.05,0.01,-0.02,356,333,375,410,339
8.36,-1.40,-5.50,0.05,-0.00,-0.04,356,333,375,409,339
8.48,-1.27,-5.64,0.03,0.00,-0.01,356,333,374,409,339
END
7.97,-1.46,-5.11,0.02,-0.01,-0.03,350,331,361,395,340
8.26,2.09,-4.77,0.04,-0.00,-0.04,350,330,361,395,340
8.54,2.02,-4.79,0.03,-0.00,-0.04,350,331,361,395,340
8.57,2.07,-5.04,0.05,-0.00,-0.04,350,331,361,395,339
8.36,2.05,-4.75,0.04,0.01,-0.03,350,331,361,394,339
8.85,2.46,-5.00,0.05,0.00,-0.03,350,331,361,395,339
8.82,2.90,-5.25,0.13,-0.01,-0.02,350,331,361,395,339
8.80,3.56,-5.75,0.26,-0.08,-0.05,350,330,361,395,339
8.41,2.95,-5.53,0.52,-0.11,-0.14,350,330,361,395,339
8.62,2.95,-5.53,0.64,-0.05,-0.06,350,330,361,395,339
7.89,2.38,-5.53,0.80,0.01,-0.09,350,330,361,395,339
7.93,1.72,-5.15,0.86,-0.13,-0.24,349,329,361,395,338
7.87,1.29,-5.41,0.88,-0.08,-0.24,349,328,360,395,338
7.82,-0.04,-5.09,0.94,0.04,-0.24,349,328,360,395,338
8.28,-0.44,-4.97,0.89,-0.07,-0.39,348,327,360,395,337
8.19,-0.65,-5.94,0.92,-0.20,-0.46,348,325,361,397,336
9.82,-3.17,-2.39,-0.65,-0.26,0.23,348,332,366,399,334
8.69,-1.66,-5.01,0.15,0.23,0.33,348,332,370,402,334
7.21,-1.25,-6.10,0.23,0.06,0.23,346,326,369,402,333
7.30,-1.42,-5.59,0.16,0.05,0.11,345,325,369,401,333
7.77,-1.77,-5.10,0.11,0.01,-0.01,344,324,368,401,333
8.28,-1.46,-5.57,0.06,-0.01,-0.04,344,323,368,401,333
7.90,-1.72,-5.70,0.04,-0.01,-0.04,343,321,368,400,333
8.05,-1.59,-5.58,0.02,-0.03,-0.07,342,320,368,400,333
8.29,-1.53,-5.67,0.02,-0.00,-0.06,342,320,368,400,332
8.23,-1.56,-5.74,0.03,-0.00,-0.03,342,320,367,400,332
7.88,-1.63,-5.63,0.04,0.02,-0.01,341,319,367,399,332
8.05,-1.62,-5.80,0.04,0.00,-0.04,341,319,368,399,332
8.01,-1.64,-5.67,0.04,0.01,-0.04,341,319,367,399,332
8.03,-1.68,-5.56,0.05,0.00,-0.06,341,319,366,399,332
8.23,-1.50,-5.51,0.05,0.00,-0.06,341,319,366,399,332
8.21,-1.64,-5.32,0.03,0.01,-0.04,341,319,366,399,332
8.03,-1.62,-5.63,0.04,0.02,-0.02,341,319,366,399,332
7.97,-1.54,-5.72,0.03,-0.00,-0.05,341,319,366,399,332
8.21,-1.63,-5.41,0.03,-0.00,-0.04,341,319,366,399,332
7.90,-1.58,-5.44,0.04,0.00,-0.03,341,319,366,398,332
END
8.20,-1.51,-5.50,0.04,0.01,-0.03,351,331,365,397,337
8.30,1.84,-4.74,0.02,0.01,-0.05,351,331,365,397,337
8.46,1.93,-4.67,0.04,0.02,-0.04,351,331,365,397,337
8.59,2.13,-5.04,0.02,-0.00,-0.08,351,331,365,396,337
8.48,2.06,-5.00,0.05,0.02,-0.05,351,331,365,397,336
8.77,2.20,-5.08,0.06,0.01,-0.03,351,331,365,397,337
8.49,2.46,-5.10,0.11,-0.03,-0.01,351,331,365,397,337
8.92,3.75,-5.69,0.20,-0.10,-0.03,351,331,365,397,336
8.39,3.82,-6.27,0.50,-0.17,-0.13,351,330,365,396,336
8.56,3.14,-5.64,0.67,-0.20,-0.17,350,330,364,396,336
8.00,2.19,-5.62,0.79,0.03,0.01,350,328,363,395,336
7.42,1.24,-5.15,0.80,0.05,-0.09,348,327,362,395,336
7.91,0.19,-4.97,0.87,0.10,-0.10,347,326,360,393,334
7.98,-0.41,-4.81,0.78,-0.07,-0.30,346,325,359,392,334
8.67,-0.34,-5.17,0.66,-0.14,-0.29,345,324,358,392,334
7.83,-0.43,-5.62,0.80,-0.00,-0.17,345,323,357,391,333
10.12,-4.36,-2.74,0.80,-0.10,-0.30,344,323,357,391,332
7.67,-1.49,-4.22,-0.03,0.30,0.41,350,337,365,395,331
9.39,-0.85,-5.45,0.04,0.00,0.04,347,331,363,393,331
7.96,-0.93,-6.48,0.11,0.12,0.17,343,325,361,391,331
7.14,-1.44,-5.45,0.10,0.02,0.06,342,323,360,391,331
8.21,-1.02,-5.92,0.11,0.00,-0.04,342,322,361,391,331
8.17,-1.33,-5.10,0.08,-0.01,0.02,342,322,361,391,330
8.04,-1.52,-5.21,0.07,-0.01,0.01,342,322,361,391,330
8.15,-1.51,-5.42,0.04,-0.01,-0.01,343,322,361,391,330
8.18,-1.56,-5.40,0.04,-0.01,-0.02,342,321,361,391,330
8.22,-1.48,-5.61,0.04,0.01,-0.02,341,321,361,391,330
7.92,-1.77,-5.20,0.04,0.02,-0.03,340,320,361,391,330
8.22,-1.54,-5.64,0.04,0.01,-0.04,341,320,361,391,330
8.10,-1.63,-5.53,0.05,0.02,-0.03,341,320,361,391,330
8.20,-1.65,-5.50,0.05,0.01,-0.04,341,320,361,391,330
8.10,-1.64,-5.31,0.06,0.01,-0.04,341,320,361,391,330
8.55,-1.49,-5.74,0.04,-0.00,-0.04,341,320,360,391,330
8.16,-1.56,-5.64,0.05,0.02,-0.02,340,320,360,391,329
8.14,-1.68,-5.46,0.04,-0.01,-0.04,340,320,360,391,330
8.28,-1.51,-5.29,0.03,0.00,-0.04,340,319,360,391,330
END
8.07,-1.64,-5.37,0.03,0.00,-0.01,349,333,363,391,333
8.29,1.92,-5.32,0.15,0.02,-0.04,349,333,362,392,333
8.34,1.72,-5.38,0.14,0.03,-0.01,349,332,362,391,333
8.25,1.54,-5.49,0.14,-0.01,-0.01,349,332,362,392,333
8.21,1.25,-5.22,0.14,-0.01,-0.04,349,332,362,391,333
8.36,1.85,-5.68,0.14,0.01,-0.02,349,332,362,391,333
8.67,3.19,-6.40,0.23,-0.04,-0.03,349,332,362,391,333
8.74,3.96,-6.83,0.61,0.01,-0.04,349,332,362,391,333
7.82,2.69,-6.17,0.96,-0.01,-0.09,348,330,360,390,332
8.14,0.66,-4.93,1.03,-0.08,-0.20,347,328,359,389,332
8.00,0.00,-5.23,0.95,-0.07,-0.15,346,327,358,389,332
7.75,-0.26,-5.44,1.01,-0.14,-0.23,345,326,357,388,331
8.54,-0.95,-4.76,1.00,-0.22,-0.24,344,324,356,388,331
7.10,-1.94,-4.41,0.97,-0.11,-0.33,342,322,354,387,330
9.98,-8.01,0.70,0.17,-0.34,-0.37,341,323,356,387,329
7.92,-2.44,-5.15,0.04,0.17,-0.08,343,328,360,389,329
9.48,-0.93,-6.66,0.02,-0.03,-0.11,341,322,359,389,328
8.40,-1.28,-6.74,0.03,0.09,0.06,340,319,358,388,328
7.67,-1.26,-5.71,0.06,0.05,0.02,339,318,358,388,328
8.32,-1.13,-5.92,0.07,0.05,0.01,339,318,358,388,328
8.04,-1.31,-5.65,0.08,0.05,0.05,339,318,358,388,328
7.67,-1.49,-5.29,0.07,0.02,0.05,338,317,358,388,328
7.95,-1.44,-5.97,0.03,-0.03,-0.01,338,317,358,388,328
8.05,-1.63,-5.71,0.03,-0.01,-0.01,338,317,358,388,328
8.03,-1.73,-5.74,0.04,-0.00,-0.01,338,317,358,388,328
7.80,-1.78,-5.51,0.05,-0.01,-0.03,338,317,358,388,327
7.98,-1.67,-5.66,0.07,-0.01,-0.04,338,317,358,388,327
8.17,-1.59,-5.86,0.08,-0.01,-0.04,338,317,358,388,327
8.02,-1.65,-5.49,0.05,0.00,-0.03,338,317,358,388,327
7.66,-1.77,-5.43,0.05,-0.00,-0.04,338,317,357,388,327
8.09,-1.75,-5.49,0.04,-0.01,-0.05,338,317,357,388,327
7.85,-1.74,-5.67,0.05,0.01,-0.02,338,317,357,388,327
7.85,-1.73,-5.51,0.06,0.01,-0.02,338,317,357,388,327
7.96,-1.68,-5.73,0.06,-0.01,-0.05,338,317,357,388,327
7.80,-1.92,-5.40,0.03,-0.00,-0.04,338,317,357,388,327
8.17,-1.57,-5.74,0.04,-0.00,-0.04,338,317,357,388,327
END
7.71,-1.82,-5.75,0.05,-0.00,-0.01,344,329,360,390,336
8.79,1.23,-4.83,0.05,-0.01,-0.04,344,329,360,390,335
8.87,1.46,-5.08,0.05,-0.01,-0.03,344,329,360,390,335
8.57,1.37,-5.02,0.06,-0.01,-0.02,344,329,360,390,335
8.25,1.34,-4.85,0.03,-0.01,-0.01,344,329,361,390,335
8.37,1.42,-5.17,0.04,-0.01,-0.04,344,329,360,389,335
8.59,1.52,-5.10,0.06,0.03,-0.05,344,329,360,390,335
8.92,2.12,-5.06,0.12,0.03,-0.01,344,329,360,390,334
9.30,3.30,-6.40,0.49,0.04,-0.01,344,329,360,390,335
8.98,3.88,-6.65,0.84,-0.06,-0.06,344,329,360,390,335
7.98,3.45,-6.42,1.20,-0.05,-0.14,343,328,359,390,334
7.30,0.73,-4.82,1.46,-0.07,-0.25,343,327,359,390,334
8.78,-0.95,-3.32,1.09,-0.21,-0.32,342,326,357,389,333
8.29,-1.56,-3.85,0.83,-0.17,-0.17,342,325,356,388,332
8.61,-1.38,-4.24,0.73,-0.26,-0.18,342,324,356,387,331
9.82,-6.03,-1.22,0.39,-0.24,-0.11,341,324,357,387,329
7.22,-2.79,-3.97,0.02,0.39,0.50,345,334,364,392,328
8.57,-1.97,-7.16,-0.01,-0.06,-0.02,342,327,362,390,328
8.06,-1.90,-6.35,-0.04,0.12,0.07,341,322,360,389,327
8.21,-2.05,-5.74,0.01,0.05,0.02,340,320,359,389,327
7.98,-1.88,-5.82,0.09,0.06,0.04,339,319,359,388,327
8.05,-1.80,-5.70,0.14,0.02,0.02,339,318,359,389,327
7.98,-2.08,-4.88,0.10,-0.00,0.01,339,318,359,389,327
8.03,-1.95,-4.79,0.06,-0.01,-0.02,339,318,360,390,327
7.97,-2.10,-5.41,0.03,-0.00,-0.03,339,319,360,390,327
7.93,-2.25,-4.85,-0.03,-0.01,-0.07,339,318,360,390,326
7.93,-2.15,-5.28,-0.01,-0.02,-0.10,339,318,360,389,326
8.59,-1.95,-5.64,0.02,-0.01,-0.06,339,318,360,390,327
8.20,-2.04,-5.10,0.07,0.00,-0.04,340,318,360,390,326
8.20,-1.87,-5.05,0.05,0.01,-0.02,340,318,360,390,326
8.05,-1.91,-5.33,0.05,0.01,-0.04,340,318,360,390,326
8.50,-1.88,-5.31,0.04,0.01,-0.03,340,318,360,390,326
8.12,-1.99,-5.40,0.04,0.02,-0.00,340,318,359,390,326
8.20,-2.03,-5.36,0.04,0.00,-0.02,339,318,360,390,326
8.05,-2.15,-5.07,0.04,0.01,-0.03,339,318,360,390,326
8.07,-2.07,-5.27,0.03,-0.00,-0.04,340,318,360,390,326
END
8.23,-1.98,-5.21,0.04,-0.00,-0.05,345,332,359,389,335
8.75,1.66,-4.65,0.06,0.02,-0.04,346,332,360,389,335
8.55,1.25,-4.62,0.09,0.05,-0.05,345,332,360,389,335
8.52,1.13,-4.35,0.03,0.02,-0.05,345,332,360,389,335
8.74,1.38,-4.21,-0.02,-0.00,-0.06,345,332,359,389,335
8.77,1.84,-4.67,-0.03,-0.02,-0.06,345,332,360,389,336
9.07,1.66,-4.58,0.04,-0.01,-0.05,345,332,360,390,336
8.95,1.67,-4.34,0.00,-0.04,-0.01,345,332,360,389,336
9.04,2.20,-4.91,0.10,-0.01,-0.00,345,332,360,389,336
9.16,3.73,-6.22,0.50,-0.00,-0.01,345,332,360,390,336
10.06,3.50,-5.98,0.81,-0.23,-0.20,345,331,359,389,335
8.63,2.90,-6.04,1.15,-0.14,-0.04,344,329,358,389,336
8.38,0.23,-4.71,1.29,-0.11,-0.16,343,327,357,388,335
8.20,0.17,-4.87,1.07,-0.06,-0.02,343,326,356,387,334
7.63,-1.03,-4.11,1.00,-0.14,-0.17,342,326,354,386,332
7.52,-2.25,-2.88,1.03,-0.08,-0.24,341,324,353,385,331
7.86,-2.16,-4.24,0.75,-0.21,-0.31,341,323,353,385,331
7.92,-2.44,-1.72,-0.75,-0.12,0.43,344,333,361,387,329
9.33,-1.90,-4.67,-0.06,-0.04,-0.00,343,330,360,388,328
7.94,-1.92,-5.81,-0.03,0.08,0.16,341,324,358,387,328
7.38,-2.17,-5.65,-0.07,-0.04,-0.03,341,323,357,386,328
8.89,-1.93,-5.47,0.01,-0.02,-0.09,341,323,358,387,328
8.22,-1.95,-5.46,0.07,0.04,-0.00,341,322,357,387,327
8.03,-1.90,-5.22,0.06,0.03,-0.02,341,322,357,387,328
8.30,-1.84,-5.40,0.07,0.02,-0.02,340,321,357,387,328
8.01,-2.27,-5.02,0.07,0.02,0.04,340,320,358,388,327
7.80,-2.02,-5.13,0.04,-0.02,-0.04,340,321,358,388,327
8.14,-2.39,-4.69,0.01,-0.03,-0.03,341,321,358,388,327
7.65,-1.35,-5.92,0.03,-0.03,-0.03,341,321,358,388,327
7.62,-2.13,-5.41,0.04,0.03,-0.05,341,320,358,389,327
8.71,-1.99,-5.08,0.05,-0.06,-0.10,341,320,358,389,327
8.43,-2.15,-4.67,0.01,0.02,0.03,341,320,358,389,327
7.78,-2.11,-5.81,0.03,0.02,0.04,341,320,358,389,327
7.52,-2.46,-4.76,0.10,0.01,-0.05,341,320,358,389,327
8.24,-2.47,-4.88,-0.00,-0.06,-0.10,341,320,358,388,327
9.16,-1.97,-5.44,0.00,-0.03,-0.06,341,320,358,388,327
END
8.06,-2.23,-5.05,0.03,0.02,0.05,343,326,356,385,331
8.38,1.12,-5.01,0.05,-0.05,-0.06,343,327,356,385,331
8.46,1.18,-5.13,0.03,-0.01,-0.04,343,328,356,385,331
8.42,1.62,-5.31,0.03,0.01,-0.02,343,327,356,385,331
8.43,1.36,-5.12,0.08,-0.01,-0.06,343,327,356,385,331
8.92,2.06,-5.53,0.09,-0.01,-0.02,343,327,356,385,330
8.71,2.43,-6.00,0.26,-0.07,-0.06,343,327,356,385,330
9.29,3.44,-6.88,0.47,-0.09,-0.03,343,327,356,385,330
8.21,2.62,-6.24,0.83,-0.02,-0.01,343,327,355,385,330
8.57,1.79,-5.35,1.08,-0.03,-0.05,342,327,355,384,330
8.03,0.22,-5.05,1.14,-0.02,-0.04,342,326,354,384,329
7.42,-0.80,-5.11,1.06,-0.12,-0.14,342,325,354,384,328
7.84,-2.05,-3.63,1.01,-0.18,-0.32,341,324,352,383,328
8.17,-2.70,-4.09,0.83,-0.16,-0.24,340,322,351,383,327
9.38,-4.84,-2.31,-0.51,-0.14,0.32,342,330,358,384,326
7.99,-2.86,-4.44,-0.04,-0.08,-0.06,342,328,359,386,326
7.99,-2.04,-5.90,0.03,0.04,0.03,341,325,357,385,326
8.04,-2.01,-5.53,-0.01,-0.06,-0.07,341,324,357,385,326
8.08,-2.33,-4.95,0.05,0.05,-0.03,341,324,357,385,325
8.28,-2.00,-5.42,0.04,0.03,-0.02,341,324,357,385,325
7.94,-2.20,-5.28,0.04,0.03,-0.00,341,323,357,385,325
8.00,-2.20,-5.05,0.04,-0.00,-0.03,341,323,357,385,325
7.85,-2.23,-5.44,0.02,-0.01,-0.07,341,323,357,385,325
8.14,-2.00,-5.21,0.03,-0.01,-0.08,340,323,357,385,326
8.08,-1.93,-5.17,0.05,-0.01,-0.06,340,323,357,385,326
8.17,-1.89,-5.19,0.04,-0.00,-0.05,340,323,357,385,325
8.28,-1.95,-5.29,0.02,-0.00,-0.06,340,323,357,385,325
8.18,-2.00,-5.53,0.01,-0.01,-0.07,340,323,357,385,325
8.34,-1.77,-5.31,0.03,-0.00,-0.06,340,322,356,385,325
8.14,-2.05,-5.07,0.03,0.01,-0.00,340,322,356,385,325
8.10,-1.92,-5.30,0.03,0.02,-0.02,340,322,356,385,326
8.06,-1.97,-4.97,0.04,0.00,-0.03,340,322,356,385,325
8.16,-1.92,-5.20,0.04,-0.00,-0.02,340,322,356,384,325
8.22,-2.01,-5.29,0.05,0.00,-0.02,340,322,356,385,325
8.33,-1.90,-5.09,0.03,-0.01,-0.01,340,322,356,385,325
7.98,-2.09,-5.11,0.01,-0.01,0.00,340,322,356,385,325
END
8.17,-1.78,-5.66,0.05,-0.01,-0.01,342,330,356,384,333
8.38,1.46,-4.98,0.02,0.02,-0.03,342,329,356,384,333
8.53,1.35,-5.04,0.01,-0.01,-0.06,342,330,356,384,333
8.56,1.34,-4.74,0.01,-0.00,-0.04,342,329,356,384,333
8.51,1.39,-4.72,0.00,-0.04,-0.06,342,330,356,384,333
8.42,1.43,-4.64,0.03,0.01,-0.05,342,329,356,384,333
9.09,2.48,-5.36,0.09,-0.00,-0.05,342,329,356,384,333
9.62,4.57,-6.65,0.50,-0.03,-0.07,342,329,356,384,333
9.04,4.72,-7.26,1.03,-0.15,-0.17,342,329,356,385,332
7.78,2.82,-6.42,1.63,-0.22,-0.26,342,328,355,384,331
7.72,0.17,-4.91,1.40,-0.16,-0.26,341,326,353,383,330
8.01,-1.21,-3.80,1.01,-0.02,-0.10,341,325,353,383,329
7.90,-1.95,-3.76,0.94,0.01,-0.08,340,325,352,382,328
8.15,-2.21,-3.61,0.92,-0.14,-0.18,340,324,352,382,328
10.19,-5.86,-0.53,0.51,-0.23,-0.16,340,324,352,382,326
6.75,-2.58,-4.54,0.08,0.40,0.55,341,329,358,385,324
8.20,-2.12,-5.79,0.04,-0.08,0.00,341,326,357,385,326
7.52,-2.66,-5.09,-0.01,0.04,0.03,340,325,357,385,326
7.90,-2.58,-5.04,0.00,-0.03,-0.07,340,325,357,385,325
8.41,-2.31,-5.66,0.03,0.00,-0.02,340,325,357,385,325
7.98,-2.48,-5.25,0.05,0.00,-0.00,340,324,357,385,325
8.08,-2.43,-5.25,0.02,-0.01,-0.02,340,324,357,385,325
8.14,-2.47,-5.29,0.01,-0.00,-0.02,340,324,357,385,325
7.90,-2.39,-5.37,0.07,0.02,-0.03,340,323,356,385,325
7.94,-2.58,-5.04,0.04,0.01,-0.03,340,323,356,385,325
7.95,-2.40,-5.43,0.01,-0.00,-0.03,340,322,356,385,325
7.99,-2.50,-5.32,0.02,-0.00,-0.03,340,322,356,384,325
8.00,-2.51,-5.38,0.03,-0.02,-0.04,340,322,356,384,325
7.80,-2.59,-5.18,0.04,0.00,-0.04,340,322,356,384,325
8.00,-2.56,-5.14,0.05,-0.00,-0.04,340,322,356,384,325
7.93,-2.53,-5.20,0.02,0.01,-0.03,339,322,356,384,325
8.04,-2.56,-5.46,0.03,-0.00,-0.03,339,322,356,384,325
8.05,-2.51,-5.28,0.05,0.00,-0.03,340,322,356,385,325
7.92,-2.53,-5.13,0.04,-0.00,-0.04,340,322,356,385,325
7.78,-2.56,-4.90,0.03,-0.00,-0.03,340,322,356,384,325
8.07,-2.50,-5.43,0.00,-0.02,-0.07,340,322,356,384,325
END
8.15,-2.48,-5.43,0.03,-0.02,-0.05,340,325,353,383,332
8.85,1.36,-4.69,0.05,-0.02,-0.03,340,325,353,383,332
8.80,1.56,-4.97,0.12,-0.00,0.00,340,325,353,383,332
8.59,1.74,-5.08,0.23,-0.04,-0.02,340,325,353,383,332
8.94,1.44,-5.04,0.31,-0.06,-0.04,340,325,353,383,332
8.89,1.42,-5.12,0.36,-0.06,-0.02,340,325,354,384,332
9.35,2.49,-6.38,0.55,-0.01,0.06,340,325,354,384,332
8.31,2.55,-6.51,0.87,-0.00,0.01,340,325,354,384,332
7.80,0.83,-5.32,1.11,-0.09,-0.23,340,325,354,384,332
7.77,-0.12,-4.80,1.19,-0.11,-0.31,340,325,353,384,331
8.74,-1.27,-3.79,0.99,-0.16,-0.30,340,324,353,383,331
8.28,-1.56,-3.85,1.01,-0.26,-0.37,340,324,353,383,330
10.82,-5.68,-0.62,0.38,-0.27,-0.14,341,330,356,384,328
8.78,-3.21,-3.32,0.21,0.37,0.50,346,347,366,389,327
8.60,-1.86,-5.13,0.15,-0.01,0.14,344,336,362,388,327
7.42,-2.25,-5.41,0.10,0.10,0.17,343,330,361,387,327
7.59,-2.52,-4.58,0.06,0.00,-0.04,342,329,360,387,326
8.43,-2.24,-5.02,0.05,-0.00,-0.09,342,329,360,387,326
8.45,-2.15,-5.07,0.02,0.00,-0.02,342,329,360,387,326
8.03,-2.34,-4.84,0.02,-0.01,-0.03,342,329,360,387,326
8.23,-2.18,-5.17,0.02,-0.02,-0.06,342,328,360,387,326
8.23,-2.36,-4.68,0.03,-0.01,-0.05,342,328,360,387,326
8.26,-2.20,-4.92,0.03,-0.00,-0.05,342,328,360,387,326
8.21,-2.33,-4.86,0.04,-0.01,-0.04,342,327,359,386,326
8.22,-2.18,-5.13,0.04,-0.01,-0.04,341,327,359,386,326
8.41,-2.18,-5.15,0.04,-0.00,-0.03,342,327,359,386,326
8.15,-2.30,-4.76,0.04,-0.00,-0.01,341,326,359,386,326
8.22,-2.20,-4.95,0.04,0.00,-0.02,341,326,359,386,326
8.19,-2.30,-5.07,0.03,0.01,-0.02,341,326,359,386,326
8.26,-2.28,-5.03,0.06,0.01,-0.03,341,326,358,386,326
8.19,-2.33,-4.87,0.03,-0.00,-0.04,341,326,358,386,326
8.37,-2.34,-5.12,0.03,0.01,-0.04,341,326,358,386,326
8.20,-2.18,-5.05,0.03,0.00,-0.02,341,326,358,386,325
8.23,-2.18,-5.20,0.02,0.00,-0.03,341,325,358,386,326
8.28,-2.30,-4.90,0.02,0.00,-0.03,341,325,358,386,325
8.08,-2.43,-4.98,0.03,0.00,-0.02,341,325,358,386,325
END
8.15,-2.35,-4.96,0.04,-0.00,-0.02,341,326,354,383,331
8.76,1.38,-4.94,0.05,0.00,-0.04,341,326,354,383,331
8.53,1.23,-4.81,0.06,-0.01,-0.04,341,326,354,383,331
8.71,1.54,-5.01,0.08,-0.03,-0.05,341,326,354,383,331
8.57,1.16,-4.74,0.09,-0.03,-0.05,341,326,354,383,330
8.64,1.21,-4.92,0.10,-0.04,-0.07,341,326,354,382,330
8.65,1.88,-5.15,0.13,-0.01,-0.03,342,326,353,382,330
8.91,2.72,-6.11,0.37,-0.13,-0.12,341,326,353,382,330
9.21,3.19,-6.60,0.69,-0.13,-0.15,340,326,353,382,329
8.48,1.86,-5.80,1.00,-0.08,-0.12,340,325,352,381,329
7.89,0.62,-5.10,1.06,-0.03,-0.13,341,324,351,380,328
8.15,0.13,-5.04,0.90,-0.03,-0.11,340,324,350,380,327
7.95,-0.73,-4.04,0.94,0.02,-0.13,340,323,349,379,326
8.76,-1.91,-4.52,0.85,0.01,-0.02,339,322,348,378,326
7.77,-1.57,-5.08,0.83,-0.15,-0.08,339,322,348,379,325
9.25,-4.84,-2.33,0.70,-0.13,-0.18,339,321,349,379,325
7.11,-2.78,-3.47,0.05,0.27,0.35,340,328,356,381,324
8.76,-2.08,-5.46,0.04,-0.07,-0.02,340,325,355,382,324
8.03,-2.46,-5.30,0.01,0.01,0.03,339,324,354,382,324
8.13,-2.51,-4.98,0.06,0.01,-0.04,339,323,354,381,324
8.40,-2.30,-5.38,0.08,0.02,-0.04,339,323,354,382,324
7.90,-2.46,-4.82,0.07,0.02,-0.04,339,322,354,382,324
8.04,-2.32,-4.75,0.02,-0.00,-0.06,339,322,354,382,324
8.28,-2.31,-5.08,0.03,-0.02,-0.07,339,322,355,383,323
8.26,-2.27,-5.14,0.05,-0.01,-0.04,339,323,355,383,324
8.20,-2.21,-5.02,0.06,0.01,-0.04,339,322,355,383,324
8.11,-2.28,-4.69,0.02,0.00,-0.06,339,322,355,383,324
8.46,-2.33,-5.04,0.01,-0.01,-0.05,339,322,355,383,324
8.14,-2.33,-5.04,0.03,0.00,-0.02,339,322,355,383,324
8.10,-2.23,-5.02,0.05,-0.00,-0.01,339,322,355,383,324
8.08,-2.30,-4.82,0.04,0.01,-0.02,339,322,355,383,324
8.29,-2.26,-5.01,0.02,-0.00,-0.04,339,322,354,383,324
8.33,-2.41,-4.98,0.01,-0.00,-0.02,339,322,354,383,324
8.17,-2.30,-5.27,0.05,-0.00,-0.02,339,322,354,383,324
8.08,-2.35,-4.87,0.05,0.01,-0.03,339,322,354,383,324
8.30,-2.35,-4.97,0.02,0.00,-0.03,339,322,354,383,324
END
8.26,-2.38,-5.02,0.03,0.00,-0.01,345,330,359,388,332
8.56,1.77,-4.95,0.03,0.01,-0.03,345,330,359,388,332
8.54,1.68,-4.77,0.04,0.01,-0.04,345,330,359,387,331
8.75,1.74,-5.23,0.07,0.01,-0.03,345,330,359,387,331
8.61,1.57,-4.76,0.06,0.01,-0.02,345,330,359,387,331
8.46,1.46,-4.72,0.08,-0.00,-0.03,345,330,359,388,331
8.75,2.02,-5.13,0.08,-0.01,-0.02,345,330,359,387,331
8.91,2.72,-5.81,0.21,-0.06,-0.05,345,330,359,387,331
9.35,3.35,-5.83,0.42,-0.12,-0.07,345,330,359,387,331
8.76,3.01,-6.29,0.88,-0.01,0.04,344,329,358,386,331
8.36,1.67,-5.61,0.92,-0.11,-0.03,344,329,357,386,330
8.02,0.75,-5.41,1.03,-0.17,-0.10,343,328,356,385,330
8.16,-0.45,-4.56,0.99,-0.18,-0.14,343,328,356,385,329
7.57,-1.11,-4.93,0.93,-0.09,-0.07,343,327,355,384,329
8.46,-1.77,-4.62,0.93,-0.10,-0.10,342,326,354,384,328
9.40,-6.59,-0.74,0.97,-0.01,-0.22,342,325,354,384,327
6.47,-2.53,-3.40,0.10,0.25,0.14,344,336,361,387,326
8.80,-1.73,-5.98,0.05,-0.02,-0.03,343,331,359,386,325
8.09,-2.07,-5.59,0.03,0.03,0.02,342,329,359,386,325
7.94,-2.22,-4.89,0.04,0.01,-0.03,343,330,359,386,325
8.31,-1.92,-5.33,0.03,-0.01,-0.04,343,330,359,386,325
8.18,-2.12,-5.30,0.00,-0.01,-0.00,342,330,359,387,325
7.97,-2.30,-5.13,0.02,-0.02,-0.01,343,329,359,387,325
8.16,-2.18,-5.33,0.01,-0.02,-0.03,343,329,359,387,325
8.31,-2.15,-5.38,0.03,0.02,0.00,342,329,359,387,325
7.58,-2.35,-5.05,0.06,0.01,0.01,342,328,358,386,324
7.63,-2.23,-5.22,0.03,-0.01,-0.06,342,328,358,387,325
8.31,-2.23,-5.26,0.03,-0.01,-0.07,342,328,358,386,325
8.53,-2.05,-5.48,0.06,-0.00,-0.02,342,328,358,386,324
7.93,-2.13,-5.08,0.06,0.02,0.02,342,328,358,386,324
7.78,-2.38,-5.05,0.05,0.00,-0.00,342,328,358,386,325
8.05,-2.30,-5.26,0.02,-0.02,-0.04,342,328,358,386,325
7.87,-2.46,-5.23,0.02,-0.01,-0.04,342,328,358,386,325
8.22,-2.35,-5.45,0.04,-0.02,-0.06,342,328,358,386,325
7.90,-2.36,-5.28,0.06,0.01,-0.06,342,328,358,386,325
8.05,-2.30,-5.20,0.06,0.00,-0.06,342,327,358,387,325
END
7.93,-2.26,-4.90,0.04,-0.00,-0.05,343,329,356,385,331
8.67,1.51,-4.90,0.04,-0.00,-0.04,343,329,356,385,331
8.83,1.77,-4.89,0.08,-0.00,-0.02,343,329,356,385,331
8.64,1.49,-4.71,0.14,-0.01,-0.03,343,329,356,385,331
8.64,1.41,-4.76,0.12,-0.02,-0.01,343,329,356,385,332
8.53,1.21,-4.78,0.16,0.00,-0.02,343,329,356,385,331
9.43,2.58,-5.68,0.15,-0.03,0.00,343,329,357,385,331
8.66,2.80,-6.04,0.52,-0.04,-0.03,343,329,357,386,331
8.71,2.57,-6.17,0.79,-0.19,-0.17,343,329,357,386,331
8.70,1.70,-5.44,1.02,-0.13,-0.16,343,329,356,386,331
7.95,0.37,-4.80,0.98,-0.16,-0.13,343,328,356,385,330
7.89,-0.69,-4.69,0.94,-0.14,-0.14,343,328,356,385,330
8.09,-1.38,-4.70,0.87,-0.11,-0.11,342,328,356,386,330
8.04,-1.83,-4.66,1.00,-0.10,-0.20,342,326,355,385,329
9.83,-6.08,0.05,0.17,-0.11,-0.00,342,331,358,385,327
7.98,-3.17,-3.98,0.13,0.01,0.03,343,333,360,387,326
8.00,-2.23,-6.16,0.16,0.05,0.07,342,327,358,386,325
7.82,-2.30,-5.16,0.04,-0.01,-0.01,342,327,358,386,325
8.05,-2.48,-5.00,0.05,0.00,-0.04,342,327,358,386,325
8.20,-2.33,-5.29,0.05,-0.00,-0.01,342,327,357,386,325
8.24,-2.25,-5.43,0.03,-0.02,-0.01,342,327,358,386,325
8.10,-2.44,-4.96,0.05,0.00,-0.00,342,327,358,386,325
8.31,-2.25,-5.27,0.03,0.00,-0.01,342,327,358,386,325
8.00,-2.34,-5.09,0.04,0.03,-0.00,342,327,358,386,325
7.97,-2.33,-5.00,0.03,0.03,-0.01,342,327,358,386,325
7.91,-2.51,-5.10,0.02,0.01,-0.03,342,327,358,386,325
8.23,-2.52,-5.11,0.02,0.00,-0.03,342,327,358,386,325
8.31,-2.56,-5.25,0.02,0.00,0.00,342,327,358,386,325
7.86,-2.46,-5.12,0.03,-0.01,-0.03,342,327,358,386,325
8.05,-2.49,-4.97,0.04,0.01,-0.03,342,327,358,386,325
8.35,-2.49,-5.03,0.02,0.00,-0.04,342,327,358,386,325
7.87,-2.53,-5.00,0.05,-0.00,-0.01,342,327,358,386,325
7.62,-2.54,-5.14,0.01,-0.01,-0.04,341,327,358,386,325
8.23,-2.43,-5.11,0.03,-0.01,-0.08,341,327,358,386,325
8.43,-2.22,-5.15,0.06,0.01,-0.05,342,327,358,386,325
7.77,-2.28,-4.99,0.04,0.02,-0.02,341,327,358,386,325
END
8.08,-2.48,-5.00,0.01,-0.01,-0.04,343,328,358,387,332
8.72,1.29,-4.72,0.05,-0.01,-0.04,343,328,358,387,332
8.74,1.44,-4.58,0.04,0.00,-0.03,343,329,358,387,332
8.69,1.39,-4.72,0.02,-0.02,-0.04,343,328,358,387,332
8.55,1.53,-4.52,0.03,-0.01,-0.00,343,329,358,387,332
8.46,1.27,-4.59,0.03,-0.03,-0.05,343,329,358,387,332
8.47,1.62,-4.87,0.01,0.01,-0.02,343,329,358,387,332
7.60,2.96,-5.66,0.21,0.05,0.03,343,329,358,387,332
9.61,3.21,-6.04,0.41,-0.08,-0.06,343,328,358,387,331
9.26,3.99,-7.18,0.99,-0.11,-0.04,343,328,358,387,332
8.45,2.08,-5.76,1.27,-0.16,-0.12,342,328,357,387,331
8.00,0.34,-4.90,1.28,-0.05,-0.13,342,327,356,386,330
7.47,-0.99,-4.25,1.09,-0.08,-0.06,342,326,355,385,330
8.05,-1.85,-3.56,0.98,-0.19,-0.19,342,326,354,385,329
7.95,-2.51,-3.40,0.82,-0.22,-0.27,341,325,354,385,328
9.29,-5.08,-1.38,0.42,-0.18,-0.21,341,325,355,385,328
7.67,-2.52,-3.81,-0.03,0.20,0.21,342,331,359,387,326
8.82,-1.60,-6.25,0.04,-0.01,-0.02,342,328,358,387,326
8.16,-1.88,-5.56,0.04,0.03,0.04,342,327,358,387,326
7.70,-2.30,-5.01,0.06,0.03,-0.01,340,327,358,387,326
8.52,-1.83,-5.46,0.05,0.00,-0.06,343,327,358,387,325
8.31,-1.98,-5.03,0.05,0.01,0.01,343,327,358,387,325
8.01,-2.15,-5.06,0.05,-0.01,-0.00,342,327,359,388,325
8.10,-2.02,-5.25,0.06,-0.00,-0.03,342,327,359,388,325
8.26,-1.98,-5.06,0.04,0.00,-0.06,342,327,359,388,325
8.31,-2.09,-5.02,0.04,0.01,-0.02,342,327,359,388,325
8.36,-2.00,-5.38,0.05,0.02,-0.01,342,327,358,388,325
8.18,-2.05,-5.05,0.04,-0.01,-0.01,342,327,359,388,325
7.98,-2.05,-5.27,0.03,-0.01,-0.03,342,327,358,388,325
8.20,-2.27,-4.87,0.03,-0.01,-0.03,342,327,359,388,325
8.42,-2.08,-5.23,0.04,-0.01,-0.03,342,327,358,388,325
8.07,-2.12,-5.16,0.05,0.01,-0.02,342,327,358,388,325
8.31,-2.19,-5.00,0.06,0.00,-0.04,342,327,358,388,325
8.07,-2.12,-4.95,0.04,-0.00,-0.03,343,327,358,388,325
8.00,-2.23,-5.13,0.02,-0.01,-0.05,342,327,359,388,325
8.64,-2.26,-4.85,0.03,-0.00,-0.03,342,327,359,388,325
END
8.33,-1.97,-5.20,0.03,0.01,-0.01,343,329,356,385,331
8.48,1.20,-4.43,0.03,0.00,-0.01,343,329,356,385,331
8.68,1.55,-4.84,0.05,-0.03,-0.05,343,329,356,385,331
8.61,1.46,-4.69,0.06,-0.01,-0.04,343,329,356,385,331
8.81,1.06,-4.74,0.09,0.01,-0.05,343,329,356,385,330
9.21,2.14,-5.20,0.11,-0.01,-0.01,343,329,356,385,330
9.17,2.73,-5.79,0.32,-0.09,-0.02,343,329,356,385,330
9.34,2.94,-6.05,0.62,-0.14,-0.05,343,329,356,385,329
8.51,2.00,-5.60,1.00,-0.07,-0.06,342,329,355,384,327
8.29,1.86,-5.67,1.17,-0.11,-0.07,342,328,355,384,326
7.87,0.32,-5.25,1.48,-0.23,-0.29,342,327,353,383,325
7.81,-1.46,-3.93,1.40,-0.28,-0.41,341,325,351,380,325
8.43,-2.33,-3.59,0.93,-0.05,-0.15,341,324,350,380,325
8.33,-2.77,-3.75,0.75,-0.14,-0.20,340,324,350,379,324
8.24,-3.37,-2.21,-0.29,0.12,0.32,341,330,355,382,324
8.74,-2.24,-4.95,0.07,-0.05,-0.02,342,329,356,383,324
8.15,-2.07,-5.61,0.06,0.06,0.07,341,327,355,383,323
7.72,-2.35,-4.92,0.03,0.03,0.02,341,326,355,383,324
8.05,-2.29,-5.22,0.03,0.01,-0.03,341,326,355,384,324
8.30,-2.14,-5.58,0.04,0.01,-0.02,341,326,355,384,324
7.99,-2.26,-5.05,0.01,-0.02,-0.02,341,325,356,384,324
8.07,-2.36,-4.97,0.03,-0.02,-0.05,341,325,356,384,324
8.33,-2.20,-5.41,0.03,-0.01,-0.04,341,325,356,384,324
7.92,-2.26,-5.34,0.06,0.00,-0.04,341,325,355,384,324
8.23,-2.21,-4.83,0.04,0.01,-0.04,341,325,355,384,324
8.25,-2.33,-5.33,0.02,0.01,-0.05,341,325,356,384,324
8.26,-2.35,-5.23,0.03,-0.00,-0.03,341,325,355,384,324
8.01,-2.40,-5.15,0.06,0.01,-0.03,341,325,355,384,324
8.20,-2.30,-5.10,0.06,-0.01,-0.03,341,325,355,384,324
8.01,-2.35,-4.82,0.03,0.00,-0.03,341,325,355,384,324
8.25,-2.21,-5.17,0.03,-0.00,-0.03,341,325,355,384,324
8.15,-2.45,-5.15,0.03,-0.00,-0.02,341,325,355,384,324
8.23,-2.23,-5.23,0.04,-0.00,-0.03,341,325,355,384,324
8.18,-2.35,-5.01,0.04,0.00,-0.04,341,325,355,384,324
8.28,-2.25,-5.22,0.03,0.00,-0.02,341,325,355,384,324
8.03,-2.33,-5.34,0.03,-0.00,-0.03,341,325,355,384,325
END
8.15,-2.52,-4.95,0.04,0.01,-0.02,346,330,359,388,331
8.49,0.95,-4.72,0.05,-0.00,-0.04,346,330,359,388,331
8.64,0.85,-4.60,0.05,-0.00,-0.06,346,330,358,387,332
8.82,1.14,-4.80,0.02,-0.00,-0.03,346,330,358,387,332
8.51,1.02,-4.77,0.04,-0.00,-0.05,345,330,358,387,332
8.64,1.09,-4.72,0.03,0.01,-0.05,346,330,358,387,332
8.95,1.83,-5.42,0.08,-0.02,-0.03,346,330,358,387,331
9.55,2.79,-5.94,0.23,-0.11,-0.07,346,330,358,387,331
8.92,2.90,-6.35,0.59,-0.16,-0.10,345,330,358,387,331
8.59,1.95,-5.88,0.94,-0.25,-0.23,345,329,358,387,331
8.33,1.32,-5.79,1.12,-0.18,-0.24,344,328,357,386,331
7.74,-0.12,-4.65,1.20,-0.03,-0.22,343,326,356,386,330
7.69,-0.89,-4.67,1.02,0.04,-0.12,343,325,355,386,330
8.05,-1.62,-4.05,0.90,-0.04,-0.27,342,324,354,385,330
7.99,-1.69,-5.08,0.85,-0.04,-0.21,342,323,354,385,329
9.51,-4.56,-2.64,0.56,-0.15,-0.19,341,322,354,385,328
7.93,-2.54,-3.53,0.04,0.16,0.24,342,328,358,387,327
9.02,-1.74,-5.61,0.04,-0.08,0.01,342,326,359,387,326
7.85,-2.23,-5.62,0.04,0.02,0.06,342,325,359,387,326
7.67,-2.21,-4.90,0.04,0.01,-0.03,342,325,359,387,326
8.12,-2.23,-5.03,0.05,0.02,-0.03,342,325,358,387,326
8.09,-2.20,-5.19,0.03,0.01,-0.01,342,324,358,387,326
8.00,-2.26,-5.23,0.05,0.00,-0.02,342,324,358,387,326
8.07,-2.25,-5.11,0.04,0.00,-0.01,341,324,358,387,326
7.83,-2.33,-5.12,0.05,-0.01,-0.02,341,324,358,387,326
8.15,-2.23,-5.23,0.05,0.01,-0.02,341,324,358,387,326
7.87,-2.42,-4.95,0.05,0.01,-0.02,341,324,358,387,326
8.02,-2.31,-5.02,0.05,0.01,-0.04,341,324,358,387,326
8.18,-2.33,-5.38,0.03,-0.01,-0.05,341,324,358,387,326
8.18,-2.35,-5.05,0.03,0.00,-0.03,341,323,358,387,326
7.93,-2.38,-5.13,0.04,0.00,-0.04,342,323,358,387,326
8.21,-2.44,-5.13,0.03,-0.00,-0.03,341,323,357,387,326
8.18,-2.28,-5.31,0.03,-0.01,-0.04,341,323,358,387,326
8.18,-2.35,-5.20,0.03,0.00,-0.02,341,323,358,387,326
8.13,-2.30,-5.16,0.04,-0.00,-0.03,341,323,357,387,326
7.96,-2.43,-4.90,0.03,0.01,-0.02,341,323,357,387,326
END
8.17,-2.36,-5.15,0.04,0.00,-0.03,342,326,356,386,334
8.52,1.16,-4.13,0.06,-0.02,-0.04,343,326,356,386,334
8.64,0.70,-4.42,0.05,0.01,-0.04,343,326,356,386,334
8.80,0.85,-4.57,0.02,-0.01,-0.03,343,326,356,386,334
8.76,1.18,-4.80,0.01,-0.02,-0.03,343,326,356,386,334
8.87,1.68,-4.93,0.04,0.00,-0.02,343,326,356,386,334
8.87,1.67,-4.97,0.23,0.03,-0.04,343,326,356,386,333
9.52,2.62,-5.89,0.39,-0.06,-0.07,342,326,356,386,333
8.77,2.43,-6.45,0.74,-0.10,-0.12,343,326,356,386,333
8.51,1.40,-5.20,1.01,-0.15,-0.31,343,326,355,386,332
8.19,0.76,-4.79,1.01,-0.11,-0.27,342,325,355,386,332
8.65,0.04,-4.53,0.95,-0.04,-0.19,342,325,355,386,332
8.51,-0.59,-4.50,0.85,0.01,-0.12,342,325,354,385,331
8.39,-0.88,-4.48,0.85,-0.21,-0.22,342,324,354,385,331
8.48,-1.37,-4.63,0.86,-0.23,-0.19,341,324,353,385,331
9.19,-4.39,-0.73,-0.03,-0.01,0.19,342,328,356,385,328
7.96,-2.94,-3.83,0.14,0.09,0.12,342,329,358,386,327
7.96,-1.73,-6.09,0.12,0.06,0.02,342,325,357,386,327
8.08,-1.77,-5.51,0.01,-0.01,-0.07,341,324,357,386,327
8.41,-1.89,-4.66,0.05,0.01,-0.05,341,324,357,386,327
8.54,-1.70,-5.30,0.07,0.01,-0.01,341,324,356,386,327
8.07,-1.86,-4.92,0.07,0.01,0.02,341,324,357,386,327
8.28,-1.91,-4.82,0.04,-0.01,-0.01,342,325,357,387,327
8.32,-1.87,-5.03,0.03,-0.00,-0.00,342,325,358,387,326
8.19,-1.99,-5.04,0.06,0.02,-0.02,342,324,357,387,327
8.09,-2.10,-4.81,0.06,0.00,-0.04,342,324,358,387,327
8.47,-1.94,-5.20,0.06,-0.00,-0.04,342,325,357,387,326
8.13,-2.07,-5.13,0.06,-0.02,-0.04,342,324,357,387,326
8.24,-2.06,-4.90,0.04,0.01,-0.03,342,324,358,387,326
8.28,-2.01,-4.95,0.05,0.01,-0.03,342,324,357,387,326
8.33,-2.07,-4.78,0.06,0.01,-0.05,342,324,357,387,326
8.46,-1.89,-5.03,0.05,0.00,-0.05,342,324,357,387,326
8.11,-2.16,-4.95,0.03,0.00,-0.03,342,324,357,387,326
8.70,-1.95,-5.20,0.04,0.00,-0.04,342,325,357,387,326
8.08,-2.20,-4.85,0.04,0.02,-0.02,342,324,358,387,326
8.56,-1.95,-5.01,0.04,-0.00,-0.02,342,325,358,387,326
END
8.45,-1.89,-5.12,0.03,-0.00,-0.00,344,329,356,384,331
8.59,1.43,-4.74,0.11,-0.02,-0.05,343,329,356,384,330
8.63,1.26,-4.83,0.13,-0.03,-0.06,343,329,355,384,331
8.65,1.53,-5.24,0.12,-0.02,-0.03,343,329,355,384,330
8.40,0.98,-4.86,0.12,-0.03,-0.04,343,329,355,383,330
8.54,1.61,-5.23,0.09,-0.02,-0.03,343,329,355,383,330
8.65,2.70,-6.40,0.37,-0.06,-0.12,343,329,355,383,330
8.54,2.70,-6.37,0.59,-0.19,-0.22,343,329,355,384,330
8.46,2.01,-6.17,0.87,-0.26,-0.32,343,328,355,384,330
8.10,1.00,-5.73,0.97,-0.16,-0.22,343,327,354,383,330
7.76,0.60,-5.93,0.87,-0.08,-0.18,342,326,353,383,329
7.15,-0.14,-5.61,0.86,0.07,-0.12,342,326,354,383,329
7.73,-0.97,-4.96,0.89,0.10,-0.16,342,325,353,383,330
8.03,-1.36,-5.09,0.81,-0.02,-0.25,341,325,353,383,328
7.62,-1.48,-5.48,0.87,-0.06,-0.26,341,324,352,383,328
8.48,-5.13,-0.67,-0.24,-0.04,0.20,342,327,356,384,326
9.18,-2.00,-4.70,0.09,-0.07,-0.17,342,328,357,385,326
8.51,-1.54,-6.07,0.05,0.03,0.09,342,327,357,385,325
7.71,-1.87,-5.41,0.02,-0.04,0.02,342,326,357,385,325
7.87,-1.93,-5.38,0.04,0.01,-0.05,342,326,357,385,325
8.42,-1.78,-5.58,0.02,0.02,-0.02,342,325,357,385,325
8.08,-1.85,-5.82,0.05,0.00,-0.03,341,325,357,385,325
8.13,-1.83,-5.54,0.06,0.01,-0.01,341,325,357,385,325
8.02,-1.96,-5.53,0.07,-0.01,-0.02,341,324,357,385,325
7.95,-2.00,-5.17,0.06,0.00,-0.00,341,324,356,384,325
8.20,-1.78,-5.32,0.04,-0.01,-0.02,341,324,356,385,325
7.90,-2.07,-5.51,0.03,-0.00,-0.02,341,324,356,384,325
8.32,-1.95,-5.75,0.04,-0.00,-0.03,341,324,356,385,325
7.87,-2.09,-5.30,0.04,0.00,-0.01,341,324,356,384,325
7.78,-2.08,-5.38,0.03,0.01,-0.02,341,324,356,385,325
7.94,-2.10,-5.23,0.03,-0.00,-0.03,341,324,356,384,325
8.06,-2.11,-5.43,0.02,0.00,-0.01,341,324,356,385,325
7.77,-2.12,-5.61,0.03,0.00,-0.02,341,324,356,385,325
8.08,-2.04,-5.41,0.02,0.00,-0.03,341,324,356,384,325
7.94,-2.15,-5.46,0.03,0.00,-0.02,341,324,356,384,325
7.80,-2.05,-5.57,0.04,-0.00,-0.02,341,324,356,384,325
END
7.97,-2.15,-5.43,0.03,-0.00,-0.03,344,330,358,386,332
8.59,0.90,-5.33,0.06,-0.01,-0.06,344,330,358,386,332
8.20,0.91,-4.97,0.05,-0.03,-0.07,344,330,358,386,332
8.55,0.92,-5.41,0.05,-0.01,-0.05,344,330,358,386,332
8.34,0.88,-4.90,0.01,-0.00,-0.05,344,330,358,386,332
8.56,1.00,-5.15,0.03,0.01,-0.06,344,330,358,386,332
8.38,0.85,-5.13,0.02,0.00,-0.06,344,330,357,386,332
8.57,0.88,-5.44,0.04,0.01,-0.05,344,330,357,385,332
8.79,1.82,-5.93,0.11,-0.06,-0.12,344,330,357,386,332
8.23,2.07,-5.86,0.35,-0.11,-0.22,344,330,357,385,331
8.12,1.41,-5.41,0.53,-0.14,-0.37,344,329,356,385,331
8.79,1.64,-5.72,0.51,-0.15,-0.34,344,329,356,385,331
8.54,2.32,-6.27,0.63,-0.08,-0.24,344,329,356,385,331
7.93,2.15,-6.60,0.85,-0.07,-0.29,344,329,356,385,330
8.50,0.54,-5.75,0.99,0.01,-0.21,343,328,356,385,330
7.67,-0.01,-5.81,0.91,0.04,-0.07,343,327,355,384,329
8.06,-0.61,-5.20,0.78,-0.11,-0.25,342,326,354,384,329
7.74,-1.31,-5.43,0.65,-0.05,-0.15,342,326,354,384,329
7.93,-1.13,-5.24,0.52,-0.04,-0.14,342,325,353,384,329
7.65,-1.18,-5.82,0.54,-0.06,-0.12,341,325,353,384,329
8.39,-3.30,-3.48,0.11,-0.10,-0.04,341,326,354,384,328
7.56,-1.79,-5.30,0.16,0.02,-0.02,342,328,356,384,327
8.42,-1.47,-6.09,0.06,0.01,0.00,342,327,356,384,326
7.99,-1.95,-5.48,-0.04,-0.00,0.06,342,327,357,384,326
7.62,-1.66,-6.01,0.06,-0.01,0.01,341,326,356,384,326
7.37,-1.82,-6.08,0.09,-0.01,-0.05,341,326,356,384,326
8.41,-1.77,-5.77,0.06,-0.02,-0.11,342,326,357,384,326
8.18,-1.81,-5.64,0.05,0.00,0.03,342,326,357,384,326
7.11,-1.86,-5.94,0.08,0.02,0.03,341,326,356,384,326
7.53,-1.74,-5.90,0.06,-0.04,-0.08,341,326,356,384,326
8.46,-1.69,-5.58,0.04,-0.00,-0.02,341,325,356,384,326
7.50,-2.00,-5.93,0.05,0.01,0.02,341,325,356,384,325
7.54,-1.99,-5.84,0.04,-0.01,-0.05,341,325,356,384,325
7.96,-2.02,-5.69,0.03,-0.01,-0.05,341,325,356,384,325
7.95,-1.92,-5.79,0.03,0.00,-0.01,341,325,356,384,325
7.66,-1.86,-5.73,0.03,0.01,-0.01,342,325,356,384,325
END
7.63,-1.99,-5.76,0.05,0.01,-0.00,343,329,354,382,328
8.73,1.34,-5.58,0.07,-0.01,-0.08,343,329,354,381,328
8.64,1.18,-5.46,0.02,0.00,-0.02,343,328,354,381,328
8.33,1.30,-5.14,0.02,-0.00,-0.03,342,328,353,381,328
8.36,1.39,-5.26,0.01,0.01,-0.02,342,328,353,381,328
8.40,1.25,-5.22,0.01,0.01,-0.04,342,328,353,380,328
8.43,1.22,-5.20,0.01,0.02,-0.03,342,329,353,380,328
8.64,1.52,-5.46,0.02,0.02,-0.03,342,328,353,380,329
8.70,2.24,-5.69,0.13,-0.02,-0.06,342,328,353,380,328
8.92,2.57,-6.05,0.38,-0.08,-0.14,342,328,353,380,327
8.49,2.67,-6.52,0.68,-0.16,-0.25,342,329,353,381,328
7.85,1.99,-5.84,0.89,-0.13,-0.28,342,328,353,381,328
7.72,1.28,-5.89,0.91,-0.10,-0.29,342,328,353,381,328
7.99,0.57,-5.74,0.94,0.00,-0.20,342,328,353,381,327
7.93,-0.08,-5.12,0.89,0.03,-0.15,342,328,352,382,327
8.09,-0.40,-5.13,0.86,0.01,-0.16,342,328,353,382,327
7.87,-1.08,-5.03,0.86,-0.08,-0.26,341,327,353,383,328
8.38,-1.72,-5.13,0.77,-0.10,-0.19,341,327,353,384,329
8.64,-5.40,-1.16,0.22,-0.06,0.00,341,329,355,384,329
7.30,-2.79,-4.64,0.15,0.14,0.18,342,332,358,385,329
8.03,-1.46,-6.58,0.11,0.04,0.03,341,327,357,385,329
7.85,-2.00,-5.41,0.05,0.01,0.02,341,327,357,385,329
7.51,-2.33,-4.84,0.02,0.02,-0.03,341,327,357,385,329
7.98,-1.98,-5.84,0.00,-0.00,-0.09,341,327,357,385,329
8.24,-1.92,-5.78,0.02,0.00,-0.07,341,326,357,385,329
7.87,-1.92,-5.53,0.07,-0.00,-0.05,341,326,356,385,328
8.18,-1.87,-5.57,0.08,-0.01,-0.03,341,326,356,385,329
8.12,-1.90,-5.24,0.08,0.01,-0.00,341,326,356,385,328
7.40,-2.23,-4.77,0.04,0.02,-0.03,341,326,356,386,328
8.01,-1.90,-5.69,0.01,-0.01,-0.07,341,326,356,386,328
8.16,-1.78,-5.66,0.04,-0.01,-0.05,341,326,356,385,329
8.08,-1.95,-5.54,0.07,-0.01,-0.02,341,326,356,385,328
8.12,-1.81,-5.48,0.06,-0.02,-0.03,341,326,356,385,328
7.85,-1.97,-5.13,0.04,0.01,-0.01,341,326,356,386,328
7.98,-1.97,-5.50,0.00,0.01,-0.03,341,325,356,385,327
7.94,-2.10,-5.53,0.00,-0.01,-0.04,341,325,356,385,327
END
7.95,-1.84,-5.76,0.05,-0.00,-0.06,345,331,356,384,332
8.43,1.44,-5.20,0.04,0.00,-0.02,345,331,356,384,332
8.38,1.33,-5.18,0.05,-0.01,-0.05,345,331,356,384,332
8.48,1.38,-5.19,0.07,0.01,-0.04,345,331,356,384,332
8.42,1.41,-5.20,0.06,0.00,-0.06,345,331,356,384,332
8.70,1.59,-5.07,0.05,0.01,-0.04,345,331,356,384,331
8.76,1.95,-5.42,0.12,-0.01,-0.05,345,331,356,384,332
8.92,2.46,-5.84,0.22,-0.08,-0.11,345,331,356,384,331
8.66,2.42,-5.76,0.46,-0.05,-0.06,345,331,356,384,331
8.05,2.18,-5.97,0.62,-0.04,-0.10,345,331,356,384,331
8.03,2.20,-6.14,0.82,-0.06,-0.27,344,331,355,384,331
8.12,1.06,-5.31,1.05,-0.03,-0.34,344,329,355,383,330
8.18,0.57,-4.99,1.08,-0.04,-0.35,343,328,353,383,330
8.59,-0.33,-4.77,1.06,-0.03,-0.29,342,327,353,383,329
8.84,-1.03,-4.60,0.95,-0.08,-0.25,342,326,352,383,329
7.93,-1.26,-5.00,0.78,-0.11,-0.17,342,325,352,383,328
8.15,-3.83,-2.01,-0.11,0.09,0.38,344,335,358,384,327
8.00,-2.48,-4.43,0.14,-0.02,0.05,346,339,361,386,327
8.63,-1.42,-5.97,0.14,0.00,0.12,345,334,360,387,327
7.97,-2.04,-5.31,0.06,0.01,0.09,344,333,360,387,326
7.72,-1.99,-5.10,0.03,-0.02,-0.04,344,333,360,387,326
8.13,-1.97,-5.31,0.04,0.01,-0.04,344,332,360,387,326
7.95,-2.07,-5.43,0.04,0.00,-0.04,344,332,360,387,326
8.17,-2.05,-5.54,0.04,0.00,-0.04,343,331,359,386,326
8.00,-2.04,-5.27,0.04,-0.01,-0.03,343,331,359,386,326
8.00,-1.92,-5.34,0.04,-0.01,-0.06,343,331,359,386,326
8.36,-1.88,-5.27,0.03,-0.00,-0.04,343,331,359,386,326
8.08,-1.94,-5.33,0.03,0.01,-0.01,343,331,359,386,326
8.10,-1.95,-5.38,0.03,0.01,-0.04,343,331,359,386,326
7.88,-1.97,-5.23,0.04,0.00,-0.03,343,330,359,386,326
8.09,-1.97,-5.38,0.02,0.00,-0.03,343,330,358,386,326
8.05,-1.97,-5.36,0.04,0.01,-0.03,343,330,358,386,326
7.98,-1.96,-5.25,0.03,0.00,-0.03,343,330,358,386,326
8.14,-1.94,-5.38,0.04,0.00,-0.04,342,330,358,386,326
8.28,-1.90,-5.36,0.03,0.00,-0.04,342,330,358,386,326
7.93,-2.11,-5.34,0.03,-0.00,-0.03,342,330,358,386,326
END