5.94,3.51,-9.31,2.50,-0.25,0.52,330,306,304,347,341
3.23,-2.53,-7.72,-1.62,0.91,-1.08,330,306,305,347,340
8.74,3.61,-10.69,-1.73,0.01,-0.93,330,305,304,347,341
7.20,5.68,-11.55,0.20,-0.47,0.41,330,305,305,347,342
3.27,1.31,-8.74,2.35,-0.49,0.55,330,305,305,348,342
-0.42,-9.42,-4.92,1.89,-0.93,0.75,331,305,304,347,341
-7.36,-11.44,-3.62,0.86,-0.50,1.02,331,306,305,348,342
-7.85,-9.30,-4.11,-0.27,0.78,-0.34,331,306,305,348,342
1.10,-5.13,-6.60,-1.66,0.85,-1.28,330,306,305,348,340
4.58,-0.78,-7.70,-1.75,0.66,-1.61,330,306,304,348,341
10.27,4.97,-12.02,-1.51,-0.36,-0.96,330,305,305,348,344
4.66,4.01,-10.47,1.96,-0.19,1.09,330,306,305,349,345
1.86,-2.21,-7.24,2.05,-0.59,0.54,330,306,305,349,343
-2.28,-10.54,-4.95,1.11,-0.93,0.73,330,306,305,349,342
-8.17,-10.77,-4.84,0.30,-0.01,0.44,330,306,305,348,342
-3.82,-7.72,-5.79,-1.13,0.56,-0.65,331,306,305,348,342
1.07,-3.09,-7.57,-1.35,0.90,-0.97,330,306,305,348,341
5.41,1.16,-9.15,-1.55,0.38,-1.36,330,305,305,348,342
8.03,4.67,-11.86,0.23,0.05,0.33,330,306,305,348,342
5.03,2.86,-8.00,1.80,-0.04,0.22,329,305,304,348,341
2.93,-3.70,-7.01,1.38,-0.68,0.02,330,306,304,348,341
-1.03,-11.95,-4.42,1.39,-0.61,0.71,331,306,305,348,341
-7.77,-11.44,-4.93,-0.12,0.22,0.71,331,306,305,348,342
-1.71,-7.90,-5.89,-1.23,0.63,-0.83,331,306,305,348,341
3.63,-2.96,-7.85,-1.54,0.69,-0.77,330,305,305,348,340
6.00,1.89,-9.57,-1.47,0.17,-0.32,330,306,305,348,342
6.87,4.95,-11.13,0.21,0.09,0.05,330,305,305,349,342
4.99,3.33,-9.66,1.33,-0.24,0.00,329,305,305,348,343
3.45,-3.01,-7.07,1.77,-0.47,-0.29,330,306,304,349,342
0.35,-12.92,-5.32,1.48,-0.71,0.85,331,306,305,349,341
-8.61,-11.03,-4.26,0.09,-0.02,1.42,331,306,305,349,343
-2.95,-8.46,-5.36,-0.88,0.68,-0.72,330,306,305,349,342
2.40,-3.70,-7.24,-1.59,0.78,-0.98,330,306,305,348,341
7.95,1.76,-9.32,-1.66,0.05,-0.38,330,306,305,349,345
6.06,5.34,-10.72,-0.22,-0.20,0.43,330,306,305,349,347
3.99,2.81,-10.13,1.11,-0.28,-0.17,330,306,306,349,346
END
3.20,-5.14,-7.19,1.97,-0.51,0.09,330,307,305,348,340
6.77,0.91,-9.14,-1.63,0.25,-2.10,330,306,304,348,340
7.10,5.53,-11.53,-0.19,-0.24,0.56,330,306,305,348,341
4.02,4.60,-9.65,1.61,0.01,0.37,330,306,304,348,341
4.01,-2.93,-7.31,1.51,-0.49,0.45,330,306,304,348,340
2.12,-10.62,-5.23,1.78,-0.64,1.34,330,306,305,348,339
-8.00,-12.82,-2.88,0.03,0.10,0.59,331,306,305,348,340
-4.08,-7.44,-4.92,-1.06,0.39,-0.49,330,306,304,348,340
1.65,-3.37,-6.68,-1.59,0.71,-0.68,330,306,304,347,339
6.18,2.07,-9.30,-1.27,0.43,-0.80,330,306,304,347,340
7.89,4.54,-11.87,-0.19,-0.23,-0.00,329,305,304,348,341
5.14,0.66,-9.52,1.86,-0.08,0.17,329,306,304,348,340
2.17,-7.23,-6.69,1.63,-0.68,0.37,330,306,304,348,340
-3.14,-12.17,-3.76,0.92,-0.38,0.96,330,306,305,348,340
-7.88,-9.94,-4.26,-0.55,0.46,0.09,330,307,305,348,340
-1.08,-4.29,-6.31,-1.79,0.72,-1.32,330,306,305,348,339
5.76,1.49,-8.09,-2.30,0.39,-2.14,330,306,305,348,340
9.30,7.56,-12.21,-0.92,-0.44,0.58,330,306,305,348,343
5.91,5.18,-9.78,2.37,0.14,0.66,329,306,305,348,342
3.30,-2.96,-7.27,1.94,-0.61,0.65,330,306,304,348,340
-1.87,-11.08,-3.98,1.80,-0.61,1.33,331,306,305,348,339
-10.00,-10.91,-4.03,0.22,0.56,0.49,331,306,304,347,340
-3.00,-6.40,-5.28,-1.34,0.60,-1.25,331,306,304,347,338
5.73,-0.24,-8.26,-1.89,0.51,-1.76,330,306,304,347,338
10.14,4.85,-11.75,-1.43,-0.22,-0.16,330,306,304,348,341
5.94,3.39,-10.19,1.55,0.10,0.49,330,306,304,348,340
4.01,-2.35,-8.23,1.89,-0.31,0.38,330,306,304,347,338
0.79,-9.78,-5.42,1.50,-0.68,0.95,330,306,305,348,338
-6.02,-10.93,-3.93,0.45,0.05,0.88,330,306,304,347,338
-4.57,-8.40,-4.59,-0.70,0.49,-0.60,330,306,304,347,338
1.87,-3.84,-6.48,-1.58,0.62,-1.42,330,306,304,347,337
6.65,-0.06,-8.99,-1.58,0.31,-1.11,330,306,304,347,338
8.57,3.83,-11.43,-0.05,0.06,0.35,330,306,304,347,338
5.20,1.34,-9.90,1.19,-0.16,0.27,329,306,304,347,338
4.03,-4.30,-7.47,1.51,-0.59,0.59,330,306,304,347,338
-1.41,-11.11,-4.37,1.40,-0.46,1.15,331,306,305,347,337
END
-7.29,-10.22,-4.34,-0.01,0.24,0.47,330,306,304,348,338
0.64,-9.39,-5.33,1.40,-0.79,1.28,330,306,305,348,337
-6.12,-10.66,-3.44,0.61,-0.11,1.01,330,307,305,348,337
-5.25,-8.46,-4.50,-0.55,0.37,-0.40,330,307,305,347,337
1.14,-4.18,-6.97,-1.38,0.67,-1.41,330,305,305,347,336
5.28,0.06,-8.55,-1.70,0.28,-1.81,330,307,304,347,337
9.80,5.22,-11.86,-1.18,-0.36,-0.24,329,306,305,348,340
6.04,3.85,-9.30,1.93,0.06,0.66,328,306,305,348,339
3.49,-5.93,-6.56,1.72,-0.57,0.81,329,306,305,348,338
-2.35,-11.37,-4.38,1.35,-0.56,1.44,330,307,305,348,337
-8.56,-9.84,-4.47,-0.15,0.30,0.44,330,307,306,347,339
-1.47,-6.30,-6.12,-1.50,0.57,-1.26,330,307,306,347,338
3.64,-2.35,-7.71,-1.48,0.73,-1.37,330,307,305,347,337
8.89,3.30,-9.78,-1.57,0.14,-0.71,329,306,305,348,339
8.69,5.82,-10.90,1.25,0.06,0.41,329,306,305,348,340
6.04,-0.72,-8.43,1.90,-0.38,0.32,330,306,305,348,338
1.80,-9.20,-5.23,1.80,-0.65,1.18,330,306,305,348,337
-7.42,-11.16,-3.52,0.82,-0.18,1.37,330,307,306,347,338
-7.00,-8.66,-3.90,-0.73,0.55,-0.66,330,307,305,347,338
0.98,-4.38,-6.18,-1.57,0.73,-1.61,330,307,305,347,337
5.98,0.88,-7.78,-1.62,0.53,-2.44,330,306,304,347,337
12.41,6.32,-12.20,-1.27,-0.72,0.02,329,306,305,348,342
6.17,3.93,-9.48,2.50,0.36,1.17,329,306,305,348,341
3.78,-4.32,-6.25,1.93,-0.52,1.13,330,306,304,348,338
-1.74,-10.73,-3.33,1.73,-0.64,1.82,330,306,305,348,337
-9.73,-10.49,-2.76,-0.13,0.69,0.20,330,307,305,347,339
-1.95,-6.53,-4.80,-1.43,0.39,-1.49,330,307,304,347,338
4.92,-1.30,-7.77,-1.87,0.47,-2.03,329,306,305,347,337
10.81,3.58,-10.45,-1.69,-0.45,-0.92,329,306,304,348,341
7.33,5.00,-11.28,1.52,0.01,0.88,329,305,305,348,340
4.22,-1.42,-7.70,1.98,-0.18,0.67,330,306,304,348,339
1.16,-9.25,-5.84,1.39,-0.69,1.06,330,306,305,348,338
-5.86,-10.47,-3.60,0.81,0.11,0.96,330,307,305,348,337
-4.49,-9.46,-4.25,-0.81,0.45,-0.60,330,307,305,347,337
2.43,-4.10,-6.63,-1.59,0.41,-1.69,330,307,305,347,336
6.32,1.99,-8.87,-1.81,-0.02,-2.24,330,307,305,347,337
END
9.79,5.16,-12.56,-0.70,-0.44,0.58,330,306,305,346,338
9.99,2.92,-11.11,-1.64,-0.25,-0.62,330,306,305,347,340
5.85,4.13,-10.73,1.58,-0.02,0.74,329,306,305,347,340
2.53,-3.07,-7.37,1.60,-0.46,0.44,329,306,305,347,339
-0.33,-10.89,-5.07,1.45,-0.57,0.89,330,306,304,347,338
-7.65,-11.49,-4.05,0.17,0.36,0.48,330,306,305,346,339
-2.71,-8.23,-5.05,-1.36,0.43,-1.21,330,306,305,346,338
3.66,-2.38,-7.90,-1.71,0.48,-1.73,330,306,305,346,338
8.61,3.56,-10.65,-1.84,-0.24,-1.55,330,306,305,347,339
6.99,5.19,-11.85,1.41,-0.06,1.19,330,306,305,347,340
2.57,-0.69,-7.49,2.36,-0.04,1.00,330,306,305,347,339
0.13,-10.20,-5.64,1.09,-0.65,0.83,330,306,304,347,338
-4.57,-11.90,-4.03,0.36,0.01,0.57,330,306,305,346,338
-3.36,-8.71,-4.92,-0.83,0.43,-0.50,330,306,305,345,338
0.67,-5.21,-7.16,-1.46,0.56,-1.23,330,306,305,346,337
5.28,0.07,-8.54,-1.90,0.13,-1.59,330,306,305,346,338
7.65,5.05,-11.08,-0.87,-0.29,0.05,329,306,305,347,340
4.53,3.75,-9.89,1.79,0.12,0.68,329,306,305,347,340
3.79,-3.89,-7.64,1.85,-0.24,0.43,330,306,305,347,339
1.36,-11.74,-5.56,1.79,-0.38,1.27,330,306,305,346,338
-6.99,-10.98,-4.17,0.08,0.30,0.92,330,306,305,346,338
-2.64,-6.12,-5.32,-1.26,0.43,-1.03,330,306,305,346,338
2.43,-1.41,-7.49,-1.94,0.41,-1.77,330,306,305,346,337
8.71,3.19,-10.31,-1.79,-0.18,-0.61,330,306,305,347,340
7.26,4.77,-10.90,1.32,0.13,0.84,329,306,305,347,339
3.80,-1.56,-8.68,1.57,-0.25,0.52,330,306,304,347,339
1.12,-9.40,-6.94,1.52,-0.47,1.05,330,306,305,347,338
-4.62,-10.11,-4.96,0.47,0.01,1.03,330,306,305,346,337
-4.05,-7.26,-5.57,-0.71,0.37,-0.62,330,306,305,346,338
1.21,-2.59,-7.90,-1.63,0.39,-1.73,330,306,305,346,337
7.62,1.31,-9.48,-1.66,-0.16,-1.16,330,306,305,347,339
6.35,3.37,-11.33,0.98,-0.01,1.02,330,306,306,347,340
3.52,-1.01,-8.47,1.78,-0.10,0.79,330,306,305,347,338
0.78,-8.20,-6.63,1.18,-0.55,0.92,330,306,305,347,338
-3.98,-10.22,-5.53,0.44,-0.05,0.55,330,306,306,347,338
-3.60,-8.00,-5.48,-0.71,0.21,-0.42,330,306,305,346,337
END
1.38,-3.44,-7.65,-1.31,0.44,-1.31,330,307,306,346,338
9.55,7.05,-11.92,-1.11,-0.46,0.15,330,307,306,347,342
5.19,3.50,-9.86,2.49,0.19,1.22,329,307,306,347,341
2.15,-5.70,-6.42,2.13,-0.53,1.07,330,307,305,347,338
-2.70,-10.16,-4.74,1.00,-0.20,1.74,330,307,307,347,337
-7.73,-9.09,-4.44,-0.15,0.75,-0.29,330,308,307,346,337
1.14,-3.64,-6.73,-1.84,0.18,-2.19,330,308,306,347,336
10.12,1.82,-10.42,-1.75,-0.09,-1.17,330,308,306,347,340
8.42,4.43,-11.91,0.92,-0.17,1.57,330,307,306,348,340
2.50,-2.48,-7.79,1.98,-0.33,1.23,330,307,307,348,338
-2.00,-8.87,-5.68,1.09,-0.61,0.60,330,308,308,348,337
-6.08,-10.35,-4.54,0.08,0.06,0.43,330,308,308,347,336
-2.47,-7.05,-5.58,-0.92,0.66,-1.28,331,308,307,347,336
3.65,-2.27,-7.60,-2.03,0.43,-2.33,330,308,307,347,336
8.12,3.99,-9.50,-1.86,-0.27,-1.30,330,307,307,347,340
5.37,8.24,-10.95,0.94,-0.12,1.39,329,307,307,347,341
2.99,2.44,-8.10,2.32,0.07,0.32,329,307,307,347,339
2.18,-10.20,-6.32,1.15,-0.49,0.63,331,307,307,347,337
-1.73,-12.71,-5.20,0.92,-0.07,1.40,331,307,307,347,336
-4.85,-8.56,-5.93,-0.59,0.63,-0.26,331,308,307,347,336
2.66,-2.23,-7.41,-1.77,0.34,-2.01,330,307,307,347,336
7.84,3.61,-9.17,-2.02,-0.12,-1.14,330,307,306,347,338
8.45,6.95,-11.05,0.64,-0.04,0.68,330,307,307,347,339
4.36,2.91,-9.33,2.33,0.00,0.77,329,307,306,347,338
2.99,-8.00,-5.94,1.58,-0.69,0.98,330,307,306,347,336
-5.03,-10.98,-4.04,0.83,-0.10,1.87,330,307,307,347,336
-8.28,-9.35,-4.15,-0.46,0.89,-0.44,331,308,306,346,336
0.04,-2.72,-6.28,-1.94,0.24,-2.19,330,308,306,346,335
8.54,4.47,-9.38,-2.20,-0.03,-1.31,330,307,306,347,339
9.58,8.16,-11.38,0.75,0.04,0.81,330,307,306,347,339
4.13,0.93,-8.08,2.12,-0.05,0.39,329,307,306,347,338
2.01,-10.21,-5.60,1.51,-0.63,0.92,330,307,306,347,336
-5.11,-11.81,-4.88,0.49,-0.04,1.46,330,307,307,347,336
-4.04,-7.77,-4.85,-0.70,0.63,-0.75,331,308,307,346,336
1.72,-2.13,-6.98,-1.95,0.29,-2.11,330,307,306,346,336
8.79,4.31,-9.45,-2.08,-0.16,-1.12,330,307,306,347,339
END
8.20,7.02,-11.19,0.97,0.10,1.03,330,307,306,347,341
3.47,-8.26,-7.23,1.34,-0.58,0.54,330,308,305,347,338
-0.34,-11.26,-5.35,1.11,-0.33,1.40,330,308,306,347,337
-7.67,-8.87,-4.57,-0.28,0.52,0.06,330,308,306,346,338
-1.61,-4.21,-5.92,-1.66,0.22,-1.93,330,308,306,346,337
5.46,2.28,-8.61,-1.93,0.09,-2.18,329,307,305,346,338
7.65,6.81,-11.89,-0.65,-0.15,0.56,329,307,306,347,341
4.72,3.15,-9.78,1.99,0.42,0.30,329,307,305,347,340
4.07,-5.87,-7.85,1.14,-0.22,0.31,331,307,305,347,338
2.93,-10.02,-7.34,1.02,-0.18,0.84,330,307,306,347,337
-0.66,-7.75,-6.93,-0.09,-0.03,0.34,330,308,306,347,336
0.42,-3.38,-7.48,-0.80,0.01,-0.79,330,308,306,347,336
4.11,0.15,-8.89,-0.77,0.10,-0.21,330,308,306,347,337
4.29,2.28,-10.11,0.50,0.20,-0.19,330,308,306,347,338
4.94,-6.82,-8.85,0.70,-0.03,0.01,330,308,306,347,337
2.53,-10.29,-5.69,1.06,0.17,1.23,330,308,306,347,336
-1.63,-7.78,-6.11,-0.59,0.31,-0.16,330,308,306,346,336
1.28,-2.91,-7.58,-1.62,0.01,-1.46,330,308,306,346,335
5.57,2.68,-9.02,-1.80,-0.13,-1.18,330,308,306,346,338
6.98,7.21,-10.83,0.54,0.18,0.86,329,308,306,347,340
6.12,4.34,-9.74,1.63,-0.05,0.61,329,307,306,347,340
5.02,-5.62,-7.80,1.89,-0.54,0.71,330,307,306,347,339
1.15,-11.59,-4.62,1.91,-0.68,1.72,330,308,307,347,337
-10.08,-10.41,-3.62,-0.14,0.30,0.95,330,309,307,347,337
-4.52,-5.85,-4.24,-0.85,0.82,-1.20,331,309,306,346,337
1.43,-1.56,-6.54,-1.97,0.50,-2.22,330,308,305,346,336
10.25,5.93,-10.57,-1.82,-0.21,-1.21,330,307,305,347,340
8.56,6.02,-11.59,0.91,0.09,0.75,329,306,305,347,341
4.06,0.88,-8.15,2.18,0.15,0.16,330,307,305,346,339
3.17,-11.54,-6.03,1.18,-0.65,0.83,330,307,306,347,337
-1.98,-11.64,-5.29,0.84,-0.15,1.54,331,307,306,347,336
-6.49,-8.88,-4.23,-0.32,0.68,-0.20,330,308,306,346,336
0.46,-3.48,-5.95,-1.54,0.40,-1.89,330,308,306,346,335
7.39,1.77,-8.04,-1.71,0.22,-1.96,330,308,306,347,337
9.79,6.70,-11.46,-0.85,-0.14,0.28,330,307,306,348,340
5.93,4.34,-9.85,1.39,0.14,0.25,330,307,306,348,339
END
4.39,-3.06,-8.43,1.18,-0.38,0.32,330,308,305,347,336
4.13,-0.17,-7.76,-1.63,0.55,-1.63,330,308,306,347,336
7.75,4.89,-9.68,-1.33,0.22,-1.15,330,308,306,348,339
8.29,8.31,-11.11,0.32,0.18,0.27,330,308,307,348,341
5.91,2.79,-10.05,1.23,-0.09,0.22,330,309,307,348,340
4.84,-3.39,-7.93,1.58,-0.27,0.49,330,308,307,348,339
2.30,-9.42,-6.14,1.43,-0.47,1.12,330,308,307,348,337
-3.47,-9.97,-5.10,0.40,-0.11,1.00,331,308,308,348,336
-4.64,-8.12,-4.87,-0.51,0.44,-0.33,331,309,308,348,336
1.03,-4.54,-6.32,-1.24,0.57,-1.15,331,309,308,348,336
7.29,2.68,-8.52,-1.49,0.30,-1.47,331,309,307,348,337
10.50,7.57,-12.16,-1.04,-0.46,0.58,330,309,308,349,343
5.03,3.78,-9.95,1.95,0.15,0.48,330,308,308,349,341
3.76,-5.74,-7.45,1.29,-0.49,0.63,330,308,307,349,338
0.80,-10.17,-5.33,1.32,-0.44,1.26,331,309,308,349,336
-6.03,-9.70,-4.22,-0.03,0.19,0.60,331,309,308,348,336
-2.63,-5.94,-5.53,-1.08,0.42,-1.16,331,309,308,348,336
4.91,-1.34,-7.95,-1.71,0.31,-1.55,331,309,308,348,337
8.30,4.24,-10.52,-0.90,0.28,0.10,330,309,308,349,339
7.13,5.74,-11.14,0.79,0.15,0.20,330,308,308,349,340
4.90,-1.82,-8.64,1.16,-0.21,0.16,331,309,308,349,339
3.07,-7.26,-6.84,1.27,-0.29,0.54,331,309,308,349,337
-0.10,-10.81,-5.99,0.48,-0.25,0.58,332,309,309,349,336
-2.40,-7.53,-6.07,-0.34,0.17,0.06,332,309,309,349,336
0.80,-4.41,-7.11,-0.94,0.37,-0.92,332,309,309,349,335
4.83,0.55,-8.36,-1.18,0.39,-1.46,332,309,309,349,336
11.07,6.46,-11.76,-1.17,-0.33,-0.15,331,309,309,348,341
6.55,5.34,-9.99,1.90,-0.01,0.85,331,309,309,350,341
4.12,-5.84,-6.30,1.70,-0.68,0.94,331,309,308,349,337
-0.61,-12.55,-2.72,1.57,-0.62,2.06,332,309,309,349,336
-10.70,-10.36,-3.31,-0.26,0.51,0.62,332,309,308,348,338
-2.51,-5.35,-5.23,-1.44,0.40,-1.59,332,309,307,347,337
4.09,0.39,-7.84,-1.85,0.54,-2.10,331,308,307,347,336
11.12,6.76,-11.64,-1.70,-0.29,-0.49,330,307,306,348,341
6.39,4.98,-10.72,1.58,0.40,0.30,330,307,306,348,340
3.59,-4.34,-7.55,1.13,-0.32,0.23,331,308,306,348,338
END
2.02,-9.55,-7.07,0.91,-0.38,0.68,331,308,306,347,338
2.73,-8.98,-5.61,1.11,-0.65,0.56,332,308,306,348,336
-2.01,-12.18,-3.35,1.14,-0.05,1.80,332,309,307,348,335
-7.82,-9.98,-3.75,-0.29,0.91,-0.10,332,310,307,347,336
0.84,-3.97,-5.81,-1.74,0.32,-1.91,332,309,307,347,335
8.41,3.07,-9.48,-1.68,0.09,-1.67,331,309,306,348,337
10.52,6.74,-12.82,-0.13,-0.23,0.81,331,308,306,349,340
4.84,2.23,-9.68,1.95,-0.23,0.63,331,308,306,348,338
1.03,-9.93,-4.71,1.31,-0.82,1.09,331,309,307,348,336
-8.15,-10.92,-3.19,0.68,-0.03,1.37,332,310,308,348,336
-6.31,-8.42,-4.24,-0.32,0.85,-0.84,332,311,307,347,336
2.21,-2.25,-6.82,-1.96,0.23,-2.30,331,310,307,347,335
10.49,4.50,-12.09,-1.89,-0.32,-0.70,331,310,307,349,340
8.84,4.94,-12.13,1.27,-0.20,1.19,331,310,308,351,341
2.37,-3.60,-7.81,1.93,-0.42,0.89,331,310,309,350,339
-2.61,-10.67,-4.82,0.76,-0.65,1.09,332,311,311,350,338
-7.79,-9.19,-4.95,0.12,0.39,0.05,332,313,311,349,338
-0.60,-4.82,-6.21,-1.17,0.45,-1.40,332,313,310,349,338
9.25,0.69,-9.78,-1.30,0.33,-0.91,331,312,310,350,340
8.15,3.65,-11.98,0.65,-0.17,0.69,331,311,310,351,341
2.40,-1.77,-8.46,1.52,-0.36,0.26,331,312,310,351,340
-2.63,-12.52,-4.42,0.93,-0.57,0.99,333,313,312,350,338
-8.66,-10.45,-4.62,-0.14,0.76,0.14,333,313,312,350,339
-0.77,-5.63,-5.74,-1.86,0.54,-2.05,332,312,310,349,337
6.15,2.54,-8.16,-2.34,0.22,-2.51,332,312,310,349,338
9.66,8.65,-11.18,-2.07,-0.84,0.93,331,311,311,350,345
3.40,8.39,-9.95,2.50,0.55,0.67,331,311,310,350,343
3.95,-1.60,-7.29,1.68,-0.40,0.25,331,311,309,350,341
3.56,-13.01,-6.95,1.87,-0.60,1.02,331,311,309,349,338
-7.23,-10.46,-4.29,0.25,0.36,1.41,332,312,310,349,336
-5.46,-6.91,-4.87,-0.97,0.62,-1.52,333,312,309,348,337
4.75,0.44,-7.90,-2.27,-0.14,-2.40,332,311,309,348,338
8.69,6.32,-12.22,-1.57,-0.14,0.81,331,311,309,349,341
5.89,5.21,-10.01,2.07,0.24,0.55,331,311,309,349,341
3.10,-4.75,-7.58,1.45,-0.56,0.62,331,311,309,349,339
-3.05,-13.65,-3.43,1.94,-0.43,1.29,331,311,310,349,337
END
-9.50,-11.48,-4.67,-0.43,0.82,-0.01,330,307,305,346,334
5.64,0.05,-8.05,-1.91,0.17,-1.54,330,307,305,346,334
8.87,5.92,-12.40,-1.23,-0.27,0.64,330,306,304,346,337
4.67,4.26,-10.27,1.94,0.16,0.65,330,306,304,346,336
3.20,-3.52,-6.74,1.53,-0.58,0.29,330,306,304,346,335
-0.39,-13.34,-2.89,1.69,-0.50,0.96,330,306,305,346,334
-8.87,-12.86,-2.96,-0.37,0.54,0.56,330,307,305,346,335
-2.18,-6.37,-4.87,-1.50,0.52,-1.64,330,307,305,345,334
6.25,0.54,-8.14,-2.13,0.14,-2.10,330,306,304,346,335
10.35,5.78,-12.66,-1.32,-0.42,0.82,330,306,304,347,338
5.20,4.50,-10.56,2.37,0.30,0.70,330,306,304,346,337
3.10,-2.99,-6.88,1.56,-0.64,0.14,330,306,304,346,335
-0.67,-13.52,-3.16,1.63,-0.50,0.99,330,307,305,346,334
-9.22,-12.29,-3.12,-0.12,0.62,0.64,330,307,305,346,335
-2.35,-7.35,-4.49,-1.44,0.54,-1.63,330,307,304,346,334
7.04,-0.06,-8.16,-1.88,0.05,-1.87,330,306,304,346,334
10.57,5.02,-12.80,-0.84,-0.06,0.62,330,306,304,346,336
5.70,3.17,-9.75,1.72,-0.04,0.49,330,306,304,346,335
2.75,-6.20,-5.81,1.39,-0.64,0.31,330,306,304,346,334
-1.73,-14.04,-2.51,1.38,-0.39,1.21,330,306,305,346,334
-9.25,-11.33,-3.28,-0.42,0.79,0.09,330,307,305,346,334
0.92,-5.61,-5.22,-1.77,0.34,-1.73,330,307,305,346,333
7.85,0.80,-8.81,-1.84,0.18,-1.21,330,306,304,346,334
8.91,5.38,-12.49,-0.29,-0.01,0.71,330,306,304,346,336
4.71,3.11,-9.50,1.79,-0.13,0.43,330,306,304,346,335
2.38,-7.01,-5.15,1.53,-0.72,0.52,330,306,304,345,334
-5.18,-14.47,-2.15,1.27,-0.39,1.22,330,307,304,346,333
-8.83,-11.09,-3.31,-0.69,0.91,-0.46,330,306,304,345,334
1.60,-3.93,-5.59,-2.06,0.25,-2.23,330,307,304,346,333
8.87,2.82,-9.71,-1.88,-0.13,-1.40,330,306,304,345,335
7.93,6.05,-12.50,1.34,0.14,1.02,330,306,304,346,336
3.07,-0.77,-7.83,1.86,-0.33,0.31,330,306,304,346,336
0.96,-11.30,-4.44,1.32,-0.78,0.78,330,306,304,346,334
-7.09,-13.60,-2.61,0.40,-0.04,1.20,331,307,304,346,334
-5.07,-7.47,-3.85,-1.10,0.67,-1.11,330,307,304,346,334
3.05,-2.48,-6.70,-2.01,0.28,-1.85,330,307,304,345,333
END
9.20,4.61,-11.14,-1.71,-0.05,-0.57,330,306,304,346,337
4.71,3.27,-9.20,2.50,0.46,0.74,330,306,304,346,335
2.53,-4.70,-5.21,1.22,-0.57,0.25,330,306,304,346,334
0.53,-13.57,-3.25,1.55,-0.19,1.07,331,306,305,346,333
-6.91,-10.89,-4.41,-0.59,0.70,0.16,331,307,305,346,334
0.54,-5.63,-5.87,-1.80,0.09,-1.99,330,307,304,346,333
7.28,0.99,-9.35,-1.91,-0.13,-1.58,330,307,304,346,334
6.75,5.12,-11.23,-0.13,0.04,1.04,330,306,304,346,335
4.16,3.63,-9.86,1.63,0.10,0.32,330,306,304,346,335
3.85,-5.55,-6.01,1.32,-0.50,0.35,330,306,304,346,334
0.60,-12.61,-3.22,1.63,-0.19,0.93,330,306,304,345,333
-6.95,-13.10,-3.16,-0.55,0.52,0.32,330,307,304,345,332
0.43,-6.00,-5.83,-1.65,0.24,-1.65,330,306,304,346,333
5.95,0.80,-8.19,-2.22,-0.03,-1.94,330,306,304,346,334
9.07,5.89,-12.19,-1.03,-0.45,0.99,330,306,304,347,338
5.48,4.22,-9.84,2.46,0.36,0.68,330,307,304,347,336
2.73,-5.07,-6.37,1.36,-0.60,0.30,330,307,305,347,335
-1.46,-12.42,-3.02,1.71,-0.11,1.14,331,307,306,346,333
-8.36,-12.77,-2.73,-0.63,0.71,0.12,331,307,306,346,334
0.77,-5.08,-5.64,-1.70,0.17,-2.08,330,307,305,346,333
7.22,2.93,-9.12,-1.90,-0.14,-1.91,330,307,305,346,334
8.85,5.89,-12.27,-0.51,-0.15,1.03,330,307,305,347,336
5.15,2.65,-9.25,1.83,0.14,0.62,330,307,305,346,335
2.95,-5.38,-6.18,1.33,-0.62,0.44,330,307,305,346,333
-1.79,-12.35,-3.12,1.26,-0.03,0.96,331,308,306,346,332
-5.81,-10.71,-3.95,-0.76,0.48,-0.12,331,308,306,346,333
1.05,-5.51,-5.99,-1.51,0.26,-1.59,330,308,306,346,332
8.08,2.06,-9.79,-1.56,-0.00,-1.39,331,308,306,346,334
8.71,4.74,-11.86,-0.38,0.04,0.65,330,307,305,346,336
4.67,2.38,-9.12,1.61,0.02,0.47,330,307,305,346,335
2.61,-8.01,-5.18,1.43,-0.46,0.43,330,307,305,346,333
-2.27,-13.45,-2.81,1.06,-0.08,1.11,331,308,305,346,332
-4.54,-10.49,-3.81,-0.94,0.46,-0.46,331,308,305,346,333
2.05,-4.71,-6.35,-1.66,0.12,-1.96,330,308,305,346,332
9.71,2.44,-9.86,-1.53,-0.21,-0.94,330,307,305,346,335
7.05,4.99,-11.04,0.78,0.24,0.98,330,307,305,346,335
END
3.48,0.64,-8.75,1.34,-0.32,0.32,330,307,305,346,334
-3.29,-12.23,-3.46,0.95,-0.01,1.38,330,307,306,346,333
-4.74,-9.20,-4.47,-0.94,0.58,-0.90,330,307,305,346,333
3.42,-1.93,-7.50,-1.90,0.04,-2.29,330,307,305,346,333
9.08,3.70,-10.64,-1.83,-0.44,-1.11,330,307,305,346,337
6.19,5.34,-11.19,1.37,0.24,1.15,330,307,305,347,337
2.75,-2.48,-7.73,1.68,-0.15,0.38,330,307,305,347,335
1.26,-11.85,-5.03,1.28,-0.47,0.97,331,307,305,346,334
-4.91,-12.38,-3.78,0.35,0.14,0.96,330,307,306,346,333
-2.74,-8.11,-4.80,-1.29,0.22,-1.05,330,307,305,346,333
2.46,-1.77,-7.42,-1.75,0.07,-1.73,330,307,305,346,333
7.87,5.08,-10.33,-1.64,-0.23,-1.13,330,307,305,346,336
6.91,5.18,-11.27,0.97,0.20,0.55,330,307,305,347,337
4.36,-2.22,-8.02,1.79,-0.03,0.61,330,307,305,346,335
2.46,-11.01,-5.61,1.55,-0.42,1.14,330,307,305,347,334
-5.15,-12.34,-3.06,0.57,0.15,1.35,330,307,305,346,333
-3.12,-7.77,-4.24,-1.10,0.33,-1.01,330,307,305,346,334
2.90,-1.90,-7.61,-1.91,0.10,-1.97,330,307,305,346,333
9.24,3.94,-10.70,-1.56,-0.38,-1.01,330,307,305,346,336
6.58,2.53,-10.83,1.37,0.35,1.21,330,307,305,346,336
1.62,-1.98,-7.24,1.71,-0.17,0.54,330,306,305,346,334
-0.48,-13.69,-3.88,0.95,-0.47,1.04,331,307,305,346,333
-6.01,-11.88,-3.97,0.00,0.35,0.78,330,307,305,346,334
-0.88,-6.04,-5.69,-1.58,0.16,-1.60,330,307,305,346,333
4.56,0.44,-8.75,-1.88,-0.10,-2.07,330,307,305,346,334
8.15,4.82,-11.49,-1.11,-0.32,-0.36,330,307,305,346,337
4.98,3.83,-10.16,2.01,0.52,0.91,330,307,305,347,336
2.28,-3.91,-6.98,1.59,-0.27,0.65,330,307,305,347,334
0.01,-13.00,-4.08,1.42,-0.21,1.13,331,307,305,346,333
-5.63,-11.27,-3.50,-0.20,0.45,0.51,331,308,306,346,333
0.09,-6.04,-5.97,-1.51,0.06,-1.73,330,308,306,346,333
5.29,0.32,-9.05,-1.85,-0.12,-1.66,330,307,305,346,334
7.87,4.41,-10.89,-1.08,-0.39,0.43,330,307,306,347,339
3.42,3.47,-9.96,2.13,0.34,0.59,330,307,307,347,338
3.17,-6.30,-6.94,1.34,-0.37,0.61,330,307,307,347,337
0.17,-12.63,-4.39,1.59,-0.16,1.40,330,307,307,347,335
END
-6.36,-10.49,-4.44,-0.27,0.50,0.33,330,307,303,345,333
7.57,4.73,-11.46,0.20,0.16,0.72,330,306,303,345,335
3.30,0.55,-9.38,1.40,-0.06,0.14,330,306,303,345,334
3.62,-8.97,-5.68,1.30,-0.47,0.85,330,306,303,345,334
-2.97,-13.04,-3.04,0.80,0.03,1.44,330,307,304,345,333
-2.93,-9.21,-4.34,-0.79,0.43,-0.49,330,307,304,345,333
2.84,-3.08,-6.94,-1.79,-0.05,-2.00,330,306,304,345,332
9.05,3.70,-11.08,-1.46,-0.49,-0.29,330,306,304,346,337
5.50,3.47,-11.30,1.50,0.10,0.89,330,307,305,347,338
2.07,-4.41,-6.89,1.65,-0.15,0.28,330,307,305,347,336
0.65,-12.99,-2.63,1.56,-0.35,1.47,330,307,306,346,335
-7.72,-10.78,-3.87,-0.25,0.60,0.41,330,307,306,346,335
0.04,-5.05,-5.85,-1.56,0.21,-1.68,330,307,305,346,334
5.29,-0.12,-8.79,-1.66,0.03,-1.97,330,307,305,346,335
9.90,3.78,-12.44,-0.23,-0.24,0.68,330,306,304,346,337
3.96,0.86,-8.68,2.28,0.24,0.99,330,307,305,346,336
0.98,-9.41,-5.07,1.27,-0.57,0.68,330,307,305,346,335
-5.74,-11.90,-3.17,0.82,-0.04,1.44,330,307,306,346,334
-5.03,-9.60,-4.36,-0.79,0.81,-0.98,330,308,305,346,334
3.24,-2.70,-7.47,-1.94,0.09,-2.42,330,307,305,346,333
10.39,4.24,-11.56,-1.53,-0.49,-1.67,330,307,304,346,337
6.75,4.25,-11.69,1.98,0.26,1.33,330,307,304,346,337
1.08,-3.36,-6.87,1.81,-0.23,0.79,330,307,305,346,335
-1.07,-12.63,-2.30,1.32,-0.50,1.51,331,308,305,346,334
-8.47,-11.04,-3.58,0.02,0.73,0.22,331,308,305,345,334
-0.21,-5.82,-5.64,-1.57,0.21,-1.82,330,308,305,345,334
5.23,-0.76,-8.32,-1.61,0.11,-1.94,330,308,304,345,334
9.23,4.08,-12.17,-0.79,-0.33,-0.15,330,307,304,346,337
4.29,1.95,-8.87,2.15,0.33,0.77,330,308,304,346,336
1.95,-7.25,-5.43,1.33,-0.47,0.47,330,307,304,346,334
-2.42,-13.04,-3.38,1.14,-0.11,1.48,330,308,305,345,334
-6.89,-10.76,-3.47,-0.48,0.74,-0.39,330,308,304,345,334
1.68,-4.29,-6.12,-1.81,0.04,-2.14,330,307,304,345,333
8.36,2.14,-9.98,-1.65,-0.32,-1.84,330,307,304,345,335
8.16,4.95,-12.73,0.13,-0.10,1.02,330,307,304,346,336
3.01,-0.73,-7.57,1.92,0.02,0.68,330,307,304,345,335
END
1.31,-12.70,-3.98,1.12,-0.55,0.75,331,309,305,346,334
0.11,-5.62,-5.68,-1.38,0.18,-1.53,331,309,305,346,334
6.40,0.19,-9.12,-1.78,-0.09,-1.52,331,309,305,346,335
7.84,4.55,-12.22,0.25,0.19,0.88,330,309,305,347,337
4.14,-1.18,-7.77,1.91,0.28,0.88,331,309,304,347,335
1.06,-10.48,-5.15,1.28,-0.37,0.83,332,309,305,346,334
-3.52,-12.29,-3.79,0.19,0.07,0.49,332,309,305,346,333
-1.60,-8.75,-5.08,-1.13,0.15,-0.82,332,309,305,346,333
3.06,-2.48,-7.19,-1.68,0.11,-1.75,331,309,305,346,333
8.14,1.97,-10.47,-1.05,-0.27,-0.41,331,309,305,346,335
6.02,3.67,-10.76,1.17,0.22,0.99,331,309,305,347,336
3.27,-2.46,-8.16,1.33,-0.22,0.31,331,310,305,346,335
2.63,-11.79,-5.24,1.63,-0.25,1.11,331,310,306,346,334
-5.84,-11.54,-3.62,0.31,0.34,1.08,331,310,306,346,334
-1.39,-6.93,-5.12,-1.22,0.23,-1.27,331,310,306,346,334
4.36,-0.95,-7.94,-1.89,-0.02,-2.19,331,310,306,346,334
9.07,3.99,-11.65,-1.26,-0.47,-0.37,331,310,306,346,337
5.64,3.72,-9.60,2.22,0.45,1.07,331,310,306,347,337
2.17,-3.93,-7.05,1.71,-0.14,0.60,331,310,305,346,335
0.39,-11.65,-3.11,1.37,0.01,1.56,331,310,306,346,334
-6.22,-11.56,-3.36,-0.32,0.53,0.13,331,311,306,346,334
0.93,-5.65,-5.86,-1.58,-0.01,-1.85,331,310,305,346,333
5.26,0.60,-9.48,-1.76,-0.11,-2.00,331,310,306,346,334
8.51,4.13,-11.74,-0.66,-0.32,0.50,331,310,306,346,337
4.74,1.03,-8.97,2.37,0.51,0.96,331,309,305,346,336
1.98,-6.88,-5.83,1.43,-0.22,0.77,331,310,305,347,334
-1.20,-11.99,-3.91,0.71,0.06,1.19,331,310,306,346,333
-3.05,-9.60,-4.57,-0.89,0.33,-0.30,331,310,306,346,334
1.53,-4.12,-6.81,-1.71,0.07,-1.64,331,310,306,346,334
6.27,2.51,-10.15,-1.86,-0.32,-1.55,331,310,305,346,335
7.37,5.56,-12.16,0.58,-0.09,1.15,330,309,305,346,337
3.44,0.63,-8.38,2.30,0.17,0.61,331,310,305,346,335
0.84,-13.04,-4.45,1.18,-0.61,0.80,331,309,305,346,334
-6.75,-11.91,-3.25,0.36,0.39,1.33,331,309,305,346,334
-3.68,-7.57,-4.42,-1.00,0.63,-1.38,331,309,305,345,334
3.33,-1.13,-8.18,-2.15,-0.16,-2.51,331,309,305,345,334
END
11.48,4.87,-12.84,-1.58,-0.43,0.31,331,308,304,345,333
-0.72,-12.46,-3.70,0.85,-0.14,1.31,331,308,304,345,332
-5.38,-9.55,-4.34,-0.57,0.39,0.16,331,308,304,345,333
0.52,-4.33,-6.57,-1.52,-0.00,-1.85,331,309,304,345,333
7.09,0.98,-9.64,-1.47,-0.15,-1.60,330,308,304,345,334
7.66,4.36,-11.72,0.17,-0.13,1.00,330,308,304,345,337
2.95,1.27,-8.71,1.94,0.16,0.56,330,308,304,345,334
1.08,-11.36,-4.08,1.05,-0.41,0.78,331,308,304,345,333
-5.97,-12.65,-3.20,0.41,0.29,0.90,330,308,304,345,333
-1.08,-8.20,-4.81,-1.12,0.40,-1.20,330,308,304,345,333
6.37,-0.59,-8.86,-1.68,-0.28,-2.11,330,308,304,345,333
9.78,3.91,-12.26,-0.53,-0.22,0.58,330,308,304,345,335
4.39,3.04,-9.75,1.79,0.21,1.13,330,308,304,345,334
1.48,-7.44,-5.07,1.24,-0.56,0.41,330,308,304,345,333
-2.46,-12.87,-2.43,0.96,-0.06,1.28,331,308,304,345,332
-4.42,-10.44,-3.91,-0.60,0.62,-0.37,331,309,304,345,333
1.83,-5.18,-6.28,-1.59,-0.06,-2.00,330,308,304,345,332
6.20,1.35,-9.70,-1.46,-0.25,-1.78,330,308,303,345,333
7.44,4.57,-11.97,0.04,-0.14,1.11,330,308,304,345,335
3.52,1.18,-9.13,2.09,0.37,1.29,330,308,304,345,334
1.14,-10.85,-4.26,1.22,-0.42,1.39,330,308,304,345,333
-7.45,-11.65,-2.81,0.41,0.37,1.31,331,308,304,345,333
-2.77,-8.33,-4.29,-1.07,0.55,-1.35,331,308,304,345,334
4.65,-0.80,-8.23,-1.88,-0.14,-2.50,330,308,304,345,333
8.84,4.29,-11.50,-1.11,-0.52,-0.79,330,308,304,345,336
5.79,4.08,-10.52,2.13,0.41,1.49,330,308,304,345,336
0.45,-5.15,-6.36,1.74,-0.23,0.55,331,308,304,345,333
-0.51,-14.11,-2.53,1.24,-0.11,1.26,331,308,304,345,333
-5.78,-10.88,-3.44,-0.43,0.76,0.11,331,309,304,345,333
0.96,-5.17,-5.94,-1.73,0.00,-2.01,330,308,304,344,332
6.42,1.82,-9.64,-1.76,-0.25,-2.04,331,308,304,345,334
7.82,5.40,-12.32,0.30,0.03,1.19,330,308,304,345,336
3.31,1.80,-8.77,2.27,0.46,0.98,330,308,303,345,334
2.03,-11.38,-4.60,1.04,-0.55,0.67,331,308,304,345,333
-3.91,-12.44,-3.04,0.40,0.41,1.51,331,309,304,345,333
-2.91,-9.05,-4.26,-1.13,0.53,-1.08,331,309,304,345,333
END
4.84,-1.19,-8.08,-1.98,-0.21,-2.33,330,308,304,345,335
2.08,-7.58,-5.78,1.39,-0.44,0.82,330,308,304,345,333
-3.05,-11.88,-3.03,0.78,-0.08,1.07,330,308,305,346,334
-5.39,-9.70,-3.98,-0.53,0.50,-0.24,330,308,306,346,334
2.33,-3.91,-7.14,-1.73,0.16,-1.98,330,308,305,345,334
7.35,2.52,-10.29,-1.66,-0.37,-1.59,331,308,304,346,336
6.71,5.03,-12.40,0.69,-0.02,1.02,330,308,305,347,338
2.02,-1.49,-7.62,2.09,0.19,0.71,330,308,304,347,336
-0.27,-12.31,-4.13,1.23,-0.40,1.30,330,308,305,346,335
-7.52,-12.09,-3.14,0.28,0.50,0.81,330,308,305,346,335
-1.05,-7.31,-5.23,-1.29,0.34,-1.57,330,308,305,346,334
5.91,0.10,-8.84,-1.71,-0.08,-2.20,330,308,304,345,334
8.67,4.58,-12.85,-0.37,-0.18,0.92,330,308,304,346,336
4.20,1.84,-8.97,2.11,0.38,0.84,330,307,304,346,335
2.09,-9.18,-5.10,1.00,-0.56,0.48,330,308,304,346,334
-2.55,-12.29,-3.45,0.66,0.13,1.32,330,308,305,345,334
-3.78,-9.63,-4.09,-0.80,0.63,-0.65,331,308,305,345,334
3.73,-2.67,-7.44,-1.87,-0.10,-2.18,330,308,304,345,333
8.03,2.95,-10.72,-1.62,-0.44,-0.77,330,308,304,346,336
6.02,4.57,-11.18,1.61,0.35,1.23,331,308,304,346,336
2.76,-2.57,-7.67,1.58,-0.08,0.43,331,308,304,346,335
0.90,-12.86,-4.96,1.08,-0.44,0.95,331,308,305,346,334
-5.63,-11.97,-3.85,0.04,0.41,0.81,331,309,305,345,334
-1.86,-7.82,-4.77,-1.30,0.23,-1.34,330,309,304,345,333
5.03,-0.76,-8.03,-1.73,-0.10,-2.07,331,308,305,345,334
8.12,4.21,-12.66,-0.73,-0.30,0.53,330,308,304,346,337
4.21,3.29,-10.27,2.01,0.39,0.82,330,308,304,346,336
2.65,-6.78,-5.94,1.33,-0.34,0.43,331,308,304,346,334
0.22,-12.12,-3.35,1.28,-0.06,1.33,331,308,305,346,333
-4.93,-10.19,-4.05,-0.71,0.50,-0.46,331,309,305,346,334
2.67,-3.12,-7.32,-1.71,-0.11,-2.09,331,309,305,345,333
7.37,1.68,-9.82,-1.42,-0.33,-1.43,331,308,304,345,335
6.06,3.62,-11.18,1.41,0.33,1.20,331,308,304,345,336
3.17,-3.32,-7.67,1.56,-0.04,0.74,331,309,305,346,335
0.39,-12.43,-4.72,0.95,-0.38,1.03,331,309,305,346,334
-5.36,-11.13,-4.03,0.10,0.21,0.74,331,309,305,346,334
END
-1.68,-6.63,-5.63,-1.32,0.12,-1.41,330,309,304,346,337
5.05,2.56,-9.62,1.67,0.34,0.89,330,308,304,346,336
4.08,-4.92,-7.11,1.27,-0.28,0.53,330,308,304,346,335
0.27,-12.43,-4.06,1.22,-0.09,1.18,331,308,305,346,334
-5.34,-11.37,-3.68,-0.56,0.39,0.25,331,309,305,345,334
0.61,-4.44,-6.14,-1.51,-0.00,-1.88,331,308,304,345,333
8.42,2.35,-10.10,-1.56,-0.27,-1.03,330,308,304,345,335
7.15,4.51,-11.61,0.82,0.26,0.84,330,308,304,346,336
4.29,-0.89,-8.31,1.48,0.00,0.36,330,308,304,346,335
2.49,-10.94,-5.20,1.33,-0.30,1.17,330,308,304,346,334
-5.20,-12.04,-3.32,0.21,0.28,1.08,330,308,305,345,333
-1.55,-6.83,-4.98,-1.16,0.28,-1.21,330,308,305,345,334
5.32,-0.81,-8.14,-1.76,-0.15,-2.10,330,308,304,345,334
8.76,3.83,-11.92,0.09,0.16,0.72,330,307,304,345,335
4.95,2.36,-8.96,1.47,0.19,0.56,330,307,303,345,334
3.38,-7.76,-6.07,1.10,-0.53,0.53,330,307,303,345,334
-3.24,-12.43,-3.29,0.95,0.05,1.20,331,307,304,345,333
-4.71,-10.33,-3.77,-0.96,0.39,-0.56,330,308,304,345,333
2.94,-3.19,-7.11,-1.74,-0.05,-1.97,330,307,304,345,333
8.60,2.79,-10.65,-1.63,-0.39,-1.24,330,307,304,345,335
6.72,4.26,-11.85,1.28,0.23,1.11,330,307,304,345,336
2.69,-0.73,-8.43,1.53,-0.12,0.52,330,307,304,346,335
2.14,-10.88,-4.94,1.35,-0.42,0.86,330,307,304,346,334
-5.73,-12.45,-3.09,0.23,0.39,1.09,330,309,305,345,334
-2.05,-7.67,-4.57,-1.21,0.42,-1.20,330,308,304,345,334
3.75,-1.68,-7.43,-1.87,0.09,-2.04,330,308,304,345,333
10.48,4.55,-11.88,-1.35,-0.39,-0.59,330,307,304,346,337
6.38,4.31,-10.90,2.04,0.41,0.99,330,307,304,346,336
2.07,-3.36,-7.09,1.43,-0.38,0.26,331,308,304,346,335
1.03,-12.44,-2.46,1.74,-0.18,1.04,331,308,304,346,333
-6.82,-12.25,-3.17,-0.30,0.55,0.31,331,308,304,345,333
0.27,-6.07,-5.54,-1.67,0.05,-1.80,331,308,304,345,332
5.75,1.08,-9.28,-1.85,-0.23,-2.03,331,308,304,345,333
8.63,4.97,-12.22,-0.81,-0.41,0.64,330,308,304,346,337
3.37,2.23,-9.71,1.99,0.28,0.77,330,308,304,346,336
2.30,-6.71,-5.85,1.22,-0.47,0.45,331,308,304,345,334
END
-1.68,-12.70,-3.96,1.13,-0.02,1.18,331,310,305,346,333
8.84,3.88,-11.26,-1.22,-0.41,-0.43,331,310,304,346,337
5.37,3.25,-10.67,1.91,0.42,1.20,331,310,305,346,336
1.54,-2.66,-7.50,1.56,-0.17,0.52,331,310,304,346,334
0.05,-12.94,-3.66,1.33,-0.18,0.93,331,310,305,346,333
-5.30,-12.02,-3.37,-0.27,0.44,0.46,331,310,305,345,333
-0.05,-5.92,-5.92,-1.46,0.10,-1.58,331,310,305,345,333
5.41,0.88,-9.21,-1.75,-0.31,-1.80,331,310,305,346,333
8.00,4.24,-12.46,-0.14,-0.14,0.73,331,310,304,346,338
3.65,0.88,-9.10,2.03,0.44,0.89,331,310,305,346,335
1.46,-8.56,-5.37,1.20,-0.32,0.61,331,310,305,346,334
-1.88,-12.28,-3.88,0.59,0.13,0.95,331,309,305,346,333
-2.15,-8.72,-5.15,-0.92,0.32,-0.67,331,310,305,346,333
2.91,-3.32,-7.45,-1.65,-0.11,-1.93,331,310,305,346,333
7.29,2.88,-10.96,-1.25,-0.41,-0.56,331,310,305,346,336
4.76,3.56,-10.90,1.50,0.28,1.12,331,310,305,346,336
1.71,-1.84,-8.21,1.59,-0.07,0.48,332,310,305,346,334
0.43,-12.95,-3.83,1.19,-0.27,0.86,331,310,305,346,333
-4.77,-12.11,-3.55,-0.18,0.42,0.45,331,310,306,346,333
0.14,-6.45,-5.66,-1.54,0.06,-1.48,331,310,305,346,333
5.35,0.50,-8.97,-2.31,-0.23,-1.45,331,310,305,346,336
7.19,5.43,-12.27,-0.27,-0.20,0.70,331,310,305,346,339
3.79,2.92,-9.99,2.18,0.17,0.38,331,310,305,347,337
2.81,-7.75,-5.84,1.58,-0.37,0.19,331,310,305,346,335
-0.87,-13.34,-2.97,1.53,-0.10,1.20,331,309,305,346,334
-5.60,-10.11,-4.06,-0.63,0.60,-0.26,331,310,305,346,334
0.84,-4.11,-6.42,-1.80,0.02,-2.04,331,309,305,346,332
7.01,2.75,-10.42,-1.72,-0.20,-1.16,331,309,305,345,336
5.98,4.27,-11.51,1.20,0.30,0.84,330,309,305,346,336
3.24,-0.35,-8.64,1.55,-0.03,0.33,331,309,305,346,334
1.11,-11.86,-5.67,1.23,-0.34,0.92,331,309,305,346,335
-4.60,-11.67,-3.79,0.46,0.22,1.15,331,310,305,346,333
-1.37,-7.39,-5.18,-1.25,0.22,-1.36,331,309,305,345,333
5.68,-0.45,-8.53,-1.79,-0.09,-1.94,331,309,305,346,334
8.74,4.21,-12.04,-0.92,-0.36,0.20,331,309,305,346,337
3.70,2.04,-9.90,2.19,0.36,0.70,331,309,305,346,336
END
2.17,-8.05,-5.51,1.20,-0.38,0.44,331,309,305,346,333
4.29,-0.83,-8.53,-1.65,-0.03,-1.86,331,310,304,346,334
8.87,4.19,-11.61,-0.76,-0.30,0.22,331,310,305,346,336
4.80,2.20,-10.07,1.99,0.36,0.82,331,309,305,346,336
2.58,-8.12,-5.64,1.48,-0.30,0.72,331,310,304,346,334
-2.30,-11.16,-4.00,0.90,0.04,1.43,331,310,305,346,333
-4.51,-9.48,-4.29,-0.68,0.46,-0.56,331,310,305,346,334
1.50,-4.10,-6.60,-1.84,-0.06,-2.05,331,310,305,346,334
6.52,1.97,-9.74,-1.71,-0.26,-1.86,331,310,305,346,336
6.47,4.05,-12.24,0.88,0.13,1.07,331,310,305,347,338
3.51,-0.90,-8.05,2.12,0.23,0.90,331,310,304,347,336
-0.67,-13.29,-4.16,1.07,-0.42,1.44,331,310,305,346,334
-6.59,-11.18,-3.96,-0.04,0.49,0.42,331,310,305,346,334
-0.74,-5.98,-5.66,-1.54,-0.04,-1.82,331,310,305,346,333
5.04,0.50,-9.10,-1.74,-0.13,-2.09,331,310,304,346,334
8.75,3.90,-11.87,-0.83,-0.30,0.11,331,310,305,346,337
4.54,1.51,-9.32,2.19,0.46,0.91,331,310,304,346,336
1.97,-7.08,-6.18,1.22,-0.35,0.66,331,310,305,346,334
-1.94,-11.32,-4.27,0.88,0.01,1.22,331,310,305,346,334
-2.71,-8.41,-4.91,-0.86,0.36,-0.76,331,310,305,346,334
2.52,-3.15,-7.43,-1.70,-0.10,-2.00,331,310,305,346,334
8.08,2.93,-11.05,-1.36,-0.33,-0.80,331,310,305,346,337
5.63,3.22,-10.57,1.36,0.27,1.04,331,310,305,346,336
2.14,-3.31,-7.80,1.41,-0.20,0.55,331,310,305,346,335
0.06,-12.20,-4.30,1.15,-0.24,1.01,331,310,305,346,334
-4.95,-11.03,-3.93,-0.13,0.38,0.53,331,310,305,346,334
0.11,-5.72,-6.08,-1.60,0.02,-1.62,331,310,305,346,334
5.53,1.49,-9.26,-1.89,-0.20,-1.81,331,310,305,346,335
6.56,4.19,-12.29,-0.46,-0.29,0.44,331,310,305,347,338
3.12,1.66,-9.30,2.25,0.42,0.78,331,310,305,346,337
1.79,-7.01,-6.19,1.20,-0.33,0.43,331,310,305,346,335
-0.86,-12.28,-3.77,0.94,0.12,1.12,331,310,305,346,334
-2.48,-8.97,-4.90,-0.77,0.43,-0.32,331,310,305,346,334
2.38,-3.01,-7.70,-1.80,-0.08,-1.85,331,310,305,346,334
8.89,3.06,-11.23,-1.51,-0.46,-0.49,331,310,305,346,338
5.72,3.67,-11.59,1.84,0.30,1.11,331,310,305,347,337
END
1.72,-2.35,-7.29,1.76,-0.08,0.39,331,310,305,346,334
6.00,-0.01,-9.15,-1.67,-0.18,-1.62,331,310,304,346,336
7.03,3.20,-12.03,-0.18,-0.08,0.70,331,310,305,346,336
3.35,0.53,-9.54,1.78,0.10,0.67,331,310,305,346,335
1.16,-9.43,-5.75,1.04,-0.42,1.01,331,310,305,346,335
-5.43,-11.95,-3.88,0.59,0.12,1.08,331,310,306,346,334
-2.52,-8.40,-5.13,-0.92,0.37,-0.95,331,310,305,346,334
4.01,-1.11,-8.42,-1.80,-0.14,-2.09,331,309,305,345,334
7.78,3.32,-11.61,-0.94,-0.39,0.13,331,310,304,346,337
3.76,2.68,-10.14,2.01,0.36,1.11,331,310,305,346,336
0.80,-7.35,-5.69,1.44,-0.41,0.50,331,310,305,346,334
-1.64,-12.34,-3.76,0.97,0.05,1.00,331,309,306,346,334
-3.03,-9.99,-4.86,-0.70,0.43,-0.43,331,310,306,346,334
1.77,-3.44,-7.61,-1.66,0.08,-1.70,331,310,306,346,334
5.83,1.71,-9.99,-1.62,-0.41,-1.14,331,310,305,346,336
5.13,4.03,-11.97,0.79,0.01,1.02,331,310,306,347,337
1.89,0.06,-8.43,1.99,0.17,0.54,331,310,305,346,335
0.97,-11.33,-5.00,1.00,-0.36,0.69,331,310,306,346,334
-4.41,-11.73,-4.42,0.38,0.33,0.80,331,310,306,346,334
-0.78,-8.42,-5.25,-1.17,0.30,-1.00,332,310,306,346,334
3.89,-1.11,-8.27,-1.87,-0.12,-1.89,331,310,306,346,334
7.96,3.64,-11.74,-1.13,-0.54,0.36,331,310,306,347,338
3.80,3.34,-10.54,2.18,0.33,1.14,331,310,305,347,338
1.18,-5.96,-6.26,1.43,-0.31,0.34,331,310,306,347,335
-1.23,-12.69,-4.07,1.15,-0.15,0.98,331,310,306,346,335
-4.98,-10.19,-4.39,-0.44,0.50,-0.10,331,310,306,346,335
0.43,-4.91,-6.35,-1.70,0.10,-1.75,331,310,306,346,334
5.41,1.46,-9.88,-1.85,-0.20,-1.58,331,310,306,346,336
5.84,4.40,-12.03,0.52,0.03,0.90,331,310,306,347,338
2.99,0.23,-8.81,2.04,0.19,0.50,331,310,305,347,337
0.97,-10.12,-5.82,1.20,-0.30,0.79,331,310,306,346,335
-3.08,-11.72,-4.24,0.27,0.20,0.66,331,310,307,347,335
-1.04,-7.89,-5.52,-1.13,0.26,-1.08,331,310,307,347,335
3.76,-1.53,-8.12,-1.81,-0.04,-1.78,331,310,306,346,335
6.81,3.14,-11.16,-1.39,-0.40,-0.61,331,310,306,347,338
4.13,3.44,-10.88,1.74,0.17,1.03,331,310,306,347,338
END
1.23,-5.40,-6.91,1.49,-0.17,0.37,332,312,306,347,335
8.18,3.26,-10.44,-1.86,-0.37,-0.65,332,312,307,347,338
5.43,5.05,-11.87,1.44,0.20,0.89,332,311,307,347,339
2.09,-2.69,-8.18,1.72,-0.02,0.32,332,311,307,347,337
0.55,-13.15,-4.94,1.11,-0.26,1.22,332,311,307,347,335
-5.16,-11.10,-4.69,-0.18,0.53,0.49,332,312,307,347,335
0.84,-4.46,-6.45,-1.72,0.07,-1.79,332,312,307,346,335
5.10,1.51,-8.92,-2.14,-0.37,-2.16,331,311,307,347,336
6.97,6.47,-12.44,-0.60,-0.23,1.64,331,311,307,348,341
2.05,1.77,-8.54,2.50,0.40,0.60,332,311,307,347,339
2.02,-9.17,-5.64,0.80,-0.59,0.37,332,311,307,347,337
-3.09,-11.97,-4.72,1.04,0.08,1.23,332,311,307,347,335
-3.32,-8.49,-5.03,-1.07,0.38,-1.10,332,312,307,347,335
3.68,-0.78,-8.22,-1.92,-0.18,-2.16,332,311,307,346,336
7.06,4.72,-12.31,-1.39,-0.40,0.11,332,311,307,347,339
3.22,3.28,-10.34,1.79,0.28,0.43,332,311,307,347,338
1.95,-6.94,-6.73,1.03,-0.28,0.24,332,311,306,347,336
0.63,-10.84,-5.50,1.06,0.09,0.96,332,312,307,347,335
-2.07,-7.73,-6.12,-0.47,0.38,-0.46,332,312,307,346,335
4.20,-1.31,-8.97,-1.44,-0.17,-1.46,332,311,307,347,336
7.28,2.35,-12.06,-0.23,-0.07,0.55,332,312,307,347,337
2.80,0.47,-8.99,1.45,0.09,0.49,332,312,307,347,336
1.41,-11.08,-6.05,0.78,-0.35,0.70,332,312,307,347,335
-3.57,-10.52,-5.23,0.22,0.30,0.87,332,312,307,347,335
-0.94,-5.66,-6.45,-1.17,0.23,-1.29,332,312,307,347,335
5.96,0.33,-9.55,-1.78,-0.19,-1.45,332,311,307,347,336
6.32,4.36,-12.20,0.24,-0.00,0.68,332,311,306,347,338
1.86,1.14,-8.98,1.61,0.08,0.17,332,311,307,347,336
2.33,-7.59,-6.27,0.97,-0.36,0.06,332,311,307,347,336
-0.84,-12.57,-4.53,0.84,0.19,1.12,332,312,307,347,334
-3.26,-9.91,-4.90,-0.88,0.43,-0.51,332,312,307,346,334
2.81,-1.84,-7.52,-1.73,-0.10,-1.74,332,311,307,346,335
7.65,4.38,-12.34,-1.35,-0.39,0.41,332,311,307,347,338
3.14,3.79,-10.93,1.87,0.20,0.42,332,311,307,347,338
2.28,-6.47,-6.80,0.95,-0.53,0.08,332,311,307,347,336
0.17,-12.55,-4.08,1.46,-0.05,1.16,332,311,307,347,335
END
7.55,5.24,-10.44,1.65,-0.21,0.73,334,306,304,347,346
7.21,5.56,-10.60,1.90,-0.14,1.11,334,306,304,347,346
2.30,-2.32,-6.11,2.50,-0.50,0.40,334,306,303,347,342
-4.52,-15.53,-1.56,0.71,-1.02,1.98,335,307,304,346,342
-13.85,-10.88,-5.33,0.50,1.14,0.71,335,308,304,346,345
-2.83,-6.60,-4.18,-2.03,0.60,-2.30,334,308,304,345,343
9.30,1.82,-7.34,-2.36,0.31,-1.99,334,307,304,346,345
11.00,7.94,-12.47,-1.49,-0.67,1.16,334,307,306,348,350
4.16,3.29,-8.97,2.50,-0.19,0.47,334,307,306,348,348
-1.12,-11.32,-4.42,1.70,-1.23,0.43,334,307,306,347,345
-9.99,-13.04,-3.12,0.68,-0.55,1.80,335,308,306,347,347
-10.40,-9.66,-3.92,0.25,1.48,-0.76,334,309,306,347,346
1.61,-3.52,-5.53,-2.10,0.40,-2.20,334,308,305,346,343
12.02,5.28,-11.16,-1.84,-0.43,-1.15,333,307,305,348,349
7.61,3.42,-10.78,1.60,-0.22,0.91,332,307,305,348,348
2.33,-3.03,-3.51,2.34,-0.68,0.71,334,307,305,348,344
-6.78,-14.98,-1.43,0.39,-1.05,1.49,334,308,305,347,346
-13.04,-10.99,-4.74,0.17,1.18,0.16,335,309,306,347,348
-2.84,-5.99,-4.17,-1.65,0.83,-2.17,334,309,305,347,344
9.22,1.76,-7.47,-2.04,0.29,-2.04,333,308,305,347,346
11.03,6.91,-12.12,-1.02,-0.68,0.33,332,307,306,349,350
4.91,3.06,-9.25,2.49,-0.15,1.13,332,307,306,348,349
-2.52,-11.92,-1.11,1.99,-1.02,0.83,334,308,306,347,345
-11.82,-13.60,-2.26,0.10,-0.05,1.76,334,308,305,347,351
-8.68,-9.43,-3.96,-0.28,1.40,-1.34,334,309,305,347,348
2.96,-2.12,-5.37,-2.10,0.50,-2.44,333,308,305,347,345
13.37,5.99,-11.97,-2.22,-0.96,-0.50,333,308,306,349,352
6.14,4.67,-10.69,2.08,-0.16,1.06,333,308,306,349,351
1.36,-3.13,-4.90,2.50,-0.55,0.54,333,308,306,348,347
-5.70,-14.21,-2.33,0.60,-0.94,1.85,334,308,306,348,348
-13.10,-10.55,-4.44,0.12,1.29,0.07,335,310,306,348,350
-2.51,-6.17,-4.09,-1.62,0.78,-1.62,334,310,305,347,346
6.54,0.91,-6.96,-1.95,0.56,-1.91,334,309,305,348,346
11.02,5.21,-11.95,-0.63,-0.38,0.96,333,308,305,348,349
6.57,1.82,-10.06,2.43,0.02,0.53,333,308,305,348,347
1.90,-9.43,-5.48,2.00,-0.93,0.26,334,308,305,348,345
END
-7.25,-12.88,-1.62,0.83,-0.51,2.00,332,310,306,350,353
8.53,4.49,-11.39,1.80,-0.10,1.15,332,311,307,351,353
1.54,-2.53,-5.70,2.25,-0.55,0.58,333,312,306,350,349
-4.40,-14.82,-1.27,0.61,-0.90,1.96,334,311,306,349,346
-12.99,-11.02,-4.31,0.16,0.95,0.83,335,313,307,349,350
-3.48,-5.90,-4.66,-1.25,0.97,-1.71,334,314,307,348,347
5.91,0.98,-6.72,-1.50,0.49,-2.17,333,311,306,349,350
9.90,4.61,-13.11,-1.31,-0.77,0.53,332,310,307,351,355
4.67,0.48,-8.10,2.50,0.36,0.97,333,310,307,350,350
-0.76,-8.71,-4.07,1.32,-0.94,0.61,334,310,306,349,347
-7.31,-14.11,-2.32,0.30,-0.29,1.84,334,311,307,349,348
-10.91,-9.45,-4.59,-0.55,1.48,-0.65,335,313,307,349,349
1.53,-3.12,-4.92,-2.03,0.61,-2.50,334,311,306,348,347
13.36,6.20,-11.37,-1.93,-0.72,-0.26,332,310,307,351,355
6.94,4.64,-10.91,2.08,0.03,0.52,332,310,307,351,353
1.71,-4.21,-5.26,2.36,-0.74,0.15,333,310,306,350,348
-4.38,-15.94,-2.15,0.48,-0.78,1.56,334,310,306,349,347
-12.10,-12.41,-3.65,0.03,1.05,0.38,334,311,306,349,349
-2.08,-6.60,-4.32,-1.72,0.78,-1.94,334,311,306,349,346
7.00,0.52,-7.69,-1.85,0.63,-1.72,333,310,306,348,349
11.28,6.39,-11.77,-0.52,-0.46,0.40,332,309,306,349,355
5.16,2.40,-8.65,2.22,-0.09,0.64,332,309,306,349,352
1.51,-8.41,-4.01,1.98,-0.91,0.48,334,309,306,349,346
-7.22,-15.05,-2.36,0.59,-0.47,1.78,334,310,306,349,347
-11.38,-10.89,-4.26,-0.27,1.28,-0.46,335,312,307,349,348
-0.42,-4.19,-4.55,-2.01,0.58,-2.37,334,312,306,348,345
11.57,5.78,-9.35,-2.34,-0.16,-2.21,333,310,307,350,355
8.95,8.48,-11.85,1.06,-0.41,1.39,332,309,307,350,355
3.55,-2.15,-5.81,2.50,-0.20,0.94,333,310,306,350,347
-5.30,-14.63,-1.74,1.16,-1.08,2.05,334,309,306,348,347
-14.38,-11.33,-3.73,0.40,1.13,0.48,334,311,306,348,349
-4.41,-6.63,-4.20,-1.59,0.66,-1.62,335,311,306,347,346
4.26,0.90,-6.73,-1.67,0.60,-2.51,333,310,305,347,345
15.18,6.67,-11.95,-2.18,-1.25,-0.22,332,309,306,350,354
5.17,2.71,-8.48,2.50,0.40,1.44,332,309,306,350,351
-2.33,-7.87,-3.64,2.26,-0.87,0.95,334,309,305,348,344
END
-10.49,-13.23,-2.62,0.26,-0.62,1.98,332,308,306,348,351
3.02,1.26,-7.58,2.50,0.17,0.87,332,308,306,348,348
-1.23,-14.23,-2.46,1.16,-0.85,0.71,333,309,305,348,345
-8.07,-12.36,-3.77,0.55,0.01,2.12,333,309,305,348,347
-6.38,-8.11,-4.26,-0.87,0.99,-1.63,333,310,305,347,345
4.69,0.47,-7.56,-2.24,0.05,-2.51,332,309,305,347,344
11.78,5.86,-13.37,-1.80,-0.78,-0.08,332,308,305,348,351
4.75,2.18,-9.09,2.50,0.32,1.12,332,308,305,348,348
-0.59,-7.41,-4.85,1.68,-0.72,0.55,333,308,305,348,345
-5.52,-13.13,-3.68,0.43,-0.44,1.86,333,309,305,348,346
-7.77,-8.86,-4.49,0.01,1.09,-0.48,333,309,305,347,346
0.70,-3.00,-5.86,-2.19,0.15,-2.51,333,309,305,347,344
9.96,5.61,-11.32,-2.30,-0.41,-1.63,333,308,305,348,350
7.31,6.00,-12.03,1.31,-0.10,1.27,332,308,305,349,349
1.03,-2.50,-5.71,2.29,-0.11,0.53,333,308,305,349,344
-2.42,-14.12,-4.34,0.55,-0.86,1.65,333,308,305,348,342
-10.44,-9.68,-5.34,0.53,1.03,1.01,333,308,305,348,345
-0.93,-4.84,-5.25,-1.66,0.42,-2.50,333,308,305,347,342
6.87,4.47,-9.96,-2.27,-0.41,-2.26,332,308,305,348,347
7.04,6.36,-12.39,0.38,-0.38,1.31,332,308,306,349,348
1.63,-1.96,-6.75,2.50,-0.01,1.00,333,308,306,349,346
-3.93,-14.50,-3.26,0.51,-0.87,1.62,334,308,306,348,346
-11.63,-8.91,-4.47,0.31,1.09,0.33,334,309,306,348,347
-0.18,-4.18,-6.19,-1.79,0.44,-2.29,333,309,306,348,344
7.72,2.97,-8.97,-2.08,0.02,-2.14,333,308,306,348,347
7.72,5.89,-12.65,0.68,-0.33,1.21,332,308,306,349,349
2.86,-0.11,-8.01,2.50,0.08,1.04,332,309,306,349,346
-3.26,-13.68,-2.81,0.88,-0.83,1.21,333,309,306,348,345
-10.55,-9.62,-4.11,0.36,0.74,0.78,333,310,306,348,346
-3.83,-6.22,-4.97,-1.46,0.67,-1.89,333,310,306,348,345
5.76,1.02,-8.19,-2.08,0.20,-2.51,333,310,305,348,345
10.30,4.97,-13.57,-0.95,-0.53,0.85,332,309,305,349,348
4.90,1.22,-8.97,2.50,0.39,1.12,332,309,305,348,345
-1.82,-13.31,-3.06,1.14,-0.89,1.26,333,310,305,348,344
-8.48,-11.45,-4.18,0.68,0.15,1.77,333,310,305,348,345
-6.49,-7.35,-4.50,-1.32,0.55,-1.54,333,311,305,347,344
END
2.94,-0.04,-7.08,-2.22,-0.00,-2.49,333,310,305,348,346
-6.07,-12.22,-3.85,0.17,-0.60,2.11,333,310,306,348,348
-9.58,-9.20,-4.40,-0.08,1.09,-0.83,334,311,306,347,347
1.42,-2.92,-6.36,-2.01,0.25,-2.51,333,310,305,347,345
10.74,5.40,-11.70,-1.88,-0.38,-1.83,333,309,306,348,351
6.53,3.68,-11.37,2.22,0.09,1.43,333,309,306,349,350
-0.44,-5.49,-5.55,2.27,-0.38,0.75,333,309,305,348,346
-4.60,-13.45,-3.43,0.28,-0.60,1.76,334,310,305,348,347
-8.59,-9.34,-4.70,0.22,0.84,-0.06,334,311,306,347,346
0.95,-3.83,-5.89,-1.83,0.18,-2.50,333,310,305,347,344
7.07,2.74,-9.42,-1.88,-0.13,-2.10,333,310,305,348,348
7.48,4.57,-12.16,0.14,-0.35,1.16,333,309,306,349,350
2.73,-1.32,-7.28,2.47,-0.04,0.89,333,310,305,348,346
-2.61,-14.78,-2.99,0.66,-0.76,1.66,333,310,306,347,345
-9.44,-10.09,-4.49,0.34,0.76,0.98,333,311,305,347,346
-2.61,-5.13,-5.59,-1.47,0.43,-2.44,333,311,305,347,344
8.37,2.76,-10.04,-2.17,-0.34,-1.74,333,310,306,347,349
5.74,3.39,-11.78,0.65,-0.18,0.98,333,309,306,348,350
2.11,-2.76,-6.88,2.49,0.13,0.91,333,310,306,348,347
-4.26,-13.96,-3.42,0.36,-0.65,1.68,333,310,306,348,347
-9.77,-10.12,-5.13,0.06,0.82,0.08,334,311,306,347,347
-0.80,-4.90,-6.01,-1.74,0.36,-2.13,333,311,306,347,345
8.02,2.99,-9.51,-2.01,-0.01,-1.66,333,310,305,348,348
7.39,4.65,-12.22,0.76,-0.16,1.02,332,310,306,349,350
1.95,-1.42,-7.60,2.50,0.13,0.78,333,310,306,348,347
-1.67,-13.57,-3.57,0.89,-0.73,1.10,334,310,306,348,346
-8.80,-10.88,-4.80,0.34,0.70,0.76,334,311,306,348,347
-1.87,-5.57,-5.83,-1.49,0.39,-2.00,334,311,306,347,345
5.17,0.75,-8.61,-1.93,0.01,-2.42,333,311,305,347,347
8.03,4.12,-12.58,-0.92,-0.26,0.86,333,310,306,348,350
3.48,1.13,-8.76,2.50,0.31,0.82,333,310,305,348,348
-0.64,-12.25,-4.21,0.96,-0.70,0.65,334,310,305,348,346
-6.44,-11.38,-4.44,0.67,0.12,1.76,334,310,305,347,347
-5.16,-8.26,-4.39,-1.00,0.53,-1.53,333,311,305,347,345
3.43,-1.08,-7.98,-2.16,-0.12,-2.51,333,310,305,347,346
9.65,4.26,-13.01,-1.78,-0.68,0.24,333,309,306,348,351
END
4.69,2.20,-9.43,2.51,0.27,1.13,333,310,306,348,349
7.42,4.68,-11.92,0.33,-0.24,0.58,333,310,307,348,350
2.94,-1.45,-7.46,2.40,-0.09,0.64,333,310,306,348,348
-1.69,-13.39,-4.01,1.12,-0.64,1.45,334,310,306,348,347
-9.97,-11.90,-5.11,0.37,0.49,0.85,334,311,307,348,348
-2.53,-6.20,-5.53,-1.52,0.42,-1.70,333,311,306,347,346
3.63,-0.24,-7.63,-2.16,0.15,-2.51,333,311,306,347,346
9.53,5.72,-12.54,-1.29,-0.69,0.43,333,310,307,348,353
3.91,1.87,-9.12,2.50,0.28,1.33,333,310,307,348,351
-1.03,-9.62,-3.69,1.96,-0.48,1.10,334,310,307,348,348
-8.12,-11.61,-4.64,0.68,0.22,1.61,334,311,306,347,349
-6.63,-9.10,-4.73,-0.86,0.72,-1.33,334,311,306,347,348
2.56,-2.12,-7.44,-2.21,0.19,-2.32,333,311,306,347,347
10.31,5.43,-11.94,-1.92,-0.39,0.09,333,310,307,348,353
4.95,3.98,-10.65,2.43,0.03,1.22,333,310,307,348,353
-1.21,-6.75,-4.49,2.32,-0.41,0.64,334,311,307,348,349
-5.33,-13.84,-3.88,0.50,-0.54,1.53,334,311,307,347,350
-7.80,-9.62,-4.95,-0.44,0.91,-1.01,334,312,307,347,349
1.29,-2.22,-6.67,-2.15,0.25,-2.51,334,312,307,347,347
8.72,4.73,-10.67,-2.12,-0.40,-1.32,334,311,307,348,352
5.90,5.11,-10.89,1.34,0.04,1.37,333,311,307,348,352
1.24,-5.42,-5.48,2.48,-0.19,1.04,334,311,308,348,350
-5.54,-13.83,-3.26,0.70,-0.60,1.81,334,312,307,348,350
-9.30,-10.19,-4.72,-0.02,0.80,-0.28,335,313,307,347,350
-0.67,-4.65,-5.85,-2.00,0.29,-2.41,334,313,306,347,347
7.47,3.38,-9.56,-1.94,-0.07,-1.83,334,312,307,348,350
6.53,4.34,-11.55,0.44,-0.21,0.97,334,312,307,349,352
1.90,-0.75,-7.04,2.38,-0.08,0.68,334,312,307,349,349
-1.95,-13.83,-3.83,0.80,-0.74,0.97,334,312,306,348,348
-7.41,-12.19,-4.70,0.36,0.42,0.98,334,313,306,348,348
-2.79,-6.81,-5.20,-1.39,0.48,-1.63,334,312,306,347,346
5.19,0.32,-8.83,-2.11,0.02,-1.53,334,312,307,348,347
7.21,5.10,-11.63,-0.71,-0.20,0.58,334,311,307,348,351
3.32,2.48,-9.51,1.96,-0.04,0.47,334,312,308,348,350
1.49,-5.87,-5.46,1.77,-0.36,0.54,334,312,307,348,348
-3.87,-13.80,-3.88,1.07,-0.38,1.34,334,312,307,348,348
END
-7.47,-10.29,-4.59,-0.19,0.66,-0.20,333,311,307,349,349
-3.08,-14.69,-3.60,0.76,-0.74,1.28,334,311,306,348,348
-9.45,-10.10,-4.20,0.15,0.76,0.58,334,312,307,348,348
-1.61,-5.30,-5.73,-1.69,0.42,-1.90,334,312,307,348,347
7.91,3.04,-9.93,-1.97,0.08,-1.15,333,311,306,349,349
7.06,4.70,-12.32,0.88,-0.17,0.79,333,310,307,349,351
1.83,-2.33,-7.41,2.34,-0.16,0.48,333,311,307,349,349
-3.32,-14.64,-3.86,0.87,-0.76,0.97,334,311,306,348,348
-9.17,-10.88,-4.90,0.18,0.79,0.48,334,312,307,348,348
-1.04,-5.23,-5.65,-1.68,0.45,-1.96,334,312,306,348,346
6.91,1.88,-9.07,-1.89,0.05,-1.73,334,311,306,348,349
6.93,4.26,-12.15,0.07,-0.07,0.90,333,311,307,349,351
1.51,-2.20,-7.02,2.24,-0.19,0.52,333,311,306,349,348
-2.51,-14.34,-3.74,0.74,-0.76,0.97,334,311,306,348,348
-9.45,-10.70,-4.47,0.27,0.58,1.09,334,312,307,348,348
-2.47,-4.07,-5.68,-1.83,0.39,-2.07,334,312,307,348,346
7.57,2.41,-9.27,-2.08,-0.02,-1.56,334,311,306,348,350
6.36,4.64,-11.78,0.31,-0.19,0.84,333,311,307,349,352
1.54,-0.07,-7.65,2.30,-0.11,0.31,333,311,307,349,350
-2.22,-14.79,-4.80,0.61,-0.68,0.95,334,311,306,348,348
-7.93,-10.99,-5.02,0.28,0.65,0.92,334,312,307,348,349
-1.43,-6.37,-5.28,-1.55,0.42,-1.69,334,312,307,348,347
5.74,1.26,-8.89,-2.03,-0.02,-1.59,334,311,306,348,349
7.67,5.88,-12.85,-0.16,-0.31,0.86,333,310,307,349,352
2.73,1.50,-8.38,2.50,0.02,0.61,333,311,307,349,350
-0.73,-11.42,-3.14,1.36,-0.65,0.52,332,311,306,349,348
-5.30,-13.52,-3.77,0.67,-0.03,1.66,334,312,307,349,349
-6.10,-8.92,-3.87,-0.53,0.92,-0.80,334,312,306,348,348
1.57,-2.77,-7.25,-2.23,0.29,-2.12,334,311,306,348,347
8.83,4.40,-11.40,-1.90,-0.39,-0.42,333,310,307,349,352
5.23,4.16,-10.77,1.96,-0.01,0.97,333,310,308,349,352
1.24,-4.86,-7.29,2.26,-0.33,0.57,334,311,307,349,349
-4.36,-13.50,-4.38,0.58,-0.47,1.64,334,311,307,349,350
-7.26,-9.70,-5.06,-0.28,0.87,-0.35,334,312,307,348,350
0.10,-3.87,-6.40,-2.02,0.41,-2.04,334,311,307,348,348
9.14,4.39,-11.47,-2.16,-0.15,-1.45,333,310,307,349,353
END
6.30,5.20,-11.61,1.88,-0.11,1.15,333,311,307,348,349
7.58,3.97,-10.28,-1.83,-0.02,-1.42,333,310,308,349,352
5.59,5.16,-12.34,0.59,-0.05,1.03,333,310,308,349,353
1.62,-2.28,-7.92,2.31,-0.16,0.26,333,310,307,349,351
-1.60,-13.75,-5.91,0.90,-0.71,0.89,334,311,307,349,350
-7.62,-10.69,-5.22,0.40,0.54,0.96,334,311,307,348,350
-0.79,-4.90,-5.76,-1.82,0.22,-1.99,333,311,307,348,348
6.35,1.96,-9.47,-1.99,-0.05,-1.26,333,310,307,349,351
5.61,4.52,-11.81,0.23,-0.10,0.82,333,310,308,349,353
2.32,-0.23,-8.61,2.24,-0.19,0.51,333,310,306,349,351
-2.38,-13.45,-4.84,1.09,-0.62,0.67,333,310,307,349,350
-7.29,-11.25,-4.95,0.16,0.51,0.68,334,310,307,348,350
-1.82,-6.57,-5.65,-1.45,0.47,-1.51,333,310,307,348,348
5.64,0.55,-8.97,-1.89,0.09,-1.04,333,309,306,348,350
6.96,5.47,-12.11,-0.33,-0.21,0.39,333,310,307,349,352
3.64,1.67,-9.12,2.05,-0.15,0.39,333,310,307,349,352
-0.14,-9.93,-5.02,1.58,-0.65,0.55,333,310,307,349,350
-4.64,-13.50,-3.51,0.82,-0.01,1.44,334,311,306,348,350
-6.34,-8.87,-4.12,-0.64,0.91,-0.92,334,311,306,348,349
2.72,-1.16,-6.84,-2.44,0.14,-2.46,333,311,306,348,347
9.43,6.37,-10.89,-2.48,-0.57,-0.14,333,310,307,349,355
5.03,5.47,-10.69,2.33,0.03,1.00,333,310,308,349,355
1.24,-2.72,-7.54,2.46,-0.33,0.54,333,310,307,349,352
-3.14,-14.83,-4.36,1.07,-0.54,1.19,334,311,307,349,350
-8.10,-10.24,-4.74,-0.06,0.77,0.33,334,311,307,349,349
-1.22,-5.07,-5.43,-1.80,0.47,-2.05,334,312,307,349,348
6.29,2.94,-8.70,-2.38,0.07,-2.23,334,311,307,349,351
7.53,7.51,-12.63,-0.05,-0.34,1.17,333,311,308,350,355
3.38,2.04,-8.79,2.50,0.12,1.01,333,311,307,350,352
-0.90,-11.12,-4.13,1.83,-0.70,0.91,334,311,307,350,348
-6.68,-12.05,-3.29,0.76,0.16,1.60,334,311,307,349,350
-5.18,-8.74,-4.06,-0.97,0.79,-1.33,334,312,308,349,348
3.13,-1.11,-7.61,-2.50,0.20,-2.51,333,311,307,349,347
8.00,6.07,-10.27,-2.51,-0.31,-1.77,334,311,308,350,355
5.33,5.48,-11.21,2.36,0.12,1.29,333,311,307,350,354
2.12,-2.05,-7.88,2.50,0.09,1.00,334,311,307,350,350
END
-3.37,-13.99,-4.17,0.86,-0.75,1.89,334,312,308,350,355
4.73,4.79,-10.14,2.50,0.30,1.07,334,312,308,350,353
-0.27,-8.26,-4.64,2.22,-0.41,0.64,335,313,307,350,349
-4.30,-14.26,-4.16,0.76,-0.61,1.89,335,313,308,349,349
-7.76,-10.11,-4.00,-0.23,1.13,-0.76,335,314,307,349,349
1.41,-2.62,-6.44,-2.49,0.07,-2.27,334,313,307,349,347
6.53,3.26,-9.53,-2.17,-0.10,-1.91,334,312,308,349,351
5.89,6.86,-11.96,1.18,-0.18,1.25,334,312,308,350,353
1.98,-0.17,-6.42,2.50,-0.04,0.58,334,312,308,350,350
-2.23,-15.48,-3.56,1.00,-0.83,1.63,334,312,307,350,349
-10.62,-11.02,-4.29,0.74,0.83,0.95,334,312,307,349,349
-1.62,-6.06,-5.46,-2.17,0.09,-2.21,334,312,307,349,347
4.87,2.07,-8.48,-2.20,0.08,-2.33,334,312,307,349,349
6.65,6.87,-12.58,-1.16,-0.65,0.65,333,311,307,350,354
2.89,1.54,-9.04,2.50,0.13,0.88,333,311,307,350,351
-1.94,-13.32,-4.10,1.30,-0.65,1.40,334,311,307,349,348
-8.59,-10.85,-5.03,0.61,0.41,1.50,334,312,307,349,350
-3.01,-6.37,-5.26,-1.31,0.60,-1.72,334,312,307,349,348
4.21,1.69,-7.96,-2.34,0.20,-2.51,334,312,307,348,349
9.23,6.64,-13.22,-1.77,-0.81,0.13,333,311,308,350,355
3.89,2.37,-9.32,2.50,0.34,1.10,333,312,307,350,352
-0.53,-10.59,-4.21,1.49,-0.74,1.51,334,312,307,350,349
-8.66,-10.70,-4.81,0.62,0.29,1.67,334,313,307,349,350
-3.60,-6.60,-5.05,-1.18,0.68,-1.67,334,313,307,349,348
3.06,0.01,-8.09,-2.50,0.18,-2.51,334,312,306,349,348
9.95,7.55,-13.19,-1.68,-0.89,0.30,333,311,307,350,356
3.91,0.45,-9.03,2.50,0.24,1.14,333,311,307,350,353
-1.98,-12.14,-3.83,1.97,-0.51,1.60,334,310,306,349,349
-10.63,-10.78,-5.55,0.43,0.57,1.14,334,310,306,348,351
-3.20,-6.34,-5.05,-1.75,0.68,-1.95,334,311,306,348,349
6.14,2.35,-8.08,-2.51,0.12,-2.37,333,310,306,348,351
6.81,8.74,-12.38,-0.94,-0.45,0.67,332,309,306,349,354
2.96,0.46,-8.41,2.50,-0.04,0.53,333,309,306,349,352
-3.55,-14.13,-4.05,1.46,-0.71,1.83,334,309,306,349,350
-11.37,-10.74,-5.03,0.28,0.70,0.93,334,310,306,349,351
-0.56,-4.68,-5.51,-2.10,0.53,-2.37,333,310,306,348,348
END
8.63,5.09,-9.74,-2.51,-0.18,-1.77,334,313,307,349,351
7.31,6.33,-12.48,-1.73,-0.32,-0.08,333,312,308,349,355
3.90,3.93,-10.13,2.37,-0.04,0.45,334,312,308,350,354
0.31,-7.54,-6.12,2.04,-0.44,0.60,334,312,307,349,352
-5.44,-12.38,-5.18,0.92,-0.38,1.39,334,313,307,349,352
-5.77,-8.55,-5.24,-0.80,0.85,-0.89,334,313,308,349,351
1.74,-1.52,-7.13,-2.34,0.33,-2.15,334,313,308,349,350
8.39,6.04,-10.44,-2.28,-0.37,-0.67,334,313,308,350,357
4.50,5.04,-10.98,1.97,-0.09,0.89,334,313,309,350,354
0.13,-7.27,-5.88,2.38,-0.46,0.98,335,313,308,350,352
-5.56,-12.22,-4.96,0.97,-0.40,1.74,335,313,308,349,353
-5.98,-8.03,-4.67,-0.38,0.99,-0.72,335,313,308,349,352
1.45,-1.03,-7.67,-2.45,0.31,-2.35,335,313,308,349,350
9.43,6.71,-11.41,-2.41,-0.56,-0.39,334,312,308,350,357
3.96,4.31,-10.57,2.42,0.01,0.96,335,312,309,350,356
0.00,-6.37,-5.83,2.40,-0.36,0.90,335,312,308,350,352
-6.11,-11.76,-5.13,0.83,-0.21,1.57,335,313,308,349,353
-4.44,-7.62,-4.69,-0.64,0.93,-1.08,335,313,308,349,352
2.22,-1.64,-7.70,-2.41,0.29,-2.33,335,313,308,349,350
8.59,6.25,-12.05,-2.05,-0.53,-0.19,334,312,308,350,356
4.90,4.96,-10.84,2.44,0.02,1.04,334,312,308,350,355
0.51,-6.17,-6.09,2.35,-0.45,0.89,335,312,307,350,353
-5.55,-12.05,-5.13,1.00,-0.59,1.68,335,313,308,349,353
-6.96,-8.99,-4.39,-0.55,0.92,-0.83,335,312,307,349,351
1.36,-1.63,-7.09,-2.43,0.28,-2.12,334,312,307,349,350
7.62,5.74,-10.41,-2.34,-0.24,-0.83,334,312,308,349,355
4.90,4.86,-11.09,2.33,-0.02,0.85,334,311,308,350,355
0.33,-6.38,-6.76,2.27,-0.45,0.88,334,312,308,350,352
-5.23,-11.77,-5.46,0.97,-0.49,1.44,334,312,308,349,353
-5.60,-8.25,-5.20,-0.43,0.76,-0.51,335,312,308,349,352
0.49,-1.77,-7.58,-2.12,0.45,-2.02,334,312,308,349,350
6.65,5.14,-9.74,-2.09,-0.18,-0.96,334,311,308,350,355
4.81,5.84,-11.59,1.45,-0.25,1.26,333,311,308,350,355
1.22,-3.44,-6.59,2.48,-0.45,0.82,334,312,307,349,352
-6.09,-12.85,-4.79,0.95,-0.59,1.37,334,312,307,349,354
-6.70,-8.90,-4.69,-0.34,0.93,-0.53,334,312,307,349,352
END
1.51,-3.09,-7.48,-2.28,0.35,-1.93,334,313,307,350,351
-10.32,-10.09,-3.47,0.74,0.67,1.15,335,313,307,349,350
-2.50,-6.60,-5.24,-1.42,0.55,-2.06,335,314,307,349,348
6.40,1.45,-9.17,-2.39,-0.07,-2.44,334,313,307,349,349
8.61,6.40,-12.12,-1.37,-0.57,0.32,333,312,307,349,356
3.32,3.35,-9.19,2.49,0.07,0.88,334,312,308,349,355
0.80,-8.50,-4.53,2.18,-0.44,0.87,334,313,307,349,351
-6.46,-11.56,-4.66,0.89,0.13,2.06,334,313,307,349,351
-4.72,-8.14,-4.35,-0.77,0.88,-1.44,335,313,307,348,350
2.61,-1.19,-7.41,-2.51,-0.02,-2.41,334,313,307,349,350
9.47,6.20,-12.64,-2.04,-0.72,0.14,333,313,307,350,357
4.80,4.89,-10.55,2.50,-0.03,1.08,334,313,308,350,356
-0.78,-7.23,-5.33,2.34,-0.45,0.84,334,313,307,349,352
-6.83,-11.68,-4.75,0.74,-0.35,1.61,334,313,308,349,352
-5.53,-8.27,-5.05,-0.86,0.83,-1.21,334,313,307,349,350
2.49,-1.56,-7.57,-2.41,0.18,-2.32,334,313,307,349,349
8.92,6.34,-12.38,-2.24,-0.37,-0.53,333,313,307,350,356
4.65,5.15,-10.24,2.49,0.04,0.84,334,313,308,350,355
0.52,-6.60,-5.69,2.28,-0.44,0.51,334,313,307,350,351
-3.88,-13.73,-4.66,1.05,-0.59,1.57,334,313,307,349,351
-7.37,-9.70,-5.63,0.06,1.00,-0.16,334,313,307,350,349
1.87,-2.68,-6.93,-2.41,0.19,-2.22,334,313,307,349,348
7.86,4.75,-10.01,-2.17,-0.10,-0.97,334,313,307,350,354
5.15,5.43,-11.28,1.22,-0.15,0.92,333,313,308,350,354
1.48,-2.28,-7.02,2.42,-0.27,0.50,334,313,308,350,351
-2.89,-13.55,-5.09,0.96,-0.64,1.49,334,313,308,350,350
-8.01,-9.92,-3.85,0.28,0.92,0.24,335,314,307,349,349
0.11,-4.74,-6.47,-2.10,0.23,-1.96,334,313,307,349,348
7.07,3.47,-9.68,-2.18,-0.20,-1.32,334,313,307,349,352
5.75,6.02,-11.59,0.58,-0.26,0.90,334,312,308,350,354
2.17,-1.13,-8.10,2.50,-0.15,0.47,334,312,307,350,352
-2.58,-12.92,-5.70,1.16,-0.65,1.27,334,313,307,349,351
-8.31,-10.35,-5.15,0.25,0.75,0.45,334,312,307,348,351
-0.83,-5.06,-6.13,-1.83,0.35,-1.80,334,312,307,349,349
6.47,3.23,-9.24,-2.12,0.15,-1.91,334,312,307,349,352
6.45,5.84,-12.42,0.58,-0.24,0.82,333,311,307,349,354
END
1.68,-2.45,-7.09,2.50,0.01,0.79,333,312,307,350,353
3.84,2.17,-9.30,2.50,0.13,0.77,334,312,307,350,352
-0.56,-9.12,-5.67,1.44,-0.57,0.48,334,313,307,350,350
-4.82,-12.85,-4.36,0.64,-0.18,1.27,334,313,307,349,350
-4.41,-7.68,-4.96,-0.47,0.94,-0.84,334,313,307,349,348
3.46,-0.93,-7.85,-2.49,-0.13,-2.30,334,312,307,349,349
7.67,4.94,-13.32,-1.11,-0.48,0.54,333,312,307,350,354
2.77,1.67,-8.70,2.50,0.17,0.70,334,312,307,350,352
0.05,-8.59,-6.03,1.16,-0.73,0.55,333,313,307,350,351
-4.72,-11.77,-4.62,0.83,-0.01,1.52,334,313,307,350,350
-5.51,-8.20,-5.20,-0.49,0.81,-0.91,334,313,307,349,349
2.76,-2.04,-7.71,-2.34,0.04,-2.13,334,313,307,349,348
8.91,5.56,-11.08,-1.70,-0.27,-0.09,333,312,307,350,354
4.56,4.42,-11.03,1.99,0.01,0.90,334,312,308,350,353
0.84,-4.39,-6.85,2.12,-0.24,0.35,334,313,307,350,351
-3.64,-14.18,-5.02,0.93,-0.45,1.53,334,313,307,350,350
-7.95,-9.43,-4.62,0.16,1.02,0.13,334,314,307,350,349
0.90,-3.36,-6.86,-2.39,-0.04,-2.40,334,314,307,349,348
6.75,2.74,-10.07,-2.49,-0.23,-1.76,333,313,308,349,353
5.71,5.15,-11.28,1.57,-0.06,1.29,333,312,308,350,354
1.11,-1.96,-7.37,2.50,-0.08,0.67,334,313,308,350,352
-1.34,-12.88,-4.67,1.07,-0.64,1.11,334,313,307,350,350
-8.10,-9.72,-4.63,0.50,0.86,0.42,334,314,307,350,349
-1.61,-6.33,-5.75,-1.91,0.23,-1.93,334,314,307,349,348
6.14,1.19,-9.01,-2.02,0.09,-1.92,334,313,307,349,350
6.24,4.92,-12.97,-0.92,-0.42,0.68,333,313,307,350,354
2.83,1.02,-8.79,2.50,0.01,0.66,333,313,307,350,352
-1.10,-12.55,-4.49,1.27,-0.60,0.78,333,313,307,350,350
-6.12,-11.33,-4.57,0.58,0.19,1.25,334,313,307,350,350
-2.79,-6.92,-5.30,-1.51,0.39,-1.72,334,313,307,349,348
4.71,0.33,-8.54,-2.07,0.04,-2.16,334,313,307,349,349
8.44,4.87,-12.66,-1.22,-0.46,0.41,333,312,307,350,353
3.29,1.76,-9.43,2.50,0.20,0.85,333,312,307,350,352
-0.42,-10.65,-3.77,1.41,-0.48,0.67,334,313,307,350,350
-4.62,-12.17,-4.45,0.78,-0.02,1.34,334,313,307,350,350
-4.13,-8.20,-4.65,-0.53,0.74,-0.83,334,313,307,349,348
END
2.33,-2.59,-7.42,-1.98,0.14,-2.10,334,312,306,349,351
-2.87,-7.24,-5.17,-1.11,0.56,-1.53,334,313,306,349,349
3.91,-1.00,-8.10,-2.22,0.13,-2.49,334,312,307,348,348
9.55,5.01,-12.65,-1.71,-0.73,-0.08,333,312,306,349,354
5.12,3.34,-10.58,2.50,0.30,1.26,333,312,307,349,353
-0.93,-8.68,-3.75,2.04,-0.35,0.95,334,312,306,349,350
-7.11,-11.49,-4.08,0.71,0.14,1.48,334,313,307,349,351
-5.92,-8.77,-3.84,-0.78,0.76,-1.23,334,313,306,349,350
3.01,-1.77,-7.75,-2.29,0.10,-2.35,334,313,306,349,348
9.31,4.72,-12.25,-2.01,-0.33,-0.85,333,312,306,350,354
5.51,3.94,-10.94,2.47,0.24,1.06,333,312,307,350,354
0.90,-7.26,-5.86,2.08,-0.33,0.61,334,312,306,349,350
-3.57,-13.63,-4.59,0.84,-0.47,1.73,334,313,307,349,350
-7.33,-9.86,-3.87,-0.24,0.97,-0.70,334,313,307,349,349
1.57,-2.89,-6.88,-2.36,-0.07,-2.36,334,312,307,349,348
7.91,3.78,-9.96,-1.99,-0.18,-1.65,334,312,306,349,352
6.16,4.28,-12.08,0.74,-0.22,1.14,334,312,307,350,354
1.79,-1.79,-7.00,2.43,-0.18,0.77,334,313,307,350,350
-3.18,-13.99,-4.02,0.73,-0.72,1.42,334,313,307,350,350
-8.20,-10.06,-4.17,0.44,0.75,0.39,335,313,307,349,350
-0.22,-5.22,-5.61,-2.09,0.01,-2.38,334,313,307,349,347
7.90,3.15,-9.94,-1.86,-0.17,-1.74,334,312,306,349,351
6.63,3.96,-12.89,0.35,-0.15,1.06,334,312,307,349,352
1.90,-2.79,-7.08,2.49,0.06,0.91,334,313,307,349,349
-3.10,-13.68,-4.07,0.70,-0.59,1.55,335,313,307,349,349
-8.19,-10.25,-4.51,0.31,0.77,0.21,335,314,307,349,348
-0.04,-5.14,-5.82,-1.85,0.17,-2.02,334,313,307,349,347
6.53,3.51,-10.03,-1.92,-0.20,-1.55,334,313,307,349,350
6.89,4.06,-12.74,0.58,-0.18,1.03,334,313,308,350,352
1.51,-2.35,-6.78,2.49,0.01,0.83,335,313,308,350,349
-2.32,-13.26,-3.51,0.91,-0.68,1.16,335,314,308,350,348
-8.20,-10.18,-4.11,0.35,0.81,0.17,335,315,309,349,348
0.24,-5.06,-5.91,-1.78,0.20,-2.09,335,315,308,349,346
7.75,2.26,-9.53,-1.92,-0.11,-2.06,334,315,308,348,350
6.52,2.81,-11.72,1.15,0.02,1.32,334,314,309,349,351
1.70,-1.48,-7.88,2.20,-0.20,0.74,335,315,308,349,348
END
-2.79,-12.78,-4.13,0.68,-0.65,1.07,336,317,309,350,353
2.81,-0.22,-8.32,2.50,0.17,0.80,337,317,310,350,350
-1.56,-11.72,-3.96,1.01,-0.59,0.89,339,318,310,350,347
-5.41,-11.21,-4.72,0.47,0.20,0.95,339,318,310,350,346
-1.95,-7.04,-5.30,-1.44,0.34,-1.68,339,318,310,350,345
4.74,-0.33,-8.19,-1.91,-0.02,-2.14,338,317,309,350,347
8.08,4.24,-12.41,-1.34,-0.53,0.40,337,317,310,350,352
3.73,1.23,-9.61,2.49,0.21,1.01,337,317,310,350,350
-0.53,-10.62,-4.64,1.34,-0.52,0.73,338,317,309,350,346
-4.35,-12.16,-4.39,0.67,-0.02,1.22,338,317,309,350,346
-3.14,-8.55,-4.79,-0.64,0.66,-0.81,339,317,309,350,345
3.00,-2.94,-7.18,-1.91,0.12,-1.89,338,317,309,350,345
8.84,3.80,-11.23,-1.45,-0.29,-0.12,337,317,309,350,351
4.08,2.53,-10.15,1.78,0.04,0.94,337,317,310,350,350
0.96,-6.23,-6.38,1.88,-0.28,0.65,338,317,309,350,347
-4.59,-11.94,-3.98,0.85,-0.07,1.57,339,317,309,350,346
-6.12,-9.86,-4.73,-0.35,0.74,-0.88,339,317,309,350,345
2.48,-3.30,-7.42,-2.02,-0.01,-2.19,337,317,309,350,345
6.58,2.72,-10.14,-1.49,-0.23,-1.43,337,316,309,350,349
7.23,3.75,-11.41,0.97,-0.08,1.41,336,316,309,350,350
2.56,-1.50,-8.51,2.43,0.01,1.55,337,316,309,351,348
-2.98,-12.76,-3.40,1.34,-0.64,1.41,339,316,309,350,346
-8.85,-11.51,-3.99,-0.06,0.72,-0.11,339,316,309,350,347
-0.40,-6.18,-5.65,-1.71,0.12,-2.19,338,316,308,350,345
6.14,0.09,-8.68,-1.78,-0.07,-2.24,337,316,308,349,347
7.42,4.19,-12.89,-0.08,-0.38,0.89,336,315,308,350,352
2.37,-1.24,-7.58,2.50,0.12,0.99,337,316,308,350,349
-1.97,-11.45,-3.37,1.28,-0.54,1.07,338,316,308,350,346
-7.25,-11.22,-4.78,0.40,0.29,0.92,337,316,308,350,346
-1.96,-7.47,-5.33,-1.62,0.26,-1.74,337,316,308,349,345
5.18,-0.60,-8.00,-1.87,0.05,-1.87,336,315,308,349,346
7.51,4.60,-12.74,-1.26,-0.46,0.47,335,315,308,350,351
3.79,1.53,-8.92,2.50,0.10,0.81,336,315,308,350,349
-1.29,-11.52,-3.71,1.39,-0.57,0.89,336,315,308,350,347
-6.24,-11.92,-4.44,0.68,0.17,1.29,337,315,308,349,346
-3.09,-8.07,-4.41,-0.87,0.67,-1.38,336,315,308,350,345
END
5.66,-0.41,-8.24,-1.93,0.01,-1.90,338,317,309,350,346
-0.63,-5.84,-5.85,-1.58,0.20,-1.89,338,317,309,350,345
5.00,2.28,-8.72,-1.91,-0.26,-2.41,337,317,309,350,347
7.51,4.26,-12.56,-0.71,-0.46,0.86,336,317,309,351,352
2.60,-1.00,-8.34,2.50,0.42,1.16,337,317,310,351,348
-1.26,-12.34,-4.01,1.21,-0.51,1.42,337,317,309,350,346
-7.37,-10.93,-4.67,0.43,0.53,0.51,337,317,309,350,345
-0.24,-6.15,-6.01,-1.54,0.14,-1.85,337,317,309,350,344
4.27,-0.11,-8.26,-1.78,0.01,-2.18,337,317,309,350,345
8.05,4.34,-11.76,-0.72,-0.44,0.53,336,317,309,350,351
4.31,1.26,-9.50,2.50,0.32,1.17,336,317,309,350,349
-0.61,-10.50,-4.26,1.54,-0.37,1.33,337,317,309,350,345
-7.62,-11.30,-4.34,0.65,0.09,1.50,337,317,309,351,346
-2.96,-8.28,-4.91,-1.39,0.28,-1.67,337,317,309,350,345
3.79,-1.18,-7.96,-1.99,0.05,-2.18,337,317,309,350,345
8.68,5.29,-11.38,-1.55,-0.52,-0.30,336,316,309,350,352
4.17,2.62,-9.94,2.50,0.34,1.19,336,317,310,350,350
-0.90,-9.99,-3.92,1.66,-0.42,0.88,337,317,309,350,346
-5.25,-12.66,-4.07,0.65,-0.06,1.48,337,317,310,350,346
-3.55,-8.61,-4.49,-0.61,0.76,-1.06,337,317,309,350,345
3.77,-1.10,-7.87,-2.12,0.05,-2.21,336,317,309,350,345
8.41,5.21,-11.15,-1.69,-0.46,-0.38,336,317,310,350,352
4.48,2.73,-9.99,2.36,0.18,1.26,336,317,311,350,350
0.14,-5.72,-4.69,1.71,-0.41,0.67,337,317,310,350,347
-3.96,-13.32,-4.21,0.70,-0.29,1.52,337,317,311,350,346
-4.72,-9.25,-4.56,-0.28,0.90,-0.69,337,317,310,350,345
1.93,-3.44,-6.42,-2.16,-0.00,-2.17,336,317,310,350,344
8.06,4.16,-11.17,-1.65,-0.24,-0.76,336,317,310,350,349
5.45,3.65,-11.52,1.44,-0.03,1.11,336,317,311,351,350
1.24,-4.41,-6.70,2.18,-0.16,0.66,336,317,311,351,347
-3.47,-13.21,-4.32,0.73,-0.42,1.67,337,317,311,351,346
-6.31,-10.15,-4.53,-0.06,0.78,-0.43,337,317,311,351,346
1.31,-3.68,-6.49,-2.10,-0.04,-2.14,336,317,310,350,345
8.43,4.29,-11.05,-1.85,-0.12,-1.31,336,317,310,351,350
5.76,3.21,-11.45,1.81,0.08,1.08,336,317,311,351,350
0.87,-4.41,-5.43,2.25,0.02,0.54,337,317,310,351,347
END
-1.67,-13.66,-4.64,0.68,-0.61,0.88,336,316,309,350,350
2.62,0.13,-8.14,2.44,0.20,0.83,336,316,309,350,347
1.08,-12.35,-4.73,1.13,-0.61,0.80,337,316,309,350,344
-5.81,-11.08,-4.08,0.90,0.10,1.67,337,317,309,350,344
-3.63,-8.49,-4.68,-1.07,0.43,-1.63,337,317,309,350,343
4.70,-1.22,-7.95,-2.11,-0.16,-2.21,336,316,309,350,344
8.74,3.68,-12.20,-1.31,-0.40,0.04,336,316,309,350,350
4.19,1.57,-9.61,2.30,0.19,1.04,336,316,309,350,348
0.06,-9.32,-5.15,1.34,-0.43,0.73,337,317,309,350,345
-3.41,-11.97,-4.54,0.69,-0.06,1.32,337,317,310,350,344
-3.12,-8.37,-5.16,-0.52,0.64,-0.93,337,317,309,350,344
3.85,-2.40,-7.72,-1.85,-0.02,-1.98,336,317,309,350,344
8.18,3.61,-10.92,-1.44,-0.26,-0.30,336,316,310,350,350
4.72,1.97,-10.21,1.76,0.05,0.88,336,317,310,351,349
1.11,-8.05,-5.86,1.55,-0.43,0.62,337,317,310,350,346
-2.70,-12.99,-4.08,0.91,-0.31,1.51,337,317,310,350,344
-5.08,-10.02,-4.51,-0.28,0.72,-0.43,337,318,310,350,345
1.10,-4.62,-6.37,-1.89,0.02,-1.99,337,317,310,350,344
6.72,2.96,-9.57,-1.98,-0.15,-0.93,337,317,311,351,351
5.64,3.55,-10.95,0.73,-0.13,0.91,336,317,312,351,352
1.77,-0.54,-7.71,2.23,0.06,0.47,337,318,312,351,349
0.29,-13.06,-5.22,0.96,-0.53,0.89,337,318,311,350,346
-4.47,-11.69,-4.59,0.38,0.43,1.05,337,318,311,351,345
-1.83,-6.47,-5.31,-1.20,0.44,-1.54,337,318,310,350,344
6.45,1.87,-8.94,-2.19,-0.14,-1.57,337,318,312,351,350
6.41,4.16,-12.02,0.11,-0.08,0.48,336,318,313,351,353
2.73,0.41,-8.87,2.13,0.07,0.42,337,318,313,351,351
1.28,-12.37,-5.37,1.42,-0.48,0.43,338,319,313,351,347
-4.26,-12.49,-4.01,0.36,0.26,1.27,338,319,313,351,345
-2.54,-7.08,-5.01,-0.99,0.61,-1.45,338,319,312,350,345
5.52,0.84,-7.90,-2.31,-0.26,-1.68,336,317,312,351,350
6.66,5.63,-12.35,-0.89,-0.34,0.71,335,317,312,351,353
2.44,-0.26,-6.97,2.38,-0.09,0.28,336,316,312,351,350
-0.24,-13.48,-3.89,1.38,-0.66,0.76,336,317,311,351,346
-8.41,-11.85,-4.10,0.49,0.28,1.34,336,317,311,350,346
-3.01,-7.52,-4.26,-1.66,0.36,-1.94,336,317,310,350,344
END
5.89,1.28,-8.36,-2.51,-0.05,-1.63,336,316,310,350,347
-0.53,-4.10,-5.79,-1.88,0.54,-1.89,336,315,310,350,346
9.46,5.81,-11.11,-2.34,-0.22,-0.59,335,314,310,350,353
6.88,6.55,-12.19,1.40,-0.12,0.83,334,313,310,350,354
2.34,0.20,-6.92,2.36,-0.27,-0.04,335,313,309,350,351
-1.02,-16.83,-4.95,1.31,-0.73,0.81,336,313,309,350,348
-10.31,-11.31,-4.65,0.15,0.85,1.28,336,313,308,349,350
-2.26,-4.03,-5.44,-1.63,0.54,-2.28,336,314,308,349,347
12.67,5.78,-11.41,-2.51,-0.56,-1.52,335,313,309,350,356
6.12,6.30,-11.47,1.93,0.24,0.90,334,312,308,350,356
1.31,-2.85,-6.39,2.45,-0.16,0.29,334,312,308,350,353
-2.30,-15.33,-4.64,1.22,-0.65,0.81,335,312,308,349,351
-8.48,-11.32,-4.74,0.14,1.02,-0.04,335,313,308,349,350
1.22,-3.07,-6.32,-2.08,0.19,-2.37,335,313,308,349,348
10.45,4.45,-11.51,-2.48,-0.53,-0.51,334,313,308,350,354
5.13,5.66,-10.87,1.76,0.12,0.53,334,313,309,351,354
2.19,-4.23,-5.87,1.88,-0.66,0.27,335,313,308,350,351
-4.13,-15.20,-4.03,1.24,-0.58,1.76,335,313,308,350,351
-7.51,-10.07,-4.29,-0.19,1.27,-0.34,335,313,308,349,350
1.55,-2.51,-6.09,-2.51,-0.11,-2.50,334,313,308,349,348
10.55,6.18,-12.22,-2.05,-0.42,-0.20,334,312,308,350,355
4.68,5.19,-9.76,2.22,0.12,0.78,334,312,308,350,354
1.06,-6.62,-5.08,2.40,-0.45,0.43,334,312,308,350,351
-5.61,-14.36,-3.29,1.05,-0.28,2.09,334,313,308,349,350
-7.54,-10.52,-4.34,-0.39,1.35,-0.89,335,313,307,349,349
3.05,-0.84,-6.81,-2.51,0.02,-2.51,334,313,307,349,348
10.18,7.47,-12.27,-2.08,-0.78,0.03,334,312,307,350,356
5.04,6.37,-10.11,2.49,0.14,0.87,334,313,309,350,354
0.62,-9.17,-3.97,2.26,-0.56,0.45,334,313,307,350,350
-4.17,-14.57,-3.67,1.04,-0.13,2.06,335,312,308,349,350
-6.15,-9.57,-3.92,-0.40,1.29,-1.18,335,313,307,349,349
3.21,-0.71,-6.99,-2.51,-0.05,-2.51,334,312,307,349,347
11.54,6.44,-11.22,-2.17,-0.49,-0.79,333,312,307,350,355
4.90,5.92,-10.04,2.49,0.21,0.86,333,312,308,350,354
1.62,-7.32,-4.61,2.06,-0.49,0.27,334,312,308,350,350
-2.87,-15.14,-4.24,1.21,-0.61,1.73,334,312,307,350,349
END
-7.42,-10.22,-4.29,-0.22,1.31,-0.71,335,315,310,351,351
-4.03,-8.13,-4.34,-0.74,1.07,-1.51,336,315,310,351,350
6.28,0.78,-8.54,-2.51,-0.38,-2.51,334,315,310,351,352
8.76,6.68,-12.93,-1.11,-0.46,1.10,334,315,311,351,357
3.60,3.25,-8.73,2.50,0.03,0.79,335,315,312,351,355
0.77,-9.47,-4.22,1.55,-0.81,0.67,335,316,311,352,352
-7.83,-11.69,-3.97,1.00,-0.11,1.37,335,316,312,351,353
-3.17,-7.73,-4.28,-1.06,0.80,-1.53,335,316,311,351,350
4.39,-1.38,-7.68,-2.35,0.13,-2.26,335,315,311,351,350
8.53,5.71,-11.66,-1.71,-0.27,-0.21,334,313,310,351,355
4.69,4.64,-9.76,2.40,-0.00,0.80,334,312,310,351,354
1.54,-7.98,-5.03,1.97,-0.52,0.63,334,312,309,351,350
-5.72,-11.74,-3.46,1.18,-0.28,2.12,334,312,309,350,350
-5.56,-9.61,-4.15,-0.13,0.98,-1.56,334,312,308,350,349
3.96,-0.96,-7.71,-2.51,-0.16,-2.51,333,311,308,350,348
9.02,5.73,-12.50,-1.93,-0.60,-0.28,333,311,308,350,355
4.78,3.60,-10.21,2.45,0.07,1.13,333,312,308,350,353
-0.29,-10.88,-3.66,1.60,-0.58,1.06,334,312,308,350,349
-6.00,-11.73,-4.20,0.70,0.11,1.49,334,312,309,350,350
-2.95,-7.82,-4.65,-0.89,0.76,-1.44,334,313,308,350,348
5.36,0.26,-8.64,-2.25,0.08,-2.24,334,312,308,350,349
9.28,5.13,-12.68,-1.25,-0.61,0.29,334,312,308,350,355
4.05,1.84,-8.79,2.50,0.16,1.04,334,313,309,350,352
-0.70,-10.69,-3.60,1.65,-0.53,0.83,335,313,308,350,349
-7.29,-11.52,-4.45,0.52,0.38,1.06,335,313,309,350,349
-1.28,-6.55,-5.10,-1.37,0.62,-1.66,334,313,308,350,347
5.48,0.32,-8.48,-2.33,0.07,-2.21,334,313,308,350,350
8.01,5.74,-13.10,-0.50,-0.48,0.80,334,313,309,350,354
3.21,2.07,-7.75,2.50,0.29,0.59,334,314,309,350,351
0.65,-12.50,-3.61,0.92,-0.72,-0.02,335,315,309,351,348
-4.80,-11.69,-5.24,0.84,0.06,1.86,335,315,310,351,348
-3.20,-8.28,-5.13,-1.00,0.73,-1.64,335,315,309,350,346
5.53,-0.45,-8.18,-2.51,-0.26,-2.29,335,315,309,350,349
7.73,5.52,-12.16,-1.37,-0.51,0.73,334,314,309,351,353
3.19,3.71,-9.14,2.50,0.22,0.73,335,316,311,351,352
1.17,-10.35,-5.18,1.26,-0.61,0.36,336,316,311,351,349
END
-2.31,-12.28,-4.55,1.07,-0.04,1.99,336,315,309,350,348
-6.79,-10.61,-3.15,0.60,0.13,1.17,336,316,310,350,348
-4.17,-8.37,-4.10,-0.85,0.69,-1.51,336,316,309,350,346
4.81,-0.78,-8.04,-2.08,0.05,-2.51,336,315,309,350,347
10.19,4.86,-12.36,-1.83,-0.54,0.51,335,314,309,351,353
5.11,1.62,-9.28,2.50,0.16,1.00,335,315,309,350,351
-0.65,-12.47,-3.37,1.69,-0.64,1.08,336,315,309,350,347
-7.44,-11.22,-3.61,0.57,0.18,1.47,336,315,309,350,347
-2.20,-6.27,-4.77,-1.39,0.52,-1.94,336,315,309,350,346
7.06,2.76,-9.28,-2.48,-0.13,-2.01,335,315,309,350,349
8.97,5.28,-13.39,-0.57,-0.40,0.51,335,314,309,351,352
3.22,-1.81,-7.09,2.50,-0.05,0.74,335,314,309,351,349
-1.22,-13.29,-4.21,1.10,-0.63,1.25,336,315,309,350,347
-8.11,-10.55,-4.24,0.17,0.63,0.56,336,315,309,350,347
0.53,-4.71,-6.22,-1.61,0.43,-1.92,336,315,309,350,346
6.83,2.38,-8.79,-2.22,0.03,-2.29,335,315,309,350,348
8.36,6.44,-12.59,-0.89,-0.52,0.27,335,315,309,351,355
4.37,3.32,-8.83,2.50,0.36,0.72,335,315,309,351,352
1.62,-13.14,-3.35,1.19,-0.71,1.42,336,315,309,351,348
-7.19,-10.54,-4.97,0.70,0.24,1.89,336,315,309,350,348
-4.18,-7.62,-4.31,-0.98,0.85,-1.38,336,315,309,350,347
5.63,0.27,-7.82,-2.51,-0.04,-2.37,335,315,309,350,348
10.29,7.10,-12.56,-1.09,-0.49,0.76,333,314,309,351,354
4.54,4.13,-9.69,2.50,-0.04,0.81,334,314,309,351,352
0.19,-12.36,-3.83,1.96,-0.66,0.87,335,314,309,350,349
-7.24,-12.15,-3.72,0.72,0.33,1.44,335,315,309,350,350
-4.10,-7.63,-3.83,-1.07,0.84,-1.60,335,315,309,350,348
5.68,0.67,-8.15,-2.51,0.16,-2.42,335,315,309,350,347
10.72,6.46,-12.43,-1.97,-0.62,-0.15,334,314,309,351,354
4.69,4.49,-9.27,2.50,0.09,0.96,334,314,309,351,352
1.36,-6.74,-4.46,2.13,-0.65,0.40,334,314,308,350,349
-4.61,-13.90,-3.82,1.10,-0.50,1.95,335,314,309,350,350
-5.53,-8.82,-3.78,-0.45,1.18,-1.10,334,314,308,350,349
2.30,-2.54,-6.45,-2.51,-0.04,-2.45,334,313,308,350,346
11.47,6.09,-11.08,-2.22,-0.49,-0.68,334,313,308,350,354
6.15,5.52,-11.39,1.90,-0.14,1.03,334,313,308,350,354
END
1.36,-5.79,-5.42,2.29,-0.45,0.64,335,314,308,350,354
4.49,2.55,-9.66,2.50,0.26,1.43,335,314,308,350,352
-1.27,-11.11,-3.70,1.24,-0.65,1.06,336,315,308,350,348
-5.99,-11.89,-4.47,0.54,0.21,1.23,336,315,309,350,349
-3.22,-7.01,-4.33,-0.92,0.79,-1.51,336,315,309,350,348
5.36,1.04,-8.42,-2.36,0.03,-2.51,335,315,308,350,347
10.44,4.98,-11.59,-1.45,-0.66,-0.01,335,314,308,350,354
5.39,1.74,-9.59,2.50,0.38,1.28,335,315,308,350,352
-1.31,-11.74,-3.51,1.86,-0.52,1.10,336,315,308,350,348
-5.86,-11.81,-4.34,0.53,0.17,1.16,336,316,309,350,349
-2.93,-7.21,-4.21,-1.07,0.67,-1.35,336,315,309,350,348
3.98,-1.00,-7.80,-2.23,0.14,-2.28,336,315,308,350,348
9.82,5.30,-11.85,-1.85,-0.52,-0.47,335,315,308,350,354
4.72,2.29,-9.60,2.50,0.20,1.25,335,315,309,351,352
0.64,-7.59,-3.84,1.95,-0.40,0.95,335,315,308,350,349
-5.23,-12.37,-4.40,0.65,-0.27,1.45,336,316,310,350,349
-4.08,-8.64,-4.39,-1.03,0.71,-1.21,335,315,309,350,348
2.88,-0.98,-7.67,-2.41,0.25,-2.33,335,316,309,350,347
9.99,6.98,-11.85,-2.32,-0.48,-1.07,334,315,308,350,355
6.22,5.06,-10.89,2.26,-0.04,1.31,335,315,309,351,353
1.00,-7.24,-3.88,2.38,-0.35,0.85,336,316,308,350,349
-3.65,-11.51,-4.87,0.65,-0.50,1.75,336,316,309,350,349
-5.38,-8.66,-4.22,-0.13,1.04,-0.69,336,316,309,350,348
2.64,-1.28,-7.59,-2.46,0.04,-2.41,335,316,309,350,347
10.05,6.50,-11.02,-2.07,-0.45,-0.84,335,315,308,350,354
6.07,4.02,-10.32,2.41,0.10,1.27,335,315,309,351,352
0.23,-8.79,-4.45,2.40,-0.22,0.87,336,316,309,351,348
-4.22,-12.64,-4.91,0.59,-0.24,1.58,336,316,309,350,347
-3.40,-8.05,-4.77,-0.59,0.92,-1.12,336,316,308,350,346
3.08,-1.69,-7.52,-2.47,-0.03,-2.40,335,316,309,350,346
9.55,6.25,-11.66,-1.70,-0.57,-0.10,335,315,308,350,353
5.00,3.27,-9.60,2.50,0.18,1.20,335,314,309,351,351
0.70,-7.34,-4.34,2.18,-0.32,0.89,336,317,309,351,347
-4.68,-11.94,-4.53,0.83,-0.38,1.48,336,316,309,350,347
-4.74,-9.12,-4.41,-0.74,0.77,-1.05,336,316,309,350,347
3.36,-1.56,-7.76,-2.22,0.17,-2.22,336,316,309,350,346
END
9.78,5.19,-12.17,-1.94,-0.48,-0.87,336,317,309,350,346
6.28,2.05,-9.19,-1.99,-0.08,-2.09,336,316,309,350,348
8.36,5.13,-11.89,-0.19,-0.47,0.98,336,316,309,350,352
3.45,-0.62,-8.08,2.50,0.23,1.18,336,316,309,350,349
-2.05,-13.24,-3.95,0.68,-0.68,1.42,336,317,309,350,348
-7.39,-10.37,-4.38,0.33,0.58,0.46,336,317,310,350,347
-0.64,-5.69,-5.91,-1.70,0.36,-1.69,336,317,310,350,346
6.04,2.24,-8.81,-2.01,0.12,-2.15,336,316,309,350,348
9.27,5.44,-13.20,-0.59,-0.64,0.90,335,316,309,351,353
3.78,1.63,-8.31,2.50,0.43,0.97,335,316,309,351,350
-0.43,-12.21,-3.27,1.28,-0.67,0.87,336,317,309,351,347
-6.73,-11.57,-4.21,0.55,0.43,0.94,336,316,310,350,347
-1.24,-6.25,-5.25,-1.29,0.52,-1.54,336,316,309,350,346
5.70,0.78,-8.56,-2.16,0.02,-2.16,335,316,308,350,347
8.65,5.05,-13.09,-0.50,-0.43,0.82,335,315,309,350,352
3.94,2.17,-8.73,2.50,0.30,0.86,335,316,308,351,349
-0.29,-11.97,-3.28,1.20,-0.65,0.66,338,316,309,350,346
-6.70,-11.75,-3.81,0.66,0.20,1.39,339,316,309,350,347
-2.76,-7.77,-4.37,-1.35,0.53,-1.68,338,316,309,350,345
6.55,-0.04,-8.13,-2.33,-0.09,-2.09,337,316,308,350,347
10.19,6.98,-12.93,-1.07,-0.37,0.65,336,315,308,350,351
4.13,2.77,-9.15,2.50,0.02,0.80,336,315,308,350,349
0.36,-10.96,-3.91,1.46,-0.69,0.66,338,316,308,350,346
-5.03,-12.53,-2.63,0.99,0.13,1.76,340,316,309,350,346
-4.32,-8.78,-4.35,-0.66,1.12,-1.00,341,317,309,350,346
5.43,0.53,-7.58,-2.29,-0.07,-2.50,338,316,308,349,346
10.98,4.87,-12.58,-1.85,-0.73,0.06,336,315,309,350,353
4.53,2.99,-9.56,2.50,0.28,1.16,336,315,308,350,351
0.18,-7.73,-4.66,1.59,-0.68,0.56,337,316,308,350,346
-4.64,-12.89,-3.22,0.77,-0.01,1.72,337,315,309,350,346
-3.52,-8.79,-4.09,-0.55,1.02,-1.06,337,316,308,350,345
4.04,-1.62,-6.93,-2.30,-0.09,-2.33,336,315,308,350,345
10.06,4.94,-12.15,-1.16,-0.38,0.14,336,314,308,350,350
5.29,3.37,-10.15,2.26,0.18,0.85,335,315,308,350,349
1.36,-7.62,-4.73,1.75,-0.47,0.27,336,315,308,350,346
-3.06,-13.05,-3.02,1.01,-0.03,2.09,336,315,309,350,345
END