5.17,-7.93,0.37,0.01,-0.02,-0.01,465,452,449,331,353
5.18,-7.95,0.60,0.03,0.00,-0.03,465,452,450,331,353
5.26,-8.05,0.29,0.04,0.00,-0.02,465,452,450,331,353
5.10,-7.98,0.45,0.00,-0.01,-0.03,465,452,450,331,353
4.96,-7.84,0.42,0.03,-0.01,-0.04,465,452,450,331,353
5.11,-7.98,0.48,0.04,0.00,-0.04,465,452,449,331,353
4.77,-8.18,0.02,0.03,0.01,-0.06,465,452,449,331,353
4.57,-9.63,-0.35,0.01,0.04,-0.09,464,451,449,331,353
2.48,-10.11,-3.00,-0.13,0.14,0.07,464,451,449,331,353
2.29,-9.45,-3.62,-0.13,0.46,0.18,465,451,449,331,354
3.00,-8.23,-2.37,-0.12,0.63,0.25,465,452,449,331,354
5.05,-8.14,1.20,0.14,0.58,0.08,465,452,449,331,353
4.58,-7.82,1.85,-0.04,0.50,0.23,465,452,450,331,353
4.44,-8.15,2.22,0.14,0.47,-0.04,465,452,451,331,352
1.78,-8.26,1.67,0.10,0.57,0.04,466,453,451,331,352
4.45,-7.66,4.57,0.12,0.60,0.02,466,452,453,331,350
1.90,-6.99,4.03,0.25,0.33,-0.23,467,453,453,331,349
3.42,-6.46,4.51,0.03,0.34,-0.09,468,453,454,331,349
0.67,-6.39,5.83,0.16,0.72,-0.03,469,453,454,331,349
9.20,-9.10,5.10,0.12,0.55,-0.17,468,453,455,331,349
4.38,-9.15,3.65,-0.02,-0.32,-0.00,468,453,454,331,350
1.84,-8.10,2.70,-0.18,-0.27,0.06,468,453,454,331,350
2.51,-9.07,2.71,0.04,-0.11,-0.09,468,453,454,331,351
3.04,-8.79,2.66,-0.08,-0.04,-0.06,468,453,454,331,351
2.86,-8.23,2.68,0.02,-0.02,0.02,468,453,454,331,351
3.30,-8.24,2.64,-0.03,0.00,-0.06,468,453,454,331,351
2.83,-8.08,2.56,0.05,0.01,-0.00,468,453,454,331,352
3.40,-8.07,2.59,0.04,0.01,0.03,468,453,454,331,352
3.14,-8.14,2.41,0.01,-0.03,-0.05,468,453,454,331,352
3.02,-8.23,2.89,0.07,-0.02,-0.03,468,453,453,331,352
3.09,-8.29,2.45,0.06,-0.01,-0.08,467,453,453,331,352
3.20,-8.54,2.63,0.02,-0.01,-0.04,467,452,453,331,352
3.45,-8.46,2.70,0.03,-0.03,-0.02,467,452,453,331,352
3.25,-8.43,2.74,0.02,-0.00,-0.04,467,452,453,331,353
2.91,-8.70,2.95,0.01,-0.01,0.00,467,452,453,331,353
3.54,-8.32,2.35,0.02,-0.02,-0.03,467,452,453,331,353
END
3.23,-8.32,2.41,0.02,-0.02,-0.03,461,450,450,330,347
5.33,-7.87,1.21,0.04,0.01,-0.07,461,451,450,330,347
5.61,-7.72,0.94,0.02,0.01,-0.03,461,451,450,330,346
5.38,-7.74,1.18,0.02,-0.02,-0.03,461,450,450,330,346
5.14,-7.47,0.97,0.03,-0.01,-0.04,461,450,450,330,346
5.40,-7.71,0.88,0.01,0.01,-0.02,461,450,450,330,347
4.80,-8.46,0.22,0.05,0.01,-0.07,460,450,450,330,346
5.21,-9.22,-0.02,-0.07,0.03,0.03,461,450,450,330,347
3.88,-9.28,-0.80,-0.10,0.14,0.05,461,450,450,330,346
4.29,-8.70,-1.43,-0.16,0.23,0.19,461,451,450,330,346
4.25,-8.48,-0.58,-0.02,0.32,0.19,461,451,451,330,347
5.29,-8.31,1.11,-0.04,0.27,0.19,461,451,451,330,347
4.01,-8.00,0.70,-0.05,0.30,0.06,461,451,451,330,348
3.08,-7.70,0.79,-0.05,0.44,0.03,462,451,451,330,348
3.96,-8.29,1.89,-0.26,0.35,0.03,462,451,451,330,349
3.80,-8.13,1.74,-0.18,0.39,-0.10,464,451,451,331,352
5.25,-7.80,3.18,-0.15,0.40,0.04,464,452,451,330,353
5.40,-7.47,3.04,-0.10,0.47,-0.07,464,452,451,330,353
3.94,-7.49,1.62,-0.19,0.22,0.17,465,452,451,331,353
3.85,-7.39,1.51,-0.32,0.30,0.53,465,452,453,331,352
-0.81,-9.20,4.47,0.64,0.81,0.45,468,453,455,331,351
6.98,-9.11,3.56,0.39,0.50,-0.38,467,453,455,331,350
2.87,-8.41,2.70,-0.09,-0.14,0.00,467,453,454,331,350
1.35,-7.92,2.13,0.07,-0.06,0.08,468,452,454,331,350
3.61,-9.04,2.53,0.01,-0.07,-0.20,467,452,454,331,350
2.58,-8.74,2.43,0.03,-0.06,-0.00,467,452,454,331,350
2.86,-9.12,2.39,-0.00,-0.07,0.02,467,452,454,331,350
2.56,-8.51,2.15,-0.02,-0.04,-0.09,467,452,453,331,350
2.86,-8.72,2.29,-0.01,-0.01,-0.03,467,452,454,331,350
2.48,-8.50,2.15,-0.01,-0.01,-0.02,467,452,453,331,350
2.85,-8.49,2.12,0.04,0.02,-0.05,466,452,453,331,351
2.95,-8.46,1.87,0.04,-0.00,-0.03,466,452,453,331,351
2.69,-8.24,1.91,-0.00,-0.01,-0.03,466,452,453,331,351
2.99,-8.77,2.39,0.01,0.05,0.01,466,452,453,331,351
2.72,-8.61,1.76,0.03,0.06,0.01,466,452,453,331,351
2.91,-9.08,2.28,0.08,0.03,-0.03,466,452,453,331,351
END
3.02,-8.89,2.28,0.00,-0.01,-0.01,458,448,449,330,342
5.20,-7.97,0.38,0.10,-0.03,-0.09,458,448,449,331,341
5.13,-7.89,0.62,0.05,-0.03,-0.04,458,448,449,331,342
5.15,-7.92,0.62,0.05,-0.00,-0.05,458,448,449,331,342
5.51,-7.94,0.73,0.03,0.01,-0.05,458,448,449,331,341
5.12,-7.80,0.32,0.02,-0.01,-0.05,458,448,449,331,342
4.95,-8.38,-0.21,0.04,0.05,-0.05,458,448,449,331,341
4.86,-9.86,-0.80,0.00,0.04,0.01,459,448,449,331,341
3.69,-8.69,-2.32,-0.26,0.15,0.26,459,448,449,331,342
3.79,-8.08,-1.82,-0.13,0.24,0.15,459,448,449,331,342
3.85,-8.23,-0.43,0.07,0.31,-0.02,459,448,449,330,342
6.08,-7.95,1.84,0.14,0.26,-0.06,458,448,449,331,342
5.37,-8.68,1.07,0.10,0.13,-0.04,458,448,449,330,342
4.40,-8.64,0.87,0.08,0.24,0.04,459,448,449,331,342
3.09,-8.02,0.45,-0.11,0.35,0.00,459,448,449,331,342
4.41,-7.47,2.15,-0.02,0.43,0.22,459,448,449,331,342
5.02,-7.38,2.48,-0.18,0.21,0.16,460,449,450,331,341
4.73,-8.29,2.02,0.07,0.21,0.04,461,449,450,331,341
3.70,-8.59,1.03,-0.10,0.15,0.15,463,450,450,331,340
2.00,-8.87,1.10,0.33,0.19,0.48,466,451,451,331,340
1.47,-8.14,3.18,0.23,0.09,0.03,467,451,451,331,340
1.57,-7.24,3.83,0.07,0.24,-0.40,468,451,451,330,340
2.91,-7.42,4.67,0.19,0.67,-0.18,468,451,452,330,340
5.84,-8.13,3.44,0.35,0.57,-0.33,467,450,451,330,340
3.97,-8.31,4.72,-0.10,-0.06,0.05,467,450,451,330,340
2.00,-7.38,2.40,-0.02,0.01,0.17,467,450,451,330,340
2.71,-9.43,3.52,0.22,0.03,-0.24,467,450,451,330,340
3.62,-8.66,3.04,-0.07,0.02,0.01,467,450,451,331,340
3.47,-8.56,3.24,0.05,-0.01,-0.07,466,450,451,331,341
3.35,-8.49,2.95,-0.08,-0.06,0.00,466,450,451,331,341
3.08,-8.33,2.89,0.04,-0.07,-0.07,466,450,451,331,341
2.97,-8.33,2.86,-0.05,-0.05,0.02,466,450,451,331,341
3.36,-8.18,2.63,0.03,-0.04,-0.05,465,450,451,330,341
2.99,-8.47,2.89,-0.04,-0.10,-0.04,465,450,451,330,340
2.96,-8.25,2.48,0.04,-0.04,0.03,465,450,450,330,340
2.84,-8.54,2.99,0.01,-0.02,-0.03,465,450,451,331,340
END
2.53,-8.60,2.69,0.02,-0.01,0.02,455,445,448,331,342
4.69,-8.25,0.24,0.13,-0.05,-0.07,455,445,449,330,342
5.02,-8.81,0.67,0.05,0.01,-0.05,455,445,448,330,342
5.24,-8.26,0.36,-0.05,0.02,-0.02,455,445,448,330,342
4.87,-7.82,-0.11,-0.05,0.01,0.00,455,445,448,330,341
4.11,-8.13,-0.60,0.04,0.03,-0.04,455,445,448,330,342
3.68,-9.13,-1.14,0.03,0.14,-0.02,455,445,448,330,341
3.82,-9.56,-1.66,-0.15,0.28,0.13,455,445,448,330,342
3.83,-9.46,-1.17,-0.12,0.34,0.11,455,445,448,330,341
3.87,-8.26,-1.20,-0.16,0.36,0.11,455,445,448,330,341
4.67,-8.28,-0.07,0.12,0.35,-0.04,455,445,448,330,341
4.85,-7.54,0.64,0.22,0.39,0.08,455,445,448,330,341
4.33,-8.30,2.05,0.36,0.24,-0.15,455,445,448,330,341
2.94,-8.03,1.43,0.06,0.45,0.16,456,445,448,330,341
4.26,-7.95,3.07,0.10,0.29,-0.08,456,445,448,330,341
4.43,-7.81,2.82,-0.10,0.27,0.02,456,445,448,330,341
3.89,-7.80,2.10,0.04,0.24,-0.07,457,445,448,330,341
3.98,-8.67,2.76,0.16,0.22,0.18,457,445,447,331,340
4.25,-8.97,2.38,-0.12,0.13,0.04,458,446,447,332,340
3.11,-8.51,1.40,-0.24,0.12,0.24,459,446,447,332,340
0.81,-7.49,2.64,0.32,0.21,0.01,460,447,447,332,339
1.69,-7.06,4.62,0.29,0.50,-0.21,460,447,447,332,339
5.72,-8.60,4.79,0.12,0.51,-0.44,460,446,447,331,339
4.08,-8.47,3.61,-0.04,0.03,0.16,460,446,447,331,339
1.95,-7.42,3.19,-0.18,-0.25,0.16,460,446,447,331,339
1.19,-8.03,1.87,0.15,0.02,-0.09,460,446,447,331,339
3.40,-9.01,3.13,0.10,0.03,0.04,460,446,447,331,339
2.63,-8.63,2.94,0.04,-0.01,-0.07,460,446,447,332,339
2.67,-8.87,3.00,0.03,-0.03,0.02,460,446,447,332,339
2.51,-8.41,2.51,0.05,0.02,-0.08,460,446,447,331,339
3.41,-8.52,3.09,0.07,0.01,-0.04,460,446,447,331,339
2.84,-8.34,2.53,-0.03,-0.02,0.02,459,446,447,331,339
2.80,-8.39,2.68,-0.00,-0.04,-0.12,459,446,447,331,339
2.94,-8.63,2.73,0.06,-0.01,-0.06,459,446,447,331,339
3.09,-8.59,2.74,0.10,0.03,-0.07,459,446,447,331,339
2.86,-8.55,2.93,0.06,-0.01,-0.01,460,446,447,331,339
END
2.88,-8.36,2.90,0.03,-0.05,-0.01,455,444,445,330,336
5.71,-7.57,0.11,0.04,-0.00,-0.03,455,444,445,330,337
5.74,-7.85,0.14,0.02,-0.01,-0.04,455,444,445,329,337
5.66,-7.74,-0.09,-0.02,-0.01,-0.02,455,444,445,330,336
5.22,-7.54,-0.19,-0.02,0.00,-0.03,455,444,445,330,337
5.08,-8.15,-0.50,0.01,0.05,-0.07,455,444,444,330,337
5.43,-8.87,-0.98,-0.01,0.11,-0.00,456,444,445,330,336
4.82,-9.38,-2.35,-0.11,0.07,0.21,456,444,445,330,336
3.63,-8.20,-2.89,-0.20,0.19,0.31,456,444,445,330,337
4.80,-7.81,-0.86,0.09,0.26,0.08,456,444,445,330,337
4.68,-6.61,-0.92,0.01,0.27,0.10,456,445,445,330,337
5.23,-7.62,0.50,0.15,0.33,-0.01,456,445,445,330,337
5.16,-8.23,1.02,0.11,0.31,-0.06,456,445,445,330,337
4.78,-7.98,0.90,0.14,0.29,-0.10,456,445,445,330,337
4.49,-8.04,1.10,0.03,0.36,0.10,457,445,445,330,337
4.90,-7.65,1.87,0.11,0.22,-0.15,457,445,446,331,337
3.91,-7.53,2.24,0.03,0.37,0.11,457,445,446,331,338
4.37,-7.51,2.47,0.08,0.28,0.13,458,445,447,331,338
5.09,-7.42,2.08,0.04,0.26,0.06,458,445,447,331,338
2.91,-7.93,2.98,0.09,0.25,0.32,459,446,447,331,338
2.20,-7.05,2.90,0.10,0.23,0.12,460,446,448,332,338
5.42,-8.45,4.59,0.24,0.52,0.17,459,445,448,331,337
3.65,-8.99,4.03,0.08,0.39,-0.19,460,446,448,331,337
3.70,-8.47,3.57,0.12,0.06,-0.12,460,446,448,331,337
3.41,-7.92,3.09,-0.01,0.06,-0.05,460,446,448,331,337
4.13,-8.74,3.44,0.09,-0.03,-0.09,460,446,448,331,337
3.09,-8.30,3.14,-0.02,-0.10,0.03,460,446,447,332,337
3.17,-8.36,3.15,0.05,-0.09,-0.06,460,445,447,331,337
2.91,-8.13,2.97,0.03,-0.01,-0.06,460,446,447,331,337
3.42,-8.20,3.16,0.06,-0.02,-0.01,460,445,447,331,337
3.23,-8.06,2.76,0.02,-0.03,-0.05,460,446,447,331,337
3.21,-8.28,3.01,0.04,-0.02,-0.03,460,446,448,331,337
3.63,-8.20,2.89,0.03,-0.04,-0.03,460,446,448,331,337
3.40,-8.23,3.07,0.03,-0.03,-0.06,460,446,447,331,337
3.17,-8.25,2.90,0.05,-0.05,-0.01,460,446,447,331,337
3.24,-8.17,2.69,0.02,-0.04,-0.04,460,446,447,332,337
END
3.00,-8.16,2.93,0.03,-0.03,-0.06,453,443,444,331,339
5.95,-7.52,-0.04,0.06,0.01,-0.06,453,443,444,330,339
5.92,-7.57,0.03,0.04,0.01,-0.04,453,443,444,330,339
5.89,-7.51,-0.18,0.01,-0.03,-0.01,453,443,444,331,339
5.26,-7.83,-0.42,0.03,-0.01,-0.01,453,443,444,330,339
4.77,-8.00,-0.86,0.01,0.00,0.00,454,443,444,331,339
4.11,-7.79,-1.98,-0.05,0.02,-0.05,454,443,445,330,339
4.91,-8.64,-1.46,0.19,0.28,0.08,454,443,444,330,339
5.53,-8.43,-1.01,-0.03,0.20,0.15,454,443,444,331,339
5.54,-8.52,-0.98,0.09,0.24,-0.03,454,444,444,330,338
4.94,-7.83,-0.65,0.02,0.30,0.09,454,443,444,330,339
5.49,-7.59,0.53,0.11,0.27,-0.03,454,444,444,330,339
5.44,-7.27,1.28,0.08,0.32,-0.10,454,443,444,331,339
4.66,-7.37,2.00,0.09,0.37,-0.02,454,444,444,331,339
6.12,-7.44,2.79,0.08,0.29,0.04,454,444,444,330,339
5.65,-7.52,2.22,0.04,0.19,-0.09,455,444,445,331,339
4.26,-7.30,1.83,0.16,0.29,0.03,455,444,445,331,339
4.62,-7.92,2.88,0.15,0.29,0.33,455,444,445,331,339
5.04,-7.95,2.38,0.14,0.32,-0.09,456,444,445,331,339
3.54,-7.45,3.07,0.10,0.26,0.22,456,444,445,331,339
3.28,-7.04,4.09,0.19,0.50,-0.19,457,445,446,331,339
3.33,-5.78,6.52,0.08,0.62,-0.18,458,444,445,330,338
6.08,-8.11,4.82,0.29,0.32,-0.11,457,444,445,330,338
4.04,-7.62,4.07,-0.26,-0.25,0.28,457,445,445,331,338
2.18,-8.11,2.91,0.04,-0.04,0.01,458,445,445,331,338
4.22,-8.04,3.29,-0.04,-0.05,0.03,458,444,445,331,338
3.37,-7.96,3.57,0.03,-0.03,0.05,458,444,445,331,338
3.55,-8.22,3.14,-0.03,-0.06,0.10,458,445,445,331,338
3.02,-7.85,2.96,-0.00,-0.02,-0.04,458,444,445,331,339
3.64,-8.15,3.40,0.01,-0.02,0.03,457,444,445,331,339
3.47,-7.84,2.86,-0.00,-0.01,-0.06,457,444,445,331,339
3.43,-8.26,3.21,0.01,0.03,-0.00,457,444,446,331,339
3.65,-8.20,3.08,0.03,-0.00,-0.07,457,444,445,331,339
3.32,-8.10,3.23,0.00,-0.01,0.07,457,444,445,331,339
3.02,-7.98,2.95,0.05,-0.00,-0.05,457,444,445,331,339
3.07,-8.21,3.12,0.04,0.00,0.00,457,444,445,331,339
END
3.44,-7.98,3.09,0.04,-0.01,-0.05,451,442,443,330,341
5.56,-7.65,0.17,0.03,-0.01,-0.04,451,442,443,330,341
5.69,-7.59,0.25,-0.00,-0.01,-0.02,451,442,443,330,341
5.52,-7.52,0.01,0.03,0.02,-0.03,451,442,443,330,341
5.46,-7.49,0.29,0.05,0.01,-0.03,451,442,443,330,341
4.82,-8.76,-0.29,0.08,0.05,-0.07,451,442,443,330,340
5.05,-8.76,-0.98,-0.10,0.10,0.11,451,442,443,330,340
3.83,-8.82,-2.19,-0.16,0.19,0.19,452,442,443,330,339
5.03,-8.51,-0.99,0.04,0.27,0.07,452,442,443,330,339
4.84,-7.62,-1.79,0.01,0.24,0.09,452,442,443,330,339
6.53,-8.17,1.39,0.44,0.31,-0.04,451,442,443,330,338
5.15,-8.06,0.29,0.06,0.09,0.02,452,442,443,330,339
4.13,-8.03,1.05,0.17,0.22,-0.10,452,443,443,330,339
3.50,-7.73,1.03,-0.04,0.36,0.06,452,443,443,330,339
4.49,-7.11,1.71,0.03,0.35,-0.12,453,443,443,331,339
4.43,-7.54,1.96,-0.03,0.36,0.13,453,443,443,331,340
4.97,-7.78,2.61,0.03,0.44,0.12,453,443,443,331,342
3.44,-7.98,3.69,0.27,0.36,-0.00,454,443,443,330,342
3.15,-7.80,3.82,-0.02,0.32,0.21,455,443,444,330,343
2.86,-7.28,3.23,0.08,0.22,-0.16,456,444,444,331,342
2.58,-7.68,4.80,0.21,0.53,-0.09,457,444,444,331,342
4.39,-7.22,4.07,-0.00,0.51,-0.25,457,444,445,331,341
6.50,-7.31,4.69,0.19,0.19,-0.32,456,444,445,331,341
3.42,-7.47,4.06,-0.25,-0.20,0.19,456,444,445,331,341
3.38,-8.31,3.32,0.21,-0.09,-0.13,456,443,445,331,341
4.47,-8.44,3.37,-0.02,-0.09,-0.03,456,444,445,331,341
3.57,-8.27,3.55,0.04,-0.10,-0.01,456,443,445,331,341
3.61,-8.04,3.17,-0.00,-0.06,0.05,456,443,445,331,341
3.32,-8.15,3.14,0.01,-0.05,-0.01,456,443,445,331,341
3.78,-7.76,2.84,0.01,0.01,-0.02,456,443,444,331,341
3.35,-7.89,2.93,0.04,-0.02,0.03,455,443,445,331,342
3.99,-7.95,3.10,0.04,0.02,0.04,455,443,445,331,341
3.48,-8.17,3.04,-0.02,0.02,0.06,455,443,445,331,342
2.77,-8.15,2.75,-0.03,0.11,0.34,455,443,445,331,342
3.17,-8.25,2.59,0.08,0.07,-0.03,455,443,445,331,342
3.00,-8.74,3.31,0.04,0.01,-0.00,455,443,445,331,341
END
2.94,-8.46,2.91,0.01,-0.01,-0.03,450,441,442,330,339
5.44,-7.85,0.30,0.07,-0.00,-0.04,450,441,442,330,339
5.37,-7.63,0.09,0.07,0.01,-0.04,449,441,442,330,339
5.69,-7.82,0.21,0.07,0.02,-0.01,449,441,442,330,339
5.67,-7.98,0.38,0.05,-0.00,0.01,449,441,442,330,339
5.04,-9.20,-0.11,0.03,0.01,-0.04,450,441,442,330,339
5.20,-9.11,-0.67,-0.12,0.09,0.13,450,441,442,329,339
3.31,-8.24,-1.78,-0.15,-0.00,0.08,450,441,442,330,339
4.03,-8.20,-1.21,-0.08,0.21,0.17,450,441,442,330,339
4.21,-7.99,-0.97,-0.02,0.26,0.02,450,441,442,330,339
4.20,-7.80,-0.24,0.08,0.30,-0.06,450,441,442,330,339
5.64,-8.63,0.62,0.20,0.29,-0.11,450,441,442,330,339
6.58,-8.00,1.53,0.04,0.22,-0.05,450,441,442,330,339
4.50,-7.83,1.11,0.18,0.20,-0.12,451,442,443,330,339
4.47,-7.70,1.12,0.14,0.28,0.10,451,442,443,330,338
4.72,-7.77,0.76,0.05,0.25,0.01,451,443,444,330,338
3.77,-8.00,1.53,0.04,0.33,-0.06,452,443,444,330,338
3.88,-7.27,1.95,-0.05,0.42,0.13,452,443,444,330,338
4.26,-6.98,2.48,0.05,0.34,-0.16,453,443,444,330,338
3.20,-6.62,3.45,0.10,0.31,0.21,454,444,445,331,338
3.68,-6.92,3.37,0.09,0.48,-0.16,455,445,445,331,338
2.53,-8.42,5.37,0.09,0.62,0.04,455,445,445,331,338
6.38,-8.21,4.59,0.09,0.52,-0.38,455,445,445,331,338
6.10,-8.46,4.66,0.01,-0.05,0.09,455,444,445,331,338
3.23,-7.78,2.87,-0.19,-0.24,0.22,455,444,445,331,339
3.60,-8.57,2.75,0.03,-0.08,-0.15,455,444,445,331,338
3.07,-8.54,3.33,0.03,-0.03,0.04,455,444,445,331,339
4.36,-8.46,2.95,0.01,-0.02,0.09,454,444,445,330,339
3.19,-8.31,2.88,-0.07,-0.11,0.16,454,444,445,331,339
2.83,-8.28,2.62,0.02,-0.05,-0.02,454,444,445,330,339
3.09,-8.31,2.83,-0.03,-0.03,0.08,454,444,445,331,339
2.43,-7.92,2.38,0.01,-0.01,-0.03,454,444,445,331,339
3.07,-8.24,2.80,0.01,-0.02,0.05,454,444,445,331,339
3.16,-8.27,2.45,0.04,0.01,-0.04,454,444,445,331,339
3.12,-8.56,2.76,0.01,-0.02,-0.04,454,444,445,331,340
2.86,-8.41,2.74,0.05,0.00,-0.02,454,444,444,331,339
END
3.20,-8.48,2.67,0.01,-0.02,-0.01,449,441,443,330,345
5.25,-8.71,0.14,-0.07,0.13,0.10,449,441,443,330,345
5.30,-8.64,0.04,-0.17,0.14,0.11,449,441,443,330,345
4.73,-8.08,-0.62,-0.24,0.10,0.07,449,441,443,330,345
5.24,-8.40,-0.49,-0.11,0.15,0.02,449,441,443,330,345
4.59,-7.87,-1.36,-0.22,0.15,0.14,449,441,443,330,344
5.25,-8.03,-0.77,-0.06,0.09,0.03,449,441,443,330,344
4.74,-8.07,-0.73,0.02,0.11,0.04,449,441,443,330,344
4.47,-7.61,-1.57,0.00,0.06,0.01,449,441,443,330,344
4.27,-8.22,-0.94,0.25,0.16,-0.10,449,441,443,330,344
4.35,-7.85,-1.13,0.08,0.17,0.06,449,441,443,330,344
3.60,-8.23,-0.81,0.28,0.17,-0.10,449,441,443,330,343
4.49,-8.27,0.01,0.18,0.25,0.02,449,441,443,330,344
4.90,-8.14,0.72,0.23,0.24,-0.06,449,441,443,330,343
3.85,-8.15,0.58,0.22,0.31,-0.01,449,441,443,330,343
3.65,-8.12,1.02,0.11,0.33,0.04,450,441,443,331,344
4.18,-8.05,1.87,0.13,0.31,-0.13,449,441,443,331,343
4.25,-7.14,2.65,-0.12,0.43,0.05,449,441,444,331,343
5.90,-7.80,2.34,0.13,0.30,-0.20,449,441,444,331,342
3.06,-8.36,2.49,0.01,0.32,0.20,450,441,444,331,341
4.60,-7.61,5.23,0.36,0.44,-0.19,450,441,444,331,341
4.23,-7.87,5.59,0.06,0.51,0.27,451,441,444,331,341
5.08,-8.05,3.82,0.19,0.13,0.02,451,441,444,331,341
3.57,-8.03,2.87,-0.04,-0.23,0.03,451,441,444,331,340
1.13,-8.04,2.64,0.07,-0.09,-0.02,452,442,444,331,340
4.52,-8.89,3.50,0.26,-0.01,-0.16,451,441,444,331,340
2.48,-8.68,2.88,-0.07,-0.09,0.06,452,442,444,331,340
3.24,-8.52,3.21,0.13,0.03,-0.05,451,442,444,331,340
3.32,-8.05,2.90,-0.02,-0.01,-0.02,451,442,444,331,340
3.09,-7.93,3.00,0.00,0.02,-0.03,451,442,444,331,340
3.55,-8.07,2.83,0.01,0.01,-0.03,451,441,444,331,340
3.18,-8.08,2.89,-0.03,0.03,-0.04,451,441,444,331,340
3.99,-8.23,2.77,0.03,-0.01,-0.08,450,442,444,331,341
3.55,-8.35,2.73,-0.03,0.01,-0.11,450,442,444,331,341
2.80,-8.05,2.89,0.06,0.03,-0.21,450,441,444,332,341
4.32,-7.96,2.92,0.03,0.02,-0.09,450,441,444,332,341
END
3.80,-7.79,2.84,0.01,0.02,-0.06,447,439,441,330,342
5.53,-7.90,0.72,0.02,0.00,-0.05,447,439,441,330,342
5.28,-7.69,0.29,0.01,-0.02,-0.02,447,439,441,330,342
5.31,-7.72,0.49,0.02,-0.00,-0.02,447,439,441,330,342
5.36,-7.70,0.32,0.02,-0.03,-0.05,447,439,441,330,342
5.10,-7.95,-0.46,0.11,0.02,-0.05,447,439,440,330,343
5.54,-8.68,-0.67,0.08,0.02,0.01,447,438,440,330,342
4.20,-9.36,-1.26,-0.03,0.04,0.14,447,439,440,330,342
3.93,-8.80,-1.36,-0.11,0.20,0.21,448,439,440,330,342
4.54,-8.33,-0.63,0.01,0.33,0.07,448,439,440,330,342
4.62,-8.16,0.17,0.04,0.38,0.05,448,439,440,330,342
4.47,-7.69,0.65,0.22,0.40,-0.03,448,439,441,330,342
4.61,-8.08,1.13,0.12,0.52,0.20,448,439,441,330,342
4.42,-8.33,2.30,0.19,0.30,-0.10,448,439,441,330,342
3.06,-8.20,2.02,0.02,0.49,0.09,448,439,441,330,341
5.38,-7.70,3.53,-0.07,0.47,-0.05,448,439,441,330,341
4.15,-7.34,3.31,-0.13,0.30,-0.21,448,439,441,330,340
3.35,-7.41,3.08,-0.00,0.46,0.13,448,439,441,330,341
4.50,-8.23,3.80,0.10,0.37,0.01,447,439,441,330,341
1.00,-7.47,2.96,-0.08,0.46,-0.01,447,439,441,332,340
3.93,-7.52,5.11,0.03,0.44,-0.12,447,439,441,330,338
3.08,-7.91,4.20,-0.11,0.45,0.14,447,439,442,331,340
4.29,-7.62,4.05,0.07,-0.01,-0.12,448,439,442,331,340
3.01,-7.49,3.19,-0.29,-0.18,0.11,448,440,442,331,340
2.52,-8.39,2.70,0.18,0.00,-0.07,448,439,442,331,341
3.66,-8.56,3.01,0.02,-0.03,0.06,448,440,442,331,340
3.07,-8.64,3.10,0.04,-0.06,-0.05,448,439,442,331,341
3.03,-8.73,3.01,0.02,-0.06,-0.02,448,439,441,331,340
3.19,-8.38,2.49,0.00,-0.01,0.01,448,439,442,331,340
3.18,-8.31,2.63,0.01,-0.03,-0.02,448,439,442,331,341
3.00,-8.33,2.55,-0.02,-0.03,0.09,448,439,441,331,341
3.12,-8.32,2.70,0.04,-0.01,-0.05,448,439,441,331,341
2.85,-8.45,2.60,0.04,-0.01,-0.04,448,439,441,331,341
2.94,-8.52,2.73,0.01,0.00,0.03,448,439,441,331,341
2.95,-8.36,2.75,0.06,-0.02,-0.07,448,439,441,331,341
2.80,-8.51,2.78,0.05,-0.01,-0.06,448,439,441,331,341
END
2.76,-8.46,2.43,0.06,-0.01,-0.09,446,438,442,331,345
5.48,-7.75,0.24,0.04,-0.00,-0.03,446,438,442,330,345
5.42,-7.75,0.50,0.08,-0.05,-0.03,446,438,442,330,345
5.15,-8.14,0.54,0.06,-0.05,-0.04,446,438,442,330,345
5.20,-8.00,0.48,-0.00,-0.05,-0.03,446,438,442,331,345
4.90,-7.93,0.47,-0.02,-0.01,-0.03,446,438,442,330,345
4.97,-7.72,0.06,-0.02,0.03,-0.05,446,438,442,330,345
5.00,-8.63,-0.68,-0.03,0.08,-0.03,446,438,442,331,344
4.82,-8.64,-2.39,-0.09,0.09,0.07,446,438,442,331,344
3.59,-8.58,-2.08,-0.05,0.28,0.33,446,438,442,330,343
4.53,-8.22,-1.34,-0.01,0.22,0.25,446,438,442,331,343
3.63,-8.65,-0.21,0.22,0.29,0.06,446,439,442,331,343
4.53,-8.90,1.56,0.07,0.35,0.17,446,438,441,330,342
3.88,-8.30,1.30,0.13,0.18,-0.19,446,439,441,330,342
4.51,-8.18,1.71,0.04,0.29,0.31,446,438,442,331,342
3.27,-8.21,1.17,-0.00,0.24,0.10,447,439,442,331,342
3.47,-8.22,1.96,0.10,0.26,-0.02,447,439,442,330,342
2.80,-8.22,2.10,0.04,0.19,-0.03,447,439,442,331,342
3.63,-8.79,2.27,0.21,0.25,0.01,448,439,442,331,342
4.15,-8.11,2.79,0.06,0.17,-0.05,448,439,442,331,341
3.32,-8.49,2.18,0.17,0.12,-0.13,448,439,443,331,341
2.83,-8.34,3.01,0.09,0.23,0.22,448,439,443,331,341
3.03,-7.82,3.17,0.09,0.23,-0.41,448,439,443,332,341
3.15,-8.31,3.40,0.01,0.30,0.28,448,439,443,331,341
2.54,-8.49,3.93,0.06,0.36,-0.21,449,439,444,331,341
4.44,-8.36,3.67,-0.01,0.18,-0.14,448,439,444,331,340
3.12,-8.79,3.48,0.01,-0.15,0.06,449,439,444,332,340
1.60,-8.36,2.44,-0.06,-0.14,0.09,449,439,444,332,340
2.60,-8.79,2.20,0.09,-0.02,-0.10,449,439,444,331,340
2.38,-8.76,2.79,0.02,-0.02,0.01,449,439,444,331,340
2.66,-8.54,2.35,0.05,0.01,-0.02,450,439,443,331,340
2.72,-8.68,2.59,0.02,-0.04,-0.06,450,439,443,332,341
2.94,-8.51,2.62,0.01,0.00,0.02,449,439,443,331,340
2.71,-8.53,2.50,0.03,-0.02,-0.06,449,439,443,332,341
2.78,-8.72,2.56,0.06,-0.00,-0.01,450,439,443,331,341
3.12,-8.50,2.52,0.03,-0.05,-0.03,449,439,443,331,341
END
2.33,-8.48,2.40,0.03,-0.05,-0.02,445,438,441,332,340
4.76,-8.01,0.50,0.06,-0.04,-0.06,445,438,441,332,340
4.74,-8.09,0.53,0.06,-0.02,-0.02,445,438,441,332,340
5.00,-8.34,1.06,0.09,-0.03,-0.07,445,438,441,332,340
4.59,-8.23,0.86,0.04,-0.02,-0.03,445,438,441,332,340
4.52,-8.36,0.45,0.02,-0.02,-0.04,445,438,441,332,340
4.77,-8.56,-0.30,0.02,0.02,0.02,445,438,441,332,340
4.76,-9.26,-0.57,0.01,-0.05,0.12,445,438,441,332,340
2.38,-8.18,-2.06,-0.10,0.03,0.16,446,438,441,332,340
4.06,-8.56,0.50,0.19,0.20,0.05,446,438,441,332,340
4.01,-8.64,0.17,0.11,0.26,0.04,446,438,441,332,340
5.18,-8.80,0.52,0.15,0.16,-0.13,446,438,441,332,340
2.86,-8.61,-0.03,-0.04,0.27,0.06,446,438,441,332,340
4.52,-8.05,2.49,0.03,0.23,-0.07,446,438,441,332,341
3.12,-8.00,2.21,0.01,0.31,-0.03,446,438,441,332,340
3.72,-8.29,2.43,0.11,0.29,0.12,446,438,441,332,341
3.32,-8.21,1.20,0.10,0.26,0.06,447,439,441,332,340
3.42,-8.02,2.00,0.15,0.27,-0.01,447,439,441,331,340
3.67,-7.88,2.38,0.09,0.33,-0.05,448,439,442,331,340
1.26,-7.26,2.48,0.18,0.19,-0.41,449,439,442,331,340
3.60,-7.34,4.10,0.04,0.19,-0.09,449,439,442,331,340
3.94,-7.22,3.76,-0.16,0.28,-0.16,450,440,443,331,340
2.67,-8.03,4.89,0.15,0.61,-0.25,450,440,443,331,341
5.99,-8.51,4.62,0.04,0.35,0.04,449,439,443,331,341
5.00,-8.36,3.56,0.24,0.03,0.03,450,439,443,331,341
2.20,-8.28,3.27,0.07,-0.09,0.19,451,440,443,331,342
3.01,-8.37,3.52,0.05,-0.01,0.09,451,440,443,331,342
3.19,-8.27,3.25,0.03,0.07,0.01,450,440,443,331,343
2.98,-8.53,3.52,0.01,0.03,0.09,450,440,443,331,343
2.73,-8.33,3.32,0.01,0.03,0.03,450,440,443,331,344
3.05,-8.39,3.44,0.02,0.02,-0.04,450,440,443,331,344
2.91,-8.26,3.12,-0.01,-0.02,0.01,450,439,443,331,344
3.17,-8.12,3.22,0.02,-0.05,-0.05,450,439,443,331,344
2.77,-8.08,3.22,0.01,-0.03,0.01,450,439,443,331,345
3.02,-8.21,3.15,0.05,-0.04,-0.04,450,439,443,331,345
2.64,-8.40,3.27,0.01,-0.00,-0.02,450,439,443,331,345
END
2.71,-8.36,3.12,0.03,-0.05,-0.01,444,437,440,331,342
5.36,-7.90,2.05,0.04,-0.05,-0.05,444,437,440,331,342
5.05,-7.60,1.50,-0.01,-0.05,-0.00,444,437,440,331,341
4.88,-7.80,1.34,0.00,-0.04,0.01,444,437,440,331,342
4.79,-7.81,1.26,0.03,-0.02,-0.01,444,437,440,331,342
4.48,-8.25,1.21,0.05,0.00,-0.05,444,437,440,331,342
4.85,-8.43,0.92,-0.04,0.03,-0.02,444,437,440,331,341
4.94,-8.97,0.74,-0.06,0.01,0.05,444,437,440,331,341
4.44,-8.57,-0.94,-0.10,0.13,0.29,444,437,440,331,342
3.31,-8.87,-0.47,-0.02,0.13,0.26,445,437,440,331,341
3.60,-9.34,0.54,0.14,0.28,0.08,445,437,441,331,341
3.49,-8.46,0.26,0.11,0.31,0.00,445,437,441,331,341
3.75,-8.28,1.39,0.21,0.24,-0.18,445,437,441,331,341
4.65,-7.72,3.22,0.09,0.35,0.03,445,437,441,331,341
4.43,-7.76,2.33,-0.13,0.24,0.10,445,438,440,331,341
2.57,-7.85,2.86,0.22,0.40,0.01,446,438,441,331,340
3.70,-7.67,4.20,-0.06,0.31,0.10,446,438,440,331,340
3.19,-7.34,3.55,-0.03,0.18,-0.08,447,438,441,331,340
3.58,-8.43,3.52,0.11,0.16,0.09,448,438,441,331,340
3.60,-8.05,2.48,-0.02,0.02,-0.02,449,439,441,332,340
1.97,-7.90,2.87,0.15,0.17,0.02,451,439,441,332,339
2.82,-7.84,3.42,0.08,0.05,0.30,452,440,442,332,339
1.98,-8.85,6.70,0.39,0.63,0.48,453,440,443,332,338
2.28,-8.76,4.63,0.10,0.25,-0.08,455,440,443,332,338
3.28,-7.91,3.98,0.05,0.00,-0.44,455,440,442,332,338
1.82,-7.57,3.82,-0.03,-0.00,0.07,455,440,442,332,338
1.80,-8.54,3.83,0.00,-0.07,-0.14,455,440,442,332,338
1.98,-8.10,3.52,-0.02,-0.05,0.00,454,440,442,331,338
2.10,-8.72,3.68,-0.01,-0.06,-0.08,454,440,442,332,338
2.23,-8.52,3.24,-0.02,-0.01,-0.02,454,440,442,332,338
1.84,-8.58,3.75,-0.00,-0.02,-0.01,454,440,442,331,338
2.57,-8.49,3.52,-0.01,-0.04,-0.04,454,440,442,332,338
2.02,-8.36,3.25,-0.02,-0.03,-0.06,454,440,442,332,339
1.97,-8.25,2.86,-0.01,-0.05,-0.04,454,440,442,331,338
2.18,-8.25,3.17,0.07,0.01,-0.05,454,440,442,332,338
2.13,-8.66,3.42,0.04,-0.02,-0.03,453,439,442,332,339
END
2.34,-8.55,3.12,0.04,-0.03,-0.08,447,438,441,332,339
5.03,-7.86,1.94,0.02,-0.02,-0.04,447,438,441,332,339
4.96,-7.77,1.77,0.02,-0.01,-0.03,447,438,441,332,339
4.93,-7.87,1.77,0.05,-0.01,-0.05,447,438,441,332,339
5.09,-7.69,1.72,0.04,-0.03,-0.03,447,438,441,332,339
4.87,-7.90,1.54,0.04,-0.02,-0.01,447,438,441,332,339
4.90,-8.70,1.49,0.05,-0.02,-0.03,447,438,441,332,339
4.48,-9.39,0.47,-0.00,-0.03,0.06,448,438,441,332,339
4.36,-9.26,0.16,-0.05,-0.07,0.06,448,438,441,332,339
3.88,-8.88,-0.19,0.05,-0.01,-0.04,448,438,441,332,339
4.77,-8.64,0.57,-0.19,0.08,0.09,447,438,441,332,339
2.88,-8.03,-0.81,-0.20,0.24,0.10,448,439,441,332,339
4.26,-7.87,0.52,0.05,0.22,-0.06,447,438,441,332,339
4.98,-7.03,1.18,0.05,0.19,-0.01,447,438,441,332,339
7.90,-7.26,2.74,0.01,0.18,0.10,447,438,441,332,339
2.10,-7.61,1.08,-0.38,0.08,0.33,451,439,442,332,341
5.23,-7.92,1.82,0.14,0.16,-0.03,450,439,442,332,341
4.11,-8.77,2.33,0.12,0.22,-0.10,450,439,442,333,341
3.73,-8.76,2.18,0.01,0.28,0.00,450,439,442,333,341
3.15,-8.08,2.05,0.05,0.23,0.03,451,439,442,333,341
4.71,-7.91,2.78,-0.13,0.11,0.02,451,439,442,333,341
2.93,-7.62,1.65,0.02,0.22,-0.03,452,439,442,333,341
4.82,-7.98,2.06,-0.01,0.19,-0.06,451,439,443,333,341
-0.16,-8.65,4.89,0.34,0.63,0.13,453,439,443,333,339
4.67,-7.95,4.59,0.33,0.72,0.15,452,439,443,333,339
4.27,-8.01,3.83,0.18,0.19,0.02,452,439,443,333,339
2.24,-7.85,3.47,-0.12,-0.13,0.18,452,439,443,333,339
0.75,-8.23,2.78,0.11,0.04,-0.15,453,439,443,333,338
2.88,-8.95,3.22,0.11,0.02,0.08,453,439,443,333,339
2.39,-8.71,3.21,-0.04,-0.06,-0.13,452,439,443,333,339
2.06,-8.56,3.10,0.07,0.01,0.01,452,439,443,333,339
2.94,-8.47,2.85,0.02,0.01,-0.09,452,439,443,333,339
2.38,-8.78,3.24,0.02,-0.02,0.00,452,439,443,333,339
3.01,-8.52,3.04,-0.00,-0.04,-0.05,452,439,443,333,339
2.27,-8.54,2.94,0.00,-0.05,-0.03,452,438,443,333,339
2.58,-8.58,3.30,0.04,-0.01,0.08,452,438,443,332,339
END
1.82,-8.38,2.63,-0.10,-0.01,0.08,447,437,441,331,338
5.18,-7.76,1.36,0.01,-0.01,-0.03,447,437,441,331,338
5.22,-7.82,1.21,0.03,-0.01,-0.03,447,438,441,331,338
5.17,-7.80,1.21,0.01,-0.02,-0.04,447,438,441,331,338
5.03,-7.75,1.36,0.03,-0.02,-0.03,447,437,441,331,339
5.64,-8.15,0.90,0.04,-0.03,0.03,447,437,441,332,338
4.67,-9.60,0.74,0.09,-0.10,0.11,447,438,441,331,338
4.01,-9.44,-0.17,-0.08,0.01,0.25,447,438,441,331,338
4.07,-8.09,-1.21,-0.38,0.15,0.46,447,437,441,331,338
2.57,-8.82,-1.46,-0.16,0.20,0.32,447,437,441,332,339
3.83,-8.47,-0.80,-0.23,0.18,0.17,447,437,441,331,339
1.67,-8.15,-0.80,-0.02,0.29,-0.03,447,437,440,332,339
4.23,-8.82,1.98,0.19,0.33,-0.14,447,437,440,331,339
3.96,-8.51,2.05,-0.06,0.23,0.09,447,437,440,331,339
5.51,-8.61,2.56,0.17,0.02,-0.31,447,437,440,332,339
3.09,-8.61,0.58,-0.30,-0.00,0.22,448,437,440,332,338
2.68,-7.59,-0.52,-0.03,0.02,-0.06,448,437,440,332,339
3.45,-8.16,1.02,0.20,0.20,-0.03,448,437,440,332,339
2.40,-8.61,1.18,0.23,0.22,0.08,448,437,440,332,338
4.62,-9.32,3.65,0.26,0.24,0.03,448,437,440,332,338
2.08,-8.46,1.26,0.05,0.21,-0.22,449,437,440,332,338
2.53,-8.31,2.65,0.09,0.21,-0.14,448,437,440,331,338
1.14,-8.02,2.23,-0.21,0.45,-0.02,448,438,441,331,338
5.66,-8.41,6.55,0.61,0.95,-0.78,447,438,442,331,337
7.72,-8.74,4.34,0.12,0.02,0.23,448,438,441,332,337
2.11,-6.54,2.92,-0.34,-0.30,0.34,448,438,441,331,337
1.20,-8.28,2.17,0.17,0.03,0.09,448,438,441,331,338
3.42,-8.82,2.58,0.03,0.02,-0.04,448,438,441,331,338
3.04,-8.84,2.83,0.05,0.02,-0.07,448,438,440,331,338
2.50,-8.44,2.47,-0.00,-0.04,0.10,448,438,440,331,338
2.96,-8.64,2.56,0.00,-0.02,-0.13,448,438,440,331,338
2.79,-8.37,2.41,-0.04,-0.03,0.10,448,438,440,331,338
2.61,-8.79,2.48,0.02,-0.00,-0.08,448,438,440,331,339
2.96,-8.62,2.66,0.02,-0.03,-0.05,448,438,440,331,338
3.54,-8.51,2.12,0.01,-0.01,-0.02,448,437,440,331,339
2.89,-8.66,2.30,-0.01,-0.05,-0.08,448,437,440,331,339
END
2.86,-8.43,2.40,0.05,0.00,0.00,447,439,442,332,339
5.69,-7.93,-0.19,0.01,0.00,-0.04,447,439,442,332,339
5.40,-7.80,-0.50,-0.02,-0.02,-0.01,447,439,442,332,339
5.47,-7.75,-0.42,0.04,0.00,-0.04,447,439,442,332,338
5.46,-7.77,-0.27,0.03,-0.02,-0.02,447,439,442,332,338
5.30,-7.77,-0.83,0.02,-0.02,-0.05,447,438,442,332,338
5.64,-8.59,-0.70,0.00,0.01,-0.00,447,439,441,332,338
5.59,-9.00,-1.92,0.04,-0.09,-0.01,447,439,441,332,338
5.07,-7.56,-2.94,-0.08,-0.01,0.26,447,439,441,332,338
3.64,-8.52,-1.99,0.21,0.12,0.22,447,439,441,332,338
3.98,-8.28,-1.67,-0.07,0.16,0.21,448,439,442,332,338
3.78,-8.15,-1.67,0.15,0.24,-0.04,448,439,442,332,338
5.84,-8.75,0.83,0.13,0.23,0.02,447,439,441,332,338
5.10,-8.31,0.22,0.10,0.16,-0.09,448,439,442,331,338
5.61,-7.52,0.73,0.21,0.18,-0.16,447,439,441,332,338
4.12,-7.65,0.64,0.08,0.20,0.27,448,439,441,332,338
3.17,-7.82,1.08,0.20,0.33,0.15,448,439,441,332,338
4.60,-7.77,2.38,0.11,0.25,0.10,448,439,441,332,338
2.83,-7.67,1.41,0.22,0.33,-0.03,449,439,441,332,338
3.73,-7.58,2.33,0.04,0.30,0.12,448,439,441,332,338
3.68,-6.93,1.39,0.40,0.32,-0.34,450,440,442,333,338
2.82,-10.17,4.68,0.40,0.58,0.45,451,440,442,333,338
3.39,-8.03,3.80,0.09,0.46,-0.46,453,441,442,333,339
4.24,-8.04,6.40,0.18,0.55,-0.07,453,441,443,333,338
6.60,-6.84,3.98,-0.06,0.22,-0.21,453,441,442,333,338
2.71,-7.11,3.56,-0.09,-0.21,0.21,454,441,443,332,338
1.66,-7.31,2.28,-0.02,-0.10,0.08,454,441,442,332,338
3.40,-8.26,3.44,0.04,-0.06,-0.13,453,440,442,332,338
2.57,-8.51,3.47,0.09,0.03,0.09,453,440,442,332,338
3.57,-8.84,3.43,0.01,0.00,-0.07,453,440,442,332,338
3.24,-8.36,3.21,-0.02,0.02,0.09,453,440,442,332,338
3.17,-8.25,3.38,-0.02,-0.04,-0.06,453,440,442,332,338
3.04,-8.24,3.19,-0.01,-0.04,-0.03,453,440,442,332,338
3.22,-8.03,2.68,0.01,-0.02,0.03,453,440,442,332,339
2.81,-8.13,3.36,0.11,0.00,-0.09,454,441,442,332,339
3.32,-8.11,3.17,0.03,0.00,0.04,455,442,442,332,340
END
3.41,-8.42,3.43,-0.05,-0.07,-0.02,446,438,439,333,342
5.76,-7.59,0.44,0.05,-0.04,-0.06,446,438,439,333,342
5.69,-7.59,0.28,0.02,-0.02,-0.02,446,438,439,333,342
5.61,-7.67,0.65,0.06,-0.01,-0.03,446,438,439,333,342
5.89,-7.80,0.93,0.05,-0.03,-0.05,446,438,439,333,342
5.49,-7.64,0.42,0.01,-0.01,0.03,446,438,439,333,342
5.43,-7.95,-0.60,0.08,-0.00,-0.00,446,438,439,333,342
6.17,-9.32,-0.67,0.11,-0.02,0.13,447,438,440,332,342
3.81,-8.76,-2.53,0.02,-0.05,0.24,447,438,440,332,341
3.89,-8.97,-1.41,0.09,0.18,0.23,447,438,440,332,341
4.52,-7.93,-0.98,-0.09,0.22,0.14,446,438,440,332,341
4.53,-8.03,0.70,0.16,0.21,-0.14,446,438,440,332,341
3.92,-7.72,1.20,-0.05,0.27,0.03,446,438,440,332,341
4.95,-7.69,1.85,0.10,0.29,-0.08,446,438,440,332,341
4.76,-7.18,1.45,0.06,0.28,-0.05,447,438,440,332,341
4.80,-7.16,1.86,0.04,0.28,0.02,447,438,440,332,341
4.27,-7.47,2.30,0.21,0.31,0.05,447,438,440,332,341
5.89,-8.08,3.31,0.08,0.20,0.13,447,438,440,332,340
3.91,-7.98,2.49,0.08,0.24,0.03,448,438,440,332,340
4.19,-8.05,3.24,0.16,0.20,0.11,448,439,440,332,340
1.95,-8.01,2.93,0.06,0.29,-0.07,449,439,440,332,340
3.40,-8.15,3.39,0.04,0.30,0.02,449,439,440,332,340
1.69,-6.83,5.28,-0.22,0.60,0.15,449,438,440,332,340
4.33,-8.14,5.06,0.36,0.80,-0.09,449,438,440,331,340
5.30,-8.23,4.58,0.05,0.15,0.08,449,438,440,332,340
1.71,-7.72,3.47,0.01,-0.06,0.07,449,438,440,332,339
2.76,-8.26,4.01,0.07,-0.08,-0.14,449,438,440,332,339
2.43,-8.60,4.11,0.03,-0.12,-0.00,449,438,440,332,339
2.80,-8.64,3.52,0.01,-0.07,-0.04,449,438,440,332,339
2.81,-8.41,3.59,-0.05,-0.10,-0.08,449,438,440,332,339
2.79,-7.86,3.27,-0.04,-0.06,0.00,449,438,440,332,340
3.37,-8.09,3.29,-0.02,-0.07,-0.03,449,438,440,332,340
2.51,-8.00,3.19,0.01,-0.04,-0.03,449,438,440,332,340
2.83,-8.17,3.22,0.03,-0.01,0.01,449,438,440,332,339
3.29,-8.20,3.30,0.05,-0.01,-0.09,448,438,440,332,340
2.79,-8.16,3.45,0.03,-0.03,0.01,449,438,440,332,341
END
3.14,-8.27,3.44,0.03,-0.07,0.00,444,436,438,331,339
5.69,-7.66,0.33,0.05,-0.01,-0.02,444,436,439,331,339
5.88,-7.98,0.75,0.02,-0.02,-0.03,444,436,438,331,339
5.83,-7.33,0.37,-0.07,-0.02,0.01,444,436,438,331,339
5.41,-7.59,-0.44,0.03,-0.00,-0.02,444,436,438,331,339
5.52,-8.10,0.40,0.04,0.02,-0.03,444,436,438,331,339
5.23,-8.71,-0.16,0.03,0.12,-0.00,444,436,438,331,339
4.50,-8.34,-1.94,-0.14,0.12,0.12,444,436,438,331,339
5.51,-8.69,-0.81,-0.08,0.11,0.12,444,436,438,331,339
3.74,-7.85,-2.23,-0.24,0.11,0.16,444,437,438,331,339
5.10,-7.81,-0.83,0.23,0.33,-0.08,444,437,438,331,339
5.13,-7.52,1.49,0.01,0.27,-0.02,444,437,438,331,339
5.97,-7.42,2.21,-0.07,0.14,-0.01,444,437,438,331,339
5.74,-7.24,1.98,-0.06,0.26,0.01,444,437,439,331,340
5.51,-7.22,1.34,0.06,0.24,-0.05,445,437,439,332,340
4.13,-7.45,1.64,0.19,0.36,0.10,445,437,439,332,339
4.47,-8.05,2.33,0.26,0.15,0.04,446,438,439,332,340
5.93,-8.11,2.20,0.02,0.25,0.11,446,438,439,333,340
3.51,-8.09,2.32,0.13,0.22,-0.06,447,439,438,333,340
4.15,-8.11,2.78,0.10,0.31,0.28,446,439,438,333,339
3.08,-8.06,2.33,-0.12,0.31,0.20,446,439,438,333,339
2.30,-7.86,2.71,0.14,0.34,-0.01,446,439,438,333,339
2.84,-8.38,4.87,-0.17,0.33,0.23,445,439,438,332,338
4.41,-7.32,2.56,-0.24,0.09,-0.12,445,438,438,332,338
2.47,-7.80,2.75,-0.10,-0.17,0.18,445,438,438,332,338
2.09,-8.68,1.96,0.05,0.07,-0.12,445,438,438,332,338
4.36,-9.55,2.99,0.14,0.08,-0.16,445,438,438,332,338
3.74,-8.79,2.05,0.07,-0.02,0.02,445,438,438,332,338
3.39,-8.76,2.22,0.03,0.02,-0.07,445,438,438,332,338
3.24,-8.41,2.37,0.08,0.08,-0.06,445,438,438,332,338
3.41,-8.51,2.41,0.04,0.01,0.01,445,438,438,332,338
3.31,-8.15,2.16,0.05,-0.00,-0.04,444,438,438,331,338
3.02,-8.54,2.48,0.05,-0.02,-0.08,445,438,437,332,338
3.42,-8.55,2.35,-0.07,-0.04,-0.05,445,438,438,332,338
3.36,-8.55,2.13,0.00,-0.03,-0.02,445,438,437,332,338
3.52,-8.41,2.25,0.01,-0.05,-0.05,445,438,437,332,338
END
3.30,-8.41,2.15,0.05,-0.04,-0.03,441,436,437,331,341
5.92,-7.55,0.23,0.01,0.00,-0.04,441,436,437,331,341
5.79,-7.41,0.31,0.04,-0.00,-0.04,441,436,437,331,342
5.51,-7.72,0.77,0.04,-0.01,-0.06,441,436,437,331,341
5.56,-7.62,0.39,0.02,-0.01,-0.05,441,436,437,331,341
5.56,-7.59,-0.22,0.01,0.01,-0.02,441,436,437,331,341
5.57,-8.55,-0.77,0.12,0.01,-0.06,441,436,437,331,341
4.71,-8.40,-1.60,-0.03,-0.02,0.09,441,436,437,331,341
1.95,-7.70,-2.42,0.03,-0.00,-0.09,441,437,437,331,341
5.56,-8.44,0.25,0.03,0.27,0.11,441,437,437,331,341
6.10,-8.06,-0.40,-0.12,0.21,-0.01,441,437,437,331,341
6.58,-8.11,0.22,0.01,0.14,-0.06,441,437,437,331,341
4.69,-7.83,-0.10,-0.05,0.21,0.08,442,437,438,331,341
6.60,-7.62,1.44,0.02,0.23,0.12,441,437,437,331,341
6.01,-7.35,0.48,0.02,0.14,-0.07,442,437,437,331,341
3.53,-7.35,0.53,-0.02,0.21,0.15,442,437,437,332,341
5.44,-7.47,1.10,0.14,0.20,-0.07,442,437,437,331,340
3.19,-7.44,1.71,0.19,0.22,-0.22,442,437,437,331,340
4.62,-7.46,2.99,0.22,0.38,0.04,442,437,437,331,340
4.29,-6.88,2.57,0.02,0.39,0.02,442,437,438,331,340
3.84,-7.49,3.81,0.09,0.48,0.14,442,437,438,331,340
3.20,-7.11,3.85,-0.13,0.62,-0.14,444,438,438,331,339
4.07,-7.14,4.96,0.16,0.62,-0.07,444,438,438,331,339
7.87,-7.58,3.83,0.04,0.05,-0.34,444,437,438,331,339
3.57,-7.50,3.14,-0.09,-0.20,0.43,444,437,438,331,339
3.28,-8.36,2.93,0.20,-0.01,-0.14,444,437,438,331,339
4.80,-8.31,2.89,-0.03,-0.01,0.07,443,437,438,331,339
4.62,-7.95,3.23,0.04,-0.04,-0.03,443,437,438,331,339
3.98,-8.28,3.05,-0.02,-0.03,0.16,443,437,438,331,339
3.88,-7.97,2.55,0.04,-0.05,-0.09,443,437,438,331,339
3.62,-7.84,2.63,0.03,0.03,0.02,443,437,438,331,339
3.78,-8.08,2.72,0.00,-0.01,0.02,443,437,438,331,339
4.32,-8.07,2.83,0.07,0.02,-0.01,443,437,438,331,339
3.74,-7.85,2.74,0.01,-0.00,0.04,443,437,438,331,339
4.02,-7.95,2.89,0.06,0.01,0.02,443,437,438,331,339
3.56,-8.05,2.70,0.02,-0.03,-0.01,443,437,438,331,339
END
4.02,-8.29,2.90,0.04,-0.02,0.01,440,435,436,330,337
5.99,-7.23,0.64,0.04,-0.00,-0.04,440,435,436,330,338
6.27,-7.17,0.37,0.02,-0.02,-0.04,440,435,436,331,338
6.19,-7.03,0.43,0.04,-0.02,-0.04,440,435,436,330,338
6.37,-7.25,0.67,0.05,-0.02,-0.05,440,435,436,330,338
5.80,-7.17,-0.30,0.03,-0.03,-0.04,440,435,436,330,338
5.81,-8.17,-0.12,0.03,0.04,-0.03,440,435,436,330,338
5.17,-8.12,-2.04,-0.03,0.01,0.15,440,435,437,330,338
4.44,-8.23,-1.78,0.05,0.14,0.21,440,436,437,330,338
5.74,-8.61,-0.43,0.10,0.28,0.15,440,436,437,330,338
6.39,-7.71,0.04,0.03,0.23,0.05,440,436,437,330,338
5.19,-8.02,1.16,0.09,0.21,0.01,440,436,437,330,338
4.74,-7.85,1.07,0.00,0.30,0.14,440,436,437,330,338
5.42,-7.64,2.66,-0.02,0.28,0.08,440,436,437,331,338
4.26,-7.80,2.04,-0.04,0.22,0.02,440,436,437,331,338
4.42,-7.24,2.18,-0.00,0.34,0.19,441,436,437,331,338
4.53,-7.12,1.88,0.02,0.22,0.08,441,436,436,331,338
4.11,-7.82,2.41,0.23,0.26,-0.02,441,436,436,331,337
4.39,-8.75,3.50,0.17,0.35,0.07,441,436,436,331,337
4.07,-7.78,2.66,-0.11,0.17,0.03,441,436,437,331,338
2.92,-7.15,2.02,-0.05,0.18,0.02,442,437,437,331,337
1.69,-6.95,2.15,-0.14,0.24,0.42,442,437,437,331,337
1.80,-7.11,3.73,0.21,0.53,0.05,443,436,438,332,337
2.79,-8.46,4.87,0.33,0.55,0.07,443,436,438,332,337
4.09,-8.85,4.52,0.10,0.42,0.06,443,436,438,331,339
2.89,-8.31,3.75,-0.12,-0.08,-0.03,443,436,438,331,340
1.86,-8.46,2.88,0.21,0.14,-0.11,443,437,438,331,341
3.82,-8.96,3.70,0.05,-0.05,-0.09,443,436,438,332,341
2.77,-8.64,3.32,0.02,-0.01,-0.01,443,437,438,332,341
3.20,-8.32,3.17,0.01,-0.03,-0.03,443,437,438,332,341
2.58,-8.35,3.09,0.00,-0.03,-0.04,443,437,438,332,341
2.69,-8.51,3.48,0.02,-0.05,-0.02,443,437,438,332,341
2.71,-8.05,2.99,-0.02,-0.04,-0.03,443,437,438,332,341
2.71,-8.27,3.32,0.03,-0.02,-0.09,442,436,438,332,341
2.80,-8.44,3.01,-0.00,-0.03,0.01,443,436,438,331,341
3.06,-8.41,3.07,0.05,-0.04,-0.04,442,436,438,332,341
END
6.64,-7.02,-0.07,0.04,0.03,-0.04,451,421,453,334,354
5.79,-6.91,-0.14,-0.02,-0.03,-0.06,451,421,453,335,354
6.32,-6.94,-0.38,0.05,0.01,-0.09,451,422,453,333,354
6.63,-6.89,-0.24,0.05,-0.01,-0.05,451,421,453,334,354
6.85,-6.86,0.11,0.04,-0.04,-0.03,451,422,453,334,354
6.56,-6.73,-0.09,0.07,-0.07,-0.01,451,422,453,334,354
5.81,-7.15,-0.34,0.07,-0.04,0.02,451,422,453,334,354
5.86,-8.37,-1.49,0.06,0.03,0.02,451,421,453,333,354
4.94,-8.58,-2.71,0.01,0.07,0.14,450,422,452,334,354
5.06,-8.38,-1.44,0.08,0.31,0.28,451,441,452,334,354
5.66,-7.87,-0.43,0.08,0.36,0.13,450,444,452,334,354
5.83,-7.99,-0.10,0.13,0.31,0.01,450,435,452,334,354
4.61,-7.93,0.35,0.05,0.41,0.07,450,447,452,334,354
5.82,-7.09,1.46,-0.02,0.44,0.00,451,445,453,334,354
4.86,-7.16,1.84,0.03,0.42,-0.08,452,448,453,334,354
4.37,-6.93,2.08,0.01,0.48,0.05,453,447,453,334,354
4.45,-7.31,2.96,0.05,0.38,-0.19,453,446,454,334,354
4.45,-6.73,2.58,-0.02,0.49,0.13,454,441,454,335,354
5.43,-6.90,2.96,-0.28,0.52,0.11,454,427,454,335,354
1.13,-7.15,5.89,0.19,0.73,0.30,456,448,455,334,353
5.80,-7.82,5.13,0.17,0.55,0.11,456,446,455,334,353
4.04,-8.09,5.06,-0.04,0.21,-0.13,456,427,455,334,353
3.95,-7.85,4.14,-0.02,-0.06,0.13,456,431,455,334,353
2.63,-7.85,2.90,-0.04,-0.11,0.04,456,428,455,334,353
3.18,-8.56,3.67,0.07,-0.07,-0.09,455,426,454,334,353
3.19,-8.77,3.34,0.01,-0.07,-0.06,455,430,454,334,353
3.26,-8.28,3.23,0.00,-0.05,0.03,455,433,454,334,353
3.04,-7.71,2.84,-0.00,-0.04,-0.04,455,431,454,334,353
2.91,-7.91,3.01,-0.01,-0.02,-0.02,455,432,454,334,353
3.27,-8.12,3.14,0.04,-0.01,-0.00,455,432,454,334,353
3.22,-8.00,3.09,0.04,0.01,-0.04,455,433,454,334,353
3.49,-8.19,3.37,0.09,0.01,-0.06,455,436,454,334,353
3.27,-8.20,3.17,0.01,-0.03,-0.01,454,437,454,334,353
3.19,-8.34,3.26,0.03,-0.02,-0.02,454,436,454,334,353
3.34,-8.39,3.09,0.01,-0.02,-0.06,454,427,453,334,353
3.52,-8.40,3.38,0.00,-0.02,-0.03,454,425,454,334,353
END
3.21,-8.24,2.87,-0.04,-0.02,-0.00,449,443,449,333,352
5.97,-7.10,1.47,0.03,0.00,-0.07,449,442,449,333,351
5.86,-7.19,1.28,0.04,0.02,-0.08,449,425,449,333,351
6.15,-7.00,1.13,0.05,0.02,-0.04,449,437,449,333,351
6.12,-7.14,1.23,0.04,-0.01,-0.02,449,423,449,333,352
5.99,-7.26,1.03,0.02,-0.01,-0.03,449,432,448,333,351
5.81,-8.19,0.29,0.04,0.02,-0.01,449,435,449,333,351
5.18,-7.78,-0.62,-0.05,0.02,0.09,449,427,448,333,351
5.00,-8.04,-0.07,0.04,0.25,0.30,449,430,448,333,351
4.48,-9.07,0.55,0.08,0.25,0.09,449,434,449,333,351
5.01,-8.80,-0.04,-0.05,0.29,0.12,449,426,449,333,351
5.52,-8.69,1.73,0.02,0.30,0.05,449,433,449,333,351
5.24,-7.98,1.94,-0.10,0.31,0.14,449,433,449,333,351
4.37,-7.21,1.73,-0.02,0.32,0.01,449,431,449,334,352
4.94,-7.34,3.07,-0.04,0.35,0.06,450,441,449,334,352
3.74,-7.47,2.39,0.02,0.34,0.04,450,438,449,334,352
4.26,-7.90,3.22,-0.06,0.37,0.15,450,441,449,334,352
3.62,-7.98,2.12,-0.04,0.37,-0.02,451,440,449,334,352
3.91,-8.17,2.23,-0.03,0.39,0.15,451,442,449,334,352
2.92,-8.36,3.32,0.17,0.45,0.47,452,444,449,334,352
2.09,-8.18,4.27,0.04,0.29,0.22,453,443,449,334,352
1.06,-7.44,3.45,0.11,0.59,0.20,456,443,449,334,352
0.71,-7.62,5.51,-0.02,0.52,0.00,456,440,450,334,351
3.63,-6.90,4.47,0.11,0.35,-0.48,456,445,450,334,351
4.49,-8.83,4.41,0.08,-0.03,0.03,455,437,449,334,351
1.38,-8.00,3.75,-0.41,-0.17,0.34,456,441,450,334,352
1.99,-8.69,3.16,0.09,-0.01,-0.25,455,444,449,334,351
2.51,-9.01,3.51,-0.11,-0.06,0.05,455,427,449,334,351
1.75,-8.51,3.19,0.04,-0.09,-0.12,455,426,449,334,351
1.60,-8.56,2.82,0.00,-0.02,0.01,455,429,449,334,351
1.84,-8.67,3.02,0.07,0.00,-0.09,455,428,449,334,351
2.30,-8.62,2.99,0.00,-0.01,-0.01,455,434,449,333,351
2.20,-8.46,3.15,0.02,-0.04,-0.08,455,429,449,334,351
2.28,-8.39,3.09,0.03,-0.03,-0.02,454,436,449,334,351
2.35,-8.46,3.00,0.04,-0.05,-0.06,454,433,449,334,351
1.72,-8.56,2.99,0.02,-0.05,-0.01,454,432,449,334,351
END
2.10,-8.64,3.41,0.04,-0.06,-0.06,448,432,447,333,350
5.89,-7.26,1.23,0.04,-0.01,-0.04,447,428,447,333,350
5.86,-7.29,1.41,0.03,-0.01,-0.03,448,433,447,333,351
5.80,-7.29,1.35,0.01,-0.01,-0.03,447,441,447,333,350
5.89,-7.21,1.32,0.03,-0.00,-0.03,447,441,447,333,350
5.57,-7.29,1.54,0.04,0.00,-0.03,447,441,447,333,350
5.74,-7.49,1.31,0.03,0.01,-0.04,448,441,447,333,350
5.42,-7.95,0.73,0.02,0.02,-0.03,448,441,447,333,350
5.64,-8.61,0.35,0.03,0.04,-0.00,448,441,447,333,350
4.95,-9.48,-0.94,-0.06,0.10,0.15,448,441,447,333,350
4.31,-9.17,-0.67,-0.14,0.18,0.19,448,441,447,333,350
4.58,-7.62,-0.61,-0.19,0.33,0.23,448,441,447,333,350
5.33,-7.72,1.12,0.13,0.30,-0.07,447,441,447,333,350
5.24,-7.33,2.22,-0.03,0.30,0.16,447,441,447,333,350
5.53,-7.49,2.43,0.09,0.28,0.01,447,441,447,333,350
5.14,-7.82,2.90,-0.06,0.23,0.10,447,441,447,333,350
3.60,-7.56,1.69,0.05,0.26,-0.03,448,441,447,333,350
3.99,-7.76,2.05,0.05,0.30,0.21,448,439,447,334,350
4.80,-7.86,2.10,0.09,0.18,0.01,448,438,447,334,350
2.96,-8.10,1.72,-0.08,0.29,0.12,449,440,447,334,350
3.72,-7.67,2.94,0.08,0.41,0.17,449,437,448,334,350
2.13,-6.50,4.81,-0.09,0.51,0.15,450,440,448,334,349
2.99,-8.20,6.12,0.56,0.54,-0.17,450,440,449,334,348
6.23,-7.61,4.92,-0.05,0.02,-0.29,450,431,448,334,348
2.06,-6.93,3.06,-0.10,-0.10,0.24,450,432,448,333,348
1.90,-7.32,2.56,0.04,-0.06,0.04,450,432,448,334,348
2.63,-8.54,3.75,0.13,0.01,-0.11,450,432,448,334,348
2.86,-8.87,3.55,0.09,-0.02,0.01,450,432,448,334,348
3.50,-8.54,3.22,0.04,-0.09,-0.10,450,433,448,334,348
2.59,-8.42,3.07,-0.02,-0.02,0.08,450,433,448,334,348
3.22,-8.56,3.73,0.04,-0.01,-0.05,450,431,448,334,348
2.79,-8.20,3.19,-0.03,-0.08,0.05,450,440,448,334,348
2.88,-8.26,2.81,-0.01,-0.07,-0.04,451,441,448,334,348
2.51,-7.93,2.73,0.01,0.03,-0.00,451,437,447,334,348
3.07,-8.25,3.22,0.03,0.05,-0.07,451,437,447,334,348
3.19,-8.26,3.14,0.05,0.03,-0.07,451,436,447,334,348
END
2.79,-8.28,2.98,0.04,-0.01,-0.06,443,439,436,332,355
5.53,-7.54,1.02,-0.03,0.04,-0.00,443,439,436,332,355
5.61,-7.10,1.00,-0.04,0.03,-0.05,443,439,437,332,355
5.64,-7.26,0.77,0.01,0.05,-0.07,443,439,437,333,355
6.40,-7.10,1.13,0.05,0.03,-0.01,443,439,437,332,354
6.35,-7.20,1.54,0.17,-0.06,0.09,443,439,437,332,354
4.61,-9.47,0.18,0.17,-0.04,0.03,444,440,437,332,354
4.16,-9.86,-0.15,0.03,0.01,0.05,444,440,438,332,353
3.96,-9.22,-0.95,-0.25,0.16,0.24,444,439,437,332,353
5.92,-9.08,-0.40,-0.01,0.32,0.21,443,440,438,332,352
4.16,-8.36,0.90,0.05,0.32,0.22,444,440,439,333,352
5.56,-8.10,2.10,0.05,0.18,-0.04,445,436,440,333,350
1.94,-7.84,0.44,-0.05,0.26,0.12,446,441,440,333,352
6.26,-7.05,3.47,0.03,0.28,0.05,445,441,440,333,352
4.40,-7.72,2.02,-0.15,0.15,-0.06,446,441,440,333,352
2.23,-7.22,1.23,0.12,0.34,-0.12,447,442,440,333,352
4.50,-7.37,1.90,-0.21,0.38,0.41,447,440,441,334,350
4.64,-8.20,2.29,0.32,0.29,0.21,446,430,443,334,348
3.93,-8.04,3.11,0.05,0.34,0.02,446,433,443,334,347
1.29,-6.95,2.82,0.17,0.51,0.57,447,438,444,334,347
0.45,-6.94,4.44,0.18,0.40,-0.23,448,434,444,334,346
2.76,-7.13,5.80,0.16,0.57,-0.17,448,434,444,334,346
3.20,-7.15,4.31,0.01,0.25,-0.24,449,434,444,333,346
3.70,-8.03,4.26,0.15,0.07,-0.14,448,428,444,334,346
2.40,-8.71,4.08,-0.01,-0.07,-0.04,449,428,444,334,346
3.18,-8.90,3.68,0.13,0.04,-0.02,449,427,444,334,346
3.47,-8.71,3.84,-0.01,-0.05,-0.08,448,434,444,334,346
2.56,-8.48,3.63,-0.02,-0.05,-0.00,449,434,444,334,347
2.98,-8.15,3.35,0.03,-0.01,-0.03,449,435,444,334,347
2.80,-8.15,3.40,-0.05,-0.03,0.03,449,434,444,334,347
2.68,-8.18,3.50,0.04,-0.06,-0.07,449,433,443,333,347
2.73,-8.26,3.35,-0.16,0.06,-0.01,448,432,443,334,347
2.59,-8.14,3.14,-0.09,0.05,-0.02,448,432,443,334,347
2.63,-8.31,3.08,0.07,0.02,-0.06,448,432,443,334,347
2.79,-8.24,3.01,0.08,0.04,-0.04,448,432,443,334,347
3.18,-8.23,2.91,0.08,0.01,-0.04,447,432,443,334,346
END
2.84,-8.41,3.11,0.01,-0.02,-0.03,442,433,441,333,348
5.71,-7.05,1.67,0.01,-0.00,-0.02,442,433,441,334,348
5.84,-7.07,1.29,0.03,-0.01,-0.04,442,434,441,334,348
6.04,-6.97,1.41,0.09,-0.03,-0.10,442,434,441,333,348
6.01,-7.28,1.76,0.04,0.01,-0.02,442,433,441,333,348
5.83,-7.19,1.36,0.03,0.01,-0.04,442,433,442,333,347
6.35,-8.22,1.28,0.03,0.01,0.01,442,434,441,333,347
5.28,-8.74,-0.29,-0.06,-0.02,0.16,442,434,441,333,347
4.31,-8.88,-0.42,-0.04,0.12,0.23,442,434,441,333,347
5.32,-8.36,-0.18,-0.05,0.16,0.09,442,436,441,333,347
5.67,-7.60,0.60,0.12,0.24,-0.04,442,437,441,333,347
6.52,-7.69,2.27,0.04,0.19,0.02,442,437,441,333,347
5.22,-7.53,2.19,-0.04,0.25,0.17,443,438,441,333,347
5.49,-7.37,2.22,-0.07,0.22,-0.02,443,438,441,333,347
3.83,-7.28,2.16,0.03,0.23,-0.09,443,438,441,333,347
3.45,-7.26,2.81,0.02,0.42,0.24,444,434,441,333,348
6.53,-7.24,4.55,0.17,0.27,-0.03,443,421,441,333,349
3.58,-7.26,3.26,-0.02,0.31,0.13,444,407,441,333,349
5.46,-7.80,4.34,0.10,0.21,0.02,444,407,441,333,350
3.57,-7.89,3.05,-0.14,0.12,-0.15,445,423,442,333,349
4.35,-7.29,2.27,-0.10,0.18,-0.17,445,423,443,333,350
2.79,-7.41,2.45,-0.27,0.20,-0.07,446,426,443,333,349
2.48,-7.18,3.60,0.01,0.42,0.15,447,425,444,333,348
2.90,-8.53,5.98,0.23,0.47,0.12,449,424,444,333,348
5.89,-7.42,4.16,-0.05,0.02,-0.10,449,435,444,333,348
2.63,-7.47,3.88,-0.27,-0.09,0.42,449,435,444,333,348
2.78,-8.27,2.60,0.18,0.00,-0.02,449,429,443,333,348
3.78,-8.87,3.51,-0.17,-0.04,-0.04,448,431,443,333,348
2.76,-8.43,3.19,0.02,-0.02,0.02,448,430,443,333,348
2.96,-8.72,3.01,-0.09,-0.05,0.07,448,435,443,333,349
2.29,-8.33,2.56,0.09,-0.03,-0.10,448,435,443,333,348
2.75,-8.31,2.72,-0.05,-0.00,0.01,448,435,443,333,348
2.23,-8.26,2.50,0.13,0.03,-0.07,448,435,443,334,348
3.33,-8.37,2.90,0.03,0.04,-0.04,447,434,443,333,348
2.99,-8.22,2.99,0.07,0.04,-0.06,448,421,443,333,348
3.21,-8.52,3.17,0.00,0.03,0.00,447,422,443,334,348
END
3.00,-8.64,3.04,0.05,0.01,-0.06,443,437,440,333,349
5.64,-7.25,0.05,-0.04,-0.03,-0.04,442,437,440,333,349
5.99,-7.39,-0.04,0.07,-0.00,-0.07,443,437,440,333,349
6.09,-7.51,0.28,0.08,-0.02,-0.04,442,436,440,333,349
5.92,-7.72,0.27,0.06,-0.05,-0.06,442,436,440,333,349
5.79,-7.57,0.37,0.02,-0.02,-0.03,442,436,440,333,349
5.28,-8.48,0.17,0.02,0.02,-0.07,442,437,440,333,349
5.46,-8.99,-1.36,0.01,0.10,0.02,442,437,440,333,349
4.70,-8.54,-2.18,-0.15,0.04,0.26,443,437,440,333,349
4.93,-8.39,-1.50,-0.04,0.08,0.17,442,437,440,333,349
4.40,-8.86,0.55,-0.28,0.14,0.27,442,437,440,333,349
5.33,-7.96,-0.41,0.01,0.07,-0.08,442,437,440,333,349
5.39,-7.52,-0.59,0.01,0.20,0.12,442,437,440,333,349
4.95,-7.53,-0.85,0.11,0.16,0.02,442,437,440,334,349
3.96,-7.62,-0.65,0.17,0.20,-0.04,443,437,440,334,349
5.46,-7.91,1.61,-0.25,0.13,0.18,443,437,440,334,349
4.24,-7.78,-0.01,-0.19,0.03,-0.02,444,424,440,334,350
3.62,-8.45,0.23,0.04,0.29,0.23,444,437,440,334,350
4.98,-8.72,1.00,0.02,0.29,-0.06,444,435,441,334,350
2.82,-8.13,0.70,0.01,0.41,0.09,445,435,441,335,350
4.47,-8.25,1.63,0.06,0.37,0.14,445,430,441,335,350
2.53,-7.75,1.36,-0.10,0.36,-0.05,445,435,441,335,353
2.71,-6.88,0.94,0.18,0.30,-0.05,446,438,442,335,354
2.39,-8.89,4.83,0.31,0.89,0.25,446,438,443,335,354
6.75,-8.20,3.42,-0.06,0.34,-0.16,446,439,444,335,354
4.45,-8.23,2.84,0.10,-0.13,0.12,446,437,443,335,353
1.52,-8.24,1.54,0.16,-0.08,0.01,448,434,443,335,354
3.93,-9.14,2.43,0.20,-0.04,-0.21,448,438,443,335,354
3.50,-8.65,2.25,0.05,-0.07,-0.02,448,437,443,335,354
3.35,-8.99,2.48,0.09,-0.02,-0.02,448,439,443,335,354
3.13,-8.33,1.73,0.03,0.04,-0.08,448,439,443,335,354
3.68,-8.56,2.35,0.06,0.05,-0.00,448,439,443,335,355
3.68,-8.51,2.23,0.07,0.01,-0.05,448,439,442,335,354
3.32,-8.26,2.19,-0.09,-0.04,0.01,447,439,442,335,354
3.04,-8.38,2.08,0.08,-0.01,-0.09,447,430,442,335,354
3.54,-8.26,1.99,0.03,0.02,-0.08,447,434,442,335,354
END
3.19,-8.19,2.53,0.11,0.01,-0.08,439,432,441,333,354
5.20,-7.77,0.42,0.06,-0.05,0.02,439,433,442,334,354
5.41,-7.64,0.60,0.06,-0.04,-0.01,439,432,441,334,354
5.43,-7.65,0.73,0.05,-0.05,-0.06,439,434,441,334,354
5.37,-7.71,0.38,0.04,-0.02,0.01,439,435,441,334,353
5.40,-7.69,0.47,0.07,-0.01,-0.03,439,435,441,334,353
5.62,-7.80,0.52,0.05,0.00,-0.02,439,434,441,334,353
5.18,-7.94,0.01,0.04,-0.01,-0.02,438,435,441,333,353
5.13,-9.30,-0.32,0.07,0.02,0.02,439,435,441,334,353
4.33,-10.34,-1.49,0.08,0.07,0.14,439,435,441,334,353
3.37,-9.46,-2.25,-0.01,0.20,0.24,439,435,441,334,353
5.08,-8.57,-1.01,-0.08,0.29,0.19,439,435,441,334,352
4.46,-7.81,-0.57,0.01,0.21,-0.06,439,435,441,334,352
4.76,-7.54,1.60,0.05,0.29,0.07,439,435,441,334,352
4.31,-7.51,0.99,0.13,0.34,0.00,439,435,441,334,351
4.69,-7.97,2.42,0.07,0.25,0.06,439,435,441,334,351
4.48,-7.75,2.66,0.09,0.25,-0.12,440,436,442,334,351
4.32,-7.52,1.71,0.01,0.26,-0.04,440,436,442,334,351
3.40,-7.61,2.50,0.12,0.25,0.15,441,436,442,334,351
5.10,-7.60,2.09,0.05,0.16,-0.18,441,437,442,334,351
2.22,-8.01,2.29,0.17,0.25,0.17,443,429,442,334,350
5.28,-8.38,3.42,0.17,0.29,-0.02,443,423,442,334,348
1.85,-7.02,3.12,-0.12,0.35,0.02,446,439,442,334,348
2.86,-6.29,4.86,0.24,0.52,-0.35,446,439,443,334,347
5.58,-8.47,5.39,0.36,0.50,0.02,445,438,443,334,346
4.69,-8.18,3.92,-0.02,0.04,0.15,445,436,443,334,346
2.68,-8.28,4.11,-0.10,-0.17,0.16,445,438,443,334,346
2.30,-8.13,2.97,0.01,-0.03,0.03,446,437,443,334,346
3.22,-8.49,3.42,0.07,0.04,-0.02,445,437,443,334,347
2.84,-8.23,3.60,-0.03,-0.01,0.00,445,437,442,334,347
2.68,-8.53,3.59,0.05,-0.02,0.01,445,437,442,334,347
3.07,-8.28,3.12,0.01,-0.01,-0.02,445,437,442,334,347
3.12,-8.05,3.04,0.01,0.01,-0.04,446,438,442,334,348
3.14,-8.15,3.21,-0.03,-0.02,0.01,446,436,442,334,349
3.13,-8.26,3.04,-0.02,-0.02,-0.03,447,437,442,334,349
3.02,-8.28,3.12,0.01,-0.02,-0.02,447,430,442,334,349
END
2.63,-8.34,3.51,0.02,0.00,0.00,444,436,438,333,341
4.87,-8.11,1.16,0.04,-0.02,-0.02,443,436,438,334,341
5.27,-7.99,1.19,-0.00,-0.02,-0.03,443,436,438,334,342
4.92,-7.97,1.41,0.02,-0.00,-0.02,443,436,438,333,341
4.82,-7.82,0.77,-0.02,-0.02,0.04,443,436,438,333,342
5.14,-7.70,0.52,0.03,0.01,-0.01,444,436,438,333,343
5.26,-7.91,1.13,0.08,-0.01,-0.08,443,436,439,334,343
4.94,-7.88,0.41,0.06,-0.01,-0.06,444,436,439,333,343
4.97,-8.17,1.30,0.06,0.01,-0.02,443,436,439,333,343
4.29,-8.27,0.41,0.02,0.00,-0.01,444,436,439,334,344
5.41,-8.66,0.34,0.03,0.05,-0.03,444,436,439,333,344
4.57,-9.66,-0.58,0.04,-0.03,0.10,444,436,439,334,344
3.08,-9.39,-1.71,-0.01,0.09,0.14,444,436,439,334,343
3.53,-8.65,-1.06,-0.09,0.25,0.18,444,436,439,334,343
4.80,-8.14,0.98,0.07,0.38,0.04,444,436,439,333,343
5.38,-8.00,1.74,-0.02,0.31,0.15,444,436,439,333,343
4.64,-8.33,1.58,0.10,0.24,0.03,444,438,439,334,343
3.70,-8.20,0.26,-0.09,0.22,0.26,444,426,440,334,344
4.05,-8.24,2.00,0.12,0.16,0.06,444,417,440,334,344
4.05,-8.13,2.28,0.14,0.19,-0.01,445,414,441,334,345
2.48,-8.10,1.25,0.16,0.31,0.04,446,430,442,334,346
2.35,-8.02,2.46,0.18,0.31,-0.08,447,439,442,334,346
3.00,-7.13,2.95,-0.12,0.23,-0.10,446,441,442,334,346
1.51,-7.75,2.68,-0.09,0.31,-0.07,447,433,442,334,345
2.73,-8.50,2.84,-0.37,0.37,0.13,446,420,442,334,345
2.66,-8.11,4.06,0.04,0.41,-0.01,447,430,442,334,344
4.02,-8.28,4.93,0.10,0.39,0.03,447,434,442,333,343
3.13,-8.62,4.38,0.22,0.16,0.19,448,436,442,333,343
1.54,-7.98,2.28,-0.19,-0.14,0.19,448,433,442,333,343
1.26,-8.59,3.04,0.08,-0.00,-0.10,449,440,441,333,343
2.86,-8.28,2.58,0.12,0.00,-0.12,448,425,441,333,343
2.04,-8.61,3.40,0.06,-0.02,-0.05,449,437,442,334,343
2.10,-8.84,3.03,0.08,0.01,-0.06,448,431,442,333,343
2.59,-8.99,3.10,0.04,-0.02,-0.07,448,438,441,333,344
2.28,-8.66,2.70,-0.02,-0.01,0.01,448,440,441,333,344
2.27,-8.76,2.82,0.04,-0.02,-0.03,448,441,442,334,344
END
2.91,-8.66,2.99,0.02,-0.02,-0.04,441,410,440,333,344
5.09,-7.96,0.07,0.02,-0.00,-0.05,441,410,440,333,344
5.23,-8.06,0.04,-0.02,-0.02,-0.03,441,421,440,333,344
5.09,-7.87,-0.37,0.04,-0.02,-0.05,441,409,440,333,344
5.01,-8.04,0.24,0.03,-0.02,-0.06,441,410,440,333,344
4.94,-8.07,0.10,0.04,-0.02,-0.07,442,410,440,333,344
4.65,-8.15,-0.20,0.05,-0.01,-0.05,441,408,440,333,344
4.37,-8.69,-0.91,0.06,0.05,-0.02,442,407,440,333,344
4.42,-8.76,-1.77,-0.01,0.10,0.09,442,406,441,333,344
2.83,-8.38,-2.64,0.05,0.20,0.24,442,409,441,333,344
4.78,-9.09,-0.05,0.09,0.28,0.21,442,410,440,333,343
3.66,-8.74,-0.19,0.09,0.33,0.06,442,408,440,333,344
5.60,-8.92,1.43,0.12,0.26,-0.09,442,419,440,333,344
3.45,-8.78,1.06,-0.06,0.26,0.03,442,409,441,333,343
5.16,-8.21,2.07,-0.00,0.21,-0.02,442,413,441,333,343
3.42,-7.74,0.58,-0.00,0.15,-0.08,443,422,441,333,343
4.15,-8.04,2.09,0.15,0.27,0.08,442,432,441,333,344
4.87,-8.14,2.15,0.16,0.20,-0.13,442,417,441,333,343
4.39,-8.05,2.23,0.14,0.23,0.00,443,410,441,333,343
3.33,-8.02,2.09,0.12,0.26,-0.03,443,432,441,333,343
3.22,-7.73,2.05,-0.01,0.21,0.09,444,418,441,334,343
3.73,-8.25,1.93,0.38,0.12,-0.30,444,428,441,334,343
1.54,-7.47,2.30,0.22,0.47,0.27,447,440,442,334,345
2.90,-6.55,4.07,0.08,0.32,-0.16,448,426,442,334,345
3.06,-7.18,6.74,0.17,0.58,-0.03,448,407,442,334,345
6.30,-7.75,4.45,0.02,0.26,-0.30,448,434,442,333,345
4.39,-7.95,4.65,0.01,-0.09,0.16,448,431,442,334,345
1.42,-7.96,2.91,-0.19,-0.07,0.23,449,435,442,334,345
3.52,-8.92,3.57,0.10,-0.01,-0.07,448,437,442,333,346
3.05,-8.62,3.56,-0.06,0.00,0.06,448,435,442,333,345
2.87,-8.59,3.32,0.06,-0.06,-0.04,448,433,442,334,345
2.65,-8.44,3.08,-0.10,-0.07,-0.01,448,429,442,334,346
3.16,-8.22,2.94,0.03,-0.05,-0.06,448,428,442,334,345
2.38,-8.41,3.40,-0.02,-0.04,0.03,447,426,441,334,345
2.96,-7.93,2.48,0.01,-0.05,-0.06,447,426,441,334,345
2.79,-8.28,3.04,0.02,-0.02,-0.04,447,428,441,333,345
END
2.56,-8.31,3.07,0.05,0.00,0.03,441,425,438,333,348
5.50,-7.72,0.32,-0.00,0.01,-0.01,441,422,438,333,348
5.10,-7.82,0.19,0.00,0.02,-0.03,441,424,438,333,348
5.55,-7.57,-0.02,-0.07,0.06,-0.02,441,424,438,333,348
5.61,-8.26,0.06,0.03,0.11,0.01,441,436,438,333,348
4.31,-9.12,-0.66,-0.01,0.11,0.08,441,438,438,333,348
4.34,-8.88,-2.16,-0.09,0.18,0.22,441,438,438,333,347
2.41,-8.58,-2.89,-0.05,0.31,0.22,441,400,438,333,347
3.91,-7.87,-0.83,0.05,0.36,0.09,441,399,438,333,347
4.57,-7.76,0.47,0.06,0.45,0.07,441,398,438,333,346
5.15,-7.29,1.75,0.02,0.47,0.05,441,396,438,333,345
3.12,-7.72,1.26,-0.02,0.54,0.28,441,426,439,333,345
4.71,-8.59,3.06,0.35,0.43,-0.13,442,430,439,333,344
4.31,-8.84,3.13,0.14,0.34,-0.04,441,419,439,333,344
4.05,-8.58,2.71,0.15,0.30,-0.04,442,417,439,333,344
5.37,-8.33,2.71,-0.08,0.28,0.20,441,416,439,333,343
3.95,-8.51,3.00,0.10,0.35,0.20,441,416,439,333,343
1.67,-8.19,2.53,-0.03,0.23,0.03,442,418,440,334,343
2.29,-8.38,3.76,0.12,0.20,0.16,442,425,440,333,343
1.72,-8.43,2.79,-0.31,0.18,-0.18,442,426,440,333,343
0.37,-6.75,3.51,-0.04,0.31,0.09,443,423,440,333,343
6.73,-8.64,7.01,0.37,0.51,-0.32,443,428,441,333,342
5.04,-8.66,3.90,-0.14,0.18,0.30,443,407,440,333,341
0.92,-8.24,2.88,-0.25,-0.28,-0.03,444,416,441,333,342
1.62,-8.46,1.94,-0.12,-0.16,-0.13,444,425,440,333,342
2.34,-8.79,2.70,-0.07,-0.07,-0.19,443,437,440,333,343
1.50,-8.81,1.82,-0.07,-0.14,0.08,444,431,440,333,343
2.05,-8.90,1.64,-0.00,-0.05,-0.08,444,434,440,333,343
2.35,-8.96,1.92,0.04,-0.03,-0.07,444,432,440,333,343
2.56,-8.76,1.87,0.03,-0.01,-0.04,443,432,440,333,343
2.30,-8.80,1.87,0.03,-0.01,0.01,443,435,440,333,343
2.56,-8.81,2.15,-0.01,-0.02,-0.10,443,434,440,333,342
2.57,-8.68,1.72,0.01,-0.04,-0.02,443,431,440,334,343
2.86,-8.81,1.87,-0.03,-0.02,-0.07,443,431,440,333,343
2.39,-8.90,1.84,0.03,-0.04,-0.06,443,429,440,333,343
2.84,-8.65,2.03,0.12,-0.00,0.02,443,431,440,333,343
END
2.24,-8.83,1.87,-0.01,-0.11,-0.12,441,434,440,333,350
4.31,-8.08,-0.17,0.11,-0.01,-0.03,441,434,440,333,351
4.59,-8.04,0.24,0.05,-0.02,-0.03,441,433,440,333,351
5.23,-8.06,0.39,0.07,-0.05,-0.15,441,434,440,333,351
4.52,-8.18,-0.04,0.01,-0.01,-0.10,441,434,440,333,350
5.11,-8.56,-0.42,0.03,0.02,-0.05,441,433,440,333,350
4.56,-9.48,-0.42,0.05,0.02,-0.05,441,435,440,333,350
3.55,-9.34,-2.00,-0.01,0.10,0.08,441,435,440,333,349
4.63,-8.74,-1.06,-0.17,0.21,0.20,441,434,440,333,349
3.37,-8.38,-0.95,-0.03,0.30,0.02,441,435,440,333,349
4.58,-7.47,-0.11,-0.07,0.36,0.08,441,435,440,333,349
5.65,-7.86,1.24,0.22,0.24,-0.18,441,434,440,333,349
4.52,-8.27,1.27,0.04,0.24,0.09,441,434,440,333,349
4.80,-8.51,1.70,0.11,0.25,-0.07,441,434,440,333,349
5.51,-8.30,1.36,0.04,0.12,-0.07,441,435,440,333,349
3.18,-7.84,0.66,0.25,0.21,-0.04,442,436,440,332,349
4.69,-8.31,2.39,0.14,0.27,0.37,442,436,440,333,348
4.47,-8.38,2.07,0.27,0.15,-0.32,442,434,440,333,348
4.01,-7.89,3.88,-0.07,0.27,0.20,442,435,440,333,347
4.80,-6.91,2.28,0.05,0.15,-0.47,442,435,440,333,346
2.74,-6.69,3.45,0.02,0.29,0.17,442,433,441,333,345
2.03,-6.21,4.05,-0.35,0.23,-0.10,442,437,442,333,344
2.38,-7.90,4.49,0.06,0.62,-0.10,442,436,442,333,343
7.67,-8.48,3.50,0.03,0.23,-0.14,442,434,442,333,343
3.78,-9.02,3.36,0.02,-0.11,0.24,442,434,442,333,343
1.87,-8.98,2.53,0.08,-0.06,0.11,442,434,442,333,342
3.79,-9.25,2.64,0.05,0.01,0.00,442,434,441,333,343
3.07,-8.54,2.68,-0.03,-0.02,0.04,442,423,441,333,343
3.21,-8.49,2.25,-0.00,-0.02,0.21,442,425,441,333,343
3.59,-8.38,2.18,-0.10,-0.02,0.15,442,432,441,333,343
1.76,-8.39,2.42,0.03,0.02,-0.06,442,432,441,333,343
2.64,-8.36,2.11,0.02,0.01,-0.00,442,421,441,333,343
2.84,-8.35,2.42,0.06,0.03,-0.06,442,422,441,333,343
2.81,-8.53,2.35,0.05,0.05,0.15,442,428,441,333,343
2.63,-8.70,2.68,0.15,0.05,-0.04,442,420,441,333,344
2.71,-8.54,2.93,0.06,-0.01,-0.01,442,418,441,333,343
END
2.53,-8.71,2.89,0.03,-0.05,-0.01,439,433,439,333,343
4.98,-8.63,1.75,-0.05,0.00,-0.02,439,433,440,333,344
5.10,-7.80,1.42,-0.10,-0.02,0.01,439,435,440,333,343
4.18,-8.16,1.44,-0.07,0.02,-0.05,439,435,440,333,344
4.68,-7.76,1.56,-0.09,0.07,-0.10,439,434,439,333,344
4.84,-8.00,0.90,-0.13,0.10,0.01,440,434,440,333,344
5.26,-8.76,-0.32,-0.03,0.03,0.03,440,434,440,334,344
4.02,-9.24,-0.68,-0.12,0.04,0.23,440,434,440,333,344
3.78,-8.13,-0.91,-0.14,0.08,0.20,440,433,440,333,344
3.32,-7.93,-0.29,0.12,0.28,0.09,440,430,441,333,344
5.18,-8.38,1.65,0.14,0.21,-0.02,440,426,440,333,344
4.75,-8.20,1.56,0.05,0.19,-0.00,440,427,440,333,344
4.88,-8.35,2.60,0.08,0.13,-0.11,440,425,440,333,344
4.34,-7.98,2.63,-0.01,0.20,0.02,440,425,440,333,344
4.32,-7.85,2.91,0.02,0.11,-0.11,440,426,440,333,344
2.90,-7.62,2.09,0.07,0.13,0.06,441,425,440,333,344
4.18,-7.55,2.86,0.05,0.09,0.15,440,425,440,333,344
3.30,-7.87,1.56,0.17,0.07,-0.03,441,425,440,333,343
3.37,-7.93,1.95,0.20,0.14,0.11,441,426,440,333,343
2.91,-8.30,2.13,0.31,0.17,0.00,441,427,440,333,343
2.89,-8.17,2.26,0.19,0.19,-0.13,442,429,440,333,343
2.00,-8.13,2.75,-0.02,0.30,0.33,442,428,440,333,343
1.02,-8.25,3.79,-0.07,0.37,0.22,442,428,440,333,343
3.23,-8.47,5.20,0.08,0.66,-0.30,442,430,441,333,342
3.08,-8.62,5.02,-0.09,0.33,0.16,442,429,440,333,342
3.06,-8.16,3.75,-0.07,0.08,0.21,442,428,440,333,342
0.75,-8.46,3.52,0.00,-0.03,0.18,442,426,440,333,342
1.89,-8.74,3.04,0.10,0.03,-0.06,443,425,440,333,342
2.25,-8.64,3.26,0.04,-0.02,-0.10,442,427,440,333,342
1.69,-8.74,3.30,0.06,-0.01,-0.01,443,428,440,333,342
2.39,-8.56,3.17,-0.04,-0.05,-0.10,442,428,440,333,342
2.01,-8.31,3.05,0.00,-0.04,-0.07,442,428,440,333,342
2.12,-8.66,3.02,0.03,-0.04,0.04,442,429,440,332,342
2.00,-8.61,3.09,0.04,-0.01,-0.05,442,429,440,333,342
1.91,-8.37,3.05,0.07,-0.01,-0.04,442,428,440,333,342
1.97,-8.55,3.22,0.02,-0.01,-0.01,442,427,440,333,342
END
1.67,-8.71,3.06,0.01,-0.03,-0.01,435,434,437,334,339
4.24,-8.04,0.88,0.01,0.00,-0.05,435,434,437,334,339
4.61,-8.00,0.86,0.08,0.01,-0.09,435,433,437,334,339
4.67,-8.35,1.25,0.06,-0.00,-0.08,435,433,437,334,339
4.90,-8.32,1.34,0.03,0.02,-0.06,435,432,437,333,339
4.13,-8.56,0.88,0.02,0.03,-0.07,435,432,437,333,339
3.95,-9.63,-0.78,0.06,0.06,0.00,435,429,437,333,339
4.03,-9.68,-1.79,-0.14,0.09,0.17,436,429,437,333,339
4.35,-8.81,-0.29,-0.03,0.19,0.08,435,432,437,333,339
4.27,-7.84,-0.19,-0.23,0.20,0.19,435,432,437,333,339
4.34,-7.95,0.57,0.12,0.27,-0.01,435,433,437,333,339
4.59,-8.41,1.39,-0.05,0.28,0.11,435,435,437,333,339
4.55,-7.93,1.13,-0.39,0.15,-0.03,434,434,438,333,338
3.40,-7.84,0.93,-0.11,0.24,-0.08,434,433,438,333,337
4.36,-7.92,1.70,-0.11,0.25,-0.03,434,434,438,333,336
4.18,-8.36,2.27,0.11,0.25,0.03,434,434,438,333,336
3.71,-8.31,2.12,0.19,0.19,0.10,434,434,438,333,336
2.78,-8.88,2.22,0.19,0.21,0.09,433,434,437,333,336
3.50,-8.70,2.15,-0.04,0.22,-0.04,433,434,438,333,335
2.13,-7.93,0.95,-0.29,0.03,-0.06,432,433,439,334,335
3.27,-7.82,1.61,0.16,0.29,0.13,432,429,439,334,334
2.49,-10.01,3.78,0.35,0.33,0.16,432,423,440,334,333
5.53,-9.30,5.02,0.45,0.73,-0.37,432,424,441,334,333
3.57,-7.90,3.85,-0.19,-0.22,0.27,432,423,441,334,333
0.81,-7.72,1.81,0.06,-0.05,0.10,433,422,440,334,334
2.36,-9.31,2.85,0.23,0.08,-0.16,433,419,440,334,334
2.51,-8.87,2.78,0.04,-0.02,0.06,433,418,440,334,334
2.81,-9.01,2.35,-0.10,-0.10,-0.08,433,418,440,334,334
2.57,-8.59,1.90,-0.16,-0.16,0.05,432,417,440,334,334
3.07,-8.44,1.95,-0.01,-0.03,-0.11,432,418,440,334,334
2.62,-8.97,2.01,-0.01,-0.04,-0.05,432,418,440,334,335
3.32,-8.53,1.64,0.06,-0.00,-0.04,432,418,440,334,335
2.91,-8.37,1.49,0.02,-0.03,-0.13,432,418,440,334,334
2.32,-8.85,2.05,0.04,-0.00,0.01,432,418,440,334,335
2.76,-8.84,2.30,0.05,-0.01,-0.06,432,419,440,334,335
2.81,-9.10,2.27,0.01,-0.02,-0.03,432,414,440,334,334
END
2.55,-8.74,2.15,-0.03,-0.02,-0.02,439,430,439,334,339
4.62,-7.69,-0.71,-0.01,0.00,-0.03,439,429,439,334,339
4.96,-8.15,-0.20,0.07,0.04,-0.06,439,430,439,333,338
5.37,-8.36,0.22,-0.00,-0.01,-0.03,438,429,438,333,339
5.60,-8.46,0.16,0.05,-0.04,-0.13,438,430,439,333,338
4.68,-8.13,-0.66,-0.01,-0.07,-0.11,439,427,439,333,338
5.13,-8.66,-1.39,0.17,0.04,-0.00,439,432,439,333,338
4.47,-8.59,-2.47,0.02,-0.09,0.01,439,433,439,333,338
4.45,-8.79,-0.47,0.07,0.13,0.19,439,428,439,333,338
4.70,-7.80,-0.39,-0.06,0.13,0.11,439,429,439,333,338
4.68,-7.52,0.14,0.16,0.14,-0.12,439,417,439,333,338
4.92,-7.77,0.57,0.15,0.16,-0.00,439,419,438,334,338
4.98,-8.21,1.07,0.15,0.16,-0.05,439,427,439,333,338
4.40,-8.52,1.14,0.04,0.12,0.07,439,430,438,333,338
5.01,-8.39,1.11,0.13,0.21,-0.05,439,433,438,333,338
3.91,-8.12,1.28,0.00,0.17,0.07,439,434,438,334,338
4.30,-7.95,1.83,0.00,0.22,0.07,439,433,438,333,338
5.23,-7.88,1.82,0.14,0.13,-0.14,438,433,438,334,337
3.37,-8.20,1.83,0.07,0.20,0.20,438,433,438,334,337
3.93,-7.99,1.53,-0.05,0.18,0.30,437,433,438,334,336
3.90,-8.32,2.12,0.08,0.20,0.20,437,433,438,334,336
2.55,-7.96,1.63,-0.03,0.20,0.36,437,433,439,334,336
1.54,-7.87,2.84,0.12,0.27,-0.07,437,434,439,334,336
0.09,-8.99,4.10,0.18,0.45,0.07,439,428,439,334,335
3.60,-8.98,4.66,0.09,0.56,-0.40,438,430,438,334,335
4.72,-8.04,3.21,-0.03,0.15,0.03,438,429,438,333,335
2.69,-8.25,2.84,-0.11,-0.18,0.16,438,430,439,333,336
2.14,-8.33,2.18,0.02,-0.03,0.04,438,421,438,333,335
3.16,-8.67,2.42,0.09,0.02,-0.18,438,421,439,333,335
2.83,-9.22,3.05,0.03,-0.04,0.04,438,424,439,333,335
2.89,-8.86,2.20,0.02,-0.05,-0.03,438,426,439,334,335
2.50,-8.79,2.39,-0.01,-0.03,-0.07,438,426,439,333,335
2.62,-8.74,2.66,0.02,-0.01,0.01,438,425,439,334,335
2.66,-8.65,2.23,0.02,-0.01,-0.05,438,423,439,334,335
2.68,-8.59,2.17,0.01,-0.02,-0.03,438,426,439,334,335
2.71,-8.50,2.30,0.03,-0.02,-0.06,438,425,438,334,335
END
2.76,-8.76,2.40,0.01,-0.03,-0.04,435,397,437,334,339
4.61,-8.33,0.36,0.03,-0.01,-0.04,435,395,437,334,339
4.44,-8.12,0.06,0.02,-0.01,-0.03,435,397,437,334,339
4.67,-8.36,0.41,0.08,-0.00,-0.02,435,396,437,334,339
4.71,-8.09,-0.04,0.07,-0.03,0.03,435,396,437,334,339
4.31,-8.79,0.57,0.08,-0.02,0.02,435,398,437,334,340
4.60,-8.82,0.62,-0.01,0.00,0.00,435,396,437,334,339
3.80,-9.08,-0.33,-0.02,-0.01,0.03,435,396,437,334,339
3.19,-9.22,-2.11,-0.03,0.09,0.17,436,399,438,334,339
2.76,-8.83,-2.29,0.05,0.29,0.17,436,402,438,334,339
4.82,-9.02,0.55,0.05,0.30,-0.02,435,398,438,334,339
3.60,-8.34,0.15,0.00,0.23,-0.04,435,398,438,334,339
4.37,-8.37,1.58,0.12,0.28,-0.05,435,401,437,334,339
3.75,-8.41,2.02,-0.02,0.25,0.14,435,409,438,334,339
4.13,-8.62,2.25,0.13,0.25,-0.00,435,405,437,334,339
2.35,-8.36,1.33,-0.06,0.19,0.07,436,406,438,334,339
2.96,-8.31,1.55,0.16,0.27,0.09,436,405,438,334,338
4.11,-8.05,2.17,0.10,0.17,0.01,435,413,438,334,338
3.88,-8.64,2.05,0.04,0.15,0.07,435,403,437,334,337
2.55,-9.19,2.31,0.14,0.19,0.12,435,423,437,334,336
1.97,-8.69,2.32,0.02,0.22,0.11,435,433,437,334,336
3.17,-8.69,2.56,0.13,0.20,-0.10,435,433,437,334,336
1.87,-8.41,2.21,-0.02,0.21,0.19,436,433,437,334,336
1.18,-7.80,2.67,-0.03,0.15,-0.08,437,433,437,334,335
0.31,-6.21,3.07,0.12,0.35,-0.38,438,432,437,334,335
3.85,-7.56,3.67,0.22,0.50,-0.02,437,429,437,334,335
3.85,-9.61,4.09,0.17,0.13,-0.12,437,430,437,334,335
2.48,-9.73,2.99,-0.06,-0.07,0.28,437,426,437,334,335
2.07,-9.95,2.98,0.02,-0.05,-0.20,437,423,437,334,335
2.51,-9.00,2.82,-0.06,-0.07,-0.01,437,429,437,334,335
2.21,-8.72,2.71,-0.05,-0.11,-0.07,437,428,437,334,335
1.77,-8.67,2.40,-0.03,-0.03,0.01,437,430,437,334,335
2.86,-8.38,2.17,-0.01,-0.05,-0.12,437,420,437,334,334
2.12,-8.72,2.41,0.02,-0.05,-0.02,437,418,437,333,335
2.07,-8.68,2.19,0.04,-0.02,-0.05,437,419,437,334,334
2.48,-8.69,2.25,0.06,-0.02,-0.07,436,420,437,334,334
END
2.06,-8.87,2.38,0.02,-0.04,0.03,440,413,436,335,339
4.74,-8.00,0.16,0.03,-0.02,-0.04,440,415,436,334,339
5.05,-8.03,0.40,0.06,-0.02,-0.05,440,415,436,335,339
4.85,-7.97,0.21,0.03,-0.02,-0.03,440,414,436,334,339
4.91,-8.04,0.17,0.04,0.01,-0.05,440,412,436,334,339
5.11,-8.09,0.29,0.03,0.00,-0.06,440,412,436,334,339
4.69,-8.38,-0.06,0.07,0.03,-0.05,440,411,436,334,339
4.76,-9.32,-0.65,0.08,0.03,0.05,440,411,436,334,339
3.97,-8.64,-1.26,-0.11,0.10,0.30,440,416,436,334,339
3.45,-8.77,-1.05,0.10,0.19,0.21,440,414,436,334,339
4.39,-8.56,-0.07,-0.01,0.26,0.34,440,406,436,334,339
2.87,-7.89,-0.92,-0.02,0.13,0.18,440,401,437,334,339
3.01,-8.64,0.30,0.18,0.18,0.06,440,402,436,334,339
3.51,-8.80,1.08,0.11,0.19,0.12,440,400,436,335,339
4.19,-8.87,1.90,0.17,0.15,-0.05,440,422,436,334,339
3.87,-8.79,1.49,-0.02,0.11,0.04,440,421,436,334,338
3.04,-8.46,0.83,0.11,0.10,-0.13,440,429,436,334,338
3.37,-8.59,0.98,0.17,0.04,-0.09,440,434,436,334,339
3.92,-8.58,1.92,0.07,0.13,0.21,440,434,436,334,338
4.76,-9.10,2.32,0.15,0.00,-0.13,440,434,436,334,339
1.99,-8.74,1.35,0.09,0.09,-0.07,440,434,436,334,338
3.88,-8.81,2.48,0.04,0.18,0.13,440,434,436,334,338
2.63,-8.46,1.93,-0.11,0.08,-0.14,440,434,436,334,338
2.00,-8.38,2.35,-0.17,0.19,0.18,439,434,436,334,337
2.94,-7.41,0.26,-0.51,-0.01,0.09,436,434,437,334,336
-0.63,-8.76,1.22,-0.14,0.43,0.15,436,434,437,334,336
1.50,-9.50,3.40,0.08,0.44,-0.36,436,433,438,334,335
4.74,-8.12,1.56,-0.15,0.42,-0.65,436,433,438,334,335
6.50,-8.78,2.09,-0.00,-0.00,-0.51,435,433,438,334,335
2.10,-8.29,1.00,-0.01,-0.12,0.42,436,433,438,334,336
2.93,-9.52,1.77,0.23,0.15,-0.16,436,433,437,334,335
4.45,-9.33,1.32,0.05,0.03,-0.05,436,433,438,334,335
3.53,-9.07,1.44,0.05,-0.02,-0.03,436,433,438,334,335
2.48,-8.92,1.34,0.06,-0.00,0.10,436,433,438,334,335
3.17,-8.61,0.87,0.06,0.00,-0.05,436,433,438,334,335
2.77,-8.59,1.24,0.06,0.00,0.02,436,433,438,334,335
END
3.01,-8.79,1.72,0.01,-0.02,-0.04,433,428,436,334,335
4.44,-9.21,0.26,0.01,0.05,0.06,433,428,436,334,335
4.27,-8.51,0.01,-0.10,0.02,0.15,433,430,436,335,335
3.91,-8.75,-0.04,-0.05,0.04,0.06,433,429,436,334,335
4.86,-8.97,0.91,-0.07,0.08,0.08,433,430,436,334,335
3.75,-8.81,-0.66,-0.13,-0.00,0.04,433,428,436,334,335
2.48,-8.27,-1.83,-0.06,0.08,0.06,433,428,436,334,335
3.38,-8.56,-0.52,0.11,0.22,0.00,433,430,436,334,335
3.51,-8.39,-0.25,0.02,0.22,-0.01,433,430,436,334,335
4.34,-8.64,1.36,0.18,0.21,-0.12,433,420,436,334,335
4.13,-8.31,1.10,0.07,0.14,-0.02,433,421,436,334,335
4.85,-8.74,1.22,0.19,0.10,-0.16,433,430,436,334,335
4.26,-8.89,1.10,0.13,0.08,-0.05,433,423,436,334,335
4.06,-8.94,0.89,0.09,0.05,0.07,433,421,436,334,335
3.87,-8.47,1.15,0.03,0.02,-0.02,433,420,436,334,335
2.59,-8.03,0.83,0.11,0.05,-0.08,433,421,437,334,335
3.42,-8.21,1.67,0.10,0.20,0.06,433,421,436,334,335
2.70,-8.18,0.89,0.20,0.18,-0.07,434,421,436,335,335
3.51,-8.04,2.13,0.03,0.29,0.11,434,423,437,335,335
3.05,-8.53,2.68,-0.01,0.17,0.01,434,420,436,335,335
2.23,-7.93,1.97,-0.06,0.26,0.25,434,419,437,335,334
2.02,-7.24,1.75,0.04,0.42,0.24,435,432,436,335,334
2.03,-8.54,4.21,0.09,0.35,0.04,434,432,437,335,334
0.77,-9.56,4.59,0.23,0.57,0.46,435,432,437,335,334
4.54,-9.81,4.05,0.17,-0.06,-0.29,434,432,437,335,334
0.97,-8.45,2.28,-0.19,-0.19,0.23,435,432,436,335,333
1.85,-8.84,2.15,0.08,-0.02,-0.21,435,432,437,335,334
1.82,-8.75,2.37,-0.03,-0.01,0.06,435,432,437,335,334
2.14,-9.07,2.51,0.10,-0.02,-0.11,435,432,436,335,333
1.76,-8.99,2.11,-0.00,-0.01,0.02,435,432,437,335,334
2.24,-9.02,2.46,0.10,-0.01,-0.12,435,432,437,335,334
2.30,-8.56,2.13,-0.06,-0.05,0.01,435,432,437,335,333
2.08,-8.87,2.23,0.08,-0.02,-0.08,435,432,437,335,334
2.32,-9.04,2.36,0.01,-0.04,0.00,435,432,437,335,334
2.15,-9.01,2.26,0.04,-0.03,-0.04,435,432,437,335,334
1.80,-8.97,2.28,0.01,-0.03,-0.01,435,432,437,334,333
END
2.33,-8.79,2.30,0.04,-0.04,-0.01,438,432,440,334,348
4.93,-8.10,0.94,0.00,0.01,-0.03,438,432,440,334,348
4.85,-7.90,0.77,0.03,-0.01,-0.03,438,432,440,335,348
4.71,-7.85,0.94,0.03,-0.05,-0.04,438,432,440,334,348
5.10,-8.13,1.03,0.09,-0.02,-0.04,438,432,440,334,348
4.74,-8.33,0.83,0.04,-0.06,-0.02,438,432,440,334,347
4.64,-8.89,-0.07,0.04,-0.03,0.05,438,432,440,335,347
3.76,-9.39,-1.23,-0.03,-0.02,0.17,438,432,440,335,347
2.86,-8.81,-1.34,-0.11,0.12,0.25,438,432,440,335,347
3.09,-8.11,-0.73,-0.07,0.26,0.18,438,431,440,334,346
3.32,-8.21,0.27,-0.08,0.28,0.10,437,431,440,334,346
4.16,-8.69,0.65,0.09,0.33,-0.03,438,432,440,334,345
5.11,-8.33,1.81,0.05,0.26,-0.19,437,432,439,334,344
5.01,-8.30,2.63,0.18,0.20,-0.13,437,429,439,334,343
3.74,-8.24,1.27,-0.03,0.11,0.00,437,431,439,334,342
3.18,-8.17,1.27,0.07,0.19,0.03,437,430,439,335,342
4.04,-8.46,2.23,-0.01,0.16,0.15,437,426,439,334,341
4.07,-8.14,2.23,0.04,0.13,-0.01,437,425,439,334,341
2.79,-8.51,1.76,0.04,0.11,0.38,437,424,439,334,341
3.55,-8.65,2.27,0.08,0.19,0.53,437,418,439,334,340
1.17,-9.42,2.80,-0.03,0.15,0.47,436,424,439,334,340
0.42,-8.81,1.73,-0.07,0.13,0.10,437,423,439,334,339
1.96,-8.45,1.70,0.01,0.25,0.06,436,429,439,334,339
-0.31,-8.87,1.54,0.02,0.26,-0.13,437,429,439,334,339
0.71,-9.02,2.72,0.17,0.39,0.12,437,429,439,334,338
1.42,-9.45,3.11,-0.05,0.40,0.18,437,425,439,333,338
4.24,-9.50,4.41,0.34,0.38,-0.48,436,420,438,333,336
2.35,-8.15,2.51,-0.28,-0.34,0.25,436,422,438,333,335
-1.49,-7.97,1.83,-0.15,-0.30,0.09,437,422,438,333,335
1.03,-8.43,1.69,0.11,-0.07,-0.28,436,421,438,333,335
0.77,-9.12,1.91,0.07,-0.01,-0.04,436,421,438,333,335
0.93,-9.03,2.00,0.06,0.04,-0.05,436,421,438,333,335
1.58,-9.49,2.33,0.08,0.03,-0.08,436,420,438,333,335
1.32,-9.02,2.51,0.02,0.02,-0.08,436,417,437,333,335
1.38,-9.36,2.63,0.02,0.00,-0.09,436,418,438,333,335
1.67,-8.98,2.15,0.06,0.00,-0.03,436,417,438,333,335
END
1.49,-9.14,1.99,0.03,0.01,-0.09,435,384,437,334,338
5.03,-7.80,0.42,-0.08,0.02,0.02,435,386,437,334,338
4.67,-7.55,0.22,-0.00,-0.02,-0.02,434,386,437,334,338
4.68,-7.88,0.52,0.04,-0.02,-0.05,435,386,437,334,338
4.81,-8.08,0.45,0.09,-0.02,-0.08,435,385,437,334,338
4.67,-8.51,0.26,0.07,-0.01,-0.06,434,385,437,334,338
4.93,-9.00,0.01,0.04,0.02,-0.02,435,386,437,334,338
5.13,-10.18,-0.92,0.01,-0.07,0.03,435,388,437,334,338
2.96,-9.93,-1.97,-0.14,-0.13,0.06,435,390,437,334,338
3.57,-9.09,-1.54,-0.15,0.10,0.24,435,391,437,334,338
4.06,-7.85,-1.58,-0.06,0.11,0.03,435,391,437,334,338
3.60,-7.44,-0.18,0.13,0.34,0.05,435,386,438,334,338
7.09,-7.50,1.79,0.22,0.21,-0.20,435,386,437,334,338
4.08,-7.81,0.77,0.16,0.25,-0.11,435,386,438,334,338
4.53,-7.54,1.67,0.19,0.36,0.07,435,389,438,334,338
5.84,-8.36,2.28,0.19,0.15,-0.04,435,393,438,334,337
2.54,-7.75,1.25,0.12,0.30,0.05,436,389,438,334,337
4.52,-7.95,1.49,0.12,0.25,0.01,435,408,438,334,337
4.23,-8.14,2.09,0.28,0.27,-0.14,435,415,438,334,337
2.42,-8.89,2.77,0.24,0.26,-0.24,436,417,438,334,337
3.78,-8.33,3.81,-0.20,0.23,0.14,436,390,438,334,337
0.94,-7.16,3.12,-0.16,0.31,-0.43,438,400,438,334,336
3.30,-6.93,4.57,-0.13,0.64,0.14,438,415,439,335,336
4.31,-6.82,3.53,-0.09,0.59,-0.23,438,410,439,335,336
5.33,-7.75,3.78,0.22,0.34,0.11,438,407,439,335,336
3.19,-7.93,3.61,-0.10,-0.11,0.19,438,406,439,335,336
1.77,-8.79,3.22,0.13,0.04,0.21,439,404,439,335,336
4.62,-9.02,2.76,0.09,-0.01,-0.02,438,406,439,335,336
2.92,-8.62,2.88,-0.04,-0.05,0.06,438,408,439,335,336
2.35,-8.80,3.18,0.02,-0.07,-0.07,438,406,439,335,336
2.78,-8.36,3.01,0.05,-0.02,-0.00,438,409,439,335,336
2.87,-8.08,2.65,0.03,-0.00,-0.04,438,408,439,335,336
2.51,-8.41,3.04,0.00,-0.01,0.04,438,407,439,335,336
2.69,-8.33,2.62,0.03,0.03,-0.01,438,414,438,335,336
2.99,-8.48,2.79,0.02,0.00,-0.03,438,409,438,335,336
2.97,-8.28,2.77,0.02,-0.00,-0.01,438,410,438,335,336
END
2.75,-8.46,2.95,0.00,-0.04,0.01,434,432,437,335,339
4.89,-7.97,1.09,0.01,-0.03,-0.04,433,431,437,335,339
4.90,-7.57,1.22,0.03,-0.02,-0.06,434,431,437,335,339
5.30,-7.54,1.62,0.08,-0.08,-0.07,433,431,437,335,339
4.55,-8.25,1.37,0.14,-0.07,-0.07,433,432,437,335,339
4.51,-8.93,1.30,0.10,-0.03,-0.06,434,431,437,335,338
4.31,-9.76,0.76,-0.02,-0.02,0.06,434,432,437,335,339
3.95,-9.41,-1.33,-0.13,0.02,0.14,434,432,437,335,339
4.22,-9.26,-0.72,-0.18,0.18,0.19,434,432,437,335,339
3.31,-8.13,-0.62,-0.41,0.21,0.13,435,432,437,335,339
4.07,-7.92,0.65,-0.01,0.30,-0.02,435,432,437,335,339
4.37,-8.31,1.21,0.02,0.26,-0.03,434,432,437,335,339
5.18,-8.42,1.81,0.13,0.28,-0.05,434,432,437,335,339
4.41,-8.28,2.52,0.08,0.21,-0.04,434,432,437,335,339
4.09,-7.92,2.12,-0.01,0.15,-0.01,434,432,437,335,339
4.11,-7.80,1.70,0.09,0.16,0.07,434,432,437,335,339
5.36,-8.22,1.82,0.22,0.07,0.03,434,432,437,335,339
2.48,-8.41,1.41,0.18,0.07,-0.03,435,432,437,335,339
3.23,-8.43,2.18,0.16,0.18,0.08,435,432,437,336,339
4.59,-8.24,2.51,0.09,0.18,-0.01,434,432,437,336,339
2.42,-7.89,1.77,-0.15,0.17,-0.01,435,432,437,336,338
1.97,-7.47,2.44,0.10,0.19,-0.03,435,432,437,336,337
2.73,-7.91,4.92,0.03,0.12,-0.05,436,432,438,336,338
1.67,-7.61,4.64,0.15,0.43,-0.29,438,432,438,335,337
5.68,-7.85,3.85,0.17,0.37,-0.26,437,432,438,335,337
4.90,-8.51,4.59,-0.03,-0.07,0.05,437,432,438,335,337
2.83,-8.61,2.74,-0.16,-0.05,0.11,437,432,438,335,337
3.65,-9.36,3.57,0.13,0.05,-0.16,437,432,437,335,337
3.98,-8.57,2.76,-0.10,-0.03,0.09,437,432,438,335,337
2.88,-8.24,2.83,-0.03,-0.06,0.05,437,432,438,335,337
2.79,-8.10,2.35,-0.03,-0.02,0.02,437,432,438,335,337
2.90,-8.00,2.48,0.04,-0.01,-0.07,437,432,438,335,337
3.29,-8.06,2.18,0.02,0.01,0.06,437,432,438,335,337
2.79,-8.63,3.04,0.11,0.01,-0.06,437,432,438,335,337
3.22,-8.59,2.58,-0.00,-0.01,0.10,436,432,438,335,337
2.93,-8.45,2.76,0.03,-0.04,-0.05,436,432,438,335,337
END