4.84,-0.14,-8.08,0.44,-0.22,-0.08,535,477,473,338,397
4.12,-0.11,-9.13,0.06,0.01,-0.05,535,477,473,338,398
4.17,-0.11,-9.17,0.03,0.01,-0.05,535,477,473,338,397
4.26,-0.03,-9.15,0.03,0.00,-0.07,535,477,473,338,397
4.13,0.06,-9.28,0.03,0.02,-0.04,534,477,473,338,397
4.38,0.00,-9.48,0.03,0.01,-0.06,534,476,473,338,397
4.10,0.06,-9.08,0.03,0.01,-0.04,534,476,473,338,397
4.11,-0.21,-8.98,0.03,0.02,-0.04,533,476,473,339,397
4.09,0.04,-9.22,0.04,0.01,-0.07,534,476,472,338,397
4.15,-0.08,-9.20,0.04,0.03,-0.03,534,476,472,338,396
4.23,-0.08,-8.86,0.04,0.01,-0.03,533,476,472,338,396
4.10,-0.25,-8.68,0.00,0.03,0.01,533,476,472,338,396
4.38,0.00,-8.87,0.01,-0.01,-0.02,533,476,472,339,396
4.33,0.16,-9.32,0.03,0.01,-0.05,533,476,472,338,396
4.22,-0.08,-9.01,0.06,-0.00,-0.07,533,476,472,339,396
4.33,0.01,-9.10,0.03,-0.01,-0.04,533,476,472,338,396
4.14,-0.22,-8.78,0.04,0.01,-0.03,533,476,472,339,396
4.11,-0.16,-8.97,-0.00,0.01,-0.01,533,476,472,338,395
4.33,0.07,-9.02,0.00,-0.01,-0.05,532,475,472,338,395
4.52,0.29,-9.40,0.04,0.01,-0.05,532,475,472,338,395
4.41,0.14,-9.25,0.05,-0.00,-0.07,532,475,472,338,395
4.15,-0.02,-8.92,0.04,0.02,-0.04,532,475,471,338,395
4.24,-0.04,-9.30,0.02,-0.00,-0.04,532,475,471,339,394
4.36,0.14,-9.07,0.03,-0.02,-0.07,532,475,471,339,395
4.23,0.05,-9.02,0.03,0.01,-0.04,532,475,471,339,394
4.49,0.06,-9.45,0.03,0.01,-0.05,532,475,471,339,394
4.41,0.06,-9.10,0.05,0.02,-0.04,532,475,471,339,394
4.22,-0.05,-9.07,0.03,0.00,-0.04,531,475,471,339,394
4.03,0.05,-8.86,0.03,0.00,-0.05,531,475,471,339,394
4.28,-0.06,-9.02,0.05,0.02,-0.04,531,474,471,339,394
4.50,0.02,-9.28,0.03,0.00,-0.05,531,474,471,339,394
4.34,-0.03,-9.01,0.05,0.02,-0.04,531,474,471,339,394
4.34,-0.04,-8.87,0.04,0.00,-0.05,531,474,471,339,394
4.49,0.05,-9.21,0.04,0.00,-0.05,531,474,471,339,394
4.29,0.09,-9.25,0.04,0.01,-0.04,530,474,471,339,394
4.42,0.01,-9.04,0.04,0.00,-0.06,531,474,471,339,394
END
4.34,0.01,-8.87,0.03,0.01,-0.04,528,472,469,340,393
4.31,-0.01,-8.81,0.03,0.00,-0.05,528,472,469,340,393
4.64,0.17,-9.25,0.02,0.01,-0.06,528,472,469,340,393
4.55,0.15,-8.97,0.04,-0.01,-0.04,528,472,468,340,392
4.35,-0.01,-8.84,0.04,-0.01,-0.04,528,472,468,340,392
4.53,0.13,-9.03,0.03,-0.00,-0.05,528,472,468,340,392
4.45,0.13,-8.97,0.04,0.01,-0.04,527,472,468,340,392
4.31,0.00,-8.94,0.03,0.00,-0.04,527,472,468,340,392
4.34,0.17,-9.13,0.04,0.01,-0.05,527,471,468,340,392
4.51,0.11,-8.95,0.05,0.02,-0.04,528,472,468,340,393
4.34,0.03,-8.84,0.04,0.01,-0.03,528,472,468,340,392
4.42,0.07,-8.95,0.04,0.01,-0.04,527,471,468,340,393
4.54,0.09,-8.99,0.04,0.01,-0.04,527,471,468,340,393
4.45,0.14,-8.91,0.02,-0.01,-0.03,527,471,468,340,393
4.46,0.13,-9.17,0.03,0.00,-0.04,527,471,468,340,392
4.56,0.16,-9.02,0.04,0.00,-0.04,527,471,468,340,392
4.51,0.06,-8.92,0.03,0.01,-0.04,527,471,468,340,392
4.44,-0.02,-9.07,0.03,0.01,-0.03,527,471,468,340,392
4.52,0.11,-9.17,0.03,-0.00,-0.04,527,471,468,340,392
4.51,0.12,-8.84,0.04,0.00,-0.05,527,471,467,340,392
4.54,0.23,-9.20,0.02,-0.00,-0.03,527,471,468,340,393
4.52,0.11,-9.08,0.03,-0.00,-0.04,527,471,468,340,392
4.40,0.08,-8.94,0.03,-0.01,-0.05,527,471,467,340,392
4.41,0.12,-9.02,0.04,-0.00,-0.05,527,471,467,340,392
4.30,0.03,-8.69,0.05,-0.00,-0.04,526,471,467,340,392
4.40,0.13,-8.89,0.03,-0.01,-0.05,527,471,467,340,392
4.45,0.22,-8.95,0.04,0.00,-0.04,526,471,467,340,392
4.47,-0.06,-8.83,0.03,0.01,-0.04,526,471,467,340,392
4.60,0.14,-9.32,0.03,0.00,-0.04,526,471,467,340,392
4.46,0.16,-9.04,0.03,0.01,-0.04,526,470,467,340,392
4.55,0.12,-8.96,0.04,0.00,-0.03,526,470,467,340,392
4.49,0.13,-9.05,0.03,0.00,-0.03,526,471,467,340,392
4.62,0.22,-9.23,0.03,-0.00,-0.04,526,470,467,340,392
4.42,0.09,-9.09,0.04,0.00,-0.05,526,471,467,340,392
4.54,0.00,-9.02,0.03,-0.01,-0.04,526,470,467,340,392
4.52,0.14,-9.06,0.03,-0.00,-0.04,526,470,467,340,392
END
4.29,0.21,-9.02,0.03,-0.00,-0.04,524,469,465,340,391
4.49,0.03,-9.16,0.04,-0.00,-0.03,524,469,465,340,391
4.42,-0.04,-9.07,0.04,-0.00,-0.04,524,469,465,340,391
4.66,0.16,-9.38,0.03,0.00,-0.04,524,469,465,340,391
4.55,0.11,-9.28,0.03,-0.01,-0.04,524,469,465,340,391
4.30,-0.02,-8.99,0.04,0.01,-0.04,524,469,465,340,391
4.50,0.06,-9.05,0.03,-0.01,-0.05,524,469,465,340,391
4.52,0.17,-9.19,0.03,0.00,-0.04,524,469,465,341,391
4.46,0.11,-9.08,0.04,-0.00,-0.03,524,469,465,341,391
4.11,-0.04,-8.94,0.03,0.01,-0.03,524,469,465,341,391
4.31,-0.04,-8.99,0.02,0.01,-0.03,523,469,464,341,391
4.45,0.14,-9.07,0.02,-0.00,-0.05,523,469,464,341,391
4.53,0.22,-9.02,0.03,-0.02,-0.04,523,468,464,341,391
4.51,0.17,-9.04,0.04,-0.01,-0.05,523,468,464,341,390
4.53,0.14,-9.20,0.04,-0.01,-0.04,523,468,464,341,391
4.27,0.14,-8.83,0.03,0.01,-0.02,523,468,464,341,390
4.33,0.00,-8.97,0.05,0.02,-0.03,523,468,464,341,391
4.52,0.10,-9.20,0.02,0.01,-0.02,523,468,464,341,391
4.36,0.17,-8.82,0.02,-0.01,-0.04,523,468,464,341,390
4.41,0.06,-8.97,0.04,0.01,-0.02,523,468,464,341,391
4.48,0.09,-8.95,0.03,-0.01,-0.03,523,468,464,341,390
4.35,0.13,-9.13,0.03,-0.01,-0.03,523,468,464,341,390
4.40,-0.04,-9.12,0.04,0.01,-0.02,523,468,464,341,390
4.46,0.01,-9.00,0.03,-0.01,-0.03,523,468,464,341,390
4.42,0.11,-8.76,0.03,-0.01,-0.04,523,468,464,341,390
4.48,0.01,-8.94,0.01,-0.02,-0.03,523,468,464,341,390
4.40,-0.07,-9.25,0.02,-0.01,-0.03,523,468,463,341,390
4.16,-0.10,-9.07,0.02,0.00,-0.03,523,468,464,341,390
4.34,0.04,-9.10,0.02,0.00,-0.05,523,468,464,341,390
4.41,0.12,-9.01,0.01,-0.00,-0.05,523,468,464,341,390
4.21,0.12,-8.97,0.02,-0.01,-0.05,523,468,464,341,390
4.26,0.07,-9.09,0.04,0.01,-0.03,523,468,464,341,390
4.31,0.13,-9.09,0.05,0.01,-0.05,523,468,464,341,390
4.26,-0.03,-8.69,0.05,0.01,-0.05,522,468,463,341,390
4.27,-0.06,-8.60,0.03,-0.01,-0.05,522,468,463,341,390
4.38,0.32,-9.27,0.03,0.00,-0.05,522,468,463,341,390
END
4.28,0.04,-8.79,0.02,0.01,-0.05,521,467,462,341,389
4.74,0.37,-9.15,0.05,-0.00,-0.01,521,467,462,341,389
4.36,-0.04,-8.94,0.04,-0.00,-0.02,521,467,462,341,389
4.25,0.04,-9.03,0.03,-0.02,-0.04,521,467,462,341,389
4.19,0.06,-8.87,0.04,0.01,-0.04,521,467,462,341,389
4.53,0.12,-9.08,0.06,-0.01,-0.06,521,467,462,341,389
4.29,0.09,-8.66,0.07,-0.01,-0.04,521,467,462,341,389
4.25,-0.04,-9.12,0.04,-0.01,-0.06,521,466,462,341,389
4.51,0.20,-9.07,0.03,0.02,-0.06,521,466,462,341,389
4.72,0.14,-9.19,0.03,0.00,-0.06,521,466,462,341,388
4.50,0.19,-9.22,0.04,0.01,-0.05,521,466,461,340,389
4.48,0.24,-9.27,0.04,0.02,-0.06,521,466,461,341,389
4.59,0.27,-9.38,0.02,0.01,-0.05,521,466,462,341,389
4.35,0.22,-8.92,0.03,0.01,-0.05,521,466,462,341,389
4.66,0.24,-9.17,0.04,0.01,-0.05,521,466,462,341,389
4.60,0.34,-9.00,0.05,-0.01,-0.04,521,466,462,341,389
4.47,0.19,-8.93,0.08,0.00,-0.03,521,466,461,341,389
4.38,-0.01,-8.70,0.06,0.00,-0.05,521,466,461,341,389
4.42,0.19,-9.07,0.04,-0.01,-0.05,520,466,461,341,389
4.33,0.19,-8.83,0.03,-0.01,-0.05,520,466,461,341,389
4.39,0.28,-9.20,0.03,-0.00,-0.05,520,466,461,341,389
4.35,0.12,-8.71,0.04,-0.00,-0.04,520,466,461,341,388
4.57,0.29,-9.20,0.01,-0.00,-0.04,520,466,461,341,389
4.55,0.34,-9.35,0.03,0.01,-0.03,520,466,461,341,389
4.43,0.16,-9.12,0.03,0.01,-0.04,520,466,461,341,389
4.39,0.31,-8.92,0.03,0.01,-0.04,520,466,461,341,389
4.33,0.08,-8.79,0.04,0.01,-0.03,520,466,461,341,389
4.36,0.04,-8.87,0.04,0.01,-0.03,520,466,461,341,389
4.34,0.15,-8.96,0.04,0.01,-0.04,520,466,461,341,389
4.58,0.22,-9.08,0.03,0.00,-0.04,520,466,461,341,389
4.44,0.23,-8.92,0.04,0.01,-0.04,520,466,461,341,388
4.52,0.14,-9.27,0.03,0.01,-0.03,520,466,461,341,388
4.23,0.19,-8.73,0.02,0.00,-0.04,520,465,461,341,389
4.57,0.33,-9.16,0.04,0.02,-0.03,520,466,461,341,388
4.52,0.23,-8.93,0.05,0.01,-0.03,520,466,461,341,388
4.57,0.27,-9.12,0.03,-0.00,-0.04,520,466,461,341,389
END
4.51,0.19,-9.03,0.03,-0.00,-0.05,519,465,460,341,388
4.60,0.22,-8.92,0.05,0.01,-0.04,519,465,460,341,388
4.64,0.22,-9.05,0.04,0.00,-0.05,519,465,460,341,388
4.63,0.13,-8.84,0.04,0.00,-0.04,519,465,459,341,388
4.66,0.17,-9.02,0.04,-0.00,-0.04,518,465,459,341,388
4.31,0.34,-8.80,0.04,-0.00,-0.04,518,465,459,341,387
4.54,0.09,-8.70,0.04,0.00,-0.03,518,465,459,341,387
4.60,0.19,-8.88,0.02,0.01,-0.03,518,465,459,341,387
4.47,0.19,-9.02,0.02,0.01,-0.02,518,465,459,341,388
4.38,0.33,-8.91,0.03,0.00,-0.04,518,465,459,341,388
4.64,0.15,-8.85,0.03,-0.00,-0.04,518,465,459,341,387
4.77,0.37,-9.19,0.03,-0.00,-0.04,518,465,459,341,387
4.48,0.16,-8.88,0.03,0.00,-0.04,518,465,459,341,388
4.66,0.19,-9.00,0.03,0.01,-0.03,518,465,459,341,388
4.69,0.25,-9.04,0.03,-0.01,-0.03,518,464,459,341,387
4.51,0.21,-9.10,0.04,0.00,-0.04,518,464,459,341,387
4.54,0.14,-8.83,0.04,0.00,-0.05,518,464,459,341,387
4.66,0.21,-8.90,0.04,0.00,-0.03,518,464,459,341,387
4.67,0.21,-9.00,0.03,-0.01,-0.04,518,464,459,341,387
4.71,0.29,-9.21,0.04,0.01,-0.04,518,464,459,341,387
4.73,0.24,-9.14,0.04,0.01,-0.05,518,464,459,341,387
4.72,0.27,-9.18,0.03,0.01,-0.03,518,464,459,341,387
4.62,0.20,-8.90,0.05,0.01,-0.03,518,464,459,341,387
4.47,0.14,-8.87,0.06,0.01,-0.03,518,464,459,341,387
4.39,-0.02,-8.81,0.03,0.00,-0.04,518,464,459,341,387
4.50,0.11,-8.74,0.03,-0.01,-0.04,518,464,459,341,387
4.60,0.22,-9.02,0.04,-0.01,-0.05,518,464,459,341,387
4.62,0.11,-8.83,0.04,0.00,-0.05,518,464,459,341,387
4.58,0.04,-8.84,0.03,0.01,-0.05,518,464,459,341,387
4.69,0.22,-9.12,0.03,0.01,-0.03,518,464,459,341,387
4.62,0.24,-9.06,0.04,0.01,-0.04,518,464,459,341,387
4.70,0.11,-8.99,0.03,-0.01,-0.05,518,464,459,341,387
4.69,0.24,-9.21,0.03,0.01,-0.04,518,464,459,341,387
4.63,0.15,-8.95,0.04,0.00,-0.05,518,464,459,341,387
4.54,0.05,-8.94,0.04,0.00,-0.04,518,464,459,341,387
4.74,0.18,-7.56,0.03,-0.00,-0.04,518,464,459,341,387
END
4.56,0.22,-8.92,0.04,-0.00,-0.03,516,463,457,341,386
4.49,0.14,-8.82,0.04,0.01,-0.02,516,463,457,341,386
4.46,0.10,-8.87,0.03,-0.01,-0.03,516,463,457,341,387
4.72,0.11,-8.85,0.02,-0.00,-0.03,516,463,457,341,386
4.59,0.32,-8.96,0.03,-0.01,-0.04,516,463,457,341,387
4.52,0.19,-9.04,0.04,0.00,-0.03,516,463,457,341,387
4.73,0.12,-9.12,0.05,0.01,-0.03,516,463,457,341,387
4.62,0.14,-8.84,0.04,-0.01,-0.05,516,463,457,341,387
4.67,0.06,-9.08,0.04,-0.00,-0.05,516,463,457,341,387
4.67,0.17,-9.35,0.03,-0.01,-0.05,516,463,457,341,386
4.53,0.27,-9.08,0.04,0.00,-0.05,516,463,457,341,386
4.64,0.16,-9.00,0.04,0.00,-0.05,516,463,457,341,387
4.57,0.06,-8.77,0.04,0.00,-0.05,515,463,457,341,386
4.60,0.17,-8.98,0.03,-0.00,-0.04,516,463,457,341,386
4.72,0.16,-9.32,0.04,0.01,-0.04,515,463,457,341,386
4.49,0.24,-8.74,0.03,0.00,-0.04,515,463,457,341,386
4.61,0.06,-8.90,0.04,0.00,-0.05,516,463,457,341,386
4.77,0.28,-9.23,0.02,-0.00,-0.05,516,463,457,341,386
4.65,0.03,-8.92,0.03,0.01,-0.04,516,463,457,341,386
4.69,0.28,-9.08,0.01,-0.00,-0.04,516,463,457,341,386
4.75,0.33,-9.04,0.04,0.01,-0.06,516,463,457,341,386
4.75,0.11,-8.94,0.04,-0.00,-0.04,515,463,457,341,386
4.53,0.15,-8.87,0.02,-0.00,-0.04,515,463,457,341,386
4.73,0.24,-9.17,0.03,0.01,-0.04,515,463,457,341,387
4.62,0.14,-8.71,0.03,-0.01,-0.05,515,463,457,341,386
4.53,0.31,-8.70,0.04,-0.00,-0.04,515,463,457,341,386
4.54,0.11,-9.04,0.03,0.00,-0.04,515,463,457,341,386
4.61,0.29,-8.87,0.04,0.00,-0.03,515,463,457,341,386
4.58,0.20,-8.95,0.04,-0.00,-0.04,515,463,457,341,386
4.70,0.34,-9.22,0.04,0.00,-0.04,515,463,457,341,386
4.50,0.18,-8.70,0.04,0.00,-0.04,515,463,457,341,386
4.59,0.03,-8.86,0.03,-0.00,-0.04,515,463,457,341,386
4.64,0.21,-9.06,0.03,-0.00,-0.05,515,463,456,341,386
4.62,0.13,-8.75,0.05,0.01,-0.04,515,463,456,341,386
4.70,0.28,-8.85,0.04,-0.00,-0.04,515,463,456,341,386
4.42,0.06,-8.90,0.03,0.00,-0.04,515,463,456,341,386
END
4.55,0.22,-8.65,0.03,-0.00,-0.04,514,462,456,341,386
4.35,0.51,-9.30,0.04,-0.03,-0.05,514,462,455,341,386
4.24,0.22,-9.05,0.06,-0.04,-0.08,514,462,455,341,387
3.98,0.14,-8.76,0.06,-0.01,-0.06,514,462,456,341,387
4.24,0.37,-9.32,0.04,-0.01,-0.07,514,462,456,341,387
4.37,0.47,-9.48,0.07,-0.01,-0.05,514,462,455,341,387
4.03,0.10,-8.99,0.11,-0.02,-0.05,514,462,455,341,386
4.15,0.16,-9.19,0.09,-0.03,-0.05,514,462,455,341,386
3.93,0.03,-8.76,0.08,0.00,-0.05,514,462,455,340,386
4.34,0.00,-9.06,0.05,-0.00,-0.06,514,462,455,341,386
4.21,0.16,-9.16,0.04,0.03,-0.05,514,461,455,341,386
4.37,0.32,-9.32,0.02,0.02,-0.03,514,462,455,340,386
4.23,0.26,-9.33,0.01,0.02,-0.03,514,462,455,341,386
4.08,0.06,-8.94,0.02,0.04,-0.02,514,462,455,341,386
4.03,0.09,-8.98,0.02,0.01,-0.04,514,462,455,341,386
4.18,0.17,-8.84,0.02,0.02,-0.04,514,462,455,341,386
4.29,0.13,-9.20,0.02,0.01,-0.05,514,462,455,341,386
4.16,0.20,-9.20,0.02,0.01,-0.06,513,462,455,340,386
4.41,0.35,-9.38,0.04,0.02,-0.04,513,461,455,341,386
4.39,0.19,-9.08,0.02,-0.01,-0.06,513,461,455,341,386
4.30,0.34,-9.22,0.02,0.01,-0.05,513,461,455,341,385
4.34,0.33,-9.04,0.03,0.01,-0.05,513,461,455,341,385
4.34,0.14,-8.84,0.02,-0.00,-0.04,513,462,455,341,385
4.18,0.40,-9.14,0.00,-0.01,-0.05,513,462,455,341,386
4.35,0.39,-9.04,-0.03,-0.01,-0.03,513,462,455,341,386
4.25,0.53,-9.17,0.01,0.01,-0.04,513,462,455,341,385
4.16,0.44,-9.15,0.03,0.00,-0.06,513,462,455,341,386
4.40,0.39,-9.17,0.03,0.01,-0.05,513,462,455,341,386
4.31,0.50,-9.00,0.03,0.01,-0.06,513,461,455,341,385
4.33,0.35,-9.26,0.03,0.01,-0.04,513,461,455,341,385
4.29,0.55,-9.07,0.03,0.01,-0.04,513,461,455,341,385
4.31,0.48,-9.12,0.04,0.01,-0.04,513,461,455,341,385
4.46,0.55,-9.18,0.06,0.02,-0.03,513,461,455,341,385
4.46,0.38,-9.08,0.05,0.00,-0.04,513,461,455,341,385
4.41,0.32,-9.11,0.05,0.01,-0.04,513,461,455,341,385
4.42,0.46,-9.10,0.05,0.01,-0.04,513,461,455,341,385
END
4.50,0.50,-9.22,0.05,-0.01,-0.05,512,461,454,341,384
4.26,0.19,-8.64,0.04,0.00,-0.03,512,461,454,341,384
4.38,0.32,-8.76,0.04,0.01,-0.04,512,461,454,341,384
4.31,0.22,-8.82,0.04,0.00,-0.04,512,460,454,340,384
4.51,0.33,-9.10,0.04,-0.01,-0.04,512,461,454,341,384
4.41,0.28,-9.00,0.04,0.00,-0.03,512,461,454,340,384
4.53,0.34,-9.05,0.04,0.00,-0.05,512,460,454,340,384
4.49,0.39,-8.98,0.02,0.00,-0.02,512,461,454,341,384
4.41,0.43,-9.03,0.03,-0.01,-0.04,512,461,454,341,384
4.38,0.26,-8.96,0.03,0.01,-0.03,512,461,454,341,384
4.44,0.32,-8.76,0.03,-0.00,-0.03,512,461,454,341,384
4.47,0.38,-9.17,0.02,-0.00,-0.02,512,461,454,341,384
4.57,0.33,-9.12,0.04,0.00,-0.04,512,461,454,341,384
4.44,0.24,-10.81,0.04,-0.00,-0.04,512,460,454,341,384
4.41,0.41,-9.10,0.03,0.00,-0.04,512,460,453,341,384
4.37,0.20,-9.06,0.04,0.00,-0.04,512,461,454,341,384
4.63,0.40,-9.23,0.03,0.00,-0.04,512,460,454,341,384
4.55,0.29,-9.13,0.03,0.00,-0.04,512,460,454,341,384
4.40,0.39,-9.08,0.03,-0.00,-0.05,512,460,454,341,384
4.57,0.34,-9.15,0.04,0.01,-0.05,512,460,454,341,384
4.69,0.39,-9.27,0.03,-0.01,-0.04,512,460,454,341,384
4.46,0.36,-9.11,0.03,0.00,-0.03,512,460,454,341,384
4.30,0.23,-8.92,0.03,0.00,-0.04,512,460,454,341,384
4.40,0.32,-8.87,0.02,0.00,-0.03,512,460,454,341,384
4.34,0.39,-9.07,0.04,-0.00,-0.04,512,460,453,341,384
4.47,0.30,-9.16,0.03,0.01,-0.03,512,460,453,341,384
4.41,0.31,-8.74,0.03,0.01,-0.05,512,460,453,341,384
4.40,0.29,-8.98,0.03,-0.00,-0.03,512,460,453,341,384
4.41,0.50,-9.30,0.02,-0.01,-0.05,512,460,453,341,384
4.39,0.43,-8.99,0.04,0.02,-0.03,512,460,453,341,384
4.48,0.43,-8.83,0.04,-0.00,-0.04,512,460,454,341,384
4.41,0.40,-9.08,0.03,0.01,-0.02,512,460,453,341,384
4.39,0.29,-8.93,0.03,0.01,-0.03,512,460,453,341,384
4.39,0.42,-9.06,0.03,-0.00,-0.03,512,460,453,341,384
4.41,0.28,-9.07,0.04,-0.00,-0.03,512,460,453,341,384
4.47,0.39,-9.10,0.04,-0.01,-0.05,512,460,453,341,384
END
4.36,0.33,-8.94,0.05,0.01,-0.03,511,459,452,341,383
4.56,0.38,-9.23,0.04,0.01,-0.03,511,459,452,341,383
4.56,0.32,-8.98,0.04,0.00,-0.04,511,460,452,341,383
4.48,0.22,-8.93,0.04,0.00,-0.04,511,459,452,341,383
4.54,0.37,-8.82,0.03,-0.00,-0.04,511,460,453,341,383
4.52,0.17,-8.87,0.02,-0.00,-0.03,511,460,453,341,384
4.43,0.26,-8.70,0.03,-0.01,-0.04,511,459,453,341,383
4.49,0.34,-8.94,0.04,-0.00,-0.04,511,460,453,341,383
4.61,0.38,-9.06,0.03,-0.00,-0.03,511,459,453,341,383
4.49,0.15,-8.98,0.03,-0.00,-0.04,511,459,452,341,383
4.39,0.32,-8.70,0.03,-0.00,-0.05,511,459,452,341,383
4.54,0.36,-8.90,0.03,-0.00,-0.04,511,459,452,341,383
4.36,0.31,-8.86,0.04,-0.01,-0.04,511,459,452,341,383
4.49,0.34,-8.94,0.03,0.01,-0.04,511,459,452,340,383
4.47,0.28,-8.85,0.02,-0.01,-0.04,511,459,452,341,383
4.62,0.45,-9.47,0.03,-0.00,-0.03,511,459,452,341,383
4.38,0.21,-8.73,0.03,0.00,-0.05,511,459,452,341,383
4.47,0.39,-8.75,0.03,0.01,-0.03,511,459,452,341,383
4.58,0.35,-9.04,0.03,-0.00,-0.04,511,459,452,341,383
4.60,0.42,-9.25,0.03,-0.00,-0.04,511,459,452,341,383
4.69,0.39,-9.00,0.04,0.02,-0.03,511,459,452,341,383
4.84,0.47,-9.40,0.03,-0.01,-0.03,511,459,452,341,383
4.31,0.29,-8.97,0.04,0.00,-0.03,510,459,452,341,383
4.61,0.37,-9.02,0.04,-0.00,-0.04,511,459,452,341,383
4.50,0.34,-8.85,0.03,0.00,-0.03,511,459,452,340,383
4.49,0.34,-9.12,0.03,-0.01,-0.03,510,459,452,341,383
4.52,0.40,-9.04,0.04,-0.00,-0.04,511,459,452,341,383
4.49,0.29,-8.69,0.03,-0.00,-0.03,511,459,452,341,383
4.36,0.33,-8.98,0.02,-0.00,-0.03,511,459,452,341,383
4.34,0.38,-8.91,0.03,0.00,-0.03,511,459,452,341,383
4.59,0.29,-9.25,0.04,-0.00,-0.05,511,459,452,341,383
4.29,0.29,-8.78,0.04,-0.00,-0.04,511,459,452,341,383
4.44,0.32,-9.07,0.04,0.00,-0.04,510,459,452,341,383
4.48,0.36,-9.12,0.04,0.01,-0.04,510,459,452,340,383
4.67,0.37,-9.10,0.04,-0.00,-0.04,510,459,452,341,383
4.52,0.33,-9.27,0.03,-0.00,-0.04,510,459,452,341,383
END
4.56,0.29,-8.92,0.04,-0.00,-0.05,510,458,451,341,383
4.27,0.30,-8.97,0.03,-0.00,-0.04,510,458,451,341,383
4.45,0.39,-9.04,0.03,0.00,-0.04,510,458,451,341,383
4.38,0.19,-8.88,0.03,0.00,-0.04,510,458,451,341,383
4.51,0.34,-9.33,0.03,0.00,-0.03,510,458,451,341,383
4.24,0.38,-8.84,0.03,-0.00,-0.05,509,458,451,341,383
4.56,0.41,-9.17,0.04,0.01,-0.03,509,458,451,341,383
4.67,0.33,-9.18,0.03,0.00,-0.02,509,458,451,341,383
4.40,0.29,-9.18,0.03,0.00,-0.03,509,458,451,341,383
4.47,0.37,-9.28,0.04,0.01,-0.04,509,458,451,341,383
4.34,0.34,-8.81,0.03,0.01,-0.03,509,458,451,341,382
4.46,0.33,-9.16,0.03,0.00,-0.03,509,458,451,341,383
4.41,0.32,-8.97,0.03,0.00,-0.04,509,458,451,341,383
4.54,0.39,-9.27,0.03,-0.00,-0.04,509,458,451,341,383
4.51,0.35,-9.11,0.03,0.01,-0.03,509,458,451,341,383
4.52,0.28,-9.03,0.02,-0.00,-0.03,509,458,451,341,383
4.46,0.43,-9.00,0.03,0.00,-0.04,509,458,451,341,383
4.59,0.33,-9.13,0.04,0.00,-0.04,509,458,451,341,383
4.50,0.32,-9.27,0.03,-0.00,-0.03,509,458,451,341,383
4.34,0.31,-9.14,0.03,0.00,-0.03,509,458,451,341,383
4.41,0.22,-8.80,0.03,-0.00,-0.03,509,458,451,341,382
4.53,0.32,-9.04,0.04,-0.00,-0.04,509,458,451,341,383
4.55,0.32,-9.04,0.04,0.01,-0.03,509,458,451,341,383
4.49,0.39,-9.23,0.04,0.00,-0.04,509,458,451,341,383
4.36,0.24,-8.81,0.03,0.01,-0.03,509,458,451,341,383
4.24,0.07,-8.77,0.03,0.00,-0.04,509,458,451,341,383
4.38,0.34,-8.79,0.04,0.00,-0.05,509,458,451,341,383
4.49,0.27,-8.94,0.05,0.01,-0.04,509,458,451,341,383
4.54,0.22,-9.07,0.03,0.01,-0.04,509,458,451,341,382
4.57,0.27,-8.98,0.03,0.00,-0.04,509,458,451,341,382
4.39,0.25,-8.75,0.03,-0.00,-0.04,509,458,451,341,382
4.43,0.07,-8.92,0.03,0.00,-0.04,509,458,451,341,382
4.49,0.34,-8.99,0.03,-0.00,-0.05,509,458,451,341,382
4.52,0.38,-8.94,0.03,0.01,-0.04,509,458,451,341,382
4.62,0.13,-8.79,0.04,-0.00,-0.04,509,458,451,341,383
4.73,0.25,-9.52,0.03,-0.00,-0.04,509,458,451,341,383
END
4.54,0.29,-8.80,0.03,0.00,-0.04,509,457,450,341,382
4.57,0.28,-9.12,0.03,0.00,-0.04,508,457,450,341,382
4.54,0.36,-8.98,0.02,0.00,-0.03,508,457,450,340,382
4.53,0.26,-8.83,0.02,-0.00,-0.03,508,457,450,341,382
4.34,0.32,-8.82,0.03,-0.00,-0.04,508,457,450,341,382
4.65,0.32,-9.04,0.04,0.00,-0.04,508,457,450,341,382
4.47,0.29,-8.84,0.03,-0.00,-0.03,508,457,450,341,382
4.41,0.27,-9.10,0.03,0.01,-0.03,508,457,450,341,382
4.57,0.23,-9.06,0.03,-0.00,-0.04,508,457,450,341,382
4.43,0.36,-8.90,0.03,-0.01,-0.03,508,457,450,341,382
4.45,0.24,-8.88,0.04,-0.00,-0.04,508,457,450,341,382
4.56,0.28,-8.92,0.04,0.00,-0.04,508,457,450,341,382
4.54,0.30,-8.85,0.03,-0.01,-0.04,508,457,450,341,382
4.54,0.38,-9.20,0.03,-0.01,-0.05,508,457,450,341,382
4.51,0.32,-8.93,0.03,0.01,-0.03,508,457,450,341,382
4.63,0.25,-9.05,0.03,-0.00,-0.03,508,457,450,341,382
4.42,0.32,-8.82,0.04,-0.00,-0.03,508,457,450,341,382
4.42,0.21,-8.89,0.02,-0.00,-0.03,508,457,450,341,382
4.42,0.29,-8.92,0.04,0.01,-0.04,508,457,450,341,382
4.41,0.22,-8.87,0.03,-0.01,-0.04,508,457,450,341,382
4.42,0.37,-9.04,0.04,-0.00,-0.04,508,457,450,341,382
4.55,0.28,-8.97,0.04,-0.00,-0.04,508,457,450,341,382
4.44,0.19,-8.84,0.03,0.01,-0.03,508,457,450,341,382
4.45,0.37,-9.20,0.02,-0.00,-0.04,508,457,450,341,382
4.33,0.24,-8.76,0.04,0.01,-0.03,508,457,450,341,382
4.57,0.29,-9.16,0.04,-0.00,-0.04,508,457,450,341,382
4.42,0.25,-9.02,0.03,0.00,-0.04,508,457,450,341,382
4.72,0.25,-8.91,0.03,0.01,-0.04,508,457,450,341,382
4.39,0.29,-8.89,0.03,-0.00,-0.04,508,457,450,341,382
4.43,0.42,-9.16,0.03,-0.00,-0.04,508,457,450,341,382
4.54,0.32,-8.90,0.03,-0.00,-0.05,508,457,450,341,382
4.47,0.15,-8.91,0.03,0.01,-0.03,508,457,450,341,382
4.44,0.41,-9.00,0.02,-0.00,-0.04,508,457,450,341,382
4.47,0.38,-8.97,0.04,0.00,-0.04,508,457,450,341,382
4.39,0.20,-8.62,0.04,0.01,-0.03,508,457,450,341,382
4.48,0.31,-9.06,0.03,-0.00,-0.03,508,457,449,340,382
END
4.55,0.41,-9.23,0.03,0.00,-0.03,507,456,449,340,382
4.39,0.34,-9.04,0.03,-0.00,-0.04,507,456,449,341,382
4.49,0.44,-9.07,0.04,0.01,-0.04,507,456,449,341,382
4.41,0.23,-8.77,0.04,-0.01,-0.04,507,456,449,341,381
4.47,0.29,-8.92,0.03,0.00,-0.03,507,456,449,341,382
4.60,0.29,-9.13,0.03,0.01,-0.04,507,456,449,341,382
4.61,0.30,-9.15,0.03,-0.00,-0.04,507,456,449,341,382
4.34,0.17,-8.58,0.03,-0.00,-0.04,507,456,449,341,382
4.61,0.33,-9.02,0.03,0.01,-0.03,507,456,449,341,382
4.52,0.34,-8.92,0.03,-0.00,-0.03,507,456,449,341,381
4.39,0.19,-8.94,0.03,0.00,-0.04,507,456,449,341,381
4.36,0.29,-8.66,0.04,-0.00,-0.04,507,456,449,341,381
4.68,0.30,-9.15,0.04,0.00,-0.04,507,456,449,341,381
4.55,0.24,-8.82,0.04,-0.00,-0.04,507,456,449,341,381
4.47,0.25,-8.85,0.04,0.00,-0.04,507,456,449,341,382
4.59,0.37,-9.10,0.04,-0.00,-0.04,507,456,449,341,382
4.41,0.22,-8.87,0.03,-0.00,-0.05,507,456,449,341,382
4.51,0.34,-9.01,0.04,0.01,-0.04,507,456,449,341,382
4.55,0.32,-9.12,0.04,0.00,-0.03,507,456,449,341,382
4.44,0.34,-8.98,0.04,0.00,-0.04,507,456,449,341,382
4.37,0.14,-8.77,0.03,-0.00,-0.05,506,456,449,340,381
4.57,0.29,-8.87,0.02,-0.01,-0.04,506,456,449,341,381
4.47,0.17,-8.99,0.04,0.00,-0.04,506,456,449,341,381
4.55,0.22,-8.90,0.05,-0.00,-0.04,506,456,449,340,382
4.40,0.22,-8.74,0.04,0.01,-0.03,506,456,448,341,381
4.46,0.28,-9.00,0.03,0.00,-0.03,506,456,448,341,381
4.39,0.33,-9.02,0.03,0.00,-0.04,506,456,449,341,382
4.52,0.34,-8.75,0.03,0.01,-0.03,506,456,449,341,382
4.63,0.32,-9.12,0.03,-0.01,-0.03,506,456,449,341,382
4.36,0.26,-8.99,0.03,-0.00,-0.03,506,456,449,341,382
4.44,0.14,-9.10,0.03,0.01,-0.04,506,456,449,341,382
4.54,0.30,-8.92,0.03,0.00,-0.04,506,456,448,341,381
4.71,0.47,-9.45,0.04,0.00,-0.03,506,456,448,341,381
4.44,0.17,-8.82,0.03,-0.00,-0.03,506,456,449,341,381
4.41,0.27,-8.69,0.03,0.01,-0.03,506,456,449,341,381
4.64,0.35,-9.14,0.02,0.01,-0.03,506,456,448,341,381
END
4.52,0.26,-8.93,0.02,-0.01,-0.03,505,455,448,341,381
4.77,0.20,-8.80,0.03,-0.00,-0.04,505,455,448,341,381
4.66,0.17,-8.97,0.02,-0.01,-0.04,505,455,448,341,381
4.58,0.32,-8.84,0.03,-0.00,-0.05,505,455,448,341,381
4.72,0.38,-9.04,0.04,0.00,-0.04,505,455,448,341,381
4.49,0.17,-8.66,0.03,0.00,-0.03,505,455,448,341,381
4.41,0.13,-8.94,0.02,0.00,-0.03,505,455,448,341,381
4.76,0.34,-9.20,0.03,-0.00,-0.04,505,455,448,341,381
4.65,0.29,-9.08,0.04,0.00,-0.03,505,455,448,341,381
4.67,0.26,-8.84,0.03,-0.02,-0.03,505,455,448,340,381
4.36,0.27,-8.91,0.01,-0.00,-0.02,505,455,448,341,381
4.75,0.35,-9.09,0.02,-0.00,-0.03,505,455,448,341,381
4.70,0.42,-9.35,0.02,-0.01,-0.03,505,455,448,341,381
4.57,0.32,-8.99,0.04,0.00,-0.04,505,455,448,341,381
4.56,0.34,-9.06,0.03,-0.00,-0.04,505,455,448,341,381
4.73,0.39,-9.43,0.03,0.00,-0.04,505,455,448,341,381
4.88,0.36,-9.32,0.03,0.00,-0.04,505,455,448,341,381
4.54,0.31,-9.07,0.03,0.00,-0.03,505,455,448,341,381
4.47,0.33,-8.98,0.03,0.01,-0.04,505,455,448,341,381
4.47,0.35,-8.81,0.03,0.01,-0.04,505,455,448,341,381
4.54,0.34,-8.98,0.04,0.01,-0.03,505,455,448,341,381
4.47,0.35,-8.96,0.04,-0.00,-0.04,505,455,448,341,381
4.67,0.39,-8.92,0.05,-0.00,-0.05,505,455,448,341,381
4.64,0.36,-8.93,0.03,0.00,-0.04,505,455,448,341,381
4.63,0.39,-8.96,0.04,-0.00,-0.04,505,455,448,341,381
4.52,0.34,-8.94,0.04,0.00,-0.05,505,455,448,341,381
4.46,0.34,-8.79,0.03,-0.00,-0.04,505,455,448,341,381
4.54,0.32,-9.17,0.03,0.01,-0.04,505,455,448,341,381
4.59,0.42,-9.01,0.04,0.01,-0.04,505,455,448,341,381
4.54,0.30,-8.79,0.03,0.01,-0.04,505,455,448,341,381
4.56,0.29,-8.76,0.03,0.00,-0.03,505,455,448,341,381
4.44,0.29,-8.84,0.04,-0.00,-0.04,505,455,448,341,381
4.57,0.34,-8.93,0.04,-0.00,-0.04,505,455,448,341,381
4.68,0.32,-9.08,0.04,-0.01,-0.05,505,455,448,340,381
4.60,0.35,-9.07,0.04,0.00,-0.04,505,455,448,341,381
4.56,0.37,-9.02,0.02,0.00,-0.05,505,455,448,341,381
END
4.56,0.37,-8.91,0.05,0.01,-0.03,504,455,447,341,381
4.52,0.32,-8.72,0.04,0.00,-0.04,504,454,447,341,381
4.54,0.22,-8.89,0.04,-0.00,-0.04,504,454,447,341,381
4.66,0.34,-9.10,0.04,-0.01,-0.05,504,454,447,341,381
4.62,0.39,-9.00,0.04,-0.01,-0.05,504,454,447,341,381
4.65,0.37,-8.86,0.04,-0.00,-0.04,504,454,447,341,381
4.60,0.27,-8.91,0.03,0.00,-0.03,504,454,447,341,381
4.58,0.34,-8.82,0.02,-0.01,-0.03,504,454,447,341,381
4.49,0.46,-9.02,0.03,0.00,-0.03,504,454,447,341,381
4.33,0.40,-8.87,0.03,-0.00,-0.03,504,454,447,341,381
4.38,0.16,-8.63,0.04,0.00,-0.02,504,454,447,341,381
4.55,0.34,-9.24,0.03,-0.00,-0.03,504,454,447,341,381
4.49,0.29,-8.96,0.04,0.01,-0.05,504,454,447,341,380
4.65,0.28,-8.87,0.04,-0.01,-0.04,504,454,447,341,381
4.53,0.34,-8.95,0.04,-0.01,-0.04,504,454,447,341,381
4.63,0.39,-9.10,0.04,0.00,-0.04,504,454,447,341,380
4.58,0.30,-8.79,0.03,-0.00,-0.04,504,454,447,341,380
4.53,0.27,-8.79,0.04,0.00,-0.04,504,454,447,341,380
4.54,0.32,-8.92,0.03,-0.01,-0.04,504,454,447,341,381
4.61,0.34,-8.92,0.03,0.01,-0.03,504,454,447,341,381
4.41,0.32,-8.76,0.04,-0.00,-0.03,504,454,447,341,381
4.36,0.29,-8.70,0.04,0.00,-0.03,504,454,447,341,381
4.52,0.19,-9.02,0.03,0.01,-0.03,504,454,447,341,381
4.59,0.32,-9.13,0.03,-0.01,-0.03,504,454,447,341,380
4.54,0.29,-9.02,0.04,0.00,-0.03,504,454,447,341,380
4.54,0.24,-8.92,0.03,-0.00,-0.03,504,454,447,341,380
4.47,0.31,-8.82,0.03,-0.00,-0.03,504,454,447,341,381
4.58,0.12,-8.93,0.03,0.01,-0.04,504,454,447,341,380
4.70,0.36,-8.99,0.02,-0.01,-0.04,504,454,447,341,380
4.79,0.45,-9.38,0.03,0.00,-0.04,504,454,447,341,381
4.77,0.40,-9.41,0.04,0.00,-0.03,504,454,447,341,381
4.55,0.24,-8.76,0.03,-0.00,-0.04,504,454,447,341,380
4.59,0.27,-9.04,0.03,0.01,-0.03,504,454,447,341,380
4.58,0.34,-9.03,0.03,-0.00,-0.04,504,454,447,341,380
4.50,0.21,-9.00,0.04,-0.00,-0.04,504,454,447,341,380
4.64,0.27,-8.87,0.03,0.00,-0.04,503,454,447,341,380
END
4.55,0.25,-8.84,0.03,0.00,-0.03,503,454,446,341,380
4.80,0.29,-8.60,0.04,0.00,-0.05,503,453,446,341,380
4.80,0.40,-8.93,0.05,-0.03,-0.04,503,454,446,341,380
4.65,0.14,-8.79,0.03,-0.04,-0.05,503,454,446,341,380
4.92,0.34,-9.10,0.03,0.01,-0.03,503,454,446,341,380
4.82,0.24,-8.97,0.03,-0.01,-0.03,503,454,446,341,380
4.72,-0.05,-8.82,0.06,-0.01,-0.02,503,454,446,341,380
4.62,0.25,-9.07,0.04,-0.04,-0.05,503,454,446,341,380
4.52,0.19,-8.94,0.05,-0.01,-0.05,503,453,446,340,380
4.56,-0.24,-8.75,0.07,-0.02,-0.06,503,454,446,341,380
4.74,0.01,-8.73,0.05,-0.00,-0.06,503,453,446,341,380
4.71,0.42,-8.85,0.02,0.02,-0.04,503,453,446,341,380
4.80,-0.05,-8.44,0.07,0.02,0.03,503,453,446,341,380
4.30,-0.47,-8.91,0.02,-0.00,-0.01,503,453,446,341,380
4.49,0.37,-9.10,0.01,0.00,-0.06,503,454,446,341,380
4.65,0.11,-8.58,0.08,0.01,-0.10,503,454,446,341,380
5.02,-0.10,-8.71,0.05,-0.02,-0.10,503,453,446,341,380
5.04,0.24,-8.87,0.02,-0.02,-0.08,503,454,446,341,380
4.64,0.39,-8.84,0.03,-0.01,-0.04,503,453,446,341,380
4.52,0.21,-8.87,0.02,-0.01,-0.02,503,453,446,341,380
4.49,0.15,-8.86,0.03,-0.00,-0.02,503,454,446,340,380
4.80,-0.04,-9.06,0.03,-0.01,-0.02,503,453,446,341,380
4.59,0.17,-8.92,0.03,-0.01,-0.02,503,453,446,341,380
4.44,0.06,-8.97,0.03,-0.01,-0.03,503,453,446,340,380
4.80,0.17,-9.24,0.03,-0.01,-0.03,503,453,446,341,380
4.81,0.30,-9.05,0.03,-0.01,-0.03,503,453,446,341,380
4.57,0.04,-8.88,0.01,-0.01,-0.02,503,453,446,341,380
4.60,0.20,-9.02,0.03,-0.01,-0.04,503,453,446,341,380
4.44,0.17,-8.86,0.04,0.00,-0.03,503,453,446,341,380
4.61,0.17,-8.95,0.03,0.01,-0.04,503,453,446,341,380
4.67,0.19,-8.75,0.02,0.01,-0.02,503,453,446,341,380
4.41,0.03,-8.70,0.02,0.01,-0.02,503,453,446,341,380
4.64,0.32,-8.94,0.02,0.00,-0.03,503,453,446,341,380
4.45,0.07,-8.87,0.05,-0.00,-0.03,502,453,446,341,380
4.61,0.10,-8.97,0.03,-0.01,-0.04,503,453,446,341,380
4.72,0.17,-9.00,0.02,0.00,-0.04,502,453,446,341,380
END
4.67,0.24,-8.95,0.02,-0.00,-0.04,502,453,445,341,380
4.37,-0.03,-8.55,0.01,-0.01,-0.03,502,453,445,341,380
4.37,0.36,-9.05,0.03,-0.01,-0.03,502,453,445,341,380
4.48,-0.01,-8.85,0.04,0.01,-0.03,502,453,445,341,380
4.83,0.22,-9.01,0.02,-0.01,-0.04,502,452,445,341,380
4.64,0.28,-9.15,0.02,-0.00,-0.03,502,453,445,340,380
4.49,0.11,-8.91,0.04,0.01,-0.04,502,453,445,341,380
4.47,0.14,-8.87,0.03,-0.01,-0.04,502,453,445,341,380
4.74,0.28,-8.94,0.04,-0.01,-0.04,502,453,445,341,380
4.44,0.19,-8.97,0.03,0.01,-0.03,502,453,445,341,380
4.61,0.12,-8.97,0.03,0.00,-0.03,502,453,445,341,380
4.74,0.28,-9.17,0.04,-0.01,-0.04,502,453,445,341,380
4.52,0.10,-8.94,0.03,0.01,-0.04,502,453,445,341,380
4.72,0.17,-8.89,0.03,-0.00,-0.05,502,453,445,341,380
4.55,0.29,-8.81,0.03,-0.00,-0.03,502,453,445,341,380
4.54,0.11,-9.04,0.03,0.00,-0.04,502,453,445,341,380
4.56,0.29,-9.02,0.03,0.01,-0.04,502,452,445,340,380
4.77,0.28,-8.94,0.04,0.01,-0.03,502,453,445,341,380
4.34,0.04,-8.48,0.03,-0.00,-0.04,502,452,445,341,380
4.39,0.24,-8.82,0.03,0.01,-0.03,502,452,445,341,379
4.64,0.37,-9.08,0.03,-0.01,-0.05,502,452,445,341,380
4.49,0.01,-8.76,0.03,-0.00,-0.03,502,453,445,341,380
4.63,0.27,-8.99,0.04,-0.00,-0.04,502,453,445,341,380
4.44,0.14,-8.94,0.05,0.00,-0.04,502,453,445,341,380
4.68,0.21,-9.00,0.01,-0.00,-0.04,502,453,445,341,380
4.47,0.31,-8.89,0.03,0.01,-0.03,502,453,445,341,380
4.46,0.34,-8.63,0.03,0.01,-0.02,502,453,445,341,380
4.56,0.09,-8.73,0.03,0.01,-0.03,502,452,445,340,379
4.41,0.17,-8.87,0.03,0.01,-0.03,502,452,445,341,380
4.52,0.23,-8.82,0.03,0.01,-0.03,502,452,445,341,380
4.62,0.26,-9.00,0.04,-0.00,-0.04,501,452,445,341,380
4.58,0.19,-8.85,0.03,0.00,-0.05,502,452,445,340,380
4.69,0.14,-8.89,0.03,-0.00,-0.05,502,453,445,341,380
4.62,0.26,-9.19,0.02,-0.01,-0.04,502,453,445,341,380
4.52,0.27,-8.91,0.03,-0.00,-0.04,502,452,445,341,380
4.70,0.32,-8.99,0.03,-0.00,-0.04,502,452,445,341,380
END
4.61,0.29,-8.91,0.04,-0.01,-0.05,501,452,445,341,380
4.82,0.28,-9.31,0.04,0.00,-0.05,501,452,444,341,380
4.67,0.27,-8.94,0.04,-0.00,-0.03,501,452,444,340,380
4.46,0.22,-8.87,0.04,-0.00,-0.04,501,452,444,341,380
4.34,0.17,-8.74,0.03,0.00,-0.04,501,452,445,341,380
4.55,0.28,-9.04,0.03,0.00,-0.04,501,452,444,341,379
4.50,0.22,-8.94,0.04,-0.00,-0.04,501,452,445,341,380
4.59,0.27,-9.00,0.04,-0.00,-0.04,501,452,444,340,380
4.59,0.30,-8.89,0.04,-0.00,-0.04,501,452,445,341,380
4.57,0.17,-8.90,0.03,-0.01,-0.04,501,452,444,341,380
4.80,0.37,-9.38,0.03,-0.01,-0.04,501,452,445,341,380
4.60,0.21,-8.93,0.03,0.00,-0.03,501,452,445,341,380
4.59,0.24,-8.84,0.02,-0.01,-0.03,501,452,444,340,379
4.44,0.27,-9.04,0.03,-0.01,-0.04,501,452,444,341,380
4.55,0.25,-8.88,0.03,-0.00,-0.04,501,452,444,341,380
4.64,0.29,-9.07,0.03,-0.01,-0.04,501,452,444,341,380
4.47,0.32,-9.02,0.03,-0.01,-0.04,501,452,444,341,380
4.57,0.26,-8.99,0.04,0.01,-0.03,501,452,444,341,380
4.49,0.22,-8.79,0.03,0.01,-0.03,501,452,444,341,380
4.46,0.32,-8.87,0.02,-0.00,-0.03,501,452,444,341,380
4.72,0.39,-9.29,0.04,0.01,-0.03,501,452,444,341,380
4.46,0.22,-8.68,0.04,0.01,-0.03,501,452,444,341,380
4.29,0.14,-8.65,0.02,0.01,-0.02,501,452,444,341,380
4.63,0.35,-9.10,0.03,0.01,-0.04,501,452,444,341,379
4.49,0.23,-8.94,0.03,-0.00,-0.04,501,452,444,341,380
4.68,0.27,-9.10,0.04,0.00,-0.03,501,452,444,341,380
4.54,0.24,-8.88,0.03,0.00,-0.03,501,452,444,341,380
4.50,0.15,-8.82,0.04,-0.00,-0.04,501,452,444,340,380
4.49,0.25,-9.04,0.03,0.00,-0.03,501,452,444,341,380
4.58,0.21,-8.85,0.03,-0.01,-0.04,501,452,444,341,380
4.59,0.20,-8.71,0.03,0.00,-0.02,501,452,444,341,380
4.68,0.20,-9.09,0.04,-0.00,-0.02,501,452,444,341,380
4.43,0.19,-8.94,0.03,0.00,-0.03,501,452,444,341,380
4.36,0.12,-8.86,0.03,0.00,-0.03,501,452,444,341,380
4.47,0.18,-9.00,0.03,-0.00,-0.04,501,452,444,341,379
4.56,0.10,-8.90,0.03,0.00,-0.04,501,452,444,340,379
END
4.54,0.20,-9.04,0.03,0.01,-0.04,500,451,444,340,379
4.59,0.20,-8.89,0.03,0.00,-0.04,500,451,444,340,379
4.62,0.25,-8.98,0.02,-0.00,-0.03,500,451,444,341,379
4.46,0.18,-9.04,0.03,-0.00,-0.03,500,451,444,341,380
4.65,0.28,-9.24,0.04,0.00,-0.03,500,451,444,341,380
4.49,0.17,-8.84,0.03,-0.00,-0.03,500,451,444,341,380
4.40,0.19,-8.91,0.03,0.00,-0.03,500,451,444,341,380
4.62,0.32,-9.09,0.03,0.00,-0.04,500,451,444,341,379
4.84,0.24,-8.96,0.03,0.01,-0.03,500,451,444,340,379
4.67,0.34,-9.28,0.03,-0.00,-0.03,500,451,444,341,379
4.24,0.18,-8.76,0.03,0.00,-0.03,500,451,444,341,379
4.65,0.25,-9.04,0.03,0.00,-0.04,500,451,444,341,380
4.54,0.21,-8.95,0.03,-0.01,-0.03,500,451,444,341,379
4.56,0.26,-9.08,0.04,-0.00,-0.04,500,451,444,341,379
4.75,0.30,-9.34,0.04,-0.00,-0.04,500,451,444,341,379
4.40,0.17,-8.74,0.03,0.01,-0.03,500,451,444,341,379
4.55,0.22,-9.02,0.04,0.01,-0.03,500,451,444,341,379
4.62,0.37,-9.10,0.03,-0.01,-0.04,500,451,444,341,379
4.74,0.28,-9.15,0.04,0.01,-0.04,500,451,444,341,380
4.64,0.27,-9.05,0.04,0.00,-0.03,500,451,444,341,379
4.57,0.24,-9.02,0.04,0.00,-0.04,500,451,444,340,379
4.52,0.17,-8.90,0.03,0.00,-0.03,500,451,444,341,379
4.52,0.21,-8.97,0.03,-0.00,-0.04,500,451,444,340,379
4.68,0.18,-8.84,0.04,0.01,-0.03,500,451,444,341,379
4.57,0.27,-8.94,0.04,-0.00,-0.05,500,451,444,341,379
4.72,0.22,-9.12,0.03,0.00,-0.02,500,451,444,341,379
4.64,0.03,-8.74,0.03,0.00,-0.04,500,451,444,341,379
4.62,0.31,-8.97,0.03,-0.01,-0.04,500,451,444,341,379
4.42,0.24,-8.79,0.04,0.00,-0.03,500,451,444,341,379
4.48,0.15,-8.75,0.03,0.00,-0.03,500,451,444,341,379
4.62,0.22,-9.10,0.03,0.00,-0.03,500,451,443,341,379
4.49,0.16,-8.92,0.03,-0.00,-0.04,500,451,443,341,379
4.57,0.29,-8.89,0.03,-0.00,-0.04,500,451,444,340,379
4.49,0.17,-8.99,0.03,-0.00,-0.03,500,451,443,341,379
4.54,0.21,-8.74,0.03,-0.01,-0.04,500,451,443,341,379
4.77,0.36,-9.17,0.04,-0.00,-0.04,500,451,444,341,379
END
4.63,0.24,-9.04,0.03,-0.01,-0.04,500,451,443,341,379
4.44,0.29,-8.99,0.03,0.00,-0.02,500,451,443,341,379
4.48,0.24,-9.23,0.04,0.01,-0.04,500,451,443,341,379
4.62,0.20,-8.90,0.03,0.01,-0.04,500,451,443,341,379
4.63,0.24,-8.99,0.03,0.00,-0.03,499,451,443,341,379
4.41,0.29,-8.87,0.04,0.00,-0.04,499,451,443,340,379
4.52,0.24,-9.06,0.03,0.01,-0.04,499,450,443,340,379
4.59,0.25,-8.97,0.03,0.00,-0.04,499,451,443,341,379
4.54,0.19,-9.04,0.03,0.00,-0.03,499,451,443,340,379
4.52,0.26,-9.02,0.03,0.00,-0.04,499,451,443,341,379
4.36,0.06,-8.71,0.03,0.00,-0.04,500,451,443,340,379
4.60,0.35,-8.99,0.03,0.01,-0.03,500,451,443,341,379
4.43,0.15,-8.53,0.03,0.00,-0.03,499,451,443,341,379
4.72,0.23,-9.12,0.03,0.00,-0.05,499,450,443,341,379
4.68,0.29,-9.27,0.02,-0.01,-0.04,500,451,443,341,379
4.64,0.25,-9.12,0.04,0.01,-0.05,499,450,443,341,379
4.59,0.13,-8.90,0.03,0.01,-0.04,499,451,443,340,379
4.46,0.32,-8.99,0.03,0.00,-0.03,499,450,443,341,379
4.61,0.32,-9.17,0.03,0.02,-0.02,499,450,443,340,379
4.68,0.22,-9.02,0.03,0.01,-0.03,499,450,443,341,379
4.57,0.32,-8.92,0.03,0.00,-0.03,499,450,443,340,379
4.52,0.24,-8.95,0.04,-0.00,-0.04,499,451,443,341,379
4.67,0.37,-9.15,0.05,0.00,-0.03,499,451,443,341,379
4.38,0.09,-8.56,0.04,0.01,-0.03,499,451,443,341,379
4.36,0.09,-8.67,0.03,0.01,-0.04,499,451,443,341,379
4.69,0.27,-8.85,0.04,0.01,-0.03,499,451,443,341,379
4.58,0.21,-9.10,0.04,-0.01,-0.03,499,450,443,340,379
4.48,0.10,-9.06,0.04,0.00,-0.03,499,450,443,341,379
4.74,0.22,-8.97,0.03,0.00,-0.05,499,450,443,341,379
4.67,0.23,-9.13,0.03,-0.00,-0.05,499,450,443,341,379
4.52,0.28,-8.74,0.03,0.00,-0.03,499,450,443,340,379
4.45,0.21,-8.79,0.03,0.00,-0.04,499,450,443,340,379
4.74,0.32,-8.76,0.03,-0.01,-0.03,499,450,443,341,379
4.49,0.32,-8.90,0.01,-0.03,-0.04,499,450,443,341,379
4.49,0.24,-9.16,0.02,-0.01,-0.05,499,450,443,341,379
4.52,0.46,-8.82,0.04,-0.00,-0.04,499,450,443,340,379
END
4.41,0.12,-8.86,0.05,-0.01,-0.03,499,450,443,341,379
4.54,0.24,-9.26,0.04,-0.00,-0.04,499,450,443,341,379
4.52,0.12,-8.91,0.04,0.00,-0.04,499,450,443,340,379
4.68,0.37,-7.37,0.03,-0.00,-0.03,499,450,443,341,379
4.59,0.34,-9.05,0.03,-0.00,-0.04,499,450,443,340,379
4.41,0.09,-8.73,0.03,0.01,-0.03,499,450,443,340,379
4.56,0.12,-9.01,0.03,-0.00,-0.04,499,450,443,341,379
4.66,0.44,-9.41,0.03,-0.00,-0.04,499,450,443,341,379
4.54,0.29,-9.01,0.04,0.01,-0.03,499,450,443,340,379
4.65,0.11,-8.85,0.03,-0.01,-0.03,499,450,443,341,379
4.44,0.28,-9.17,0.01,-0.00,-0.03,499,450,443,341,379
4.67,0.37,-9.53,0.04,0.01,-0.03,499,450,443,341,379
4.47,0.04,-8.82,0.04,-0.01,-0.04,499,450,443,341,379
4.52,0.22,-9.11,0.04,0.00,-0.03,499,450,442,341,379
4.44,0.24,-8.96,0.04,0.01,-0.04,499,450,442,340,379
4.59,0.09,-8.90,0.03,0.01,-0.05,499,450,443,340,379
4.59,0.26,-9.03,0.01,-0.00,-0.04,499,450,442,340,379
4.57,0.34,-9.07,0.03,0.00,-0.04,499,450,443,341,379
4.73,0.34,-8.91,0.04,-0.01,-0.02,499,450,443,341,379
4.46,0.01,-8.71,0.03,-0.01,-0.02,499,450,443,341,379
4.54,0.32,-9.13,0.02,0.00,-0.03,499,450,443,340,379
4.56,0.21,-8.91,0.04,0.01,-0.02,499,450,443,341,379
4.64,0.13,-9.15,0.04,-0.01,-0.04,499,450,442,341,379
4.38,0.46,-8.92,0.03,0.01,-0.03,498,450,442,341,379
4.67,0.27,-8.88,0.04,0.02,-0.02,499,450,442,341,379
4.56,-0.10,-8.87,0.02,-0.00,-0.04,499,450,442,341,379
4.29,0.37,-9.01,-0.02,-0.00,-0.04,498,450,442,341,379
4.90,0.56,-9.43,0.05,0.03,-0.03,498,450,442,341,379
4.54,-0.23,-8.47,0.04,-0.00,-0.03,499,450,443,341,379
4.38,0.19,-9.01,-0.00,-0.02,-0.05,499,450,443,341,379
4.56,0.75,-9.27,0.05,0.02,-0.04,499,450,442,341,379
4.78,0.04,-8.61,0.06,0.00,-0.04,499,450,443,341,379
4.73,0.24,-9.19,0.02,-0.01,-0.05,499,450,443,341,379
4.60,0.62,-9.35,0.03,0.00,-0.05,498,450,442,341,379
4.72,0.22,-8.92,0.06,0.01,-0.03,498,450,442,341,379
4.64,0.02,-8.84,0.03,-0.01,-0.04,498,450,442,340,379
END
3.89,-0.84,-9.30,0.02,-0.00,-0.04,512,471,461,338,366
3.99,-0.75,-9.46,0.03,0.01,-0.04,512,471,461,338,366
3.85,-0.60,-9.38,0.03,0.00,-0.03,511,470,461,338,366
3.80,-0.85,-9.15,0.04,0.00,-0.04,512,470,461,338,366
3.89,-0.62,-9.55,0.02,-0.00,-0.04,512,470,461,338,366
3.76,-0.83,-9.15,0.02,0.00,-0.04,512,470,461,338,366
3.91,-0.77,-9.04,0.02,-0.01,-0.04,512,470,461,338,366
3.92,-0.77,-9.33,0.03,-0.00,-0.06,511,470,461,338,366
3.65,-0.89,-9.01,0.04,0.02,-0.04,511,470,461,338,366
4.03,-0.61,-9.57,0.02,0.00,-0.05,511,470,461,338,366
3.88,-0.65,-9.31,0.03,0.02,-0.03,511,470,461,338,366
3.94,-0.55,-9.23,0.03,0.02,-0.05,511,470,461,338,366
4.13,-0.60,-9.33,0.02,0.01,-0.04,511,470,461,338,366
4.10,-0.64,-9.38,0.04,-0.00,-0.04,511,469,461,338,366
3.69,-0.78,-8.94,0.04,-0.00,-0.04,511,470,461,338,366
3.88,-0.74,-9.40,0.03,0.01,-0.03,511,470,461,338,366
4.02,-0.58,-9.31,0.03,-0.00,-0.04,511,469,460,338,366
3.90,-0.69,-9.17,0.04,0.00,-0.04,511,469,460,338,366
3.78,-0.78,-8.98,0.03,0.00,-0.03,511,469,460,338,366
3.86,-0.69,-9.34,0.02,-0.01,-0.04,510,469,460,338,366
4.06,-0.62,-9.32,0.04,0.01,-0.05,510,469,460,338,366
4.11,-0.62,-9.41,0.04,0.01,-0.04,510,469,460,338,366
3.85,-0.92,-8.97,0.04,0.01,-0.03,510,469,460,338,366
3.86,-0.64,-9.22,0.03,-0.01,-0.05,510,469,460,338,366
3.80,-0.75,-8.96,0.05,0.00,-0.04,510,469,460,338,366
3.79,-0.79,-8.77,0.05,-0.01,-0.03,510,469,460,338,366
3.87,-0.68,-9.45,0.03,-0.01,-0.03,510,469,460,338,366
3.93,-0.56,-9.50,0.02,0.00,-0.03,510,469,460,338,366
4.00,-0.73,-9.44,0.04,-0.00,-0.03,510,469,460,338,366
3.85,-0.83,-9.27,0.03,0.00,-0.03,510,469,460,338,366
3.70,-0.75,-8.89,0.04,0.01,-0.03,509,468,459,339,366
4.01,-0.65,-9.11,0.04,-0.01,-0.03,509,468,459,338,366
3.75,-0.80,-9.23,0.04,0.00,-0.04,509,468,459,338,366
3.87,-0.82,-9.15,0.03,0.01,-0.03,509,468,459,338,366
4.02,-0.76,-9.22,0.02,0.02,-0.03,509,468,459,338,366
4.08,-0.60,-9.58,0.02,-0.01,-0.02,509,468,459,338,366
END
3.73,-0.80,-9.06,0.04,0.00,-0.04,507,467,457,338,365
3.97,-0.62,-9.17,0.03,0.01,-0.03,507,466,457,338,365
3.91,-0.70,-9.21,0.04,0.01,-0.03,507,466,457,338,365
3.99,-0.78,-9.05,0.04,0.00,-0.04,507,466,457,338,365
3.80,-0.70,-9.21,0.03,0.01,-0.02,506,466,457,338,365
3.83,-0.83,-8.90,0.04,0.01,-0.04,506,466,457,338,365
4.12,-0.67,-9.17,0.03,-0.01,-0.06,506,466,457,338,365
4.07,-0.62,-9.46,0.04,-0.00,-0.04,506,466,457,338,365
3.98,-0.70,-9.10,0.03,-0.01,-0.04,506,466,457,338,365
3.83,-0.73,-9.15,0.02,-0.00,-0.03,506,466,457,338,365
3.98,-0.68,-9.20,0.03,0.01,-0.04,506,466,457,338,365
4.15,-0.67,-9.43,0.04,0.01,-0.03,506,466,457,338,365
3.89,-0.72,-9.29,0.04,-0.00,-0.03,506,466,457,338,365
3.93,-0.81,-9.11,0.04,-0.00,-0.05,506,466,457,338,365
3.87,-0.72,-9.14,0.03,0.01,-0.04,506,466,457,338,365
3.91,-0.63,-9.24,0.02,-0.00,-0.04,506,466,456,338,365
4.12,-0.59,-9.26,0.03,-0.01,-0.04,506,466,456,338,365
3.99,-0.72,-9.30,0.04,0.01,-0.03,506,466,456,338,365
3.87,-0.80,-8.93,0.03,0.01,-0.03,506,466,456,338,365
3.96,-0.62,-9.29,0.02,-0.01,-0.04,506,466,456,338,365
4.08,-0.59,-9.18,0.03,0.01,-0.04,506,466,456,338,365
4.02,-0.63,-8.98,0.04,-0.00,-0.05,506,466,456,338,365
4.11,-0.60,-9.38,0.03,0.00,-0.04,506,466,456,338,365
3.96,-0.56,-9.07,0.03,0.00,-0.04,506,466,456,338,365
3.75,-0.63,-8.79,0.02,-0.01,-0.03,506,465,456,338,365
3.92,-0.61,-9.02,0.03,-0.03,-0.03,506,465,456,338,365
4.01,-0.76,-9.28,0.03,0.01,-0.05,506,465,456,338,365
4.10,-0.48,-9.61,0.02,0.01,-0.04,506,465,456,338,365
3.94,-0.72,-9.32,0.03,-0.01,-0.03,505,465,456,338,365
3.62,-0.86,-9.12,0.03,-0.01,-0.04,505,465,456,338,365
3.82,-0.67,-9.19,0.02,-0.01,-0.06,505,465,456,338,365
3.88,-0.47,-9.16,0.03,0.00,-0.05,505,465,456,338,365
4.02,-0.31,-9.53,0.03,-0.00,-0.05,505,465,456,338,365
3.75,-0.76,-8.92,0.05,0.01,-0.04,505,465,456,338,365
3.85,-0.62,-9.34,0.04,-0.02,-0.04,505,465,456,338,365
3.80,-0.62,-9.26,0.03,-0.01,-0.05,505,465,456,338,365
END
4.07,-0.58,-9.11,0.04,0.00,-0.04,504,463,455,338,364
3.86,-0.65,-9.05,0.03,-0.01,-0.03,504,464,455,338,365
3.66,-0.60,-8.95,0.02,-0.00,-0.04,503,463,454,338,364
3.85,-0.55,-9.16,0.04,0.00,-0.04,503,463,455,338,364
3.84,-0.62,-9.12,0.04,0.00,-0.04,504,463,454,338,364
3.95,-0.61,-9.30,0.03,-0.00,-0.04,503,463,454,338,364
3.72,-0.63,-9.29,0.02,-0.00,-0.04,504,463,455,338,365
4.08,-0.52,-9.32,0.04,-0.00,-0.04,504,464,455,338,365
3.83,-0.57,-9.21,0.03,-0.01,-0.04,504,463,455,338,364
3.85,-0.62,-9.35,0.03,0.01,-0.03,504,463,454,338,364
3.87,-0.65,-9.20,0.02,-0.00,-0.04,504,463,454,338,365
4.11,-0.38,-9.45,0.02,-0.01,-0.04,503,463,454,338,364
3.81,-0.52,-9.23,0.04,-0.01,-0.03,503,463,454,338,364
3.70,-0.73,-9.12,0.06,-0.00,-0.04,503,463,454,338,364
3.91,-0.56,-9.27,0.04,0.01,-0.04,503,463,454,338,364
3.75,-0.66,-9.11,0.02,-0.01,-0.05,503,463,454,338,364
3.70,-0.67,-9.07,0.01,-0.00,-0.04,503,463,454,338,364
4.09,-0.49,-9.21,0.01,0.01,-0.05,503,463,454,338,365
3.96,-0.26,-9.50,0.02,-0.00,-0.03,503,463,454,338,364
3.73,-0.47,-9.40,0.04,0.02,-0.02,503,463,454,338,365
3.87,-0.49,-9.25,0.02,0.00,-0.04,503,463,454,338,364
3.88,-0.49,-9.06,0.04,0.01,-0.04,503,463,454,338,365
3.83,-0.29,-9.50,0.04,-0.01,-0.04,503,463,454,338,364
3.88,-0.39,-9.36,0.05,0.01,-0.04,503,463,454,338,364
3.98,-0.45,-9.38,0.05,0.01,-0.03,503,463,454,338,364
3.85,-0.46,-9.12,0.04,-0.00,-0.04,503,463,454,338,364
3.88,-0.52,-9.26,0.04,0.01,-0.02,503,463,454,338,364
3.85,-0.62,-9.10,0.04,-0.01,-0.05,503,463,454,338,364
3.97,-0.62,-8.97,0.03,0.01,-0.03,503,463,454,338,364
3.88,-0.50,-9.14,0.05,0.00,-0.04,503,463,454,338,364
3.69,-0.67,-8.98,0.04,0.01,-0.03,503,463,454,338,364
3.82,-0.49,-9.15,0.04,0.00,-0.04,503,463,454,338,364
4.12,-0.66,-9.50,0.03,-0.00,-0.04,503,463,454,338,364
3.65,-0.50,-8.97,0.03,0.00,-0.04,503,463,454,338,364
3.89,-0.60,-9.18,0.04,0.01,-0.04,503,463,454,338,365
4.08,-0.57,-9.25,0.04,0.01,-0.05,502,463,453,338,364
END
3.73,-0.57,-9.06,0.03,0.00,-0.03,501,462,453,338,364
3.88,-0.50,-9.37,0.03,-0.00,-0.04,501,462,453,339,364
4.08,-0.40,-9.40,0.04,0.00,-0.04,501,462,453,338,364
3.98,-0.50,-9.26,0.03,-0.00,-0.03,501,462,453,338,364
4.11,-0.42,-9.46,0.03,0.00,-0.04,501,462,453,338,364
3.93,-0.45,-9.17,0.03,0.01,-0.03,501,462,453,338,364
3.85,-0.57,-9.07,0.04,-0.00,-0.03,501,462,453,338,364
3.89,-0.62,-9.23,0.03,0.01,-0.03,501,462,453,338,364
4.01,-0.43,-9.24,0.02,-0.01,-0.05,501,462,452,338,364
4.16,-0.32,-7.69,0.04,0.01,-0.04,501,461,453,338,364
3.97,-0.56,-9.02,0.03,-0.00,-0.03,501,461,452,338,364
3.85,-0.60,-9.04,0.04,0.01,-0.04,501,461,452,338,364
3.98,-0.58,-9.04,0.03,0.01,-0.04,501,461,452,338,364
4.07,-0.52,-9.24,0.02,-0.01,-0.04,501,462,453,338,364
3.78,-0.42,-9.32,0.03,0.00,-0.03,501,462,453,338,364
3.94,-0.57,-9.13,0.04,0.00,-0.05,501,462,452,338,364
3.88,-0.49,-8.88,0.03,-0.00,-0.03,501,462,452,338,364
3.94,-0.52,-9.34,0.03,-0.00,-0.03,501,462,452,338,364
3.96,-0.57,-9.23,0.03,0.01,-0.04,501,461,452,338,364
3.96,-0.45,-9.37,0.03,0.00,-0.04,501,461,452,338,364
4.01,-0.45,-9.16,0.04,-0.00,-0.02,501,461,452,338,364
3.98,-0.60,-9.22,0.03,0.00,-0.03,501,461,452,338,364
3.88,-0.50,-8.99,0.03,0.00,-0.04,501,461,452,338,364
3.93,-0.48,-9.21,0.03,-0.01,-0.05,501,461,452,338,364
4.00,-0.50,-9.36,0.04,-0.01,-0.03,501,461,452,338,364
3.89,-0.48,-9.19,0.05,-0.00,-0.05,501,461,452,338,364
4.00,-0.59,-9.15,0.04,0.00,-0.03,501,461,452,338,364
3.91,-0.48,-9.23,0.04,-0.01,-0.04,501,461,452,338,364
3.98,-0.61,-9.23,0.03,-0.00,-0.04,501,461,452,338,364
4.06,-0.56,-9.27,0.03,-0.00,-0.04,501,461,452,338,364
3.97,-0.37,-9.40,0.04,0.00,-0.04,500,461,452,338,364
3.98,-0.56,-9.20,0.03,0.01,-0.02,500,461,452,338,364
3.89,-0.62,-8.99,0.04,0.01,-0.03,500,461,452,338,364
4.16,-0.57,-9.32,0.02,-0.01,-0.05,500,461,452,338,364
3.82,-0.50,-9.13,0.04,0.00,-0.04,500,461,452,338,364
3.93,-0.65,-9.35,0.03,-0.00,-0.04,500,461,452,338,364
END
4.06,-0.58,-9.15,0.03,0.00,-0.04,500,461,451,338,364
3.93,-0.41,-9.07,0.03,0.01,-0.04,500,461,451,338,364
3.89,-0.49,-9.04,0.04,0.00,-0.02,500,461,451,338,364
3.87,-0.55,-9.23,0.03,0.00,-0.03,500,460,451,338,363
4.08,-0.47,-9.48,0.03,0.00,-0.03,500,460,451,338,364
4.03,-0.55,-9.16,0.04,0.00,-0.03,500,460,451,339,364
4.01,-0.57,-9.10,0.03,-0.00,-0.03,499,460,451,338,363
3.84,-0.37,-9.07,0.03,-0.00,-0.04,499,460,451,338,363
4.12,-0.50,-9.07,0.05,0.01,-0.03,499,460,451,338,364
3.97,-0.60,-9.17,0.04,-0.00,-0.03,499,460,451,338,364
4.17,-0.50,-9.35,0.03,0.01,-0.04,499,460,451,338,364
3.99,-0.53,-9.26,0.03,0.01,-0.05,499,460,451,338,363
4.16,-0.45,-9.30,0.03,0.01,-0.03,499,460,451,338,364
3.98,-0.53,-9.11,0.06,-0.00,-0.03,499,460,451,338,364
3.91,-0.66,-9.04,0.04,0.01,-0.03,499,460,451,338,363
4.03,-0.60,-9.21,0.04,0.00,-0.03,499,460,451,338,363
3.78,-0.55,-8.97,0.03,-0.01,-0.03,499,460,451,338,364
4.08,-0.57,-9.10,0.03,0.00,-0.05,499,460,451,338,364
4.08,-0.54,-9.15,0.02,0.00,-0.02,499,460,451,338,363
3.94,-0.68,-9.07,0.04,0.01,-0.02,499,460,451,338,363
3.91,-0.58,-8.97,0.03,-0.00,-0.03,499,460,451,338,363
3.97,-0.65,-9.30,0.03,0.01,-0.02,499,460,451,338,363
4.13,-0.49,-9.09,0.03,0.00,-0.03,499,460,451,338,363
3.92,-0.59,-9.20,0.02,0.01,-0.03,499,460,451,338,363
3.88,-0.56,-9.14,0.03,-0.00,-0.03,499,460,451,338,363
3.94,-0.77,-9.07,0.05,0.01,-0.03,499,460,451,338,363
3.88,-0.71,-9.13,0.03,-0.00,-0.04,499,460,450,338,363
3.96,-0.59,-9.10,0.04,0.01,-0.03,499,460,451,338,363
3.96,-0.62,-9.09,0.04,-0.01,-0.04,499,460,450,338,363
3.90,-0.78,-8.82,0.02,0.01,-0.03,499,460,450,338,363
3.93,-0.63,-9.03,0.00,0.02,-0.00,499,460,450,339,363
3.96,-0.37,-9.07,0.04,-0.00,-0.06,499,460,450,338,363
4.00,-0.63,-9.11,0.03,-0.01,-0.02,499,460,451,338,364
3.96,-0.59,-9.07,0.04,-0.00,-0.04,499,460,451,338,363
3.97,-0.74,-8.94,0.04,0.00,-0.04,499,460,451,338,363
3.97,-0.64,-9.24,0.03,-0.00,-0.02,499,460,450,338,363
END
3.86,-0.56,-9.16,0.03,0.01,-0.02,498,459,450,338,363
3.96,-0.51,-9.25,0.03,-0.00,-0.04,498,459,450,338,363
4.24,-0.48,-9.38,0.04,0.02,-0.03,498,459,450,338,363
3.96,-0.62,-9.22,0.04,-0.01,-0.04,498,459,450,338,363
3.65,-0.69,-8.92,0.04,0.01,-0.04,498,459,450,338,363
4.18,-0.60,-9.26,0.04,0.01,-0.04,498,459,450,338,363
4.03,-0.51,-9.26,0.03,-0.01,-0.04,498,459,450,338,363
3.83,-0.72,-8.77,0.02,-0.00,-0.04,498,459,450,338,363
3.96,-0.55,-8.71,0.04,0.01,-0.04,498,459,450,338,363
4.10,-0.71,-9.15,0.02,0.00,-0.03,498,459,450,338,363
3.96,-0.47,-9.24,0.03,0.00,-0.03,498,459,450,338,363
4.16,-0.52,-9.34,0.03,0.01,-0.04,497,459,450,338,363
4.23,-0.53,-9.41,0.03,-0.00,-0.03,497,459,449,338,363
4.03,-0.54,-9.22,0.04,-0.00,-0.04,497,459,450,338,363
3.91,-0.55,-9.12,0.04,0.01,-0.03,497,459,450,338,363
4.09,-0.61,-9.12,0.04,0.00,-0.03,497,459,449,338,363
4.09,-0.45,-9.12,0.03,-0.01,-0.04,497,459,449,338,363
3.96,-0.60,-8.99,0.03,-0.01,-0.04,498,459,450,338,363
3.90,-0.50,-8.92,0.03,0.01,-0.03,498,459,450,338,363
4.11,-0.50,-9.02,0.03,0.00,-0.03,497,459,450,338,363
3.91,-0.51,-9.20,0.03,0.01,-0.03,497,459,450,338,363
4.01,-0.50,-9.09,0.02,-0.00,-0.04,497,459,449,338,363
4.00,-0.50,-9.04,0.04,0.00,-0.03,497,459,449,338,363
3.95,-0.55,-9.06,0.03,-0.00,-0.03,497,459,449,338,363
4.03,-0.59,-9.32,0.04,-0.01,-0.04,497,459,449,338,363
4.06,-0.44,-9.09,0.03,0.00,-0.04,497,459,449,338,363
4.01,-0.61,-9.07,0.03,0.01,-0.03,497,459,449,338,363
4.14,-0.50,-9.47,0.01,-0.02,-0.04,497,459,449,338,363
3.91,-0.42,-9.32,0.04,0.01,-0.04,497,459,449,338,363
4.31,-0.57,-9.28,0.05,0.01,-0.04,497,459,449,338,363
4.14,-0.58,-9.21,0.03,-0.00,-0.03,497,459,449,338,363
3.67,-0.57,-8.91,0.03,0.00,-0.03,497,459,449,338,363
4.04,-0.48,-9.15,0.04,-0.00,-0.05,497,459,449,338,363
3.98,-0.52,-9.15,0.03,-0.00,-0.03,497,459,449,338,363
4.12,-0.50,-9.49,0.04,-0.01,-0.04,497,459,449,338,363
4.11,-0.50,-9.17,0.03,0.00,-0.03,497,459,449,338,363
END
3.98,-0.58,-9.11,0.04,-0.00,-0.04,496,458,449,338,362
3.98,-0.56,-9.12,0.04,0.00,-0.04,497,458,449,338,363
4.10,-0.38,-9.45,0.03,-0.00,-0.04,496,458,449,338,363
3.83,-0.57,-8.89,0.04,0.01,-0.04,497,458,449,338,363
4.13,-0.64,-9.22,0.04,0.01,-0.03,497,458,449,338,363
3.96,-0.56,-9.25,0.03,-0.00,-0.05,497,458,449,338,363
4.06,-0.55,-9.24,0.03,0.01,-0.03,497,458,449,338,363
4.14,-0.48,-9.15,0.04,0.01,-0.04,496,458,449,338,363
4.17,-0.52,-9.38,0.03,-0.00,-0.04,496,458,449,338,363
4.13,-0.50,-9.15,0.03,0.01,-0.04,496,458,449,338,363
4.13,-0.56,-9.13,0.04,0.01,-0.03,496,458,449,338,363
3.97,-0.64,-9.24,0.03,0.01,-0.03,496,458,448,338,362
4.03,-0.42,-9.14,0.04,0.01,-0.04,496,458,448,338,363
4.11,-0.59,-9.13,0.04,0.01,-0.03,496,458,449,338,363
4.02,-0.54,-8.92,0.02,0.00,-0.04,496,458,449,338,363
4.01,-0.50,-8.90,0.04,0.01,-0.04,496,458,449,338,363
4.24,-0.47,-9.02,0.04,0.00,-0.04,496,458,449,338,363
4.16,-0.50,-9.05,0.03,0.01,-0.02,496,458,449,338,363
4.02,-0.60,-9.35,0.03,0.00,-0.04,496,458,448,339,364
4.07,-0.46,-9.20,0.04,0.01,-0.04,496,458,448,338,363
4.15,-0.47,-9.27,0.03,0.01,-0.04,496,458,448,338,362
4.18,-0.42,-9.38,0.04,0.01,-0.05,496,458,448,338,362
4.27,-0.47,-9.09,0.04,0.02,-0.04,496,458,448,338,364
4.07,-0.67,-8.92,0.03,-0.02,-0.06,496,458,448,338,363
4.19,-0.42,-9.37,0.03,0.01,-0.04,496,458,448,338,363
4.28,-0.45,-9.07,0.04,0.01,-0.04,496,458,448,338,363
4.16,-0.73,-8.92,0.03,-0.00,-0.03,496,458,448,338,363
4.08,-0.51,-8.94,0.03,0.00,-0.03,496,458,448,338,363
4.31,-0.58,-9.12,0.04,0.01,-0.05,496,458,448,338,363
4.50,-0.43,-9.48,0.04,-0.01,-0.04,496,458,448,338,363
4.13,-0.57,-9.06,0.04,0.01,-0.03,496,458,448,338,363
4.27,-0.65,-9.30,0.04,0.01,-0.02,496,458,448,338,363
4.34,-0.37,-9.45,0.03,-0.01,-0.05,496,458,448,338,363
4.16,-0.57,-9.02,0.03,0.01,-0.04,496,458,448,338,363
4.46,-0.45,-9.30,0.03,0.01,-0.04,496,458,448,338,363
4.13,-0.49,-9.00,0.04,0.01,-0.03,496,458,448,338,363
END
4.13,-0.50,-8.95,0.04,0.01,-0.03,496,457,448,338,363
4.19,-0.52,-8.82,0.04,-0.01,-0.03,496,457,448,338,363
4.20,-0.39,-8.99,0.03,-0.00,-0.03,496,457,448,339,363
4.24,-0.50,-8.92,0.05,0.01,-0.03,495,457,448,338,363
4.24,-0.56,-8.97,0.03,-0.01,-0.04,495,457,448,338,362
4.27,-0.39,-8.97,0.05,0.01,-0.04,495,457,448,338,363
4.43,-0.59,-8.82,0.04,-0.00,-0.03,495,457,448,338,362
4.32,-0.52,-9.11,0.03,-0.01,-0.02,495,457,448,338,363
4.21,-0.41,-9.23,0.04,0.01,-0.02,495,457,448,338,363
4.49,-0.51,-9.21,0.03,-0.00,-0.02,495,457,448,338,363
4.10,-0.58,-8.92,0.03,0.01,-0.03,495,457,448,338,363
4.32,-0.39,-8.76,0.02,0.01,-0.03,495,457,448,338,363
4.47,-0.49,-8.94,0.03,0.01,-0.03,495,457,448,338,363
4.22,-0.63,-8.98,0.03,-0.00,-0.01,495,457,448,338,362
4.22,-0.54,-9.22,0.03,0.00,-0.03,495,457,448,338,362
4.33,-0.50,-8.99,0.03,-0.01,-0.03,495,457,448,336,363
4.30,-0.53,-8.97,0.03,-0.01,-0.03,495,457,448,338,362
4.28,-0.68,-8.96,0.04,-0.01,-0.04,495,457,448,338,363
4.38,-0.56,-8.99,0.03,-0.01,-0.05,495,457,448,338,362
4.22,-0.51,-8.87,0.04,-0.01,-0.04,495,457,448,337,362
4.35,-0.56,-9.03,0.05,-0.01,-0.04,495,457,448,338,363
4.33,-0.57,-8.94,0.03,-0.01,-0.04,495,457,448,338,363
4.12,-0.57,-9.02,0.03,0.00,-0.04,495,457,448,338,363
4.42,-0.52,-9.18,0.04,0.00,-0.03,495,457,448,338,363
4.20,-0.65,-8.84,0.03,0.01,-0.03,495,457,448,338,363
4.31,-0.55,-9.00,0.04,0.00,-0.04,495,457,448,338,362
4.19,-0.50,-8.91,0.02,-0.00,-0.03,495,457,448,338,362
4.24,-0.47,-9.09,0.03,-0.00,-0.04,495,457,448,339,362
4.34,-0.60,-9.08,0.03,0.01,-0.04,495,457,448,338,362
4.38,-0.46,-8.94,0.03,-0.00,-0.03,495,457,448,339,362
4.07,-0.59,-8.75,0.04,0.01,-0.03,495,457,448,338,362
4.39,-0.44,-8.99,0.04,0.00,-0.03,495,457,448,338,363
4.14,-0.51,-8.97,0.03,0.00,-0.03,495,457,448,338,363
4.32,-0.51,-9.10,0.04,-0.00,-0.04,495,457,448,338,363
4.19,-0.55,-8.84,0.02,-0.00,-0.03,495,457,448,338,362
4.24,-0.50,-8.96,0.03,-0.00,-0.03,495,457,448,338,363
END
4.26,-0.70,-8.81,0.03,-0.00,-0.03,494,456,447,338,362
4.19,-0.62,-8.98,0.04,0.01,-0.04,494,456,447,338,362
4.17,-0.47,-8.77,0.02,-0.01,-0.04,494,456,447,338,362
4.30,-0.43,-9.30,0.04,-0.00,-0.03,494,456,447,338,363
4.37,-0.42,-9.32,0.04,-0.01,-0.04,494,456,447,338,362
4.22,-0.58,-8.91,0.04,0.01,-0.04,494,456,447,338,362
4.47,-0.52,-8.94,0.03,-0.00,-0.02,494,456,447,338,362
4.38,-0.34,-9.38,0.03,-0.01,-0.02,494,457,447,338,363
4.23,-0.50,-9.04,0.03,0.00,-0.03,494,456,447,338,362
4.39,-0.59,-9.16,0.03,0.00,-0.03,494,457,447,338,362
4.20,-0.39,-8.95,0.03,0.00,-0.03,494,456,447,338,362
4.32,-0.56,-9.05,0.04,-0.00,-0.03,494,456,447,338,362
4.20,-0.53,-8.99,0.04,-0.00,-0.03,494,456,447,338,362
4.33,-0.52,-9.14,0.04,-0.00,-0.03,494,456,447,338,362
4.42,-0.59,-9.08,0.02,0.00,-0.03,494,456,447,338,362
4.16,-0.39,-9.15,0.03,-0.02,-0.03,494,456,447,338,362
4.26,-0.53,-8.92,0.04,0.01,-0.03,494,456,447,339,362
4.22,-0.45,-8.96,0.03,0.01,-0.03,494,456,447,338,363
4.18,-0.62,-9.06,0.03,0.00,-0.03,494,456,447,338,362
4.16,-0.48,-8.97,0.03,0.01,-0.03,494,456,447,338,362
4.41,-0.39,-9.35,0.03,-0.01,-0.03,494,456,447,338,362
4.18,-0.42,-9.18,0.05,0.00,-0.04,494,456,447,338,362
4.17,-0.79,-8.62,0.03,0.00,-0.04,494,456,447,338,362
4.28,-0.45,-8.94,0.02,-0.01,-0.04,494,456,447,338,362
4.19,-0.41,-8.91,0.04,0.01,-0.02,494,456,447,338,362
4.09,-0.67,-8.74,0.04,0.00,-0.03,494,456,447,338,362
4.19,-0.57,-9.13,0.03,0.00,-0.03,494,456,447,338,362
4.29,-0.48,-9.14,0.04,0.00,-0.03,494,456,447,338,362
4.33,-0.51,-9.11,0.04,-0.00,-0.03,494,456,447,338,362
4.31,-0.54,-9.24,0.04,0.00,-0.03,494,456,447,338,362
4.08,-0.72,-8.89,0.03,0.00,-0.03,494,456,447,338,362
4.24,-0.52,-8.99,0.03,-0.00,-0.03,494,456,447,338,362
4.30,-0.59,-8.97,0.04,0.00,-0.04,494,456,447,338,362
4.24,-0.55,-8.96,0.04,-0.01,-0.04,494,456,447,338,362
4.21,-0.59,-9.20,0.03,-0.00,-0.03,494,456,447,338,362
4.18,-0.59,-9.12,0.04,-0.00,-0.04,494,456,447,338,362
END
4.33,-0.57,-9.20,0.02,-0.00,-0.03,494,456,446,338,362
4.21,-0.47,-9.13,0.03,-0.01,-0.04,494,456,446,338,362
4.47,-0.42,-9.50,0.04,0.00,-0.03,494,456,446,338,362
4.07,-0.56,-8.84,0.04,-0.01,-0.03,494,456,447,338,362
4.16,-0.57,-8.93,0.04,-0.00,-0.03,494,456,446,338,362
4.13,-0.73,-9.03,0.03,0.01,-0.04,493,456,446,338,362
4.20,-0.52,-9.00,0.03,-0.00,-0.04,493,456,446,339,362
4.29,-0.49,-9.26,0.04,0.01,-0.04,493,456,446,338,362
4.34,-0.63,-9.02,0.03,0.01,-0.03,493,455,446,338,362
4.34,-0.54,-9.20,0.02,-0.00,-0.02,494,455,446,338,362
4.11,-0.51,-9.07,0.03,0.00,-0.03,493,455,446,338,362
4.21,-0.60,-9.19,0.04,0.01,-0.03,493,455,446,338,362
4.26,-0.62,-9.04,0.03,0.00,-0.04,494,456,446,338,362
4.18,-0.49,-9.27,0.03,0.00,-0.03,493,456,446,338,363
4.21,-0.64,-8.82,0.03,0.00,-0.04,493,456,446,338,362
4.24,-0.57,-9.10,0.04,-0.00,-0.04,494,456,446,338,362
4.16,-0.62,-8.97,0.03,0.00,-0.03,493,456,446,338,362
4.29,-0.57,-9.12,0.03,-0.01,-0.05,493,456,446,338,362
4.18,-0.54,-9.07,0.03,0.01,-0.03,493,455,446,338,362
4.33,-0.62,-8.68,0.03,-0.01,-0.02,493,455,446,338,362
4.13,-0.65,-8.97,0.03,0.00,-0.03,493,455,446,338,362
4.26,-0.57,-9.04,0.03,0.00,-0.03,493,455,446,338,362
4.12,-0.46,-8.90,0.03,-0.01,-0.03,493,455,446,338,362
4.16,-0.65,-9.04,0.03,-0.00,-0.04,493,456,446,338,362
4.48,-0.50,-9.27,0.03,-0.00,-0.04,493,456,446,338,362
4.23,-0.62,-9.02,0.02,-0.00,-0.04,493,456,446,338,362
4.19,-0.50,-9.15,0.03,0.00,-0.04,493,456,446,338,362
4.18,-0.50,-9.17,0.03,0.01,-0.04,493,456,446,338,362
4.24,-0.65,-8.98,0.04,0.00,-0.04,493,455,446,338,362
4.20,-0.67,-9.07,0.03,0.00,-0.04,493,455,446,338,362
4.30,-0.45,-9.17,0.04,0.01,-0.03,493,455,446,339,362
4.24,-0.48,-9.35,0.04,0.00,-0.03,493,455,446,338,362
4.00,-0.64,-8.85,0.04,0.01,-0.03,493,455,446,338,362
4.42,-0.41,-9.32,0.02,0.01,-0.04,493,455,446,338,362
4.39,-0.47,-9.49,0.03,-0.01,-0.04,493,456,446,338,362
4.18,-0.52,-8.93,0.04,0.01,-0.03,493,455,446,338,362
END
4.38,-0.59,-8.89,0.04,0.00,-0.03,493,455,446,338,362
4.12,-0.60,-8.96,0.04,0.01,-0.04,493,455,446,338,362
4.41,-0.43,-9.38,0.02,0.00,-0.04,493,455,446,338,362
4.11,-0.63,-8.97,0.03,-0.01,-0.04,493,455,445,338,362
4.31,-0.55,-9.10,0.04,0.01,-0.04,493,455,445,338,362
4.47,-0.63,-9.00,0.02,-0.00,-0.03,493,455,445,338,362
4.16,-0.47,-8.95,0.04,0.00,-0.03,493,455,446,338,362
4.24,-0.64,-8.69,0.03,0.01,-0.04,493,455,445,338,362
4.25,-0.58,-9.07,0.03,0.01,-0.03,493,455,446,338,362
4.21,-0.55,-8.82,0.03,-0.01,-0.03,493,455,446,338,362
4.22,-0.62,-9.05,0.04,0.01,-0.03,493,455,446,338,362
4.36,-0.50,-9.07,0.04,-0.00,-0.03,493,455,446,338,362
4.39,-0.47,-9.32,0.04,-0.01,-0.04,493,455,446,338,362
4.26,-0.57,-8.86,0.04,-0.01,-0.04,493,455,446,338,362
4.29,-0.61,-9.04,0.03,-0.00,-0.06,493,455,446,338,362
4.34,-0.44,-9.27,0.04,0.00,-0.03,493,455,445,338,362
4.29,-0.45,-9.00,0.04,-0.00,-0.04,493,455,445,339,362
4.17,-0.64,-8.94,0.03,0.01,-0.02,493,455,445,338,362
4.22,-0.50,-9.12,0.02,0.00,-0.03,493,455,445,338,362
4.32,-0.52,-9.18,0.03,0.00,-0.04,493,455,446,338,362
4.20,-0.62,-8.85,0.04,0.00,-0.04,493,455,446,338,362
4.10,-0.57,-8.98,0.04,0.00,-0.04,493,455,446,338,362
4.33,-0.47,-9.04,0.04,0.00,-0.04,493,455,446,338,362
4.15,-0.64,-9.18,0.03,-0.01,-0.03,493,455,446,338,362
4.23,-0.47,-9.16,0.04,0.00,-0.04,493,455,446,338,362
4.32,-0.55,-8.90,0.04,-0.00,-0.03,493,455,445,338,362
4.21,-0.60,-9.16,0.03,0.00,-0.02,493,455,445,338,362
4.29,-0.59,-9.35,0.02,0.00,-0.03,493,455,445,338,362
4.39,-0.49,-9.17,0.03,0.00,-0.04,493,455,445,338,363
4.15,-0.54,-8.92,0.03,-0.01,-0.04,493,455,445,338,362
4.28,-0.55,-9.21,0.04,0.00,-0.04,493,455,445,338,362
4.19,-0.52,-8.78,0.03,0.00,-0.04,493,455,446,338,362
4.28,-0.67,-9.00,0.03,0.00,-0.03,493,455,445,338,362
4.34,-0.39,-9.10,0.04,-0.00,-0.04,493,455,445,338,362
4.26,-0.49,-9.04,0.04,0.01,-0.03,493,455,445,338,362
4.25,-0.62,-9.15,0.05,-0.00,-0.02,493,455,445,338,362
END
4.20,-0.58,-8.87,0.04,-0.01,-0.04,492,454,445,338,362
4.43,-0.55,-9.01,0.04,0.01,-0.03,492,454,445,338,362
4.40,-0.58,-9.21,0.04,-0.00,-0.03,492,454,445,338,362
4.20,-0.58,-9.12,0.03,-0.00,-0.04,492,454,445,338,362
4.37,-0.55,-9.12,0.03,0.00,-0.04,492,454,445,338,362
4.42,-0.55,-9.16,0.03,-0.01,-0.04,492,454,445,338,362
4.39,-0.61,-9.38,0.03,0.00,-0.03,492,454,445,338,362
4.34,-0.60,-8.92,0.02,-0.01,-0.04,492,454,445,338,362
4.34,-0.55,-9.21,0.03,-0.00,-0.02,492,454,445,338,362
4.37,-0.60,-9.08,0.04,-0.01,-0.04,492,454,445,338,362
4.34,-0.41,-9.02,0.03,0.00,-0.03,492,454,445,338,362
4.31,-0.61,-9.05,0.04,0.00,-0.03,492,454,445,338,363
4.28,-0.64,-8.92,0.03,0.00,-0.02,492,454,445,338,362
4.22,-0.65,-9.02,0.02,0.00,-0.04,492,454,445,338,362
4.36,-0.51,-9.18,0.03,0.00,-0.04,492,454,445,338,362
4.37,-0.60,-8.99,0.03,-0.00,-0.03,492,454,445,338,362
4.34,-0.58,-9.08,0.04,-0.00,-0.04,492,454,445,338,362
4.36,-0.41,-9.04,0.03,0.00,-0.03,492,454,445,338,362
4.37,-0.62,-9.15,0.04,-0.00,-0.04,492,454,445,338,362
4.20,-0.62,-9.01,0.02,-0.01,-0.03,492,454,445,338,362
4.51,-0.53,-9.09,0.04,0.01,-0.03,492,454,445,338,362
4.09,-0.66,-8.61,0.04,-0.00,-0.03,492,454,445,338,362
4.20,-0.63,-9.10,0.03,-0.00,-0.03,492,454,445,338,361
4.26,-0.67,-8.94,0.03,-0.00,-0.03,492,454,445,338,362
4.19,-0.61,-7.37,0.04,-0.01,-0.04,492,454,445,338,362
4.34,-0.74,-8.94,0.03,-0.00,-0.04,492,454,445,338,362
4.35,-0.53,-9.09,0.04,0.01,-0.04,492,454,445,338,361
4.29,-0.68,-8.94,0.04,0.01,-0.03,492,454,445,338,362
4.25,-0.70,-8.96,0.03,-0.00,-0.04,492,454,445,338,362
4.43,-0.56,-8.92,0.02,-0.00,-0.04,492,454,445,338,362
4.40,-0.51,-8.98,0.04,0.00,-0.04,492,454,445,338,362
4.34,-0.55,-9.10,0.04,-0.01,-0.03,492,454,445,338,362
4.28,-0.58,-9.11,0.04,-0.00,-0.04,492,454,445,338,362
4.26,-0.70,-8.94,0.03,0.01,-0.04,492,454,445,338,362
4.20,-0.47,-8.94,0.02,-0.00,-0.05,492,454,445,338,362
4.34,-0.38,-9.25,0.04,0.00,-0.03,492,454,445,338,362
END
4.44,-0.65,-8.97,0.04,0.00,-0.04,491,453,445,338,362
4.47,-0.57,-9.14,0.04,-0.00,-0.03,492,454,445,338,362
4.32,-0.58,-9.18,0.04,0.00,-0.04,492,454,445,338,362
4.17,-0.52,-9.04,0.04,-0.00,-0.04,492,454,445,338,362
4.36,-0.64,-9.04,0.04,0.01,-0.04,492,454,445,338,362
4.39,-0.45,-8.97,0.03,0.00,-0.03,492,454,445,338,362
4.24,-0.55,-8.99,0.03,-0.00,-0.04,491,454,444,338,362
4.29,-0.51,-9.28,0.02,-0.00,-0.04,491,453,444,338,362
4.47,-0.47,-9.11,0.04,0.01,-0.03,491,453,444,338,362
4.39,-0.61,-9.06,0.03,0.01,-0.02,491,453,444,338,362
4.05,-0.68,-8.74,0.03,0.02,-0.03,491,453,444,338,362
4.44,-0.63,-9.10,0.03,0.00,-0.04,491,453,444,339,362
4.24,-0.50,-8.84,0.03,-0.01,-0.03,491,454,445,338,362
4.21,-0.58,-8.95,0.04,0.01,-0.02,491,454,445,338,362
4.38,-0.57,-8.95,0.04,-0.00,-0.05,491,454,445,338,362
4.31,-0.66,-8.89,0.02,-0.00,-0.03,491,454,445,338,362
4.26,-0.56,-9.01,0.03,0.00,-0.04,491,454,445,338,362
4.56,-0.59,-9.06,0.02,0.00,-0.05,491,453,444,338,362
4.37,-0.40,-9.10,0.03,-0.00,-0.04,491,453,444,338,362
4.31,-0.67,-8.99,0.04,0.01,-0.03,491,453,444,338,362
4.29,-0.51,-8.99,0.03,-0.01,-0.04,491,453,444,338,362
4.39,-0.55,-9.12,0.04,0.01,-0.04,491,453,444,338,362
4.34,-0.55,-9.08,0.03,-0.01,-0.03,491,453,444,338,362
4.21,-0.56,-9.02,0.04,0.00,-0.04,491,453,444,338,362
4.52,-0.56,-8.97,0.03,0.00,-0.04,491,453,444,338,362
4.38,-0.57,-8.90,0.03,-0.00,-0.04,491,453,444,338,362
4.25,-0.73,-8.98,0.03,0.01,-0.03,491,453,444,338,362
4.27,-0.43,-9.07,0.03,-0.00,-0.03,491,453,444,338,362
4.19,-0.59,-8.97,0.03,0.01,-0.02,491,453,444,338,362
4.36,-0.60,-8.92,0.04,0.01,-0.03,491,453,444,338,362
4.31,-0.62,-8.90,0.02,0.01,-0.04,491,453,444,338,362
4.36,-0.40,-9.02,0.03,-0.00,-0.03,491,453,444,338,362
4.19,-0.50,-9.14,0.04,-0.02,-0.03,491,453,444,338,362
4.37,-0.55,-9.01,0.04,-0.00,-0.04,491,453,444,338,362
4.48,-0.44,-8.89,0.04,-0.00,-0.04,491,453,444,338,362
4.27,-0.61,-9.02,0.03,-0.01,-0.03,491,453,444,338,362
END
4.26,-0.63,-8.98,0.02,-0.00,-0.04,491,453,444,338,362
4.26,-0.39,-9.02,0.03,0.00,-0.03,491,453,444,338,362
4.31,-0.65,-8.95,0.03,-0.01,-0.04,491,453,444,338,362
4.36,-0.50,-8.84,0.03,0.00,-0.04,491,453,444,338,362
4.27,-0.61,-8.96,0.03,0.01,-0.03,491,453,444,338,362
4.49,-0.57,-9.10,0.03,-0.00,-0.03,491,453,444,338,362
4.35,-0.50,-8.99,0.03,0.00,-0.04,491,453,444,338,362
4.32,-0.50,-8.95,0.03,0.00,-0.03,491,453,444,338,362
4.26,-0.46,-9.17,0.03,-0.01,-0.04,491,453,444,338,362
4.21,-0.55,-8.94,0.04,0.01,-0.04,491,453,444,338,362
4.29,-0.50,-9.05,0.03,-0.01,-0.04,491,453,444,338,362
4.42,-0.39,-9.36,0.03,-0.01,-0.04,491,453,444,338,362
4.30,-0.52,-8.78,0.04,-0.01,-0.03,491,453,444,338,362
4.03,-0.50,-8.85,0.03,-0.01,-0.03,491,453,444,338,362
4.34,-0.45,-9.05,0.04,0.01,-0.04,491,453,444,338,362
4.27,-0.50,-9.04,0.02,-0.02,-0.04,491,453,444,338,362
4.24,-0.60,-8.84,0.03,0.01,-0.03,491,453,444,338,362
4.42,-0.42,-9.03,0.03,-0.01,-0.04,491,453,443,338,362
4.36,-0.46,-9.31,0.03,0.00,-0.03,491,453,444,338,362
4.28,-0.57,-8.97,0.03,0.01,-0.03,491,453,444,338,362
4.34,-0.39,-9.19,0.03,0.00,-0.03,491,453,444,338,362
4.27,-0.44,-9.11,0.03,0.00,-0.03,491,453,444,338,362
4.39,-0.51,-8.82,0.03,-0.00,-0.04,491,453,444,338,362
4.47,-0.40,-9.43,0.03,0.00,-0.02,491,453,444,338,362
4.36,-0.61,-9.02,0.04,-0.01,-0.04,490,453,444,338,362
4.36,-0.54,-9.12,0.03,-0.00,-0.04,491,453,444,338,362
4.52,-0.50,-9.08,0.04,0.01,-0.03,490,453,444,338,362
4.49,-0.34,-9.25,0.03,-0.00,-0.03,490,453,444,338,362
4.08,-0.64,-8.84,0.03,-0.00,-0.02,490,453,444,338,362
4.23,-0.48,-8.93,0.03,0.01,-0.03,491,453,444,338,362
4.31,-0.44,-9.09,0.03,0.00,-0.03,491,453,444,338,362
4.19,-0.47,-9.18,0.03,-0.00,-0.03,491,453,444,338,362
4.37,-0.56,-8.72,0.04,0.00,-0.03,491,453,444,338,362
4.24,-0.48,-9.05,0.03,-0.01,-0.04,491,453,444,338,362
4.41,-0.50,-9.07,0.04,0.01,-0.03,491,453,444,338,362
4.43,-0.49,-9.05,0.03,-0.01,-0.04,491,453,444,338,362
END
4.29,-0.42,-9.15,0.04,0.01,-0.03,490,452,444,338,362
4.25,-0.60,-8.95,0.04,0.00,-0.04,490,452,443,338,362
4.42,-0.47,-9.04,0.04,0.01,-0.04,490,452,443,338,362
4.39,-0.40,-9.11,0.04,0.01,-0.03,490,452,443,338,362
4.34,-0.66,-8.99,0.04,-0.00,-0.03,490,452,444,338,362
4.34,-0.52,-9.09,0.03,-0.01,-0.05,490,452,444,338,362
4.46,-0.52,-9.07,0.04,0.01,-0.03,490,452,443,338,362
4.37,-0.45,-9.05,0.03,-0.01,-0.02,490,452,444,338,362
4.28,-0.62,-9.04,0.03,0.00,-0.03,490,452,444,338,362
4.32,-0.48,-8.89,0.03,0.00,-0.04,490,452,443,338,362
4.41,-0.49,-9.15,0.03,0.01,-0.03,490,452,443,338,362
4.30,-0.55,-9.04,0.03,-0.00,-0.04,490,452,443,338,362
4.46,-0.49,-9.11,0.03,0.01,-0.03,490,452,443,338,362
4.33,-0.50,-8.89,0.04,0.00,-0.03,490,452,443,338,362
4.30,-0.65,-8.96,0.03,0.00,-0.03,490,452,443,338,362
4.23,-0.64,-9.04,0.03,0.01,-0.04,490,452,444,338,362
4.57,-0.29,-9.10,0.03,0.00,-0.04,490,452,443,338,362
4.31,-0.52,-9.04,0.04,0.00,-0.02,490,452,443,338,362
4.34,-0.43,-9.07,0.03,-0.00,-0.03,490,452,444,338,361
4.49,-0.50,-9.20,0.04,0.00,-0.04,490,452,444,338,362
4.47,-0.48,-9.16,0.04,-0.00,-0.03,490,452,443,338,362
4.39,-0.47,-9.08,0.04,-0.00,-0.04,490,452,443,338,362
4.45,-0.50,-9.02,0.05,0.01,-0.04,490,452,443,338,362
4.53,-0.55,-8.96,0.04,-0.01,-0.03,490,452,443,338,362
4.24,-0.49,-8.94,0.03,-0.00,-0.03,490,452,443,338,362
4.28,-0.54,-9.07,0.03,0.01,-0.04,490,452,443,338,362
4.57,-0.49,-9.27,0.02,-0.00,-0.04,490,452,443,338,362
4.24,-0.57,-9.02,0.03,-0.00,-0.03,490,452,443,338,362
4.36,-0.51,-9.07,0.03,0.01,-0.02,490,452,443,338,362
4.29,-0.66,-8.89,0.04,-0.01,-0.03,490,452,443,338,362
4.35,-0.55,-9.01,0.03,-0.00,-0.03,490,452,443,338,362
4.38,-0.47,-8.97,0.04,-0.01,-0.04,490,452,443,338,362
4.39,-0.57,-8.92,0.03,-0.01,-0.04,490,452,443,338,362
4.34,-0.53,-8.89,0.04,-0.00,-0.03,490,452,443,338,362
4.29,-0.54,-8.90,0.03,-0.00,-0.03,490,452,443,338,362
4.35,-0.67,-8.94,0.03,0.00,-0.03,490,452,443,338,362
END
4.49,-0.60,-9.13,0.03,-0.01,-0.04,490,452,443,338,362
4.50,-0.47,-9.02,0.03,0.00,-0.03,490,452,443,338,362
4.27,-0.49,-9.20,0.03,-0.01,-0.03,490,452,443,338,362
4.47,-0.55,-9.10,0.04,-0.00,-0.04,490,452,443,338,362
4.49,-0.52,-8.94,0.03,-0.00,-0.03,490,452,443,338,361
4.29,-0.55,-9.07,0.04,-0.00,-0.03,490,452,443,338,362
4.42,-0.62,-9.02,0.02,0.00,-0.04,489,452,443,338,362
4.38,-0.45,-9.09,0.04,0.01,-0.03,490,452,443,338,362
4.44,-0.50,-9.10,0.03,-0.00,-0.03,490,452,443,338,361
4.26,-0.65,-8.84,0.04,0.00,-0.04,490,452,443,338,362
4.31,-0.57,-9.01,0.02,0.00,-0.04,489,452,443,338,362
4.50,-0.53,-8.99,0.03,0.01,-0.04,490,452,443,338,362
4.57,-0.53,-9.05,0.03,-0.00,-0.04,490,452,443,338,362
4.41,-0.56,-9.01,0.03,0.00,-0.03,490,452,443,338,362
4.41,-0.50,-8.78,0.03,0.01,-0.03,490,452,443,338,362
4.47,-0.60,-8.97,0.03,-0.00,-0.03,490,452,443,338,362
4.45,-0.50,-8.99,0.02,-0.01,-0.05,490,452,443,338,361
4.48,-0.47,-8.98,0.04,0.01,-0.04,489,452,443,338,362
4.54,-0.47,-8.93,0.03,-0.00,-0.03,489,452,443,338,362
4.26,-0.45,-9.00,0.03,-0.00,-0.03,489,452,443,338,361
4.34,-0.60,-8.93,0.04,0.00,-0.04,489,452,443,338,361
4.37,-0.65,-8.88,0.03,-0.00,-0.03,489,452,443,338,361
4.39,-0.55,-9.25,0.04,-0.01,-0.03,490,452,443,338,362
4.25,-0.59,-8.93,0.04,0.01,-0.04,489,452,443,338,362
4.45,-0.55,-8.89,0.04,0.00,-0.04,490,452,443,338,362
4.18,-0.64,-8.97,0.03,-0.00,-0.03,490,452,443,338,362
4.27,-0.60,-8.82,0.02,0.01,-0.05,489,452,443,338,362
4.38,-0.44,-8.87,0.03,-0.00,-0.03,490,452,443,338,362
4.31,-0.49,-8.95,0.03,0.00,-0.01,489,452,443,338,361
4.26,-0.57,-8.67,0.03,0.01,-0.03,489,452,443,338,362
4.25,-0.50,-8.81,0.04,0.01,-0.03,489,452,443,338,362
4.41,-0.61,-8.91,0.04,-0.01,-0.03,489,452,443,338,362
4.31,-0.47,-8.99,0.04,-0.00,-0.04,489,452,443,338,361
4.56,-0.45,-8.81,0.04,0.01,-0.04,490,452,443,338,362
4.53,-0.55,-9.03,0.03,0.01,-0.03,490,452,443,338,362
4.38,-0.45,-9.02,0.03,0.01,-0.04,489,452,443,338,362
END
4.48,-0.47,-8.90,0.03,0.00,-0.03,489,452,443,338,362
4.52,-0.57,-9.04,0.03,-0.01,-0.04,489,451,442,338,361
4.36,-0.65,-8.96,0.03,-0.00,-0.03,489,451,443,338,361
4.62,-0.37,-9.17,0.03,0.00,-0.03,489,451,443,338,362
4.38,-0.66,-8.84,0.04,-0.01,-0.04,489,451,443,338,361
4.31,-0.80,-8.84,0.03,0.01,-0.03,489,451,443,338,361
4.47,-0.47,-8.97,0.03,-0.01,-0.04,489,451,442,338,361
4.38,-0.65,-8.95,0.04,0.01,-0.03,489,451,443,338,362
4.30,-0.62,-8.95,0.03,0.01,-0.03,489,451,443,338,362
4.53,-0.41,-9.26,0.03,0.00,-0.04,489,451,443,338,362
4.48,-0.58,-8.84,0.04,0.00,-0.03,489,451,443,338,361
4.37,-0.61,-8.92,0.03,-0.01,-0.04,489,451,443,338,362
4.31,-0.43,-8.92,0.03,0.00,-0.04,489,451,443,338,361
4.64,-0.49,-9.04,0.03,0.01,-0.04,489,451,442,338,361
4.42,-0.57,-9.04,0.04,-0.01,-0.03,489,451,442,338,361
4.23,-0.65,-8.82,0.02,-0.00,-0.04,489,451,442,338,361
4.39,-0.48,-8.97,0.03,0.01,-0.04,489,451,442,338,361
4.59,-0.46,-8.98,0.03,-0.01,-0.03,489,451,442,338,361
4.42,-0.46,-9.34,0.04,-0.00,-0.02,489,451,443,338,362
4.46,-0.68,-8.92,0.04,0.01,-0.04,489,451,443,338,362
4.46,-0.55,-8.82,0.03,-0.00,-0.03,489,451,442,338,362
4.41,-0.52,-8.98,0.03,-0.01,-0.04,489,451,443,338,362
4.41,-0.56,-8.87,0.04,-0.00,-0.04,489,451,442,338,362
4.57,-0.48,-8.92,0.04,-0.00,-0.03,489,451,443,338,362
4.23,-0.62,-8.94,0.03,-0.01,-0.03,489,451,443,338,361
4.26,-0.66,-9.02,0.01,-0.01,-0.03,489,451,442,338,361
4.28,-0.45,-8.91,0.02,-0.00,-0.04,489,451,442,338,361
4.59,-0.46,-9.04,0.02,0.01,-0.03,489,451,442,338,361
4.47,-0.49,-8.94,0.02,-0.00,-0.01,489,451,442,338,361
4.22,-0.57,-9.02,0.04,-0.01,-0.03,489,451,443,338,361
4.43,-0.62,-9.04,0.03,0.00,-0.03,489,451,443,338,362
4.26,-0.59,-9.01,0.02,-0.01,-0.03,489,451,443,338,362
4.35,-0.62,-8.91,0.04,-0.01,-0.03,489,451,442,338,362
4.53,-0.48,-9.02,0.04,-0.01,-0.03,489,451,443,338,361
4.29,-0.57,-8.94,0.03,-0.00,-0.03,489,451,442,338,362
4.36,-0.52,-8.99,0.02,-0.00,-0.04,489,451,442,338,361
END
4.46,-0.46,-9.10,0.02,0.00,-0.04,488,451,442,338,361
4.41,-0.46,-9.02,0.03,-0.00,-0.04,488,451,442,338,361
4.43,-0.55,-8.94,0.03,0.01,-0.03,488,451,442,338,361
4.46,-0.62,-8.92,0.02,-0.01,-0.03,489,451,442,338,361
4.39,-0.52,-9.09,0.02,-0.01,-0.04,489,451,442,338,362
4.52,-0.53,-9.02,0.04,0.01,-0.04,489,451,442,338,361
4.52,-0.47,-8.82,0.03,-0.01,-0.03,488,451,442,338,361
4.38,-0.67,-8.95,0.03,-0.00,-0.03,488,451,442,338,362
4.43,-0.41,-8.92,0.03,0.00,-0.04,489,451,442,338,362
4.52,-0.53,-8.94,0.03,-0.01,-0.04,488,451,442,338,361
4.29,-0.47,-8.93,0.03,-0.01,-0.03,488,451,442,338,361
4.39,-0.61,-8.92,0.04,0.01,-0.04,488,451,442,338,361
4.43,-0.57,-8.87,0.03,-0.00,-0.03,488,451,442,338,361
4.35,-0.40,-9.10,0.03,-0.01,-0.03,488,451,442,338,362
4.34,-0.65,-8.89,0.04,0.00,-0.05,488,451,442,338,361
4.71,-0.50,-9.06,0.03,0.01,-0.04,488,451,442,338,361
4.47,-0.55,-8.83,0.03,-0.00,-0.02,488,451,442,338,361
4.29,-0.64,-9.04,0.04,0.01,-0.03,488,451,442,338,362
4.43,-0.62,-8.76,0.02,0.01,-0.04,488,451,442,338,361
4.44,-0.45,-9.12,0.03,-0.01,-0.03,488,451,442,338,361
4.41,-0.60,-9.02,0.04,-0.00,-0.03,488,451,443,338,361
4.57,-0.58,-8.87,0.03,-0.00,-0.04,488,451,442,338,361
4.51,-0.49,-9.06,0.03,-0.00,-0.03,488,451,442,338,362
4.41,-0.74,-8.92,0.03,-0.00,-0.03,488,451,442,337,361
4.50,-0.40,-9.06,0.02,-0.00,-0.04,488,451,443,338,361
4.51,-0.50,-9.01,0.04,0.00,-0.04,488,451,442,339,361
4.39,-0.64,-8.79,0.04,-0.00,-0.03,488,451,442,338,361
4.31,-0.55,-9.10,0.02,0.00,-0.04,488,451,442,338,361
4.47,-0.45,-9.07,0.04,0.00,-0.04,488,451,442,338,362
4.41,-0.63,-8.84,0.04,-0.00,-0.03,488,451,442,338,362
4.22,-0.49,-8.99,0.04,-0.00,-0.03,488,451,442,338,361
4.57,-0.52,-8.99,0.03,0.01,-0.04,488,451,442,338,361
4.46,-0.56,-8.85,0.03,-0.00,-0.03,488,451,442,338,361
4.35,-0.52,-8.99,0.03,-0.00,-0.03,488,451,442,338,361
4.39,-0.75,-8.84,0.03,-0.00,-0.05,488,451,442,338,361
4.51,-0.53,-8.98,0.03,0.00,-0.03,488,451,442,338,361
END
4.47,-0.62,-8.90,0.04,-0.00,-0.03,488,451,442,338,361
4.38,-0.50,-8.89,0.04,0.00,-0.04,488,451,442,338,361
4.55,-0.53,-8.89,0.03,-0.00,-0.04,488,451,442,338,361
4.35,-0.56,-9.00,0.03,-0.01,-0.03,488,451,442,338,361
4.40,-0.38,-9.02,0.03,-0.00,-0.04,488,451,442,338,361
4.57,-0.53,-8.92,0.04,0.01,-0.03,488,451,442,338,362
4.46,-0.49,-9.02,0.03,-0.02,-0.03,488,451,442,338,361
4.19,-0.58,-8.94,0.04,0.01,-0.03,488,451,442,338,361
4.53,-0.56,-9.02,0.03,-0.00,-0.04,488,450,442,338,361
4.39,-0.55,-8.99,0.03,-0.01,-0.04,488,450,442,338,361
4.26,-0.60,-9.05,0.04,0.00,-0.03,488,450,442,338,361
4.46,-0.56,-8.89,0.03,-0.00,-0.04,488,451,442,338,361
4.51,-0.43,-9.08,0.03,0.00,-0.03,488,451,442,338,361
4.33,-0.69,-8.80,0.02,-0.01,-0.03,488,451,442,338,361
4.40,-0.42,-8.94,0.02,-0.00,-0.04,488,451,442,338,361
4.62,-0.47,-9.06,0.03,0.00,-0.03,488,451,442,338,361
4.51,-0.56,-9.02,0.04,0.00,-0.02,488,450,442,338,361
4.24,-0.52,-8.76,0.04,0.00,-0.03,488,450,442,338,361
4.52,-0.61,-8.92,0.04,-0.00,-0.03,488,450,442,338,361
4.31,-0.52,-9.04,0.03,-0.00,-0.03,488,450,442,338,361
4.48,-0.42,-9.27,0.04,0.01,-0.03,488,450,442,338,361
4.54,-0.52,-8.99,0.04,0.01,-0.03,488,451,442,338,361
4.49,-0.55,-9.04,0.04,0.01,-0.03,488,451,442,338,361
4.27,-0.63,-8.92,0.04,0.00,-0.03,488,451,442,338,361
4.34,-0.67,-8.82,0.03,-0.00,-0.04,488,451,442,338,362
4.46,-0.51,-8.84,0.04,0.01,-0.04,488,451,442,338,362
4.50,-0.64,-8.84,0.03,-0.00,-0.03,488,451,442,338,361
4.34,-0.62,-9.07,0.04,0.00,-0.04,488,450,442,338,361
4.54,-0.55,-8.92,0.04,0.01,-0.04,488,450,442,338,361
4.43,-0.64,-8.99,0.03,-0.01,-0.04,488,450,442,338,361
4.52,-0.46,-8.98,0.04,0.00,-0.04,488,450,442,337,361
4.55,-0.54,-9.10,0.04,0.00,-0.03,488,450,442,338,361
4.34,-0.60,-8.82,0.03,-0.01,-0.03,488,450,442,338,361
4.39,-0.68,-8.91,0.04,0.00,-0.04,488,450,442,338,361
4.53,-0.43,-9.07,0.02,0.00,-0.03,488,450,442,338,362
4.69,-0.43,-9.49,0.03,-0.01,-0.02,488,450,442,338,361
END
4.40,-0.59,-8.94,0.03,0.00,-0.03,488,450,442,338,361
4.48,-0.45,-9.01,0.03,-0.01,-0.04,487,450,442,338,361
4.29,-0.61,-8.96,0.03,0.00,-0.02,487,450,441,338,361
4.54,-0.64,-8.82,0.03,0.00,-0.04,487,450,441,338,361
4.70,-0.38,-8.94,0.03,0.00,-0.03,487,450,442,338,361
4.44,-0.56,-8.94,0.04,-0.01,-0.02,487,450,441,338,361
4.39,-0.55,-9.06,0.03,-0.00,-0.03,487,450,442,338,361
4.48,-0.51,-8.94,0.04,0.00,-0.04,488,450,442,338,361
4.39,-0.52,-8.86,0.04,-0.01,-0.03,488,450,442,338,361
4.48,-0.52,-8.69,0.03,-0.01,-0.04,488,450,442,338,361
4.52,-0.53,-8.92,0.02,0.01,-0.04,488,450,442,338,361
4.47,-0.44,-9.15,0.03,0.00,-0.02,488,450,442,338,361
4.34,-0.70,-8.87,0.04,-0.01,-0.03,487,450,442,338,361
4.46,-0.47,-8.86,0.03,0.00,-0.04,487,450,442,338,361
4.62,-0.53,-8.71,0.04,0.00,-0.04,487,450,441,338,361
4.52,-0.71,-8.92,0.04,0.00,-0.03,487,450,442,338,361
4.44,-0.68,-9.04,0.03,-0.00,-0.03,487,450,441,338,361
4.55,-0.49,-9.12,0.05,0.01,-0.04,487,450,441,338,361
4.47,-0.55,-8.99,0.03,-0.00,-0.04,488,450,442,338,361
4.35,-0.55,-8.94,0.03,0.00,-0.03,488,450,442,338,361
4.54,-0.62,-8.87,0.03,-0.00,-0.04,488,450,442,338,361
4.57,-0.46,-9.12,0.03,0.01,-0.03,488,450,442,338,361
4.58,-0.65,-8.89,0.03,-0.01,-0.02,487,450,442,338,361
4.49,-0.54,-8.94,0.02,-0.00,-0.04,487,450,441,338,361
4.63,-0.54,-8.97,0.03,0.01,-0.03,487,450,441,338,361
4.39,-0.53,-8.99,0.03,-0.00,-0.03,487,450,441,338,361
4.31,-0.57,-8.78,0.03,-0.00,-0.03,487,450,441,338,361
4.62,-0.39,-9.17,0.03,0.00,-0.04,487,450,441,338,361
4.64,-0.46,-9.11,0.03,-0.00,-0.02,487,450,441,338,361
4.41,-0.52,-9.09,0.03,-0.01,-0.04,487,450,441,338,361
4.57,-0.53,-8.87,0.03,0.01,-0.04,487,450,442,338,361
4.47,-0.48,-8.84,0.03,-0.00,-0.03,487,450,442,338,361
4.39,-0.57,-8.87,0.03,-0.00,-0.03,487,450,441,338,361
4.72,-0.32,-9.48,0.03,-0.00,-0.04,487,450,442,338,361
4.49,-0.65,-8.83,0.03,0.00,-0.04,487,450,441,338,361
4.58,-0.39,-8.94,0.03,-0.01,-0.03,487,450,441,338,361
END