6.64,-6.25,-6.25,0.07,-0.00,0.02,344,398,442,471,326
6.09,-6.86,-6.86,0.01,-0.03,-0.04,344,398,442,471,326
5.89,-6.81,-6.81,0.05,-0.00,-0.06,344,398,442,471,326
5.86,-6.80,-6.80,0.03,0.02,-0.05,344,398,442,471,326
6.31,-6.91,-6.91,0.02,0.01,-0.04,345,397,441,470,326
6.12,-7.06,-7.06,0.04,0.01,-0.08,345,397,441,470,326
5.68,-7.43,-7.43,0.07,0.02,-0.05,346,397,440,469,326
5.68,-7.34,-7.34,0.02,0.03,-0.04,345,397,440,469,326
4.01,-6.04,-6.04,0.07,0.11,-0.06,345,397,440,469,326
3.65,-5.24,-5.24,0.18,0.32,-0.08,345,397,440,469,326
2.58,-4.98,-4.98,0.59,0.54,-0.40,345,397,440,469,325
4.74,-4.85,-4.85,0.70,0.76,-0.17,345,397,440,468,325
4.53,-4.06,-4.06,0.58,0.85,-0.39,345,397,440,469,326
3.73,-4.08,-4.08,0.47,1.06,-0.10,345,397,441,468,326
4.64,-4.35,-4.35,0.28,1.01,0.21,345,397,441,468,327
5.23,-6.10,-6.10,0.29,0.64,-0.24,345,397,441,467,327
6.13,-5.34,-5.34,0.13,0.05,-0.13,345,397,441,467,328
3.57,-5.46,-5.46,0.02,-0.19,0.00,345,397,440,466,327
3.32,-5.10,-5.10,-0.00,-0.16,-0.05,345,397,440,466,327
3.42,-4.42,-4.42,-0.02,-0.10,0.02,345,397,440,466,327
3.44,-4.24,-4.24,-0.03,-0.11,0.02,345,397,440,466,327
3.62,-4.48,-4.48,0.01,-0.08,0.04,344,397,440,466,327
3.67,-4.82,-4.82,0.02,-0.10,-0.01,344,397,440,466,327
3.66,-4.82,-4.82,0.02,-0.05,-0.02,345,397,440,466,327
3.82,-4.90,-4.90,0.02,-0.03,-0.04,344,397,440,466,327
3.59,-5.08,-5.08,0.00,-0.03,0.01,344,397,440,466,327
3.88,-4.70,-4.70,0.03,-0.03,-0.07,344,397,440,466,327
3.79,-4.93,-4.93,0.00,-0.03,0.02,344,397,440,466,327
3.76,-4.78,-4.78,0.04,0.00,-0.08,344,397,439,466,327
3.90,-4.87,-4.87,0.01,-0.00,0.01,344,397,439,466,327
4.12,-4.70,-4.70,0.06,0.00,-0.07,344,397,439,466,327
3.94,-4.96,-4.96,0.02,-0.01,-0.03,344,398,439,466,327
4.34,-4.87,-4.87,0.02,-0.02,-0.06,344,397,439,466,327
3.96,-4.87,-4.87,0.01,-0.03,-0.03,345,397,439,466,327
3.93,-4.85,-4.85,0.01,-0.04,-0.04,344,398,439,466,327
END
5.34,-4.69,-4.69,0.02,-0.00,-0.07,340,393,431,458,324
6.35,-6.53,-6.53,0.05,-0.01,-0.05,340,393,431,458,324
6.59,-6.48,-6.48,0.06,0.01,-0.03,340,393,431,458,324
6.83,-6.72,-6.72,0.08,0.00,-0.05,340,393,431,457,324
6.58,-6.59,-6.59,0.03,-0.01,-0.02,340,393,431,457,324
6.44,-6.65,-6.65,0.03,-0.03,-0.04,340,392,431,457,324
6.02,-7.35,-7.35,0.02,0.04,-0.03,340,392,431,457,324
5.66,-7.54,-7.54,0.08,0.04,-0.02,340,392,431,457,324
4.87,-6.82,-6.82,0.07,0.13,0.08,340,393,431,457,324
3.73,-5.70,-5.70,0.16,0.33,-0.09,341,393,431,457,324
3.27,-5.13,-5.13,0.35,0.62,-0.05,341,393,431,457,324
5.12,-5.23,-5.23,0.31,0.76,-0.12,341,393,431,457,324
4.27,-4.29,-4.29,0.18,0.96,-0.09,341,393,431,457,325
6.62,-3.56,-3.56,0.28,1.00,-0.28,341,394,433,458,325
5.99,-5.39,-5.39,0.41,0.76,-0.17,340,394,433,457,326
6.49,-5.66,-5.66,0.10,0.35,0.19,340,394,433,456,326
4.22,-7.27,-7.27,0.13,0.14,0.01,340,394,432,456,327
5.07,-6.27,-6.27,0.02,-0.08,-0.08,340,395,432,456,327
3.38,-6.02,-6.02,0.04,-0.11,0.14,341,396,432,456,327
3.16,-5.60,-5.60,0.11,-0.01,-0.02,340,396,432,456,326
3.85,-5.40,-5.40,0.10,0.03,-0.03,340,396,432,456,327
3.77,-5.08,-5.08,0.08,0.02,-0.06,341,396,432,456,326
4.27,-5.34,-5.34,0.10,0.04,-0.02,340,395,432,456,326
4.26,-5.18,-5.18,0.08,0.02,-0.05,341,395,432,456,326
4.31,-5.43,-5.43,0.05,-0.03,-0.04,340,396,432,456,326
4.07,-5.20,-5.20,0.05,-0.03,-0.03,340,395,432,456,326
4.11,-5.30,-5.30,0.04,-0.03,-0.08,340,396,432,456,326
3.78,-5.28,-5.28,0.04,-0.01,-0.03,340,396,432,456,326
3.76,-5.08,-5.08,0.04,0.01,-0.03,340,396,432,456,326
4.08,-5.25,-5.25,0.04,0.00,-0.04,340,396,432,456,326
3.75,-5.22,-5.22,0.03,-0.02,-0.03,340,396,432,456,326
3.58,-5.14,-5.14,0.04,0.02,-0.03,340,396,432,456,326
4.00,-5.10,-5.10,0.06,0.02,-0.05,340,396,432,456,326
4.09,-5.10,-5.10,0.08,0.03,-0.04,340,396,432,456,326
4.26,-5.02,-5.02,0.06,0.01,-0.02,340,396,432,456,326
END
3.98,-5.23,-5.23,0.05,-0.02,-0.05,339,388,425,451,323
7.24,-6.05,-6.05,0.05,-0.00,-0.05,339,388,425,451,323
6.91,-6.15,-6.15,0.02,-0.03,-0.04,339,388,425,451,323
6.72,-6.04,-6.04,0.03,-0.02,-0.04,339,388,425,451,323
6.70,-6.34,-6.34,0.04,-0.01,-0.06,339,388,425,451,323
7.21,-6.21,-6.21,-0.03,-0.03,-0.05,339,388,425,451,323
6.28,-6.20,-6.20,-0.01,-0.02,-0.05,339,388,425,451,323
6.29,-6.64,-6.64,-0.00,0.07,-0.04,339,388,425,451,323
5.00,-5.97,-5.97,0.00,0.15,-0.02,339,388,425,451,323
5.25,-6.48,-6.48,0.22,0.38,-0.01,339,388,425,451,323
5.18,-5.85,-5.85,0.18,0.48,-0.02,339,389,425,451,323
5.46,-4.99,-4.99,0.37,0.63,-0.08,339,388,425,451,323
5.23,-4.41,-4.41,0.30,0.69,-0.03,340,389,425,451,323
5.86,-4.60,-4.60,0.34,0.80,-0.04,339,389,425,451,323
4.05,-4.10,-4.10,0.14,0.77,0.07,339,390,426,452,324
3.75,-3.60,-3.60,0.20,0.88,-0.06,339,392,428,452,324
4.70,-5.13,-5.13,0.25,0.70,0.06,339,392,428,452,325
6.17,-6.50,-6.50,0.18,0.30,-0.04,339,392,428,451,325
5.97,-6.88,-6.88,0.04,-0.12,-0.05,339,392,428,451,325
2.90,-5.56,-5.56,-0.03,-0.22,0.08,339,393,428,451,325
3.35,-5.15,-5.15,0.12,-0.02,-0.07,339,393,428,451,325
3.14,-4.97,-4.97,0.04,0.02,0.04,339,393,428,451,325
3.68,-5.08,-5.08,0.14,0.06,-0.06,339,392,428,451,325
3.99,-5.12,-5.12,0.08,0.03,0.01,339,393,427,451,325
3.66,-5.17,-5.17,0.07,0.01,-0.03,339,393,428,451,325
3.82,-5.30,-5.30,0.04,-0.03,-0.02,339,392,428,451,325
3.48,-5.17,-5.17,0.02,-0.04,-0.00,339,393,428,451,325
3.60,-4.95,-4.95,0.05,-0.01,-0.05,339,393,428,451,325
3.45,-5.14,-5.14,0.04,-0.02,-0.03,339,393,428,451,325
3.57,-4.90,-4.90,0.03,-0.01,-0.01,340,393,428,451,325
3.34,-5.15,-5.15,0.06,0.00,-0.07,339,393,428,451,325
3.78,-4.92,-4.92,0.03,-0.00,-0.04,339,393,428,451,325
3.57,-5.01,-5.01,0.03,0.00,-0.04,339,393,428,451,325
3.52,-5.28,-5.28,0.04,0.00,-0.03,339,392,427,451,325
3.65,-5.04,-5.04,0.03,-0.00,-0.09,339,393,427,451,325
END
3.60,-4.79,-4.79,-0.02,-0.03,-0.10,343,380,412,435,323
6.83,-5.89,-5.89,0.04,0.00,0.01,343,380,412,435,323
6.81,-5.61,-5.61,0.08,-0.03,-0.04,343,380,413,435,324
7.21,-6.02,-6.02,0.14,-0.01,-0.05,343,380,412,436,324
7.44,-6.42,-6.42,0.13,-0.05,-0.02,343,380,413,435,324
6.82,-6.40,-6.40,0.07,-0.03,0.04,343,380,413,436,324
5.99,-6.91,-6.91,0.01,-0.02,0.00,343,380,413,436,324
5.89,-6.65,-6.65,-0.00,0.04,0.02,343,381,413,436,323
3.78,-6.18,-6.18,-0.10,0.19,0.03,343,381,414,438,323
2.72,-5.42,-5.42,0.31,0.61,0.03,343,382,414,438,323
6.24,-5.19,-5.19,0.53,0.72,-0.24,343,382,414,437,323
5.36,-5.00,-5.00,0.32,0.81,0.06,343,382,414,437,323
4.97,-4.49,-4.49,0.46,0.81,-0.17,343,382,414,437,323
4.63,-3.99,-3.99,0.21,0.81,0.05,343,384,416,439,323
3.93,-3.67,-3.67,0.20,0.77,0.05,343,385,417,438,324
5.18,-4.79,-4.79,0.28,0.71,-0.20,343,386,418,438,326
6.56,-5.66,-5.66,0.16,0.24,-0.29,343,386,418,438,327
5.40,-5.75,-5.75,-0.07,-0.28,0.14,343,387,419,438,326
2.96,-5.38,-5.38,-0.03,-0.21,0.05,343,389,421,440,326
3.48,-5.51,-5.51,0.10,-0.02,-0.06,343,388,420,439,326
3.46,-5.00,-5.00,0.12,0.08,-0.05,343,388,420,439,326
4.44,-4.84,-4.84,0.12,0.09,-0.07,343,388,420,439,326
4.26,-4.86,-4.86,0.06,0.03,-0.02,343,388,420,439,325
3.97,-4.63,-4.63,0.06,-0.00,-0.05,343,388,420,439,326
3.89,-4.66,-4.66,0.04,-0.03,-0.05,343,388,420,439,326
3.87,-4.64,-4.64,0.02,-0.02,-0.04,343,388,421,440,326
3.69,-4.66,-4.66,0.04,-0.01,-0.04,343,388,421,440,326
4.01,-4.74,-4.74,0.01,-0.01,0.02,342,388,421,440,326
3.87,-4.94,-4.94,0.03,-0.04,-0.07,342,389,422,441,326
3.75,-4.70,-4.70,0.00,-0.04,0.00,342,389,422,441,325
3.97,-4.69,-4.69,0.00,-0.07,-0.08,343,389,422,441,325
3.96,-4.84,-4.84,0.03,-0.01,-0.04,342,389,422,441,326
4.36,-4.67,-4.67,0.01,-0.03,-0.06,342,389,422,441,325
4.84,-5.27,-5.27,0.07,-0.02,-0.00,343,388,422,441,326
6.92,-4.58,-4.58,0.24,-0.22,-0.12,342,389,424,443,326
END
5.91,-3.23,-3.23,0.49,-0.38,0.19,342,382,416,439,323
6.84,-5.71,-5.71,0.04,-0.02,-0.05,342,382,416,439,323
6.73,-5.77,-5.77,0.07,-0.00,-0.04,342,382,416,439,322
6.69,-5.89,-5.89,0.02,-0.01,-0.03,342,382,416,439,323
6.60,-5.86,-5.86,0.04,0.01,-0.05,342,382,416,439,322
6.36,-6.00,-6.00,-0.00,0.01,-0.04,342,382,416,439,322
6.03,-6.57,-6.57,0.03,0.08,-0.04,341,382,416,439,322
4.64,-6.69,-6.69,-0.07,0.20,0.07,342,382,416,439,322
4.14,-5.82,-5.82,0.05,0.34,-0.12,342,382,416,439,322
5.20,-4.81,-4.81,0.24,0.56,-0.16,342,382,416,439,322
5.46,-4.72,-4.72,0.26,0.61,-0.25,341,382,416,439,323
4.82,-4.25,-4.25,0.16,0.69,-0.23,341,382,416,439,323
5.71,-3.68,-3.68,0.24,0.75,-0.11,341,383,416,439,323
6.73,-4.30,-4.30,0.04,0.64,-0.01,341,383,417,438,323
3.40,-3.53,-3.53,-0.10,0.63,-0.09,341,385,418,437,325
6.32,-4.38,-4.38,0.38,0.49,-0.23,341,386,419,437,326
7.49,-5.34,-5.34,-0.01,0.07,0.09,341,387,419,437,327
4.67,-5.72,-5.72,-0.04,-0.21,0.15,341,388,419,437,326
3.55,-5.03,-5.03,-0.02,-0.14,0.05,341,389,420,438,326
3.52,-4.82,-4.82,0.09,-0.01,0.01,341,389,420,438,326
3.91,-4.73,-4.73,0.13,0.05,-0.01,341,389,420,438,326
3.66,-4.66,-4.66,0.12,0.09,0.02,341,389,420,438,326
4.13,-4.56,-4.56,0.10,0.07,-0.02,341,389,420,438,326
4.08,-4.60,-4.60,0.08,0.04,0.00,341,389,420,438,326
4.17,-4.54,-4.54,0.11,0.04,-0.05,342,389,420,438,326
4.08,-4.54,-4.54,0.05,0.02,-0.01,341,389,420,439,326
3.92,-4.78,-4.78,0.05,0.01,-0.01,341,389,420,439,326
4.24,-4.67,-4.67,0.04,-0.01,-0.03,341,389,420,438,325
3.71,-4.75,-4.75,0.02,-0.02,-0.01,341,389,420,438,325
3.93,-4.81,-4.81,0.01,-0.01,-0.02,341,389,420,438,325
3.67,-4.64,-4.64,0.02,-0.01,-0.04,341,389,420,438,325
4.01,-4.87,-4.87,0.01,0.01,-0.00,341,389,420,438,325
3.50,-4.71,-4.71,0.06,0.03,-0.03,341,389,420,438,326
4.04,-4.60,-4.60,0.01,0.02,-0.01,341,389,420,439,325
4.06,-4.44,-4.44,0.05,0.01,-0.04,341,389,421,440,325
END
3.49,-4.54,-4.54,0.00,-0.01,-0.02,341,380,411,434,323
6.79,-6.18,-6.18,-0.00,-0.03,-0.03,341,380,411,434,323
6.79,-6.17,-6.17,0.02,-0.00,-0.03,341,380,411,434,323
6.81,-6.17,-6.17,0.00,-0.03,-0.03,341,379,411,433,323
7.06,-6.22,-6.22,0.02,-0.01,-0.05,341,379,411,434,323
6.76,-6.11,-6.11,0.04,-0.00,-0.03,341,379,411,433,323
6.64,-6.03,-6.03,0.04,-0.01,-0.04,341,379,411,433,321
6.43,-6.43,-6.43,0.08,0.03,-0.05,341,379,411,434,323
5.53,-6.34,-6.34,0.13,0.06,-0.04,341,379,411,434,323
4.53,-6.25,-6.25,0.23,0.20,-0.15,341,379,411,434,323
4.91,-6.29,-6.29,0.34,0.48,-0.13,341,379,411,434,323
6.19,-5.36,-5.36,0.33,0.52,-0.18,341,379,411,434,323
5.67,-4.77,-4.77,0.39,0.62,-0.07,341,379,411,434,322
6.27,-4.85,-4.85,0.29,0.66,-0.01,341,379,411,433,323
4.74,-4.43,-4.43,0.17,0.61,-0.10,341,380,411,433,323
4.96,-3.81,-3.81,0.14,0.69,0.04,341,381,411,434,323
3.85,-3.54,-3.54,-0.17,0.58,-0.02,341,380,412,433,324
4.31,-3.47,-3.47,0.37,0.83,0.29,342,380,412,432,325
6.79,-6.37,-6.37,0.20,0.44,-0.11,345,381,412,432,326
5.07,-5.79,-5.79,-0.13,-0.12,-0.12,346,383,412,432,326
4.26,-6.09,-6.09,-0.03,-0.23,0.12,347,383,412,432,326
2.76,-5.19,-5.19,0.01,-0.11,0.06,346,383,412,432,325
3.04,-5.42,-5.42,0.02,-0.06,-0.04,345,382,412,432,325
3.36,-4.67,-4.67,0.08,0.04,-0.04,344,382,412,432,325
3.85,-5.05,-5.05,0.10,0.05,-0.04,343,382,412,432,325
3.47,-5.10,-5.10,0.04,-0.01,-0.03,343,382,412,432,326
3.76,-5.14,-5.14,0.07,-0.01,-0.06,343,382,412,432,325
3.80,-5.07,-5.07,0.08,0.01,-0.02,343,382,412,432,325
3.91,-4.87,-4.87,0.08,-0.01,-0.06,343,383,413,433,325
3.32,-4.86,-4.86,0.03,-0.03,-0.06,343,383,414,433,325
3.60,-4.97,-4.97,0.06,-0.01,-0.10,343,383,414,433,325
3.75,-4.74,-4.74,0.01,-0.01,-0.08,343,383,414,433,325
3.75,-4.98,-4.98,0.05,0.01,-0.07,343,383,414,433,325
3.88,-4.97,-4.97,0.03,-0.01,-0.06,343,383,414,433,325
3.13,-5.09,-5.09,0.03,0.00,-0.07,343,383,414,433,325
END
3.93,-4.74,-4.74,0.02,0.01,-0.10,340,381,412,434,322
6.75,-5.88,-5.88,0.05,-0.00,-0.09,340,381,412,434,322
7.19,-6.02,-6.02,0.04,0.01,-0.00,340,381,412,434,322
6.93,-6.16,-6.16,0.07,-0.05,-0.04,340,382,413,434,322
6.50,-6.33,-6.33,0.01,-0.00,0.04,340,382,413,434,322
6.48,-6.13,-6.13,0.00,0.02,0.00,340,381,413,434,322
5.69,-6.23,-6.23,-0.00,0.08,0.03,340,381,413,434,322
5.41,-6.07,-6.07,0.11,0.20,-0.04,340,381,413,434,322
5.43,-6.07,-6.07,0.24,0.29,-0.09,340,381,412,434,322
5.62,-6.03,-6.03,0.32,0.46,-0.11,340,381,412,434,322
5.48,-4.80,-4.80,0.13,0.54,-0.18,340,381,412,434,322
5.34,-4.53,-4.53,0.32,0.63,-0.31,341,381,412,434,322
3.33,-3.25,-3.25,0.38,0.76,-0.27,341,382,413,434,322
4.88,-3.60,-3.60,0.21,0.84,-0.13,340,383,414,434,322
5.57,-3.55,-3.55,0.25,0.77,-0.55,340,388,418,434,323
8.53,-3.70,-3.70,0.01,0.38,-0.21,341,388,417,433,325
5.74,-3.50,-3.50,0.01,0.12,-0.02,340,390,418,433,325
6.26,-5.10,-5.10,0.12,-0.20,0.17,341,390,418,433,325
3.32,-4.55,-4.55,0.07,-0.11,0.06,341,390,418,434,325
4.58,-4.65,-4.65,0.08,0.01,0.03,341,390,418,434,325
3.83,-4.15,-4.15,0.01,0.04,0.08,341,389,418,434,325
4.55,-4.44,-4.44,0.09,0.08,-0.07,341,389,418,434,324
4.21,-3.88,-3.88,0.01,0.03,0.04,341,389,418,434,325
4.55,-4.18,-4.18,0.04,-0.00,-0.03,341,389,418,434,325
4.52,-3.96,-3.96,0.04,-0.01,0.04,341,389,418,434,324
4.08,-4.11,-4.11,0.04,-0.01,0.03,342,389,418,434,324
4.43,-4.13,-4.13,0.04,-0.00,0.05,341,389,418,434,324
4.17,-4.29,-4.29,0.07,-0.02,-0.02,341,389,418,434,324
4.09,-4.36,-4.36,0.02,-0.03,0.01,341,389,418,434,325
3.86,-4.45,-4.45,0.04,-0.01,0.01,341,389,418,434,324
4.18,-4.42,-4.42,0.01,-0.03,-0.03,341,389,418,434,324
4.19,-4.39,-4.39,0.02,-0.02,-0.03,341,389,418,433,324
4.06,-4.30,-4.30,0.02,-0.01,-0.03,341,389,418,434,324
4.21,-4.36,-4.36,0.05,-0.01,-0.05,341,389,418,434,324
4.17,-4.13,-4.13,-0.01,-0.05,-0.02,341,389,418,434,324
END
4.24,-4.47,-4.47,0.03,-0.05,-0.07,339,385,416,435,321
7.05,-6.30,-6.30,0.07,0.01,-0.04,339,385,416,435,322
6.65,-6.21,-6.21,0.02,-0.02,-0.02,339,385,416,435,322
6.52,-6.08,-6.08,0.04,-0.02,-0.04,339,385,416,435,322
6.84,-6.09,-6.09,0.04,-0.01,-0.04,339,385,416,435,321
6.36,-6.14,-6.14,0.03,-0.01,-0.04,339,385,416,435,322
6.37,-6.38,-6.38,0.02,0.02,-0.05,339,385,415,435,321
6.12,-6.42,-6.42,0.05,0.07,0.01,339,385,415,435,322
5.02,-6.23,-6.23,0.14,0.16,-0.00,339,385,415,435,321
4.77,-5.74,-5.74,0.11,0.30,-0.08,339,385,415,435,321
5.00,-5.97,-5.97,0.25,0.37,-0.19,339,385,415,435,321
6.07,-4.82,-4.82,0.42,0.44,-0.33,339,385,415,434,321
5.65,-4.90,-4.90,0.29,0.51,-0.28,339,385,416,434,322
3.96,-3.83,-3.83,0.52,0.79,-0.24,339,385,416,434,322
6.04,-3.51,-3.51,0.31,0.75,-0.17,339,385,416,434,322
4.38,-3.16,-3.16,0.27,0.79,-0.11,339,386,416,434,322
2.84,-2.87,-2.87,0.19,0.79,0.18,339,387,416,434,323
5.53,-4.95,-4.95,0.09,0.54,-0.17,340,386,416,432,324
6.22,-3.91,-3.91,-0.12,0.09,-0.22,341,389,416,432,324
4.98,-4.63,-4.63,-0.04,-0.22,0.12,341,390,417,433,324
3.13,-4.48,-4.48,-0.02,-0.12,0.03,340,391,418,433,324
3.38,-4.78,-4.78,0.19,0.07,-0.01,340,391,418,433,324
3.47,-4.14,-4.14,0.03,0.04,-0.01,340,391,418,433,324
3.34,-3.91,-3.91,0.12,0.05,-0.06,341,391,418,434,324
3.62,-4.14,-4.14,0.04,0.04,-0.01,341,391,418,434,324
3.61,-4.08,-4.08,0.05,-0.00,-0.06,341,391,419,434,324
3.91,-4.15,-4.15,0.03,-0.01,-0.05,341,391,419,434,324
3.60,-4.00,-4.00,0.04,0.01,-0.01,341,391,419,434,324
3.94,-4.09,-4.09,0.02,-0.03,-0.01,340,391,419,434,324
3.52,-4.17,-4.17,0.04,-0.03,-0.03,341,391,419,434,324
3.77,-4.35,-4.35,0.06,-0.00,-0.01,341,391,419,435,324
3.50,-4.24,-4.24,0.03,-0.02,-0.03,340,391,419,435,324
3.58,-4.05,-4.05,0.02,-0.02,-0.01,340,391,419,434,324
3.53,-4.05,-4.05,0.00,-0.03,0.01,340,391,419,435,324
3.58,-4.21,-4.21,0.09,-0.00,-0.07,341,391,419,435,324
END
3.38,-4.15,-4.15,0.03,-0.00,-0.02,340,384,415,435,322
6.70,-6.47,-6.47,0.08,0.00,-0.04,340,384,415,434,322
6.73,-6.53,-6.53,0.04,-0.03,-0.03,340,384,415,434,322
6.50,-6.33,-6.33,0.02,-0.02,-0.02,340,384,415,434,321
6.46,-6.27,-6.27,0.02,-0.01,-0.02,340,383,415,434,322
6.27,-6.45,-6.45,0.06,-0.01,-0.05,340,383,415,434,322
6.23,-6.48,-6.48,0.07,0.02,-0.03,340,384,415,434,321
6.09,-6.56,-6.56,0.07,0.04,-0.01,340,383,415,434,321
4.15,-6.06,-6.06,0.10,0.14,-0.02,340,383,415,434,322
4.42,-6.32,-6.32,0.27,0.27,-0.13,340,384,415,434,322
5.02,-5.88,-5.88,0.45,0.47,-0.21,340,384,415,434,322
6.54,-5.61,-5.61,0.33,0.45,-0.29,340,384,415,434,322
5.20,-5.00,-5.00,0.11,0.57,-0.12,340,384,415,434,322
6.19,-4.92,-4.92,0.20,0.54,-0.36,340,384,415,434,322
4.42,-3.80,-3.80,0.08,0.63,-0.13,339,384,415,433,322
3.80,-3.30,-3.30,0.03,0.74,0.09,339,384,415,433,323
5.28,-4.53,-4.53,0.34,0.63,0.02,338,384,416,432,324
4.68,-6.86,-6.86,0.04,0.74,-0.12,340,385,416,430,327
9.06,-4.95,-4.95,0.06,0.05,-0.57,340,387,416,430,327
4.45,-4.87,-4.87,-0.03,-0.29,0.33,341,389,416,430,327
2.46,-4.70,-4.70,0.12,-0.17,0.04,341,390,417,431,327
3.88,-4.97,-4.97,0.18,0.04,0.02,340,389,417,431,327
3.36,-4.72,-4.72,0.03,-0.01,0.10,340,389,417,431,327
3.87,-4.77,-4.77,0.10,0.03,-0.02,340,389,417,431,327
4.01,-4.65,-4.65,0.07,0.04,-0.01,340,389,417,431,326
3.93,-4.90,-4.90,0.08,0.02,-0.03,340,389,416,431,326
4.20,-4.69,-4.69,0.06,0.00,-0.04,340,389,416,431,326
4.00,-4.60,-4.60,0.07,0.01,-0.04,340,389,416,431,326
4.17,-4.79,-4.79,0.07,-0.01,-0.05,340,389,416,431,326
3.98,-4.62,-4.62,0.02,-0.03,-0.02,340,389,416,431,326
4.07,-4.62,-4.62,0.04,-0.01,-0.05,340,389,416,431,326
3.66,-4.53,-4.53,0.05,0.01,-0.07,340,389,416,431,326
3.98,-4.49,-4.49,-0.00,-0.01,-0.01,340,389,416,431,326
3.91,-4.51,-4.51,0.00,-0.02,-0.04,340,389,416,431,326
4.32,-4.72,-4.72,0.03,0.01,-0.05,340,389,416,431,327
END
4.08,-4.57,-4.57,0.02,-0.01,-0.02,337,384,411,430,322
6.10,-6.74,-6.74,0.01,0.02,-0.04,337,384,411,430,322
6.06,-6.53,-6.53,-0.04,0.04,-0.03,337,384,411,430,322
6.00,-6.66,-6.66,-0.02,0.07,-0.05,337,384,411,430,322
5.50,-6.34,-6.34,-0.03,0.06,-0.17,337,384,411,429,322
6.10,-6.32,-6.32,-0.00,0.15,-0.13,337,384,411,430,322
4.84,-5.53,-5.53,0.09,0.23,-0.23,337,384,411,430,322
5.71,-5.05,-5.05,0.22,0.31,-0.27,337,384,411,430,322
6.17,-4.82,-4.82,0.38,0.37,-0.20,337,384,411,430,322
4.98,-3.81,-3.81,0.24,0.56,0.06,337,384,412,430,322
4.82,-4.62,-4.62,0.47,0.60,-0.17,337,384,412,430,322
5.52,-4.85,-4.85,0.07,0.66,-0.18,337,384,412,430,322
3.34,-3.81,-3.81,0.15,0.61,-0.39,338,384,412,429,323
6.01,-2.97,-2.97,-0.02,0.52,-0.12,338,385,413,429,325
3.79,-4.74,-4.74,0.45,0.78,0.00,340,386,415,430,326
7.40,-4.90,-4.90,0.51,0.51,-0.04,341,387,415,430,326
4.16,-5.08,-5.08,0.02,-0.17,0.01,342,387,415,430,325
4.74,-4.82,-4.82,0.06,-0.12,-0.07,343,388,416,431,326
4.05,-4.41,-4.41,-0.06,-0.15,0.04,343,387,416,431,325
4.26,-4.04,-4.04,-0.02,-0.10,-0.02,343,387,415,431,325
3.68,-3.44,-3.44,-0.03,-0.05,0.01,343,388,415,431,325
3.96,-3.82,-3.82,0.06,-0.03,-0.08,343,388,416,431,325
3.76,-3.96,-3.96,0.04,0.00,-0.01,342,387,415,431,325
4.05,-4.13,-4.13,0.07,0.01,-0.02,342,387,415,431,326
4.00,-4.11,-4.11,0.07,0.00,-0.01,342,387,415,431,325
4.22,-4.11,-4.11,0.04,-0.01,-0.02,342,387,415,431,325
3.99,-3.93,-3.93,0.04,-0.01,-0.03,342,388,416,431,325
3.94,-3.91,-3.91,0.04,-0.00,-0.03,342,388,417,433,325
3.84,-3.89,-3.89,0.05,-0.00,-0.01,341,388,417,433,325
4.01,-4.01,-4.01,0.03,0.00,-0.04,341,388,417,433,325
3.72,-3.90,-3.90,0.05,0.01,-0.02,341,389,417,433,325
4.24,-3.93,-3.93,0.03,-0.01,-0.04,341,388,417,433,325
3.94,-3.98,-3.98,0.05,0.01,0.01,341,388,417,433,325
4.31,-4.11,-4.11,0.03,-0.02,-0.01,341,388,417,432,325
3.97,-4.06,-4.06,0.01,-0.04,-0.00,341,388,417,432,325
END
3.79,-4.03,-4.03,0.02,-0.03,-0.02,338,384,414,434,322
6.63,-5.64,-5.64,0.07,0.01,-0.06,338,383,414,434,322
6.72,-5.78,-5.78,0.07,0.02,-0.06,338,384,414,434,323
6.98,-5.78,-5.78,0.03,0.02,-0.03,338,384,414,434,322
6.78,-5.85,-5.85,-0.01,-0.01,-0.03,338,384,414,434,322
6.56,-5.64,-5.64,0.00,-0.01,-0.03,338,384,414,434,322
6.40,-5.68,-5.68,0.00,0.00,-0.03,338,384,414,434,322
6.59,-6.17,-6.17,0.05,0.04,-0.05,338,384,414,434,322
5.02,-5.52,-5.52,-0.01,0.06,0.04,338,384,414,434,322
3.88,-5.54,-5.54,0.22,0.24,-0.21,338,384,414,434,322
5.50,-5.73,-5.73,0.23,0.42,-0.22,338,384,414,434,322
5.94,-4.72,-4.72,0.12,0.55,-0.16,338,384,414,433,322
5.55,-4.42,-4.42,0.06,0.57,-0.28,338,384,414,433,322
4.75,-3.37,-3.37,0.08,0.67,-0.12,339,384,415,433,323
5.99,-3.74,-3.74,0.07,0.58,0.06,339,384,414,432,324
3.65,-4.18,-4.18,0.13,0.69,0.30,339,385,414,431,324
6.49,-5.86,-5.86,0.16,0.72,0.04,339,385,415,429,325
4.19,-5.84,-5.84,0.01,0.32,-0.09,339,387,415,429,326
7.68,-5.43,-5.43,0.24,-0.01,-0.44,339,388,415,429,326
2.77,-4.74,-4.74,0.00,-0.22,0.10,339,389,415,429,325
3.92,-5.37,-5.37,0.25,0.08,-0.08,339,389,415,430,325
3.75,-4.51,-4.51,0.02,0.02,0.04,339,389,415,430,325
4.59,-4.63,-4.63,0.07,0.02,-0.03,339,389,415,430,325
3.64,-4.29,-4.29,0.11,0.01,-0.02,339,389,415,430,325
4.04,-4.42,-4.42,0.05,-0.02,-0.06,339,389,415,430,325
3.68,-4.50,-4.50,0.08,0.01,-0.03,339,389,415,430,325
3.78,-4.44,-4.44,0.01,0.00,0.00,339,389,415,430,325
3.88,-4.31,-4.31,0.08,0.02,-0.08,339,389,415,430,325
4.34,-4.34,-4.34,0.02,0.02,0.05,339,389,415,431,325
3.80,-4.36,-4.36,0.06,-0.01,-0.14,339,389,415,431,325
3.99,-4.34,-4.34,0.00,0.00,-0.01,339,389,415,431,325
3.79,-4.31,-4.31,0.04,0.03,-0.03,339,389,415,430,325
3.93,-4.52,-4.52,0.06,0.00,-0.06,339,389,415,430,325
3.99,-4.36,-4.36,0.04,-0.00,-0.06,339,389,416,431,325
3.96,-4.53,-4.53,0.02,-0.00,-0.01,339,389,416,431,325
END
3.76,-4.28,-4.28,0.05,-0.00,-0.02,337,386,414,432,322
6.68,-5.79,-5.79,0.02,-0.00,-0.03,337,386,414,432,322
6.45,-5.88,-5.88,0.02,-0.01,-0.05,337,386,414,432,322
6.53,-5.74,-5.74,0.03,-0.01,-0.05,337,386,414,432,322
6.76,-5.84,-5.84,0.02,-0.04,-0.06,337,386,414,432,322
6.39,-5.87,-5.87,0.03,-0.03,-0.02,337,386,414,432,322
6.13,-5.76,-5.76,0.04,0.01,-0.05,336,386,414,432,322
5.53,-5.93,-5.93,0.08,0.06,-0.05,336,386,413,432,322
4.92,-5.85,-5.85,0.12,0.15,-0.07,337,385,414,432,322
4.39,-5.64,-5.64,0.24,0.34,-0.13,337,386,413,432,322
5.45,-5.13,-5.13,0.11,0.45,-0.10,337,386,413,432,322
4.96,-4.71,-4.71,0.15,0.57,-0.13,337,386,414,432,322
5.35,-4.77,-4.77,-0.03,0.60,-0.15,337,386,414,431,322
3.83,-4.16,-4.16,0.23,0.76,-0.01,337,386,414,431,323
6.07,-4.46,-4.46,-0.00,0.62,-0.02,337,386,414,431,323
3.90,-4.16,-4.16,-0.09,0.63,0.03,337,387,415,430,324
4.74,-4.54,-4.54,0.06,0.44,0.11,338,387,415,429,326
4.17,-6.31,-6.31,0.37,0.58,0.01,338,388,415,429,327
6.56,-6.01,-6.01,0.13,0.14,-0.23,338,390,416,429,328
5.06,-5.72,-5.72,0.01,-0.14,-0.07,338,390,416,429,328
2.94,-5.33,-5.33,-0.02,-0.27,0.07,339,390,416,430,327
2.83,-5.02,-5.02,0.03,-0.13,-0.06,338,391,417,430,327
3.14,-4.87,-4.87,0.02,-0.08,-0.01,338,391,418,431,327
3.05,-4.67,-4.67,0.05,-0.02,-0.03,338,391,418,431,327
3.71,-4.86,-4.86,0.09,0.01,-0.06,338,391,418,431,327
3.56,-4.77,-4.77,0.05,0.02,-0.06,338,391,418,431,327
4.06,-4.98,-4.98,0.04,0.01,-0.03,338,391,418,431,327
3.99,-4.64,-4.64,0.05,0.00,-0.05,338,391,418,431,327
4.26,-4.92,-4.92,0.04,-0.01,-0.04,338,391,417,431,327
3.92,-4.83,-4.83,0.03,-0.02,-0.04,338,391,418,431,327
3.89,-4.90,-4.90,0.03,-0.04,-0.03,338,391,417,431,327
3.55,-4.80,-4.80,0.05,-0.01,-0.05,338,391,417,431,327
3.75,-4.79,-4.79,0.04,0.00,-0.05,338,391,417,431,327
3.78,-5.02,-5.02,0.04,0.00,-0.06,338,391,418,431,327
3.77,-4.62,-4.62,0.04,0.02,-0.01,338,391,418,431,327
END
3.98,-4.80,-4.80,0.09,0.01,-0.09,338,383,413,431,323
7.34,-5.24,-5.24,-0.03,0.03,-0.10,338,383,413,430,322
7.00,-5.25,-5.25,-0.03,0.04,-0.02,338,383,413,430,323
6.92,-5.52,-5.52,0.03,0.03,-0.02,339,383,413,430,322
6.81,-5.76,-5.76,0.01,0.06,0.03,339,383,412,430,322
6.47,-5.74,-5.74,0.02,0.04,-0.05,339,383,412,430,322
6.09,-5.56,-5.56,0.00,0.08,-0.01,339,383,412,430,322
5.56,-5.37,-5.37,0.13,0.15,-0.09,339,383,413,430,323
5.84,-5.41,-5.41,0.20,0.22,-0.07,339,383,413,430,322
5.52,-4.87,-4.87,0.22,0.29,-0.06,339,383,413,430,323
7.16,-5.20,-5.20,0.09,0.31,-0.15,339,383,413,430,322
5.46,-4.78,-4.78,0.11,0.39,-0.09,339,383,413,430,323
6.74,-4.72,-4.72,0.22,0.33,-0.31,339,383,413,430,323
4.34,-3.69,-3.69,0.09,0.48,-0.01,338,383,413,430,323
5.90,-4.34,-4.34,0.17,0.50,-0.09,338,383,413,429,323
3.38,-3.81,-3.81,-0.06,0.51,0.33,338,384,413,429,324
4.51,-5.07,-5.07,-0.00,0.54,-0.10,339,385,413,426,325
3.97,-4.83,-4.83,-0.11,0.49,0.07,339,385,413,425,327
6.98,-5.61,-5.61,0.24,0.39,-0.25,340,386,413,425,328
6.56,-5.55,-5.55,0.06,-0.11,0.07,340,386,413,425,328
3.32,-5.13,-5.13,-0.04,-0.23,-0.01,340,386,413,425,328
3.38,-4.64,-4.64,0.11,-0.03,-0.00,340,387,413,426,327
4.19,-4.60,-4.60,0.05,0.03,-0.03,340,387,413,426,327
3.96,-4.51,-4.51,0.13,0.04,-0.04,340,387,413,426,327
3.90,-4.57,-4.57,0.12,0.03,-0.03,340,387,413,426,327
4.17,-4.66,-4.66,0.11,0.04,-0.05,340,387,413,426,327
4.58,-4.69,-4.69,0.07,0.01,-0.00,340,387,413,426,327
4.16,-4.69,-4.69,0.05,-0.02,-0.00,340,387,413,426,327
4.36,-4.52,-4.52,0.04,-0.04,-0.03,340,387,413,426,327
3.99,-4.60,-4.60,0.07,-0.03,-0.03,340,387,413,427,327
4.03,-4.47,-4.47,0.07,-0.02,-0.04,340,387,414,427,327
4.36,-4.65,-4.65,0.05,-0.02,-0.02,340,388,414,428,327
3.98,-4.41,-4.41,0.02,-0.04,-0.04,340,388,415,428,327
4.11,-4.45,-4.45,0.02,-0.04,-0.05,339,388,415,429,327
3.93,-4.37,-4.37,0.02,-0.02,-0.04,339,388,415,429,327
END
4.13,-4.41,-4.41,0.03,0.00,-0.06,336,386,413,432,323
6.01,-5.74,-5.74,0.16,0.20,-0.06,336,386,413,431,323
7.16,-5.62,-5.62,0.13,0.20,-0.04,336,386,413,431,323
5.88,-5.42,-5.42,0.09,0.12,-0.09,336,386,413,431,323
6.40,-5.57,-5.57,0.20,0.20,-0.05,336,386,413,431,323
5.50,-4.81,-4.81,0.08,0.17,-0.02,337,386,413,431,323
5.59,-5.10,-5.10,0.21,0.19,-0.16,336,386,413,431,323
5.35,-4.89,-4.89,0.07,0.26,-0.03,336,386,413,431,323
5.04,-4.59,-4.59,0.20,0.30,-0.18,336,386,413,431,323
4.73,-4.42,-4.42,-0.01,0.36,0.07,336,386,413,431,323
2.81,-4.36,-4.36,0.09,0.32,-0.35,336,388,413,430,323
3.16,-2.83,-2.83,-0.23,0.44,0.06,336,390,414,430,324
5.13,-4.24,-4.24,0.15,0.64,-0.07,336,391,415,429,327
5.18,-5.26,-5.26,0.16,0.59,0.00,336,391,415,429,328
7.06,-5.79,-5.79,0.35,0.29,-0.52,336,391,415,429,328
5.66,-4.66,-4.66,0.06,-0.08,0.07,337,392,415,429,328
4.16,-4.34,-4.34,0.12,-0.13,-0.12,337,392,416,429,328
3.32,-3.59,-3.59,0.12,-0.04,0.03,337,393,416,429,328
3.60,-3.70,-3.70,0.08,-0.01,-0.07,337,393,416,429,328
3.60,-3.82,-3.82,0.14,0.01,0.02,337,393,416,429,328
4.13,-4.06,-4.06,0.03,-0.01,-0.05,337,392,416,429,327
3.97,-4.10,-4.10,0.04,0.00,0.02,337,393,416,429,327
3.91,-3.78,-3.78,0.00,-0.01,0.01,336,392,416,429,327
4.19,-3.83,-3.83,0.03,-0.02,-0.06,337,392,416,429,327
3.89,-3.78,-3.78,0.06,-0.01,-0.03,336,392,416,430,327
4.04,-3.88,-3.88,0.04,-0.03,-0.07,336,392,416,430,327
3.78,-3.77,-3.77,0.05,0.02,-0.00,337,392,416,430,327
4.16,-3.88,-3.88,0.03,0.00,-0.04,337,392,416,430,328
4.03,-4.08,-4.08,0.06,0.01,-0.06,336,392,416,430,328
4.29,-4.00,-4.00,0.01,0.01,0.00,336,392,416,430,327
4.00,-3.83,-3.83,0.04,-0.01,-0.06,337,392,416,430,327
4.20,-3.89,-3.89,0.02,-0.02,-0.03,336,392,416,430,327
3.67,-3.78,-3.78,0.03,-0.01,-0.04,337,392,416,430,328
4.10,-3.89,-3.89,0.01,-0.02,-0.04,337,392,416,430,328
3.93,-3.88,-3.88,0.05,-0.01,-0.07,336,392,416,430,328
END
4.07,-3.77,-3.77,0.04,0.00,-0.06,336,386,414,433,324
6.45,-5.15,-5.15,0.05,-0.02,-0.06,336,387,414,433,324
6.54,-5.38,-5.38,0.05,-0.00,-0.03,336,388,414,433,324
6.28,-5.29,-5.29,0.00,-0.02,-0.02,336,387,414,433,324
6.36,-5.28,-5.28,0.02,-0.01,-0.03,336,388,414,433,324
6.53,-5.30,-5.30,-0.00,0.03,0.01,336,387,414,433,324
6.55,-5.23,-5.23,-0.04,-0.03,-0.03,336,387,414,432,324
6.17,-5.53,-5.53,0.04,-0.00,-0.02,336,387,414,432,323
5.81,-5.61,-5.61,0.07,0.02,-0.00,336,387,414,432,323
5.13,-5.72,-5.72,0.11,0.12,-0.01,336,387,414,432,323
6.11,-5.23,-5.23,0.14,0.22,0.02,336,387,414,432,323
5.41,-4.92,-4.92,0.06,0.20,-0.01,335,387,414,432,323
4.80,-4.50,-4.50,0.21,0.21,-0.19,336,387,414,432,323
4.82,-4.95,-4.95,0.26,0.33,-0.18,336,387,414,432,323
5.10,-4.31,-4.31,0.11,0.38,-0.20,336,387,414,431,323
5.20,-3.62,-3.62,0.18,0.49,-0.14,336,387,414,430,323
4.59,-4.03,-4.03,0.23,0.59,0.05,336,387,414,429,323
3.90,-3.50,-3.50,-0.02,0.54,0.05,336,387,414,429,324
3.02,-3.75,-3.75,0.19,0.62,-0.02,336,387,414,428,325
4.23,-3.14,-3.14,0.26,0.77,0.14,336,389,415,428,326
4.71,-4.56,-4.56,0.44,0.51,-0.09,336,389,415,428,326
4.82,-4.96,-4.96,0.10,-0.10,0.00,336,389,415,428,326
1.85,-4.16,-4.16,-0.10,-0.27,0.01,336,389,415,428,326
2.43,-4.13,-4.13,0.13,-0.05,-0.12,336,390,415,429,326
2.96,-3.85,-3.85,-0.01,-0.04,-0.03,336,390,415,429,326
2.70,-3.42,-3.42,0.10,-0.01,-0.14,336,390,416,429,326
3.27,-3.57,-3.57,0.02,-0.01,-0.01,336,390,417,430,326
3.01,-3.70,-3.70,0.09,-0.01,-0.08,336,391,419,432,326
3.33,-3.72,-3.72,0.06,0.01,-0.02,336,392,420,433,326
3.38,-3.73,-3.73,0.04,-0.05,-0.07,336,392,420,433,326
3.21,-3.77,-3.77,0.05,-0.02,-0.04,336,392,420,433,326
2.99,-3.53,-3.53,0.04,-0.02,-0.01,336,392,420,433,326
3.17,-3.65,-3.65,0.01,-0.04,-0.03,336,392,420,433,326
3.14,-3.55,-3.55,0.05,-0.01,-0.03,337,392,420,433,326
3.04,-3.63,-3.63,-0.01,-0.04,-0.01,336,392,420,433,326
END
3.09,-3.57,-3.57,0.05,-0.02,-0.03,336,383,414,432,323
6.33,-5.36,-5.36,0.06,0.00,-0.03,336,383,414,433,323
6.23,-5.46,-5.46,0.02,-0.02,-0.05,336,383,414,432,323
6.22,-5.29,-5.29,0.07,0.02,-0.02,336,383,414,432,323
5.94,-5.20,-5.20,0.06,0.02,-0.06,336,383,414,432,323
6.08,-5.34,-5.34,0.07,0.05,-0.04,336,382,414,432,323
6.11,-5.56,-5.56,0.13,0.04,-0.08,336,382,414,431,323
6.50,-5.89,-5.89,0.15,0.08,-0.03,336,382,413,431,323
5.29,-5.82,-5.82,0.06,0.05,-0.03,336,382,413,430,321
5.64,-5.43,-5.43,0.15,0.13,-0.05,336,382,413,431,323
4.82,-4.46,-4.46,0.09,0.19,-0.13,336,382,413,431,323
6.47,-4.86,-4.86,0.23,0.31,-0.21,336,382,413,430,323
5.97,-4.56,-4.56,0.13,0.30,-0.06,336,382,413,430,323
5.65,-3.55,-3.55,0.15,0.17,-0.31,336,382,413,430,323
5.74,-2.81,-2.81,0.02,0.31,0.05,336,382,413,430,322
6.04,-3.24,-3.24,0.28,0.34,-0.17,336,382,413,430,323
3.28,-3.44,-3.44,0.23,0.50,0.10,336,384,413,429,323
2.78,-4.10,-4.10,0.24,0.60,-0.07,336,385,413,430,324
2.74,-2.76,-2.76,-0.03,0.60,-0.10,336,385,414,429,325
7.82,-3.83,-3.83,0.49,0.70,-0.30,337,386,414,428,327
6.30,-3.63,-3.63,0.00,-0.14,0.29,337,388,415,429,327
2.01,-2.91,-2.91,-0.10,-0.27,0.12,336,390,415,429,327
2.91,-3.39,-3.39,0.14,0.04,0.02,336,390,415,429,326
3.96,-3.19,-3.19,0.07,-0.00,-0.04,336,390,415,429,326
3.58,-3.17,-3.17,0.07,0.02,0.01,336,390,415,429,326
3.51,-3.59,-3.59,0.04,-0.04,-0.05,336,389,415,429,326
3.04,-3.01,-3.01,0.03,0.02,0.01,336,389,414,429,326
3.68,-3.47,-3.47,0.07,0.07,-0.00,336,389,415,429,326
3.22,-3.52,-3.52,0.07,0.06,0.00,336,390,416,430,326
3.46,-3.79,-3.79,0.03,0.02,-0.08,336,390,416,430,326
3.57,-3.36,-3.36,0.05,0.02,-0.08,336,391,417,430,326
3.87,-3.22,-3.22,0.02,0.02,-0.03,336,390,417,431,326
3.42,-3.09,-3.09,0.05,0.01,-0.02,336,391,417,431,326
3.37,-3.05,-3.05,0.03,-0.00,0.01,336,391,417,431,326
3.38,-2.95,-2.95,0.05,-0.01,-0.05,336,391,417,431,326
END
3.17,-3.21,-3.21,0.05,0.03,-0.01,335,386,412,429,323
6.23,-4.74,-4.74,0.02,0.02,0.06,335,386,412,429,323
5.95,-4.84,-4.84,0.02,0.03,0.04,334,386,412,429,323
5.73,-4.59,-4.59,-0.01,0.02,0.00,335,386,412,429,323
5.58,-4.89,-4.89,-0.04,0.01,0.01,335,387,412,429,323
6.19,-4.95,-4.95,0.00,0.03,-0.05,335,387,412,429,323
5.53,-4.72,-4.72,-0.05,0.02,-0.09,335,387,412,429,323
5.09,-4.89,-4.89,0.03,0.07,-0.08,335,387,412,429,323
4.06,-4.58,-4.58,0.06,0.12,-0.19,335,387,412,429,323
4.44,-4.50,-4.50,0.19,0.37,-0.26,335,387,412,429,323
4.57,-4.01,-4.01,0.12,0.36,-0.34,335,387,412,429,323
5.44,-3.44,-3.44,0.18,0.41,-0.45,335,387,412,428,323
4.67,-2.69,-2.69,-0.02,0.49,-0.09,336,387,413,428,323
4.02,-3.71,-3.71,0.09,0.64,-0.37,336,387,413,428,323
2.75,-1.95,-1.95,-0.03,0.62,-0.24,336,390,416,428,325
8.30,-2.96,-2.96,0.03,0.45,-0.37,337,390,416,427,327
7.80,-3.72,-3.72,0.09,0.04,0.05,338,392,416,428,328
3.64,-3.75,-3.75,-0.11,-0.25,0.24,337,393,416,428,328
3.12,-3.81,-3.81,0.12,-0.00,0.07,337,393,416,428,327
3.86,-3.37,-3.37,-0.00,-0.01,-0.03,337,393,416,428,327
3.55,-3.11,-3.11,0.09,0.06,0.01,337,393,416,429,327
4.16,-3.33,-3.33,0.02,0.01,-0.00,337,393,416,429,327
3.95,-3.01,-3.01,0.05,0.02,-0.01,336,393,416,429,327
3.88,-3.37,-3.37,0.07,-0.00,-0.07,336,393,416,429,327
3.99,-3.09,-3.09,0.02,0.00,0.01,337,393,416,429,327
4.52,-3.09,-3.09,0.07,-0.01,-0.03,337,394,417,429,327
3.44,-3.54,-3.54,0.08,0.02,-0.01,337,394,417,429,327
4.03,-3.51,-3.51,0.06,-0.03,-0.04,337,394,418,429,327
3.78,-3.35,-3.35,0.06,0.01,-0.01,337,395,418,430,327
4.02,-3.35,-3.35,0.06,0.01,-0.03,337,395,418,430,327
3.70,-3.25,-3.25,0.01,-0.02,0.01,337,395,418,430,327
4.06,-3.37,-3.37,0.04,-0.00,-0.03,337,395,419,431,327
3.73,-2.98,-2.98,-0.01,-0.01,0.00,337,395,419,431,327
4.09,-3.29,-3.29,0.03,-0.01,-0.03,337,395,419,431,327
3.98,-3.11,-3.11,0.04,-0.00,-0.03,337,395,419,431,327
END
3.72,-3.38,-3.38,0.03,-0.01,-0.01,335,385,414,432,322
6.59,-4.04,-4.04,0.01,0.01,0.01,335,385,414,432,322
6.52,-4.06,-4.06,0.03,-0.02,0.01,335,386,414,432,323
6.44,-4.58,-4.58,0.03,-0.01,0.03,335,385,414,432,323
6.39,-4.54,-4.54,0.00,-0.00,0.01,335,386,414,432,322
6.37,-4.85,-4.85,0.01,0.00,0.05,335,386,414,432,323
6.41,-5.74,-5.74,0.01,-0.00,0.07,335,385,414,432,322
5.23,-5.53,-5.53,-0.15,0.02,0.10,335,386,414,432,323
4.41,-4.89,-4.89,-0.10,0.15,-0.02,334,386,414,432,322
4.14,-4.08,-4.08,-0.09,0.24,-0.14,334,386,414,432,322
5.38,-4.13,-4.13,0.07,0.41,-0.25,335,386,414,431,322
5.36,-4.62,-4.62,-0.25,0.35,-0.20,335,386,414,431,323
5.10,-3.60,-3.60,-0.07,0.44,-0.22,335,386,414,431,323
5.84,-3.48,-3.48,0.02,0.41,-0.03,336,387,414,430,324
3.77,-3.47,-3.47,0.15,0.59,0.10,337,389,415,429,326
5.08,-4.11,-4.11,0.22,0.57,-0.01,338,389,415,428,327
4.28,-4.75,-4.75,0.26,0.43,-0.15,339,391,415,428,328
5.68,-3.91,-3.91,0.01,0.10,-0.47,340,392,415,428,328
6.07,-4.01,-4.01,0.14,-0.01,-0.04,340,392,415,428,328
3.80,-4.12,-4.12,0.08,-0.04,-0.02,340,392,415,428,327
3.84,-4.64,-4.64,0.13,0.03,-0.04,340,391,415,428,327
4.16,-3.90,-3.90,0.03,0.01,-0.03,339,391,415,428,327
4.27,-3.78,-3.78,0.05,0.01,0.01,339,392,415,428,327
4.36,-3.66,-3.66,0.07,-0.02,-0.04,339,392,415,428,327
4.26,-3.73,-3.73,0.04,-0.01,0.02,339,392,415,428,327
4.02,-3.89,-3.89,0.06,-0.03,-0.04,339,392,415,428,327
4.21,-4.00,-4.00,0.02,-0.02,0.03,339,392,415,428,327
4.03,-3.83,-3.83,0.07,-0.03,-0.03,339,392,415,428,327
3.97,-3.86,-3.86,0.01,-0.05,0.03,339,392,415,428,327
4.03,-3.92,-3.92,0.04,-0.03,-0.05,339,392,415,428,327
4.08,-3.79,-3.79,0.02,-0.02,0.01,339,391,415,428,327
3.92,-3.91,-3.91,0.02,-0.03,-0.04,339,391,415,428,327
3.95,-3.90,-3.90,0.05,0.00,-0.01,339,391,415,428,327
4.04,-4.00,-4.00,-0.00,-0.01,-0.02,339,391,415,428,327
3.98,-3.95,-3.95,0.04,0.01,-0.04,339,391,415,428,327
END
4.26,-3.77,-3.77,0.02,0.01,-0.01,336,386,414,431,324
5.99,-5.35,-5.35,0.02,-0.01,-0.03,336,387,414,431,324
6.06,-5.28,-5.28,0.03,-0.00,-0.04,336,386,414,431,324
6.09,-5.29,-5.29,0.06,-0.00,-0.04,336,386,414,431,324
6.07,-5.28,-5.28,0.05,-0.00,-0.02,336,386,414,431,324
5.80,-5.17,-5.17,0.05,-0.01,-0.03,336,386,414,431,324
6.06,-5.28,-5.28,0.06,0.00,-0.03,335,386,414,431,324
6.02,-5.50,-5.50,0.02,-0.02,-0.02,336,386,414,431,324
6.07,-5.43,-5.43,0.01,-0.02,0.00,336,386,414,431,324
5.98,-5.59,-5.59,0.03,-0.02,-0.02,336,385,414,431,324
5.61,-6.23,-6.23,0.09,-0.02,0.01,336,385,414,431,324
5.07,-5.91,-5.91,-0.02,0.02,0.05,336,385,414,431,324
4.27,-5.48,-5.48,0.08,0.12,-0.06,336,385,414,431,323
4.73,-4.85,-4.85,0.08,0.26,-0.05,336,385,414,431,324
4.65,-4.31,-4.31,0.11,0.31,-0.26,336,385,414,431,324
5.46,-4.32,-4.32,0.26,0.38,-0.19,336,385,414,431,324
5.61,-4.61,-4.61,0.09,0.41,-0.09,336,385,414,430,324
3.85,-4.08,-4.08,0.01,0.47,0.02,336,385,414,430,323
5.20,-4.26,-4.26,-0.05,0.47,-0.10,336,385,414,429,324
4.29,-4.08,-4.08,-0.21,0.34,0.17,336,386,414,429,325
4.36,-4.61,-4.61,0.02,0.42,-0.13,337,386,414,428,326
4.14,-4.78,-4.78,0.02,0.29,-0.07,338,386,414,426,327
5.10,-5.08,-5.08,0.22,0.24,-0.25,339,386,413,426,328
5.83,-4.85,-4.85,0.08,0.01,-0.23,339,386,414,426,329
2.35,-5.02,-5.02,0.06,-0.12,0.15,339,386,414,426,328
3.16,-4.89,-4.89,0.11,-0.00,-0.03,339,387,414,426,328
3.35,-4.57,-4.57,0.02,0.01,0.00,338,387,414,426,328
3.67,-4.33,-4.33,0.06,-0.00,-0.08,338,387,414,426,328
4.01,-4.33,-4.33,0.04,-0.05,-0.07,338,387,413,426,328
3.32,-4.47,-4.47,0.06,-0.03,0.01,338,388,414,426,328
3.51,-4.42,-4.42,0.04,-0.02,-0.03,338,387,414,426,328
3.70,-4.52,-4.52,0.04,0.02,-0.02,338,388,414,426,328
4.05,-4.35,-4.35,0.05,0.00,-0.05,338,388,414,426,327
3.52,-4.44,-4.44,0.01,-0.02,-0.01,338,388,414,426,328
3.57,-4.41,-4.41,0.05,-0.01,-0.03,338,388,414,427,327
END
3.83,-4.35,-4.35,0.01,-0.03,-0.02,336,385,413,431,322
5.71,-5.15,-5.15,0.01,-0.03,-0.03,336,385,413,430,322
5.91,-5.15,-5.15,0.06,-0.02,-0.04,336,385,413,430,322
5.87,-5.12,-5.12,0.07,-0.02,-0.03,336,385,413,430,322
5.66,-5.15,-5.15,0.03,-0.05,-0.00,336,385,413,430,322
5.70,-5.19,-5.19,0.08,-0.03,-0.02,336,385,413,430,322
5.64,-5.26,-5.26,0.06,-0.03,-0.03,336,385,413,430,322
5.67,-5.61,-5.61,0.03,-0.02,-0.01,336,385,413,430,322
6.01,-6.19,-6.19,0.02,-0.03,0.03,336,385,413,430,322
4.61,-6.48,-6.48,-0.05,-0.04,-0.01,336,385,413,430,322
5.01,-5.43,-5.43,-0.04,0.14,-0.03,336,385,413,430,322
4.52,-5.00,-5.00,-0.00,0.11,-0.21,336,385,413,430,322
5.79,-4.60,-4.60,0.26,0.21,-0.39,336,385,413,430,322
6.20,-4.61,-4.61,-0.13,0.19,-0.09,336,384,413,430,322
3.81,-5.51,-5.51,0.12,0.33,-0.15,336,385,413,430,323
5.79,-4.14,-4.14,-0.17,0.26,-0.03,336,385,413,429,323
4.87,-3.50,-3.50,-0.25,0.49,-0.09,336,390,415,430,325
3.01,-4.18,-4.18,0.10,0.58,0.16,337,390,415,429,327
6.55,-5.51,-5.51,0.37,0.78,-0.32,338,390,415,428,329
5.43,-4.62,-4.62,-0.14,0.20,-0.21,338,391,415,428,330
6.53,-4.36,-4.36,0.21,-0.13,-0.30,339,390,415,428,330
3.92,-4.85,-4.85,0.00,-0.12,0.17,339,390,415,428,329
4.27,-5.01,-5.01,0.14,-0.01,-0.08,339,390,415,428,329
4.10,-4.44,-4.44,0.04,-0.01,0.07,339,390,415,428,328
4.02,-4.42,-4.42,0.08,0.00,-0.01,339,390,415,428,328
3.84,-4.03,-4.03,0.08,0.02,0.04,339,390,415,428,329
4.30,-4.50,-4.50,0.13,0.02,-0.02,339,390,415,428,328
3.56,-3.70,-3.70,-0.01,-0.04,-0.01,339,389,415,428,328
4.22,-4.64,-4.64,0.12,0.06,-0.02,339,390,415,428,328
4.12,-4.39,-4.39,0.05,0.04,-0.03,339,390,415,428,328
4.32,-4.67,-4.67,0.03,0.02,-0.01,339,390,415,428,328
4.25,-4.31,-4.31,0.05,0.02,-0.02,339,389,415,428,328
4.15,-4.04,-4.04,-0.01,-0.04,-0.04,339,389,415,428,328
3.93,-4.03,-4.03,0.06,-0.00,-0.01,339,388,415,428,328
3.91,-4.21,-4.21,0.04,0.00,-0.04,339,388,415,428,328
END
3.81,-4.03,-4.03,0.05,-0.00,-0.05,336,382,412,430,323
6.61,-4.71,-4.71,0.07,-0.02,-0.04,336,381,412,430,323
6.07,-4.74,-4.74,0.04,-0.02,-0.02,336,382,412,430,323
6.51,-4.70,-4.70,0.02,-0.04,-0.05,336,381,412,430,323
6.60,-4.72,-4.72,0.05,0.01,-0.02,336,381,412,430,323
6.37,-4.61,-4.61,0.04,-0.01,-0.02,336,382,412,430,323
6.22,-5.03,-5.03,0.00,-0.02,-0.01,336,382,412,430,323
6.40,-5.36,-5.36,0.07,0.01,0.01,336,382,412,430,323
5.81,-5.83,-5.83,0.08,-0.03,0.06,336,382,412,430,323
3.89,-4.82,-4.82,0.07,0.12,0.05,337,382,412,430,323
6.25,-5.00,-5.00,0.25,0.21,-0.17,336,382,412,429,323
4.41,-4.34,-4.34,0.01,0.32,-0.01,336,382,412,429,323
5.50,-4.34,-4.34,0.09,0.40,-0.18,336,382,412,429,323
5.25,-3.75,-3.75,-0.18,0.37,-0.08,336,381,412,429,324
5.23,-3.80,-3.80,0.08,0.56,-0.20,336,381,412,428,324
4.57,-3.42,-3.42,-0.09,0.38,0.01,336,382,412,428,324
4.60,-3.97,-3.97,0.21,0.53,-0.01,337,382,412,428,325
4.53,-3.21,-3.21,0.18,0.39,-0.07,337,383,412,427,326
3.63,-3.22,-3.22,0.48,0.57,0.08,338,383,412,427,326
5.17,-4.00,-4.00,0.31,0.36,-0.24,338,384,412,427,326
4.41,-4.23,-4.23,0.07,-0.02,-0.03,339,384,413,427,326
2.94,-4.20,-4.20,0.00,-0.18,0.03,339,385,413,427,326
2.94,-3.98,-3.98,-0.02,-0.11,-0.02,339,385,413,427,327
2.74,-3.81,-3.81,-0.02,-0.03,-0.00,339,385,413,427,326
3.70,-3.47,-3.47,0.00,-0.00,-0.04,338,385,413,427,326
3.45,-3.45,-3.45,0.02,0.01,-0.03,339,385,413,427,326
3.78,-3.64,-3.64,0.05,0.00,-0.06,339,385,413,427,326
3.85,-3.60,-3.60,0.02,-0.02,-0.03,339,385,413,427,326
3.71,-3.65,-3.65,0.05,-0.01,-0.06,339,385,413,427,326
3.88,-3.80,-3.80,0.01,-0.03,-0.03,339,385,413,428,326
3.57,-3.75,-3.75,0.07,-0.01,-0.05,339,386,413,428,326
3.69,-3.59,-3.59,-0.00,-0.02,-0.00,339,386,414,428,326
3.57,-3.78,-3.78,0.05,-0.03,-0.04,339,386,414,428,327
3.67,-3.73,-3.73,0.03,-0.00,-0.01,339,386,414,428,326
3.50,-3.76,-3.76,0.05,-0.01,-0.04,339,386,414,428,326
END
3.33,-3.51,-3.51,0.01,-0.01,0.01,337,380,409,426,323
6.64,-4.66,-4.66,0.08,0.01,0.00,337,380,409,427,322
6.61,-4.54,-4.54,0.07,-0.03,-0.01,337,380,409,426,322
6.78,-4.50,-4.50,0.07,-0.05,0.01,337,380,409,427,322
6.26,-4.64,-4.64,0.09,-0.02,0.02,337,380,409,427,322
6.14,-4.99,-4.99,0.06,-0.02,-0.01,337,380,409,427,323
6.27,-5.33,-5.33,0.03,0.04,0.02,337,380,409,426,322
5.61,-5.55,-5.55,-0.01,0.06,0.07,336,380,409,427,322
5.03,-5.40,-5.40,0.01,0.15,0.03,336,380,409,427,322
5.04,-4.58,-4.58,0.08,0.25,-0.12,337,380,409,426,322
4.71,-4.37,-4.37,0.05,0.28,-0.19,337,380,409,426,322
4.19,-4.07,-4.07,0.19,0.44,-0.27,337,380,409,426,323
5.67,-4.37,-4.37,-0.26,0.45,-0.17,337,380,409,426,323
5.41,-3.63,-3.63,0.10,0.54,-0.44,337,381,410,426,323
5.42,-3.54,-3.54,-0.22,0.48,-0.01,337,381,410,426,324
2.14,-3.29,-3.29,0.06,0.71,-0.04,337,385,412,427,325
5.10,-3.65,-3.65,-0.12,0.59,-0.03,337,385,412,426,327
4.45,-3.65,-3.65,0.04,0.63,-0.15,338,386,412,426,329
6.09,-4.57,-4.57,0.14,0.04,-0.03,338,386,412,426,329
3.02,-5.05,-5.05,0.03,-0.20,0.17,338,387,412,426,328
2.87,-4.64,-4.64,0.05,-0.14,-0.02,339,387,412,426,327
3.05,-4.37,-4.37,0.07,-0.01,0.02,338,387,412,426,327
3.29,-4.11,-4.11,0.09,-0.00,-0.04,338,387,413,426,327
3.64,-4.32,-4.32,0.04,0.00,-0.01,338,387,413,426,327
3.34,-4.08,-4.08,0.04,-0.03,-0.04,338,387,413,426,327
3.51,-4.14,-4.14,0.07,-0.00,-0.02,338,387,413,427,327
3.62,-4.05,-4.05,0.04,-0.01,-0.05,338,387,413,427,327
3.51,-4.07,-4.07,0.06,-0.01,-0.03,338,387,413,427,327
3.69,-3.96,-3.96,0.05,-0.03,-0.03,338,387,413,427,327
3.63,-4.05,-4.05,0.06,-0.02,-0.02,338,387,413,427,327
3.65,-3.99,-3.99,0.03,-0.02,-0.01,338,387,414,428,327
3.22,-4.20,-4.20,0.05,-0.01,-0.02,338,387,414,428,327
3.45,-4.06,-4.06,0.03,0.01,-0.03,338,387,414,428,327
3.27,-3.96,-3.96,0.04,0.01,-0.03,339,387,414,428,327
3.50,-4.06,-4.06,0.00,0.01,-0.03,338,387,415,428,327
END
3.57,-3.96,-3.96,0.02,-0.00,-0.05,336,382,410,429,323
6.29,-5.23,-5.23,0.06,0.01,-0.03,336,381,410,429,323
6.08,-5.22,-5.22,0.08,0.02,-0.02,336,381,411,429,323
7.11,-5.28,-5.28,0.11,0.06,-0.00,336,381,410,429,323
7.17,-5.30,-5.30,0.09,-0.05,0.02,336,381,410,429,323
5.54,-5.04,-5.04,0.02,-0.10,0.04,336,381,410,429,323
5.25,-5.69,-5.69,0.14,-0.07,-0.06,336,381,410,429,323
5.79,-5.65,-5.65,0.09,0.11,0.10,336,381,410,429,322
3.92,-5.47,-5.47,0.10,0.15,0.01,336,382,410,429,322
4.03,-5.13,-5.13,0.27,0.28,-0.14,336,382,410,429,323
6.02,-4.62,-4.62,0.14,0.39,-0.13,336,382,410,429,323
4.71,-4.78,-4.78,0.13,0.44,-0.11,336,382,410,429,323
4.66,-4.85,-4.85,-0.02,0.46,-0.13,336,382,410,429,323
5.02,-4.45,-4.45,0.04,0.54,-0.29,336,382,411,429,323
3.61,-3.82,-3.82,-0.30,0.48,-0.14,336,383,411,428,323
3.58,-3.91,-3.91,-0.00,0.57,-0.24,336,384,411,427,324
2.81,-3.83,-3.83,-0.12,0.51,-0.13,336,388,412,427,327
4.70,-4.08,-4.08,0.03,0.61,-0.05,335,389,413,427,329
4.45,-4.49,-4.49,0.30,0.43,-0.16,335,390,413,428,330
5.84,-5.45,-5.45,0.21,0.14,0.01,336,391,413,428,330
3.17,-5.19,-5.19,0.06,-0.18,0.03,336,392,414,428,330
2.53,-4.41,-4.41,-0.01,-0.12,0.02,336,392,414,428,330
2.77,-4.26,-4.26,0.05,-0.03,-0.05,336,392,414,428,330
2.79,-3.88,-3.88,0.07,0.01,-0.03,336,392,414,429,330
3.01,-4.14,-4.14,0.05,0.01,-0.09,335,391,414,428,330
2.98,-4.18,-4.18,0.08,0.02,-0.05,336,391,414,429,330
3.38,-4.28,-4.28,0.03,-0.01,-0.08,335,391,414,429,330
3.07,-4.24,-4.24,0.05,0.01,-0.02,336,391,414,429,330
3.21,-4.24,-4.24,0.04,-0.01,-0.09,335,391,414,429,330
END
5.13,-6.65,-6.65,-0.05,-0.01,-0.01,330,405,439,481,340
5.28,-6.69,-6.69,0.08,0.02,-0.06,330,405,439,481,340
5.23,-6.97,-6.97,0.04,0.01,-0.03,330,405,439,481,340
5.19,-6.81,-6.81,0.02,-0.01,-0.03,330,405,439,481,340
5.09,-6.60,-6.60,0.02,-0.01,-0.05,330,405,439,481,340
5.12,-6.58,-6.58,0.01,0.01,-0.03,330,405,439,481,340
5.23,-6.82,-6.82,0.04,0.03,-0.06,330,405,439,481,340
4.85,-6.90,-6.90,0.05,0.02,-0.06,330,405,439,481,340
4.29,-6.27,-6.27,0.15,0.02,-0.07,330,405,439,481,340
4.41,-5.72,-5.72,0.33,0.04,-0.29,330,405,439,481,340
2.22,-5.14,-5.14,0.56,0.35,-0.16,330,405,439,481,339
4.49,-5.39,-5.39,0.65,0.61,-0.07,330,405,438,480,339
4.49,-4.84,-4.84,0.72,0.39,-0.45,329,404,438,480,339
3.11,-3.86,-3.86,0.55,0.64,-0.13,330,405,438,480,339
4.11,-3.35,-3.35,0.49,0.73,-0.09,329,405,439,480,339
2.45,-3.12,-3.12,0.15,0.66,-0.24,329,405,439,480,339
2.53,-3.50,-3.50,0.26,0.72,-0.20,329,405,440,480,339
5.61,-3.91,-3.91,0.24,0.16,-0.46,329,405,440,480,340
4.27,-3.54,-3.54,0.02,-0.15,-0.04,329,405,439,479,339
2.05,-3.60,-3.60,-0.04,-0.15,0.04,329,405,439,479,339
2.43,-3.37,-3.37,-0.01,-0.03,0.04,329,405,439,479,339
2.36,-3.24,-3.24,0.01,0.01,0.02,329,405,439,479,339
2.98,-3.33,-3.33,-0.02,-0.01,-0.01,329,405,439,479,339
2.46,-3.51,-3.51,0.02,-0.00,0.01,329,405,439,479,339
2.93,-3.74,-3.74,-0.01,-0.04,-0.02,329,404,439,479,339
2.45,-3.33,-3.33,-0.00,-0.02,0.01,329,404,438,479,339
2.79,-3.59,-3.59,0.01,-0.03,-0.04,329,404,439,478,339
2.51,-3.73,-3.73,-0.06,-0.02,0.03,329,404,438,478,339
2.86,-3.70,-3.70,0.01,-0.05,-0.09,329,404,438,478,339
2.55,-3.57,-3.57,-0.01,0.01,0.04,329,404,438,478,339
2.71,-3.77,-3.77,0.02,-0.02,-0.06,329,404,438,478,339
2.57,-3.66,-3.66,0.03,0.02,-0.02,329,404,438,478,339
2.84,-3.86,-3.86,0.03,0.00,-0.05,329,403,438,478,339
2.79,-3.93,-3.93,0.01,-0.01,-0.03,329,403,438,478,339
2.45,-3.91,-3.91,0.03,-0.02,-0.07,329,403,438,478,339
END
2.73,-3.97,-3.97,-0.00,-0.02,-0.04,332,399,433,474,335
5.61,-6.80,-6.80,0.03,-0.00,-0.06,333,397,433,474,335
5.60,-6.91,-6.91,0.03,-0.01,-0.06,332,397,434,474,335
5.64,-6.83,-6.83,0.04,-0.00,-0.05,332,397,433,474,335
5.53,-6.89,-6.89,0.04,0.01,-0.05,332,397,433,474,335
5.41,-6.92,-6.92,0.03,0.01,-0.03,331,397,433,474,335
5.41,-6.70,-6.70,0.03,0.01,-0.05,331,397,433,474,335
5.38,-6.89,-6.89,0.05,0.02,-0.05,331,397,433,474,335
4.99,-7.24,-7.24,0.07,0.03,0.01,331,397,433,474,335
3.73,-6.63,-6.63,0.12,0.14,-0.06,331,397,433,474,335
4.00,-6.17,-6.17,0.29,0.31,-0.11,331,397,433,473,334
4.15,-7.05,-7.05,0.29,0.50,-0.04,331,397,433,473,335
3.59,-5.69,-5.69,0.21,0.57,-0.03,331,397,433,473,334
4.87,-5.41,-5.41,0.24,0.57,-0.09,331,397,433,474,335
3.93,-4.95,-4.95,0.12,0.49,-0.18,331,397,433,474,336
3.31,-4.24,-4.24,0.31,0.60,-0.16,331,397,434,474,337
1.84,-5.42,-5.42,0.16,0.53,0.08,330,397,434,473,339
4.66,-6.50,-6.50,0.18,0.49,-0.46,330,397,434,472,340
7.17,-6.38,-6.38,0.12,0.08,-0.33,331,398,434,472,340
3.93,-5.82,-5.82,-0.05,-0.15,0.09,330,399,434,472,340
3.01,-5.56,-5.56,-0.05,-0.14,0.20,331,399,434,472,340
3.06,-5.60,-5.60,0.03,-0.05,0.03,330,398,433,472,340
3.14,-5.33,-5.33,-0.02,-0.02,-0.01,331,399,433,472,339
3.46,-5.42,-5.42,0.04,0.02,0.00,330,398,433,472,339
3.04,-5.33,-5.33,0.03,0.02,-0.02,331,398,433,472,339
3.57,-5.81,-5.81,0.05,-0.00,0.01,331,398,433,472,339
3.18,-5.58,-5.58,0.05,-0.03,-0.07,331,399,433,472,339
3.63,-5.79,-5.79,0.02,-0.04,0.05,330,399,433,472,339
3.01,-5.79,-5.79,0.03,-0.04,-0.00,330,399,433,472,339
3.13,-5.69,-5.69,0.03,-0.00,-0.05,330,399,433,472,339
3.11,-5.48,-5.48,0.06,0.00,-0.04,330,399,433,471,339
3.35,-5.65,-5.65,0.03,0.00,-0.03,330,399,433,471,339
3.38,-5.51,-5.51,0.07,0.02,-0.05,330,399,433,471,339
3.40,-5.73,-5.73,0.05,-0.01,-0.04,331,399,433,471,339
3.09,-5.56,-5.56,0.06,0.01,-0.04,330,399,433,472,339
END
3.39,-5.59,-5.59,0.05,0.02,-0.06,330,393,425,465,336
5.13,-7.47,-7.47,0.11,-0.03,-0.03,330,393,425,465,336
5.67,-7.56,-7.56,-0.01,0.00,-0.05,330,392,425,465,336
5.94,-6.58,-6.58,-0.00,0.00,-0.06,330,392,425,465,336
5.47,-6.78,-6.78,0.05,-0.00,-0.04,330,392,425,465,336
5.56,-7.21,-7.21,0.05,0.01,-0.04,330,392,425,465,335
5.58,-7.16,-7.16,0.03,0.02,-0.07,330,392,424,465,335
5.28,-7.24,-7.24,0.05,0.03,-0.02,330,392,424,465,335
4.18,-7.33,-7.33,0.11,0.10,0.05,330,393,424,465,335
3.85,-7.28,-7.28,0.19,0.35,0.02,330,392,425,465,335
4.08,-6.10,-6.10,0.14,0.35,-0.10,330,392,424,465,335
4.90,-6.23,-6.23,0.29,0.44,-0.21,330,393,424,465,335
4.40,-5.82,-5.82,0.32,0.37,-0.34,330,392,424,465,335
6.88,-5.00,-5.00,0.28,0.39,-0.21,330,392,425,465,335
3.96,-4.54,-4.54,-0.00,0.24,-0.10,330,393,425,465,335
4.47,-5.46,-5.46,0.41,0.58,-0.14,330,393,424,464,336
4.74,-5.28,-5.28,-0.19,0.29,0.04,330,395,425,464,336
5.15,-5.46,-5.46,0.32,0.44,-0.13,330,395,426,464,338
4.50,-6.76,-6.76,0.30,0.38,0.04,330,395,426,464,338
5.49,-6.23,-6.23,0.12,0.08,-0.16,330,396,426,464,338
5.25,-5.48,-5.48,-0.03,-0.13,-0.12,330,396,426,464,337
2.53,-4.73,-4.73,-0.05,-0.16,0.05,330,396,426,465,337
3.12,-4.94,-4.94,0.06,-0.01,-0.02,330,396,426,464,337
3.42,-5.28,-5.28,0.11,0.06,-0.03,330,396,426,465,337
4.34,-5.33,-5.33,0.09,0.08,-0.04,330,396,426,464,337
4.31,-5.52,-5.52,0.10,-0.01,-0.09,330,396,426,464,337
4.39,-5.13,-5.13,0.03,-0.03,-0.08,330,396,426,464,337
4.17,-4.94,-4.94,0.02,-0.08,-0.05,330,396,426,464,336
3.37,-4.99,-4.99,0.06,-0.00,-0.02,330,396,426,464,337
4.10,-5.10,-5.10,0.07,0.01,-0.07,330,396,426,464,337
3.98,-5.22,-5.22,0.04,0.03,-0.02,330,396,426,464,336
4.37,-5.38,-5.38,0.06,0.02,-0.07,330,396,426,464,336
4.36,-5.24,-5.24,0.02,0.03,-0.02,330,396,426,464,337
4.05,-5.38,-5.38,0.02,-0.00,-0.05,330,395,426,464,337
3.95,-5.10,-5.10,0.06,0.02,-0.04,330,396,426,464,337
END
3.84,-5.00,-5.00,0.09,0.02,-0.08,329,393,423,463,333
5.86,-6.20,-6.20,0.04,-0.06,-0.08,329,393,423,463,333
6.27,-6.32,-6.32,0.01,-0.06,-0.05,329,393,423,463,333
6.09,-6.24,-6.24,0.09,-0.08,-0.07,329,393,423,463,333
5.61,-6.47,-6.47,0.02,0.02,0.05,329,393,423,463,333
5.53,-6.59,-6.59,0.03,-0.00,-0.05,329,393,423,463,333
5.16,-6.78,-6.78,0.03,0.07,-0.03,329,393,423,463,333
4.87,-6.68,-6.68,0.07,0.08,-0.04,329,393,423,463,333
5.23,-6.78,-6.78,0.14,0.17,-0.14,329,393,423,463,333
4.76,-6.25,-6.25,-0.01,0.23,-0.01,329,393,423,463,333
4.90,-6.16,-6.16,0.06,0.29,-0.18,329,393,423,463,333
4.76,-5.69,-5.69,-0.14,0.27,-0.23,329,393,423,463,333
5.29,-4.99,-4.99,0.10,0.47,-0.30,329,393,423,463,334
6.88,-5.35,-5.35,0.01,0.43,-0.18,329,393,423,463,335
4.82,-4.67,-4.67,0.06,0.49,-0.10,329,393,423,463,335
3.38,-4.15,-4.15,0.08,0.42,-0.24,329,394,423,463,335
5.37,-4.75,-4.75,0.27,0.53,0.15,329,394,424,462,338
6.78,-6.37,-6.37,0.36,0.38,-0.46,329,395,425,462,338
7.15,-5.43,-5.43,-0.08,-0.02,-0.17,330,396,425,462,338
4.74,-5.33,-5.33,0.02,-0.13,0.06,330,397,425,462,337
3.92,-4.79,-4.79,-0.01,-0.05,0.06,330,397,425,462,336
4.72,-5.10,-5.10,0.11,0.02,-0.04,330,396,425,462,336
4.78,-4.97,-4.97,0.06,0.06,-0.02,330,396,425,462,336
5.18,-5.12,-5.12,0.07,0.01,0.01,330,396,425,462,336
4.36,-4.89,-4.89,0.05,-0.02,-0.04,330,396,424,462,336
4.36,-4.97,-4.97,0.06,-0.01,0.02,330,396,424,462,336
4.40,-4.89,-4.89,0.06,0.03,-0.04,330,396,424,462,334
4.82,-5.34,-5.34,0.03,-0.01,-0.00,330,396,425,462,336
4.91,-4.97,-4.97,0.04,0.00,-0.00,330,396,425,462,336
4.69,-5.34,-5.34,-0.00,-0.03,-0.00,330,396,424,462,336
4.39,-5.15,-5.15,0.04,-0.01,-0.02,330,396,425,462,336
4.49,-4.95,-4.95,-0.00,-0.03,-0.02,330,396,425,462,336
4.44,-4.99,-4.99,0.03,-0.02,0.01,330,396,425,462,336
4.64,-5.23,-5.23,0.07,0.02,-0.04,330,396,425,462,336
4.51,-5.26,-5.26,0.04,-0.02,-0.00,330,396,425,462,336
END
4.30,-5.10,-5.10,0.04,0.02,0.00,329,391,421,459,331
6.37,-6.20,-6.20,0.08,-0.02,-0.07,329,391,421,459,331
6.02,-6.15,-6.15,0.08,0.00,-0.05,330,391,421,459,331
6.63,-6.27,-6.27,0.06,0.01,-0.03,330,391,421,459,331
5.99,-6.12,-6.12,0.04,0.02,-0.00,330,391,421,459,331
6.35,-6.47,-6.47,0.03,0.00,-0.00,329,391,421,459,331
5.58,-6.68,-6.68,0.03,0.04,0.00,329,391,421,459,331
4.15,-6.68,-6.68,0.00,0.10,-0.03,329,391,421,459,331
4.96,-6.47,-6.47,0.07,0.28,-0.09,330,391,421,459,331
5.17,-5.86,-5.86,0.11,0.40,-0.11,329,391,421,458,331
5.74,-5.66,-5.66,0.08,0.35,-0.13,330,391,421,459,331
5.25,-5.64,-5.64,0.16,0.34,-0.11,329,391,421,459,331
5.36,-5.38,-5.38,0.18,0.46,-0.08,329,391,421,459,331
4.65,-4.95,-4.95,0.05,0.44,-0.08,329,392,421,459,331
4.41,-4.50,-4.50,0.12,0.54,-0.15,329,392,421,459,331
3.04,-3.82,-3.82,-0.08,0.48,-0.05,329,395,425,461,332
5.93,-5.11,-5.11,0.22,0.60,-0.16,329,395,426,460,334
6.43,-6.98,-6.98,0.22,0.40,0.10,329,395,425,460,335
4.71,-6.59,-6.59,-0.09,-0.11,0.05,330,395,425,460,334
4.47,-5.64,-5.64,0.04,-0.10,-0.12,329,395,425,460,334
3.68,-5.62,-5.62,0.04,-0.03,0.05,329,395,425,460,334
3.64,-5.20,-5.20,0.06,-0.02,-0.03,329,395,425,460,333
3.74,-5.14,-5.14,0.05,0.01,-0.04,330,395,425,460,333
3.94,-5.36,-5.36,0.08,0.01,-0.03,330,395,425,460,333
3.80,-5.51,-5.51,0.07,0.00,-0.04,330,395,425,460,333
4.06,-5.61,-5.61,0.05,-0.01,-0.01,330,395,424,460,334
3.83,-5.47,-5.47,0.05,-0.01,0.01,329,395,425,460,334
4.24,-5.57,-5.57,0.02,-0.01,0.01,329,395,425,460,334
3.70,-5.33,-5.33,0.04,0.02,-0.01,329,395,424,460,334
3.88,-5.50,-5.50,0.02,-0.01,-0.02,329,395,425,460,334
3.58,-5.51,-5.51,0.07,0.00,-0.04,329,395,425,460,334
3.82,-5.55,-5.55,0.04,0.01,-0.01,329,395,424,460,334
3.77,-5.42,-5.42,0.05,0.01,-0.04,329,395,424,460,334
3.97,-5.53,-5.53,0.00,-0.02,-0.00,329,395,424,460,334
3.88,-5.40,-5.40,0.03,-0.02,-0.07,329,394,424,460,333
END
3.60,-5.51,-5.51,0.03,-0.00,-0.02,329,389,420,459,331
6.35,-6.45,-6.45,-0.02,0.03,-0.16,329,389,421,459,331
6.23,-6.29,-6.29,-0.03,0.05,-0.13,329,389,421,459,331
6.17,-6.37,-6.37,-0.05,0.04,-0.05,329,389,420,459,331
6.25,-6.60,-6.60,0.01,0.01,0.01,329,389,420,458,331
5.12,-6.50,-6.50,-0.02,0.02,0.05,329,390,420,458,331
4.41,-6.22,-6.22,-0.01,0.08,-0.01,329,389,420,458,331
5.10,-6.29,-6.29,0.11,0.20,-0.10,329,390,420,458,331
5.58,-5.95,-5.95,0.09,0.22,-0.12,329,390,420,458,331
5.58,-6.14,-6.14,0.26,0.28,-0.13,329,390,420,458,331
5.38,-5.89,-5.89,0.19,0.30,-0.09,329,390,420,458,331
5.33,-5.85,-5.85,0.18,0.37,-0.09,329,390,420,458,331
4.38,-5.20,-5.20,0.10,0.43,-0.05,329,390,420,458,331
4.22,-5.24,-5.24,0.02,0.42,-0.10,329,390,421,458,331
2.57,-4.85,-4.85,-0.01,0.54,-0.08,329,391,421,458,332
4.38,-3.50,-3.50,0.06,0.41,-0.72,329,391,422,458,333
9.23,-5.39,-5.39,0.43,0.25,-0.74,329,391,422,457,335
7.10,-5.01,-5.01,0.06,0.21,0.14,329,391,422,457,335
5.43,-5.88,-5.88,0.00,-0.08,0.16,329,391,422,457,335
3.56,-4.50,-4.50,-0.07,-0.10,0.06,329,392,421,457,335
4.39,-4.83,-4.83,0.06,0.02,0.08,329,392,421,457,335
4.39,-5.08,-5.08,0.07,0.01,0.03,329,392,421,457,334
4.67,-4.95,-4.95,0.07,0.02,-0.01,329,392,421,457,334
4.72,-4.98,-4.98,0.04,-0.01,0.02,330,392,422,457,334
4.97,-5.33,-5.33,0.07,-0.03,0.00,330,392,422,457,334
4.17,-4.95,-4.95,0.06,-0.02,-0.00,330,392,422,457,334
4.26,-5.27,-5.27,0.02,-0.01,0.01,330,392,422,457,334
4.25,-4.89,-4.89,0.05,0.00,-0.04,330,392,422,457,334
4.41,-4.92,-4.92,0.02,0.02,-0.01,329,392,421,457,334
4.61,-4.90,-4.90,0.02,-0.01,-0.04,330,392,421,457,334
4.84,-4.87,-4.87,0.11,0.02,-0.08,329,392,422,457,333
4.29,-5.07,-5.07,0.04,-0.01,0.04,329,392,422,457,333
3.99,-5.11,-5.11,0.08,0.01,-0.05,330,392,422,457,333
4.24,-4.95,-4.95,0.02,0.02,-0.02,329,392,422,457,333
4.38,-4.83,-4.83,0.03,-0.01,-0.04,330,392,422,457,333
END
4.31,-4.86,-4.86,0.00,-0.02,-0.01,328,388,418,455,329
5.61,-6.72,-6.72,0.00,-0.01,0.05,328,388,417,455,329
5.37,-6.68,-6.68,0.04,0.04,0.06,328,388,418,455,329
5.41,-7.04,-7.04,0.05,0.04,-0.02,328,388,417,455,329
4.97,-6.82,-6.82,-0.03,0.07,0.00,328,388,417,455,329
4.47,-6.83,-6.83,0.07,0.09,-0.09,328,387,417,455,329
5.05,-6.87,-6.87,0.04,0.24,0.01,328,388,417,454,329
5.12,-6.33,-6.33,0.13,0.20,-0.17,328,387,417,454,329
4.67,-5.64,-5.64,0.15,0.29,-0.10,328,388,417,454,328
4.55,-5.59,-5.59,0.23,0.35,-0.14,328,388,417,455,327
5.44,-5.49,-5.49,0.22,0.24,-0.26,328,388,417,454,327
5.02,-5.12,-5.12,0.15,0.32,-0.11,328,389,417,455,327
5.11,-5.00,-5.00,0.20,0.36,-0.11,328,389,418,455,327
4.38,-5.59,-5.59,0.28,0.33,-0.14,328,389,418,454,327
3.31,-5.08,-5.08,0.24,0.48,0.05,328,390,418,454,327
2.70,-4.78,-4.78,0.03,0.42,-0.26,328,390,418,454,328
3.82,-4.73,-4.73,0.28,0.68,-0.15,327,393,418,454,327
4.95,-5.40,-5.40,0.05,0.29,-0.25,327,396,419,454,327
5.49,-5.37,-5.37,-0.03,0.00,-0.20,327,397,419,454,327
4.50,-5.43,-5.43,-0.05,-0.14,0.01,327,397,419,454,328
4.00,-5.09,-5.09,0.00,-0.05,0.02,328,397,419,454,328
3.93,-5.03,-5.03,0.02,-0.05,-0.04,328,396,419,454,328
3.64,-4.76,-4.76,0.03,-0.01,0.01,328,396,419,454,328
4.18,-4.80,-4.80,0.05,-0.03,-0.04,328,396,419,454,328
3.80,-4.97,-4.97,0.06,-0.04,-0.01,328,396,419,454,328
3.62,-5.15,-5.15,0.06,-0.01,0.07,328,396,419,455,328
3.88,-5.43,-5.43,0.08,-0.02,-0.04,328,396,419,455,329
3.41,-5.09,-5.09,0.05,-0.01,-0.01,328,396,420,455,329
3.93,-5.23,-5.23,0.03,-0.01,-0.03,328,396,420,455,329
3.70,-5.00,-5.00,0.03,-0.01,-0.03,328,396,420,455,329
3.59,-5.20,-5.20,0.02,0.00,-0.03,328,396,420,455,329
3.88,-4.86,-4.86,0.04,-0.01,-0.04,328,396,420,455,329
3.93,-4.95,-4.95,0.01,-0.03,0.01,328,396,420,455,329
3.68,-4.86,-4.86,-0.01,0.01,0.21,328,396,420,455,329
3.55,-5.35,-5.35,0.02,-0.05,-0.12,328,396,420,455,330
END
3.80,-5.36,-5.36,0.00,-0.01,-0.02,327,388,416,453,328
5.53,-6.83,-6.83,0.06,0.01,-0.06,327,388,416,453,328
5.38,-7.06,-7.06,0.07,-0.01,-0.03,328,388,416,453,328
5.18,-6.96,-6.96,0.07,-0.02,0.01,328,388,416,453,328
5.57,-7.07,-7.07,0.01,0.02,0.07,328,388,416,453,329
5.08,-6.45,-6.45,0.03,0.02,0.05,328,389,416,454,328
4.08,-6.52,-6.52,0.10,0.04,-0.06,328,389,416,454,329
4.38,-7.52,-7.52,0.21,0.22,-0.06,328,390,416,454,329
4.34,-7.50,-7.50,0.25,0.27,-0.16,328,390,416,454,328
4.82,-6.63,-6.63,0.11,0.36,-0.03,328,390,416,453,328
3.11,-4.75,-4.75,0.19,0.53,0.02,328,390,416,453,328
4.39,-5.45,-5.45,0.30,0.47,-0.22,328,389,416,453,329
3.20,-4.58,-4.58,0.19,0.53,0.12,327,389,416,453,329
4.74,-5.48,-5.48,0.01,0.28,-0.27,327,390,418,454,331
2.82,-4.45,-4.45,0.25,0.56,0.25,327,392,420,455,333
3.90,-6.71,-6.71,0.30,0.28,-0.38,327,392,419,455,333
5.24,-6.50,-6.50,-0.02,0.01,-0.08,327,392,419,455,333
3.04,-6.41,-6.41,-0.07,-0.13,-0.02,328,393,419,455,333
2.94,-6.00,-6.00,0.02,-0.08,-0.05,328,393,419,455,332
3.20,-5.69,-5.69,-0.02,-0.04,-0.03,328,392,419,455,332
2.51,-5.30,-5.30,-0.04,-0.03,0.02,328,392,419,455,332
3.54,-5.62,-5.62,0.06,0.03,-0.03,328,392,419,455,332
3.24,-5.66,-5.66,0.04,0.01,-0.07,327,392,419,454,332
3.14,-5.64,-5.64,0.03,0.03,-0.04,328,392,419,454,332
3.45,-5.73,-5.73,0.06,0.01,-0.07,327,392,419,455,332
2.95,-5.56,-5.56,0.03,0.02,-0.05,327,392,419,455,332
3.28,-5.73,-5.73,0.11,0.05,-0.06,327,392,419,455,332
3.17,-5.81,-5.81,0.02,0.02,-0.03,327,392,419,454,333
3.42,-5.64,-5.64,0.04,-0.02,-0.09,328,392,419,455,332
3.32,-5.68,-5.68,0.02,0.00,-0.02,327,392,419,455,332
3.36,-5.59,-5.59,0.02,-0.03,-0.08,328,392,419,455,332
3.27,-5.67,-5.67,0.01,-0.02,-0.01,327,392,419,455,332
3.37,-5.86,-5.86,0.02,-0.05,-0.05,328,392,419,455,332
3.32,-5.63,-5.63,-0.01,-0.04,-0.02,327,392,419,454,332
3.39,-5.72,-5.72,-0.00,-0.09,-0.05,327,392,419,454,332
END
3.19,-5.56,-5.56,0.05,-0.05,-0.01,327,388,416,453,327
5.48,-6.30,-6.30,0.06,0.00,0.03,327,388,416,453,327
5.44,-6.20,-6.20,0.08,0.03,-0.00,327,388,416,454,327
5.68,-6.01,-6.01,0.07,0.02,-0.03,327,388,416,454,327
5.64,-6.57,-6.57,0.13,-0.01,-0.02,327,388,416,454,327
5.19,-6.92,-6.92,0.06,0.03,0.02,327,388,416,454,327
4.62,-7.04,-7.04,0.04,0.09,0.03,327,388,416,454,327
3.62,-6.81,-6.81,0.07,0.20,-0.06,327,388,416,454,327
4.19,-6.49,-6.49,0.04,0.43,-0.11,327,388,416,454,327
4.86,-5.75,-5.75,0.10,0.36,-0.29,327,388,416,453,327
4.90,-5.40,-5.40,0.04,0.38,-0.21,327,388,416,453,327
4.79,-5.49,-5.49,0.16,0.39,-0.21,327,388,416,453,327
4.17,-5.33,-5.33,0.03,0.45,-0.01,327,388,416,453,327
3.78,-4.62,-4.62,0.18,0.62,0.01,327,388,416,453,327
3.80,-4.87,-4.87,0.10,0.55,0.01,327,388,417,453,328
2.35,-5.31,-5.31,0.10,0.63,0.17,327,388,417,452,329
1.10,-5.68,-5.68,0.27,0.46,0.01,327,389,417,452,330
3.41,-5.96,-5.96,0.22,0.35,0.01,327,389,417,452,330
4.31,-6.42,-6.42,0.21,0.03,-0.14,327,389,417,452,330
2.00,-5.41,-5.41,-0.10,-0.20,0.08,327,389,417,452,330
2.00,-5.33,-5.33,0.05,-0.10,-0.16,327,389,416,452,330
2.56,-5.08,-5.08,-0.02,-0.06,-0.01,325,389,416,452,330
2.28,-4.90,-4.90,0.05,-0.03,-0.09,327,389,417,452,329
2.82,-5.05,-5.05,0.03,-0.01,-0.09,327,389,416,452,330
2.81,-5.23,-5.23,0.04,-0.02,-0.02,327,389,417,452,330
2.82,-5.12,-5.12,-0.00,-0.06,-0.03,327,389,417,452,330
2.54,-5.30,-5.30,0.03,-0.04,-0.06,327,389,416,452,330
2.76,-5.33,-5.33,0.03,-0.04,-0.04,327,389,416,452,330
2.71,-5.14,-5.14,0.03,-0.03,-0.04,327,389,416,452,329
2.61,-5.23,-5.23,0.08,0.02,-0.06,327,389,416,452,330
2.79,-5.15,-5.15,-0.01,-0.01,-0.03,327,389,416,452,330
2.77,-5.48,-5.48,0.05,-0.02,-0.06,327,389,416,452,330
2.67,-5.29,-5.29,-0.02,-0.01,0.00,327,389,416,452,330
2.76,-5.53,-5.53,0.00,-0.05,-0.10,327,389,416,452,330
2.63,-5.20,-5.20,-0.02,-0.03,-0.00,327,389,416,451,330
END
3.04,-5.42,-5.42,-0.01,-0.04,-0.06,326,388,412,449,329
5.64,-6.53,-6.53,0.03,0.01,-0.01,326,388,412,449,329
6.04,-6.62,-6.62,0.06,-0.00,-0.04,326,388,412,449,329
5.54,-6.81,-6.81,0.03,-0.01,-0.03,326,388,412,449,329
5.52,-6.56,-6.56,0.02,0.01,-0.03,326,388,412,449,328
5.81,-6.50,-6.50,0.01,0.01,-0.02,326,388,412,449,328
5.53,-6.61,-6.61,0.03,0.01,-0.00,326,388,412,449,328
4.92,-6.79,-6.79,0.13,0.02,0.01,326,388,412,449,328
4.12,-6.42,-6.42,0.10,0.02,-0.03,326,388,412,449,328
4.39,-6.31,-6.31,0.25,0.23,-0.10,327,388,412,449,328
4.95,-5.31,-5.31,0.32,0.28,-0.08,326,388,412,449,328
5.98,-6.09,-6.09,0.38,0.20,-0.22,326,388,412,449,328
4.28,-5.97,-5.97,0.24,0.28,-0.17,326,388,412,449,328
3.55,-5.52,-5.52,0.18,0.39,-0.13,326,388,412,449,328
3.78,-5.02,-5.02,0.16,0.46,-0.01,326,388,412,449,328
5.40,-4.91,-4.91,0.19,0.51,-0.15,326,388,412,449,328
3.43,-4.34,-4.34,0.11,0.44,-0.01,326,389,412,448,329
3.93,-4.94,-4.94,0.19,0.50,-0.00,327,389,412,448,330
4.38,-4.03,-4.03,0.13,0.46,-0.53,327,390,414,449,331
4.33,-5.55,-5.55,0.15,0.27,0.11,327,390,414,448,331
4.33,-5.61,-5.61,0.05,0.00,0.02,326,390,414,448,332
3.56,-5.94,-5.94,-0.04,-0.15,0.05,327,390,414,449,332
2.96,-5.43,-5.43,-0.03,-0.13,0.01,327,390,414,449,332
3.48,-5.11,-5.11,-0.05,-0.08,0.04,327,390,414,449,332
3.20,-4.88,-4.88,0.04,-0.02,-0.06,327,390,414,449,332
3.60,-5.05,-5.05,0.04,0.01,-0.01,327,390,414,449,331
3.27,-5.00,-5.00,0.05,0.01,-0.02,327,390,414,449,332
3.78,-5.18,-5.18,0.04,-0.01,-0.04,327,390,414,448,331
3.52,-5.05,-5.05,0.03,-0.02,-0.01,327,390,414,448,333
3.73,-5.18,-5.18,0.05,-0.02,-0.02,327,390,414,448,331
3.43,-5.21,-5.21,0.04,-0.01,-0.02,327,390,414,448,331
3.37,-5.16,-5.16,0.04,0.01,-0.05,327,390,414,448,331
3.04,-5.18,-5.18,0.03,-0.00,0.00,327,390,414,449,331
3.63,-4.97,-4.97,0.07,0.01,-0.09,327,390,415,449,331
3.37,-4.97,-4.97,0.02,0.01,0.01,327,390,414,449,331
END
3.68,-5.15,-5.15,0.04,0.01,-0.09,326,387,412,449,328
5.78,-6.32,-6.32,0.01,-0.01,-0.02,326,387,412,449,328
5.67,-6.40,-6.40,0.04,-0.01,-0.04,326,387,412,449,328
5.70,-6.44,-6.44,0.02,-0.01,-0.03,326,387,413,449,328
5.12,-6.30,-6.30,0.06,-0.01,-0.04,327,387,412,449,328
4.53,-6.09,-6.09,0.11,0.04,-0.04,327,387,412,449,327
4.44,-6.21,-6.21,0.24,0.16,-0.11,326,387,412,449,328
4.41,-6.48,-6.48,0.15,0.31,-0.00,327,387,412,449,328
4.37,-6.18,-6.18,0.37,0.30,-0.23,326,387,412,449,328
5.41,-5.48,-5.48,0.16,0.37,-0.10,327,387,412,449,328
4.39,-4.97,-4.97,0.31,0.44,-0.20,327,387,412,449,328
5.06,-5.07,-5.07,0.20,0.46,-0.08,326,387,413,448,328
4.23,-4.80,-4.80,0.17,0.47,-0.01,326,387,413,448,328
5.23,-5.08,-5.08,0.01,0.29,-0.02,326,386,413,448,328
3.57,-4.24,-4.24,0.19,0.39,-0.13,326,387,413,448,328
2.95,-3.83,-3.83,0.09,0.36,0.04,326,388,413,448,330
3.22,-4.94,-4.94,0.36,0.56,-0.02,327,388,413,447,330
3.72,-4.11,-4.11,0.16,0.25,-0.34,327,390,413,447,331
3.70,-4.83,-4.83,0.14,0.28,-0.02,327,390,414,447,332
4.16,-5.64,-5.64,0.02,-0.03,0.05,327,390,413,447,332
2.16,-4.87,-4.87,-0.08,-0.17,-0.00,327,390,414,447,332
2.89,-4.43,-4.43,-0.03,-0.06,-0.03,327,390,414,447,332
3.04,-4.64,-4.64,-0.03,-0.08,-0.06,327,390,414,447,332
2.89,-4.31,-4.31,-0.00,-0.06,0.01,327,390,414,447,332
3.24,-4.67,-4.67,-0.00,-0.10,-0.07,327,390,413,447,332
3.02,-4.63,-4.63,0.01,-0.07,-0.02,327,390,414,447,332
2.96,-4.61,-4.61,0.01,-0.08,-0.01,328,390,414,447,332
2.80,-4.49,-4.49,0.04,-0.04,-0.04,327,390,413,447,332
2.73,-4.82,-4.82,0.05,0.00,-0.02,327,390,413,447,332
2.99,-4.59,-4.59,0.07,-0.01,-0.04,327,390,414,448,332
3.10,-4.57,-4.57,0.03,-0.01,-0.06,327,390,414,447,331
3.09,-4.68,-4.68,0.05,0.00,-0.02,327,390,414,447,331
3.35,-4.63,-4.63,0.04,-0.02,-0.06,327,390,414,448,332
3.16,-4.52,-4.52,0.03,-0.02,-0.04,327,390,414,447,332
2.92,-4.62,-4.62,0.05,-0.01,-0.07,327,390,414,448,332
END
3.61,-4.68,-4.68,0.01,-0.03,-0.02,327,386,412,448,327
5.05,-6.83,-6.83,-0.04,0.08,0.12,327,386,412,448,327
4.57,-6.53,-6.53,0.02,0.09,0.03,326,387,412,448,327
4.67,-6.71,-6.71,0.16,0.20,0.01,327,387,412,448,327
5.18,-7.19,-7.19,0.25,0.25,-0.04,327,387,412,448,327
4.43,-6.47,-6.47,0.13,0.15,-0.16,327,387,412,448,327
4.00,-6.52,-6.52,0.37,0.37,-0.12,327,387,412,448,327
4.43,-6.46,-6.46,0.34,0.29,-0.21,327,387,412,448,327
3.58,-5.76,-5.76,0.43,0.48,-0.23,327,387,412,448,327
4.54,-5.42,-5.42,0.13,0.46,-0.16,326,387,412,447,327
4.57,-4.63,-4.63,0.33,0.44,-0.13,327,387,413,447,328
5.03,-5.11,-5.11,-0.37,0.07,0.07,326,389,413,447,329
3.32,-5.35,-5.35,0.02,0.26,-0.02,326,390,413,446,330
4.61,-5.68,-5.68,0.29,0.24,-0.12,326,391,413,446,332
3.79,-6.40,-6.40,0.14,0.32,-0.08,327,392,414,446,333
4.93,-5.60,-5.60,0.25,0.26,-0.34,327,393,414,446,334
4.37,-5.83,-5.83,0.13,0.09,0.01,327,393,414,446,334
3.27,-6.09,-6.09,0.11,-0.10,-0.01,327,393,413,446,333
3.40,-5.43,-5.43,0.03,-0.03,0.01,327,393,413,446,333
3.32,-5.15,-5.15,0.04,-0.00,-0.08,327,393,413,446,333
3.45,-4.97,-4.97,0.04,0.01,0.04,327,392,413,446,333
3.71,-4.83,-4.83,0.04,0.00,-0.07,327,392,413,446,333
3.73,-5.36,-5.36,0.11,0.03,-0.03,327,392,413,446,333
3.62,-5.28,-5.28,0.04,-0.02,-0.00,327,393,413,446,332
3.38,-5.39,-5.39,0.04,-0.00,-0.02,326,393,413,446,332
3.52,-5.25,-5.25,0.09,0.04,-0.02,327,393,413,446,332
3.68,-5.10,-5.10,0.02,-0.00,-0.04,327,393,413,446,332
3.27,-5.12,-5.12,0.04,-0.02,-0.03,327,393,413,446,332
3.40,-4.97,-4.97,0.03,0.00,-0.02,327,393,413,446,332
3.41,-5.25,-5.25,0.04,-0.01,-0.05,327,393,413,446,332
3.40,-4.98,-4.98,0.04,-0.01,-0.04,327,393,413,446,332
3.61,-5.05,-5.05,0.03,-0.02,-0.04,327,393,413,446,332
3.53,-5.13,-5.13,0.04,-0.01,-0.05,327,393,413,446,332
3.33,-5.19,-5.19,0.01,-0.02,-0.03,327,393,413,446,332
3.80,-5.17,-5.17,0.02,-0.02,-0.03,327,393,413,446,332
END
3.60,-5.32,-5.32,0.01,-0.06,-0.07,326,388,412,447,327
6.00,-6.50,-6.50,0.00,-0.00,-0.07,326,389,412,447,327
5.81,-6.60,-6.60,0.02,-0.00,-0.02,326,389,412,447,327
5.76,-6.60,-6.60,0.05,-0.02,-0.04,326,389,412,447,327
5.81,-6.58,-6.58,0.04,-0.01,-0.03,326,389,412,447,327
6.10,-6.70,-6.70,0.05,-0.00,-0.04,326,389,412,447,327
5.63,-6.48,-6.48,0.07,-0.00,-0.02,326,388,412,447,327
5.53,-6.89,-6.89,0.10,-0.03,0.00,326,389,412,447,327
4.03,-6.35,-6.35,0.14,0.06,0.03,326,389,412,447,327
4.43,-6.80,-6.80,0.41,0.20,-0.09,326,389,412,447,327
4.01,-6.50,-6.50,0.50,0.38,-0.14,327,389,412,447,327
5.40,-5.92,-5.92,0.27,0.50,-0.08,327,389,412,447,327
4.80,-5.12,-5.12,0.39,0.51,-0.18,326,388,412,447,327
2.96,-4.48,-4.48,0.08,0.54,0.05,326,388,412,447,327
4.36,-4.69,-4.69,0.32,0.54,-0.17,326,388,412,447,328
4.38,-5.19,-5.19,0.03,0.50,-0.13,326,388,412,446,328
2.86,-3.37,-3.37,0.16,0.45,-0.08,327,389,412,446,329
4.80,-4.49,-4.49,0.11,0.35,-0.17,327,388,412,446,329
4.08,-4.95,-4.95,0.23,0.44,-0.03,327,388,412,445,330
3.94,-6.30,-6.30,0.07,0.24,0.15,327,389,412,445,331
4.47,-6.37,-6.37,0.01,-0.10,-0.19,327,389,412,445,331
2.73,-5.35,-5.35,-0.21,-0.29,0.04,327,390,412,445,331
2.67,-5.04,-5.04,-0.02,-0.11,-0.13,327,390,412,445,331
2.99,-4.97,-4.97,-0.07,-0.06,0.04,327,390,413,445,331
3.27,-5.09,-5.09,0.06,0.01,-0.09,327,390,412,445,331
3.32,-4.96,-4.96,0.02,0.01,0.03,327,390,412,445,331
3.53,-5.34,-5.34,0.08,-0.01,-0.10,327,390,412,445,331
3.40,-4.98,-4.98,0.04,0.00,0.00,327,390,412,445,331
3.42,-5.28,-5.28,0.06,-0.01,-0.01,327,389,412,445,331
3.24,-5.01,-5.01,0.04,-0.01,-0.06,327,389,412,445,331
3.47,-5.22,-5.22,0.07,-0.00,-0.06,327,389,412,445,331
3.11,-5.24,-5.24,0.07,-0.01,-0.02,327,389,412,445,331
3.30,-5.14,-5.14,0.02,-0.01,-0.02,327,390,412,445,331
3.27,-5.23,-5.23,0.05,-0.00,-0.04,327,389,412,445,331
3.35,-5.00,-5.00,0.07,0.01,-0.03,327,390,412,445,331
END
3.12,-4.92,-4.92,0.02,-0.01,-0.03,326,387,412,446,328
5.43,-6.55,-6.55,-0.01,-0.00,-0.03,327,387,412,446,328
5.77,-6.58,-6.58,0.04,-0.00,-0.06,326,387,412,446,328
5.56,-7.00,-7.00,0.02,0.00,-0.03,327,387,412,445,328
5.74,-6.88,-6.88,0.02,0.01,-0.05,326,387,412,445,328
5.11,-6.95,-6.95,0.02,0.02,-0.01,326,387,412,445,328
5.51,-7.03,-7.03,0.02,0.02,0.00,326,387,411,445,328
4.17,-7.21,-7.21,0.05,0.09,0.05,326,387,411,445,327
3.58,-6.30,-6.30,0.06,0.27,0.04,326,387,411,445,328
4.82,-6.78,-6.78,0.21,0.29,-0.09,326,387,411,445,328
4.27,-6.21,-6.21,0.12,0.38,0.01,327,387,411,445,328
4.39,-5.97,-5.97,-0.26,0.29,0.11,327,386,410,444,328
2.08,-5.01,-5.01,0.29,0.54,0.07,326,386,410,444,328
5.26,-5.74,-5.74,0.24,0.34,-0.18,326,386,410,444,328
3.73,-5.33,-5.33,0.27,0.47,-0.01,326,386,410,443,329
2.23,-5.63,-5.63,0.38,0.51,-0.17,326,387,411,443,330
2.40,-4.64,-4.64,0.14,0.49,0.18,326,386,410,441,333
4.56,-6.96,-6.96,0.51,0.59,-0.29,326,386,410,440,336
5.46,-6.98,-6.98,0.26,0.25,-0.31,326,386,409,440,336
4.52,-7.04,-7.04,0.06,-0.10,-0.04,326,386,409,440,335
2.14,-5.98,-5.98,-0.02,-0.13,0.01,326,386,410,440,335
3.38,-5.97,-5.97,-0.03,-0.10,-0.10,327,386,409,440,335
2.56,-5.31,-5.31,-0.03,-0.08,-0.03,327,387,409,440,335
3.33,-5.40,-5.40,0.00,-0.06,-0.07,326,386,410,440,335
2.84,-5.61,-5.61,-0.01,-0.05,-0.01,327,386,410,440,335
3.45,-5.65,-5.65,0.04,-0.05,-0.09,326,386,409,440,335
2.73,-5.39,-5.39,-0.02,-0.07,-0.03,327,386,409,440,335
3.58,-5.74,-5.74,0.01,-0.07,-0.06,327,386,409,440,335
2.79,-5.51,-5.51,-0.01,-0.04,0.01,327,386,409,440,335
3.27,-5.76,-5.76,0.02,-0.02,-0.04,326,386,409,440,335
3.44,-5.48,-5.48,0.01,-0.03,-0.02,326,386,409,440,335
3.19,-5.72,-5.72,0.03,-0.00,-0.08,327,386,409,440,335
2.68,-7.34,-7.34,0.05,0.02,-0.04,327,386,409,440,335
3.78,-5.77,-5.77,0.01,0.01,-0.05,327,386,409,440,335
3.45,-5.66,-5.66,0.04,0.01,-0.07,327,386,409,440,335
END
3.50,-5.87,-5.87,-0.00,-0.02,-0.03,326,386,408,443,329
6.11,-5.86,-5.86,0.02,0.01,-0.03,326,386,408,443,329
5.72,-6.13,-6.13,0.05,0.01,-0.04,326,386,408,443,329
5.83,-6.04,-6.04,0.02,0.02,-0.04,326,385,408,443,329
6.27,-5.90,-5.90,0.05,0.02,-0.07,326,385,408,443,329
6.00,-6.09,-6.09,0.04,0.04,-0.02,326,385,408,443,329
5.62,-6.39,-6.39,0.07,0.02,-0.01,326,385,408,443,329
5.47,-6.42,-6.42,0.04,0.12,0.04,326,386,408,443,329
5.57,-6.29,-6.29,0.14,0.14,-0.01,326,386,408,443,329
5.13,-5.49,-5.49,0.19,0.23,0.01,326,386,408,443,329
4.36,-5.11,-5.11,0.28,0.24,-0.06,326,386,408,443,329
5.10,-5.17,-5.17,0.26,0.34,-0.11,326,386,408,443,329
4.58,-5.05,-5.05,0.14,0.38,-0.10,326,386,408,443,329
4.54,-4.41,-4.41,0.03,0.41,-0.01,326,386,408,443,329
5.15,-4.66,-4.66,0.13,0.48,-0.16,326,386,409,443,330
3.65,-4.74,-4.74,0.02,0.35,0.02,326,387,409,443,330
2.77,-5.10,-5.10,-0.06,0.39,0.19,326,391,412,443,332
2.74,-4.99,-4.99,-0.08,0.24,-0.26,326,390,411,442,333
1.84,-4.28,-4.28,0.45,0.50,-0.38,326,390,411,442,335
5.86,-6.07,-6.07,0.28,0.31,-0.52,326,390,411,441,335
6.50,-5.36,-5.36,0.01,0.17,0.02,326,390,410,442,335
4.21,-4.77,-4.77,-0.19,-0.28,-0.05,326,390,411,442,335
3.01,-4.51,-4.51,-0.01,-0.12,0.10,326,390,411,442,335
3.68,-4.66,-4.66,-0.01,-0.02,0.02,326,390,411,441,334
3.08,-4.89,-4.89,0.03,0.01,-0.01,326,390,411,441,334
3.91,-4.90,-4.90,0.05,0.03,-0.02,327,390,411,441,334
3.36,-4.78,-4.78,0.02,-0.01,0.01,326,390,411,441,335
3.80,-5.08,-5.08,0.05,0.01,-0.03,326,390,410,441,334
3.60,-5.08,-5.08,0.03,-0.02,-0.04,326,390,411,442,334
3.90,-5.00,-5.00,0.02,-0.03,-0.00,326,390,411,442,334
3.23,-4.68,-4.68,0.02,-0.01,-0.06,326,390,411,442,334
3.76,-5.23,-5.23,0.03,-0.01,-0.01,326,390,411,442,334
3.39,-4.73,-4.73,0.04,0.00,-0.03,326,390,411,442,334
3.68,-5.03,-5.03,0.06,-0.02,-0.05,326,389,410,442,334
3.46,-4.79,-4.79,0.05,-0.00,-0.02,326,389,410,442,334
END
3.72,-5.03,-5.03,0.02,-0.03,-0.07,326,385,407,441,328
5.99,-6.68,-6.68,-0.01,-0.03,-0.03,326,385,407,441,328
5.79,-6.62,-6.62,0.02,-0.01,-0.02,326,385,407,441,328
5.84,-6.63,-6.63,0.01,-0.01,-0.02,326,385,407,441,328
5.71,-6.47,-6.47,0.08,-0.01,-0.06,326,385,407,441,328
5.64,-6.62,-6.62,0.09,0.00,-0.04,326,385,407,441,328
6.00,-6.81,-6.81,0.08,0.01,-0.02,326,385,407,441,328
5.61,-6.87,-6.87,0.09,-0.01,-0.04,326,385,407,441,328
5.31,-6.82,-6.82,0.15,0.05,-0.04,326,385,407,441,328
5.41,-6.75,-6.75,0.25,0.11,-0.13,326,385,406,441,328
4.70,-5.96,-5.96,0.51,-0.02,-0.52,326,385,407,441,328
5.76,-5.92,-5.92,0.20,0.32,-0.02,326,385,407,441,328
5.48,-5.10,-5.10,0.37,0.26,-0.36,326,385,407,441,328
5.12,-4.65,-4.65,0.35,0.52,-0.15,326,385,407,441,328
3.93,-3.61,-3.61,0.31,0.60,-0.16,326,385,407,441,328
6.55,-2.79,-2.79,0.42,0.60,-0.22,326,385,407,441,328
4.31,-3.47,-3.47,0.22,0.63,0.16,326,385,407,441,328
2.79,-3.74,-3.74,0.18,0.75,0.19,326,386,407,441,329
3.22,-4.14,-4.14,0.04,0.62,-0.14,326,386,408,440,330
3.83,-4.61,-4.61,0.10,0.51,-0.11,326,386,408,440,331
5.53,-4.85,-4.85,-0.02,0.03,-0.30,326,387,408,440,331
4.24,-4.74,-4.74,-0.20,-0.25,0.08,326,387,408,440,330
2.93,-4.41,-4.41,-0.13,-0.14,-0.03,325,389,410,441,331
3.12,-4.41,-4.41,-0.02,-0.05,-0.00,326,388,409,441,331
2.91,-4.31,-4.31,0.02,-0.00,-0.07,326,388,409,441,331
3.31,-4.31,-4.31,0.04,0.00,-0.02,326,388,409,441,331
2.81,-4.49,-4.49,0.01,-0.01,-0.05,326,388,409,441,331
3.48,-4.55,-4.55,0.01,-0.01,-0.05,326,388,409,441,331
3.49,-4.52,-4.52,0.00,0.00,-0.03,326,388,409,441,331
3.48,-4.38,-4.38,0.03,-0.01,-0.06,326,388,409,441,331
3.51,-4.50,-4.50,0.02,-0.02,-0.01,326,388,408,441,331
3.52,-4.44,-4.44,0.04,-0.03,-0.04,326,388,409,441,331
3.47,-4.58,-4.58,0.03,-0.02,-0.04,326,388,409,441,331
3.01,-4.44,-4.44,0.06,-0.00,-0.02,326,388,409,441,331
3.60,-4.66,-4.66,0.03,-0.01,-0.02,326,388,409,441,332
END
3.14,-4.61,-4.61,0.06,0.02,-0.03,325,385,407,440,331
5.63,-6.23,-6.23,0.02,-0.00,-0.03,325,385,407,440,331
5.74,-6.43,-6.43,0.04,-0.02,-0.06,326,385,407,440,331
5.53,-6.52,-6.52,0.08,-0.00,-0.05,326,385,407,441,331
5.61,-6.50,-6.50,0.03,0.00,-0.04,325,385,407,440,331
5.66,-6.46,-6.46,0.00,-0.02,-0.04,325,385,406,440,330
5.58,-6.30,-6.30,-0.01,-0.00,-0.02,325,385,407,440,330
5.31,-6.20,-6.20,0.02,0.00,-0.05,325,385,407,440,330
5.34,-6.84,-6.84,0.08,0.01,-0.08,325,385,406,440,331
4.60,-6.75,-6.75,0.08,0.02,-0.04,325,385,406,440,330
4.40,-7.00,-7.00,0.30,0.17,-0.15,325,385,406,441,330
4.85,-5.99,-5.99,0.16,0.29,-0.13,326,385,407,440,330
5.44,-5.51,-5.51,0.27,0.28,-0.22,326,385,406,440,331
4.70,-5.37,-5.37,0.13,0.42,0.00,325,385,406,440,330
4.82,-5.15,-5.15,0.21,0.40,-0.24,326,385,407,440,331
4.40,-4.51,-4.51,0.05,0.53,0.21,326,385,407,440,331
3.70,-5.50,-5.50,-0.01,0.49,0.08,325,386,407,440,332
3.72,-4.76,-4.76,-0.41,0.35,-0.33,326,389,408,442,336
4.15,-6.12,-6.12,-0.25,0.39,-0.24,325,389,409,441,340
5.61,-6.32,-6.32,0.21,0.38,-0.30,326,390,409,441,341
6.03,-6.42,-6.42,0.05,0.02,-0.07,326,390,409,441,340
3.47,-5.94,-5.94,0.02,-0.09,0.04,326,390,409,441,339
3.32,-5.53,-5.53,-0.02,-0.05,-0.02,326,390,409,441,339
3.82,-5.81,-5.81,0.04,0.03,-0.01,326,390,409,441,338
3.62,-5.44,-5.44,0.05,0.01,-0.11,326,390,409,441,338
3.79,-5.72,-5.72,0.04,0.02,0.02,326,390,408,441,338
4.06,-5.88,-5.88,0.08,0.02,-0.04,326,389,409,441,338
4.01,-5.74,-5.74,0.05,-0.01,-0.06,326,389,408,441,338
3.81,-5.79,-5.79,0.04,-0.01,0.02,326,389,408,441,338
3.98,-5.62,-5.62,0.05,-0.03,-0.05,325,389,409,441,338
3.52,-5.77,-5.77,0.05,0.00,-0.03,326,389,408,441,338
3.55,-5.92,-5.92,0.07,-0.00,-0.03,326,389,408,440,338
3.43,-5.60,-5.60,0.04,-0.01,-0.02,326,389,408,441,338
3.73,-5.79,-5.79,0.02,-0.04,-0.02,326,389,409,441,338
3.76,-5.72,-5.72,0.04,-0.01,-0.06,326,389,409,441,338
END
3.54,-5.58,-5.58,0.01,-0.04,-0.03,325,383,403,439,331
5.24,-6.37,-6.37,0.16,-0.02,-0.09,326,383,406,442,331
5.46,-6.40,-6.40,0.03,0.02,0.03,325,384,408,445,330
5.57,-6.46,-6.46,0.09,-0.02,-0.06,325,384,408,445,330
5.51,-6.43,-6.43,0.03,0.00,0.00,325,384,408,445,331
5.49,-6.49,-6.49,0.05,-0.02,-0.02,325,384,408,445,331
4.89,-6.67,-6.67,0.08,0.02,-0.06,325,384,408,444,330
5.35,-6.85,-6.85,0.08,0.04,-0.01,325,384,408,445,330
3.89,-6.28,-6.28,0.14,0.00,-0.18,325,384,408,445,330
4.29,-6.20,-6.20,0.25,0.26,-0.06,325,384,408,445,330
5.09,-5.89,-5.89,0.28,0.30,-0.34,325,384,407,444,330
4.56,-5.11,-5.11,0.27,0.55,-0.11,325,384,407,444,330
5.16,-5.15,-5.15,0.03,0.53,-0.11,325,383,407,443,330
4.78,-4.90,-4.90,0.11,0.47,-0.22,325,383,407,443,331
3.60,-4.19,-4.19,-0.06,0.44,0.16,325,384,407,442,332
4.87,-5.18,-5.18,0.06,0.43,-0.14,325,384,407,442,333
1.79,-4.90,-4.90,0.03,0.50,-0.06,325,391,415,445,334
3.27,-4.90,-4.90,0.10,0.72,-0.14,326,392,418,444,337
6.03,-5.27,-5.27,0.01,0.26,-0.45,326,392,418,444,337
4.08,-5.96,-5.96,0.05,-0.01,0.10,326,393,417,444,337
3.22,-6.07,-6.07,-0.07,-0.21,0.05,326,393,417,444,336
2.35,-5.51,-5.51,-0.10,-0.16,-0.02,326,393,417,444,335
3.40,-5.20,-5.20,-0.00,-0.05,-0.06,326,393,417,444,335
3.32,-5.08,-5.08,0.03,0.01,-0.04,326,393,417,444,335
3.45,-5.25,-5.25,0.08,-0.01,-0.00,326,392,417,444,335
3.15,-5.33,-5.33,0.07,-0.01,-0.07,326,392,417,444,335
3.57,-5.45,-5.45,0.08,0.02,-0.01,326,392,417,444,335
3.47,-5.42,-5.42,0.05,-0.01,-0.01,326,391,417,444,335
3.24,-5.54,-5.54,0.03,-0.01,0.04,326,391,417,444,335
2.78,-5.38,-5.38,0.06,-0.03,-0.02,326,391,417,444,335
3.34,-5.40,-5.40,0.05,-0.01,-0.03,326,391,417,444,335
2.91,-5.34,-5.34,0.03,-0.02,-0.02,326,391,417,444,335
3.49,-5.29,-5.29,0.05,-0.02,-0.06,326,391,417,444,335
2.91,-5.30,-5.30,0.03,0.01,-0.02,326,391,417,444,335
3.14,-5.50,-5.50,0.05,-0.00,-0.05,326,391,417,444,335
END
3.29,-5.50,-5.50,0.03,-0.01,-0.08,325,384,410,442,328
5.98,-6.20,-6.20,0.02,0.01,-0.06,325,384,410,442,328
5.95,-6.01,-6.01,-0.02,0.03,-0.05,325,384,410,442,328
6.14,-6.14,-6.14,0.02,0.00,-0.10,325,384,410,442,328
5.86,-6.35,-6.35,0.04,0.05,-0.02,326,384,410,442,328
5.69,-6.58,-6.58,0.01,0.02,-0.02,325,384,410,442,328
5.61,-6.18,-6.18,-0.02,0.05,0.00,325,384,410,442,328
5.28,-6.49,-6.49,0.18,0.19,0.01,326,384,410,442,328
4.64,-5.93,-5.93,0.20,0.25,-0.13,325,384,410,442,328
5.30,-5.78,-5.78,0.33,0.37,-0.05,325,385,410,442,328
3.97,-5.25,-5.25,0.19,0.37,0.00,325,385,410,442,328
4.42,-5.26,-5.26,0.22,0.34,-0.18,325,385,410,442,328
4.41,-4.64,-4.64,-0.04,0.45,-0.02,325,385,410,442,328
4.65,-5.26,-5.26,0.03,0.42,-0.11,325,385,410,441,329
3.47,-4.53,-4.53,0.05,0.52,0.08,325,387,410,441,329
4.69,-4.62,-4.62,0.32,0.84,-0.08,325,387,410,441,331
1.24,-6.14,-6.14,0.50,0.74,-0.07,325,387,410,440,333
5.84,-4.45,-4.45,0.07,0.29,-0.36,326,388,410,440,333
3.69,-5.13,-5.13,0.03,-0.01,-0.01,326,389,410,440,333
3.24,-5.01,-5.01,0.01,-0.19,0.04,326,389,410,440,333
2.08,-4.69,-4.69,0.01,-0.03,-0.01,326,389,410,439,333
2.97,-5.09,-5.09,0.02,-0.02,-0.02,326,389,410,440,333
2.96,-4.54,-4.54,0.01,-0.02,-0.02,326,389,409,440,333
3.07,-5.13,-5.13,0.00,-0.03,-0.02,326,389,409,439,333
2.36,-5.05,-5.05,0.03,-0.01,-0.01,326,389,409,440,333
3.18,-4.93,-4.93,0.01,-0.03,-0.06,326,389,409,440,333
2.59,-4.67,-4.67,0.07,-0.01,-0.13,326,389,410,440,333
3.60,-4.76,-4.76,0.11,0.05,-0.14,326,389,410,440,333
3.02,-4.72,-4.72,0.07,0.00,-0.02,326,389,410,440,333
2.98,-4.67,-4.67,0.05,0.00,-0.06,326,389,410,440,333
3.09,-4.71,-4.71,-0.00,-0.02,0.01,326,389,410,440,333
3.22,-4.63,-4.63,0.03,-0.01,-0.03,326,388,410,440,333
2.94,-4.82,-4.82,0.02,-0.02,-0.03,326,389,410,440,333
3.21,-4.62,-4.62,0.02,-0.04,-0.03,326,389,410,440,333
3.01,-4.74,-4.74,0.02,-0.01,0.01,326,388,410,440,332
END
2.89,-4.76,-4.76,0.04,-0.04,-0.06,325,383,408,441,329
5.06,-6.40,-6.40,0.04,-0.02,-0.04,325,383,408,441,329
5.41,-6.43,-6.43,0.03,-0.02,-0.04,325,383,408,441,329
5.13,-6.26,-6.26,-0.01,-0.03,-0.05,326,383,408,441,329
4.94,-6.20,-6.20,0.04,0.01,-0.04,325,383,408,441,329
4.95,-6.63,-6.63,0.05,-0.02,-0.04,326,383,408,441,329
4.59,-6.75,-6.75,0.07,0.00,-0.08,325,383,408,441,329
3.53,-5.63,-5.63,0.05,0.07,0.03,325,383,408,441,328
5.03,-6.83,-6.83,0.38,0.24,-0.10,325,383,408,441,328
4.41,-5.99,-5.99,0.22,0.29,-0.07,325,383,408,441,328
4.76,-5.69,-5.69,0.25,0.22,-0.30,325,383,408,440,329
3.62,-5.32,-5.32,0.12,0.44,0.12,325,383,408,440,329
4.90,-4.55,-4.55,0.10,0.34,-0.26,326,384,408,440,329
4.51,-4.92,-4.92,0.32,0.51,-0.18,326,388,411,441,329
1.42,-4.00,-4.00,-0.05,0.58,0.04,325,391,415,441,330
4.69,-4.19,-4.19,-0.04,0.37,-0.04,325,390,413,440,333
4.01,-5.38,-5.38,-0.05,0.36,-0.43,325,390,413,439,335
6.11,-5.14,-5.14,-0.08,0.08,-0.34,326,390,412,438,335
4.29,-6.40,-6.40,-0.02,-0.17,0.21,326,390,412,438,335
2.77,-5.51,-5.51,-0.05,-0.11,0.05,326,390,412,438,335
3.57,-5.94,-5.94,0.03,-0.04,-0.06,326,390,412,438,335
3.40,-5.13,-5.13,-0.01,-0.02,0.04,326,390,412,438,335
3.51,-5.25,-5.25,0.05,-0.03,-0.10,326,390,412,439,335
2.81,-5.27,-5.27,-0.02,-0.03,0.06,326,390,412,439,335
4.13,-5.47,-5.47,0.08,-0.01,-0.07,326,390,412,439,335
2.94,-5.40,-5.40,0.02,-0.04,0.03,326,390,412,439,334
3.45,-5.48,-5.48,0.06,-0.04,-0.06,326,390,412,439,334
3.31,-5.49,-5.49,0.01,-0.03,-0.01,326,390,412,439,334
3.47,-5.41,-5.41,0.04,-0.02,-0.09,326,389,412,439,334
3.36,-5.40,-5.40,0.03,-0.02,-0.00,325,390,412,439,334
3.31,-5.52,-5.52,0.02,-0.02,-0.03,325,390,412,439,334
3.39,-5.51,-5.51,0.06,0.00,-0.06,326,390,412,439,334
3.51,-5.23,-5.23,0.02,0.00,-0.02,326,390,412,439,334
3.78,-5.61,-5.61,0.06,0.02,-0.07,325,389,412,439,334
3.47,-5.48,-5.48,0.05,-0.01,-0.06,326,390,412,439,334
END
3.88,-5.64,-5.64,0.00,-0.04,-0.01,325,386,410,441,328
5.38,-6.51,-6.51,0.01,0.04,0.03,325,386,410,441,328
5.47,-6.51,-6.51,0.05,0.06,-0.03,325,386,410,441,328
5.65,-6.75,-6.75,0.07,0.11,0.00,325,385,410,441,328
5.62,-6.31,-6.31,0.05,0.05,-0.04,325,386,410,441,328
5.30,-6.29,-6.29,0.10,0.07,-0.05,325,386,410,441,328
5.06,-6.24,-6.24,0.10,0.07,-0.05,325,385,410,441,328
5.36,-6.22,-6.22,0.17,0.10,-0.15,325,385,410,441,328
4.59,-5.97,-5.97,0.13,0.13,-0.14,325,386,410,441,328
4.61,-5.87,-5.87,0.14,0.19,-0.16,325,386,410,441,328
4.72,-5.66,-5.66,0.15,0.30,-0.12,325,386,410,441,328
3.96,-5.67,-5.67,0.06,0.33,-0.12,325,386,410,441,328
4.01,-4.62,-4.62,0.20,0.55,-0.06,325,386,410,440,329
4.77,-4.69,-4.69,-0.04,0.55,0.03,325,386,410,440,330
3.05,-4.86,-4.86,0.22,0.59,-0.10,325,386,410,438,332
4.66,-5.96,-5.96,0.33,0.68,0.15,325,385,409,437,334
6.75,-6.84,-6.84,0.34,0.36,-0.56,325,385,409,437,334
6.58,-6.06,-6.06,0.04,-0.06,0.06,325,386,409,437,334
2.51,-5.24,-5.24,-0.11,-0.24,0.12,326,386,410,437,333
3.43,-5.20,-5.20,0.07,-0.07,-0.09,325,386,409,437,333
2.94,-5.04,-5.04,0.02,-0.02,0.05,326,387,410,437,333
4.16,-4.92,-4.92,0.11,-0.00,-0.06,326,386,410,437,333
3.44,-5.19,-5.19,0.10,0.02,0.02,325,386,410,437,333
3.61,-5.09,-5.09,0.07,0.02,0.01,325,387,410,438,333
3.68,-5.23,-5.23,0.06,-0.02,-0.06,326,387,410,438,333
3.73,-5.10,-5.10,0.05,-0.00,0.00,325,387,410,438,333
3.98,-5.07,-5.07,0.05,-0.02,-0.03,325,387,410,438,333
3.68,-5.18,-5.18,0.01,-0.03,-0.01,326,387,410,438,333
3.57,-5.08,-5.08,0.01,-0.04,-0.05,325,386,410,437,333
3.75,-4.98,-4.98,0.02,-0.02,-0.02,325,386,410,437,333
3.91,-5.24,-5.24,0.05,-0.00,-0.07,325,386,410,437,333
3.77,-5.26,-5.26,0.03,0.00,-0.04,325,386,410,438,333
3.76,-5.33,-5.33,0.04,0.02,-0.01,325,386,410,438,333
3.84,-5.18,-5.18,0.02,-0.01,-0.06,326,386,410,438,333
3.85,-4.99,-4.99,0.01,-0.03,-0.01,326,386,411,438,333
END
3.90,-5.23,-5.23,0.03,-0.02,-0.07,325,381,407,438,329
5.72,-6.45,-6.45,-0.02,-0.01,-0.03,325,381,407,438,329
5.91,-6.45,-6.45,0.05,-0.01,-0.06,325,381,407,438,329
5.86,-6.55,-6.55,0.02,-0.00,-0.02,325,381,407,438,329
5.64,-6.40,-6.40,0.03,-0.01,-0.03,325,381,406,438,329
5.69,-6.55,-6.55,0.02,-0.02,-0.02,325,381,407,438,329
5.72,-6.83,-6.83,0.05,0.00,-0.01,325,381,407,438,329
4.85,-6.70,-6.70,0.12,0.01,-0.01,325,381,407,439,329
4.19,-6.41,-6.41,0.05,0.18,0.02,325,381,407,439,329
4.08,-6.34,-6.34,0.24,0.29,-0.09,325,381,407,439,329
5.20,-6.22,-6.22,0.19,0.28,-0.10,325,381,407,439,329
4.45,-5.98,-5.98,0.19,0.28,-0.12,325,381,407,438,329
4.82,-5.73,-5.73,0.13,0.38,-0.08,325,381,407,438,329
3.52,-5.29,-5.29,0.10,0.45,-0.03,325,381,406,438,329
5.04,-5.36,-5.36,0.03,0.44,0.04,325,381,406,437,328
2.63,-4.77,-4.77,0.01,0.39,-0.12,325,381,407,437,331
3.19,-4.97,-4.97,0.21,0.55,-0.13,326,380,407,436,333
4.79,-5.65,-5.65,0.34,0.49,-0.51,325,381,406,435,335
6.01,-6.31,-6.31,0.16,0.34,-0.22,325,381,407,435,336
5.59,-6.37,-6.37,0.00,-0.01,-0.04,325,383,407,435,336
4.03,-5.70,-5.70,-0.14,-0.28,0.06,325,383,407,435,335
2.96,-5.08,-5.08,-0.01,-0.14,-0.03,325,384,407,435,335
3.55,-5.33,-5.33,-0.03,-0.10,0.01,325,383,406,435,335
3.54,-5.34,-5.34,0.06,-0.01,-0.03,325,383,406,435,335
3.57,-5.38,-5.38,0.04,-0.01,-0.01,325,383,406,435,335
3.83,-5.46,-5.46,0.08,0.01,-0.04,325,383,407,435,335
3.60,-5.42,-5.42,0.01,-0.03,-0.00,325,383,406,435,335
4.12,-5.58,-5.58,0.06,-0.01,-0.07,325,383,407,435,335
3.88,-5.46,-5.46,0.05,0.01,-0.03,325,383,407,435,335
4.20,-5.61,-5.61,0.03,-0.02,-0.02,325,383,407,435,335
3.99,-5.63,-5.63,0.03,-0.05,-0.06,325,383,407,435,335
3.96,-5.38,-5.38,0.02,-0.03,-0.01,325,383,407,435,335
3.93,-5.59,-5.59,0.03,-0.04,-0.04,325,383,407,435,335
3.52,-5.35,-5.35,-0.00,-0.04,-0.00,325,383,407,435,335
4.24,-5.56,-5.56,0.03,-0.01,-0.06,325,383,408,435,334
END
3.63,-5.57,-5.57,0.02,-0.01,-0.01,325,381,408,439,329
6.53,-6.37,-6.37,0.07,0.02,-0.01,325,382,408,439,329
5.54,-6.40,-6.40,0.10,0.02,-0.03,326,382,408,439,329
5.53,-6.40,-6.40,-0.03,0.02,0.06,325,381,408,439,329
5.66,-6.46,-6.46,0.05,0.04,-0.03,325,381,408,439,329
5.02,-6.15,-6.15,-0.01,0.08,-0.00,325,381,408,439,329
5.78,-6.49,-6.49,0.16,0.16,-0.09,325,382,408,439,329
5.68,-5.81,-5.81,0.09,0.16,-0.12,325,381,408,439,329
5.98,-6.00,-6.00,0.07,0.15,-0.10,325,382,408,439,329
4.86,-5.41,-5.41,0.09,0.18,-0.12,325,381,408,439,329
5.21,-5.60,-5.60,0.08,0.23,-0.09,325,381,408,439,329
4.75,-5.56,-5.56,0.05,0.23,-0.05,325,382,408,439,329
5.14,-5.74,-5.74,0.09,0.32,-0.07,325,382,408,438,329
5.48,-5.61,-5.61,-0.07,0.26,-0.11,325,381,408,438,330
3.53,-4.95,-4.95,0.01,0.49,0.19,325,382,408,438,331
3.88,-5.29,-5.29,0.08,0.41,-0.21,325,383,408,438,333
4.32,-5.52,-5.52,0.19,0.66,-0.11,325,382,408,437,335
4.45,-6.12,-6.12,0.15,0.53,-0.22,325,382,408,437,336
6.20,-5.73,-5.73,0.07,0.20,-0.26,326,382,408,437,336
4.42,-5.92,-5.92,0.08,-0.10,0.07,325,382,408,436,335
3.06,-5.15,-5.15,0.05,-0.06,-0.04,325,382,408,436,334
3.82,-5.43,-5.43,0.08,0.00,-0.02,325,382,408,436,335
3.57,-5.33,-5.33,0.04,-0.02,-0.00,325,383,407,436,334
3.84,-5.18,-5.18,0.08,0.01,-0.09,326,382,408,436,335
3.35,-5.41,-5.41,0.03,-0.02,0.02,325,382,408,437,335
3.62,-5.32,-5.32,0.07,0.00,-0.09,325,381,408,436,335
3.90,-5.32,-5.32,0.03,-0.02,0.01,325,382,408,437,335
3.73,-5.20,-5.20,0.04,-0.02,-0.05,325,383,408,437,334
3.68,-5.36,-5.36,0.03,-0.03,-0.05,325,382,408,437,334
END