6.04,-5.56,2.32,0.14,-0.02,0.04,490,469,468,338,369
6.25,-6.37,2.73,0.03,-0.00,-0.03,490,469,468,338,369
6.30,-6.40,2.99,0.04,0.00,-0.04,490,469,468,338,369
6.06,-6.32,2.77,0.02,-0.00,-0.03,490,469,466,336,369
6.37,-6.35,2.72,0.04,0.01,-0.05,489,469,465,336,370
6.13,-6.42,2.80,0.03,-0.00,-0.05,491,471,467,338,369
6.14,-6.65,3.23,0.04,0.02,-0.05,489,471,468,338,369
5.33,-6.96,3.39,-0.03,0.08,-0.14,490,468,467,337,367
4.63,-6.99,4.00,-0.21,0.19,-0.15,489,468,467,336,365
5.31,-6.97,4.44,-0.41,0.34,-0.28,489,468,467,337,365
5.56,-6.66,3.79,-0.55,0.46,-0.27,489,468,468,338,365
6.35,-6.08,3.17,-0.56,0.53,-0.24,488,466,467,337,364
5.81,-6.30,3.79,-0.48,0.60,-0.31,489,466,467,336,364
6.23,-5.92,4.12,-0.53,0.64,-0.30,489,466,464,338,364
6.13,-5.95,4.16,-0.63,0.69,-0.41,487,467,466,338,365
5.18,-5.51,4.67,-0.81,0.73,-0.37,490,467,466,340,364
5.53,-5.56,5.43,-0.98,0.85,-0.48,488,467,466,338,364
6.35,-5.24,4.62,-0.97,0.90,-0.52,483,468,466,329,363
7.28,-4.56,3.65,-1.02,0.89,-0.53,488,466,465,337,364
7.22,-5.13,4.05,-0.90,0.79,-0.62,486,467,465,337,363
8.01,-4.35,3.29,-0.76,0.65,-0.48,487,468,466,337,362
8.13,-4.43,3.10,-0.75,0.67,-0.34,488,466,467,337,362
7.05,-4.77,3.23,-0.73,0.65,-0.29,487,467,466,336,363
7.68,-4.69,3.09,-0.74,0.64,-0.35,487,465,466,338,362
7.72,-4.24,2.23,-0.84,0.65,-0.36,486,464,465,338,362
7.25,-4.93,3.07,-0.72,0.69,-0.42,487,465,465,336,362
7.01,-4.52,2.35,-0.86,0.65,-0.42,486,465,467,337,362
7.08,-5.05,2.91,-0.84,0.65,-0.51,486,465,465,336,362
6.72,-5.46,3.40,-0.80,0.62,-0.67,486,466,464,336,361
7.01,-4.30,3.63,-1.06,0.70,-0.77,486,464,465,336,361
8.29,-3.50,3.24,-1.06,0.75,-0.59,487,464,464,338,361
9.35,-2.20,2.28,-1.28,0.61,-0.48,485,463,466,336,361
9.50,-2.70,1.84,-0.86,0.69,-0.12,485,463,466,336,360
9.46,-3.53,2.81,-0.55,0.60,-0.04,482,461,463,334,360
9.05,-4.15,2.26,-0.30,0.46,0.04,481,460,465,335,359
8.83,-3.44,1.78,-0.04,0.39,-0.00,481,460,465,336,360
END
8.54,-4.69,2.81,0.03,0.32,0.09,478,459,464,337,356
5.86,-6.50,2.68,0.05,0.00,-0.01,477,460,464,337,357
5.64,-6.70,2.74,-0.00,-0.01,-0.06,478,460,464,337,357
5.55,-6.91,2.93,0.04,0.00,-0.05,476,459,466,335,357
6.40,-6.75,2.25,0.03,-0.00,-0.06,478,459,462,338,357
5.28,-6.95,2.94,-0.02,-0.00,-0.06,479,462,464,337,361
3.88,-8.32,3.77,-0.12,0.18,-0.17,479,460,463,336,361
3.05,-8.32,4.97,-0.48,0.36,-0.26,480,460,463,336,360
4.53,-7.39,4.98,-0.62,0.58,-0.40,479,460,463,336,361
5.47,-6.82,4.26,-0.73,0.72,-0.37,479,460,463,334,361
6.00,-6.23,3.71,-0.69,0.80,-0.25,479,459,461,336,361
6.52,-5.76,3.48,-0.76,0.76,-0.30,479,460,463,336,361
6.09,-6.21,4.22,-0.66,0.86,-0.28,479,460,455,337,362
6.24,-5.80,3.56,-0.73,0.78,-0.41,478,460,462,338,361
6.38,-5.53,3.68,-0.83,0.76,-0.38,477,461,465,335,361
7.09,-5.93,3.66,-0.79,0.87,-0.45,479,458,464,336,362
5.56,-6.07,3.69,-0.83,0.83,-0.44,480,460,462,336,362
6.77,-5.66,3.75,-0.88,0.84,-0.41,479,459,462,336,362
7.08,-5.53,4.24,-0.88,0.84,-0.47,478,460,462,336,363
6.99,-5.18,3.29,-0.85,0.78,-0.33,479,458,460,338,363
7.98,-4.41,2.61,-0.89,0.75,-0.45,479,459,463,337,363
6.60,-5.71,3.50,-0.90,0.75,-0.43,480,458,462,338,363
7.49,-4.80,2.61,-0.80,0.75,-0.30,480,460,462,336,362
7.42,-4.82,3.13,-0.91,0.74,-0.34,478,459,462,336,362
7.03,-5.11,3.22,-0.77,0.80,-0.32,479,458,462,336,363
7.67,-4.78,2.44,-0.79,0.73,-0.23,476,462,462,335,363
6.96,-5.18,3.09,-0.93,0.79,-0.32,477,459,461,335,364
6.68,-5.56,3.50,-1.09,0.73,-0.49,476,460,460,335,366
7.63,-4.32,2.97,-1.23,0.81,-0.64,476,459,455,336,368
9.17,-2.58,1.59,-1.08,0.77,-0.52,473,459,462,335,368
9.13,-3.60,0.54,-0.59,0.71,0.05,475,460,457,335,368
9.53,-4.80,2.20,-0.42,0.62,-0.02,471,459,456,335,368
8.90,-3.73,1.03,-0.32,0.54,0.00,472,459,456,337,368
9.99,-4.15,1.18,-0.03,0.41,0.04,472,459,456,334,368
9.32,-5.11,1.74,-0.01,0.23,0.08,472,458,458,335,367
8.68,-5.27,1.82,0.19,0.10,0.08,471,458,459,335,367
END
7.76,-6.35,2.05,0.10,-0.01,0.03,473,458,461,336,353
6.17,-6.60,2.86,-0.01,-0.01,-0.06,473,457,460,336,353
5.88,-6.55,2.62,0.01,0.01,-0.07,474,457,460,336,353
5.83,-6.58,2.93,0.00,-0.00,-0.03,470,457,458,335,354
5.47,-6.64,2.82,0.02,0.01,-0.03,472,457,461,336,353
5.07,-7.43,3.65,-0.06,0.09,-0.04,472,458,460,335,355
3.23,-7.78,4.40,-0.37,0.31,-0.22,472,458,462,334,355
4.75,-6.97,4.00,-0.47,0.45,-0.38,472,457,461,335,355
5.23,-6.83,3.98,-0.58,0.49,-0.36,472,457,461,336,355
4.96,-6.61,4.26,-0.57,0.65,-0.26,472,456,460,335,356
5.63,-6.35,4.26,-0.65,0.68,-0.50,472,458,460,335,355
6.37,-5.94,3.25,-0.70,0.71,-0.42,470,454,458,334,356
6.47,-6.25,4.00,-0.62,0.69,-0.35,470,455,462,335,356
7.02,-5.94,3.28,-0.65,0.69,-0.34,470,456,462,335,356
5.66,-5.43,4.03,-0.80,0.64,-0.40,471,456,462,333,357
4.95,-5.89,4.73,-0.83,0.70,-0.56,471,456,460,335,356
5.89,-5.51,4.79,-0.83,0.79,-0.59,471,456,460,335,356
7.16,-4.57,3.38,-0.92,0.82,-0.54,471,456,460,335,357
8.52,-4.44,3.57,-0.79,0.77,-0.43,471,456,460,335,357
7.73,-4.97,3.48,-0.72,0.72,-0.38,470,454,459,334,357
8.28,-5.08,3.32,-0.77,0.65,-0.34,470,456,460,335,356
6.76,-4.95,3.42,-0.74,0.64,-0.33,471,454,457,335,357
7.46,-5.09,3.46,-0.82,0.66,-0.42,470,453,460,335,357
6.91,-5.15,3.34,-0.78,0.67,-0.31,470,455,460,336,357
7.19,-5.33,3.68,-0.79,0.65,-0.37,474,455,459,334,358
7.12,-5.10,3.54,-0.78,0.65,-0.34,474,455,459,335,358
7.20,-5.04,3.32,-0.83,0.64,-0.33,475,455,459,335,358
6.83,-5.15,3.72,-0.89,0.64,-0.35,475,453,459,334,358
7.01,-5.00,3.70,-0.94,0.66,-0.41,476,456,458,334,359
6.57,-4.63,3.73,-1.02,0.70,-0.42,474,455,457,333,358
6.07,-3.44,2.57,-1.25,0.69,-0.77,472,453,457,334,358
9.68,-2.18,1.20,-0.84,0.61,0.07,471,454,460,332,354
8.41,-3.39,1.82,-0.55,0.59,-0.08,471,453,458,334,357
10.24,-3.44,1.60,-0.23,0.46,0.08,470,456,457,334,356
8.03,-3.47,1.99,0.14,0.26,-0.24,470,453,457,334,356
9.53,-5.01,2.12,0.05,0.15,0.16,470,454,457,334,356
END
7.83,-5.38,1.75,0.19,0.14,-0.02,471,454,460,336,354
6.65,-6.25,2.75,0.09,0.00,-0.05,467,456,460,337,354
6.77,-6.28,2.71,0.05,-0.00,-0.04,471,455,460,337,353
6.70,-6.30,2.78,0.04,0.01,-0.07,470,455,458,334,354
6.47,-6.37,2.94,0.01,0.01,-0.03,471,455,459,336,353
5.08,-6.87,3.50,-0.15,0.13,0.09,471,454,460,335,353
5.25,-7.57,3.95,-0.24,0.19,-0.09,471,453,460,336,354
4.86,-6.96,3.96,-0.42,0.36,-0.22,470,454,459,336,353
4.77,-6.72,4.52,-0.51,0.44,-0.19,471,454,459,335,353
4.84,-6.63,4.36,-0.50,0.60,-0.18,469,454,459,335,353
4.88,-6.10,4.06,-0.65,0.72,-0.30,469,455,459,334,354
5.61,-5.99,4.40,-0.71,0.76,-0.44,469,456,459,335,354
6.56,-6.04,4.23,-0.75,0.87,-0.45,469,454,460,335,353
6.86,-6.08,3.81,-0.80,0.96,-0.38,468,455,457,336,354
6.15,-4.86,3.98,-0.92,0.98,-0.49,469,454,459,335,354
7.51,-5.00,3.88,-0.83,0.88,-0.53,469,453,457,336,354
6.83,-4.92,2.96,-0.76,0.81,-0.48,468,453,459,335,354
7.82,-5.35,4.33,-0.82,0.73,-0.44,470,453,459,335,354
6.33,-5.54,4.58,-0.71,0.73,-0.44,467,453,458,335,354
6.83,-5.47,3.70,-0.69,0.70,-0.39,468,453,458,335,354
7.24,-5.21,3.66,-0.85,0.62,-0.41,470,453,458,333,353
6.65,-5.36,3.76,-0.78,0.68,-0.45,468,453,459,335,353
6.63,-5.22,3.45,-0.82,0.64,-0.33,467,453,460,336,353
7.18,-5.29,3.23,-0.78,0.62,-0.31,468,453,458,335,354
6.57,-5.35,3.32,-0.81,0.67,-0.29,468,453,461,333,354
6.78,-5.45,3.57,-0.72,0.70,-0.30,468,453,458,335,354
7.46,-5.13,3.57,-1.01,0.63,-0.30,466,451,458,335,356
6.90,-5.36,3.23,-0.85,0.72,-0.32,467,452,457,335,356
7.38,-4.86,2.94,-0.89,0.70,-0.41,467,453,457,335,356
7.62,-4.91,2.53,-0.81,0.66,-0.33,467,451,456,332,356
6.67,-5.20,2.38,-0.77,0.67,-0.31,465,452,455,334,357
9.91,-4.59,2.98,-0.75,0.69,-0.64,467,453,458,335,355
7.66,-4.02,1.96,-0.54,0.64,0.06,465,451,456,335,356
9.13,-4.31,1.55,-0.39,0.59,-0.10,465,451,455,335,356
9.27,-4.85,3.65,-0.23,0.42,0.03,464,450,456,334,356
9.20,-5.02,1.67,-0.23,0.26,-0.04,464,450,456,334,356
END
7.90,-5.66,1.91,0.05,0.12,-0.03,464,451,456,334,346
4.96,-7.67,1.92,0.07,-0.02,-0.05,464,451,456,334,346
5.13,-7.90,1.95,0.05,0.01,-0.04,464,451,454,335,347
5.24,-7.59,1.94,0.04,-0.00,-0.03,465,451,455,333,347
4.78,-7.67,1.86,0.03,0.01,-0.04,465,450,457,335,347
5.13,-7.54,2.01,0.06,0.02,-0.05,465,451,456,335,346
4.75,-7.89,2.07,0.06,0.05,-0.09,464,451,455,335,347
4.49,-7.97,2.68,0.01,0.16,-0.11,465,451,455,334,347
3.58,-7.91,3.15,-0.12,0.21,-0.11,465,450,455,334,351
3.51,-8.48,3.63,-0.21,0.38,-0.16,465,451,456,335,351
3.50,-8.16,4.07,-0.45,0.60,-0.21,463,452,453,335,350
4.22,-7.63,4.45,-0.44,0.77,-0.23,464,452,455,335,350
4.52,-7.17,3.52,-0.58,0.90,-0.29,465,451,456,336,350
5.64,-6.91,3.22,-0.52,0.89,-0.23,464,451,458,335,351
4.59,-7.53,4.41,-0.61,0.97,-0.29,464,450,455,335,350
6.00,-7.62,3.75,-0.58,0.95,-0.39,464,450,453,336,351
5.20,-6.27,3.27,-0.84,0.97,-0.40,464,450,455,334,351
5.71,-7.08,4.00,-0.69,1.02,-0.46,463,452,455,334,352
5.05,-6.58,3.64,-0.81,0.91,-0.41,463,450,455,334,352
6.42,-6.22,3.22,-0.80,0.97,-0.54,464,450,455,334,351
5.51,-6.15,3.16,-0.73,0.90,-0.35,465,452,454,335,353
6.38,-6.45,2.85,-0.61,0.90,-0.33,464,444,455,334,352
6.38,-6.74,2.91,-0.57,0.86,-0.28,463,448,457,334,353
6.58,-6.32,2.98,-0.63,0.83,-0.29,463,450,455,335,352
6.47,-6.60,2.90,-0.65,0.83,-0.33,463,450,455,335,353
6.53,-6.62,2.74,-0.63,0.77,-0.27,463,450,455,334,353
7.01,-5.95,2.07,-0.72,0.73,-0.32,463,450,455,334,352
6.69,-6.25,2.28,-0.74,0.75,-0.35,463,449,454,335,353
6.71,-5.56,1.85,-0.74,0.70,-0.35,463,449,457,335,350
5.77,-6.64,2.32,-0.80,0.71,-0.37,462,449,457,334,353
6.88,-5.69,1.97,-0.75,0.75,-0.48,463,450,453,334,352
6.71,-5.49,1.84,-0.74,0.77,-0.43,464,449,455,336,352
7.32,-5.18,1.72,-0.66,0.71,-0.24,462,449,454,335,353
7.54,-5.90,1.76,-0.64,0.64,-0.18,462,449,454,334,353
5.86,-7.52,2.51,-0.50,0.63,0.01,461,449,454,334,352
6.37,-5.97,1.92,-0.79,0.71,-0.15,461,447,454,336,352
END
7.71,-4.91,0.95,-0.58,0.70,-0.08,466,450,455,335,348
2.70,-8.71,3.78,0.17,-0.13,-0.03,466,450,455,334,347
5.58,-6.83,2.43,0.18,-0.08,-0.03,465,450,455,335,347
5.65,-7.37,2.07,0.11,-0.04,-0.05,466,452,455,335,346
5.28,-7.63,2.12,0.05,-0.05,-0.00,466,450,455,334,347
4.67,-7.21,2.64,0.00,-0.01,-0.06,466,450,455,336,347
4.49,-7.57,2.83,-0.05,0.08,-0.17,466,450,455,336,345
3.47,-7.69,3.83,-0.17,0.21,-0.28,466,450,455,336,349
4.54,-7.82,3.85,-0.25,0.44,-0.31,466,450,455,335,350
4.26,-7.94,4.13,-0.53,0.58,-0.36,466,450,455,335,350
5.78,-7.47,4.02,-0.49,0.68,-0.21,467,450,456,335,351
5.91,-7.09,3.76,-0.61,0.70,-0.24,466,450,455,336,350
5.57,-6.76,3.33,-0.62,0.74,-0.30,463,452,456,335,351
5.34,-6.75,3.26,-0.61,0.77,-0.18,466,450,454,336,351
5.36,-6.89,4.06,-0.62,0.82,-0.32,465,450,455,335,351
5.28,-6.58,3.53,-0.70,0.84,-0.29,464,450,454,336,352
5.93,-6.35,3.59,-0.68,0.85,-0.34,464,450,454,335,352
5.91,-6.29,2.88,-0.63,0.84,-0.34,464,450,456,335,353
6.21,-5.99,3.22,-0.62,0.79,-0.33,465,450,454,335,353
6.76,-6.32,3.09,-0.57,0.80,-0.41,464,451,454,336,353
5.87,-6.20,3.28,-0.58,0.74,-0.31,464,451,454,337,354
6.71,-6.21,2.88,-0.58,0.73,-0.38,464,445,454,333,353
6.20,-6.53,3.22,-0.62,0.70,-0.36,464,451,454,334,354
6.30,-6.30,2.27,-0.62,0.74,-0.41,464,450,454,335,353
6.47,-6.48,2.83,-0.70,0.73,-0.40,464,449,457,333,354
6.07,-6.68,3.34,-0.56,0.80,-0.38,467,449,454,335,355
6.50,-6.32,3.08,-0.72,0.78,-0.51,471,449,454,335,356
6.60,-6.01,3.36,-0.80,0.76,-0.55,470,449,454,335,356
7.31,-5.30,3.08,-0.84,0.74,-0.46,471,449,454,336,357
6.83,-5.53,3.04,-0.78,0.69,-0.32,469,449,454,335,356
7.46,-5.22,2.40,-0.79,0.65,-0.24,468,449,453,328,357
6.58,-5.31,2.60,-0.80,0.67,-0.25,470,449,455,335,356
6.93,-5.09,2.92,-0.84,0.70,-0.29,467,448,453,335,357
6.65,-5.18,2.51,-0.74,0.73,-0.20,467,447,453,334,356
6.57,-4.73,2.66,-0.76,0.77,-0.12,467,448,452,334,357
8.05,-3.75,1.09,-0.66,0.72,-0.26,468,449,453,335,358
END
8.66,-5.25,2.02,-0.47,0.59,-0.11,461,447,453,335,347
5.45,-7.38,2.18,-0.08,0.03,0.00,462,447,454,336,347
5.37,-7.35,2.17,-0.25,0.02,-0.09,462,446,453,335,351
5.92,-7.41,1.90,-0.23,0.08,-0.09,459,446,454,335,351
5.56,-7.24,1.37,-0.15,0.06,-0.10,461,447,454,333,351
4.02,-8.00,2.12,-0.19,0.23,-0.06,461,446,452,336,351
4.44,-8.46,3.12,-0.35,0.35,-0.16,461,446,453,335,351
5.14,-7.85,2.90,-0.41,0.56,-0.25,461,446,453,335,351
4.96,-7.64,2.86,-0.43,0.67,-0.07,457,447,447,335,350
4.98,-7.01,2.53,-0.45,0.77,-0.21,460,445,454,334,350
5.66,-7.31,3.50,-0.39,0.90,-0.23,461,446,454,334,350
5.56,-6.86,3.11,-0.52,0.85,-0.30,463,444,454,334,351
6.08,-6.45,3.42,-0.58,0.81,-0.30,461,448,456,332,351
6.01,-6.16,3.06,-0.63,0.82,-0.25,463,437,454,333,350
5.00,-7.03,3.85,-0.57,0.83,-0.24,461,446,454,335,349
6.61,-6.47,3.00,-0.54,0.80,-0.27,461,446,454,334,351
5.27,-6.20,3.50,-0.64,0.79,-0.34,461,446,454,334,351
5.55,-6.90,4.03,-0.55,0.85,-0.38,460,445,454,337,350
5.95,-6.04,2.93,-0.64,0.85,-0.44,459,445,455,334,350
6.49,-6.20,3.12,-0.68,0.83,-0.39,460,446,442,334,350
6.32,-6.20,2.79,-0.62,0.81,-0.34,460,445,453,333,349
6.60,-6.03,2.82,-0.70,0.77,-0.37,461,444,453,335,350
6.17,-6.66,3.44,-0.64,0.79,-0.42,461,445,453,335,350
6.24,-6.45,3.40,-0.69,0.76,-0.35,460,446,453,335,351
7.19,-5.80,2.90,-0.82,0.73,-0.47,460,446,454,335,351
6.60,-6.09,3.08,-0.76,0.76,-0.44,460,445,454,334,351
6.93,-5.84,2.53,-0.85,0.71,-0.39,461,447,453,334,351
7.16,-5.49,2.29,-0.85,0.67,-0.39,460,445,452,334,350
7.06,-5.79,2.10,-0.69,0.66,-0.31,459,445,453,335,351
6.32,-5.46,2.16,-0.81,0.60,-0.39,459,444,453,333,350
6.51,-6.13,3.20,-0.68,0.64,-0.29,460,445,453,336,350
6.82,-5.36,2.72,-0.80,0.74,-0.33,459,445,452,335,352
8.24,-3.91,2.25,-0.69,0.69,-0.22,459,445,452,334,350
8.77,-4.46,2.26,-0.60,0.59,-0.03,458,444,452,334,352
8.33,-4.23,1.30,-0.39,0.45,0.03,458,444,451,334,351
7.85,-4.34,0.66,-0.21,0.42,-0.05,458,444,451,336,350
END
9.09,-5.64,1.26,0.07,0.31,0.02,461,446,450,337,349
5.78,-7.04,2.68,0.00,0.02,-0.08,461,447,453,334,348
5.78,-7.32,2.28,0.00,0.05,-0.04,461,446,451,337,348
5.76,-7.06,1.91,-0.04,0.07,-0.09,461,446,453,335,349
5.92,-7.43,2.35,0.00,0.10,-0.02,460,446,452,336,351
5.83,-7.62,2.79,-0.14,0.08,-0.12,461,446,452,335,350
4.73,-7.93,3.22,-0.29,0.20,-0.05,461,447,451,335,350
3.92,-7.65,3.29,-0.45,0.34,-0.12,461,446,452,335,350
4.19,-7.45,3.00,-0.49,0.57,-0.16,461,446,454,335,350
4.97,-7.70,3.93,-0.61,0.74,-0.26,462,446,452,335,350
4.83,-7.49,4.09,-0.76,0.79,-0.31,460,447,450,335,351
5.84,-6.80,3.63,-0.91,0.84,-0.43,460,444,452,335,350
6.75,-6.50,3.24,-0.85,0.87,-0.34,460,446,452,335,351
6.32,-5.82,2.07,-0.85,0.89,-0.29,460,445,453,335,352
6.42,-6.17,2.94,-0.75,0.91,-0.19,460,446,452,335,351
6.53,-6.25,2.83,-0.67,0.92,-0.22,460,446,451,335,352
6.53,-6.29,3.20,-0.76,0.88,-0.23,460,445,451,335,352
6.66,-6.40,2.79,-0.67,0.88,-0.24,460,446,453,335,353
7.01,-5.67,2.33,-0.73,0.80,-0.24,460,445,452,333,353
6.74,-6.24,2.76,-0.72,0.85,-0.32,461,447,449,335,353
6.24,-6.14,2.91,-0.75,0.81,-0.27,458,446,450,336,353
5.95,-6.44,2.69,-0.74,0.83,-0.32,459,445,451,335,352
7.15,-5.96,2.09,-0.82,0.85,-0.38,459,445,449,335,352
6.86,-6.12,2.58,-0.88,0.84,-0.33,459,443,451,335,352
7.34,-5.48,1.62,-0.83,0.82,-0.34,459,445,451,335,354
7.49,-5.64,1.59,-0.78,0.83,-0.28,457,445,450,335,353
7.60,-5.58,2.15,-0.75,0.76,-0.29,457,444,451,334,353
7.75,-5.23,2.40,-0.66,0.66,-0.26,458,444,449,336,353
6.55,-5.79,1.89,-0.64,0.64,-0.11,458,444,450,336,353
6.45,-6.42,2.56,-0.72,0.74,-0.30,459,444,450,334,354
6.82,-5.62,2.42,-0.90,0.80,-0.35,457,444,450,334,353
7.20,-4.96,2.01,-0.93,0.76,-0.42,457,444,450,334,353
8.14,-4.74,1.09,-0.75,0.69,-0.21,456,444,450,334,352
9.69,-4.13,1.00,-0.56,0.55,0.02,456,444,449,334,351
9.71,-3.50,1.09,-0.34,0.47,-0.04,455,443,449,333,352
8.97,-4.64,0.94,-0.03,0.33,0.11,457,442,450,334,352
END
8.79,-5.13,1.07,-0.06,0.19,-0.02,462,444,452,336,344
5.28,-7.15,1.95,-0.00,0.02,-0.10,462,447,449,335,344
5.42,-7.69,2.02,0.00,0.02,-0.08,461,447,449,335,345
5.48,-7.39,1.69,0.02,0.01,-0.05,460,446,450,335,344
5.39,-7.41,2.09,0.04,0.01,-0.04,461,446,450,335,346
5.33,-7.41,2.00,0.05,0.02,-0.05,460,446,450,335,344
4.56,-8.10,2.31,0.02,0.06,-0.06,461,446,450,337,345
3.89,-8.16,3.32,-0.15,0.31,-0.02,462,446,451,336,348
2.41,-8.19,4.00,-0.47,0.48,-0.18,460,447,450,336,348
2.61,-8.07,5.04,-0.67,0.79,-0.30,460,445,450,335,349
4.06,-7.47,4.55,-0.73,0.98,-0.37,459,445,450,335,347
6.71,-6.96,3.71,-0.77,1.06,-0.43,459,445,452,328,348
5.30,-6.89,4.11,-0.69,1.05,-0.27,458,445,450,335,349
6.67,-6.53,3.88,-0.57,1.01,-0.38,458,445,450,335,349
5.83,-6.35,3.42,-0.66,0.96,-0.36,458,445,450,335,350
5.08,-6.86,4.16,-0.63,0.91,-0.32,458,446,450,335,349
6.25,-7.06,3.85,-0.68,0.95,-0.42,458,445,450,335,350
5.99,-6.63,3.79,-0.78,0.90,-0.35,456,445,450,335,351
6.20,-6.32,3.63,-0.78,0.89,-0.37,458,446,447,334,350
6.04,-6.17,3.22,-0.66,0.89,-0.39,458,445,452,335,351
6.21,-6.15,2.90,-0.71,0.85,-0.43,458,445,450,335,352
6.14,-6.52,3.27,-0.79,0.84,-0.39,459,445,450,335,352
6.32,-6.41,3.35,-0.91,0.86,-0.46,458,444,449,335,353
6.65,-5.99,2.83,-0.95,0.81,-0.37,458,444,449,334,353
7.49,-5.40,2.93,-1.03,0.82,-0.30,458,444,451,335,355
7.08,-6.20,2.41,-1.02,0.75,-0.12,457,445,449,336,351
6.63,-6.14,1.90,-0.84,0.79,-0.23,456,445,449,335,355
7.02,-6.40,1.68,-0.79,0.80,-0.18,456,443,448,333,353
6.96,-6.27,1.51,-0.71,0.77,-0.23,456,443,448,335,356
6.84,-6.17,2.16,-0.65,0.75,-0.15,455,443,448,335,356
7.71,-5.79,1.31,-0.60,0.74,-0.08,455,443,448,335,355
7.39,-6.42,0.98,-0.50,0.68,0.08,454,441,448,335,355
7.79,-5.99,1.04,-0.49,0.54,0.08,452,442,448,334,355
6.37,-6.53,0.94,-0.33,0.45,0.16,453,442,447,335,357
7.10,-6.15,0.24,-0.26,0.48,0.01,450,443,445,333,354
7.31,-6.45,0.62,-0.18,0.37,-0.02,450,443,445,333,354
END
6.94,-5.98,0.12,-0.12,0.32,-0.14,457,445,450,333,348
5.51,-7.30,2.59,0.03,0.01,-0.06,458,445,450,336,349
5.45,-7.01,2.56,0.02,-0.00,-0.05,459,445,441,337,348
5.50,-7.18,2.21,-0.02,0.00,-0.05,458,445,450,335,348
5.45,-7.10,2.47,-0.00,0.03,-0.09,457,445,451,335,348
3.61,-7.71,3.09,-0.15,0.10,-0.29,458,445,450,335,348
4.13,-7.80,3.48,-0.39,0.36,-0.17,458,445,450,335,349
4.36,-7.96,4.10,-0.43,0.51,-0.41,457,446,450,335,348
4.80,-8.20,3.97,-0.61,0.73,-0.18,457,444,450,336,349
4.37,-7.41,3.35,-0.66,0.92,-0.37,457,442,448,333,349
5.37,-6.81,4.08,-0.81,0.89,-0.57,457,444,450,335,349
7.53,-6.35,4.77,-0.93,0.82,-0.85,456,444,450,335,349
6.47,-5.30,3.56,-1.09,0.83,-0.48,455,444,450,335,349
6.55,-5.60,3.93,-0.94,0.82,-0.31,455,444,453,337,349
7.59,-5.58,3.27,-0.86,0.83,-0.29,455,443,449,335,351
6.00,-5.58,3.46,-0.83,0.86,-0.22,454,443,452,336,351
7.95,-5.93,3.45,-0.76,0.81,-0.27,455,445,450,335,350
6.78,-5.07,2.80,-0.87,0.80,-0.26,453,443,448,335,350
8.27,-5.25,3.23,-0.83,0.76,-0.28,454,445,450,334,352
6.36,-5.72,3.03,-0.76,0.78,-0.21,454,443,450,335,352
7.13,-5.98,3.22,-0.80,0.74,-0.30,454,443,450,335,351
7.29,-5.25,2.33,-0.89,0.72,-0.30,454,443,449,335,353
7.36,-5.66,2.63,-0.88,0.70,-0.31,454,442,448,335,352
7.06,-4.98,2.10,-0.82,0.72,-0.28,454,443,449,335,353
7.88,-4.90,1.80,-0.70,0.64,-0.19,454,442,452,336,352
7.44,-5.21,1.92,-0.67,0.63,-0.25,454,443,447,334,353
7.29,-5.39,1.87,-0.64,0.65,-0.25,453,443,447,333,353
7.49,-5.26,2.21,-0.66,0.59,-0.25,453,434,448,334,354
7.32,-5.12,1.59,-0.60,0.59,-0.25,452,442,448,335,354
6.83,-5.76,1.99,-0.57,0.62,-0.18,452,442,448,334,353
7.21,-5.34,1.48,-0.61,0.59,-0.05,453,442,447,335,353
8.02,-5.20,1.37,-0.57,0.61,-0.12,450,443,447,333,353
8.51,-5.42,1.37,-0.38,0.60,-0.04,451,441,448,334,353
8.71,-5.64,1.74,-0.27,0.47,0.00,451,440,447,337,352
8.15,-5.43,1.62,-0.11,0.30,0.17,451,441,446,335,353
8.23,-5.77,1.32,0.11,0.22,0.01,451,441,446,335,351
END
7.16,-6.05,1.46,-0.00,0.18,0.03,469,444,448,335,349
5.21,-7.62,2.16,0.05,0.00,-0.04,468,445,447,336,349
5.13,-7.34,2.18,0.00,0.00,-0.07,467,445,447,335,349
5.05,-7.50,2.36,0.02,-0.00,-0.07,467,444,447,335,349
5.08,-7.41,2.11,0.04,0.02,-0.12,465,446,447,334,350
4.72,-7.70,2.34,-0.04,0.04,-0.20,467,446,449,336,350
3.76,-8.03,2.99,-0.16,0.17,-0.26,467,444,446,335,352
4.25,-8.08,3.28,-0.31,0.33,-0.26,466,445,448,333,353
4.04,-7.99,3.58,-0.55,0.54,-0.22,466,444,447,335,352
4.41,-7.73,3.88,-0.66,0.75,-0.16,465,446,446,335,352
3.85,-7.35,3.46,-0.75,0.88,-0.24,464,444,447,335,352
4.65,-6.82,3.81,-0.83,1.02,-0.33,463,444,448,335,353
4.49,-6.87,4.41,-0.71,1.09,-0.44,463,443,447,335,353
6.22,-6.13,3.35,-0.96,1.04,-0.55,465,443,449,333,353
7.79,-6.12,3.08,-0.83,1.00,-0.37,463,445,445,333,355
7.69,-6.07,2.66,-0.72,0.87,-0.35,465,443,447,336,354
6.58,-6.12,2.96,-0.77,0.79,-0.21,464,443,449,335,355
6.64,-6.55,2.61,-0.64,0.80,-0.28,462,443,447,335,354
5.87,-6.65,2.58,-0.73,0.72,-0.24,461,442,448,336,353
6.23,-6.25,2.41,-0.80,0.74,-0.33,461,443,447,335,355
6.93,-6.09,2.74,-0.81,0.77,-0.35,461,442,448,335,354
6.37,-6.36,2.69,-0.76,0.78,-0.29,461,444,447,335,354
6.47,-6.35,2.58,-0.74,0.81,-0.31,461,442,447,337,355
6.60,-5.84,2.30,-0.74,0.77,-0.29,461,440,448,335,353
7.75,-5.48,2.16,-0.73,0.76,-0.33,460,443,448,334,354
6.73,-5.76,2.63,-0.74,0.75,-0.20,459,442,446,335,353
7.31,-5.69,2.26,-0.71,0.75,-0.22,459,439,447,335,353
7.19,-5.70,2.48,-0.72,0.72,-0.21,459,441,447,334,353
7.21,-5.92,1.96,-0.67,0.71,-0.15,459,441,447,335,353
7.24,-5.48,1.90,-0.70,0.76,-0.27,458,442,448,333,352
7.12,-5.64,2.20,-0.52,0.78,-0.17,458,441,448,335,352
8.19,-5.33,1.56,-0.76,0.72,-0.30,458,441,447,336,352
8.54,-5.41,1.69,-0.56,0.56,-0.01,457,444,447,335,352
8.36,-4.94,0.85,-0.34,0.42,0.13,456,440,445,333,351
6.86,-5.66,1.54,-0.13,0.43,0.02,456,441,447,336,352
8.17,-5.13,0.70,-0.14,0.35,0.01,455,440,445,334,351
END
9.12,-5.70,0.42,0.03,0.28,-0.03,461,442,446,335,348
5.66,-7.21,2.07,-0.01,0.02,-0.06,460,442,446,335,348
4.92,-7.24,2.15,-0.14,0.05,-0.18,459,440,446,335,350
5.83,-7.49,2.44,-0.15,0.13,-0.20,459,442,446,335,350
5.81,-7.58,2.07,-0.26,0.11,-0.20,460,442,446,336,351
4.98,-7.91,2.68,-0.35,0.22,-0.11,461,441,444,335,351
4.97,-7.80,2.79,-0.43,0.38,-0.13,460,442,446,333,350
3.68,-7.52,2.93,-0.60,0.57,-0.10,459,443,446,335,348
4.80,-7.62,2.96,-0.55,0.74,-0.18,459,441,446,335,350
4.82,-7.68,2.84,-0.60,0.91,-0.16,459,441,446,335,350
5.90,-6.86,3.40,-0.66,0.98,-0.31,459,442,446,335,351
6.27,-6.78,3.32,-0.74,1.01,-0.24,458,442,438,335,351
6.80,-6.35,3.01,-0.73,0.96,-0.28,458,442,446,334,351
6.58,-5.80,2.63,-0.75,0.89,-0.37,458,441,447,335,352
6.77,-5.74,2.54,-0.75,0.83,-0.28,461,441,444,335,352
6.66,-6.34,3.06,-0.60,0.81,-0.28,457,441,446,335,352
6.35,-5.99,2.80,-0.67,0.76,-0.21,457,441,446,336,352
6.67,-6.31,2.71,-0.71,0.74,-0.31,458,442,446,335,352
6.24,-6.56,2.76,-0.68,0.85,-0.29,459,441,445,335,352
6.51,-6.28,1.92,-0.86,0.80,-0.34,457,441,445,334,352
7.19,-5.84,2.68,-0.90,0.85,-0.40,456,441,444,336,352
6.26,-6.31,3.07,-1.11,0.82,-0.45,455,442,447,334,354
7.55,-4.82,1.16,-1.10,0.83,-0.51,455,439,444,336,354
6.96,-5.13,1.72,-1.03,0.84,-0.49,453,440,445,332,354
7.93,-5.02,1.53,-0.74,0.78,-0.27,455,440,445,335,354
8.28,-5.91,1.63,-0.74,0.72,-0.13,456,440,448,334,355
7.80,-6.00,1.92,-0.68,0.69,-0.10,454,440,444,335,354
7.19,-5.61,2.10,-0.75,0.67,-0.05,454,441,446,336,354
7.31,-5.68,2.12,-0.71,0.69,-0.10,454,441,444,333,354
7.43,-6.09,2.03,-0.88,0.69,-0.12,452,439,445,333,354
7.97,-5.18,0.86,-0.75,0.65,-0.01,454,440,444,335,354
8.99,-5.56,1.51,-0.57,0.59,0.05,453,439,445,332,354
8.42,-5.30,1.52,-0.46,0.41,0.23,451,438,443,336,353
7.31,-5.16,1.00,-0.34,0.34,0.13,451,438,443,335,354
6.99,-5.30,0.27,-0.20,0.30,0.12,451,438,443,335,355
7.77,-5.44,-0.06,0.13,0.19,0.29,451,438,443,334,354
END
6.82,-6.34,-0.04,0.18,0.21,0.22,455,440,445,335,343
5.94,-7.26,1.41,0.02,0.00,-0.08,455,440,445,335,344
5.64,-7.31,1.28,0.01,-0.01,-0.06,456,440,444,334,344
5.87,-7.30,1.34,0.01,0.02,-0.06,456,440,445,336,343
5.78,-7.68,1.67,0.02,0.02,-0.04,455,440,446,334,344
4.90,-7.83,1.46,-0.12,0.10,-0.07,455,440,444,333,346
4.49,-8.46,2.77,-0.14,0.26,-0.01,455,440,445,335,348
4.39,-8.20,2.52,-0.45,0.41,-0.12,454,440,445,335,347
4.49,-7.65,2.79,-0.55,0.60,-0.18,454,440,445,335,348
5.35,-7.47,2.64,-0.53,0.69,-0.14,454,439,447,333,349
5.89,-7.55,2.58,-0.53,0.76,-0.23,454,439,447,335,348
5.20,-7.26,2.72,-0.63,0.85,-0.18,453,439,447,335,348
5.05,-6.78,3.17,-0.72,0.91,-0.22,454,440,444,335,349
5.51,-6.21,2.47,-0.79,0.92,-0.35,454,441,446,335,349
6.07,-6.17,3.19,-0.81,0.99,-0.31,454,440,446,333,349
6.81,-6.46,2.60,-0.69,0.98,-0.35,453,440,446,335,349
6.92,-6.51,2.45,-0.84,0.90,-0.26,454,439,445,335,349
7.30,-6.45,2.28,-0.75,0.91,-0.30,452,439,445,334,349
6.60,-6.20,2.30,-0.84,0.83,-0.26,453,439,445,335,349
7.03,-6.27,2.53,-0.67,0.87,-0.34,452,441,445,335,350
6.58,-6.10,2.50,-0.80,0.80,-0.25,452,440,445,336,350
7.44,-5.90,2.02,-0.68,0.82,-0.29,452,438,445,333,350
7.25,-5.62,1.86,-0.73,0.77,-0.21,452,439,445,335,350
7.19,-6.12,2.51,-0.69,0.76,-0.22,452,441,445,329,349
6.98,-5.95,2.39,-0.67,0.77,-0.20,451,439,445,334,349
6.98,-5.90,2.17,-0.68,0.81,-0.25,451,438,445,335,349
7.37,-6.25,2.12,-0.71,0.78,-0.20,451,439,445,335,350
7.21,-6.00,2.38,-0.69,0.76,-0.21,451,439,444,336,349
7.07,-5.89,2.33,-0.73,0.71,-0.17,452,438,444,334,350
6.49,-5.81,2.67,-0.74,0.71,-0.28,449,437,443,335,349
6.04,-6.32,3.03,-0.83,0.77,-0.24,451,439,442,335,350
6.24,-6.32,3.26,-0.83,0.79,-0.36,450,437,444,335,348
7.06,-4.77,1.93,-0.99,0.80,-0.42,449,438,443,334,348
8.47,-4.89,1.74,-0.61,0.63,-0.09,449,437,443,335,348
7.82,-4.52,1.31,-0.58,0.66,-0.12,449,437,444,334,348
8.59,-4.13,1.18,-0.20,0.51,0.10,449,438,443,334,348
END
8.92,-4.70,1.00,-0.08,0.38,0.00,456,444,446,335,341
6.15,-7.03,1.44,0.03,0.00,-0.09,456,442,447,334,344
6.01,-7.07,1.75,0.06,0.01,-0.06,455,443,446,334,343
5.87,-7.27,1.95,-0.01,-0.02,-0.07,454,445,444,335,342
6.00,-7.32,1.87,-0.00,0.02,-0.07,453,443,446,334,343
5.38,-7.12,2.21,0.14,0.18,-0.21,455,444,446,336,344
5.81,-7.77,2.49,-0.06,0.16,-0.25,456,445,447,335,344
4.74,-8.45,3.29,-0.36,0.30,-0.14,456,447,446,335,342
3.98,-7.94,3.37,-0.47,0.55,-0.11,456,445,448,335,344
5.29,-7.31,3.37,-0.62,0.58,-0.16,453,443,446,335,345
5.13,-6.53,3.05,-0.70,0.69,-0.33,456,444,447,336,345
5.04,-6.31,3.32,-0.70,0.78,-0.28,454,444,447,334,346
6.42,-6.71,3.68,-0.66,0.83,-0.42,454,443,447,335,351
6.31,-6.40,3.63,-0.75,0.87,-0.39,454,443,447,334,357
6.83,-6.06,2.99,-0.91,0.85,-0.36,454,443,446,334,359
7.26,-5.99,3.51,-0.79,0.87,-0.37,454,443,446,334,359
6.88,-5.86,2.44,-0.83,0.83,-0.27,452,444,443,334,359
6.99,-5.24,2.61,-0.79,0.79,-0.26,453,443,448,335,359
7.24,-5.36,3.04,-0.71,0.78,-0.26,453,443,446,336,359
5.79,-5.83,2.80,-0.61,0.79,-0.24,454,442,446,335,359
7.09,-6.53,3.56,-0.65,0.82,-0.25,453,442,446,335,359
6.33,-6.07,3.09,-0.81,0.84,-0.31,451,441,446,336,359
8.44,-5.54,3.48,-0.88,0.91,-0.37,452,441,446,334,359
7.83,-5.20,2.75,-0.78,0.77,-0.25,451,440,446,335,358
7.58,-5.73,2.42,-0.69,0.68,-0.23,451,440,445,335,358
7.57,-5.60,2.44,-0.73,0.69,-0.21,445,441,444,334,358
7.01,-6.09,3.05,-0.72,0.68,-0.31,453,440,444,335,359
7.82,-5.38,2.40,-0.82,0.61,-0.33,452,439,444,333,359
6.43,-4.90,2.21,-0.77,0.52,-0.48,452,440,444,334,358
8.27,-4.92,1.69,-0.58,0.47,-0.63,451,440,444,334,358
7.03,-5.34,2.11,-0.57,0.53,-0.27,451,439,443,334,357
8.10,-5.21,2.65,-0.53,0.58,-0.04,451,439,444,334,357
7.30,-5.00,2.20,-0.60,0.58,-0.07,450,439,443,334,356
8.29,-4.03,0.90,-0.49,0.52,-0.05,450,438,444,334,355
10.16,-4.79,1.16,-0.15,0.40,0.04,449,438,444,335,355
8.99,-5.23,1.50,-0.23,0.26,-0.02,448,436,445,333,357
END
8.05,-5.21,1.03,-0.09,0.12,0.04,452,442,446,334,343
5.51,-7.53,1.88,-0.08,-0.04,-0.10,453,441,445,335,345
5.67,-7.37,1.61,-0.03,-0.03,-0.09,453,441,446,335,345
5.37,-7.34,1.14,0.00,0.01,-0.09,454,442,445,335,346
5.74,-7.42,1.70,0.05,0.01,-0.07,454,441,446,335,347
5.84,-7.15,1.46,0.02,-0.00,-0.11,457,441,445,335,346
4.27,-8.30,2.38,-0.03,0.03,-0.12,455,440,446,335,347
3.01,-8.17,3.17,-0.17,0.29,-0.04,454,440,443,333,350
3.38,-8.03,3.66,-0.41,0.52,-0.25,454,440,447,332,349
5.25,-7.96,3.68,-0.43,0.69,-0.15,455,440,445,335,350
5.46,-7.44,3.27,-0.68,0.71,-0.24,453,440,443,333,350
5.45,-7.24,3.27,-0.62,0.73,-0.27,453,440,446,333,349
5.21,-6.98,2.74,-0.64,0.78,-0.24,452,440,446,335,351
6.44,-6.68,2.79,-0.64,0.80,-0.34,452,440,446,335,351
5.88,-6.50,2.38,-0.70,0.80,-0.23,454,441,446,334,352
6.82,-7.02,3.01,-0.68,0.81,-0.33,454,440,447,334,352
6.21,-6.27,1.82,-0.71,0.80,-0.26,453,440,446,335,353
6.41,-6.60,2.33,-0.73,0.79,-0.25,452,440,445,335,353
6.09,-6.65,2.37,-0.72,0.83,-0.18,452,442,448,335,354
6.25,-6.14,2.09,-0.73,0.81,-0.29,452,441,446,336,353
6.32,-6.49,2.46,-0.69,0.77,-0.29,451,439,446,334,354
7.10,-6.12,1.75,-0.61,0.76,-0.31,451,441,445,335,354
7.33,-6.20,2.07,-0.70,0.63,-0.25,451,440,445,335,354
7.15,-6.17,1.82,-0.64,0.74,-0.27,451,442,445,334,354
6.68,-6.96,2.28,-0.67,0.66,-0.29,450,440,445,336,354
6.99,-5.58,1.56,-0.74,0.66,-0.30,449,440,445,335,355
6.76,-6.12,1.90,-0.65,0.66,-0.21,450,440,445,335,354
6.86,-6.39,1.62,-0.60,0.68,-0.16,451,439,448,335,354
7.52,-5.72,1.73,-0.67,0.66,-0.13,451,440,447,335,355
7.02,-5.94,1.82,-0.61,0.63,-0.11,450,439,445,334,355
6.48,-5.96,1.97,-0.61,0.67,-0.07,450,439,445,335,355
6.52,-5.83,2.02,-0.71,0.71,-0.27,448,438,444,334,354
7.11,-5.80,1.92,-0.83,0.70,-0.25,450,438,446,334,354
7.90,-5.38,0.76,-0.71,0.73,-0.21,448,438,443,334,353
9.09,-5.30,1.08,-0.45,0.64,-0.12,447,439,441,338,354
8.64,-5.61,1.05,-0.32,0.54,-0.04,447,438,442,333,354
END
8.53,-5.17,1.15,-0.17,0.37,0.04,450,440,445,337,345
5.36,-7.35,1.64,0.04,-0.01,-0.07,450,439,443,335,346
5.66,-7.70,1.67,0.03,-0.00,-0.04,450,440,445,335,346
5.19,-7.31,1.64,0.04,0.01,-0.06,449,440,445,335,346
5.74,-7.47,1.83,0.02,-0.00,-0.08,450,439,445,335,346
5.30,-7.62,1.97,0.02,0.01,-0.05,449,440,448,335,346
4.93,-7.98,1.87,-0.01,0.04,-0.09,452,438,443,335,347
4.04,-8.15,2.53,-0.04,0.18,-0.12,450,440,445,335,347
2.54,-8.57,3.77,-0.27,0.45,-0.21,453,440,446,335,347
4.21,-8.15,3.75,-0.45,0.59,-0.28,451,440,446,335,349
4.36,-7.70,4.02,-0.66,0.79,-0.37,451,440,448,335,349
5.21,-7.29,3.77,-0.76,0.84,-0.36,451,440,445,335,349
5.35,-6.88,4.00,-0.81,0.98,-0.28,451,440,445,335,349
6.11,-6.55,3.07,-0.86,0.93,-0.36,451,440,445,335,349
6.04,-6.14,3.23,-0.93,0.99,-0.32,450,442,443,335,350
6.74,-6.17,3.39,-0.84,0.99,-0.36,451,440,449,336,350
6.29,-5.86,2.32,-0.83,0.91,-0.26,450,438,444,335,351
6.93,-6.08,2.76,-0.72,0.92,-0.31,448,439,445,335,350
6.55,-5.72,2.25,-0.77,0.85,-0.33,450,439,445,335,350
6.98,-6.53,3.12,-0.74,0.87,-0.33,449,439,444,335,351
6.89,-5.82,2.10,-0.79,0.83,-0.34,449,439,445,335,350
7.31,-6.01,2.89,-0.84,0.79,-0.33,448,439,445,335,350
6.97,-5.94,2.78,-0.86,0.80,-0.38,450,438,445,335,351
7.20,-5.75,2.65,-0.83,0.75,-0.30,447,437,446,336,350
7.45,-5.93,1.97,-0.80,0.77,-0.19,447,438,443,336,351
7.59,-5.89,1.46,-0.75,0.72,-0.20,448,439,446,336,351
6.94,-5.83,1.79,-0.68,0.72,-0.14,448,440,446,326,351
7.72,-5.52,1.36,-0.74,0.66,-0.15,447,438,444,335,350
7.34,-5.46,1.73,-0.61,0.65,-0.31,447,438,444,335,351
6.42,-5.62,1.92,-0.64,0.62,-0.26,448,437,444,334,351
7.66,-5.33,1.62,-0.70,0.67,-0.27,448,438,444,335,352
7.27,-5.36,2.02,-0.70,0.66,-0.35,447,438,446,334,353
6.37,-5.18,1.66,-0.69,0.66,-0.27,448,437,443,334,353
7.80,-4.54,0.81,-0.46,0.70,-0.04,448,437,443,333,354
9.27,-5.10,2.20,-0.30,0.62,0.09,446,437,442,335,356
8.85,-4.69,1.06,-0.16,0.50,0.10,446,435,443,334,354
END
8.89,-5.05,1.03,-0.09,0.38,0.11,454,440,445,335,344
5.86,-7.42,1.77,-0.04,0.03,-0.07,453,440,445,335,345
5.66,-7.21,1.94,-0.03,0.04,-0.05,453,440,445,335,346
5.86,-7.20,1.59,0.01,0.03,0.05,453,439,445,335,347
5.53,-7.32,1.49,-0.05,0.05,-0.10,453,439,445,337,348
4.24,-8.47,2.61,-0.17,0.15,-0.09,451,438,443,337,348
3.85,-8.81,3.14,-0.38,0.35,-0.10,454,440,445,336,348
3.48,-7.75,2.69,-0.50,0.58,-0.22,452,439,445,335,347
4.17,-7.84,4.25,-0.53,0.73,-0.20,451,439,445,336,350
5.00,-7.38,3.91,-0.79,0.88,-0.35,451,439,445,335,348
5.96,-6.96,3.10,-0.76,0.99,-0.34,450,441,445,335,348
5.84,-6.27,2.68,-0.91,0.94,-0.39,451,439,445,335,348
6.95,-6.63,3.51,-0.81,0.93,-0.34,451,439,447,335,348
7.11,-5.92,2.46,-0.89,0.89,-0.46,448,438,445,335,349
7.19,-6.26,2.61,-0.90,0.80,-0.31,451,439,443,335,349
6.97,-6.22,2.76,-0.78,0.89,-0.33,448,438,444,335,349
7.06,-5.76,1.85,-0.89,0.81,-0.28,449,438,443,335,350
7.03,-6.09,2.37,-0.83,0.87,-0.28,450,438,445,338,350
6.85,-6.14,2.68,-0.82,0.85,-0.24,449,438,445,335,350
7.22,-5.93,2.38,-0.78,0.87,-0.23,449,438,444,335,350
8.20,-5.71,2.28,-0.88,0.81,-0.28,450,438,445,334,350
7.27,-5.29,1.97,-0.91,0.84,-0.27,449,439,444,336,350
7.54,-6.12,2.15,-0.76,0.75,-0.23,451,439,444,335,350
7.59,-5.61,1.67,-0.83,0.70,-0.27,447,437,444,333,350
7.39,-4.95,1.67,-0.89,0.68,-0.31,448,435,443,335,350
7.59,-4.80,1.61,-0.74,0.63,-0.09,447,436,444,334,350
7.36,-5.40,1.74,-0.73,0.67,-0.20,448,437,444,334,351
7.26,-5.49,1.42,-0.66,0.64,-0.03,448,437,444,334,350
6.88,-6.23,1.32,-0.68,0.66,-0.14,443,437,443,334,349
8.84,-5.17,0.95,-0.78,0.57,-0.18,447,437,444,334,349
7.85,-5.61,1.16,-0.67,0.56,0.11,448,436,441,334,348
8.26,-5.02,0.57,-0.45,0.51,0.06,448,437,440,334,348
8.09,-4.29,2.37,-0.38,0.38,0.10,446,437,442,333,349
7.14,-4.97,-0.71,-0.16,0.38,0.17,447,435,444,334,349
9.59,-5.58,0.24,0.02,0.33,-0.06,445,435,441,334,349
7.85,-5.41,0.38,0.05,0.16,0.02,445,435,441,334,349
END
7.72,-6.33,-0.45,0.10,0.14,-0.10,451,438,444,335,345
5.60,-7.59,2.08,0.06,-0.00,-0.07,450,438,444,335,345
5.77,-7.06,1.69,0.03,0.00,-0.07,452,438,443,335,345
5.33,-7.36,1.79,0.02,0.01,-0.06,449,438,444,335,344
5.80,-7.35,2.07,-0.01,0.01,-0.08,451,440,442,336,344
4.80,-7.83,1.86,-0.10,0.09,-0.02,451,438,444,336,347
3.77,-8.48,2.62,-0.33,0.23,-0.02,452,438,445,336,347
3.21,-7.91,3.12,-0.35,0.50,-0.14,450,439,444,334,347
4.49,-7.75,3.31,-0.50,0.60,-0.28,449,438,443,335,347
5.26,-7.90,3.78,-0.53,0.70,-0.28,450,438,443,335,348
5.25,-7.35,3.50,-0.60,0.81,-0.29,451,438,444,335,347
4.64,-7.25,3.49,-0.64,0.89,-0.12,448,438,443,336,348
5.69,-6.60,3.13,-0.75,0.98,-0.15,450,440,442,337,349
5.86,-6.73,3.31,-0.73,1.00,-0.32,450,438,441,335,349
6.17,-6.76,2.71,-0.67,0.91,-0.33,449,438,443,335,349
6.95,-6.37,2.20,-0.60,0.83,-0.26,449,436,444,337,350
6.35,-6.73,2.73,-0.59,0.84,-0.29,449,438,444,335,351
5.10,-6.95,2.66,-0.56,0.79,-0.25,449,438,445,335,350
5.80,-6.36,2.54,-0.59,0.81,-0.33,448,437,444,335,350
6.71,-6.60,2.99,-0.61,0.83,-0.39,450,437,446,336,351
6.65,-5.88,2.48,-0.74,0.80,-0.38,449,438,442,334,350
6.76,-6.42,2.96,-0.72,0.80,-0.41,448,435,441,335,349
6.54,-5.61,2.16,-0.72,0.80,-0.21,448,437,442,334,349
7.03,-6.40,3.19,-0.80,0.81,-0.35,448,437,442,334,350
6.51,-6.25,2.35,-0.76,0.71,-0.34,447,436,443,335,350
5.99,-6.30,2.10,-0.79,0.69,-0.29,447,437,443,334,350
6.68,-6.37,2.12,-0.73,0.70,-0.29,445,436,443,334,350
6.83,-6.07,2.01,-0.75,0.73,-0.23,445,437,439,334,350
8.85,-5.85,1.81,-0.68,0.67,-0.22,447,436,443,334,350
7.25,-5.74,1.13,-0.49,0.66,-0.08,445,435,443,335,350
7.68,-6.44,1.97,-0.70,0.58,-0.21,446,436,442,334,351
6.58,-5.74,1.54,-0.63,0.59,-0.31,444,437,441,333,350
7.44,-5.90,1.30,-0.79,0.61,-0.27,445,435,442,333,350
7.07,-5.74,1.08,-0.58,0.57,-0.13,445,435,440,334,349
7.40,-5.56,1.46,-0.68,0.58,-0.24,445,435,440,334,350
8.58,-4.77,1.30,-0.56,0.53,-0.03,444,435,440,334,351
END
9.22,-4.51,0.11,-0.41,0.44,-0.10,449,439,444,335,344
5.33,-7.65,1.98,0.04,0.01,-0.07,448,438,441,336,345
5.55,-7.46,1.39,0.03,0.01,-0.04,449,436,443,335,344
5.12,-7.52,1.82,0.02,-0.01,-0.06,449,438,442,337,344
5.27,-7.46,3.54,0.00,0.00,-0.08,449,440,444,333,346
4.90,-7.55,2.25,-0.06,0.02,-0.13,449,438,443,335,344
4.52,-8.10,2.25,-0.09,0.12,-0.17,448,438,443,335,344
4.52,-8.37,2.66,-0.15,0.22,-0.18,448,438,443,335,345
3.46,-8.44,3.15,-0.35,0.44,-0.14,448,439,442,335,347
3.78,-8.11,3.05,-0.52,0.66,-0.14,449,437,441,335,346
4.47,-7.87,3.31,-0.62,0.74,-0.22,448,436,443,335,346
5.23,-7.62,3.12,-0.68,0.83,-0.34,448,437,444,335,347
6.78,-7.06,2.76,-0.76,0.78,-0.52,448,438,443,336,347
5.67,-6.68,2.38,-0.80,0.81,-0.28,447,439,444,335,348
6.72,-6.79,3.07,-0.67,0.77,-0.24,448,438,444,335,348
5.92,-6.03,1.79,-0.76,0.84,-0.24,448,438,444,334,349
5.78,-6.49,3.02,-0.71,0.81,-0.15,448,438,444,335,349
6.18,-6.45,2.74,-0.64,0.90,-0.25,449,438,431,335,349
5.69,-5.89,2.71,-0.73,0.90,-0.18,448,436,443,334,350
6.94,-6.14,2.86,-0.71,0.93,-0.32,449,437,442,333,350
5.94,-6.53,2.99,-0.79,0.92,-0.31,448,437,436,335,350
6.77,-5.97,2.34,-0.78,0.90,-0.32,448,437,443,335,351
7.66,-6.06,2.54,-0.78,0.86,-0.31,447,437,445,333,351
6.51,-6.25,2.58,-0.77,0.83,-0.36,447,437,443,335,351
9.06,-5.63,2.33,-1.06,0.71,-0.70,447,438,443,334,352
7.28,-5.17,2.18,-1.01,0.68,-0.49,447,437,440,334,352
8.42,-4.95,1.50,-0.95,0.62,-0.41,447,438,444,335,352
7.80,-5.14,1.66,-0.81,0.60,-0.20,446,438,444,336,353
7.49,-5.28,1.49,-0.74,0.61,-0.10,446,436,442,335,354
7.75,-5.30,1.55,-0.74,0.61,-0.10,445,438,444,335,354
7.50,-5.33,1.58,-0.73,0.64,-0.10,446,436,436,334,353
6.94,-5.81,1.84,-0.68,0.67,-0.02,445,436,441,334,353
7.24,-5.08,1.56,-0.70,0.65,-0.02,445,435,441,334,353
6.71,-5.58,0.80,-0.45,0.70,-0.08,445,435,443,335,353
9.95,-4.90,0.61,-0.23,0.58,0.35,443,437,442,334,353
8.99,-4.34,1.08,-0.10,0.44,0.24,445,437,438,335,352
END
8.52,-4.90,0.73,-0.06,0.28,0.16,450,438,444,336,346
5.00,-7.79,2.08,0.06,-0.01,-0.07,449,437,441,336,346
5.23,-7.77,2.30,0.05,0.00,-0.04,449,438,442,335,346
5.11,-7.36,2.02,0.04,0.01,-0.07,449,438,443,334,346
5.00,-7.68,2.11,0.02,-0.01,-0.06,448,437,442,335,346
4.87,-7.94,2.04,0.03,0.03,-0.07,446,437,442,335,346
4.15,-8.30,2.61,-0.08,0.14,-0.05,448,439,445,335,346
2.76,-8.43,3.14,-0.12,0.38,-0.04,449,438,443,335,348
1.39,-8.01,2.96,-0.32,0.83,-0.03,449,438,443,334,347
3.96,-8.34,4.64,-0.43,0.78,-0.32,448,438,442,333,348
4.95,-7.54,3.98,-0.56,0.79,-0.39,448,438,444,334,348
4.98,-7.58,3.85,-0.57,0.83,-0.34,448,438,443,335,348
4.82,-7.55,4.00,-0.60,0.77,-0.38,448,438,443,335,348
5.20,-6.77,3.35,-0.67,0.79,-0.47,447,438,444,334,348
4.90,-6.86,2.98,-0.62,0.85,-0.40,448,438,443,334,349
5.66,-7.13,3.40,-0.55,0.92,-0.34,448,437,443,334,350
5.91,-6.81,3.47,-0.73,0.81,-0.39,449,439,445,334,350
5.61,-6.58,3.12,-0.69,0.84,-0.44,448,437,441,334,350
6.03,-6.62,2.82,-0.69,0.85,-0.38,447,437,443,334,349
6.39,-6.60,3.45,-0.73,0.87,-0.37,447,436,443,334,350
5.69,-6.30,3.32,-0.73,0.94,-0.35,447,437,443,334,350
6.63,-5.89,2.99,-0.83,0.90,-0.45,447,437,442,334,350
6.84,-6.12,2.86,-0.70,0.89,-0.38,446,437,440,334,350
7.28,-5.94,2.58,-0.76,0.82,-0.38,444,438,442,335,350
6.88,-6.07,2.82,-0.65,0.78,-0.33,447,437,442,333,350
6.68,-5.84,2.30,-0.70,0.73,-0.31,447,435,441,335,350
6.86,-5.78,2.33,-0.70,0.74,-0.26,446,436,442,332,349
7.20,-5.55,1.98,-0.66,0.72,-0.30,446,438,444,335,350
7.71,-5.18,1.86,-0.60,0.66,-0.23,445,437,442,334,350
7.99,-5.74,1.61,-0.35,0.54,0.01,445,435,442,334,350
6.37,-6.47,2.40,-0.38,0.49,-0.05,445,436,442,334,350
6.34,-6.30,2.09,-0.40,0.57,-0.11,444,435,442,334,350
6.53,-6.29,1.79,-0.50,0.54,-0.23,443,434,441,334,350
7.52,-5.97,1.46,-0.42,0.53,-0.20,444,435,442,335,349
6.65,-6.59,1.31,-0.34,0.54,0.04,444,433,440,332,350
7.76,-5.93,0.91,-0.30,0.49,-0.11,444,434,444,334,351
END