5.66,-0.60,-0.60,0.07,0.00,0.03,482,431,304,337,364
5.69,-0.52,-0.52,0.10,0.01,-0.07,482,431,304,337,365
5.50,-0.78,-0.78,0.08,0.02,-0.03,482,431,304,337,364
5.36,-0.59,-0.59,0.06,-0.00,-0.06,482,431,304,337,364
5.69,-0.52,-0.52,0.05,-0.01,-0.08,482,431,304,337,364
5.84,-0.58,-0.58,0.08,0.02,-0.06,481,431,304,337,364
6.06,-1.47,-1.47,0.05,0.00,-0.03,481,430,304,337,364
6.88,-1.98,-1.98,-0.10,-0.05,0.04,481,430,304,337,364
7.30,-3.28,-3.28,-0.28,-0.00,0.29,481,430,304,337,364
6.49,-3.57,-3.57,-0.75,-0.08,0.51,481,430,304,337,364
5.25,-1.76,-1.76,-0.87,0.01,0.55,480,430,303,337,364
4.08,-0.52,-0.52,-0.86,0.06,0.45,480,430,302,337,363
4.05,2.59,2.59,-1.11,-0.00,0.00,480,430,302,337,363
4.10,4.85,4.85,-0.88,0.16,-0.23,480,430,302,337,363
4.20,7.61,7.61,-0.45,0.28,-0.49,479,430,302,337,364
4.82,9.73,9.73,-0.10,0.21,-0.57,479,430,304,337,366
5.34,9.32,9.32,0.44,0.37,-0.54,479,430,307,339,367
7.22,8.23,8.23,1.14,0.50,-0.54,480,430,310,340,368
10.41,2.94,2.94,1.03,0.18,-0.13,480,430,312,341,369
12.61,-0.53,-0.53,1.05,0.00,0.50,479,430,311,342,369
8.61,-3.47,-3.47,0.87,-0.11,0.90,479,430,309,340,367
4.66,-5.28,-5.28,0.28,-0.20,0.91,479,430,306,339,365
2.08,-4.81,-4.81,-0.20,0.00,0.70,479,430,304,339,363
1.51,-1.96,-1.96,-0.89,-0.07,0.10,479,430,303,338,363
2.51,3.12,3.12,-1.16,-0.11,-0.39,479,430,303,337,363
3.40,6.83,6.83,-0.98,-0.09,-0.71,479,430,302,337,363
5.34,6.58,6.58,-0.82,-0.17,-0.45,479,429,302,337,364
6.91,6.29,6.29,-0.27,-0.11,-0.41,478,429,303,337,364
6.45,4.79,4.79,-0.02,0.01,-0.09,478,429,302,336,364
5.38,9.15,9.15,0.18,-0.05,-0.10,478,429,302,337,364
3.57,2.63,2.63,0.54,0.35,0.24,478,429,303,336,364
4.60,1.47,1.47,0.51,0.16,-0.20,478,429,304,337,364
6.54,1.46,1.46,0.26,0.15,-0.04,478,428,304,337,364
6.12,4.35,4.35,0.45,0.04,-0.08,477,428,305,337,364
5.61,2.99,2.99,0.64,0.16,0.16,477,428,306,338,364
END
5.69,0.43,0.43,0.70,0.10,0.07,474,427,304,337,363
5.66,-0.94,-0.94,0.03,0.00,-0.02,473,427,304,338,363
5.84,-0.82,-0.82,0.02,-0.01,-0.03,474,427,304,338,363
5.64,-0.88,-0.88,0.02,0.01,-0.01,473,427,304,338,362
5.71,-1.00,-1.00,0.03,-0.00,-0.02,473,427,304,338,362
5.66,-0.79,-0.79,0.03,-0.00,-0.02,473,426,304,338,362
5.61,-0.81,-0.81,0.03,0.01,-0.02,473,426,304,338,363
5.69,-0.91,-0.91,0.08,0.03,-0.03,473,427,304,337,362
6.50,-2.00,-2.00,0.09,0.02,-0.04,473,427,304,337,362
7.07,-3.50,-3.50,0.01,0.02,0.02,473,427,304,337,362
5.32,-4.90,-4.90,-0.41,0.02,0.11,473,427,304,338,362
6.35,-2.66,-2.66,-0.97,-0.10,0.17,473,426,304,338,363
4.42,-0.01,-0.01,-1.16,0.00,0.01,473,426,304,338,362
2.79,3.47,3.47,-1.08,0.19,0.07,472,426,303,338,362
4.85,4.55,4.55,-1.10,0.05,0.04,472,426,302,337,362
4.12,7.73,7.73,-0.77,0.13,-0.38,472,426,302,337,362
4.54,9.27,9.27,-0.05,0.43,-0.50,472,427,303,338,363
6.70,10.19,10.19,0.34,0.45,-0.47,473,427,306,338,363
7.64,8.96,8.96,0.71,0.48,-0.15,473,426,310,341,365
8.82,5.42,5.42,1.02,0.26,-0.05,473,426,311,342,366
10.54,3.83,3.83,1.33,0.07,0.14,473,426,313,343,367
8.32,-0.08,-0.08,1.18,0.02,0.64,472,426,313,343,366
6.86,-3.86,-3.86,0.84,-0.18,0.69,472,426,312,343,364
6.17,-5.47,-5.47,0.17,-0.35,0.56,472,426,310,342,364
3.77,-4.67,-4.67,-0.65,-0.21,0.72,471,426,308,341,363
3.31,-1.43,-1.43,-0.91,-0.26,0.22,471,426,306,341,363
3.65,0.19,0.19,-1.08,-0.05,0.02,471,425,305,340,362
4.39,3.23,3.23,-1.00,0.07,-0.24,471,426,304,339,362
3.96,5.17,5.17,-0.75,0.27,-0.49,471,426,304,339,362
4.53,6.54,6.54,-0.66,0.30,-0.43,471,425,303,339,362
6.43,7.57,7.57,-0.42,0.26,-0.50,470,425,304,339,362
6.20,7.59,7.59,-0.13,0.33,-0.51,471,425,305,340,363
6.63,7.94,7.94,0.10,0.27,-0.40,471,425,306,340,363
7.81,6.73,6.73,0.41,0.24,-0.25,471,425,308,341,364
7.71,6.23,6.23,0.65,0.12,-0.20,470,425,308,341,364
END
7.96,5.18,5.18,0.80,0.05,0.16,468,424,306,340,362
5.73,-0.90,-0.90,0.06,-0.01,-0.07,468,424,306,340,362
5.47,-1.18,-1.18,0.06,0.01,-0.04,468,424,306,340,362
5.65,-1.14,-1.14,0.04,0.01,-0.03,468,424,306,340,362
5.59,-1.03,-1.03,0.02,-0.01,-0.02,468,424,306,340,362
5.39,-1.19,-1.19,0.04,0.01,-0.04,468,424,306,340,362
6.29,-1.85,-1.85,0.01,0.00,0.01,468,424,306,341,361
6.39,-3.42,-3.42,-0.09,-0.04,0.05,468,424,307,341,362
5.09,-3.57,-3.57,-0.54,0.00,0.14,468,424,307,340,362
5.48,-1.30,-1.30,-0.79,-0.00,0.13,468,424,306,340,362
3.66,0.44,0.44,-1.00,0.12,0.13,468,424,304,339,362
4.06,2.24,2.24,-0.91,0.13,-0.10,468,424,304,339,361
3.75,5.66,5.66,-0.72,0.14,-0.57,468,424,303,339,361
4.29,6.53,6.53,-0.41,0.39,-0.60,468,424,304,338,361
6.35,8.31,8.31,-0.13,0.41,-0.72,468,424,306,339,361
7.51,8.66,8.66,0.41,0.40,-0.48,469,424,312,341,362
7.83,7.11,7.11,0.84,0.51,-0.14,469,424,317,344,362
8.51,4.47,4.47,1.15,0.37,0.05,469,424,320,346,363
9.35,2.62,2.62,1.16,0.11,0.31,468,424,320,347,364
7.85,-0.01,-0.01,0.94,-0.06,0.64,468,424,318,346,363
6.08,-3.28,-3.28,0.65,-0.10,0.73,467,424,312,343,362
5.93,-5.49,-5.49,0.01,-0.32,0.57,467,424,308,342,361
5.33,-5.09,-5.09,-0.52,-0.16,0.71,467,423,308,341,361
3.38,-3.04,-3.04,-0.95,-0.06,0.48,467,423,307,341,361
3.10,-0.68,-0.68,-1.12,0.02,0.10,466,423,306,341,361
4.00,3.36,3.36,-1.10,0.01,-0.40,466,423,305,340,361
3.12,4.61,4.61,-0.97,0.32,-0.33,466,423,305,340,361
4.31,6.49,6.49,-0.78,0.24,-0.76,466,423,305,340,361
4.92,8.02,8.02,-0.58,0.36,-0.74,467,423,307,340,361
7.42,10.20,10.20,-0.17,0.33,-0.69,466,423,309,341,362
7.19,9.53,9.53,0.25,0.32,-0.50,467,423,313,341,362
8.44,7.79,7.79,0.63,0.32,-0.16,467,423,315,342,363
8.66,5.57,5.57,0.85,0.14,0.03,467,423,315,343,363
8.38,4.19,4.19,0.99,0.01,0.36,466,423,314,342,363
6.67,2.91,2.91,0.89,-0.03,0.56,466,423,312,342,362
END
6.14,1.44,1.44,0.97,-0.13,0.48,464,422,306,340,361
5.64,-0.95,-0.95,0.02,-0.01,-0.03,464,422,306,340,360
5.66,-1.00,-1.00,0.05,0.00,-0.03,464,422,306,340,360
5.69,-1.11,-1.11,0.05,-0.00,-0.04,464,422,306,340,361
5.76,-0.94,-0.94,0.04,0.00,-0.04,464,422,306,340,361
5.60,-1.03,-1.03,0.05,0.00,-0.05,465,422,306,340,361
5.74,-1.21,-1.21,0.03,0.00,-0.04,464,422,306,340,360
6.77,-2.56,-2.56,-0.01,0.00,0.03,464,422,306,340,360
6.02,-4.23,-4.23,-0.18,0.05,0.16,464,421,306,340,360
6.78,-3.09,-3.09,-0.59,-0.04,0.15,464,421,306,340,361
5.02,-1.41,-1.41,-1.00,0.09,0.44,464,421,306,340,360
4.48,0.19,0.19,-0.97,-0.02,0.09,464,421,305,340,360
3.85,3.45,3.45,-1.03,-0.03,-0.31,464,421,304,339,360
2.10,7.29,7.29,-0.81,0.27,-0.65,464,422,304,339,360
4.92,7.97,7.97,-0.59,0.25,-0.75,464,422,304,340,360
7.12,11.39,11.39,-0.01,0.37,-0.77,465,422,307,340,361
8.25,9.58,9.58,0.71,0.50,-0.23,465,422,311,342,362
7.38,7.70,7.70,1.06,0.44,-0.02,466,422,313,343,362
8.42,3.17,3.17,1.32,0.30,0.06,465,422,313,343,362
9.12,0.73,0.73,1.22,0.17,0.48,465,421,313,343,362
6.70,-2.12,-2.12,1.11,-0.02,0.50,464,421,312,343,361
6.27,-4.99,-4.99,0.65,-0.23,0.37,464,421,310,342,360
4.53,-6.07,-6.07,-0.25,-0.09,0.53,463,421,309,341,360
4.34,-3.93,-3.93,-0.90,-0.10,0.75,462,421,318,341,359
3.67,-1.27,-1.27,-1.35,-0.21,0.15,462,421,312,340,360
5.77,3.11,3.11,-1.15,-0.29,-0.12,463,420,310,340,360
0.57,4.39,4.39,-0.65,0.15,-0.17,464,421,309,341,359
-1.26,5.59,5.59,-0.18,0.42,-1.08,464,421,310,341,358
8.48,7.09,7.09,-0.99,0.53,-1.03,463,420,312,341,362
11.89,9.22,9.22,-0.28,1.09,-0.50,463,421,319,344,364
7.84,10.49,10.49,0.35,0.69,-0.29,463,420,320,345,363
8.41,7.99,7.99,0.69,0.17,-0.23,463,420,320,345,363
9.35,5.44,5.44,1.27,0.10,0.10,463,421,318,345,363
7.63,2.20,2.20,1.29,-0.09,0.36,463,420,315,343,363
8.15,-0.47,-0.47,0.93,-0.27,0.55,462,420,311,342,362
END
7.17,-1.64,-1.64,0.48,-0.35,0.60,461,419,308,342,360
5.86,-0.57,-0.57,0.04,-0.02,-0.03,461,419,308,342,360
5.56,-0.85,-0.85,0.06,0.01,-0.03,460,419,308,342,360
5.74,-0.69,-0.69,0.06,0.00,-0.04,460,419,308,342,360
5.72,-0.68,-0.68,0.04,0.00,-0.03,460,419,308,342,360
5.53,-0.52,-0.52,0.05,0.01,-0.04,460,419,308,342,360
5.76,-1.12,-1.12,0.09,0.02,-0.06,460,419,308,342,360
7.26,-3.13,-3.13,0.00,0.03,0.09,460,419,308,342,360
6.75,-4.55,-4.55,-0.48,0.00,0.29,460,419,308,341,360
5.71,-2.76,-2.76,-0.89,-0.16,0.26,460,419,307,341,360
4.41,-0.47,-0.47,-1.24,-0.18,0.29,460,419,305,340,360
4.38,2.84,2.84,-0.96,-0.01,-0.21,460,419,304,340,359
2.74,4.44,4.44,-0.84,0.24,-0.19,460,419,302,339,359
4.92,6.58,6.58,-0.88,-0.00,-0.52,460,419,302,339,359
4.80,10.12,10.12,-0.12,0.26,-0.85,461,419,303,339,359
6.03,9.76,9.76,0.35,0.31,-0.54,462,419,307,340,362
5.95,7.40,7.40,0.67,0.51,-0.05,463,419,312,341,362
6.91,6.04,6.04,1.07,0.45,-0.13,464,420,316,342,363
8.24,4.55,4.55,1.15,0.35,0.06,463,419,316,343,364
9.34,0.36,0.36,1.22,0.21,0.39,462,419,316,344,364
10.89,-3.27,-3.27,0.83,-0.02,0.67,462,419,314,344,363
7.26,-4.62,-4.62,0.32,-0.22,0.74,461,419,312,343,362
5.23,-4.26,-4.26,-0.25,-0.27,0.78,461,419,309,342,361
2.75,-3.74,-3.74,-0.69,-0.07,0.46,461,419,306,341,360
3.50,-1.77,-1.77,-1.09,-0.16,0.16,460,419,304,340,360
4.11,1.61,1.61,-1.17,-0.07,-0.35,460,418,303,340,360
2.02,4.60,4.60,-1.07,0.28,-0.49,460,418,303,339,359
3.86,8.12,8.12,-0.86,0.01,-0.56,460,418,303,339,360
5.58,9.55,9.55,-0.48,0.02,-0.63,461,418,303,339,360
6.25,7.84,7.84,0.09,0.25,-0.31,461,418,304,339,361
6.11,7.59,7.59,0.52,0.21,-0.29,462,418,305,340,361
6.92,5.76,5.76,0.75,0.38,-0.09,462,418,307,340,361
7.06,3.90,3.90,1.03,0.35,-0.00,462,418,308,340,361
7.47,1.87,1.87,0.98,0.18,0.18,461,418,309,341,362
7.44,0.67,0.67,0.96,0.09,0.26,461,418,309,341,362
END
6.56,-0.50,-0.50,0.76,-0.03,0.34,458,417,309,347,360
6.18,-1.36,-1.36,0.02,-0.02,-0.03,458,417,310,347,360
5.93,-1.26,-1.26,0.02,-0.00,-0.03,458,417,310,347,360
5.82,-1.31,-1.31,0.03,-0.01,-0.02,458,417,309,347,360
5.94,-1.44,-1.44,0.03,-0.02,-0.04,458,417,309,346,360
5.97,-1.06,-1.06,0.04,0.01,-0.02,458,417,310,346,360
6.55,-2.44,-2.44,0.08,0.04,-0.01,458,417,309,345,360
7.71,-3.52,-3.52,-0.07,0.02,0.14,458,417,309,344,360
5.64,-4.52,-4.52,-0.34,0.07,0.28,458,417,309,344,360
6.08,-2.99,-2.99,-0.74,0.00,0.33,458,417,309,343,360
5.04,-2.01,-2.01,-1.15,0.01,0.29,458,417,307,342,359
4.57,0.70,0.70,-1.20,-0.16,-0.01,458,417,305,342,359
3.68,4.53,4.53,-1.05,0.07,-0.45,457,416,304,341,359
2.77,6.57,6.57,-0.68,0.29,-0.65,458,416,304,341,359
5.11,7.71,7.71,-0.33,0.21,-0.75,458,416,305,341,359
6.96,8.59,8.59,0.07,0.36,-0.58,458,416,306,341,361
7.03,7.80,7.80,0.40,0.37,-0.39,459,416,309,342,361
6.96,7.52,7.52,0.87,0.47,-0.15,460,417,312,344,362
8.31,5.31,5.31,1.10,0.36,-0.05,460,417,313,345,363
10.32,2.30,2.30,1.18,0.19,0.30,459,417,315,346,364
9.40,-0.73,-0.73,1.09,0.01,0.60,459,417,314,345,363
7.41,-4.03,-4.03,0.48,-0.19,0.81,458,416,312,345,362
5.64,-6.18,-6.18,-0.07,-0.23,0.88,458,416,310,344,361
2.32,-4.83,-4.83,-0.76,-0.05,0.68,457,416,308,343,359
3.63,-1.88,-1.88,-1.10,-0.12,0.14,457,416,306,342,359
3.63,2.11,2.11,-1.17,-0.04,-0.37,457,416,305,341,359
2.57,5.13,5.13,-1.20,0.19,-0.24,457,416,304,341,359
4.31,7.24,7.24,-0.77,0.00,-0.68,457,416,304,341,359
5.71,9.39,9.39,-0.54,0.16,-0.53,457,416,304,340,359
6.37,8.07,8.07,0.01,0.31,-0.43,457,416,305,341,359
7.24,7.47,7.47,0.32,0.20,-0.40,457,416,306,341,360
6.96,6.29,6.29,0.65,0.30,-0.25,458,416,308,341,360
7.25,5.30,5.30,0.89,0.24,-0.10,458,416,312,343,360
7.93,3.43,3.43,0.93,0.27,0.17,458,416,313,344,361
7.27,2.37,2.37,0.96,0.06,0.19,458,416,313,344,361
END
6.51,0.90,0.90,0.72,-0.05,0.36,455,415,307,343,358
5.57,-1.00,-1.00,0.03,0.01,-0.01,455,415,307,343,358
5.30,-1.04,-1.04,0.03,0.01,-0.01,455,415,307,343,358
5.56,-0.87,-0.87,0.04,-0.00,-0.03,455,415,307,343,358
5.76,-0.76,-0.76,0.04,0.01,-0.04,455,415,307,343,358
5.78,-1.14,-1.14,0.05,0.01,-0.05,455,415,307,343,358
6.54,-1.79,-1.79,0.07,0.02,-0.00,455,415,307,343,358
6.40,-2.90,-2.90,0.06,0.13,0.22,455,415,308,343,358
4.91,-3.97,-3.97,-0.32,0.17,0.21,455,415,309,344,358
5.94,-3.60,-3.60,-0.66,0.21,0.26,455,415,308,343,358
5.92,-1.80,-1.80,-1.20,0.05,0.29,455,415,306,342,358
5.40,1.85,1.85,-1.07,-0.03,-0.18,455,415,304,341,358
3.74,4.43,4.43,-1.14,-0.03,-0.17,455,415,303,341,358
3.93,6.69,6.69,-0.51,0.05,-0.72,455,415,304,340,357
3.29,6.85,6.85,-0.41,0.42,-0.45,455,415,304,341,357
6.07,7.84,7.84,-0.18,0.26,-0.65,456,415,305,341,358
7.03,9.32,9.32,0.26,0.36,-0.44,456,415,308,343,360
7.56,8.10,8.10,1.11,0.48,-0.32,457,416,320,348,361
8.76,5.73,5.73,1.24,0.44,-0.14,458,416,322,350,362
8.64,1.55,1.55,1.09,0.23,0.17,457,416,322,350,362
9.03,0.53,0.53,0.96,-0.01,0.31,456,415,319,349,361
8.89,-2.46,-2.46,0.61,-0.13,0.68,456,415,316,345,361
7.03,-4.29,-4.29,-0.05,-0.43,0.82,455,415,312,344,360
5.41,-4.65,-4.65,-0.53,-0.28,0.93,455,415,310,343,359
3.14,-1.97,-1.97,-0.83,-0.21,0.50,455,415,308,343,358
1.67,-0.01,-0.01,-0.94,0.04,0.33,455,415,306,342,358
3.95,1.73,1.73,-1.11,0.09,-0.02,455,415,305,342,358
3.68,5.27,5.27,-0.96,0.27,-0.65,455,415,304,341,358
4.11,7.66,7.66,-0.79,0.24,-0.68,455,415,304,341,358
5.56,10.06,10.06,-0.22,0.08,-0.88,455,415,305,341,358
6.33,9.27,9.27,0.12,0.18,-0.52,455,415,311,343,359
6.19,7.59,7.59,0.41,0.33,-0.25,455,415,314,343,359
7.73,5.92,5.92,0.66,0.26,-0.08,455,414,315,344,360
7.82,4.68,4.68,0.75,0.08,-0.00,455,414,315,344,360
7.11,3.69,3.69,0.83,0.05,0.23,455,414,315,344,360
END
6.32,2.35,2.35,0.83,-0.03,0.36,453,414,306,342,358
5.59,-0.92,-0.92,0.00,0.00,0.03,453,414,307,343,358
5.52,-0.53,-0.53,-0.15,-0.07,0.05,453,414,307,343,358
5.59,-0.88,-0.88,0.11,0.04,-0.03,453,414,307,343,358
6.07,-1.44,-1.44,0.09,0.06,0.04,453,414,307,343,358
6.41,-1.74,-1.74,0.12,0.06,0.04,453,414,307,344,358
6.58,-3.27,-3.27,0.09,0.11,0.15,453,414,308,343,358
5.99,-4.68,-4.68,-0.41,0.07,0.24,453,414,309,343,358
5.13,-3.01,-3.01,-1.29,-0.17,0.37,453,414,307,341,357
3.19,0.43,0.43,-1.40,-0.01,0.13,453,414,304,341,357
3.68,2.35,2.35,-1.23,0.10,-0.13,453,414,302,340,357
4.01,6.32,6.32,-0.99,0.22,-0.53,453,414,301,339,357
4.65,8.99,8.99,-0.77,0.14,-0.76,453,414,301,339,357
6.30,11.33,11.33,-0.06,0.21,-0.86,453,415,302,340,357
5.35,8.90,8.90,0.25,0.46,-0.41,454,415,305,341,357
7.02,8.70,8.70,0.91,0.53,-0.25,455,415,310,344,359
7.52,5.74,5.74,1.20,0.58,-0.14,456,415,312,346,359
9.71,3.91,3.91,1.21,0.36,0.19,456,415,312,346,360
9.02,0.39,0.39,1.13,0.14,0.63,455,415,311,345,360
8.08,-3.85,-3.85,0.82,-0.13,0.77,454,415,310,343,359
6.55,-4.54,-4.54,0.20,-0.34,0.80,454,415,308,342,358
3.67,-3.91,-3.91,-0.47,-0.22,0.85,453,414,307,342,357
2.91,-3.21,-3.21,-0.71,-0.16,0.49,453,414,305,342,356
2.76,-0.70,-0.70,-0.97,-0.03,0.05,453,414,304,341,356
3.18,2.63,2.63,-1.22,0.19,-0.03,453,414,304,341,356
3.76,4.72,4.72,-0.83,0.24,-0.70,453,415,303,341,356
4.81,8.31,8.31,-0.86,0.25,-0.73,453,415,303,341,356
5.90,9.90,9.90,-0.45,0.11,-0.57,453,415,303,341,356
6.43,9.17,9.17,0.10,0.14,-0.66,454,415,304,341,357
7.20,7.40,7.40,0.56,0.24,-0.31,454,414,306,342,357
7.57,6.95,6.95,0.91,0.24,-0.07,455,415,308,342,358
8.05,4.49,4.49,1.26,0.15,0.07,454,415,309,343,359
6.24,2.37,2.37,1.11,0.13,0.35,454,415,309,343,358
6.02,0.43,0.43,0.93,0.07,0.40,453,415,309,343,358
6.02,-1.26,-1.26,0.73,0.01,0.36,453,415,307,343,357
END
4.87,-2.38,-2.38,0.39,-0.10,0.32,452,413,306,342,356
4.86,3.57,3.57,-0.16,-0.09,-0.23,452,413,306,342,356
5.88,3.54,3.54,-0.07,-0.06,-0.23,452,413,307,342,356
6.88,4.88,4.88,0.31,0.00,-0.17,452,413,310,342,356
5.84,3.91,3.91,0.73,0.06,-0.16,453,414,318,345,356
5.76,0.97,0.97,0.98,0.21,-0.08,454,414,321,347,356
6.62,-0.86,-0.86,0.87,0.32,0.08,454,414,320,348,356
7.75,-3.68,-3.68,0.53,0.09,0.13,453,414,315,347,356
8.75,-7.31,-7.31,-0.03,-0.05,0.38,453,413,311,344,356
5.84,-6.48,-6.48,-0.92,-0.18,0.47,452,413,308,343,356
3.82,-2.77,-2.77,-1.66,-0.24,0.31,452,413,304,341,355
3.67,0.78,0.78,-1.56,-0.08,-0.15,452,413,302,340,355
2.66,6.87,6.87,-1.06,0.26,-0.77,451,413,301,339,355
3.48,10.54,10.54,-0.65,0.19,-0.92,451,414,303,340,355
4.26,11.36,11.36,-0.18,0.09,-0.81,452,413,314,341,356
5.05,10.02,10.02,0.61,0.54,-0.44,453,414,324,346,356
6.32,8.31,8.31,1.08,0.64,-0.24,454,414,326,349,358
8.59,5.16,5.16,1.14,0.41,-0.14,454,414,324,350,359
9.93,2.61,2.61,1.29,0.39,0.18,453,414,321,349,360
9.83,-0.73,-0.73,1.00,0.08,0.54,452,413,316,347,359
7.55,-3.33,-3.33,0.60,-0.20,0.64,452,414,311,345,358
5.29,-5.61,-5.61,-0.20,-0.25,0.76,451,413,307,343,356
3.83,-4.51,-4.51,-0.95,-0.12,0.80,451,413,305,341,356
2.84,-2.59,-2.59,-1.30,-0.15,0.34,451,413,303,340,355
4.01,1.36,1.36,-1.34,-0.02,-0.17,450,413,302,340,355
4.66,7.49,7.49,-1.28,0.08,-0.75,450,412,301,339,355
5.42,11.28,11.28,-0.54,0.17,-0.86,449,413,301,339,355
6.68,11.31,11.31,-0.10,0.03,-0.69,450,413,303,339,356
6.36,8.27,8.27,0.35,0.18,-0.19,451,413,304,340,357
5.84,7.44,7.44,0.04,-0.06,0.19,453,412,307,341,357
6.43,6.15,6.15,0.81,0.07,-0.03,454,412,310,342,352
6.27,4.09,4.09,0.96,0.03,-0.01,455,412,309,342,350
6.42,2.82,2.82,1.07,0.01,0.13,458,412,309,342,350
5.17,0.85,0.85,1.05,-0.02,0.19,459,412,309,341,352
4.11,-0.83,-0.83,0.89,0.06,0.13,460,412,308,340,358
END
5.00,-2.18,-2.18,0.74,0.01,-0.01,455,410,305,341,361
5.48,-0.73,-0.73,0.04,0.01,-0.02,454,410,305,340,361
5.18,-1.03,-1.03,0.04,0.00,-0.02,454,410,305,340,361
5.10,-0.83,-0.83,0.03,0.01,-0.00,454,410,305,340,361
5.19,-1.16,-1.16,0.04,0.01,-0.01,454,410,305,341,361
5.74,-0.75,-0.75,0.08,0.00,-0.04,454,410,305,341,361
6.27,-1.87,-1.87,0.08,0.01,0.03,454,410,305,341,361
6.68,-2.66,-2.66,0.10,0.05,0.16,454,410,306,340,361
5.57,-4.93,-4.93,-0.13,-0.08,0.01,455,411,314,342,361
4.72,-3.27,-3.27,-0.72,0.08,0.35,456,410,317,344,362
4.31,-1.22,-1.22,-1.12,-0.02,0.31,455,410,310,342,362
4.40,1.54,1.54,-1.09,-0.11,-0.20,454,410,305,340,361
2.12,5.37,5.37,-1.17,0.33,0.23,454,410,304,340,361
3.65,6.21,6.21,-0.82,0.10,-0.54,454,411,304,340,360
4.31,8.36,8.36,-0.49,0.29,-0.69,454,411,304,339,360
5.88,8.99,8.99,-0.06,0.40,-0.74,454,411,305,340,361
7.37,9.93,9.93,0.51,0.60,-0.43,456,411,310,343,364
9.29,5.59,5.59,1.18,0.82,0.17,456,412,313,345,365
9.38,3.36,3.36,1.36,0.50,0.17,456,412,313,346,364
9.53,1.00,1.00,1.14,-0.11,0.26,455,411,313,346,364
8.04,-1.06,-1.06,0.85,-0.32,0.49,455,411,312,344,363
6.00,-2.96,-2.96,0.52,-0.28,0.64,454,411,310,343,362
3.87,-5.15,-5.15,-0.16,-0.35,0.59,454,411,308,342,360
3.09,-5.09,-5.09,-0.59,0.07,0.53,453,410,308,341,359
2.99,-3.30,-3.30,-1.21,-0.02,0.15,453,410,307,341,359
3.85,0.19,0.19,-1.75,-0.11,-0.18,453,410,306,341,359
4.26,5.48,5.48,-1.76,-0.03,-0.58,453,410,304,341,359
3.93,9.89,9.89,-1.03,0.23,-0.91,454,410,304,340,359
5.47,15.91,15.91,0.56,0.37,-1.31,460,412,309,341,362
6.12,9.66,9.66,0.65,0.36,-0.33,460,413,316,342,363
6.55,7.10,7.10,0.91,0.54,-0.02,460,413,316,343,363
7.29,4.68,4.68,1.09,0.21,0.02,459,412,316,344,363
7.01,2.86,2.86,1.01,0.08,0.28,457,412,315,344,362
6.64,1.80,1.80,0.83,-0.03,0.47,456,411,312,344,361
5.26,-0.14,-0.14,0.79,-0.03,0.43,455,411,309,343,361
END
3.75,-0.79,-0.79,0.19,-0.09,0.59,450,409,305,339,358
5.22,-0.72,-0.72,0.03,0.01,-0.01,450,409,305,339,358
5.35,-0.42,-0.42,0.06,0.01,-0.04,450,409,306,341,358
5.68,-0.60,-0.60,0.06,-0.00,-0.05,450,409,306,341,358
5.43,-0.71,-0.71,0.03,-0.01,-0.04,450,409,306,341,358
5.20,-0.52,-0.52,0.02,0.01,-0.01,450,409,306,341,358
5.41,-0.77,-0.77,0.05,0.00,-0.02,450,409,306,341,358
6.87,-2.46,-2.46,0.07,0.04,0.08,450,409,306,341,358
6.22,-3.60,-3.60,-0.00,0.11,0.28,450,409,306,341,358
4.71,-4.08,-4.08,-0.52,0.02,0.14,451,409,307,341,358
5.61,-2.53,-2.53,-1.34,-0.21,0.41,450,409,306,342,358
3.68,0.61,0.61,-1.36,-0.04,0.03,449,409,305,341,358
2.53,4.39,4.39,-1.31,0.25,0.10,449,409,303,340,358
3.82,8.42,8.42,-0.94,0.17,-0.59,449,409,303,340,358
3.67,11.64,11.64,-0.22,0.49,-1.02,449,409,304,340,358
6.25,9.19,9.19,0.10,0.42,-0.54,449,410,310,343,360
6.42,7.87,7.87,0.44,0.53,-0.38,450,410,317,346,361
7.79,7.44,7.44,0.89,0.43,-0.31,451,410,318,346,361
8.10,5.89,5.89,1.11,0.36,0.06,451,410,317,347,361
8.89,4.24,4.24,1.27,0.17,0.25,450,410,317,347,361
7.59,0.98,0.98,1.20,0.09,0.63,450,410,316,347,361
6.75,-2.43,-2.43,0.78,-0.14,0.80,449,410,312,345,360
5.71,-5.48,-5.48,0.11,-0.30,0.72,449,409,308,344,358
5.09,-6.32,-6.32,-0.33,-0.16,0.68,448,409,306,343,358
4.17,-3.73,-3.73,-1.03,-0.16,0.46,448,409,305,342,358
2.25,-0.19,-0.19,-1.20,-0.04,0.04,448,409,304,341,358
4.34,3.33,3.33,-1.26,0.02,-0.14,448,409,302,341,358
2.81,6.80,6.80,-0.95,0.47,-0.59,447,409,303,340,358
5.69,8.27,8.27,-1.35,0.06,-0.41,446,409,303,340,359
5.72,10.24,10.24,-0.42,0.52,-0.67,446,409,303,340,358
7.37,9.96,9.96,0.26,0.38,-0.72,446,409,304,341,359
7.24,10.06,10.06,0.56,0.31,-0.37,447,409,305,342,359
7.06,8.72,8.72,0.76,0.20,-0.17,448,409,308,343,360
7.03,5.94,5.94,1.20,0.22,0.03,448,409,309,343,360
6.97,3.43,3.43,1.15,0.18,0.26,448,409,310,344,360
END
7.11,2.00,2.00,1.11,0.03,0.21,446,409,305,340,358
5.26,-0.89,-0.89,0.07,0.01,-0.03,446,409,305,340,358
5.41,-1.25,-1.25,0.04,0.01,-0.05,446,409,305,340,358
5.66,-1.01,-1.01,0.05,0.01,-0.04,446,409,305,340,358
5.41,-1.22,-1.22,0.04,0.01,-0.03,446,408,305,340,358
7.49,-2.86,-2.86,0.07,0.02,-0.04,446,409,305,341,358
7.23,-2.88,-2.88,0.04,0.14,0.38,447,409,309,343,358
5.02,-5.33,-5.33,0.06,0.35,0.42,449,409,314,344,358
4.35,-5.15,-5.15,-1.14,0.17,0.56,448,409,310,342,357
3.63,-0.50,-0.50,-1.81,-0.18,0.13,447,409,304,341,357
2.89,4.22,4.22,-1.37,0.06,-0.43,447,409,303,340,357
2.45,8.38,8.38,-1.05,0.19,-0.54,447,409,303,339,357
3.65,9.64,9.64,-0.58,0.18,-0.83,447,409,303,340,357
5.43,9.74,9.74,-0.18,0.46,-0.67,448,409,304,340,358
7.31,8.75,8.75,0.15,0.41,-0.52,448,409,308,341,359
7.93,8.28,8.28,0.66,0.57,-0.35,448,409,310,343,360
7.87,8.10,8.10,0.95,0.44,-0.10,448,409,310,343,360
9.37,4.62,4.62,1.17,0.26,0.16,448,409,309,343,360
8.59,1.94,1.94,1.23,0.17,0.53,447,409,310,343,361
7.60,-2.96,-2.96,0.66,-0.10,0.88,447,409,309,342,360
5.36,-4.86,-4.86,0.17,-0.38,0.69,447,409,308,342,359
4.96,-4.87,-4.87,-0.39,-0.35,0.72,447,409,306,340,359
3.07,-2.90,-2.90,-0.96,-0.12,0.51,446,409,304,340,358
3.85,1.51,1.51,-1.17,-0.20,-0.21,446,409,303,339,358
4.00,4.95,4.95,-1.30,-0.02,-0.33,446,408,302,338,358
4.58,7.93,7.93,-0.90,-0.02,-0.63,446,409,301,338,357
5.02,9.35,9.35,-0.24,0.31,-0.93,446,409,301,338,356
5.09,9.37,9.37,-0.21,0.18,-0.42,445,409,301,338,356
4.68,8.82,8.82,0.42,0.33,-0.35,446,409,303,339,356
6.32,6.99,6.99,0.82,0.36,-0.30,447,409,305,339,357
6.71,6.67,6.67,0.80,0.26,-0.11,448,409,306,340,358
7.54,4.40,4.40,1.16,0.16,-0.06,448,409,308,341,359
6.13,2.46,2.46,1.09,0.17,0.29,448,409,308,341,359
6.61,0.75,0.75,1.03,0.01,0.38,448,409,307,342,359
4.95,-1.02,-1.02,0.90,0.01,0.38,448,409,307,341,359
END
4.66,-2.03,-2.03,0.43,0.08,0.47,445,408,305,343,357
5.86,-1.84,-1.84,0.09,-0.01,-0.10,445,408,305,342,356
6.25,-2.17,-2.17,0.01,0.01,0.01,445,408,304,342,357
6.07,-1.21,-1.21,-0.05,-0.00,0.14,445,408,306,342,357
4.35,-0.67,-0.67,0.04,0.05,0.10,445,408,307,342,357
4.44,-1.46,-1.46,0.16,0.06,-0.08,445,408,306,342,357
6.40,-2.71,-2.71,0.17,0.02,-0.12,445,408,306,342,357
7.29,-4.60,-4.60,0.16,0.09,0.07,446,408,309,342,357
5.75,-5.94,-5.94,-1.30,-0.16,0.79,446,408,320,349,357
4.06,-2.73,-2.73,-1.25,-0.11,0.35,446,408,316,350,358
3.10,-0.55,-0.55,-1.00,0.37,0.16,445,408,306,343,358
3.63,2.00,2.00,-1.19,0.06,-0.25,446,407,304,340,357
3.06,6.61,6.61,-1.11,0.14,-0.66,445,407,303,339,357
3.00,10.82,10.82,-0.69,0.22,-1.05,446,408,303,339,357
5.50,12.38,12.38,-0.38,0.29,-0.76,446,408,304,339,357
6.15,10.69,10.69,0.26,0.40,-0.47,447,408,311,341,359
6.02,9.46,9.46,0.69,0.44,-0.27,449,409,315,345,361
7.74,7.76,7.76,0.97,0.26,-0.28,449,409,316,345,362
9.22,4.94,4.94,1.41,0.26,-0.09,449,409,317,346,362
8.68,2.02,2.02,1.32,0.42,0.55,448,409,316,347,362
8.10,-2.78,-2.78,0.87,0.07,0.89,447,408,314,346,362
5.48,-5.43,-5.43,0.29,-0.22,0.81,447,408,310,345,360
5.51,-5.16,-5.16,-0.40,-0.27,0.91,446,408,308,344,360
2.33,-3.58,-3.58,-1.00,0.01,0.57,446,408,305,342,359
2.56,0.11,0.11,-1.34,-0.11,0.08,446,408,304,341,359
2.30,3.64,3.64,-1.42,0.09,-0.24,446,408,302,340,359
1.97,8.39,8.39,-1.23,-0.09,-0.98,446,408,302,339,359
4.79,10.90,10.90,-0.67,-0.24,-1.33,447,408,302,339,359
5.18,11.91,11.91,-0.24,0.20,-0.40,447,409,302,338,359
4.50,9.80,9.80,0.34,0.36,-0.02,448,409,305,339,359
4.84,7.65,7.65,0.96,0.52,-0.11,449,409,310,341,360
6.31,5.51,5.51,0.84,0.26,-0.05,449,409,313,342,361
6.12,3.49,3.49,1.06,0.27,0.09,449,409,312,343,361
6.41,2.35,2.35,0.84,0.10,0.28,448,409,311,343,361
6.51,1.82,1.82,0.80,-0.00,0.34,447,409,308,342,361
END
5.35,0.16,0.16,0.84,0.15,0.48,444,407,303,342,359
5.69,-1.47,-1.47,0.04,0.01,-0.03,444,407,304,342,359
5.38,-1.18,-1.18,0.02,0.00,-0.01,444,407,304,342,359
5.93,-1.26,-1.26,0.03,0.01,-0.01,444,407,304,342,359
5.18,-1.32,-1.32,0.02,0.03,0.06,444,407,304,342,359
5.32,-1.23,-1.23,0.03,0.01,-0.03,444,407,305,342,359
6.75,-2.43,-2.43,-0.01,0.03,0.07,444,407,305,342,359
6.92,-3.08,-3.08,-0.18,0.00,0.26,444,407,308,342,359
3.41,-4.18,-4.18,-0.70,-0.00,0.36,444,407,308,341,359
5.03,-2.64,-2.64,-1.28,-0.18,0.25,444,407,306,340,360
3.78,0.06,0.06,-1.26,0.17,0.02,443,407,303,339,359
3.39,2.53,2.53,-1.30,0.34,0.13,443,406,301,338,358
3.97,5.62,5.62,-0.91,0.43,-0.47,441,406,300,337,356
3.68,10.94,10.94,-0.56,0.30,-1.10,441,407,300,337,356
6.24,12.34,12.34,-0.33,0.03,-0.88,441,407,300,337,357
6.10,10.15,10.15,0.58,0.44,-0.51,444,408,303,339,357
7.03,8.97,8.97,0.77,0.32,-0.33,446,408,305,340,359
9.22,6.92,6.92,1.23,0.42,0.27,447,408,309,342,360
7.93,3.96,3.96,1.49,0.23,0.28,447,408,312,344,360
7.88,0.81,0.81,1.36,0.20,0.70,446,407,313,345,360
5.95,-2.56,-2.56,1.11,-0.09,0.63,445,407,312,344,359
5.38,-5.32,-5.32,0.40,-0.19,0.59,445,407,309,343,358
3.92,-6.27,-6.27,-0.39,-0.07,0.71,445,406,308,342,359
4.09,-4.01,-4.01,-0.78,-0.17,0.41,444,406,306,341,359
2.99,-1.43,-1.43,-1.30,-0.12,0.11,444,406,304,340,358
2.96,2.85,2.85,-1.07,0.11,-0.22,442,406,302,339,357
4.63,5.96,5.96,-1.21,-0.07,-0.32,441,406,301,339,356
2.35,8.82,8.82,-0.73,0.24,-1.03,441,406,301,338,355
5.25,9.24,9.24,-0.61,-0.02,-0.52,441,406,302,339,355
4.69,9.28,9.28,0.01,0.28,-0.50,441,407,302,339,355
5.53,9.06,9.06,0.29,0.15,-0.45,442,407,304,340,356
6.26,6.50,6.50,0.87,0.25,-0.40,443,407,305,341,356
7.04,5.79,5.79,1.04,-0.03,-0.39,443,407,306,341,356
6.97,3.09,3.09,1.38,0.30,0.05,442,407,307,341,356
4.84,1.39,1.39,1.11,0.42,0.45,442,407,307,341,356
END
5.08,0.12,0.12,0.93,0.23,0.40,440,405,303,341,357
5.43,-1.29,-1.29,0.02,0.01,0.00,440,405,303,341,357
5.23,-1.41,-1.41,0.04,0.00,-0.03,440,406,303,341,356
5.32,-1.37,-1.37,0.03,0.00,-0.02,440,406,303,341,357
5.32,-1.36,-1.36,0.03,0.00,-0.02,440,406,303,341,357
5.36,-1.37,-1.37,0.02,0.02,-0.00,440,406,303,341,357
5.43,-1.97,-1.97,0.04,0.01,-0.03,440,405,302,340,356
6.57,-2.79,-2.79,0.01,0.04,0.08,440,405,302,340,357
5.78,-4.67,-4.67,-0.12,0.09,0.20,442,405,304,341,357
4.37,-4.29,-4.29,-0.88,0.03,0.21,442,405,304,340,356
4.74,-2.25,-2.25,-1.51,-0.20,0.12,441,405,303,340,357
4.05,2.56,2.56,-1.66,-0.23,-0.19,441,405,303,339,357
1.95,6.02,6.02,-1.33,0.01,-0.17,440,405,302,338,357
2.88,9.12,9.12,-0.86,-0.06,-0.73,440,405,301,338,356
3.76,11.41,11.41,-0.37,0.12,-0.53,441,405,303,339,357
3.96,9.29,9.29,0.13,0.45,-0.32,442,406,305,339,358
4.78,9.12,9.12,0.78,0.55,-0.26,442,406,311,341,359
6.05,6.49,6.49,0.96,0.55,-0.17,443,406,313,345,360
8.38,4.62,4.62,1.31,0.32,-0.11,444,406,315,346,361
9.27,2.38,2.38,1.17,0.27,0.46,443,406,315,346,362
8.15,-1.46,-1.46,1.05,0.07,0.58,442,406,312,345,361
6.37,-4.04,-4.04,0.31,-0.11,0.85,441,406,309,342,360
4.25,-4.87,-4.87,-0.14,-0.10,0.88,441,405,307,341,359
2.71,-3.91,-3.91,-0.89,-0.06,0.56,441,405,304,340,358
2.97,-0.30,-0.30,-1.42,-0.20,0.08,439,405,303,339,357
2.18,3.63,3.63,-1.40,0.05,-0.27,439,405,302,338,357
3.80,8.64,8.64,-1.07,-0.06,-0.57,438,405,302,338,358
3.90,10.27,10.27,-0.57,-0.02,-0.65,438,405,302,338,357
4.57,9.82,9.82,-0.17,0.05,-0.39,438,405,302,338,358
4.97,8.49,8.49,0.43,0.20,-0.35,439,405,303,339,358
4.96,7.38,7.38,0.80,0.24,-0.32,440,405,305,340,358
5.52,4.80,4.80,0.91,0.28,-0.15,441,405,307,341,358
6.50,3.66,3.66,1.05,0.24,-0.02,441,406,308,342,359
7.19,2.21,2.21,1.11,0.27,0.21,441,406,312,343,359
5.76,0.69,0.69,0.97,0.22,0.23,441,406,311,343,359
END
5.04,-0.75,-0.75,0.74,0.12,0.27,438,405,302,339,358
5.34,-1.36,-1.36,0.03,-0.00,-0.03,438,405,302,339,358
5.41,-1.16,-1.16,0.04,-0.00,-0.03,438,405,302,340,358
5.15,-1.47,-1.47,0.01,0.00,-0.01,438,405,302,340,358
5.81,-1.08,-1.08,0.02,-0.00,-0.05,438,405,302,339,357
5.24,-1.39,-1.39,0.05,0.01,-0.04,438,405,302,339,357
5.82,-1.82,-1.82,0.03,0.00,-0.02,438,404,302,339,357
5.92,-3.08,-3.08,-0.03,0.04,0.08,438,405,303,340,357
4.85,-4.65,-4.65,-0.37,0.06,0.09,439,405,307,340,358
5.43,-3.11,-3.11,-0.81,-0.01,0.04,439,405,306,339,358
5.35,-0.89,-0.89,-1.00,0.00,0.08,438,405,303,339,358
4.69,0.75,0.75,-1.47,-0.15,0.16,438,404,302,338,358
4.34,4.19,4.19,-1.40,-0.12,-0.21,437,404,301,338,357
2.27,7.40,7.40,-1.06,0.20,-0.50,437,404,302,338,357
2.63,9.22,9.22,-1.33,0.03,-0.59,436,403,301,337,357
5.15,12.59,12.59,-0.33,0.27,-0.66,436,403,304,338,358
5.02,11.17,11.17,0.35,0.43,-0.45,437,404,310,340,359
5.93,10.38,10.38,0.64,0.48,-0.10,438,404,312,342,362
6.60,7.42,7.42,0.97,0.43,-0.03,439,404,312,343,363
9.05,5.30,5.30,1.14,0.27,0.17,439,404,312,344,365
8.83,3.31,3.31,1.19,-0.01,0.42,438,404,311,344,366
6.70,0.12,0.12,1.06,-0.14,0.76,438,404,310,343,364
4.74,-2.78,-2.78,0.68,-0.22,0.74,438,404,308,342,363
4.83,-5.12,-5.12,0.22,-0.19,0.78,437,404,305,340,362
3.58,-4.84,-4.84,-0.48,-0.20,0.46,437,403,303,339,361
2.32,-2.12,-2.12,-1.10,-0.04,0.33,436,403,301,338,360
3.07,1.81,1.81,-1.36,-0.14,-0.20,436,403,300,337,359
3.15,6.93,6.93,-1.37,-0.06,-0.58,435,403,300,337,360
3.04,9.77,9.77,-0.84,0.10,-0.74,435,403,300,336,359
3.83,12.83,12.83,-0.24,0.02,-0.92,436,404,302,337,360
3.69,9.55,9.55,0.20,0.31,-0.35,438,404,304,338,360
5.38,7.54,7.54,0.65,0.31,-0.19,439,404,311,341,361
5.08,6.31,6.31,0.77,0.38,-0.14,440,404,314,342,362
7.02,4.51,4.51,0.94,0.20,0.07,439,404,313,343,362
6.63,3.25,3.25,0.96,0.09,0.19,439,404,311,342,362
END
6.84,1.67,1.67,1.00,0.14,0.50,435,403,303,344,360
5.18,-1.36,-1.36,0.03,-0.01,-0.05,435,402,303,344,360
5.36,-1.31,-1.31,0.04,-0.01,-0.05,435,403,303,344,360
5.33,-1.18,-1.18,0.03,-0.00,-0.04,435,403,303,343,360
5.12,-1.39,-1.39,0.03,-0.00,-0.04,435,403,303,343,360
5.27,-1.23,-1.23,0.04,0.00,-0.04,435,403,303,343,360
5.57,-1.79,-1.79,0.05,0.00,-0.06,435,403,303,343,360
6.22,-2.57,-2.57,0.06,-0.01,-0.03,435,403,304,343,360
5.17,-4.50,-4.50,0.01,0.11,0.10,436,403,306,342,360
5.50,-4.41,-4.41,-0.58,0.00,0.00,437,403,307,342,360
5.86,-2.21,-2.21,-1.16,-0.07,0.16,436,403,305,341,360
5.20,0.87,0.87,-1.37,-0.09,0.30,435,403,302,340,359
3.52,4.66,4.66,-1.14,0.09,-0.33,435,403,301,339,359
3.88,5.23,5.23,-1.18,0.03,-0.20,434,402,301,339,359
2.92,9.27,9.27,-0.65,0.25,-0.95,435,403,301,338,358
3.96,11.36,11.36,-0.35,0.17,-0.90,435,403,302,339,358
4.86,11.89,11.89,0.42,0.42,-0.48,436,403,304,340,359
6.40,10.62,10.62,0.73,0.39,-0.27,437,404,310,343,360
7.11,7.91,7.91,1.11,0.46,0.00,438,404,311,344,361
7.89,3.93,3.93,1.28,0.25,0.26,438,404,311,344,361
7.70,1.04,1.04,1.21,0.29,0.72,437,404,310,344,361
7.57,-3.13,-3.13,0.97,-0.03,0.79,436,403,309,343,361
4.61,-5.59,-5.59,0.16,-0.23,0.70,436,403,307,342,360
3.30,-5.28,-5.28,-0.68,-0.16,0.79,435,403,305,341,359
2.67,-2.46,-2.46,-1.12,-0.15,0.42,435,403,304,340,359
3.62,2.86,2.86,-1.20,-0.15,-0.37,434,402,303,339,359
1.68,6.43,6.43,-1.16,0.19,-0.34,434,402,302,339,358
2.68,8.59,8.59,-0.99,0.02,-0.53,434,403,302,339,358
3.93,11.35,11.35,-0.43,0.19,-0.83,435,403,304,339,359
5.56,12.11,12.11,0.20,0.56,-0.47,436,403,309,341,360
5.68,8.31,8.31,0.75,0.68,-0.24,437,404,313,343,361
7.49,5.41,5.41,0.99,0.43,-0.13,438,403,313,344,361
8.14,3.68,3.68,0.99,0.16,0.15,437,404,313,344,362
7.80,2.78,2.78,1.18,0.01,0.27,436,403,313,344,361
6.09,0.18,0.18,1.02,0.08,0.61,436,403,310,343,361
END
5.13,-1.19,-1.19,0.87,-0.08,0.34,434,402,306,341,358
5.02,-1.24,-1.24,0.01,-0.01,-0.04,434,402,306,341,359
5.02,-1.39,-1.39,0.00,-0.00,-0.02,434,402,306,341,359
5.11,-1.27,-1.27,0.02,-0.01,-0.03,434,403,306,341,360
5.00,-1.28,-1.28,0.03,0.00,-0.03,434,402,306,341,359
4.99,-1.59,-1.59,0.03,0.01,-0.03,434,403,306,341,359
5.79,-2.20,-2.20,0.03,0.03,-0.02,434,403,306,341,359
6.50,-3.53,-3.53,-0.04,0.03,0.08,434,403,306,341,360
4.39,-5.00,-5.00,-0.46,0.06,0.10,434,402,306,341,359
4.72,-4.03,-4.03,-1.17,0.09,0.34,434,402,305,340,359
4.70,0.09,0.09,-1.80,-0.16,0.05,433,402,303,340,359
3.40,5.18,5.18,-1.44,0.13,-0.30,433,401,301,339,358
1.63,8.57,8.57,-1.24,0.27,-0.49,432,401,300,338,358
3.22,11.06,11.06,-0.71,0.14,-0.99,432,402,301,338,357
4.79,13.28,13.28,0.07,0.49,-0.62,433,402,303,340,357
6.07,11.23,11.23,0.83,0.63,-0.24,434,403,310,342,358
7.44,7.38,7.38,1.23,0.48,-0.16,435,403,312,345,359
7.63,5.65,5.65,1.39,0.23,-0.03,436,403,313,347,360
10.29,1.20,1.20,1.52,0.11,0.37,436,403,313,347,361
6.43,-2.89,-2.89,0.95,0.19,0.99,435,403,312,346,359
4.54,-4.31,-4.31,0.04,-0.27,0.70,434,403,310,344,359
3.62,-3.90,-3.90,-0.91,-0.29,0.86,433,402,307,341,358
3.07,-2.11,-2.11,-1.26,-0.26,0.51,432,402,304,340,357
2.46,1.58,1.58,-1.56,-0.16,-0.05,431,401,302,339,357
3.12,4.87,4.87,-1.27,0.12,-0.15,430,401,301,338,357
3.65,8.90,8.90,-1.05,0.20,-0.36,427,400,300,337,356
3.46,11.18,11.18,-0.48,0.26,-0.81,427,400,300,336,355
5.60,11.87,11.87,0.12,0.19,-0.70,428,401,302,338,356
5.13,10.66,10.66,0.54,0.29,-0.29,431,402,304,340,358
5.74,8.06,8.06,1.01,0.25,-0.25,434,403,306,341,359
6.84,6.39,6.39,1.25,0.30,-0.10,435,403,308,341,361
7.33,3.64,3.64,1.31,0.20,0.07,436,403,308,342,363
6.73,1.45,1.45,1.08,0.12,0.32,436,403,307,342,362
5.71,0.79,0.79,0.81,0.06,0.49,436,403,306,342,362
4.64,-0.50,-0.50,0.77,0.10,0.50,436,402,305,340,362
END
4.59,-1.91,-1.91,0.46,-0.01,0.52,434,402,305,348,361
5.15,-1.55,-1.55,0.03,0.02,-0.03,434,402,306,348,361
5.47,-1.47,-1.47,0.03,-0.00,-0.06,434,402,306,348,361
5.33,-1.31,-1.31,0.01,0.00,-0.01,434,402,306,348,360
5.18,-1.48,-1.48,0.03,-0.00,-0.04,434,402,306,348,360
5.58,-1.44,-1.44,0.04,0.01,-0.04,434,402,306,347,360
6.59,-2.51,-2.51,0.03,0.03,0.08,434,402,306,347,360
6.35,-2.94,-2.94,-0.16,0.07,0.36,434,402,306,347,360
6.02,-4.64,-4.64,-0.31,0.10,0.38,434,402,310,348,360
4.11,-4.15,-4.15,-1.03,0.04,0.45,434,402,311,347,360
4.80,-2.10,-2.10,-1.65,-0.20,0.37,432,401,306,344,360
2.99,2.00,2.00,-1.61,0.03,0.01,430,400,301,341,359
3.35,3.96,3.96,-1.50,0.06,-0.17,428,400,300,339,358
3.38,8.97,8.97,-1.00,0.11,-0.60,427,400,299,338,358
4.29,10.81,10.81,-0.28,0.28,-1.20,429,401,300,338,357
4.44,11.61,11.61,-0.04,0.35,-0.58,429,401,301,339,358
4.28,12.15,12.15,0.99,0.53,-0.36,431,402,307,342,359
5.69,7.42,7.42,1.32,0.53,-0.33,434,403,314,345,361
7.80,5.54,5.54,1.36,0.48,0.07,434,402,314,347,362
8.57,2.27,2.27,1.22,0.33,0.45,433,402,313,347,362
8.73,-1.20,-1.20,1.28,0.05,0.50,432,402,311,346,362
6.39,-4.56,-4.56,0.42,0.03,1.00,431,402,308,344,360
3.85,-6.25,-6.25,-0.25,-0.19,0.78,431,401,305,342,359
3.21,-4.48,-4.48,-0.95,-0.13,0.60,430,401,303,340,358
2.31,-1.21,-1.21,-1.44,-0.03,0.18,429,400,301,339,358
3.26,2.70,2.70,-1.42,0.02,-0.16,427,400,300,338,358
4.08,7.72,7.72,-1.17,0.05,-0.68,426,400,300,338,357
4.14,8.86,8.86,-0.85,0.23,-0.35,426,399,300,338,357
3.79,10.55,10.55,-0.79,0.11,-0.58,425,399,301,338,358
6.14,10.77,10.77,-0.02,0.15,-0.62,425,399,302,339,359
5.73,9.99,9.99,0.70,0.29,-0.39,427,400,305,340,360
5.85,7.91,7.91,0.92,0.29,-0.20,429,401,309,341,362
8.97,5.97,5.97,1.18,0.29,-0.13,431,402,310,342,363
7.68,3.63,3.63,1.25,0.21,0.11,431,402,311,343,364
6.68,1.90,1.90,1.14,0.12,0.37,431,402,311,344,364
END
5.97,0.89,0.89,1.06,0.00,0.34,448,400,309,344,361
4.75,-1.91,-1.91,0.03,-0.08,0.08,448,400,308,343,360
4.93,-1.72,-1.72,-0.07,-0.06,0.03,448,400,308,343,360
5.13,-1.63,-1.63,-0.10,-0.04,0.04,448,400,308,343,360
5.09,-1.84,-1.84,-0.16,-0.08,-0.01,447,400,308,342,360
4.74,-1.38,-1.38,-0.21,-0.09,-0.01,447,400,307,342,360
5.75,-1.07,-1.07,-0.19,-0.07,-0.04,447,400,307,342,360
6.73,-2.80,-2.80,-0.07,-0.03,0.03,447,400,307,342,360
7.72,-4.47,-4.47,-0.15,0.04,0.32,446,401,307,342,360
5.51,-5.81,-5.81,-0.47,0.04,0.25,445,401,310,342,359
4.69,-3.47,-3.47,-1.63,-0.15,0.53,444,401,307,341,357
0.95,1.16,1.16,-1.85,-0.06,0.17,442,401,303,339,356
1.36,6.61,6.61,-1.78,-0.01,-0.25,437,400,300,338,356
2.51,12.70,12.70,-0.67,0.11,-1.26,436,401,300,337,356
3.84,12.86,12.86,-0.23,0.24,-0.80,436,402,301,338,358
4.27,10.40,10.40,0.18,0.52,-0.35,438,402,302,339,358
5.49,8.87,8.87,0.70,0.49,-0.30,439,402,305,340,360
6.45,6.85,6.85,1.28,0.65,-0.28,441,403,307,342,360
8.49,3.94,3.94,1.19,0.45,0.11,440,402,308,344,361
8.84,1.71,1.71,1.22,0.35,0.51,439,402,308,344,361
7.75,-1.67,-1.67,0.80,0.01,0.65,438,402,308,344,359
7.23,-4.19,-4.19,0.20,-0.33,0.80,437,402,306,343,359
4.58,-4.41,-4.41,-0.67,-0.31,0.96,437,402,304,341,357
1.54,-2.29,-2.29,-1.24,-0.11,0.50,435,401,302,340,356
3.22,1.35,1.35,-1.51,-0.28,0.11,434,401,301,339,356
3.77,4.94,4.94,-1.45,-0.02,-0.17,433,400,301,338,356
2.10,9.76,9.76,-0.83,0.21,-0.66,433,400,301,338,356
3.16,11.55,11.55,-0.48,0.02,-0.77,433,400,301,338,357
4.36,11.40,11.40,0.07,0.23,-0.40,434,401,302,339,357
4.98,9.02,9.02,0.55,0.36,-0.32,436,401,308,340,359
4.97,7.46,7.46,0.83,0.35,-0.24,437,401,309,341,359
6.01,4.77,4.77,1.03,0.28,-0.12,437,401,310,342,359
6.37,4.39,4.39,1.00,0.16,-0.01,437,401,310,343,359
6.70,2.80,2.80,1.04,0.11,0.19,436,401,310,343,359
5.32,1.61,1.61,1.05,0.21,0.26,436,400,309,342,359
END
4.85,0.04,0.04,0.84,0.15,0.26,434,400,309,344,357
5.46,-1.54,-1.54,0.00,-0.03,-0.05,434,400,309,344,357
5.71,-1.36,-1.36,0.01,-0.02,-0.05,434,400,308,344,357
5.61,-1.38,-1.38,0.02,-0.01,-0.06,434,400,308,344,357
5.54,-1.46,-1.46,0.02,-0.01,-0.02,434,400,308,344,357
5.26,-1.34,-1.34,0.04,-0.01,-0.04,434,400,308,343,357
5.49,-1.45,-1.45,0.14,0.01,-0.15,435,400,307,342,357
7.22,-3.22,-3.22,0.17,0.03,-0.08,435,400,307,341,357
6.83,-4.62,-4.62,-0.36,-0.04,0.22,436,401,307,341,357
5.53,-5.12,-5.12,-0.80,-0.20,0.21,436,400,306,341,357
3.51,-2.46,-2.46,-1.47,-0.34,0.28,435,400,305,340,357
2.24,1.62,1.62,-1.99,-0.19,0.34,433,400,302,339,356
3.35,5.83,5.83,-1.35,-0.04,-0.62,432,400,300,337,356
1.69,11.23,11.23,-0.86,0.19,-0.92,432,400,300,337,356
2.81,12.43,12.43,-0.46,0.04,-0.61,433,400,300,338,356
3.90,11.05,11.05,0.19,0.44,-0.37,435,400,303,339,357
4.35,9.30,9.30,0.65,0.51,-0.22,436,401,304,340,358
5.86,7.68,7.68,1.03,0.48,-0.06,436,401,307,342,359
7.03,5.20,5.20,1.16,0.46,0.11,436,401,307,342,359
8.26,1.64,1.64,1.31,0.45,0.44,435,401,307,343,360
7.54,-1.42,-1.42,0.98,0.09,0.58,434,400,307,343,359
6.41,-3.85,-3.85,0.28,-0.18,0.77,433,400,305,341,358
4.91,-4.77,-4.77,-0.22,-0.25,0.73,433,400,305,340,358
3.52,-3.32,-3.32,-1.07,-0.22,0.61,433,400,303,339,357
2.67,-0.45,-0.45,-1.46,-0.17,0.31,432,399,302,339,357
2.84,3.78,3.78,-1.61,-0.20,-0.12,431,399,301,338,357
2.91,8.17,8.17,-1.04,0.11,-0.61,431,399,300,337,357
1.92,10.73,10.73,-0.70,0.20,-0.73,431,399,300,337,356
3.71,11.77,11.77,-0.33,0.23,-0.51,431,400,301,338,357
3.68,10.12,10.12,0.38,0.50,-0.50,432,400,306,339,358
5.38,8.76,8.76,0.58,0.46,-0.29,433,400,308,340,359
6.78,7.75,7.75,0.75,0.37,-0.16,433,400,309,341,360
7.47,5.97,5.97,0.99,0.13,-0.02,433,399,309,342,361
6.91,3.99,3.99,0.98,0.05,0.37,432,400,309,342,361
6.12,1.62,1.62,1.13,0.12,0.50,432,400,307,341,361
END
4.62,0.29,0.29,0.84,0.03,0.54,432,399,305,342,359
5.70,-1.79,-1.79,0.03,-0.01,-0.04,432,400,305,342,358
5.58,-1.97,-1.97,0.04,0.02,-0.04,432,400,305,342,358
5.58,-2.11,-2.11,0.03,0.03,-0.02,432,400,305,342,358
5.48,-1.66,-1.66,-0.04,0.03,0.03,432,400,305,341,358
5.71,-2.64,-2.64,0.01,0.05,-0.01,432,400,305,341,358
7.73,-3.86,-3.86,-0.20,-0.04,0.04,432,400,305,341,358
6.60,-6.11,-6.11,-0.54,0.06,0.30,432,399,305,341,358
5.01,-4.29,-4.29,-1.17,-0.09,0.40,431,399,304,340,357
2.40,-0.99,-0.99,-1.88,-0.01,0.32,431,399,301,339,357
2.12,2.86,2.86,-1.67,0.07,-0.37,430,399,300,338,356
1.40,8.45,8.45,-1.42,0.28,-0.67,429,399,299,337,356
4.58,16.78,16.78,-0.34,-0.10,-1.43,430,400,301,338,357
4.09,12.66,12.66,0.22,0.40,-0.48,432,401,302,339,358
4.06,10.37,10.37,0.76,0.65,-0.11,433,401,306,341,358
7.42,6.46,6.46,1.24,0.64,-0.09,433,401,310,343,360
8.01,3.88,3.88,1.26,0.44,0.00,434,401,311,343,360
10.16,1.77,1.77,1.35,0.19,0.18,433,400,311,344,361
9.02,-2.47,-2.47,1.03,0.07,0.67,432,400,309,343,361
6.81,-4.84,-4.84,0.27,-0.23,0.79,431,400,308,342,359
4.86,-4.95,-4.95,-0.42,-0.34,0.78,431,400,306,341,358
3.10,-3.14,-3.14,-1.07,-0.13,0.73,431,400,304,340,358
3.24,-0.19,-0.19,-1.42,-0.25,0.18,430,399,303,339,358
2.12,3.96,3.96,-1.34,0.07,-0.14,429,399,301,338,357
2.79,6.91,6.91,-1.42,0.09,-0.20,429,399,300,338,358
3.98,11.18,11.18,-0.55,0.28,-0.83,429,399,300,337,357
4.65,10.64,10.64,-0.20,0.20,-0.54,429,400,302,338,358
5.41,9.18,9.18,0.46,0.36,-0.33,430,400,303,339,358
6.25,7.57,7.57,0.76,0.33,-0.25,431,400,306,340,359
6.83,6.24,6.24,0.89,0.25,-0.14,431,400,307,341,359
7.26,4.21,4.21,1.07,0.12,-0.02,431,400,308,342,360
6.46,2.99,2.99,1.13,0.17,0.19,431,400,309,342,359
6.25,1.25,1.25,1.04,0.07,0.32,431,400,308,342,359
5.47,0.11,0.11,0.97,0.01,0.22,431,400,308,342,359
5.04,-0.86,-0.86,0.73,-0.05,0.16,431,400,307,341,359
END
5.24,-2.27,-2.27,0.67,-0.01,0.16,429,399,304,342,358
5.28,-1.97,-1.97,0.04,-0.01,-0.02,429,399,305,342,358
5.51,-1.69,-1.69,0.01,-0.04,-0.09,429,399,305,342,358
5.81,-1.56,-1.56,-0.00,0.00,-0.03,429,399,305,341,357
5.64,-1.93,-1.93,0.02,-0.02,-0.05,429,399,304,341,357
5.42,-1.64,-1.64,0.05,0.01,-0.07,429,399,303,340,357
7.19,-2.76,-2.76,0.10,0.03,-0.05,429,399,304,340,358
8.28,-5.09,-5.09,0.06,0.13,0.21,430,400,305,340,358
5.91,-6.48,-6.48,-0.74,0.05,0.39,431,400,305,340,358
5.15,-4.29,-4.29,-1.46,-0.06,0.57,431,399,304,340,358
2.31,1.83,1.83,-1.73,-0.25,-0.18,430,399,302,339,357
1.82,4.45,4.45,-1.62,0.04,0.06,428,399,301,338,357
2.26,9.53,9.53,-0.97,0.24,-0.91,428,399,300,338,356
4.74,11.77,11.77,-0.41,0.09,-1.10,429,400,301,338,357
4.85,11.88,11.88,0.08,0.50,-0.44,430,400,302,339,357
5.30,9.04,9.04,0.58,0.46,-0.34,431,400,306,340,358
6.53,7.62,7.62,0.89,0.60,-0.13,432,400,307,341,359
8.34,5.52,5.52,1.15,0.33,-0.00,432,400,308,343,360
7.90,3.45,3.45,1.27,0.31,0.27,432,400,309,343,360
8.15,-0.45,-0.45,1.16,0.21,0.59,431,400,308,343,360
7.31,-3.18,-3.18,0.75,0.07,0.73,430,400,308,343,359
5.76,-5.70,-5.70,-0.08,-0.29,0.66,430,400,306,341,358
4.35,-4.72,-4.72,-0.93,-0.26,0.69,430,399,304,340,357
3.32,-2.75,-2.75,-1.51,-0.21,0.52,429,399,302,339,357
3.56,2.00,2.00,-1.48,-0.15,-0.07,428,399,301,338,357
2.86,7.34,7.34,-1.06,0.15,-0.57,427,399,300,337,356
3.00,8.74,8.74,-1.07,0.13,-0.46,427,399,300,337,357
3.64,10.52,10.52,-0.52,0.17,-0.72,428,399,301,337,356
5.31,10.80,10.80,0.20,0.25,-0.57,428,399,301,338,357
END
3.69,-8.67,-8.67,0.00,-0.03,-0.01,487,419,297,335,372
4.67,0.00,0.00,0.03,0.01,-0.06,486,419,297,335,371
5.27,0.08,0.08,0.04,0.01,-0.04,486,419,297,335,371
4.96,0.03,0.03,0.02,-0.01,-0.05,486,419,297,335,370
4.95,0.17,0.17,0.00,-0.01,-0.04,485,419,297,335,369
4.95,0.23,0.23,0.04,0.02,-0.06,485,418,298,335,370
4.83,-0.04,-0.04,0.04,0.00,-0.10,484,418,297,335,369
6.25,-1.21,-1.21,-0.02,-0.01,-0.03,484,418,297,335,369
7.34,-2.82,-2.82,-0.16,-0.04,0.14,484,418,298,335,370
5.31,-2.58,-2.58,-0.50,-0.03,0.25,483,418,298,336,370
4.05,-1.71,-1.71,-0.75,-0.13,0.09,483,418,298,336,369
4.52,1.21,1.21,-1.03,-0.29,-0.06,482,418,298,336,370
1.56,3.27,3.27,-1.08,0.12,0.38,482,418,298,336,369
1.07,7.73,7.73,-0.80,0.40,-0.37,481,418,298,336,368
3.37,13.12,13.12,-0.44,0.51,-0.40,480,418,298,336,369
6.40,14.02,14.02,0.42,0.53,-0.76,480,418,300,338,371
7.64,10.11,10.11,1.08,0.67,-0.27,480,418,303,340,371
9.53,6.22,6.22,1.47,0.46,-0.14,479,418,303,342,371
9.83,0.40,0.40,1.37,0.28,0.48,478,418,303,342,371
8.08,-4.90,-4.90,1.00,-0.10,0.72,478,418,301,340,369
5.72,-7.04,-7.04,0.06,-0.49,0.65,477,418,300,339,368
3.79,-4.16,-4.16,-0.85,-0.38,0.89,477,418,300,339,367
2.89,-2.56,-2.56,-1.36,-0.39,0.45,477,418,299,338,367
2.62,1.32,1.32,-1.71,-0.34,0.04,476,419,298,338,366
2.97,6.56,6.56,-1.53,-0.09,-0.25,475,419,298,337,365
1.67,10.60,10.60,-1.21,0.30,-0.34,474,419,298,337,365
3.83,11.33,11.33,-0.61,0.37,-0.58,474,419,298,337,365
5.19,12.52,12.52,-0.08,0.35,-0.58,474,418,299,337,367
5.61,10.24,10.24,0.37,0.42,-0.24,474,418,299,337,368
6.44,8.31,8.31,0.83,0.44,-0.06,474,417,299,338,368
6.66,6.23,6.23,1.09,0.38,-0.05,473,417,299,338,368
7.14,4.23,4.23,1.09,0.22,0.21,473,417,299,338,369
6.70,2.45,2.45,1.13,0.09,0.27,473,417,299,338,368
6.25,1.38,1.38,0.95,-0.08,0.32,473,417,299,338,368
5.30,0.46,0.46,0.93,-0.12,0.25,472,417,299,338,368
END
4.31,-0.90,-0.90,0.70,-0.12,0.13,468,414,299,337,367
5.14,-0.22,-0.22,0.01,-0.00,-0.03,468,414,299,337,366
5.05,-0.06,-0.06,0.05,-0.00,-0.02,468,414,299,337,366
4.76,-0.29,-0.29,0.05,0.01,-0.02,468,414,299,337,366
5.05,-0.44,-0.44,0.05,-0.00,-0.03,468,414,299,337,367
5.07,-1.20,-1.20,0.01,0.01,-0.05,468,414,299,337,366
5.46,-2.63,-2.63,-0.15,-0.02,-0.09,468,414,300,337,366
6.04,-2.84,-2.84,-0.46,-0.01,0.13,468,414,304,339,367
6.08,-1.92,-1.92,-0.94,-0.27,0.10,468,414,304,339,367
3.96,0.33,0.33,-1.61,-0.35,0.55,466,415,300,338,366
3.21,4.67,4.67,-1.33,-0.32,-0.08,466,415,299,337,365
2.61,7.29,7.29,-0.84,0.34,0.16,465,415,299,337,365
2.41,9.93,9.93,-0.38,0.56,-0.52,465,414,299,338,365
4.46,11.72,11.72,-0.09,0.35,-0.67,465,414,300,338,366
4.53,11.18,11.18,0.48,0.42,-0.47,465,413,300,338,366
6.76,7.27,7.27,0.67,0.46,-0.15,464,413,300,338,367
9.34,4.87,4.87,1.17,0.36,-0.02,464,413,300,338,368
9.69,3.02,3.02,1.26,0.08,0.36,464,412,301,338,369
7.25,-1.32,-1.32,0.99,-0.07,0.81,464,412,301,338,368
5.27,-3.30,-3.30,0.52,-0.33,0.85,463,412,300,338,368
3.35,-4.36,-4.36,-0.30,-0.26,0.89,463,412,300,338,366
1.44,-2.40,-2.40,-1.11,-0.37,0.46,463,413,299,337,365
1.83,1.13,1.13,-1.51,-0.28,-0.05,463,415,299,337,362
1.26,4.69,4.69,-1.58,0.05,-0.32,462,415,298,336,362
2.46,10.44,10.44,-1.20,0.24,-0.51,462,415,298,336,361
4.19,14.64,14.64,-0.58,0.22,-0.66,462,415,298,336,363
4.41,12.37,12.37,0.37,0.40,-0.39,462,415,299,336,365
4.70,9.21,9.21,0.60,0.36,-0.21,462,414,299,336,367
5.03,6.58,6.58,0.90,0.40,-0.05,462,413,300,337,367
6.09,5.24,5.24,0.96,0.25,0.01,461,413,300,337,368
6.38,3.20,3.20,1.11,0.27,0.27,461,413,300,337,369
5.27,1.74,1.74,0.95,0.01,0.27,461,412,300,337,368
4.79,1.10,1.10,0.85,-0.11,0.19,461,412,300,337,368
4.16,0.02,0.02,0.73,-0.05,0.16,460,413,300,337,367
4.33,-1.11,-1.11,0.55,-0.10,-0.01,460,412,299,337,366
END
4.32,-1.79,-1.79,0.35,-0.09,-0.08,458,411,299,337,367
4.69,-0.50,-0.50,0.03,0.02,0.00,458,411,299,337,368
4.52,-0.28,-0.28,0.02,0.00,-0.02,458,411,299,338,367
4.84,-0.34,-0.34,0.04,0.01,-0.04,458,410,299,338,367
4.99,-0.62,-0.62,0.03,0.01,-0.04,458,411,299,338,367
5.39,-1.67,-1.67,0.03,0.02,0.02,458,411,299,338,367
6.52,-3.74,-3.74,-0.07,0.02,0.05,458,410,300,338,367
5.58,-2.74,-2.74,-0.59,-0.01,0.24,458,410,300,338,367
5.92,-2.12,-2.12,-0.79,0.15,0.58,458,410,300,338,367
2.81,-0.21,-0.21,-1.28,0.08,0.20,458,410,299,337,366
1.76,2.85,2.85,-1.53,-0.02,-0.24,458,410,298,337,366
2.71,8.33,8.33,-1.23,0.05,-0.58,458,410,298,337,365
3.14,12.02,12.02,-0.55,0.36,-0.66,458,411,298,337,365
5.64,13.39,13.39,-0.09,0.44,-0.18,458,411,299,336,366
7.05,9.68,9.68,0.59,0.43,-0.17,458,410,299,336,367
6.00,7.84,7.84,1.06,0.45,-0.13,458,411,300,337,367
7.87,5.01,5.01,1.30,0.27,-0.06,458,410,300,338,368
8.45,0.17,0.17,1.41,0.24,0.27,457,410,301,338,368
7.42,-3.33,-3.33,0.87,-0.04,0.49,457,410,300,338,367
6.93,-3.85,-3.85,0.18,-0.41,0.52,457,411,300,338,367
5.20,-3.93,-3.93,-0.31,-0.32,0.73,457,410,300,337,366
3.17,-2.04,-2.04,-1.07,-0.51,0.32,457,410,299,337,365
2.20,0.78,0.78,-1.42,-0.33,0.13,456,410,299,337,365
2.89,5.84,5.84,-1.20,-0.05,-0.45,456,410,299,337,364
1.13,8.97,8.97,-1.13,0.30,-0.69,456,410,299,337,364
3.03,11.66,11.66,-0.79,0.07,-0.50,456,410,299,336,365
4.20,12.38,12.38,-0.06,0.13,-0.56,457,410,299,337,365
3.49,10.19,10.19,0.44,0.32,-0.26,457,410,299,337,366
5.02,8.41,8.41,0.78,0.32,-0.17,456,410,299,337,367
5.53,5.74,5.74,0.96,0.31,-0.18,456,410,299,337,367
6.17,3.80,3.80,1.06,0.26,-0.05,456,410,300,337,368
6.13,2.38,2.38,1.03,0.18,0.03,456,409,300,337,369
6.09,1.02,1.02,0.96,0.12,0.13,456,409,300,337,369
5.50,0.14,0.14,0.80,0.07,0.21,456,409,300,337,369
4.84,-0.66,-0.66,0.59,-0.00,0.10,456,409,300,337,369
END
4.75,-1.06,-1.06,0.39,-0.04,0.09,455,408,299,337,366
5.46,-1.47,-1.47,-0.20,-0.02,0.21,455,408,299,337,366
4.42,-0.77,-0.77,-0.18,0.03,0.20,455,408,299,337,366
4.49,1.87,1.87,-0.34,0.03,0.24,455,408,299,337,366
3.69,1.45,1.45,0.01,0.06,0.16,455,408,299,337,366
4.03,0.00,0.00,0.05,0.04,0.01,455,408,299,337,366
4.90,-0.58,-0.58,-0.09,-0.03,0.01,455,408,299,337,366
5.61,-2.03,-2.03,-0.29,-0.11,0.15,455,408,299,337,366
5.15,-3.62,-3.62,-0.71,-0.07,0.47,455,409,299,337,365
3.90,-1.87,-1.87,-1.40,-0.32,0.15,454,411,299,337,362
1.95,0.60,0.60,-1.66,0.08,0.38,452,412,298,336,358
2.04,6.02,6.02,-1.50,0.19,-0.12,451,411,298,336,356
2.76,11.78,11.78,-0.70,0.46,-1.06,450,412,298,336,355
2.99,15.33,15.33,-0.14,0.28,-1.06,451,412,299,336,357
2.88,17.00,17.00,0.99,0.61,-0.57,452,411,300,336,358
4.93,7.94,7.94,1.83,1.11,-0.06,451,411,305,340,359
6.83,4.78,4.78,1.45,0.73,0.01,451,410,307,341,361
9.44,1.78,1.78,1.43,0.26,0.19,451,409,305,340,362
8.17,-1.72,-1.72,1.14,0.19,0.62,450,409,304,339,361
6.45,-4.72,-4.72,0.52,-0.22,0.76,449,409,302,339,360
5.28,-6.33,-6.33,-0.33,-0.46,0.65,449,409,301,338,359
2.75,-3.58,-3.58,-1.10,-0.23,0.69,449,409,300,338,359
2.08,-0.77,-0.77,-1.48,-0.25,0.23,449,409,299,337,358
2.99,3.88,3.88,-1.74,-0.11,0.08,449,409,299,337,358
3.34,9.04,9.04,-1.22,0.09,-0.66,450,409,299,336,358
3.09,11.64,11.64,-0.73,-0.02,-1.05,450,410,299,336,358
3.55,12.90,12.90,-0.49,-0.11,-0.28,450,409,299,336,359
2.66,10.48,10.48,0.36,0.32,-0.21,451,409,300,337,360
3.50,9.01,9.01,0.76,0.34,-0.23,451,409,301,337,360
3.93,7.19,7.19,0.91,0.41,-0.08,450,408,302,337,361
5.76,4.73,4.73,0.95,0.34,0.21,450,408,301,337,364
5.88,3.46,3.46,0.93,0.09,0.20,449,408,301,337,365
4.24,1.87,1.87,0.99,-0.05,0.07,450,407,300,337,365
5.38,-0.02,-0.02,0.97,-0.00,0.24,450,407,300,337,366
3.83,-1.53,-1.53,0.84,0.02,-0.10,450,406,300,337,367
END
5.16,-1.91,-1.91,0.34,0.06,-0.00,448,406,299,337,364
4.21,-0.32,-0.32,-0.02,-0.00,-0.04,448,406,300,337,364
4.64,-0.01,-0.01,0.08,0.01,-0.08,448,406,300,338,364
5.05,-0.63,-0.63,0.08,-0.00,-0.06,448,406,299,338,364
4.67,-0.39,-0.39,0.03,-0.00,-0.03,448,406,299,338,364
5.99,-0.76,-0.76,0.06,0.01,-0.02,448,406,300,338,364
6.76,-2.19,-2.19,0.06,0.06,0.14,448,406,300,338,364
5.26,-2.51,-2.51,-0.23,0.11,0.47,448,406,306,339,364
4.09,-2.41,-2.41,-0.55,0.00,0.27,448,406,311,339,365
4.21,-2.24,-2.24,-0.90,-0.03,0.29,448,406,306,338,365
3.91,-0.80,-0.80,-1.25,-0.20,0.12,448,406,302,338,364
1.90,3.04,3.04,-1.46,-0.09,-0.25,447,406,301,338,364
2.16,8.97,8.97,-1.22,0.15,-0.30,447,406,300,337,364
2.33,12.14,12.14,-0.92,0.23,-0.35,448,406,300,337,364
3.57,12.73,12.73,-0.21,0.24,-0.81,448,406,300,337,365
4.44,9.92,9.92,0.30,0.49,-0.49,448,406,301,337,366
5.22,9.22,9.22,0.62,0.42,-0.42,448,405,302,338,368
6.86,9.46,9.46,1.13,0.63,-0.02,448,406,304,339,371
8.55,4.98,4.98,1.56,0.40,0.17,448,406,304,339,370
7.39,0.68,0.68,1.31,0.17,0.58,447,406,304,339,370
6.15,-3.54,-3.54,0.90,-0.14,0.50,447,406,303,339,368
5.19,-5.64,-5.64,-0.16,-0.30,0.59,447,406,302,338,366
3.27,-3.88,-3.88,-0.91,-0.26,0.77,447,406,301,338,366
2.43,0.21,0.21,-1.39,-0.37,0.23,447,406,300,338,365
1.18,4.97,4.97,-1.84,-0.24,0.10,447,406,299,337,365
2.10,9.60,9.60,-1.44,-0.10,-0.38,447,405,299,337,366
3.95,12.50,12.50,-0.61,0.28,-1.00,449,406,299,336,365
3.71,12.78,12.78,-0.45,0.27,-0.39,450,406,299,336,368
5.18,12.86,12.86,0.45,0.41,-0.08,451,405,300,337,371
3.63,9.55,9.55,0.96,0.53,0.08,452,405,301,337,370
4.90,5.73,5.73,1.08,0.29,0.02,453,404,301,338,360
5.19,3.73,3.73,1.09,0.17,-0.02,455,404,301,338,351
5.10,2.98,2.98,0.91,0.07,0.20,455,403,301,338,351
5.09,2.13,2.13,0.80,-0.16,0.03,456,403,300,338,352
4.13,0.98,0.98,0.77,-0.10,0.01,457,404,300,337,354
END
5.06,0.05,0.05,0.64,-0.26,-0.25,449,396,300,344,372
4.40,-0.50,-0.50,0.16,0.05,-0.20,449,396,300,343,372
4.72,-0.62,-0.62,0.13,0.06,-0.11,449,397,300,342,372
4.08,-0.57,-0.57,0.01,0.02,-0.10,449,397,300,341,372
4.69,-0.64,-0.64,0.02,0.03,-0.01,449,397,300,341,372
5.38,-1.77,-1.77,0.02,-0.02,-0.06,449,397,300,341,372
6.17,-2.21,-2.21,-0.18,-0.14,0.07,449,397,301,341,372
4.47,-2.96,-2.96,-0.46,-0.19,0.09,450,397,302,342,371
4.39,-2.69,-2.69,-0.80,-0.21,0.06,449,399,301,341,369
3.98,-0.19,-0.19,-0.92,-0.02,0.22,449,400,300,340,368
1.14,3.16,3.16,-1.23,0.09,-0.06,449,404,299,339,367
2.01,6.98,6.98,-1.19,0.03,-0.29,449,405,299,338,366
0.92,10.24,10.24,-1.07,0.07,-0.53,450,406,299,338,366
1.95,12.51,12.51,-0.39,0.07,-0.91,452,406,300,339,368
1.54,12.27,12.27,0.24,0.43,-0.69,454,404,304,340,371
3.22,10.85,10.85,0.68,0.59,-0.39,454,403,309,342,375
5.48,7.06,7.06,1.15,0.85,-0.05,453,402,309,343,376
8.23,3.81,3.81,1.18,0.65,0.22,453,401,308,343,377
8.23,1.26,1.26,1.12,0.38,0.59,452,401,307,343,376
7.14,-1.97,-1.97,0.64,-0.08,0.73,451,401,305,342,374
5.64,-3.80,-3.80,0.09,-0.31,0.74,450,401,303,342,373
3.55,-3.50,-3.50,-0.58,-0.22,0.99,450,401,302,341,371
2.51,-1.46,-1.46,-1.15,-0.18,0.57,449,402,301,340,369
1.16,1.83,1.83,-1.60,0.00,0.48,448,402,301,339,367
2.40,5.91,5.91,-1.90,0.06,-0.10,446,402,300,338,365
3.84,11.77,11.77,-1.01,0.20,-1.07,445,403,300,338,364
3.98,14.93,14.93,-0.77,0.03,-0.89,445,403,299,337,364
4.77,13.83,13.83,0.16,0.27,-0.51,446,403,300,338,366
4.51,10.80,10.80,0.91,0.46,-0.18,447,403,302,339,368
4.73,7.03,7.03,1.04,0.36,-0.07,447,402,302,340,369
5.45,6.24,6.24,1.12,0.32,0.03,448,402,303,341,369
5.65,4.33,4.33,1.10,0.23,0.16,448,402,304,341,368
5.76,3.27,3.27,1.11,0.14,0.31,448,402,303,341,364
5.63,1.64,1.64,1.09,0.05,0.30,448,402,303,341,357
4.80,0.13,0.13,0.99,0.06,0.31,448,401,303,340,351
END
4.05,-1.15,-1.15,0.77,0.01,0.33,447,400,300,341,359
4.80,-1.56,-1.56,0.04,-0.00,-0.03,447,400,300,340,359
4.91,-1.35,-1.35,0.05,-0.03,-0.05,447,400,300,340,360
4.70,-1.46,-1.46,0.03,-0.02,-0.02,447,400,300,340,360
4.69,-1.52,-1.52,0.06,-0.00,-0.04,447,400,300,340,359
4.76,-1.54,-1.54,0.05,-0.01,-0.08,448,400,300,340,361
5.66,-2.93,-2.93,0.05,-0.02,-0.09,448,400,299,340,363
5.60,-3.63,-3.63,-0.15,-0.09,-0.07,449,399,300,339,364
4.61,-4.70,-4.70,-0.66,-0.09,0.03,449,399,300,339,365
4.33,-1.87,-1.87,-1.59,-0.26,0.47,448,399,300,339,365
2.82,0.29,0.29,-1.52,-0.11,0.13,448,400,299,339,363
1.59,3.52,3.52,-1.31,0.18,-0.08,447,400,298,338,362
2.56,7.34,7.34,-1.48,-0.03,-0.36,447,400,298,338,362
2.07,9.78,9.78,-0.74,0.30,-1.03,448,400,298,338,362
2.51,13.11,13.11,-0.39,0.17,-1.17,448,400,299,338,364
3.69,14.80,14.80,0.24,0.43,-0.12,447,400,301,339,367
4.99,10.38,10.38,0.90,0.78,0.29,447,399,304,341,368
5.74,7.61,7.61,1.27,0.47,0.02,447,399,304,342,368
6.63,4.34,4.34,1.33,0.31,0.20,447,399,305,342,368
6.45,2.39,2.39,1.24,0.19,0.44,446,399,305,342,367
6.68,-0.68,-0.68,1.08,-0.04,0.59,446,399,304,341,367
5.48,-4.57,-4.57,0.51,-0.24,0.67,445,399,303,340,365
5.86,-6.35,-6.35,-0.13,-0.31,0.82,444,400,302,340,364
2.44,-3.85,-3.85,-1.12,-0.21,0.81,443,400,301,339,362
0.74,-0.06,-0.06,-1.59,-0.06,0.40,443,400,300,339,361
2.61,3.98,3.98,-1.43,0.07,-0.29,442,400,299,338,361
1.97,9.02,9.02,-1.36,0.27,-0.82,442,401,299,338,361
2.91,12.07,12.07,-0.91,-0.01,-1.07,442,401,299,337,361
3.16,13.78,13.78,-0.41,0.09,-0.97,442,401,299,338,362
3.68,12.40,12.40,0.36,0.19,-0.67,443,401,300,338,364
3.85,10.47,10.47,0.75,0.41,-0.13,444,400,301,337,366
5.05,7.25,7.25,1.22,0.45,0.00,444,400,302,339,366
4.71,5.49,5.49,1.33,0.38,0.17,444,400,303,339,367
4.95,3.64,3.64,1.28,0.25,0.29,443,400,304,339,367
4.29,1.40,1.40,1.13,0.23,0.44,443,399,303,339,367
END
3.05,-0.12,-0.12,0.80,0.02,0.28,441,400,300,345,363
4.46,-0.60,-0.60,0.05,0.02,-0.02,441,400,300,345,363
4.41,-0.55,-0.55,0.02,-0.00,-0.02,441,400,300,345,363
4.63,-0.57,-0.57,0.05,-0.01,-0.04,441,400,300,344,363
4.39,-0.78,-0.78,0.03,0.00,-0.05,441,400,300,344,363
4.78,-0.87,-0.87,0.03,0.02,-0.02,441,399,300,343,363
5.52,-1.93,-1.93,0.03,-0.02,-0.04,441,400,300,341,363
5.33,-3.87,-3.87,-0.20,-0.04,0.07,441,400,300,341,363
6.14,-2.34,-2.34,-0.68,-0.21,0.23,441,400,300,340,363
4.36,-1.28,-1.28,-1.34,-0.31,0.63,441,399,300,339,363
1.56,1.56,1.56,-1.60,-0.41,0.41,441,400,299,339,363
0.85,4.26,4.26,-1.49,-0.05,0.01,440,399,299,339,363
-0.57,8.84,8.84,-1.45,0.17,-0.36,440,400,300,338,361
2.00,14.73,14.73,-0.54,0.15,-1.03,441,400,300,339,362
2.19,14.46,14.46,-0.01,0.40,-0.73,443,401,301,339,363
3.12,10.98,10.98,0.64,0.62,-0.19,443,401,302,339,364
4.50,8.89,8.89,1.06,0.62,-0.14,443,401,302,340,365
6.45,6.42,6.42,1.33,0.64,0.22,442,401,303,341,365
7.05,2.30,2.30,1.47,0.43,0.45,442,400,303,341,365
6.81,-1.28,-1.28,1.18,0.09,0.58,441,400,304,341,365
5.62,-4.29,-4.29,0.56,-0.08,0.72,441,400,303,340,364
4.44,-5.68,-5.68,-0.32,-0.22,0.76,441,400,302,340,363
3.02,-3.43,-3.43,-0.94,-0.35,0.62,441,400,301,339,362
0.93,-0.39,-0.39,-1.45,-0.20,0.47,441,400,301,339,362
4.11,4.16,4.16,-1.61,-0.27,0.00,440,400,300,339,362
2.46,9.42,9.42,-1.09,0.24,-0.40,440,400,299,338,362
2.35,10.90,10.90,-0.92,0.23,-0.54,440,400,300,338,361
3.57,13.07,13.07,-0.17,0.27,-0.60,440,401,299,338,361
3.98,10.79,10.79,0.50,0.36,-0.52,441,401,300,338,361
3.92,8.94,8.94,0.80,0.38,-0.34,441,402,303,339,362
4.91,6.47,6.47,0.97,0.29,-0.12,441,401,303,339,362
6.54,4.85,4.85,1.10,0.18,-0.04,440,401,304,339,363
5.48,3.33,3.33,1.06,0.19,0.21,440,401,304,340,364
4.06,1.30,1.30,0.91,0.13,0.27,440,401,303,340,364
4.49,0.83,0.83,0.99,-0.04,-0.08,440,401,303,339,365
END
4.45,-0.45,-0.45,0.97,0.20,0.08,439,400,301,339,363
3.98,-1.08,-1.08,0.05,0.01,0.01,439,400,301,339,363
3.71,-1.01,-1.01,0.04,-0.01,0.02,439,400,300,338,363
3.51,-1.00,-1.00,0.02,0.04,0.05,439,400,301,339,363
3.94,-0.99,-0.99,0.02,0.08,0.08,439,400,301,339,363
4.26,-1.03,-1.03,-0.03,0.07,0.08,439,400,301,339,363
4.77,-1.19,-1.19,-0.06,0.07,0.11,439,400,301,339,363
6.01,-2.03,-2.03,-0.19,0.02,0.20,439,400,301,339,364
6.97,-4.36,-4.36,-0.49,0.00,0.51,440,400,301,339,364
6.18,-4.20,-4.20,-1.27,-0.24,0.85,440,400,300,339,363
1.94,-0.43,-0.43,-1.72,-0.23,0.78,439,400,300,338,362
0.75,3.68,3.68,-1.69,-0.08,0.17,439,400,299,338,361
1.13,8.41,8.41,-1.25,0.18,-0.42,439,401,299,336,361
0.46,13.61,13.61,-0.36,0.21,-1.46,440,402,299,337,361
1.90,16.02,16.02,-0.38,-0.09,-0.62,441,401,301,338,366
2.12,10.29,10.29,0.52,0.80,-0.28,442,400,302,339,368
4.69,8.32,8.32,0.98,0.66,-0.22,442,400,303,339,370
6.21,5.84,5.84,1.19,0.63,-0.06,442,400,303,339,370
6.63,2.60,2.60,1.44,0.65,0.08,442,400,303,339,370
7.19,0.01,0.01,1.30,0.30,0.33,441,400,303,339,370
7.99,-2.85,-2.85,0.89,0.19,0.62,440,400,303,339,370
6.72,-3.89,-3.89,0.12,-0.23,0.69,440,400,302,339,368
6.13,-3.48,-3.48,-0.68,-0.42,0.87,440,400,301,338,367
3.45,-1.79,-1.79,-1.27,-0.52,0.78,440,400,300,338,366
2.50,1.62,1.62,-1.55,-0.61,0.19,439,399,299,337,366
0.32,6.04,6.04,-1.49,-0.30,-0.11,439,399,298,337,366
0.58,7.70,7.70,-1.29,-0.27,-0.21,439,399,298,336,366
-0.24,12.99,12.99,-0.69,0.00,-0.54,440,399,298,336,366
0.77,12.01,12.01,-0.05,0.14,-0.68,441,399,298,336,368
0.05,10.26,10.26,0.07,0.29,-0.43,442,397,299,336,372
2.22,8.87,8.87,0.42,0.35,-0.51,442,397,299,337,374
4.20,7.21,7.21,0.80,0.59,-0.12,441,396,299,337,375
5.43,5.55,5.55,1.06,0.53,-0.03,441,396,300,338,375
4.77,4.78,4.78,1.15,0.48,0.25,441,396,300,338,374
3.76,2.78,2.78,1.20,0.37,0.36,440,396,300,338,373
END
4.31,0.91,0.91,1.01,0.42,0.53,438,397,301,339,366
4.90,-1.26,-1.26,0.01,0.02,-0.02,438,397,300,339,366
4.95,-0.92,-0.92,0.04,0.05,-0.03,438,397,300,339,366
5.30,-1.16,-1.16,0.06,0.07,-0.02,439,398,300,339,366
4.80,-1.21,-1.21,0.08,0.05,0.01,438,398,300,339,366
4.80,-0.90,-0.90,0.05,0.00,-0.03,438,398,300,339,366
5.63,-1.82,-1.82,0.08,-0.00,-0.07,438,397,300,339,366
6.10,-2.58,-2.58,0.04,0.02,0.01,438,398,300,339,366
8.32,-4.35,-4.35,-0.27,-0.07,0.15,438,397,301,339,367
6.57,-4.53,-4.53,-0.88,0.07,0.68,438,397,300,339,366
3.59,-2.26,-2.26,-1.40,-0.16,0.52,438,398,300,339,366
3.34,-0.41,-0.41,-1.63,-0.24,0.55,437,397,299,338,366
2.63,4.54,4.54,-1.69,-0.06,0.01,437,397,299,338,363
0.11,6.88,6.88,-1.50,0.22,-0.13,436,399,298,337,363
1.39,12.20,12.20,-1.14,-0.02,-0.85,436,398,298,337,364
5.03,13.47,13.47,-0.31,0.13,-0.80,436,398,299,337,365
3.76,10.90,10.90,0.18,0.71,-0.01,437,399,299,339,365
5.81,11.78,11.78,0.80,0.50,-0.01,437,399,301,339,368
6.55,10.51,10.51,1.57,0.57,-0.38,438,399,302,340,368
7.98,5.71,5.71,1.58,0.11,-0.13,438,398,303,340,370
8.60,1.82,1.82,1.34,0.27,0.87,437,398,302,340,369
5.66,-3.30,-3.30,1.20,0.02,0.67,436,398,302,339,367
4.80,-6.80,-6.80,0.09,-0.52,0.53,435,399,301,339,365
3.12,-6.06,-6.06,-0.73,-0.23,0.69,435,398,300,338,364
1.81,-1.95,-1.95,-1.43,-0.20,0.54,435,398,300,338,363
2.50,1.90,1.90,-1.54,-0.21,-0.29,434,398,299,338,363
1.88,7.51,7.51,-1.54,-0.01,-0.42,433,398,299,337,363
3.41,11.60,11.60,-1.27,-0.04,-0.70,432,398,299,336,363
2.86,13.26,13.26,-0.30,0.44,-0.82,433,399,299,337,364
3.63,12.50,12.50,0.42,0.34,-0.62,435,400,299,337,365
3.92,10.24,10.24,0.88,0.51,-0.22,435,400,302,339,366
4.87,7.87,7.87,1.13,0.30,-0.18,434,399,303,339,366
4.73,6.45,6.45,1.38,0.17,-0.10,434,399,304,340,366
4.75,3.88,3.88,1.41,0.37,0.22,434,399,304,340,366
4.62,1.30,1.30,1.42,0.42,0.24,433,399,305,340,366
END
3.59,-0.57,-0.57,1.06,0.30,0.28,431,398,301,341,363
4.94,-1.67,-1.67,0.03,0.00,-0.01,431,398,301,341,363
5.32,-1.59,-1.59,0.02,-0.02,-0.03,431,399,301,341,363
5.10,-1.34,-1.34,0.00,-0.01,-0.05,431,398,300,341,363
5.13,-1.50,-1.50,0.01,0.02,-0.00,431,398,301,341,363
6.04,-2.06,-2.06,0.00,-0.01,0.05,431,398,301,341,363
5.86,-2.20,-2.20,-0.09,-0.01,0.11,431,398,301,341,363
5.86,-4.11,-4.11,-0.28,-0.01,0.20,431,398,301,341,363
4.74,-4.08,-4.08,-0.83,-0.16,0.19,431,398,300,340,363
5.33,-3.01,-3.01,-1.69,-0.38,0.45,431,398,299,339,362
1.87,2.33,2.33,-2.05,-0.19,0.16,431,398,299,339,361
1.74,5.54,5.54,-1.78,-0.22,-0.35,430,398,298,338,361
1.36,10.70,10.70,-1.18,0.10,-0.71,429,398,299,337,360
0.83,14.54,14.54,-0.26,0.22,-1.46,432,399,299,338,360
2.26,15.49,15.49,0.27,0.50,-0.40,433,399,303,339,363
3.15,11.01,11.01,0.97,0.70,-0.21,434,398,304,340,364
5.28,8.38,8.38,1.18,0.61,-0.07,433,398,305,340,365
6.60,5.65,5.65,1.47,0.65,0.15,432,398,305,341,365
6.23,2.19,2.19,1.26,0.34,0.36,432,398,305,341,365
6.81,-1.77,-1.77,0.89,0.10,0.45,431,398,304,341,364
5.99,-3.91,-3.91,0.11,-0.12,0.67,431,399,302,339,363
5.76,-3.85,-3.85,-0.63,-0.24,0.87,430,398,300,338,362
2.61,-1.89,-1.89,-1.15,-0.22,0.66,431,398,299,338,362
1.88,1.49,1.49,-1.62,-0.50,0.29,430,397,299,338,362
2.12,5.30,5.30,-1.36,-0.11,-0.26,429,397,298,337,362
1.97,9.91,9.91,-1.11,0.08,-0.82,429,397,298,336,362
2.51,13.24,13.24,-0.73,-0.00,-0.80,430,397,298,336,362
2.34,12.63,12.63,0.12,0.25,-0.52,432,397,298,336,364
3.01,9.63,9.63,0.53,0.32,-0.47,434,396,298,336,368
3.17,9.04,9.04,0.80,0.37,-0.25,437,395,299,337,373
4.57,7.51,7.51,1.12,0.46,-0.12,439,394,300,338,375
5.59,4.58,4.58,1.13,0.44,0.19,440,394,300,338,375
5.85,2.80,2.80,1.00,0.32,0.27,444,394,300,338,367
4.42,1.97,1.97,0.80,0.27,0.44,448,394,300,338,354
3.73,1.39,1.39,0.61,-0.12,0.13,449,395,300,338,347
END
4.04,0.22,0.22,0.66,0.00,0.12,443,394,299,338,355
4.93,-1.01,-1.01,0.03,0.01,-0.01,443,394,299,338,355
4.91,-0.98,-0.98,0.05,-0.00,-0.03,443,394,299,338,355
5.01,-1.06,-1.06,0.01,0.01,-0.02,442,394,299,338,355
4.95,-1.00,-1.00,0.03,0.01,-0.03,442,394,299,338,355
4.96,-1.03,-1.03,0.04,0.01,-0.02,442,394,299,338,355
5.69,-1.67,-1.67,0.05,0.02,-0.01,442,394,299,338,355
6.59,-3.06,-3.06,-0.11,0.01,0.15,442,394,299,337,355
6.20,-3.73,-3.73,-0.57,-0.03,0.44,442,394,299,338,355
4.24,-2.99,-2.99,-0.99,-0.13,0.50,442,395,299,338,354
3.31,-0.65,-0.65,-1.38,-0.16,0.30,441,394,299,338,354
3.02,2.14,2.14,-1.42,-0.15,0.18,440,395,299,337,353
2.53,5.34,5.34,-1.39,0.11,-0.12,439,395,298,337,353
3.77,8.05,8.05,-1.16,0.23,-0.13,438,395,298,337,354
4.41,10.11,10.11,-0.98,0.46,-0.03,437,394,299,337,355
4.52,11.26,11.26,-0.02,0.57,-0.50,437,395,299,337,357
6.54,10.37,10.37,0.82,0.43,-0.64,437,395,300,338,359
5.65,9.04,9.04,1.31,0.70,-0.47,439,395,301,338,358
6.65,5.99,5.99,1.40,0.37,-0.40,439,395,302,339,359
7.31,5.51,5.51,1.54,0.35,-0.10,439,395,302,339,360
7.80,2.10,2.10,1.55,0.40,0.33,439,395,302,339,360
7.09,-2.35,-2.35,1.30,0.25,0.48,438,395,302,339,359
6.70,-5.12,-5.12,0.28,-0.32,0.40,438,396,301,339,357
5.64,-5.30,-5.30,-0.72,-0.43,0.66,437,396,300,338,356
3.65,-2.91,-2.91,-1.54,-0.50,0.56,437,396,299,338,354
3.14,1.65,1.65,-1.92,-0.65,0.13,437,396,299,337,353
2.27,6.02,6.02,-1.89,-0.55,-0.06,436,395,299,337,353
1.31,9.45,9.45,-1.59,-0.20,-0.30,436,395,298,337,354
0.62,12.05,12.05,-0.77,0.25,-0.40,436,395,299,336,354
1.23,13.95,13.95,-0.20,0.22,-0.77,436,395,299,336,356
2.30,11.59,11.59,0.49,0.50,-0.47,437,396,300,337,358
3.37,10.55,10.55,0.89,0.68,-0.21,438,396,300,337,358
4.49,8.05,8.05,1.23,0.68,-0.05,438,396,300,338,359
6.07,6.04,6.04,1.37,0.59,0.10,438,396,300,338,360
5.98,3.26,3.26,1.31,0.45,0.29,437,396,300,338,360
END
5.56,2.01,2.01,1.19,0.25,0.20,436,397,300,339,356
5.20,-1.21,-1.21,-0.05,-0.05,-0.02,436,397,300,339,356
5.54,-1.27,-1.27,0.04,-0.01,-0.05,435,397,300,339,356
5.19,-1.18,-1.18,0.04,0.01,-0.02,436,397,301,339,356
5.63,-1.56,-1.56,0.02,-0.02,-0.03,436,397,301,339,356
5.28,-1.21,-1.21,-0.01,-0.03,-0.01,436,397,301,339,357
5.02,-1.08,-1.08,-0.01,-0.02,0.00,436,397,301,340,357
5.53,-1.55,-1.55,0.04,0.00,-0.02,435,397,301,339,357
6.42,-2.62,-2.62,-0.11,-0.02,0.11,435,397,301,339,357
7.06,-4.38,-4.38,-0.41,-0.01,0.36,435,397,301,339,357
5.22,-4.67,-4.67,-1.26,-0.18,0.53,435,397,300,338,356
3.80,-1.13,-1.13,-1.96,-0.44,0.36,434,397,300,338,356
3.32,3.65,3.65,-2.17,-0.21,0.49,432,396,299,337,355
0.37,7.72,7.72,-1.41,0.33,-0.11,432,396,298,337,354
2.98,12.06,12.06,-0.96,0.01,-1.01,432,396,299,338,355
2.73,15.25,15.25,0.12,0.42,-0.90,433,397,300,338,357
3.47,12.89,12.89,0.90,0.73,-0.46,433,397,302,339,359
5.68,8.40,8.40,1.19,0.86,-0.16,433,397,304,341,361
7.75,4.85,4.85,1.47,0.67,-0.11,433,397,304,341,362
7.64,2.99,2.99,1.24,0.28,0.14,433,397,304,341,363
7.98,-0.13,-0.13,1.03,0.03,0.43,432,397,303,341,362
6.78,-2.43,-2.43,0.68,-0.19,0.50,432,397,302,340,360
5.78,-4.01,-4.01,-0.09,-0.39,0.61,431,397,301,339,359
4.73,-3.74,-3.74,-0.86,-0.45,0.68,431,397,300,339,358
2.91,-1.61,-1.61,-1.31,-0.40,0.55,431,397,300,338,358
3.22,1.90,1.90,-1.50,-0.42,0.14,431,396,299,338,357
0.57,4.87,4.87,-1.64,-0.06,0.00,431,397,299,337,357
1.62,9.41,9.41,-1.46,-0.26,-0.66,430,397,298,337,357
1.87,12.95,12.95,-0.70,-0.02,-1.24,431,396,299,337,358
1.71,13.06,13.06,-0.26,0.27,-0.33,431,397,299,337,359
1.91,12.18,12.18,0.46,0.44,-0.46,433,397,299,337,360
2.53,9.19,9.19,0.80,0.59,-0.16,433,397,299,338,362
4.00,8.47,8.47,0.97,0.38,-0.20,434,397,300,338,364
4.07,6.14,6.14,1.21,0.57,0.01,433,396,300,338,366
4.49,4.52,4.52,1.15,0.53,0.18,433,396,300,338,366
END
5.12,2.33,2.33,1.08,0.43,0.26,431,397,300,336,360
5.36,-1.46,-1.46,-0.01,-0.03,-0.02,431,396,300,337,360
4.97,-1.65,-1.65,0.05,0.03,-0.00,432,397,300,337,360
5.02,-1.70,-1.70,0.06,0.01,-0.03,432,396,300,337,360
5.25,-1.82,-1.82,0.05,-0.01,-0.03,432,397,300,337,360
5.13,-1.72,-1.72,0.02,0.00,-0.02,432,397,300,337,361
5.42,-1.90,-1.90,0.02,-0.00,-0.01,432,396,300,337,360
5.84,-2.79,-2.79,-0.03,0.00,0.03,431,396,300,337,360
6.02,-4.34,-4.34,-0.20,-0.01,0.09,432,396,301,337,361
5.03,-4.33,-4.33,-0.88,-0.16,0.18,432,397,301,337,361
5.16,-2.18,-2.18,-1.45,-0.34,0.27,432,396,300,337,361
3.81,0.83,0.83,-1.88,-0.50,-0.02,431,395,300,337,361
1.67,4.43,4.43,-2.04,-0.40,-0.15,430,395,299,337,360
-0.02,9.53,9.53,-1.50,0.08,-0.25,430,395,299,337,360
1.30,13.96,13.96,-0.58,0.29,-1.02,431,396,299,337,360
2.18,16.96,16.96,0.14,0.42,-0.69,431,396,301,338,361
3.12,10.38,10.38,0.66,0.84,-0.16,431,396,303,339,361
5.02,9.17,9.17,1.04,0.63,-0.29,431,396,304,340,362
6.20,6.46,6.46,1.33,0.54,-0.01,431,396,304,340,363
7.16,4.59,4.59,1.55,0.40,0.31,430,396,304,340,363
6.73,1.24,1.24,1.27,0.17,0.60,430,396,302,340,362
5.81,-1.89,-1.89,0.77,-0.08,0.71,430,396,301,339,362
4.90,-5.00,-5.00,0.04,-0.27,0.61,430,396,300,338,361
3.48,-4.85,-4.85,-0.99,-0.36,0.70,429,396,299,337,360
2.23,-0.82,-0.82,-1.84,-0.41,0.46,429,395,299,337,359
1.46,4.87,4.87,-1.74,-0.26,-0.09,429,395,298,337,359
1.62,8.16,8.16,-1.43,-0.06,-0.27,429,395,298,336,359
2.12,11.93,11.93,-0.79,0.08,-0.74,430,396,299,336,359
2.56,12.59,12.59,-0.28,0.22,-0.74,430,396,299,336,359
2.33,11.84,11.84,0.14,0.34,-0.40,430,396,299,337,360
3.18,10.35,10.35,0.70,0.44,-0.27,430,396,300,338,361
4.53,7.99,7.99,1.00,0.38,-0.18,430,396,301,338,362
5.36,6.70,6.70,1.12,0.33,0.05,430,396,302,339,363
5.31,4.64,4.64,1.27,0.25,0.26,430,396,302,339,363
3.90,2.71,2.71,1.05,0.18,0.53,429,396,301,339,362
END
4.04,1.59,1.59,1.01,0.09,0.41,428,396,300,339,360
4.66,-1.32,-1.32,0.03,0.01,-0.02,428,396,300,339,360
4.78,-1.53,-1.53,0.03,0.01,-0.03,428,396,300,339,360
5.07,-1.18,-1.18,0.03,0.00,-0.06,428,396,300,339,360
4.92,-1.49,-1.49,0.03,-0.01,-0.03,428,396,300,339,360
5.13,-1.23,-1.23,0.02,0.02,-0.03,428,396,300,339,360
5.05,-1.13,-1.13,0.01,-0.00,-0.02,428,396,300,339,360
4.85,-1.69,-1.69,0.03,0.02,-0.02,428,396,300,339,360
6.02,-2.07,-2.07,0.01,-0.00,0.01,428,396,300,339,360
7.37,-3.82,-3.82,-0.06,0.01,0.13,427,396,300,339,360
5.41,-5.25,-5.25,-0.73,-0.06,0.31,428,396,300,339,360
5.48,-3.04,-3.04,-1.41,-0.39,0.40,428,396,300,339,360
2.72,1.29,1.29,-1.99,-0.56,0.30,428,395,299,338,360
0.81,4.10,4.10,-1.76,-0.44,0.02,427,395,299,338,359
-0.51,9.70,9.70,-1.36,-0.10,-0.35,427,395,298,337,359
-0.37,12.28,12.28,-0.67,0.12,-1.02,428,395,299,337,359
1.18,14.96,14.96,0.13,0.48,-0.72,429,396,300,338,361
1.91,11.58,11.58,0.81,0.76,-0.22,429,396,301,338,361
3.36,8.76,8.76,1.17,0.89,-0.18,429,396,303,339,361
6.26,5.23,5.23,1.49,0.79,-0.07,429,396,303,340,362
7.35,2.61,2.61,1.41,0.54,0.12,428,396,303,340,363
7.84,-1.35,-1.35,1.05,0.38,0.54,428,396,303,340,363
6.98,-3.55,-3.55,0.11,-0.34,0.52,428,396,302,339,362
5.90,-3.92,-3.92,-0.60,-0.57,0.67,427,396,301,339,361
2.87,-2.73,-2.73,-0.96,-0.18,0.66,427,396,300,338,360
1.37,0.80,0.80,-1.64,-0.37,0.28,427,395,299,338,359
2.36,4.57,4.57,-1.53,-0.39,-0.09,426,395,299,337,359
1.69,9.56,9.56,-1.29,-0.03,-0.48,426,395,299,337,359
0.10,11.03,11.03,-0.80,0.14,-0.69,427,395,298,337,359
1.86,13.94,13.94,-0.56,-0.00,-0.53,427,395,298,337,360
2.13,13.05,13.05,0.17,0.27,-0.36,428,396,299,337,360
1.90,11.21,11.21,0.88,0.41,-0.33,428,396,299,337,361
3.07,8.82,8.82,1.10,0.49,-0.09,428,396,300,338,362
4.75,6.14,6.14,1.35,0.47,-0.09,429,396,301,338,363
5.17,4.92,4.92,1.29,0.33,0.20,428,396,301,338,364
END
5.18,2.38,2.38,1.25,0.14,0.28,427,395,299,338,362
4.68,-1.51,-1.51,0.02,-0.01,-0.04,427,395,299,338,362
4.69,-1.64,-1.64,0.02,0.02,-0.02,427,395,299,338,362
4.77,-1.71,-1.71,0.06,0.01,-0.04,427,395,300,338,362
4.67,-1.64,-1.64,0.03,-0.01,-0.04,427,395,300,338,362
4.67,-1.70,-1.70,0.04,0.02,-0.03,427,395,300,338,362
4.80,-1.88,-1.88,0.06,0.01,-0.03,427,395,300,338,362
6.38,-3.36,-3.36,0.06,0.04,0.06,427,395,300,337,362
5.77,-4.80,-4.80,-0.21,0.00,0.14,427,395,301,337,362
5.29,-4.95,-4.95,-0.79,-0.14,0.11,427,395,302,337,362
4.39,-1.50,-1.50,-1.56,-0.38,0.16,427,395,302,337,362
3.22,1.84,1.84,-1.83,-0.40,0.21,427,395,300,337,361
0.75,6.46,6.46,-1.60,-0.33,-0.18,426,395,299,337,361
1.06,8.27,8.27,-1.64,-0.36,-0.16,426,395,299,337,361
-0.48,10.37,10.37,-0.74,0.33,-0.58,429,395,299,337,360
0.11,14.04,14.04,0.08,0.41,-0.98,434,394,300,338,362
2.75,12.31,12.31,0.43,0.71,-0.27,434,394,303,339,363
4.21,9.99,9.99,1.06,0.82,-0.19,434,394,304,339,364
6.09,7.09,7.09,1.25,0.48,-0.10,433,394,305,339,366
6.60,4.50,4.50,1.28,0.38,0.23,432,394,305,339,366
7.05,1.66,1.66,1.23,0.24,0.50,431,394,304,339,365
6.08,-2.23,-2.23,0.79,0.12,0.67,430,394,303,339,364
5.09,-3.96,-3.96,-0.00,-0.41,0.59,429,394,302,339,363
4.69,-4.31,-4.31,-0.77,-0.34,0.75,428,394,301,339,362
3.02,-1.55,-1.55,-1.32,-0.45,0.48,428,394,300,338,361
1.97,2.26,2.26,-1.40,-0.37,-0.07,427,394,300,337,361
0.90,5.61,5.61,-1.37,-0.16,-0.20,427,394,299,337,361
-0.06,10.90,10.90,-1.16,-0.15,-0.67,428,394,299,337,360
0.29,12.60,12.60,-0.72,-0.02,-0.66,428,394,299,337,361
0.65,13.33,13.33,0.09,0.39,-0.50,429,395,299,337,361
2.18,10.27,10.27,0.39,0.49,-0.21,429,395,299,338,362
3.25,8.87,8.87,0.83,0.69,-0.16,429,395,300,338,362
5.02,7.20,7.20,1.01,0.53,-0.11,429,395,301,338,363
5.23,4.76,4.76,1.11,0.43,0.07,428,395,301,338,364
5.41,3.97,3.97,1.14,0.24,0.19,428,394,301,338,364
END
4.19,2.19,2.19,1.03,0.18,0.35,426,394,300,338,361
4.72,-1.72,-1.72,0.00,0.00,-0.03,426,394,300,338,361
5.17,-1.79,-1.79,0.02,0.01,-0.04,426,394,300,338,361
4.74,-1.69,-1.69,0.02,-0.01,-0.03,426,394,300,338,362
4.68,-1.42,-1.42,0.02,-0.00,-0.03,426,394,300,338,361
5.07,-1.63,-1.63,0.04,0.02,-0.04,426,394,300,338,361
4.92,-1.82,-1.82,0.01,-0.02,-0.04,426,394,300,338,362
5.00,-1.89,-1.89,0.03,0.01,-0.03,426,394,300,338,362
6.47,-3.09,-3.09,-0.04,-0.01,0.07,426,394,300,338,361
6.88,-4.82,-4.82,-0.48,-0.07,0.42,426,394,301,339,362
4.41,-3.78,-3.78,-1.13,-0.19,0.41,426,394,302,338,362
3.36,-1.35,-1.35,-1.39,-0.40,0.19,426,394,301,339,362
2.91,0.57,0.57,-1.73,-0.33,0.11,426,393,300,338,362
1.13,3.85,3.85,-1.43,-0.01,-0.12,425,393,299,337,361
-0.66,9.50,9.50,-1.43,0.07,-0.67,426,394,298,337,360
1.58,12.79,12.79,-0.88,-0.06,-0.97,427,394,299,337,361
0.83,14.18,14.18,-0.20,0.43,-0.74,428,395,299,337,360
2.52,12.60,12.60,0.19,0.50,-0.32,428,395,300,338,362
3.75,11.39,11.39,1.02,0.97,-0.11,428,395,302,339,363
5.29,7.42,7.42,1.27,0.72,-0.00,427,395,303,340,363
6.93,4.90,4.90,1.36,0.43,0.18,427,395,303,340,363
6.68,3.12,3.12,1.28,0.27,0.47,427,395,303,340,363
5.86,-0.62,-0.62,0.96,0.09,0.63,426,394,303,339,363
5.15,-2.97,-2.97,0.42,-0.17,0.61,426,394,302,339,362
4.87,-4.29,-4.29,-0.38,-0.13,0.83,426,394,301,339,361
3.27,-3.06,-3.06,-0.96,-0.25,0.43,426,394,300,338,361
2.91,-0.22,-0.22,-1.62,-0.44,0.21,425,394,300,338,361
1.74,3.68,3.68,-1.60,-0.29,-0.19,425,394,299,337,360
2.25,7.48,7.48,-1.66,-0.32,-0.19,425,394,299,337,360
1.94,11.21,11.21,-0.69,0.17,-0.87,425,394,299,337,360
1.28,13.34,13.34,-0.35,0.27,-0.61,425,394,299,337,360
1.64,12.45,12.45,0.03,0.29,-0.29,425,394,299,337,360
2.32,11.56,11.56,0.73,0.54,-0.36,426,395,299,337,361
2.72,10.24,10.24,1.09,0.26,-0.58,427,395,300,337,361
4.19,7.90,7.90,1.12,0.17,-0.26,427,395,301,337,363
END
4.37,5.46,5.46,1.36,0.61,0.17,424,394,299,340,361
4.67,-0.93,-0.93,0.05,-0.01,-0.04,424,394,299,340,361
4.87,-0.90,-0.90,0.03,0.02,-0.03,424,394,299,340,361
4.80,-1.01,-1.01,0.07,0.01,-0.03,424,394,299,340,361
4.74,-0.92,-0.92,0.04,-0.00,-0.05,424,394,299,340,361
4.59,-1.02,-1.02,0.04,0.01,-0.04,424,394,299,340,361
5.19,-0.85,-0.85,0.04,0.01,-0.06,424,394,299,340,361
4.97,-1.28,-1.28,0.03,0.03,-0.02,424,394,299,340,361
5.05,-0.65,-0.65,0.03,-0.02,-0.05,424,394,300,340,361
5.40,-1.36,-1.36,0.06,0.02,-0.03,424,394,300,340,361
6.58,-2.51,-2.51,-0.01,-0.01,0.03,424,394,300,339,361
7.21,-4.92,-4.92,-0.27,0.04,0.27,424,394,300,339,361
6.47,-4.06,-4.06,-1.05,-0.20,0.45,424,394,300,338,361
5.16,-0.88,-0.88,-1.65,-0.60,0.43,424,394,299,338,361
1.90,1.23,1.23,-1.78,-0.38,0.50,424,394,299,338,360
0.69,6.19,6.19,-1.62,-0.16,-0.23,423,393,298,337,360
-0.20,9.69,9.69,-1.09,0.07,-0.83,423,394,298,337,359
0.02,13.92,13.92,-0.66,0.18,-1.00,424,394,299,337,360
1.22,15.69,15.69,-0.26,0.52,-0.40,425,395,299,337,360
2.79,12.58,12.58,0.98,0.76,-0.29,425,395,300,338,361
4.91,8.24,8.24,1.31,0.82,-0.17,426,395,302,339,363
6.04,6.78,6.78,1.45,0.67,-0.07,426,395,303,340,363
6.75,3.71,3.71,1.55,0.53,0.16,426,395,303,340,364
7.34,0.30,0.30,1.31,0.48,0.56,425,395,303,340,364
6.53,-3.01,-3.01,0.87,0.21,0.70,424,395,302,340,363
6.06,-5.46,-5.46,-0.12,-0.35,0.57,424,395,301,339,362
4.06,-4.71,-4.71,-1.00,-0.28,0.75,423,394,300,339,361
2.56,-1.31,-1.31,-1.51,-0.36,0.30,423,394,300,338,361
2.89,2.40,2.40,-1.82,-0.38,-0.01,423,394,299,337,360
3.13,6.50,6.50,-1.62,-0.15,-0.31,423,394,299,337,360
1.79,10.98,10.98,-1.30,-0.12,-0.72,423,394,299,337,360
2.03,13.90,13.90,-0.81,-0.09,-0.53,423,394,298,336,360
1.08,15.70,15.70,0.20,0.29,-0.50,424,394,298,337,360
1.45,11.70,11.70,0.75,0.43,-0.15,424,395,299,337,361
2.94,8.67,8.67,1.07,0.54,-0.02,424,395,300,338,361
END
5.12,6.40,6.40,1.28,0.41,-0.20,437,396,299,340,351
4.97,-1.44,-1.44,0.06,0.01,-0.03,437,396,299,340,350
5.22,-1.31,-1.31,0.04,0.01,-0.03,437,395,299,340,351
5.35,-1.59,-1.59,0.04,-0.01,-0.03,437,395,299,339,352
5.34,-1.46,-1.46,0.03,-0.01,-0.04,437,395,299,339,355
5.35,-1.54,-1.54,-0.01,-0.01,-0.01,437,395,299,339,356
5.92,-2.07,-2.07,-0.05,-0.03,0.02,437,395,299,339,356
6.90,-3.28,-3.28,-0.21,-0.06,0.16,436,394,299,339,357
5.11,-4.21,-4.21,-0.85,-0.21,0.28,436,394,299,339,357
5.25,-2.15,-2.15,-1.58,-0.67,0.24,435,394,299,338,357
3.27,0.50,0.50,-1.98,-0.64,0.23,433,394,299,338,356
-0.78,3.51,3.51,-2.21,-0.20,0.46,432,394,298,338,357
2.66,9.07,9.07,-1.41,-0.37,-1.02,435,394,298,337,361
2.36,12.89,12.89,-0.94,-0.09,-0.83,435,394,298,337,362
-1.23,16.58,16.58,-0.05,0.64,-0.53,438,395,298,337,361
1.42,15.49,15.49,0.73,0.56,-0.19,437,395,299,338,364
3.37,10.65,10.65,1.59,1.02,-0.08,438,394,301,339,366
4.32,7.08,7.08,1.65,0.77,0.10,438,394,301,339,367
6.12,3.77,3.77,1.79,0.67,0.25,436,394,302,340,368
5.81,1.21,1.21,1.24,0.31,0.40,435,393,301,339,367
6.47,-2.28,-2.28,0.84,0.18,0.56,434,394,300,339,366
6.27,-4.64,-4.64,0.17,-0.13,0.50,433,394,300,338,364
5.05,-4.67,-4.67,-0.83,-0.37,0.77,431,394,299,338,362
4.20,-2.56,-2.56,-1.34,-0.44,0.60,431,394,299,338,361
1.74,1.33,1.33,-1.57,-0.43,0.17,430,394,298,337,361
0.63,4.97,4.97,-1.63,-0.27,0.26,429,393,298,337,360
3.70,8.29,8.29,-1.43,-0.35,-0.46,428,393,298,337,360
1.33,10.01,10.01,-0.76,0.38,-0.84,429,393,298,337,359
1.17,13.75,13.75,-0.77,0.03,-0.71,429,394,298,337,360
1.39,13.70,13.70,0.11,0.32,-0.43,430,394,298,337,361
1.25,12.94,12.94,0.77,0.46,-0.49,431,395,299,338,361
3.40,8.39,8.39,1.15,0.47,-0.17,430,394,299,338,361
4.31,7.01,7.01,1.46,0.67,0.03,430,394,300,339,361
4.83,3.93,3.93,1.51,0.59,0.19,430,394,301,339,362
4.90,2.28,2.28,1.34,0.42,0.22,429,394,301,339,362
END
4.99,0.69,0.69,0.95,0.31,0.28,426,393,299,338,360
5.04,-1.27,-1.27,0.04,0.00,-0.02,426,393,299,338,360
5.06,-1.28,-1.28,0.04,0.01,-0.03,426,393,299,338,360
4.96,-1.42,-1.42,0.02,0.00,-0.03,426,393,299,338,360
4.79,-1.33,-1.33,0.03,0.02,-0.02,426,393,298,338,360
5.74,-1.89,-1.89,0.02,0.02,-0.02,426,393,299,338,360
6.35,-3.00,-3.00,-0.05,0.04,0.11,426,393,299,338,360
6.17,-4.28,-4.28,-0.30,0.05,0.17,426,393,299,338,360
5.20,-3.62,-3.62,-0.78,0.13,0.43,426,393,299,338,360
4.87,-2.10,-2.10,-1.38,-0.25,0.23,426,393,299,338,360
1.74,0.62,0.62,-1.59,-0.18,0.04,426,393,298,337,360
1.57,3.68,3.68,-1.99,-0.59,-0.25,425,392,298,337,360
2.12,8.66,8.66,-1.50,-0.14,-0.45,425,392,298,337,360
0.59,11.04,11.04,-0.76,0.23,-0.99,426,392,298,337,360
1.75,14.36,14.36,-0.53,0.11,-0.73,426,393,299,337,360
3.52,16.27,16.27,0.60,0.60,-0.42,427,393,299,338,364
4.69,10.88,10.88,1.25,0.85,0.12,427,393,302,340,364
5.34,8.54,8.54,1.34,0.77,0.18,427,393,303,340,365
6.62,4.47,4.47,1.46,0.34,0.20,426,393,303,341,365
6.46,1.31,1.31,1.41,0.21,0.46,426,393,303,340,364
5.83,-2.62,-2.62,0.87,0.06,0.68,426,393,301,339,363
5.08,-4.08,-4.08,0.18,-0.45,0.42,425,393,300,339,362
4.85,-4.32,-4.32,-0.59,-0.39,0.64,425,393,299,338,361
3.22,-2.46,-2.46,-1.04,-0.34,0.46,425,393,299,338,361
2.86,0.29,0.29,-1.63,-0.31,0.31,424,392,299,337,361
2.05,5.52,5.52,-1.51,-0.09,-0.21,424,392,298,337,361
0.37,8.83,8.83,-1.40,-0.01,-0.74,424,392,298,337,361
0.39,12.68,12.68,-1.53,-0.33,-0.92,424,392,299,337,364
1.01,15.75,15.75,-0.55,0.06,-0.44,424,392,299,337,366
0.09,15.02,15.02,0.51,0.57,-0.43,427,393,299,337,367
1.91,11.57,11.57,1.06,0.70,-0.20,427,393,300,337,368
3.67,8.32,8.32,1.31,0.74,-0.03,428,393,300,337,369
5.01,5.29,5.29,1.18,0.50,0.16,427,393,301,338,369
5.52,3.37,3.37,1.43,0.45,0.31,426,393,302,338,368
4.54,1.82,1.82,1.11,0.25,0.41,425,393,301,338,368
END
4.38,0.45,0.45,1.02,0.18,0.39,429,394,300,339,365
4.69,-0.71,-0.71,-0.06,-0.02,0.03,428,394,300,339,365
4.67,-0.72,-0.72,0.06,-0.07,-0.07,428,394,300,339,365
4.90,-1.51,-1.51,0.11,-0.01,-0.07,428,394,301,339,365
5.45,-1.01,-1.01,0.06,0.02,-0.04,428,394,300,339,365
5.72,-1.61,-1.61,0.06,0.05,-0.01,428,394,300,339,365
7.19,-3.11,-3.11,-0.10,0.05,0.26,428,394,300,339,365
6.30,-5.12,-5.12,-0.56,0.01,0.38,427,393,301,338,365
4.36,-3.75,-3.75,-1.33,-0.30,0.32,427,393,300,338,365
2.73,0.12,0.12,-2.16,-0.55,0.19,426,393,299,338,363
0.98,5.09,5.09,-2.09,-0.63,-0.33,424,393,298,337,363
0.57,10.96,10.96,-1.45,-0.10,-0.61,424,393,298,337,362
-0.06,13.02,13.02,-0.60,0.23,-0.91,425,393,299,337,362
1.09,13.91,13.91,-0.21,0.51,-0.23,426,394,299,338,363
2.76,13.93,13.93,0.77,0.46,-0.28,426,394,300,339,364
3.45,9.10,9.10,1.46,0.89,-0.03,426,395,300,339,364
5.60,5.82,5.82,1.43,0.64,0.09,425,395,300,339,364
7.34,3.23,3.23,1.50,0.25,0.08,425,395,300,339,364
6.84,0.20,0.20,1.30,0.21,0.33,424,394,300,339,364
6.89,-3.30,-3.30,0.63,-0.06,0.49,424,394,300,338,364
5.81,-5.06,-5.06,-0.22,-0.27,0.64,423,394,300,338,363
3.91,-3.86,-3.86,-0.89,-0.16,0.78,423,394,299,337,362
3.29,-0.27,-0.27,-1.52,-0.26,0.53,423,393,299,337,362
1.45,4.89,4.89,-1.57,-0.19,0.02,423,393,298,337,361
0.85,8.13,8.13,-1.74,-0.32,-0.37,422,393,298,337,361
2.74,11.12,11.12,-1.02,-0.08,-0.40,422,393,298,336,361
2.13,13.45,13.45,0.00,0.65,-0.34,422,394,298,336,359
3.40,11.21,11.21,0.13,0.23,-0.27,422,395,298,336,359
3.99,9.33,9.33,0.89,0.42,-0.37,423,395,299,337,359
4.58,8.62,8.62,0.99,0.35,-0.28,423,394,299,337,361
5.12,5.25,5.25,1.28,0.39,-0.20,423,394,300,337,361
5.73,3.51,3.51,1.10,0.29,0.13,423,394,299,337,361
5.07,2.30,2.30,1.09,0.14,0.15,422,394,300,337,361
4.45,1.23,1.23,1.09,0.25,0.21,422,394,299,337,361
4.03,-0.34,-0.34,1.04,0.27,0.11,422,393,299,337,362
END
4.19,-1.11,-1.11,0.86,0.30,0.15,421,392,300,337,364
2.65,5.42,5.42,-0.72,-0.39,-0.04,421,392,300,337,364
1.80,6.08,6.08,-0.18,-0.09,-0.15,422,392,302,337,364
2.44,5.10,5.10,0.17,0.05,-0.13,422,393,304,338,363
2.96,3.65,3.65,0.62,0.34,-0.11,422,393,307,338,364
4.36,1.64,1.64,0.76,0.46,-0.01,422,393,308,338,364
6.30,-2.81,-2.81,0.62,0.35,0.11,421,393,306,339,364
6.41,-4.73,-4.73,-0.08,0.01,0.20,421,393,304,338,363
5.57,-4.26,-4.26,-1.08,-0.49,0.18,421,392,301,337,363
3.55,-1.16,-1.16,-1.91,-0.68,0.29,420,392,299,337,362
1.79,2.51,2.51,-2.15,-0.47,0.12,420,392,299,336,361
1.26,8.19,8.19,-1.31,0.16,-0.52,418,392,298,336,360
-0.27,12.42,12.42,-1.22,0.19,-0.66,417,392,299,336,359
1.19,16.15,16.15,-0.37,0.21,-0.89,418,392,300,337,362
1.60,14.04,14.04,0.98,0.78,-0.34,421,394,303,338,363
2.00,11.00,11.00,1.29,0.88,-0.11,420,393,306,340,363
5.01,7.32,7.32,1.43,0.72,-0.25,421,393,307,341,364
6.46,4.84,4.84,1.45,0.64,0.06,420,393,306,341,365
7.31,2.22,2.22,1.21,0.38,0.38,419,393,304,340,365
7.01,-0.22,-0.22,1.09,0.15,0.50,419,393,302,339,364
5.39,-3.02,-3.02,0.18,-0.19,0.67,418,393,301,338,362
5.06,-4.19,-4.19,-0.37,-0.22,0.77,418,392,300,338,362
2.85,-2.81,-2.81,-1.06,-0.19,0.67,418,392,300,337,361
2.46,0.77,0.77,-1.50,-0.28,0.21,417,391,299,337,360
1.60,3.76,3.76,-1.84,-0.17,0.01,416,391,298,336,360
1.44,8.03,8.03,-1.49,-0.06,-0.58,414,390,298,336,360
2.55,15.13,15.13,-1.52,-0.21,-0.97,412,389,298,336,362
1.97,15.28,15.28,-0.00,0.38,-0.59,413,388,299,336,364
2.47,12.14,12.14,0.59,0.55,-0.21,416,389,299,337,364
3.89,9.69,9.69,1.11,0.62,-0.15,418,391,300,337,364
4.70,8.09,8.09,1.10,0.46,-0.00,419,392,300,337,365
5.48,6.04,6.04,1.32,0.43,0.15,419,392,301,338,365
5.10,3.98,3.98,1.26,0.33,0.35,419,392,301,338,365
4.45,1.58,1.58,1.29,0.38,0.38,419,392,301,338,365
4.32,1.17,1.17,0.97,0.12,0.34,419,392,301,338,365
END
5.20,-1.02,-1.02,0.78,0.10,0.35,418,391,300,342,363
4.90,-1.15,-1.15,0.07,0.01,-0.06,418,391,300,341,363
4.86,-1.26,-1.26,0.04,-0.01,-0.06,418,391,300,341,363
5.21,-1.08,-1.08,0.06,0.02,-0.03,418,391,300,341,363
5.20,-1.28,-1.28,0.05,0.01,-0.04,418,391,300,341,363
5.46,-1.72,-1.72,0.03,0.03,-0.00,418,391,300,341,363
6.80,-2.92,-2.92,-0.07,0.07,0.18,418,391,300,340,363
6.42,-4.67,-4.67,-0.44,0.02,0.34,418,391,300,340,363
5.22,-3.70,-3.70,-1.13,-0.20,0.37,418,391,299,339,363
2.43,-0.60,-0.60,-2.25,-0.34,0.51,417,390,299,339,362
3.22,5.56,5.56,-2.13,-0.81,-0.34,416,390,298,338,362
0.86,8.94,8.94,-1.48,-0.09,-0.63,416,390,298,338,361
1.23,11.50,11.50,-0.77,-0.00,-0.88,416,390,298,337,361
1.11,13.21,13.21,-0.29,0.35,-0.52,417,391,299,338,361
0.88,13.81,13.81,0.50,0.62,-0.52,419,392,300,338,361
2.98,11.37,11.37,1.14,1.06,-0.03,419,392,301,337,362
4.77,7.37,7.37,1.54,0.89,-0.04,419,392,301,338,363
6.96,4.55,4.55,1.53,0.52,-0.05,419,392,301,338,363
8.13,1.03,1.03,1.35,0.35,0.22,418,392,302,339,364
7.45,-1.87,-1.87,0.82,0.17,0.49,418,391,302,339,364
7.98,-3.62,-3.62,0.10,-0.44,0.45,418,391,302,339,363
5.38,-3.78,-3.78,-1.00,-0.52,0.89,417,391,301,338,362
3.07,-2.37,-2.37,-1.49,-0.63,0.65,417,390,300,338,361
0.78,2.11,2.11,-1.91,-0.50,0.44,416,389,299,338,361
0.52,5.45,5.45,-1.93,-0.31,0.04,415,389,299,337,361
0.88,10.82,10.82,-1.29,0.03,-0.55,414,389,298,338,360
0.88,16.00,16.00,-0.84,0.04,-0.77,414,389,299,337,361
0.50,15.97,15.97,0.25,0.52,-0.49,415,389,299,338,361
1.36,11.81,11.81,0.72,0.70,-0.38,417,391,301,338,362
END