4.17,-3.75,-8.13,0.03,0.01,-0.03,325,347,412,418,330
4.15,-3.97,-8.02,0.02,-0.00,-0.03,325,347,412,418,330
4.16,-3.92,-7.97,0.04,0.00,-0.04,325,347,412,418,330
4.29,-3.95,-8.07,0.03,-0.01,-0.04,325,347,412,418,330
4.13,-4.00,-7.99,0.04,-0.00,-0.04,325,347,412,418,330
4.06,-4.02,-7.84,0.03,-0.00,-0.03,325,347,412,418,330
4.11,-3.87,-8.09,0.03,0.00,-0.03,325,347,412,418,330
4.15,-3.92,-8.14,0.03,-0.00,-0.03,325,347,412,418,330
4.13,-3.87,-8.05,0.04,-0.00,-0.03,325,347,412,418,331
4.11,-3.97,-8.08,0.04,0.00,-0.04,325,347,412,418,330
4.16,-3.89,-7.96,0.04,0.01,-0.04,325,347,412,418,330
4.30,-3.95,-7.96,0.04,-0.00,-0.04,325,347,412,418,330
4.26,-3.98,-8.14,0.04,-0.00,-0.03,325,347,412,418,330
4.19,-3.95,-8.15,0.02,0.00,-0.03,325,347,412,418,330
4.22,-3.93,-8.03,0.03,0.00,-0.03,325,347,412,418,330
4.08,-3.97,-7.85,0.03,0.00,-0.03,325,347,412,418,330
4.10,-3.98,-8.02,0.04,0.00,-0.04,325,347,412,418,330
4.21,-3.99,-7.98,0.03,-0.00,-0.03,325,348,412,418,330
4.15,-3.91,-8.00,0.03,-0.00,-0.04,325,347,412,418,330
4.22,-3.93,-8.13,0.04,0.00,-0.04,325,347,412,418,330
4.22,-4.06,-7.92,0.04,0.00,-0.03,325,347,412,418,331
4.28,-3.85,-8.20,0.03,0.00,-0.03,325,347,412,418,330
4.19,-3.95,-7.97,0.03,-0.00,-0.04,325,347,412,418,330
4.18,-3.92,-8.02,0.02,-0.00,-0.04,325,347,412,418,330
4.13,-3.96,-7.89,0.04,-0.00,-0.04,325,347,412,418,330
4.27,-4.03,-8.02,0.03,0.00,-0.03,325,347,412,418,330
4.06,-4.04,-7.79,0.04,-0.00,-0.03,325,347,412,418,330
4.19,-4.03,-8.00,0.03,-0.00,-0.04,324,347,412,418,330
4.16,-3.98,-8.08,0.03,-0.00,-0.04,325,347,412,418,330
4.31,-3.99,-8.16,0.04,0.00,-0.03,325,347,412,418,330
4.14,-3.93,-8.04,0.04,0.00,-0.04,325,347,412,418,330
4.13,-3.97,-8.10,0.03,0.00,-0.04,325,347,412,418,330
4.34,-3.96,-8.04,0.03,0.01,-0.03,325,347,412,418,330
END
4.26,-3.95,-8.03,0.03,-0.00,-0.04,325,347,411,418,330
4.21,-4.07,-8.00,0.03,0.00,-0.03,325,347,411,418,330
3.37,-3.91,-8.08,0.03,-0.03,-0.08,325,347,411,417,330
5.23,-3.96,-7.87,0.03,-0.21,-0.38,324,348,411,418,330
3.57,-3.73,-8.13,0.03,0.03,0.05,324,347,411,418,330
4.21,-3.84,-8.12,0.03,0.02,0.01,325,347,411,418,330
4.04,-3.88,-8.20,0.02,0.03,0.01,324,347,411,418,330
4.27,-3.85,-8.18,0.04,-0.01,-0.03,324,347,411,418,330
3.93,-3.93,-8.01,0.04,-0.00,-0.04,325,347,411,418,330
4.12,-3.91,-8.10,0.03,0.01,-0.03,324,347,411,418,330
4.03,-3.87,-8.05,0.04,0.04,0.04,324,347,411,418,330
4.34,-3.93,-8.03,0.04,-0.00,-0.05,324,347,411,418,330
4.17,-3.90,-8.08,0.03,-0.01,-0.04,324,347,411,418,330
4.08,-3.85,-8.12,0.04,0.01,-0.04,324,347,411,418,330
4.31,-3.93,-8.21,0.04,0.01,-0.04,324,347,411,417,330
4.25,-3.91,-7.94,0.04,-0.01,-0.04,324,347,411,417,330
4.30,-3.96,-8.06,0.04,-0.01,-0.04,325,347,411,418,330
4.24,-3.95,-8.10,0.04,-0.00,-0.03,324,348,411,418,330
4.14,-3.98,-8.14,0.02,-0.00,-0.03,324,347,411,418,330
4.14,-4.00,-8.13,0.03,-0.00,-0.03,325,347,411,418,330
4.01,-3.85,-8.02,0.02,-0.01,-0.04,324,347,411,418,330
4.08,-3.83,-8.18,0.03,0.00,-0.04,324,347,411,418,330
4.18,-3.90,-8.13,0.04,-0.00,-0.05,324,347,411,417,330
4.01,-4.03,-7.99,0.04,0.00,-0.03,324,347,410,417,330
4.20,-3.98,-8.09,0.04,0.00,-0.04,325,347,411,417,330
4.29,-3.83,-8.09,0.03,0.00,-0.04,324,347,411,417,331
4.22,-3.93,-8.20,0.03,-0.00,-0.04,324,347,411,418,330
4.14,-3.90,-7.81,0.04,0.00,-0.03,325,347,411,418,330
4.30,-3.98,-8.13,0.04,-0.00,-0.03,325,347,411,418,330
4.03,-3.93,-7.95,0.03,-0.01,-0.03,325,347,411,418,330
4.21,-3.85,-8.16,0.04,0.00,-0.03,325,347,411,418,330
4.19,-3.95,-8.10,0.03,0.00,-0.04,325,347,411,417,330
4.11,-3.85,-8.08,0.03,-0.01,-0.04,325,347,411,417,330
END
4.06,-3.91,-8.09,0.03,-0.00,-0.03,324,347,410,417,330
4.25,-3.87,-8.13,0.03,-0.00,-0.04,325,347,410,417,330
4.25,-3.94,-8.05,0.04,-0.00,-0.04,325,347,410,417,330
4.03,-3.85,-7.84,0.04,0.00,-0.04,325,347,410,417,330
4.32,-3.92,-8.16,0.03,-0.00,-0.03,325,347,410,417,330
4.10,-3.95,-8.00,0.03,-0.01,-0.03,325,347,410,417,330
4.14,-3.96,-8.02,0.03,-0.01,-0.04,325,347,410,417,330
4.13,-3.86,-8.08,0.05,0.01,-0.04,325,347,410,417,330
4.08,-3.97,-8.16,0.02,-0.01,-0.04,325,347,410,417,330
4.03,-4.02,-7.72,0.03,0.00,-0.04,324,347,410,417,330
4.28,-3.99,-8.08,0.03,-0.00,-0.04,325,347,410,417,330
4.15,-3.98,-7.92,0.03,-0.00,-0.03,325,347,410,417,330
4.15,-3.90,-8.08,0.03,-0.00,-0.04,325,347,410,417,330
4.26,-3.84,-8.14,0.03,0.01,-0.03,325,347,410,417,330
4.23,-4.01,-7.98,0.03,-0.00,-0.03,325,347,410,417,330
4.21,-3.93,-8.05,0.03,-0.01,-0.03,325,347,410,417,330
4.11,-3.97,-7.79,0.03,-0.01,-0.04,325,348,410,417,330
4.19,-3.98,-8.33,0.02,-0.04,-0.09,325,348,410,417,330
3.87,-3.87,-8.10,0.02,0.00,-0.01,325,347,410,417,330
4.13,-3.91,-8.16,0.03,0.01,-0.03,325,347,410,417,331
4.13,-3.96,-7.86,0.04,-0.00,-0.04,325,347,409,417,330
3.98,-3.81,-8.06,0.03,-0.01,-0.03,324,348,410,417,330
4.03,-3.90,-8.02,0.03,-0.01,-0.03,324,347,410,417,330
4.03,-3.82,-8.34,0.03,0.00,-0.03,325,347,410,417,330
4.19,-3.83,-8.08,0.02,0.01,-0.03,325,347,410,417,330
4.31,-3.93,-8.28,0.02,0.01,-0.03,325,347,410,417,330
4.19,-3.85,-8.03,0.04,0.00,-0.03,325,348,410,417,330
4.06,-3.79,-8.18,0.04,-0.02,-0.04,325,347,410,417,330
4.07,-3.86,-8.15,0.04,-0.00,-0.04,324,347,410,417,330
4.16,-3.88,-8.28,0.04,-0.00,-0.04,324,347,410,417,330
4.19,-3.88,-8.25,0.03,-0.00,-0.04,325,347,409,417,330
4.01,-3.91,-7.91,0.03,-0.00,-0.04,324,347,409,417,330
4.18,-3.86,-8.14,0.04,0.00,-0.04,324,347,410,417,330
END
4.37,-3.76,-8.41,0.04,-0.00,-0.04,325,347,409,417,330
4.06,-3.90,-8.11,0.03,-0.01,-0.04,325,348,410,417,330
4.21,-3.91,-8.31,0.03,-0.01,-0.04,324,348,410,417,330
4.11,-3.85,-8.46,0.03,-0.02,-0.04,325,348,409,417,330
4.06,-3.87,-8.13,0.03,-0.01,-0.03,324,348,409,417,330
3.99,-3.86,-8.13,0.02,-0.00,-0.04,324,347,409,417,330
4.04,-3.85,-8.28,0.02,-0.00,-0.03,324,347,409,417,330
4.06,-3.85,-8.38,0.02,-0.01,-0.04,324,347,409,417,330
3.93,-3.75,-8.29,0.03,-0.01,-0.03,324,348,409,417,330
3.98,-3.85,-8.17,0.04,0.00,-0.04,324,348,409,417,330
4.08,-3.90,-8.10,0.04,-0.00,-0.03,324,348,409,417,330
4.05,-3.79,-8.24,0.03,-0.00,-0.03,324,348,409,417,330
3.98,-3.80,-8.24,0.04,0.01,-0.03,324,348,409,417,330
4.04,-3.85,-8.14,0.04,0.00,-0.04,324,347,409,417,330
4.12,-3.94,-8.14,0.03,-0.00,-0.04,324,347,409,417,330
4.01,-3.83,-8.18,0.03,-0.00,-0.04,325,347,409,417,330
3.97,-3.82,-8.15,0.04,0.01,-0.04,324,347,409,417,331
4.05,-3.83,-8.33,0.04,0.00,-0.04,324,347,409,416,330
4.05,-3.84,-8.18,0.04,-0.00,-0.04,325,348,409,417,330
4.11,-3.98,-8.26,0.03,0.00,-0.04,325,348,409,417,330
4.06,-3.86,-8.20,0.02,0.00,-0.03,325,348,409,417,330
3.93,-3.78,-8.27,0.03,0.01,-0.03,325,348,409,417,330
4.11,-3.80,-8.20,0.04,0.01,-0.03,325,348,409,417,330
4.10,-3.91,-8.21,0.03,-0.01,-0.04,325,348,409,417,330
4.09,-3.91,-8.17,0.03,-0.01,-0.04,324,347,409,417,330
4.04,-3.95,-8.20,0.03,-0.01,-0.03,325,347,409,417,330
4.09,-3.83,-8.11,0.03,-0.01,-0.03,324,348,409,417,330
3.98,-3.83,-8.14,0.03,-0.01,-0.03,324,348,409,417,330
4.03,-3.80,-8.17,0.03,0.00,-0.03,324,348,409,417,330
4.08,-3.86,-8.08,0.03,-0.00,-0.04,325,348,409,416,330
4.11,-3.96,-8.16,0.03,-0.01,-0.04,325,348,409,417,330
3.89,-3.78,-8.13,0.03,0.00,-0.03,324,348,409,417,330
4.10,-3.80,-8.11,0.03,0.01,-0.03,325,348,409,416,330
END
4.21,-3.83,-8.11,0.03,-0.01,-0.04,325,348,408,416,330
4.05,-3.94,-8.14,0.02,-0.00,-0.03,325,348,408,416,330
4.03,-3.87,-8.18,0.02,-0.00,-0.03,325,348,408,417,330
4.07,-3.88,-8.20,0.03,0.00,-0.04,325,348,408,416,330
4.08,-3.90,-8.22,0.03,-0.00,-0.04,325,348,408,416,330
4.08,-3.88,-8.18,0.03,0.00,-0.03,325,348,408,416,330
4.11,-3.92,-8.25,0.03,0.00,-0.03,325,348,408,417,330
4.03,-3.79,-8.26,0.03,0.01,-0.02,325,348,408,416,330
4.03,-3.91,-8.18,0.04,0.01,-0.03,325,348,408,416,330
4.13,-3.92,-8.11,0.03,0.00,-0.03,325,348,408,416,330
4.13,-3.91,-8.05,0.03,-0.01,-0.03,325,348,408,416,330
3.98,-3.93,-8.13,0.03,-0.01,-0.04,324,348,408,416,330
3.90,-3.94,-8.13,0.03,-0.01,-0.03,324,348,408,416,330
4.08,-4.05,-8.27,0.03,-0.01,-0.04,325,348,408,416,330
3.96,-3.89,-8.20,0.03,-0.02,-0.03,325,348,408,416,330
3.66,-3.91,-8.19,0.03,0.00,-0.02,324,348,408,416,330
4.06,-3.96,-8.28,0.03,0.00,-0.03,325,348,408,416,330
4.08,-3.80,-8.21,0.04,0.00,-0.03,325,348,408,416,330
4.03,-3.87,-8.28,0.03,-0.01,-0.04,325,348,408,416,330
3.91,-3.96,-8.18,0.03,0.00,-0.03,325,348,408,416,330
4.04,-3.94,-8.21,0.03,0.01,-0.03,325,348,408,416,330
4.02,-3.87,-8.18,0.03,-0.00,-0.03,325,348,408,416,330
4.02,-3.87,-8.18,0.04,-0.00,-0.03,325,348,408,416,330
4.12,-3.87,-8.20,0.04,-0.01,-0.04,325,348,408,416,330
4.03,-3.91,-8.18,0.04,-0.01,-0.04,325,348,408,416,330
3.98,-4.03,-8.09,0.04,-0.00,-0.03,324,348,408,416,330
3.98,-4.00,-8.13,0.03,-0.00,-0.03,325,348,408,416,330
4.08,-3.96,-8.10,0.03,-0.00,-0.03,325,348,408,416,330
4.01,-3.88,-8.25,0.03,-0.01,-0.03,325,348,408,416,330
3.98,-3.85,-8.28,0.03,-0.00,-0.04,325,348,408,416,330
4.01,-3.91,-8.28,0.03,0.00,-0.04,325,348,408,416,330
4.01,-3.90,-8.21,0.03,0.01,-0.03,324,348,408,416,330
3.99,-3.93,-8.09,0.03,-0.01,-0.03,325,348,408,416,330
END
4.01,-3.84,-8.25,0.03,0.01,-0.03,325,348,407,416,330
3.91,-3.85,-8.28,0.03,-0.00,-0.03,325,348,407,416,330
3.94,-4.03,-8.14,0.03,-0.01,-0.04,325,348,408,416,330
4.01,-4.01,-8.11,0.04,-0.00,-0.04,325,348,408,416,330
3.93,-3.92,-8.43,0.03,-0.00,-0.03,325,348,408,416,330
4.01,-3.98,-8.26,0.02,0.00,-0.03,325,348,408,416,330
3.90,-3.84,-8.11,0.03,-0.00,-0.03,325,348,408,416,330
3.82,-3.87,-8.26,0.03,-0.00,-0.04,326,348,407,416,330
3.91,-4.02,-8.22,0.03,0.01,-0.04,325,348,407,416,330
4.06,-3.91,-8.19,0.03,0.02,-0.04,325,348,407,416,330
4.13,-3.86,-8.23,0.03,-0.00,-0.03,325,348,407,417,330
3.96,-3.84,-8.15,0.03,-0.00,-0.04,325,348,407,416,330
3.98,-3.94,-8.23,0.03,-0.02,-0.03,325,348,407,416,330
4.03,-3.94,-8.15,0.04,0.01,-0.04,325,348,407,416,330
4.10,-3.99,-8.13,0.04,0.00,-0.03,325,348,407,416,330
4.13,-3.92,-8.21,0.03,-0.00,-0.04,325,348,407,416,330
4.03,-3.94,-8.20,0.03,-0.00,-0.03,325,348,407,416,330
3.93,-3.99,-8.14,0.03,-0.00,-0.03,325,348,407,416,330
3.96,-3.96,-8.26,0.03,0.00,-0.03,325,348,407,416,330
4.03,-3.94,-8.28,0.03,-0.00,-0.03,325,348,407,416,330
3.94,-3.84,-8.24,0.03,-0.00,-0.03,325,348,407,416,330
4.07,-3.83,-8.18,0.03,0.00,-0.03,325,348,407,416,330
4.07,-3.89,-8.23,0.03,-0.01,-0.03,325,348,407,416,330
4.03,-3.88,-8.20,0.03,-0.00,-0.03,325,349,407,416,330
3.99,-3.96,-8.18,0.03,-0.00,-0.03,325,349,407,416,330
3.98,-3.98,-8.23,0.03,-0.00,-0.03,325,348,407,416,330
4.06,-3.83,-8.20,0.04,0.01,-0.03,325,348,407,416,330
3.93,-3.98,-8.26,0.03,-0.01,-0.03,325,348,407,416,330
3.93,-3.88,-8.35,0.04,0.00,-0.04,325,348,407,416,330
4.06,-3.83,-8.33,0.04,0.01,-0.04,325,349,407,416,330
4.03,-4.00,-8.25,0.04,0.01,-0.04,325,348,407,416,330
4.12,-4.11,-8.03,0.03,0.01,-0.03,325,348,407,416,330
4.02,-3.95,-8.10,0.03,-0.00,-0.03,325,348,407,416,330
END
4.00,-3.94,-8.08,0.03,-0.00,-0.04,325,348,407,416,330
3.96,-3.98,-8.18,0.03,0.00,-0.03,325,348,407,416,330
4.06,-3.86,-8.29,0.02,0.00,-0.03,325,348,407,416,330
3.91,-3.89,-8.23,0.03,-0.00,-0.03,325,348,407,416,330
4.00,-3.90,-8.16,0.04,0.00,-0.03,325,348,407,416,330
4.01,-4.03,-8.13,0.04,0.01,-0.04,325,349,407,416,330
4.13,-3.93,-8.23,0.04,0.00,-0.04,324,348,407,416,330
3.96,-3.98,-8.22,0.03,-0.00,-0.04,325,348,407,416,330
3.93,-3.93,-8.21,0.04,-0.00,-0.04,325,348,407,416,330
4.04,-3.98,-8.15,0.04,0.01,-0.03,325,348,407,416,330
4.01,-3.91,-8.14,0.03,0.00,-0.03,325,348,407,416,330
3.99,-3.80,-8.10,0.03,-0.00,-0.04,325,348,407,416,330
4.04,-3.99,-8.23,0.04,-0.00,-0.04,325,348,407,416,330
3.94,-3.94,-8.03,0.03,-0.00,-0.03,325,348,407,416,330
3.98,-3.85,-8.19,0.03,0.00,-0.03,325,348,407,416,330
3.98,-3.88,-8.15,0.03,0.00,-0.03,325,348,407,416,330
3.95,-3.93,-8.15,0.03,0.00,-0.03,325,349,407,416,330
4.00,-3.94,-8.19,0.03,0.00,-0.03,324,349,407,416,330
4.09,-3.96,-8.23,0.04,-0.00,-0.03,324,348,407,416,330
3.91,-3.86,-8.19,0.03,-0.00,-0.03,325,348,407,416,330
3.95,-3.96,-8.15,0.04,0.00,-0.03,325,348,407,416,330
4.07,-3.94,-8.23,0.03,-0.01,-0.03,325,348,407,416,330
4.01,-3.96,-8.09,0.03,-0.00,-0.03,325,348,407,416,330
3.96,-3.96,-8.28,0.04,-0.00,-0.03,325,348,407,416,330
3.97,-3.95,-8.15,0.03,0.00,-0.03,325,348,406,416,330
4.02,-3.96,-8.17,0.03,-0.00,-0.03,325,348,407,416,330
3.93,-4.02,-8.20,0.03,-0.01,-0.03,325,348,407,416,330
3.91,-3.90,-8.02,0.03,0.00,-0.03,324,348,407,416,330
3.98,-3.97,-8.13,0.03,-0.01,-0.03,325,348,407,416,330
3.97,-3.87,-8.21,0.03,-0.01,-0.04,325,349,407,416,330
3.87,-3.93,-8.08,0.04,-0.00,-0.03,325,349,407,416,330
3.89,-3.87,-8.28,0.03,0.00,-0.03,325,348,407,416,330
3.98,-3.87,-8.27,0.02,0.00,-0.03,325,348,407,416,330
END
4.01,-3.91,-8.17,0.03,0.01,-0.03,325,348,406,416,330
4.02,-3.95,-8.13,0.03,-0.00,-0.03,325,348,406,416,330
3.92,-3.93,-7.99,0.02,-0.00,-0.03,324,349,406,416,330
3.95,-3.87,-8.13,0.03,0.00,-0.04,324,348,406,416,330
4.08,-3.97,-8.13,0.04,0.00,-0.04,325,348,406,416,330
4.01,-4.03,-8.12,0.03,-0.01,-0.04,325,348,406,416,330
3.95,-3.97,-8.12,0.03,0.00,-0.03,325,348,406,416,330
3.95,-3.86,-8.18,0.02,-0.01,-0.03,325,348,406,416,330
4.06,-3.85,-8.24,0.02,-0.00,-0.03,325,348,406,416,330
3.83,-3.93,-8.11,0.03,0.00,-0.03,325,348,406,416,330
3.98,-3.91,-8.08,0.04,-0.00,-0.04,325,348,406,415,330
4.01,-3.88,-8.33,0.03,-0.01,-0.03,325,348,406,415,330
3.99,-3.98,-8.08,0.04,-0.01,-0.03,325,349,406,415,330
3.81,-3.98,-8.24,0.02,-0.01,-0.03,325,348,406,415,330
3.84,-3.94,-8.41,0.03,0.00,-0.03,325,348,406,415,330
4.03,-3.88,-8.24,0.03,-0.00,-0.04,325,348,406,416,330
3.96,-3.92,-8.18,0.03,-0.01,-0.04,325,348,406,416,330
3.93,-3.99,-8.18,0.02,-0.01,-0.03,325,348,406,416,330
3.80,-3.83,-8.25,0.03,-0.00,-0.03,325,348,406,416,330
3.96,-3.78,-8.38,0.03,0.00,-0.03,325,349,406,416,330
4.00,-3.83,-8.28,0.04,0.01,-0.04,325,348,406,415,330
3.99,-3.91,-8.21,0.04,-0.00,-0.04,325,348,406,415,330
3.93,-3.93,-8.18,0.03,-0.01,-0.03,325,348,406,415,330
3.87,-3.93,-8.13,0.03,-0.00,-0.03,325,348,406,415,330
3.80,-3.88,-8.18,0.03,0.00,-0.03,325,348,406,416,330
3.93,-3.81,-8.22,0.04,-0.01,-0.03,325,348,406,416,330
3.82,-4.03,-8.17,0.03,-0.00,-0.03,325,348,406,416,330
4.03,-3.91,-8.31,0.03,0.00,-0.03,325,348,406,416,330
3.92,-3.86,-8.35,0.02,-0.00,-0.03,325,348,406,416,330
3.88,-3.81,-8.30,0.03,0.00,-0.03,325,348,406,416,330
4.03,-3.85,-8.35,0.04,0.00,-0.04,325,348,406,416,330
3.92,-4.01,-8.26,0.04,-0.00,-0.03,325,348,406,415,330
3.99,-3.90,-8.27,0.03,0.00,-0.03,324,348,406,416,330
END
3.88,-3.92,-8.15,0.04,0.00,-0.03,325,348,405,415,330
3.85,-3.85,-8.18,0.03,-0.00,-0.03,325,349,406,416,330
4.01,-3.91,-8.26,0.03,-0.01,-0.03,325,348,405,415,330
4.08,-3.88,-8.27,0.04,0.00,-0.03,325,348,405,416,330
3.86,-3.92,-8.08,0.03,-0.00,-0.03,325,348,405,415,330
3.88,-3.96,-8.26,0.03,-0.01,-0.03,325,349,405,415,330
3.89,-3.89,-8.22,0.02,-0.00,-0.04,325,348,405,415,330
3.89,-3.83,-8.19,0.03,-0.00,-0.03,324,348,405,415,330
3.95,-3.87,-8.05,0.03,0.00,-0.03,324,348,405,415,330
3.95,-3.94,-8.23,0.03,-0.00,-0.04,325,348,405,415,330
3.99,-3.85,-8.28,0.03,0.00,-0.04,325,348,405,415,330
3.97,-3.95,-8.11,0.03,-0.00,-0.03,325,348,405,415,330
4.12,-3.88,-8.31,0.04,-0.00,-0.03,325,349,405,415,330
3.93,-3.95,-8.16,0.04,-0.00,-0.03,325,348,405,415,330
3.96,-3.83,-8.26,0.02,-0.00,-0.03,325,349,405,415,330
3.80,-3.83,-8.24,0.03,-0.00,-0.03,325,348,405,415,330
3.93,-3.86,-8.40,0.03,0.00,-0.04,324,348,405,415,330
3.97,-3.88,-8.28,0.04,-0.00,-0.04,324,348,405,415,330
4.00,-3.95,-8.18,0.02,0.00,-0.03,325,348,405,415,330
4.05,-3.83,-8.33,0.02,-0.01,-0.03,325,348,405,415,330
3.85,-3.83,-8.17,0.03,-0.00,-0.03,325,348,405,415,330
3.96,-3.93,-8.34,0.02,0.00,-0.03,325,348,405,415,330
3.91,-3.95,-7.98,0.03,-0.01,-0.03,325,348,405,415,330
3.91,-3.94,-8.25,0.03,-0.00,-0.03,325,348,405,415,330
3.98,-3.83,-8.40,0.04,-0.00,-0.04,325,348,405,415,330
3.85,-3.93,-8.28,0.03,-0.00,-0.03,325,348,405,415,330
3.84,-3.88,-8.24,0.02,-0.00,-0.03,325,349,405,416,330
3.91,-3.84,-8.27,0.02,-0.01,-0.03,324,348,405,415,330
3.85,-3.87,-8.20,0.03,-0.00,-0.04,325,349,405,415,330
3.75,-3.95,-8.23,0.04,0.00,-0.03,324,348,405,415,330
3.83,-3.96,-8.17,0.04,0.00,-0.04,324,348,405,415,330
4.00,-3.91,-8.35,0.04,0.01,-0.03,324,348,405,415,330
3.78,-3.88,-8.08,0.03,-0.00,-0.04,325,349,405,415,330
END
3.88,-3.83,-8.40,0.03,-0.01,-0.04,325,348,405,415,330
3.97,-3.82,-8.28,0.03,-0.00,-0.04,325,349,405,415,330
3.83,-3.94,-8.15,0.03,-0.00,-0.03,325,348,405,415,330
3.90,-3.96,-8.31,0.03,0.00,-0.03,325,349,405,415,330
3.78,-4.11,-7.87,0.03,-0.00,-0.03,324,348,405,415,330
3.95,-4.01,-8.34,0.02,0.00,-0.03,324,349,405,415,330
3.80,-3.88,-8.28,0.03,0.01,-0.03,325,348,405,415,330
4.01,-3.83,-8.33,0.04,0.00,-0.03,325,348,405,415,330
3.83,-3.94,-7.93,0.03,-0.01,-0.03,325,349,405,415,330
3.87,-3.94,-8.15,0.04,-0.00,-0.03,325,349,405,415,330
3.93,-3.99,-8.27,0.03,0.01,-0.03,325,349,405,415,330
4.06,-3.95,-8.25,0.02,-0.01,-0.03,325,348,405,415,330
3.63,-3.89,-7.99,0.02,0.00,-0.03,325,349,405,415,330
3.93,-3.87,-8.26,0.03,0.01,-0.03,325,348,405,415,330
3.86,-3.87,-8.14,0.03,0.00,-0.04,325,348,405,415,330
3.92,-3.98,-7.98,0.04,-0.00,-0.04,325,348,405,415,330
3.95,-3.99,-8.13,0.04,0.00,-0.03,325,348,405,415,330
4.01,-3.92,-8.35,0.03,-0.00,-0.03,325,348,405,415,330
3.85,-3.89,-8.36,0.03,-0.00,-0.03,325,348,405,415,330
3.96,-3.89,-8.43,0.03,0.00,-0.03,325,349,405,415,330
3.97,-4.03,-8.19,0.05,-0.00,-0.04,325,348,405,415,330
3.91,-3.98,-8.13,0.03,-0.00,-0.03,325,348,405,415,330
3.91,-4.02,-8.21,0.03,-0.00,-0.03,325,349,405,415,330
3.87,-3.89,-8.03,0.03,0.00,-0.04,325,348,405,415,330
3.97,-3.93,-8.39,0.03,-0.01,-0.03,324,349,405,415,330
4.14,-3.92,-8.54,0.03,-0.01,-0.04,324,348,405,414,330
3.88,-3.83,-8.31,0.03,-0.01,-0.04,325,348,405,415,330
3.74,-3.78,-8.24,0.04,-0.01,-0.04,324,348,405,415,329
3.82,-3.87,-8.16,0.04,0.00,-0.04,325,349,405,415,330
3.93,-3.93,-8.14,0.04,0.01,-0.04,325,349,405,415,330
3.88,-4.03,-8.16,0.03,0.00,-0.03,325,348,405,415,330
3.92,-3.91,-8.15,0.02,0.00,-0.03,325,348,405,415,330
3.87,-3.89,-8.20,0.02,0.01,-0.03,325,349,405,415,330
END
3.85,-3.87,-8.05,0.03,-0.01,-0.03,324,348,405,415,330
3.99,-3.87,-8.29,0.03,0.00,-0.03,325,348,404,415,330
3.82,-3.94,-8.12,0.04,-0.01,-0.03,324,348,404,415,330
3.84,-3.89,-8.31,0.03,0.00,-0.03,325,348,404,415,330
3.85,-3.93,-8.04,0.03,0.01,-0.03,325,349,404,415,330
4.04,-3.88,-8.61,0.04,-0.01,-0.04,325,349,404,415,330
3.84,-4.08,-7.82,0.03,-0.00,-0.03,325,348,405,415,330
3.97,-3.92,-8.24,0.03,-0.02,-0.04,325,348,405,415,330
3.80,-3.96,-8.23,0.01,-0.02,-0.04,325,348,405,415,331
3.84,-3.95,-8.37,0.03,0.01,-0.03,325,348,404,415,330
3.98,-3.83,-8.43,0.03,0.00,-0.03,325,348,404,415,330
4.01,-3.85,-8.41,0.03,-0.00,-0.03,325,348,404,415,330
3.91,-3.80,-8.25,0.03,0.00,-0.03,325,348,405,415,330
3.98,-3.86,-8.26,0.03,0.00,-0.03,324,348,404,415,330
3.92,-3.93,-8.20,0.04,0.00,-0.04,325,349,405,415,330
3.93,-4.03,-8.18,0.03,-0.00,-0.04,325,348,405,415,330
3.91,-3.89,-8.31,0.03,-0.00,-0.03,325,349,405,415,330
3.97,-3.91,-8.27,0.03,0.00,-0.03,325,348,404,415,330
3.93,-3.91,-8.22,0.04,-0.00,-0.03,325,349,404,415,330
3.88,-3.95,-8.10,0.03,-0.00,-0.04,324,349,404,414,330
4.13,-3.90,-8.41,0.04,0.01,-0.03,325,348,404,415,330
3.98,-3.88,-8.25,0.04,0.01,-0.04,325,348,404,415,330
3.95,-3.85,-8.23,0.03,-0.01,-0.04,325,348,404,415,330
3.91,-3.93,-8.22,0.02,-0.00,-0.03,325,348,404,415,330
3.98,-3.79,-8.21,0.03,0.00,-0.03,325,348,404,415,330
3.85,-3.87,-8.20,0.04,-0.00,-0.03,325,349,404,415,330
3.95,-3.91,-8.38,0.04,-0.00,-0.04,325,349,404,415,330
4.09,-3.87,-8.34,0.03,-0.00,-0.04,325,348,405,415,330
3.86,-3.92,-8.26,0.03,0.00,-0.04,325,349,404,415,330
4.01,-3.87,-8.31,0.03,0.01,-0.03,325,349,404,415,330
3.85,-3.92,-8.21,0.03,0.00,-0.03,324,349,404,414,330
4.01,-3.90,-8.23,0.03,0.00,-0.03,325,348,404,415,330
4.01,-3.87,-8.29,0.03,-0.01,-0.03,325,348,404,415,330
END
3.78,-3.86,-8.23,0.03,0.00,-0.03,325,348,404,415,330
3.93,-3.95,-8.20,0.03,0.00,-0.03,325,348,404,415,330
4.07,-3.92,-8.33,0.03,0.00,-0.03,325,348,404,415,330
3.88,-3.94,-8.30,0.03,-0.01,-0.03,325,348,404,414,330
3.83,-4.00,-8.26,0.03,0.00,-0.03,325,348,404,415,330
3.91,-3.93,-8.20,0.04,0.01,-0.04,325,349,404,415,330
3.91,-4.05,-8.23,0.04,0.00,-0.04,325,348,404,414,330
3.97,-3.95,-8.22,0.03,-0.01,-0.04,324,348,404,414,330
3.97,-3.93,-8.24,0.04,0.00,-0.04,324,348,404,414,330
3.98,-3.90,-8.52,0.03,-0.01,-0.04,325,348,404,415,330
3.98,-3.98,-8.34,0.03,0.00,-0.04,325,348,404,414,329
3.84,-4.05,-7.85,0.03,-0.00,-0.04,325,349,404,414,330
3.86,-3.97,-8.31,0.03,-0.00,-0.03,325,349,404,414,330
3.95,-4.01,-8.20,0.03,0.00,-0.03,325,348,404,414,330
3.83,-3.95,-8.20,0.03,0.00,-0.04,325,349,404,414,330
4.04,-3.95,-8.36,0.03,0.01,-0.03,325,348,404,414,330
3.98,-3.94,-8.18,0.03,-0.00,-0.03,325,348,404,414,330
3.78,-4.06,-7.98,0.03,-0.01,-0.03,325,349,404,414,330
4.07,-3.88,-8.41,0.03,0.01,-0.02,325,348,404,414,330
3.98,-3.95,-8.28,0.03,-0.01,-0.03,325,348,404,414,330
3.91,-3.87,-8.26,0.02,-0.01,-0.03,325,348,404,414,330
3.83,-3.93,-8.33,0.03,-0.00,-0.03,325,349,404,414,330
3.96,-3.93,-8.20,0.03,-0.00,-0.03,325,348,404,415,330
3.91,-3.91,-8.28,0.03,-0.00,-0.03,325,348,404,414,330
3.84,-3.91,-8.21,0.03,0.00,-0.03,325,349,404,414,330
3.96,-4.03,-8.26,0.03,-0.00,-0.03,325,348,404,414,330
3.86,-3.84,-8.22,0.03,-0.00,-0.04,325,349,404,414,330
3.91,-3.94,-8.14,0.04,-0.00,-0.03,324,348,404,414,330
3.80,-3.88,-8.23,0.03,-0.01,-0.04,325,348,404,414,330
3.88,-3.89,-8.34,0.03,0.00,-0.03,325,349,404,414,330
3.91,-3.87,-8.23,0.04,0.01,-0.03,325,349,404,414,330
3.99,-4.01,-8.24,0.04,0.00,-0.03,325,348,404,414,330
3.86,-4.01,-8.02,0.03,-0.00,-0.03,325,348,404,414,330
END
3.88,-3.88,-8.26,0.03,0.00,-0.04,325,348,404,414,330
3.87,-3.86,-8.28,0.03,0.00,-0.03,325,348,404,414,330
4.01,-3.92,-8.33,0.03,-0.00,-0.03,325,348,403,414,330
3.91,-3.99,-8.12,0.04,-0.00,-0.04,325,348,404,414,330
3.90,-3.91,-8.23,0.04,0.01,-0.04,324,348,404,414,330
4.03,-3.90,-8.10,0.03,0.00,-0.04,325,348,404,414,330
3.80,-3.99,-7.91,0.03,-0.00,-0.03,325,348,403,414,330
3.90,-3.86,-8.23,0.03,-0.00,-0.03,325,349,404,414,330
4.03,-3.96,-8.22,0.03,0.00,-0.03,325,348,404,414,330
3.90,-3.88,-8.33,0.04,0.00,-0.04,325,348,404,414,330
3.93,-3.84,-8.21,0.04,0.00,-0.04,325,348,403,414,330
3.98,-4.01,-8.25,0.03,-0.00,-0.04,325,348,404,414,330
3.99,-4.03,-7.98,0.02,0.00,-0.03,325,348,403,414,330
4.11,-3.91,-8.28,0.02,0.00,-0.03,324,349,403,414,330
3.80,-3.82,-8.10,0.03,-0.01,-0.04,325,348,403,414,330
3.83,-3.92,-8.28,0.04,0.00,-0.04,325,348,403,414,330
3.95,-3.96,-8.23,0.03,-0.00,-0.03,325,348,403,414,330
3.76,-3.94,-8.31,0.03,-0.01,-0.03,325,349,404,414,330
3.83,-3.88,-8.10,0.03,0.00,-0.03,325,348,404,414,330
4.00,-3.93,-8.35,0.03,0.00,-0.04,325,348,403,414,330
3.85,-3.90,-8.20,0.03,0.00,-0.04,324,349,403,414,330
3.90,-3.95,-8.08,0.03,0.00,-0.04,325,349,404,414,330
3.95,-3.83,-8.25,0.04,0.00,-0.04,325,349,403,414,330
4.09,-3.90,-8.36,0.04,0.00,-0.04,325,348,403,414,330
3.87,-3.91,-8.05,0.03,0.00,-0.03,325,348,403,414,330
3.80,-3.91,-8.15,0.03,-0.00,-0.04,325,348,403,414,330
3.89,-3.93,-8.22,0.03,0.00,-0.03,324,348,403,414,330
3.98,-3.97,-8.26,0.04,-0.01,-0.03,325,348,403,414,330
3.95,-3.87,-8.33,0.03,-0.00,-0.04,325,349,403,414,330
3.99,-3.84,-8.22,0.03,-0.00,-0.04,325,349,403,414,330
3.86,-3.95,-8.08,0.04,-0.00,-0.04,325,349,403,414,330
3.91,-3.92,-8.15,0.03,-0.00,-0.03,325,349,403,414,330
4.00,-3.85,-8.19,0.03,-0.00,-0.03,325,349,403,414,330
END
3.96,-3.91,-8.34,0.04,-0.01,-0.03,325,348,403,414,330
3.96,-4.01,-7.97,0.03,0.00,-0.03,325,349,403,414,330
3.85,-3.84,-8.26,0.03,-0.01,-0.03,325,348,403,414,330
3.93,-3.92,-8.20,0.03,-0.00,-0.03,325,349,403,414,330
3.92,-3.88,-8.12,0.03,0.00,-0.03,325,349,403,414,330
3.96,-3.98,-8.30,0.03,-0.00,-0.03,325,349,403,414,330
3.97,-4.03,-8.10,0.03,0.00,-0.04,325,349,403,414,330
3.87,-4.00,-8.24,0.03,-0.00,-0.03,325,349,403,414,330
4.01,-3.93,-8.26,0.03,0.00,-0.04,325,349,403,414,330
3.88,-3.85,-8.27,0.03,-0.01,-0.03,325,348,403,414,330
3.82,-3.97,-8.15,0.04,0.00,-0.03,325,348,403,415,330
3.99,-3.99,-8.13,0.03,-0.00,-0.03,325,348,403,414,330
3.90,-3.98,-8.11,0.03,-0.00,-0.03,325,349,403,414,330
3.97,-3.99,-8.20,0.04,0.00,-0.03,325,349,403,414,330
4.05,-4.03,-8.16,0.03,-0.00,-0.03,325,349,403,414,330
4.02,-3.96,-8.12,0.03,-0.00,-0.03,325,348,403,414,330
3.90,-3.94,-8.06,0.03,-0.01,-0.03,325,349,403,414,330
3.85,-4.02,-8.11,0.03,-0.00,-0.03,325,349,403,414,330
3.85,-3.96,-8.13,0.03,0.00,-0.03,325,349,403,414,330
3.91,-4.01,-8.23,0.03,0.00,-0.03,325,349,403,414,330
3.95,-3.86,-8.16,0.03,-0.00,-0.03,324,348,403,414,330
3.89,-3.88,-8.14,0.03,0.00,-0.04,325,348,403,414,330
4.07,-3.90,-8.33,0.04,-0.00,-0.04,325,348,403,414,330
3.97,-3.97,-8.21,0.04,0.00,-0.03,325,349,403,414,330
3.94,-3.95,-8.19,0.03,0.00,-0.03,325,349,403,414,330
3.93,-3.94,-8.15,0.03,0.00,-0.04,325,349,403,414,330
3.98,-4.05,-8.18,0.03,0.00,-0.04,325,349,403,414,330
3.96,-3.97,-8.33,0.03,-0.00,-0.04,325,349,403,414,330
3.94,-3.98,-8.18,0.03,0.00,-0.03,325,349,403,414,330
3.91,-3.88,-8.08,0.03,-0.01,-0.03,325,348,403,414,330
3.91,-3.93,-8.29,0.03,0.00,-0.04,325,349,403,414,330
3.92,-3.98,-8.03,0.03,0.00,-0.04,325,348,403,414,330
3.87,-3.93,-8.13,0.03,-0.00,-0.04,325,348,403,415,330
END
3.90,-3.84,-8.32,0.04,0.01,-0.03,325,348,403,414,330
4.01,-3.95,-8.14,0.03,-0.00,-0.04,325,348,403,414,330
3.97,-3.96,-8.20,0.03,0.00,-0.03,325,349,403,414,330
3.93,-3.96,-8.22,0.03,0.00,-0.03,325,349,403,414,330
4.04,-3.93,-8.21,0.03,0.00,-0.03,325,349,403,414,330
4.08,-3.94,-8.23,0.03,-0.01,-0.04,325,348,402,414,330
3.85,-4.00,-8.05,0.04,-0.01,-0.03,325,348,402,414,330
4.01,-3.90,-8.20,0.03,0.00,-0.03,325,349,402,414,330
3.97,-4.11,-7.96,0.04,0.00,-0.03,325,348,402,414,330
3.84,-3.96,-8.18,0.03,-0.01,-0.03,325,348,403,414,330
3.96,-3.98,-8.19,0.03,0.00,-0.03,325,349,402,414,330
4.06,-3.93,-8.42,0.03,-0.00,-0.04,325,349,402,414,330
3.93,-3.92,-8.26,0.03,0.00,-0.03,325,349,403,414,330
3.93,-3.98,-8.19,0.03,0.00,-0.04,325,349,402,414,330
4.05,-4.06,-8.03,0.03,-0.01,-0.03,325,349,402,414,330
3.83,-3.98,-8.06,0.03,0.00,-0.03,325,349,403,414,330
3.98,-3.93,-8.16,0.03,0.00,-0.03,325,348,402,414,330
4.04,-3.98,-8.16,0.03,-0.01,-0.03,325,349,402,414,330
3.97,-4.01,-8.17,0.03,-0.00,-0.04,325,349,402,414,330
3.93,-4.01,-8.19,0.03,0.00,-0.04,325,349,402,414,330
4.01,-4.01,-8.21,0.03,-0.00,-0.03,325,349,402,413,330
3.98,-4.02,-8.25,0.03,-0.00,-0.04,325,349,402,414,330
3.86,-3.98,-8.17,0.04,-0.00,-0.03,325,349,402,414,330
4.00,-3.88,-8.23,0.03,-0.00,-0.04,325,349,402,414,330
3.93,-3.91,-8.31,0.04,0.00,-0.04,325,349,402,414,330
4.03,-3.91,-8.24,0.04,0.00,-0.04,325,349,402,414,330
3.91,-3.98,-8.15,0.04,-0.00,-0.04,325,349,402,414,330
3.93,-3.98,-8.24,0.03,-0.00,-0.03,325,348,402,413,330
4.05,-3.91,-8.19,0.03,0.00,-0.03,325,349,402,413,330
3.94,-3.94,-8.23,0.03,-0.01,-0.03,325,348,402,414,330
3.88,-4.01,-7.91,0.04,-0.00,-0.03,325,349,402,414,330
3.93,-4.03,-8.13,0.04,-0.00,-0.04,325,349,402,414,331
4.11,-3.92,-8.33,0.04,0.00,-0.03,325,349,402,414,330
END
3.95,-3.91,-8.20,0.04,-0.01,-0.04,325,348,402,413,330
3.85,-3.98,-8.03,0.03,0.00,-0.03,325,349,402,413,330
3.85,-4.01,-7.86,0.03,0.01,-0.03,325,349,402,413,330
3.91,-3.91,-8.18,0.03,-0.01,-0.04,325,349,402,413,330
3.86,-4.11,-8.06,0.03,0.00,-0.03,325,348,402,413,330
3.93,-3.94,-8.19,0.03,-0.00,-0.03,325,348,402,413,330
4.01,-3.80,-8.38,0.03,0.00,-0.03,325,349,402,413,330
3.98,-4.02,-8.10,0.03,-0.00,-0.04,325,349,402,413,330
3.83,-3.91,-8.13,0.03,-0.00,-0.04,325,349,402,413,330
3.91,-4.02,-8.18,0.04,-0.00,-0.04,325,349,402,413,330
3.97,-3.93,-8.41,0.03,-0.00,-0.03,325,349,402,413,330
3.91,-3.97,-8.31,0.03,0.00,-0.04,325,349,402,413,330
3.99,-4.00,-8.18,0.04,-0.00,-0.03,325,349,402,413,330
3.91,-4.07,-8.06,0.04,-0.01,-0.04,325,349,402,413,330
3.91,-4.02,-8.08,0.04,0.01,-0.03,325,348,402,413,330
3.99,-3.96,-8.18,0.03,-0.01,-0.04,325,348,402,413,330
3.92,-4.05,-8.26,0.04,-0.00,-0.03,325,349,401,413,330
3.98,-3.99,-8.15,0.03,-0.00,-0.03,325,349,402,413,330
3.81,-3.96,-8.23,0.03,-0.00,-0.03,325,349,402,413,330
3.97,-3.96,-8.20,0.03,-0.00,-0.04,325,349,402,413,330
3.88,-4.03,-8.06,0.04,0.00,-0.04,325,349,402,413,330
4.00,-3.96,-8.20,0.03,0.00,-0.04,325,349,402,413,330
4.11,-4.02,-8.19,0.04,0.01,-0.04,325,348,402,413,330
3.86,-3.99,-8.15,0.04,-0.01,-0.04,325,348,402,413,330
3.99,-4.08,-8.12,0.04,0.00,-0.04,325,348,402,413,330
4.04,-4.00,-8.11,0.04,-0.00,-0.03,325,348,402,413,330
3.98,-4.01,-8.22,0.03,-0.00,-0.04,325,349,402,413,330
3.97,-4.01,-8.22,0.03,-0.01,-0.04,325,349,402,413,330
4.01,-4.06,-8.17,0.03,-0.00,-0.03,325,349,402,413,330
3.88,-4.08,-7.92,0.03,-0.00,-0.03,325,349,402,413,330
3.78,-4.02,-7.97,0.04,0.00,-0.03,325,349,402,413,330
4.11,-3.98,-8.42,0.03,-0.01,-0.04,325,349,402,413,330
3.92,-3.98,-8.14,0.03,0.00,-0.03,325,349,402,413,330
END
4.03,-3.96,-8.10,0.03,0.00,-0.03,325,348,401,413,330
3.98,-3.94,-8.37,0.03,-0.00,-0.03,325,348,401,413,330
4.04,-4.01,-8.18,0.03,-0.00,-0.04,325,349,401,413,330
3.73,-3.98,-7.89,0.03,-0.00,-0.03,325,349,401,413,330
3.82,-3.91,-8.00,0.03,0.00,-0.03,325,349,401,413,330
4.05,-4.04,-8.20,0.04,-0.00,-0.04,325,349,401,413,330
3.85,-4.02,-8.16,0.03,0.00,-0.03,325,349,401,413,330
4.04,-3.85,-8.37,0.03,0.01,-0.03,325,349,401,413,330
4.12,-3.88,-8.28,0.03,0.00,-0.03,325,349,401,413,330
3.99,-4.04,-8.15,0.04,-0.00,-0.03,325,348,401,413,330
3.96,-4.06,-8.16,0.03,0.00,-0.03,325,348,401,413,330
3.96,-3.93,-8.20,0.03,-0.00,-0.04,325,349,401,413,330
3.94,-4.00,-8.10,0.03,-0.00,-0.04,325,349,401,413,330
3.95,-4.07,-8.06,0.03,-0.01,-0.04,325,348,401,413,329
3.93,-3.98,-8.21,0.03,-0.00,-0.03,325,349,401,413,330
3.92,-3.94,-8.20,0.04,-0.00,-0.04,325,349,401,413,330
3.95,-3.91,-8.28,0.04,-0.00,-0.04,325,349,401,413,330
3.90,-4.00,-7.97,0.04,0.00,-0.03,325,349,401,413,330
3.95,-4.04,-8.26,0.03,-0.00,-0.03,325,348,401,413,330
3.82,-4.05,-8.16,0.03,0.00,-0.03,325,348,401,413,330
3.96,-3.98,-8.00,0.03,0.00,-0.03,325,348,401,413,330
3.89,-4.07,-7.95,0.03,-0.01,-0.03,325,348,401,413,330
4.06,-3.93,-8.28,0.04,0.00,-0.03,325,349,401,413,330
3.93,-3.93,-8.18,0.03,-0.00,-0.03,325,349,401,413,330
3.93,-4.06,-8.11,0.03,-0.00,-0.03,325,349,401,413,330
3.89,-4.11,-7.95,0.03,0.00,-0.03,325,349,401,413,330
3.88,-4.01,-8.16,0.03,-0.00,-0.03,325,349,401,413,330
4.02,-3.99,-8.23,0.03,0.00,-0.03,325,349,401,413,330
3.97,-3.97,-8.03,0.03,-0.00,-0.03,325,349,401,413,330
3.96,-4.00,-8.15,0.04,0.00,-0.04,324,348,401,413,330
3.91,-4.06,-8.16,0.03,-0.01,-0.03,325,348,401,413,330
3.88,-3.99,-8.15,0.03,0.01,-0.03,325,349,401,413,330
3.88,-4.03,-7.99,0.03,0.01,-0.03,325,348,401,413,330
END
4.21,-3.95,-8.33,0.03,-0.00,-0.03,325,349,401,413,330
4.00,-4.03,-8.04,0.04,0.00,-0.03,325,349,401,413,330
3.90,-4.08,-8.13,0.04,-0.00,-0.04,325,348,401,413,330
3.88,-4.08,-8.08,0.04,-0.00,-0.03,325,349,401,413,330
3.94,-4.05,-8.07,0.03,0.01,-0.03,325,349,401,413,330
3.98,-3.94,-8.29,0.03,0.00,-0.03,325,348,401,413,330
3.98,-4.06,-8.14,0.04,0.00,-0.04,325,349,401,413,330
4.03,-4.01,-8.20,0.03,-0.00,-0.04,324,348,401,413,330
4.01,-4.01,-8.22,0.03,-0.00,-0.03,325,349,401,413,330
4.02,-4.08,-8.15,0.03,0.00,-0.03,325,349,401,413,330
3.98,-3.99,-8.29,0.03,-0.00,-0.03,325,349,401,413,330
3.87,-4.07,-8.20,0.03,0.00,-0.03,325,349,401,413,330
3.95,-4.03,-8.14,0.03,0.00,-0.04,325,349,401,413,330
4.11,-4.03,-8.10,0.03,0.00,-0.03,325,349,401,413,330
4.04,-4.08,-8.09,0.04,0.00,-0.04,325,349,401,413,330
3.96,-4.05,-8.13,0.03,-0.00,-0.03,325,348,401,413,329
3.85,-4.02,-8.20,0.03,0.00,-0.04,325,349,401,413,330
4.05,-3.93,-8.12,0.04,0.01,-0.04,325,349,401,413,330
4.02,-3.97,-8.07,0.04,0.00,-0.03,325,349,401,413,330
4.05,-4.02,-8.16,0.03,-0.00,-0.03,325,348,401,413,330
4.06,-3.94,-8.26,0.03,-0.01,-0.03,325,349,401,413,330
3.92,-4.02,-8.05,0.02,-0.00,-0.03,325,349,401,413,330
3.98,-4.00,-8.07,0.04,0.00,-0.03,325,349,401,413,330
3.97,-3.99,-8.17,0.03,-0.00,-0.03,325,349,401,413,330
4.11,-4.02,-8.33,0.03,-0.00,-0.03,325,349,401,413,330
3.89,-3.94,-8.15,0.03,-0.00,-0.04,325,349,400,413,330
4.03,-4.00,-8.10,0.03,0.01,-0.03,325,349,401,413,330
4.11,-3.98,-8.40,0.03,-0.01,-0.03,324,348,401,413,330
3.94,-3.99,-8.10,0.03,0.00,-0.03,325,349,400,413,330
4.04,-3.96,-8.38,0.03,0.00,-0.03,325,349,400,413,330
3.96,-3.90,-8.27,0.04,-0.01,-0.03,325,349,401,413,330
3.93,-4.04,-8.09,0.03,-0.00,-0.03,325,349,401,413,330
3.98,-3.97,-8.27,0.03,-0.00,-0.04,325,349,401,413,330
END
4.06,-4.03,-8.18,0.03,-0.00,-0.03,325,348,401,413,330
3.95,-4.01,-8.19,0.04,-0.01,-0.04,325,349,401,413,330
3.96,-3.98,-8.07,0.04,0.01,-0.04,324,348,401,413,330
4.07,-4.05,-8.20,0.03,0.00,-0.03,325,348,401,412,330
4.11,-4.06,-8.18,0.04,0.00,-0.03,325,348,400,413,330
3.91,-4.03,-8.13,0.03,0.00,-0.03,325,348,400,412,330
3.89,-4.03,-7.96,0.03,0.00,-0.04,325,348,400,413,330
3.95,-3.98,-8.23,0.04,-0.00,-0.04,325,349,401,413,330
4.11,-4.02,-8.28,0.03,-0.00,-0.04,324,349,401,413,330
3.97,-3.98,-8.21,0.03,-0.00,-0.04,325,349,401,413,330
3.92,-4.09,-7.98,0.03,0.00,-0.03,325,349,401,413,330
3.94,-4.06,-7.89,0.03,0.00,-0.03,325,349,400,413,330
4.03,-4.03,-8.15,0.03,0.00,-0.03,325,349,400,412,330
4.05,-4.03,-8.16,0.03,-0.00,-0.03,325,348,400,413,330
4.08,-3.96,-8.31,0.04,-0.00,-0.04,325,349,401,413,330
4.16,-4.06,-8.08,0.04,-0.01,-0.04,325,349,400,413,330
3.94,-3.98,-8.05,0.03,-0.00,-0.03,325,349,401,413,330
3.90,-4.03,-8.09,0.03,-0.00,-0.03,325,349,401,413,330
4.06,-3.91,-8.36,0.02,0.00,-0.03,326,349,401,413,330
4.03,-4.04,-8.16,0.03,-0.00,-0.03,325,349,401,413,330
4.06,-3.94,-8.24,0.03,0.00,-0.03,325,349,401,413,330
4.13,-3.95,-8.22,0.04,0.01,-0.03,325,349,401,413,330
3.98,-4.00,-8.13,0.03,-0.00,-0.03,325,349,401,412,330
3.98,-3.94,-8.24,0.04,0.00,-0.04,325,348,401,412,330
4.01,-4.07,-7.98,0.04,0.01,-0.03,325,348,401,412,330
4.04,-4.02,-8.07,0.04,-0.00,-0.03,324,348,400,413,330
3.86,-4.04,-7.78,0.03,-0.00,-0.03,325,349,400,413,330
3.99,-4.01,-8.16,0.03,-0.00,-0.04,325,349,401,413,330
3.98,-4.11,-8.03,0.03,-0.00,-0.03,325,349,401,413,330
3.96,-4.06,-8.06,0.03,0.00,-0.03,325,349,401,413,330
4.06,-3.93,-8.07,0.03,0.01,-0.03,325,349,401,413,330
4.06,-3.96,-8.13,0.03,-0.00,-0.03,325,349,401,413,330
4.10,-4.03,-8.24,0.03,0.00,-0.03,325,348,400,412,330
END
4.11,-4.08,-8.19,0.03,-0.01,-0.04,325,348,400,413,330
3.96,-4.01,-8.03,0.03,0.00,-0.03,325,349,400,412,330
4.11,-4.04,-8.20,0.03,0.00,-0.04,325,348,400,412,330
4.02,-4.01,-8.35,0.03,0.00,-0.03,325,349,400,412,330
3.84,-4.11,-7.77,0.04,-0.00,-0.04,325,349,400,413,330
3.99,-4.08,-8.06,0.04,-0.00,-0.03,325,348,400,412,330
4.03,-3.99,-8.12,0.02,-0.01,-0.03,325,349,400,413,330
3.80,-4.09,-8.01,0.03,0.00,-0.03,325,349,400,413,330
4.06,-3.99,-8.21,0.03,-0.00,-0.03,325,349,400,412,330
3.98,-3.98,-8.14,0.03,-0.00,-0.03,325,349,400,412,330
3.97,-4.00,-8.04,0.04,0.00,-0.04,325,349,400,412,330
3.98,-4.03,-8.14,0.03,0.00,-0.03,325,349,400,412,330
4.09,-4.04,-8.43,0.03,-0.00,-0.03,325,349,400,412,330
3.96,-3.93,-8.22,0.04,0.00,-0.04,325,349,400,413,330
3.98,-4.00,-8.05,0.03,-0.00,-0.03,325,349,400,413,330
3.89,-4.06,-8.03,0.03,0.01,-0.03,325,349,400,413,330
3.93,-3.98,-7.95,0.04,0.00,-0.03,325,349,400,412,330
3.98,-4.05,-8.05,0.03,0.00,-0.03,325,349,400,413,330
4.01,-4.07,-8.15,0.03,-0.00,-0.03,325,349,400,412,330
3.88,-4.06,-8.03,0.03,-0.00,-0.03,325,349,400,412,330
4.08,-3.99,-8.32,0.03,0.00,-0.03,325,349,400,412,330
4.11,-3.92,-8.33,0.04,0.00,-0.04,325,349,400,412,330
4.03,-3.96,-8.20,0.03,-0.01,-0.03,325,349,400,412,330
4.08,-4.01,-8.33,0.03,0.00,-0.03,325,349,400,412,329
3.98,-4.01,-8.09,0.03,-0.00,-0.04,325,349,400,412,330
3.96,-4.02,-8.12,0.03,-0.01,-0.04,325,349,400,412,330
3.90,-4.04,-8.03,0.03,0.00,-0.03,325,349,400,412,330
4.04,-4.06,-8.17,0.03,-0.00,-0.03,325,349,400,412,330
3.93,-4.02,-8.10,0.04,-0.01,-0.03,325,348,400,412,330
3.84,-4.13,-7.82,0.03,0.00,-0.03,325,349,400,412,330
4.04,-4.13,-8.08,0.03,-0.00,-0.03,325,349,400,412,330
3.96,-4.04,-8.31,0.03,-0.00,-0.03,324,349,400,412,330
3.80,-4.08,-8.00,0.03,0.00,-0.03,325,348,400,412,330
END
4.34,-3.80,-8.19,0.03,-0.00,-0.03,325,349,398,411,330
4.31,-3.77,-8.26,0.03,-0.00,-0.04,325,349,398,411,330
4.23,-3.74,-8.11,0.03,0.00,-0.04,325,349,398,411,330
4.33,-3.76,-8.16,0.04,0.00,-0.03,325,349,398,412,330
4.23,-3.75,-7.93,0.04,-0.00,-0.03,325,349,398,411,330
4.49,-3.83,-8.10,0.03,0.00,-0.03,325,349,398,411,330
4.27,-3.65,-8.17,0.03,-0.00,-0.03,325,349,398,411,330
4.24,-3.75,-7.99,0.02,-0.00,-0.03,324,349,398,411,330
4.38,-3.73,-8.13,0.03,-0.00,-0.03,325,350,398,411,330
4.25,-3.86,-8.07,0.03,-0.01,-0.03,325,349,398,411,330
4.19,-3.82,-8.07,0.02,-0.00,-0.03,325,349,398,411,330
4.17,-3.72,-7.94,0.03,-0.00,-0.03,325,349,398,411,330
4.37,-3.76,-8.13,0.03,-0.00,-0.03,325,349,398,411,330
4.44,-3.73,-8.36,0.04,-0.00,-0.03,325,349,398,411,330
4.30,-3.79,-8.13,0.03,-0.00,-0.03,325,349,398,411,330
4.19,-3.78,-7.96,0.03,-0.00,-0.03,325,349,398,411,330
4.16,-3.78,-8.13,0.03,-0.00,-0.03,325,349,398,411,330
4.19,-3.73,-8.06,0.03,0.00,-0.03,325,349,398,411,330
4.32,-3.79,-8.02,0.04,-0.00,-0.04,325,349,398,411,330
4.39,-3.77,-8.24,0.04,0.00,-0.04,325,349,398,411,330
4.24,-3.78,-8.10,0.04,0.00,-0.04,325,349,398,411,330
4.26,-3.77,-8.07,0.04,0.01,-0.04,325,349,398,411,330
4.36,-3.73,-8.03,0.04,-0.00,-0.03,325,349,398,411,330
4.19,-3.66,-8.14,0.03,-0.01,-0.04,325,349,398,411,330
4.29,-3.74,-8.12,0.03,0.00,-0.04,325,349,398,412,330
4.41,-3.88,-8.06,0.04,0.00,-0.04,325,349,398,411,330
4.28,-3.80,-8.12,0.04,-0.01,-0.04,325,349,398,411,330
4.21,-3.72,-8.05,0.03,-0.00,-0.03,325,349,398,411,330
4.30,-3.71,-8.18,0.03,0.00,-0.03,325,349,398,411,330
4.43,-3.69,-8.18,0.04,-0.00,-0.04,325,349,398,411,330
4.22,-3.76,-8.15,0.04,0.00,-0.04,325,349,397,411,330
4.40,-3.77,-8.05,0.04,0.00,-0.04,325,349,398,411,330
4.31,-3.80,-7.97,0.03,-0.00,-0.03,325,349,397,411,330
END
4.19,-3.78,-8.10,0.04,0.01,-0.03,325,349,398,411,330
4.35,-3.87,-8.02,0.03,-0.01,-0.03,325,350,398,411,330
4.19,-3.83,-7.99,0.03,-0.00,-0.03,325,350,398,411,330
4.22,-3.83,-7.77,0.03,0.01,-0.03,325,349,398,411,330
4.40,-3.85,-8.05,0.03,-0.01,-0.03,325,349,398,411,330
4.31,-3.70,-8.05,0.03,0.01,-0.03,326,349,398,411,330
4.36,-3.81,-8.19,0.04,0.00,-0.03,325,349,398,411,330
4.39,-3.83,-7.98,0.03,-0.01,-0.03,325,349,398,411,330
4.20,-3.83,-7.97,0.03,0.00,-0.04,325,350,397,411,330
4.37,-3.70,-8.20,0.04,0.00,-0.04,325,350,398,411,330
4.31,-3.90,-8.20,0.03,-0.01,-0.03,325,349,398,411,330
4.19,-3.91,-8.05,0.03,0.00,-0.03,325,350,398,411,330
4.21,-3.90,-7.91,0.03,0.01,-0.03,325,350,398,411,330
4.62,-3.85,-8.05,0.03,0.01,-0.03,325,350,398,411,330
4.19,-3.79,-8.07,0.03,-0.02,-0.03,325,349,397,411,330
4.21,-3.80,-8.15,0.03,0.00,-0.03,325,350,397,411,330
4.37,-3.78,-8.08,0.04,0.00,-0.04,325,349,398,411,330
4.28,-3.82,-8.04,0.04,-0.00,-0.03,325,349,397,411,330
4.26,-3.86,-8.03,0.03,0.00,-0.03,325,349,398,411,330
4.29,-3.85,-7.75,0.03,-0.00,-0.03,325,349,398,411,330
4.33,-3.83,-8.13,0.03,-0.01,-0.03,325,349,398,411,330
4.38,-3.79,-8.09,0.03,-0.00,-0.04,325,349,398,411,330
4.35,-3.76,-8.18,0.04,-0.01,-0.04,325,349,398,411,330
4.31,-3.81,-8.08,0.04,-0.01,-0.04,325,349,398,411,330
4.22,-3.90,-7.93,0.03,-0.01,-0.03,325,350,397,411,330
4.33,-3.76,-8.19,0.04,-0.01,-0.03,325,349,397,411,330
4.29,-3.77,-8.10,0.04,-0.00,-0.03,325,349,398,411,330
4.36,-3.74,-8.08,0.04,-0.01,-0.03,325,349,398,411,330
4.20,-3.78,-7.98,0.05,-0.01,-0.03,325,349,398,411,330
4.19,-3.92,-7.93,0.05,0.00,-0.03,325,350,398,411,330
4.39,-3.96,-8.08,0.04,0.01,-0.02,325,349,398,411,330
4.36,-3.83,-8.01,0.03,-0.00,-0.02,325,350,398,411,330
4.17,-3.91,-8.05,0.04,-0.00,-0.02,325,349,397,411,330
END
4.21,-4.02,-7.88,0.05,-0.01,-0.03,325,349,397,411,330
4.36,-4.06,-8.02,0.04,0.01,-0.04,325,349,397,411,330
4.35,-4.07,-7.93,0.03,0.01,-0.03,325,350,397,411,330
4.11,-4.15,-7.84,0.02,0.03,-0.02,325,350,397,411,330
4.28,-3.95,-7.84,0.02,0.04,-0.03,325,350,397,411,330
4.52,-3.84,-8.13,0.03,0.03,-0.03,325,349,397,411,330
4.67,-3.81,-7.85,0.06,0.00,-0.01,325,350,397,411,330
4.39,-4.08,-7.97,0.07,-0.03,-0.04,325,350,398,411,330
4.29,-4.23,-7.83,0.07,-0.02,-0.04,325,350,398,411,330
4.44,-4.41,-7.67,0.06,-0.01,-0.02,325,349,397,411,330
4.65,-4.17,-7.85,0.03,-0.02,0.01,325,350,397,411,330
4.21,-4.05,-7.85,0.06,-0.04,0.05,325,349,397,411,330
3.43,-4.26,-7.98,0.05,-0.04,-0.02,325,349,398,411,330
3.96,-4.32,-7.99,0.05,0.02,-0.02,325,350,397,411,330
4.19,-4.34,-7.81,0.05,0.00,-0.05,325,350,397,411,330
4.22,-4.23,-7.79,0.03,0.01,-0.05,325,349,397,411,330
4.36,-4.29,-7.87,0.03,0.00,-0.06,325,350,397,411,330
4.33,-4.20,-7.80,0.05,0.01,-0.05,325,350,397,411,330
4.16,-4.37,-7.64,0.05,-0.00,-0.04,325,350,397,411,330
4.32,-4.36,-7.81,0.04,0.00,-0.04,325,350,397,411,330
4.31,-4.21,-8.03,0.04,0.00,-0.04,325,350,397,411,330
4.31,-4.11,-7.88,0.05,0.01,-0.03,325,350,397,411,330
4.44,-4.45,-7.75,0.04,-0.00,-0.04,325,350,397,411,330
4.36,-4.55,-7.60,0.02,-0.02,-0.03,325,349,397,411,330
3.99,-4.26,-7.80,0.02,-0.01,-0.03,325,350,397,411,330
4.09,-4.06,-8.05,0.04,-0.01,-0.05,325,349,397,411,330
3.90,-4.18,-7.70,0.07,0.01,-0.05,325,349,397,411,330
4.59,-4.49,-7.82,0.04,0.02,-0.04,325,350,397,411,330
4.56,-4.53,-7.71,0.02,-0.01,-0.03,325,350,397,411,330
4.04,-4.32,-7.83,0.01,-0.03,-0.03,325,350,397,411,330
4.11,-4.01,-8.03,0.02,0.00,-0.03,325,350,397,411,330
4.35,-4.16,-8.08,0.04,0.01,-0.04,325,349,397,411,330
4.47,-4.34,-7.95,0.05,0.00,-0.05,325,348,397,411,330
END
4.36,-4.38,-7.75,0.04,-0.01,-0.02,325,349,397,411,330
4.45,-4.29,-7.54,0.02,0.00,-0.03,325,350,397,411,330
4.59,-4.24,-7.65,0.03,-0.00,-0.03,325,350,397,411,330
4.57,-4.24,-7.81,0.04,-0.00,-0.03,325,350,397,411,330
4.54,-4.34,-7.65,0.04,-0.01,-0.03,325,350,397,411,330
4.40,-4.32,-7.59,0.04,-0.01,-0.03,325,350,397,411,330
4.52,-4.52,-7.65,0.02,-0.00,-0.03,325,350,397,411,330
4.64,-4.26,-7.67,0.04,0.00,-0.03,325,350,397,411,330
4.56,-4.35,-7.47,0.03,-0.00,-0.03,325,350,397,411,330
4.47,-4.38,-7.64,0.03,-0.00,-0.03,325,350,397,411,330
4.58,-4.36,-7.78,0.02,-0.01,-0.03,325,350,397,411,330
4.52,-4.27,-7.77,0.03,-0.01,-0.04,325,350,397,411,330
4.54,-4.28,-7.64,0.03,0.00,-0.03,325,350,397,411,330
4.59,-4.37,-7.54,0.02,-0.00,-0.03,325,350,397,411,330
4.59,-4.34,-7.61,0.02,0.00,-0.02,325,350,397,411,330
4.49,-4.37,-7.62,0.01,0.01,-0.01,325,350,397,411,330
4.46,-4.22,-7.65,0.02,-0.01,-0.03,325,350,397,411,330
4.41,-4.29,-7.57,0.02,-0.01,-0.03,325,350,397,411,330
4.44,-4.21,-7.68,0.05,0.00,-0.04,325,350,397,411,329
4.59,-4.36,-7.79,0.03,-0.00,-0.04,325,350,397,411,330
4.64,-4.33,-7.89,0.02,-0.00,-0.02,325,350,396,411,330
4.56,-4.31,-7.72,0.01,-0.00,-0.02,326,350,397,411,330
4.54,-4.21,-7.78,0.02,-0.00,-0.03,325,350,397,411,330
4.48,-4.37,-7.70,0.01,-0.01,-0.03,325,350,397,411,330
4.53,-4.30,-7.73,0.03,-0.00,-0.03,325,350,397,411,330
4.47,-4.34,-7.67,0.04,-0.01,-0.03,325,350,397,411,330
4.34,-4.44,-7.50,0.03,0.00,-0.03,325,350,397,411,330
4.54,-4.40,-7.52,0.01,0.00,-0.03,325,350,397,411,330
4.37,-4.26,-7.57,0.02,-0.01,-0.03,325,350,397,411,330
4.42,-4.23,-7.75,0.02,-0.00,-0.03,325,350,397,411,330
4.45,-4.21,-7.91,0.03,-0.01,-0.03,325,350,397,410,330
4.30,-4.31,-7.69,0.03,0.01,-0.03,325,350,397,411,330
4.59,-4.22,-7.70,0.03,0.01,-0.03,325,350,397,411,330
END
4.57,-4.38,-7.59,0.03,-0.00,-0.04,325,350,397,411,330
4.54,-4.27,-7.85,0.03,0.00,-0.03,325,350,397,411,330
4.58,-4.26,-7.69,0.03,0.00,-0.03,325,350,397,411,330
4.62,-4.17,-7.85,0.03,-0.01,-0.03,325,350,397,411,330
4.49,-4.27,-7.79,0.03,0.00,-0.04,325,350,397,411,330
4.59,-4.32,-7.57,0.03,0.01,-0.04,325,350,397,411,330
4.48,-4.34,-7.57,0.03,-0.01,-0.03,325,350,397,411,330
4.41,-4.25,-7.64,0.03,-0.01,-0.03,325,350,397,411,330
4.44,-4.34,-7.72,0.03,-0.00,-0.03,325,350,397,411,330
4.49,-4.31,-7.70,0.04,-0.00,-0.03,325,350,397,411,330
4.39,-4.28,-7.76,0.03,-0.00,-0.03,325,350,397,411,330
4.46,-4.29,-7.69,0.03,0.00,-0.03,325,350,397,411,330
4.41,-4.27,-7.64,0.04,-0.00,-0.03,325,350,397,411,330
4.49,-4.35,-7.62,0.03,-0.00,-0.03,325,350,397,411,330
4.43,-4.37,-7.59,0.03,-0.00,-0.03,325,350,396,411,330
4.41,-4.34,-7.68,0.03,-0.00,-0.03,325,350,397,410,330
4.48,-4.28,-7.69,0.03,-0.00,-0.03,325,350,397,411,330
4.47,-4.31,-7.70,0.03,0.00,-0.04,325,350,397,411,330
4.52,-4.28,-7.51,0.04,0.00,-0.03,325,350,397,411,330
4.45,-4.29,-7.71,0.03,-0.00,-0.03,325,350,397,411,330
4.47,-4.33,-7.75,0.03,0.00,-0.03,325,350,397,411,330
4.49,-4.26,-7.77,0.04,-0.00,-0.03,325,350,397,411,330
4.59,-4.34,-7.85,0.04,-0.01,-0.04,325,350,397,411,330
4.30,-4.32,-7.63,0.03,0.00,-0.03,325,350,397,411,330
4.42,-4.36,-7.63,0.03,-0.00,-0.03,325,350,397,411,330
4.59,-4.26,-7.71,0.03,-0.00,-0.04,325,350,397,411,330
4.40,-4.34,-7.68,0.03,-0.00,-0.03,325,350,397,411,330
4.54,-4.33,-7.67,0.03,0.00,-0.03,325,350,396,411,330
4.51,-4.33,-7.73,0.03,-0.00,-0.03,325,350,397,411,330
4.44,-4.21,-7.74,0.03,0.00,-0.04,325,350,397,411,330
4.52,-4.21,-7.67,0.04,0.01,-0.03,325,350,397,411,330
4.50,-4.32,-7.77,0.03,-0.01,-0.03,325,350,397,411,330
4.36,-4.29,-7.65,0.03,-0.00,-0.04,325,350,397,411,330
END
4.62,-4.23,-8.08,0.03,-0.00,-0.03,324,350,397,411,330
4.47,-4.26,-7.73,0.03,-0.01,-0.03,325,350,396,411,330
4.41,-4.21,-7.95,0.04,0.00,-0.04,324,350,396,411,330
4.40,-4.22,-7.87,0.04,0.01,-0.03,325,350,396,411,330
4.62,-4.26,-7.93,0.03,-0.01,-0.03,325,350,396,410,330
4.49,-4.24,-7.84,0.04,0.00,-0.03,325,350,397,411,330
4.52,-4.24,-7.79,0.04,0.00,-0.04,325,350,396,411,330
4.49,-4.29,-7.67,0.03,-0.02,-0.04,325,350,396,411,330
4.52,-4.35,-7.70,0.04,-0.00,-0.04,325,350,397,411,330
4.47,-4.33,-7.75,0.03,-0.00,-0.03,325,350,397,411,330
4.39,-4.34,-7.68,0.03,0.00,-0.03,325,350,396,411,330
4.52,-4.31,-7.67,0.03,0.01,-0.03,325,350,396,411,330
4.44,-4.26,-7.80,0.03,-0.01,-0.03,325,350,396,411,330
4.46,-4.32,-7.73,0.04,0.00,-0.04,325,350,396,411,329
4.59,-4.26,-7.85,0.04,0.01,-0.04,325,350,396,411,330
4.52,-4.34,-7.71,0.04,0.00,-0.04,325,350,396,411,330
4.46,-4.35,-7.58,0.04,0.01,-0.03,325,350,396,411,330
4.61,-4.29,-7.79,0.03,0.01,-0.03,325,350,396,411,330
4.58,-4.31,-7.67,0.03,0.00,-0.04,325,350,396,411,330
4.27,-4.32,-7.60,0.03,0.00,-0.03,325,350,396,411,330
4.42,-4.35,-7.59,0.03,0.00,-0.04,325,350,396,411,330
4.47,-4.33,-7.56,0.03,-0.00,-0.04,325,350,396,411,330
4.48,-4.30,-7.74,0.03,-0.01,-0.04,325,350,396,410,330
4.63,-4.18,-7.92,0.03,0.00,-0.03,325,350,396,410,330
4.57,-4.24,-7.72,0.04,-0.00,-0.04,325,350,396,411,330
4.62,-4.31,-7.67,0.04,-0.01,-0.03,325,350,396,411,330
4.50,-4.26,-7.87,0.03,-0.01,-0.03,325,350,397,411,330
4.57,-4.20,-7.96,0.02,0.01,-0.03,325,350,396,411,330
4.66,-4.13,-7.97,0.02,-0.00,-0.03,325,350,396,411,330
4.40,-4.28,-7.73,0.03,-0.01,-0.04,325,350,396,411,330
4.35,-4.32,-7.59,0.03,-0.00,-0.04,325,350,396,410,330
4.61,-4.32,-7.67,0.03,0.00,-0.03,325,350,396,411,330
4.39,-4.20,-7.70,0.03,-0.01,-0.03,325,350,396,411,330
END
4.40,-4.20,-7.65,0.03,-0.00,-0.03,325,350,397,410,330
4.42,-4.32,-7.57,0.03,-0.00,-0.03,325,350,396,411,330
4.44,-4.23,-7.83,0.03,0.00,-0.03,325,350,396,411,330
4.54,-4.27,-7.82,0.04,0.00,-0.03,325,350,396,411,330
4.30,-4.36,-7.59,0.03,-0.01,-0.04,325,350,396,411,330
4.39,-4.26,-7.75,0.03,0.00,-0.03,325,350,396,411,330
4.40,-4.21,-7.70,0.03,0.00,-0.03,325,350,396,411,330
4.42,-4.28,-7.67,0.04,0.00,-0.03,325,350,396,410,330
4.44,-4.30,-7.79,0.03,-0.00,-0.03,325,350,396,410,330
4.41,-4.35,-7.75,0.03,0.00,-0.03,325,350,396,411,330
4.34,-4.31,-7.75,0.03,-0.00,-0.03,325,350,396,410,330
4.44,-4.24,-7.77,0.03,0.01,-0.04,325,350,396,411,330
4.55,-4.28,-7.70,0.04,-0.01,-0.03,325,350,396,411,330
4.24,-4.17,-7.61,0.04,-0.01,-0.03,325,350,396,410,330
4.51,-4.24,-7.80,0.03,0.01,-0.03,325,351,396,411,330
4.53,-4.26,-7.77,0.03,-0.00,-0.03,325,350,396,411,330
4.36,-4.40,-7.70,0.03,-0.00,-0.03,325,350,396,410,330
4.46,-4.27,-7.75,0.03,0.01,-0.03,325,350,396,410,330
4.43,-4.29,-7.78,0.03,-0.01,-0.04,325,350,396,410,330
4.41,-4.30,-7.62,0.04,-0.00,-0.04,325,350,397,410,330
4.49,-4.19,-7.70,0.04,-0.00,-0.04,325,350,396,410,330
4.44,-4.15,-7.85,0.04,0.00,-0.04,325,350,396,410,330
4.60,-4.31,-7.83,0.04,0.00,-0.04,325,350,396,411,330
4.39,-4.29,-7.75,0.03,0.00,-0.03,325,350,396,411,330
4.41,-4.26,-7.63,0.04,0.01,-0.03,325,350,396,411,330
4.26,-4.19,-7.72,0.04,0.00,-0.03,325,350,396,411,330
4.44,-4.24,-7.72,0.04,0.00,-0.04,325,350,396,410,330
4.53,-4.30,-7.82,0.04,0.00,-0.04,325,350,396,410,330
4.37,-4.32,-7.72,0.04,-0.00,-0.03,325,350,396,411,330
4.35,-4.28,-7.69,0.03,0.01,-0.03,325,350,396,410,330
4.34,-4.15,-7.58,0.04,0.01,-0.03,325,350,396,410,330
4.52,-4.31,-7.72,0.04,-0.01,-0.04,325,350,396,410,330
4.54,-4.35,-7.60,0.04,0.00,-0.04,325,350,396,411,330
END
4.50,-4.42,-7.59,0.03,0.00,-0.03,325,350,396,411,330
4.42,-4.06,-7.85,0.04,-0.00,-0.03,325,350,396,410,330
4.44,-4.24,-7.70,0.05,-0.01,-0.04,325,350,396,411,330
4.39,-4.34,-7.65,0.06,-0.01,-0.04,325,350,396,410,330
4.47,-4.46,-7.57,0.04,0.00,-0.04,325,350,396,410,330
4.55,-4.45,-7.77,0.03,-0.00,-0.03,325,350,396,411,330
4.39,-4.28,-7.62,0.01,-0.01,-0.03,325,350,396,410,330
4.44,-4.24,-7.77,0.03,0.00,-0.03,325,350,396,410,330
4.36,-4.34,-7.66,0.04,-0.00,-0.04,325,350,396,410,330
4.36,-4.39,-7.63,0.03,-0.00,-0.04,325,350,396,411,330
4.49,-4.37,-7.76,0.03,0.00,-0.03,325,350,396,411,330
4.33,-4.26,-7.75,0.03,-0.00,-0.03,325,350,396,410,330
4.39,-4.33,-7.71,0.03,-0.00,-0.03,325,350,396,411,330
4.41,-4.29,-7.82,0.03,-0.00,-0.03,325,350,396,410,330
4.48,-4.34,-7.61,0.03,0.00,-0.03,325,350,396,410,330
4.44,-4.36,-7.63,0.03,-0.01,-0.03,325,350,396,410,330
4.42,-4.27,-7.76,0.03,0.00,-0.03,325,350,395,410,330
4.44,-4.36,-7.71,0.04,0.00,-0.04,325,350,396,410,330
4.45,-4.31,-7.77,0.03,-0.00,-0.03,325,350,396,410,330
4.41,-4.24,-7.81,0.03,-0.00,-0.03,325,350,396,411,330
4.42,-4.23,-7.69,0.03,0.00,-0.03,325,350,396,410,330
4.53,-4.23,-7.79,0.03,-0.00,-0.03,325,350,396,411,330
4.26,-4.28,-7.74,0.03,-0.00,-0.03,325,350,396,410,330
4.34,-4.35,-7.77,0.03,-0.00,-0.03,325,350,396,410,330
4.57,-4.28,-7.77,0.04,0.00,-0.04,325,350,396,410,330
4.39,-4.20,-7.71,0.03,-0.00,-0.03,325,350,396,410,330
4.46,-4.30,-7.75,0.03,0.01,-0.04,325,350,396,410,330
4.62,-4.34,-7.71,0.04,0.00,-0.04,325,350,396,410,330
4.46,-4.24,-7.72,0.04,0.00,-0.04,325,350,396,410,330
4.48,-4.28,-7.70,0.04,-0.00,-0.03,325,350,396,410,330
4.36,-4.34,-7.64,0.04,-0.00,-0.03,325,350,396,410,330
4.38,-4.30,-7.63,0.03,0.00,-0.03,325,350,396,410,330
4.49,-4.32,-7.63,0.03,0.00,-0.03,326,350,396,410,330
END
4.56,-4.27,-7.83,0.03,0.00,-0.03,325,350,396,411,330
4.54,-4.31,-7.60,0.03,0.00,-0.03,325,350,395,410,330
4.53,-4.31,-7.68,0.03,-0.00,-0.03,325,350,396,411,330
4.43,-4.31,-7.68,0.03,0.01,-0.03,325,350,396,410,330
4.52,-4.34,-7.62,0.03,-0.01,-0.03,325,350,396,410,330
4.52,-4.31,-7.85,0.03,-0.00,-0.03,325,350,396,410,330
4.47,-4.31,-7.67,0.03,-0.00,-0.04,325,350,396,410,330
4.61,-4.32,-7.60,0.04,0.00,-0.04,325,350,396,410,330
4.51,-4.39,-7.73,0.03,-0.01,-0.03,325,350,396,410,330
4.44,-4.26,-7.57,0.03,-0.01,-0.03,325,350,396,410,330
4.41,-4.33,-7.56,0.03,0.00,-0.03,325,350,396,410,330
4.57,-4.23,-7.70,0.04,-0.00,-0.04,325,350,396,410,330
4.47,-4.36,-7.57,0.04,-0.00,-0.04,325,350,396,410,330
4.44,-4.36,-7.65,0.03,-0.00,-0.04,325,350,396,410,330
4.45,-4.31,-7.72,0.03,0.00,-0.03,325,350,396,410,330
4.47,-4.26,-7.79,0.03,0.00,-0.03,325,350,396,410,330
4.52,-4.29,-7.79,0.03,-0.00,-0.03,325,350,396,410,330
4.29,-4.26,-7.62,0.03,-0.00,-0.03,325,350,396,410,330
4.50,-4.29,-7.82,0.03,-0.00,-0.04,325,350,396,410,330
4.47,-4.29,-7.83,0.04,0.00,-0.04,325,350,396,410,330
4.48,-4.40,-7.57,0.04,0.00,-0.03,325,350,396,410,330
4.54,-4.41,-7.71,0.03,-0.01,-0.03,325,350,396,410,330
4.45,-4.29,-7.75,0.03,0.00,-0.03,325,350,396,410,330
4.65,-4.18,-7.89,0.03,0.00,-0.03,325,350,396,410,330
4.38,-4.34,-7.55,0.04,0.00,-0.04,325,350,396,410,330
4.52,-4.36,-7.60,0.04,-0.00,-0.04,326,350,396,410,330
4.48,-4.24,-7.86,0.03,-0.00,-0.03,325,350,396,410,330
4.41,-4.30,-7.81,0.03,-0.00,-0.03,325,350,396,410,330
4.52,-4.40,-7.59,0.04,0.00,-0.03,325,350,396,410,330
4.49,-4.34,-7.62,0.03,0.01,-0.03,325,350,396,410,330
4.50,-4.21,-7.63,0.02,0.01,-0.03,326,350,396,410,330
4.38,-4.19,-7.71,0.02,0.00,-0.03,325,350,396,410,330
4.58,-4.29,-7.75,0.04,0.00,-0.03,325,350,396,410,329
END
4.46,-4.39,-7.49,0.04,-0.02,-0.04,325,350,397,410,330
4.43,-4.37,-7.55,0.03,0.00,-0.03,325,350,396,410,330
4.50,-4.41,-7.59,0.03,-0.00,-0.03,325,350,396,411,330
4.44,-4.34,-7.59,0.03,-0.00,-0.04,325,350,396,410,330
4.47,-4.30,-7.65,0.03,-0.00,-0.04,325,350,396,410,330
4.31,-4.28,-7.57,0.03,-0.00,-0.03,325,350,396,410,330
4.42,-4.31,-7.65,0.03,0.00,-0.03,325,350,396,410,330
4.47,-4.32,-7.65,0.03,0.00,-0.03,325,350,396,410,329
4.41,-4.34,-7.72,0.03,-0.00,-0.03,325,350,396,410,330
4.45,-4.39,-7.47,0.03,-0.00,-0.03,325,350,395,410,330
4.58,-4.23,-7.75,0.03,0.00,-0.03,325,350,396,410,330
4.60,-4.25,-7.75,0.03,-0.01,-0.03,325,350,396,410,330
4.47,-4.28,-7.71,0.03,-0.01,-0.03,325,350,396,410,330
4.47,-4.35,-7.65,0.03,0.00,-0.03,325,350,396,410,330
4.56,-4.39,-7.59,0.03,0.00,-0.03,325,350,396,410,330
4.50,-4.31,-7.65,0.03,-0.01,-0.03,325,350,396,410,330
4.53,-4.21,-7.90,0.03,0.01,-0.03,325,350,395,410,330
4.62,-4.25,-7.73,0.03,-0.00,-0.03,325,350,396,410,330
4.52,-4.26,-7.65,0.03,-0.01,-0.03,325,350,396,410,330
4.52,-4.29,-7.66,0.03,0.00,-0.03,325,350,395,410,330
4.54,-4.40,-7.65,0.03,0.00,-0.03,325,350,395,410,330
4.54,-4.33,-7.62,0.03,0.00,-0.03,325,350,396,410,330
4.57,-4.29,-7.62,0.03,0.00,-0.03,325,350,396,410,330
4.66,-4.35,-7.70,0.03,0.00,-0.03,325,350,396,410,330
4.54,-4.26,-7.65,0.03,-0.01,-0.03,325,350,396,410,330
4.36,-4.28,-7.64,0.03,-0.00,-0.03,325,350,396,410,330
4.49,-4.35,-7.69,0.03,0.00,-0.03,325,350,395,410,330
4.59,-4.31,-7.73,0.02,-0.00,-0.03,325,350,395,410,330
4.54,-4.34,-7.70,0.03,0.00,-0.03,325,350,395,410,330
4.32,-4.34,-7.43,0.03,-0.01,-0.03,325,350,395,410,330
4.40,-4.37,-7.49,0.04,-0.00,-0.03,325,350,396,410,330
4.45,-4.26,-7.65,0.03,0.00,-0.03,325,350,395,410,330
4.60,-4.29,-7.85,0.03,-0.00,-0.03,325,350,396,410,330
END
4.40,-4.31,-7.54,0.03,-0.00,-0.03,325,350,396,410,330
4.52,-4.34,-7.66,0.03,-0.00,-0.04,325,350,396,410,330
4.51,-4.38,-7.53,0.03,-0.00,-0.03,325,350,395,410,330
4.51,-4.35,-7.70,0.03,-0.00,-0.03,325,350,395,410,330
4.39,-4.29,-7.71,0.02,0.00,-0.03,325,350,395,410,330
4.45,-4.29,-7.64,0.03,-0.00,-0.04,325,350,395,410,330
4.46,-4.24,-7.66,0.04,0.00,-0.03,325,350,395,410,330
4.66,-4.20,-7.47,0.03,-0.00,-0.03,325,350,395,410,330
4.43,-4.36,-7.30,0.03,-0.01,-0.03,325,350,396,410,330
4.48,-4.31,-7.63,0.03,0.00,-0.03,325,350,395,410,330
4.57,-4.34,-7.65,0.03,-0.01,-0.03,325,350,395,410,330
4.39,-4.34,-7.72,0.03,-0.01,-0.03,325,350,395,410,330
4.49,-4.28,-7.67,0.03,0.00,-0.04,325,350,395,410,330
4.61,-4.25,-7.54,0.03,0.00,-0.03,325,350,395,410,330
4.44,-4.29,-7.66,0.03,-0.00,-0.03,325,350,395,410,330
4.60,-4.39,-7.60,0.03,0.00,-0.03,325,350,395,410,330
4.52,-4.39,-7.58,0.03,-0.00,-0.03,325,350,395,410,330
4.47,-4.34,-7.59,0.03,0.00,-0.03,325,350,395,410,330
4.53,-4.31,-7.41,0.03,-0.00,-0.03,325,350,395,410,330
4.45,-4.36,-7.61,0.03,-0.00,-0.03,325,350,395,410,330
4.41,-4.27,-7.46,0.03,-0.00,-0.04,325,350,395,410,330
4.58,-4.31,-7.67,0.03,0.00,-0.03,325,350,395,410,330
4.51,-4.32,-7.56,0.03,-0.00,-0.03,325,350,395,410,330
4.49,-4.44,-7.67,0.03,-0.00,-0.04,325,350,395,410,330
4.52,-4.34,-7.57,0.03,0.00,-0.03,325,350,395,410,330
4.41,-4.25,-7.65,0.03,0.00,-0.03,325,350,395,410,330
4.57,-4.34,-7.60,0.04,0.00,-0.03,325,350,395,410,330
4.45,-4.33,-7.54,0.02,-0.00,-0.03,325,350,395,410,330
4.50,-4.28,-7.71,0.02,-0.01,-0.03,325,350,395,410,330
4.40,-4.26,-7.67,0.03,-0.00,-0.03,325,350,395,410,330
4.57,-4.34,-7.74,0.03,-0.00,-0.03,325,350,395,410,330
4.65,-4.27,-7.93,0.03,-0.01,-0.03,325,350,395,410,330
4.33,-4.33,-7.75,0.03,-0.00,-0.03,325,350,395,410,330
END
4.51,-4.32,-7.54,0.03,0.00,-0.03,325,350,395,410,329
4.57,-4.36,-7.63,0.04,0.00,-0.04,325,350,395,410,330
4.65,-4.34,-7.70,0.03,0.00,-0.03,325,350,395,410,330
4.54,-4.31,-7.68,0.03,0.00,-0.04,325,350,395,410,330
4.52,-4.29,-7.70,0.03,0.00,-0.03,325,350,395,410,330
4.51,-4.32,-7.53,0.02,-0.00,-0.03,325,350,395,410,330
4.47,-4.38,-7.51,0.03,-0.00,-0.03,325,350,395,410,330
4.41,-4.41,-7.39,0.03,0.00,-0.03,325,350,395,410,330
4.64,-4.39,-7.54,0.03,-0.00,-0.03,325,350,395,410,330
4.51,-4.34,-7.67,0.03,0.00,-0.03,325,350,395,410,330
4.59,-4.30,-7.66,0.03,0.00,-0.03,325,350,395,410,330
4.52,-4.26,-7.57,0.03,-0.01,-0.03,325,350,395,410,330
4.61,-4.31,-7.62,0.04,0.00,-0.03,325,350,395,410,330
4.66,-4.25,-7.71,0.03,-0.00,-0.03,325,350,395,410,329
4.57,-4.29,-7.57,0.04,-0.00,-0.03,325,350,395,410,330
4.53,-4.30,-7.59,0.03,-0.00,-0.03,325,350,395,410,330
4.49,-4.34,-7.64,0.02,-0.00,-0.03,325,350,395,410,330
4.61,-4.35,-7.56,0.03,-0.00,-0.03,325,350,395,410,330
4.45,-4.36,-7.67,0.03,-0.00,-0.03,325,350,395,410,330
4.48,-4.38,-7.47,0.03,0.00,-0.03,325,350,395,410,330
4.58,-4.27,-7.57,0.03,-0.00,-0.04,325,350,395,410,330
4.52,-4.30,-7.69,0.03,-0.00,-0.03,325,350,395,410,330
4.54,-4.37,-7.74,0.03,-0.00,-0.03,325,350,395,410,330
4.52,-4.26,-7.60,0.03,-0.00,-0.03,325,350,395,410,330
4.46,-4.36,-7.72,0.03,-0.00,-0.03,325,350,395,410,330
4.47,-4.29,-7.59,0.03,-0.00,-0.03,325,350,395,410,330
4.60,-4.20,-7.71,0.03,-0.00,-0.03,325,350,395,410,330
4.46,-4.37,-7.54,0.03,-0.00,-0.03,325,350,395,410,330
4.47,-4.26,-7.52,0.03,-0.01,-0.03,325,350,395,410,330
4.41,-4.31,-7.68,0.03,-0.01,-0.03,325,350,395,410,330
4.54,-4.32,-7.72,0.04,-0.00,-0.03,325,350,395,410,330
4.49,-4.27,-7.68,0.03,-0.00,-0.03,325,350,395,410,330
4.49,-4.30,-7.54,0.03,-0.00,-0.03,325,350,395,410,330
END
4.57,-4.31,-7.69,0.03,0.01,-0.04,325,350,395,410,330
4.64,-4.41,-7.61,0.03,0.00,-0.03,325,350,395,410,330
4.52,-4.36,-7.59,0.03,0.01,-0.03,325,350,395,410,330
4.68,-4.36,-7.65,0.03,0.00,-0.03,325,350,395,410,330
4.67,-4.48,-7.59,0.04,-0.01,-0.03,325,350,395,410,330
4.59,-4.55,-7.57,0.04,-0.01,-0.04,325,350,395,410,330
4.58,-4.44,-7.47,0.04,0.00,-0.04,325,350,395,410,330
4.57,-4.51,-7.43,0.03,-0.01,-0.04,324,350,395,410,330
4.61,-4.37,-7.52,0.02,-0.00,-0.03,325,350,395,410,330
4.56,-4.44,-7.49,0.03,0.01,-0.03,325,350,395,410,330
4.61,-4.44,-7.39,0.02,0.01,-0.03,325,350,395,410,330
4.61,-4.26,-7.65,0.02,0.01,-0.03,325,350,395,410,330
4.67,-4.36,-7.65,0.03,-0.00,-0.04,325,350,395,410,330
4.64,-4.41,-7.50,0.04,-0.00,-0.04,325,350,395,410,330
4.63,-4.47,-7.40,0.03,-0.00,-0.03,325,350,395,410,330
4.70,-4.54,-7.45,0.01,-0.01,-0.02,325,350,395,410,330
4.56,-4.22,-7.59,0.02,-0.01,-0.02,325,350,395,410,330
4.42,-4.19,-7.63,0.04,0.00,-0.03,325,350,395,410,330
4.59,-4.34,-7.58,0.05,0.01,-0.04,325,350,395,410,330
4.87,-4.44,-7.56,0.04,-0.00,-0.03,325,350,395,410,330
4.59,-4.47,-7.51,0.03,0.00,-0.03,325,350,395,410,330
4.63,-4.36,-7.44,0.03,0.01,-0.03,325,350,395,410,330
4.79,-4.34,-7.65,0.03,0.01,-0.03,325,350,395,410,330
4.87,-4.49,-7.57,0.03,-0.01,-0.04,325,350,395,410,330
4.64,-4.35,-7.57,0.02,-0.01,-0.03,325,350,395,410,330
4.52,-4.34,-7.62,0.03,-0.00,-0.03,325,350,395,410,330
4.65,-4.33,-7.61,0.03,-0.00,-0.03,325,350,395,410,330
4.52,-4.43,-7.35,0.03,-0.00,-0.03,325,351,395,410,330
4.57,-4.46,-7.61,0.03,-0.01,-0.04,325,350,395,410,330
4.56,-4.34,-7.52,0.03,-0.00,-0.03,325,350,395,410,330
4.67,-4.30,-7.55,0.03,0.00,-0.03,325,350,396,410,330
4.72,-4.41,-7.71,0.03,-0.00,-0.03,325,350,395,410,330
4.60,-4.44,-7.44,0.03,0.00,-0.02,325,350,395,410,330
END
4.54,-4.41,-7.49,0.03,0.01,-0.03,325,350,395,410,330
4.61,-4.41,-7.33,0.03,0.00,-0.04,325,350,395,410,330
4.77,-4.39,-7.88,0.03,-0.01,-0.03,325,350,395,410,329
4.62,-4.36,-7.67,0.03,-0.00,-0.03,325,350,395,410,330
4.69,-4.47,-7.54,0.03,0.00,-0.03,325,350,394,410,330
4.57,-4.42,-7.62,0.03,-0.00,-0.04,325,350,395,410,330
4.68,-4.37,-7.49,0.03,-0.00,-0.03,325,350,395,410,330
4.55,-4.41,-7.44,0.03,0.00,-0.03,325,350,395,410,330
4.51,-4.41,-7.54,0.03,-0.00,-0.03,325,350,395,410,330
4.74,-4.40,-7.58,0.03,0.00,-0.03,325,350,395,410,330
4.67,-4.41,-7.37,0.03,-0.01,-0.03,325,350,395,410,330
4.59,-4.38,-7.49,0.03,-0.01,-0.03,325,351,395,410,330
4.64,-4.44,-7.59,0.03,0.00,-0.03,325,351,395,409,330
4.62,-4.44,-7.52,0.03,-0.00,-0.03,325,350,395,410,330
4.59,-4.40,-7.52,0.03,-0.00,-0.03,326,350,395,410,330
4.62,-4.34,-7.55,0.04,0.00,-0.03,325,350,395,410,330
4.57,-4.32,-7.53,0.03,0.01,-0.04,325,350,395,410,329
4.66,-4.44,-7.46,0.03,0.00,-0.04,325,350,395,410,330
4.59,-4.39,-7.47,0.02,-0.00,-0.03,325,350,395,410,330
4.69,-4.36,-7.55,0.02,0.00,-0.03,325,350,395,410,330
4.67,-4.31,-7.46,0.03,-0.01,-0.03,325,350,395,410,330
4.52,-4.40,-7.43,0.02,-0.00,-0.03,325,350,395,410,330
4.55,-4.47,-7.47,0.03,-0.01,-0.03,325,350,395,409,330
4.62,-4.49,-7.52,0.03,-0.00,-0.03,325,350,395,410,330
4.59,-4.43,-7.40,0.03,-0.00,-0.03,325,350,395,410,330
4.70,-4.48,-7.57,0.03,-0.00,-0.03,325,350,394,409,330
4.45,-4.42,-7.49,0.02,-0.00,-0.03,325,350,394,410,330
4.63,-4.36,-7.42,0.03,0.00,-0.03,325,350,395,410,330
4.65,-4.34,-7.50,0.03,-0.00,-0.03,325,350,395,410,330
4.47,-4.47,-7.34,0.04,-0.00,-0.03,325,350,395,410,330
4.54,-4.45,-7.47,0.03,0.00,-0.04,325,350,395,410,330
4.72,-4.43,-7.61,0.03,-0.00,-0.03,325,350,395,410,330
4.52,-4.41,-7.48,0.03,-0.01,-0.03,325,350,395,410,330
END
4.57,-4.40,-7.74,0.03,0.00,-0.03,325,350,395,410,330
4.81,-4.41,-7.52,0.03,0.00,-0.03,325,350,394,410,330
4.58,-4.34,-7.44,0.04,0.00,-0.04,325,350,395,410,330
4.60,-4.53,-7.46,0.03,-0.00,-0.03,325,350,395,410,330
4.62,-4.47,-7.49,0.04,0.00,-0.03,325,350,394,410,330
4.63,-4.37,-7.59,0.03,-0.00,-0.04,325,350,394,410,330
4.68,-4.45,-7.49,0.03,0.00,-0.03,325,350,395,409,330
4.72,-4.36,-7.62,0.03,-0.00,-0.03,325,350,395,410,330
4.54,-4.33,-7.28,0.03,-0.00,-0.03,325,351,394,409,330
4.60,-4.37,-7.56,0.04,0.00,-0.03,325,350,394,409,330
4.66,-4.43,-7.47,0.03,-0.00,-0.03,325,350,395,409,329
4.59,-4.47,-7.51,0.03,-0.01,-0.03,325,350,394,410,330
4.55,-4.41,-7.52,0.03,-0.00,-0.03,325,350,394,410,330
4.69,-4.40,-7.55,0.03,-0.00,-0.04,325,350,395,410,330
4.62,-4.46,-7.42,0.04,-0.00,-0.03,325,350,395,410,330
4.57,-4.37,-7.54,0.03,-0.01,-0.04,325,350,394,410,330
4.67,-4.42,-7.61,0.03,0.00,-0.03,325,350,395,410,330
4.69,-4.39,-7.62,0.02,-0.01,-0.03,325,350,395,410,330
4.54,-4.42,-7.58,0.03,-0.00,-0.03,325,350,395,410,330
4.62,-4.44,-7.45,0.03,-0.00,-0.03,325,350,394,409,330
4.55,-4.31,-7.54,0.03,-0.00,-0.03,325,350,394,409,330
4.63,-4.38,-7.63,0.03,-0.00,-0.03,325,350,394,409,330
4.59,-4.47,-7.57,0.03,-0.00,-0.03,325,350,394,410,330
4.60,-4.38,-7.49,0.03,0.00,-0.03,325,350,394,409,330
4.74,-4.42,-7.59,0.02,-0.01,-0.03,325,351,394,410,330
4.55,-4.39,-7.50,0.03,0.00,-0.03,325,350,394,410,330
4.58,-4.33,-7.57,0.03,0.01,-0.04,325,350,395,410,330
4.60,-4.35,-7.58,0.03,0.00,-0.04,325,350,395,410,330
4.43,-4.53,-7.21,0.03,0.01,-0.03,325,350,394,409,330
4.54,-4.34,-7.52,0.03,-0.00,-0.03,325,350,394,409,329
4.54,-4.33,-7.54,0.03,0.00,-0.03,325,350,394,410,330
4.69,-4.39,-7.56,0.03,0.00,-0.03,325,350,394,409,329
4.59,-4.38,-7.52,0.03,-0.00,-0.03,325,350,395,409,330
END
4.58,-4.44,-7.62,0.03,-0.01,-0.03,325,350,395,410,330
4.54,-4.40,-7.50,0.03,-0.00,-0.03,325,350,395,409,330
4.65,-4.40,-7.52,0.04,0.00,-0.03,325,350,394,410,330
4.68,-4.41,-7.45,0.04,-0.00,-0.03,325,350,394,409,330
4.63,-4.42,-7.45,0.04,0.00,-0.03,325,350,394,409,330
4.57,-4.45,-7.50,0.04,-0.00,-0.03,325,350,394,409,330
4.50,-4.35,-7.63,0.03,-0.00,-0.03,325,350,394,409,330
4.70,-4.42,-7.63,0.04,0.01,-0.03,325,350,394,409,330
4.61,-4.48,-7.47,0.04,0.00,-0.03,325,350,394,409,330
4.59,-4.47,-7.43,0.03,-0.01,-0.03,325,350,394,409,330
4.69,-4.42,-7.59,0.04,0.00,-0.04,325,350,394,409,330
4.56,-4.42,-7.67,0.04,-0.00,-0.04,325,350,394,409,330
4.65,-4.52,-7.47,0.03,-0.01,-0.03,325,350,394,409,330
4.52,-4.46,-7.47,0.03,-0.00,-0.03,325,350,394,409,330
4.52,-4.44,-7.57,0.04,-0.00,-0.03,325,350,394,409,330
4.67,-4.44,-7.49,0.03,0.00,-0.04,325,350,395,409,330
4.62,-4.39,-7.47,0.03,-0.00,-0.03,325,351,394,409,330
4.64,-4.49,-7.39,0.03,0.00,-0.03,325,350,394,409,330
4.64,-4.44,-7.54,0.02,-0.00,-0.03,325,350,394,409,330
4.60,-4.34,-7.50,0.02,-0.02,-0.03,325,350,394,409,330
4.59,-4.44,-7.58,0.04,0.01,-0.03,325,350,394,409,330
4.67,-4.42,-7.35,0.04,0.01,-0.04,325,350,394,409,330
4.59,-4.46,-7.49,0.03,-0.00,-0.03,325,350,394,409,330
4.59,-4.44,-7.59,0.03,-0.00,-0.03,325,350,394,409,330
4.60,-4.49,-7.47,0.03,-0.00,-0.03,325,350,394,409,330
4.63,-4.43,-7.52,0.03,-0.01,-0.03,325,350,394,409,330
4.62,-4.36,-7.47,0.03,-0.01,-0.03,325,350,394,409,330
4.68,-4.39,-7.54,0.03,0.00,-0.03,325,350,394,409,330
4.58,-4.38,-7.58,0.03,-0.01,-0.04,325,350,394,409,330
4.54,-4.34,-7.49,0.03,0.00,-0.03,325,350,394,409,330
4.62,-4.46,-7.55,0.03,0.00,-0.03,325,350,394,409,330
4.57,-4.43,-7.42,0.03,-0.00,-0.03,325,350,394,409,330
4.58,-4.42,-7.57,0.03,0.00,-0.03,325,350,394,409,330
END
4.61,-4.41,-7.49,0.03,-0.00,-0.03,325,350,394,409,330
4.59,-4.48,-7.46,0.04,-0.00,-0.04,325,350,394,409,329
4.64,-4.46,-7.54,0.03,0.00,-0.03,325,350,394,409,330
4.67,-4.41,-7.50,0.03,0.00,-0.04,325,350,394,409,330
4.66,-4.39,-7.52,0.03,-0.01,-0.04,325,350,394,409,330
4.52,-4.40,-7.44,0.04,0.00,-0.03,325,350,394,409,329
4.61,-4.44,-7.52,0.03,-0.00,-0.03,325,351,394,409,330
4.58,-4.39,-7.53,0.03,-0.00,-0.04,325,350,394,409,330
4.51,-4.36,-7.54,0.04,0.00,-0.04,325,350,394,409,330
4.49,-4.35,-7.59,0.04,0.01,-0.05,325,350,394,409,330
4.74,-4.48,-7.59,0.04,0.01,-0.04,325,350,394,409,330
4.77,-4.45,-7.56,0.04,-0.01,-0.04,325,350,394,409,330
4.52,-4.48,-7.54,0.04,-0.01,-0.04,325,350,395,409,330
4.64,-4.52,-7.36,0.04,0.01,-0.03,325,350,394,409,330
4.67,-4.41,-7.49,0.03,-0.00,-0.03,325,350,394,409,330
4.62,-4.38,-7.44,0.04,0.02,-0.03,325,350,394,409,330
4.59,-4.43,-7.44,0.04,0.00,-0.03,325,350,394,409,330
4.66,-4.41,-7.49,0.04,-0.00,-0.04,325,350,394,409,330
4.69,-4.48,-7.47,0.03,0.01,-0.03,325,350,394,409,330
4.66,-4.43,-7.44,0.04,0.00,-0.04,325,350,394,409,330
4.60,-4.42,-7.52,0.03,-0.01,-0.04,325,350,394,409,330
4.61,-4.47,-7.44,0.03,0.01,-0.04,325,350,394,409,330
4.75,-4.48,-7.36,0.04,-0.00,-0.04,325,350,394,409,330
4.62,-4.50,-7.37,0.03,-0.00,-0.04,325,350,395,409,330
4.72,-4.48,-7.42,0.03,0.01,-0.03,325,350,394,409,330
4.79,-4.49,-7.37,0.03,-0.01,-0.04,325,350,394,409,330
4.67,-4.49,-7.41,0.03,-0.01,-0.03,325,350,394,409,330
4.64,-4.40,-7.43,0.03,0.00,-0.03,325,350,394,409,330
4.64,-4.38,-7.49,0.03,-0.00,-0.04,325,350,394,409,330
4.70,-4.47,-7.44,0.03,-0.00,-0.03,325,350,394,409,330
4.72,-4.35,-7.52,0.03,-0.01,-0.04,325,350,394,409,330
4.62,-4.40,-7.49,0.03,0.00,-0.04,325,350,394,409,330
4.69,-4.36,-7.44,0.03,-0.00,-0.03,325,350,394,409,330
END
4.63,-4.44,-7.26,0.03,0.00,-0.04,325,350,394,409,330
4.80,-4.39,-7.44,0.03,-0.00,-0.06,325,350,394,409,329
4.69,-4.43,-7.50,0.03,-0.01,-0.03,325,350,394,409,330
4.55,-4.44,-7.46,0.03,-0.01,-0.03,325,350,394,409,330
4.58,-4.33,-7.53,0.03,0.00,-0.03,325,350,394,409,330
4.49,-4.46,-7.40,0.03,0.00,-0.03,325,350,394,409,330
4.55,-4.45,-7.47,0.03,-0.00,-0.03,325,350,394,409,330
4.68,-4.36,-7.52,0.04,0.00,-0.03,325,350,394,409,330
4.62,-4.44,-7.52,0.03,-0.00,-0.03,325,350,394,409,330
4.67,-4.34,-7.47,0.04,-0.00,-0.03,325,350,394,409,330
4.66,-4.44,-7.46,0.04,-0.00,-0.04,325,350,394,409,329
4.67,-4.41,-7.58,0.04,-0.00,-0.04,325,350,394,409,330
4.70,-4.46,-7.46,0.03,0.00,-0.03,325,350,394,409,330
4.86,-4.27,-7.62,0.04,0.01,-0.04,325,350,394,409,330
4.49,-4.51,-7.40,0.04,0.01,-0.03,325,350,394,409,330
4.60,-4.51,-7.38,0.03,-0.01,-0.03,325,350,394,409,330
4.70,-4.41,-7.51,0.04,-0.00,-0.03,325,350,394,409,330
4.74,-4.56,-7.34,0.04,-0.01,-0.03,325,350,394,409,330
4.64,-4.40,-7.57,0.03,-0.00,-0.03,325,350,394,409,330
4.59,-4.39,-7.40,0.03,-0.00,-0.04,325,350,394,409,330
4.65,-4.37,-7.44,0.04,-0.00,-0.03,325,350,394,409,329
4.57,-4.36,-7.46,0.03,-0.00,-0.03,325,350,394,409,330
4.71,-4.46,-7.46,0.03,-0.00,-0.04,325,350,394,409,331
4.66,-4.59,-7.43,0.03,-0.00,-0.04,325,350,394,409,330
4.67,-4.43,-7.47,0.04,-0.00,-0.04,325,350,394,409,330
4.65,-4.49,-7.39,0.02,-0.00,-0.03,325,350,394,409,330
4.66,-4.47,-7.42,0.03,-0.00,-0.03,325,350,394,409,330
4.65,-4.42,-7.44,0.03,0.00,-0.03,325,350,394,409,330
4.67,-4.44,-7.49,0.03,-0.01,-0.04,325,350,394,409,330
4.69,-4.56,-7.46,0.03,-0.00,-0.03,325,350,394,409,330
4.68,-4.44,-7.52,0.02,0.02,-0.03,325,350,394,409,330
4.58,-4.37,-7.42,0.03,-0.00,-0.03,325,351,394,409,330
4.69,-4.50,-7.40,0.03,0.00,-0.03,325,350,393,409,330
END
4.77,-4.43,-7.50,0.03,-0.00,-0.03,325,350,394,409,330
4.64,-4.48,-7.24,0.03,-0.00,-0.03,325,350,394,409,330
4.61,-4.45,-7.44,0.03,-0.00,-0.03,325,350,394,409,330
4.65,-4.44,-7.53,0.03,0.00,-0.03,325,350,393,409,330
4.65,-4.39,-7.60,0.03,0.00,-0.03,325,350,393,409,330
4.63,-4.43,-7.42,0.03,-0.01,-0.03,325,351,394,409,330
4.58,-4.41,-7.47,0.03,0.00,-0.03,325,350,394,409,330
4.66,-4.40,-7.54,0.03,0.00,-0.03,325,350,393,409,330
4.64,-4.41,-7.57,0.03,-0.00,-0.03,325,350,393,409,330
4.57,-4.48,-7.35,0.03,0.01,-0.03,325,350,394,409,330
4.64,-4.42,-7.61,0.03,0.00,-0.03,325,350,394,409,330
4.64,-4.34,-7.62,0.04,0.00,-0.03,325,350,394,409,330
4.72,-4.46,-7.69,0.04,0.00,-0.04,325,350,394,409,330
4.62,-4.43,-7.57,0.03,0.00,-0.04,325,350,394,409,330
4.64,-4.38,-7.52,0.03,-0.00,-0.04,325,350,393,409,330
4.64,-4.37,-7.57,0.05,0.01,-0.04,325,350,393,409,330
4.78,-4.44,-7.42,0.04,0.00,-0.04,325,350,393,409,330
4.64,-4.52,-7.47,0.04,-0.01,-0.04,325,350,393,409,330
4.60,-4.44,-7.48,0.03,0.01,-0.03,325,350,394,409,330
4.70,-4.36,-7.52,0.03,0.01,-0.03,325,350,393,409,330
4.62,-4.39,-7.39,0.04,-0.00,-0.03,325,350,393,409,330
4.65,-4.41,-7.62,0.04,-0.00,-0.03,325,350,394,409,330
4.74,-4.39,-7.72,0.04,-0.00,-0.03,325,350,393,409,330
4.63,-4.44,-7.45,0.04,0.00,-0.03,325,350,394,409,330
4.70,-4.44,-7.57,0.04,-0.00,-0.04,325,350,393,409,330
4.69,-4.36,-7.45,0.04,-0.01,-0.03,325,350,394,409,330
4.68,-4.43,-7.65,0.04,-0.00,-0.03,325,350,393,409,330
4.78,-4.36,-7.49,0.03,-0.00,-0.04,325,350,394,409,330
4.70,-4.38,-7.56,0.03,-0.00,-0.04,325,350,393,409,330
4.70,-4.41,-7.48,0.03,-0.01,-0.04,325,350,394,409,330
4.67,-4.47,-7.52,0.03,-0.00,-0.03,325,350,394,409,330
4.75,-4.50,-7.49,0.03,0.00,-0.03,325,350,394,409,330
4.71,-4.36,-7.61,0.03,-0.00,-0.03,325,350,394,409,330
END
4.69,-4.40,-7.40,0.04,-0.00,-0.03,325,350,393,409,330
4.62,-4.47,-7.57,0.03,-0.00,-0.03,325,350,393,409,329
4.59,-4.21,-7.52,0.02,0.00,-0.03,325,350,393,409,330
4.67,-4.43,-7.43,0.03,0.00,-0.03,325,350,393,409,330
4.71,-4.34,-7.49,0.03,-0.00,-0.03,325,350,393,409,330
4.62,-4.37,-7.43,0.03,-0.00,-0.04,325,350,393,409,330
4.60,-4.52,-7.44,0.03,0.00,-0.03,325,350,393,409,330
4.79,-4.45,-7.48,0.02,-0.01,-0.03,325,350,394,409,330
4.58,-4.34,-7.42,0.02,-0.01,-0.03,325,350,394,409,330
4.57,-4.38,-7.53,0.04,0.00,-0.03,325,350,393,409,330
4.64,-4.36,-7.46,0.03,0.00,-0.03,325,350,393,409,330
4.62,-4.47,-7.69,0.03,-0.00,-0.03,325,350,393,409,330
4.69,-4.46,-7.46,0.03,-0.00,-0.03,325,350,393,409,330
4.62,-4.31,-7.46,0.03,-0.01,-0.03,325,350,393,409,330
4.69,-4.36,-7.36,0.03,-0.00,-0.03,325,350,393,409,330
4.62,-4.36,-7.54,0.04,-0.00,-0.03,325,350,393,409,330
4.61,-4.36,-7.49,0.03,-0.00,-0.03,325,350,393,409,330
4.77,-4.40,-7.65,0.03,-0.00,-0.03,325,350,393,409,330
4.69,-4.48,-7.52,0.03,-0.00,-0.03,325,350,393,409,330
4.52,-4.36,-7.50,0.03,-0.00,-0.04,325,350,393,409,330
5.00,-4.58,-7.42,0.01,0.04,0.05,325,350,393,409,330
5.01,-4.31,-7.47,0.02,-0.02,-0.07,325,350,393,409,330
4.68,-4.30,-7.62,0.04,-0.02,-0.04,325,350,393,409,330
4.38,-4.47,-7.40,0.04,-0.00,-0.04,325,350,393,409,329
4.72,-4.47,-7.44,0.03,0.02,-0.03,325,350,393,409,330
4.82,-4.34,-7.57,0.03,-0.01,-0.04,325,350,393,409,330
4.63,-4.34,-7.45,0.04,-0.01,-0.03,325,350,393,409,330
4.65,-4.38,-7.47,0.04,-0.00,-0.04,325,350,393,409,330
4.64,-4.37,-7.48,0.03,-0.00,-0.04,325,350,393,409,330
4.67,-4.37,-7.52,0.04,-0.00,-0.04,325,350,393,409,330
4.67,-4.45,-7.44,0.04,0.00,-0.04,325,350,393,409,330
4.59,-4.54,-7.49,0.03,-0.01,-0.04,325,350,393,409,330
4.61,-4.43,-7.48,0.04,0.00,-0.03,325,350,393,409,330
END