3.09,-2.71,-9.22,0.05,0.01,-0.04,373,323,341,372,359
3.01,-2.73,-8.91,0.04,0.01,-0.05,373,323,341,372,359
3.18,-2.79,-9.26,0.04,0.03,-0.06,373,323,341,372,359
3.17,-2.79,-8.98,0.03,0.02,-0.05,373,323,341,372,359
3.39,-2.72,-9.30,0.03,0.03,-0.04,373,323,341,372,359
3.22,-2.80,-8.88,0.04,-0.01,-0.05,373,323,341,372,359
3.11,-2.80,-9.07,0.03,0.00,-0.05,373,323,341,372,359
2.94,-2.75,-8.85,0.04,0.01,-0.05,373,323,341,372,359
3.09,-2.75,-9.21,0.04,0.01,-0.05,373,323,341,372,359
3.46,-2.70,-9.36,0.03,0.01,-0.05,373,323,341,372,359
3.22,-2.84,-9.06,0.03,-0.01,-0.04,373,323,341,372,359
3.01,-2.77,-9.04,0.04,0.01,-0.05,373,323,341,372,359
3.35,-2.71,-9.23,0.04,0.01,-0.03,373,323,341,372,358
3.25,-2.84,-9.24,0.03,0.00,-0.05,373,323,341,372,359
3.10,-2.89,-9.02,0.03,-0.00,-0.05,373,323,341,372,359
3.24,-2.71,-9.23,0.03,-0.00,-0.04,373,323,341,372,359
3.25,-2.81,-9.15,0.03,-0.00,-0.04,373,323,341,372,359
3.15,-2.73,-9.15,0.03,-0.00,-0.04,373,322,341,372,358
3.09,-2.79,-9.07,0.04,0.01,-0.05,373,323,341,372,358
3.19,-2.88,-9.04,0.04,0.01,-0.04,373,323,341,372,359
3.17,-2.79,-9.07,0.03,0.01,-0.04,373,323,341,371,358
3.13,-2.81,-9.02,0.03,-0.00,-0.04,373,323,341,372,359
3.07,-2.72,-8.92,0.03,-0.00,-0.04,373,323,341,372,359
3.29,-2.80,-9.17,0.02,-0.00,-0.04,373,323,341,372,359
3.20,-2.65,-9.21,0.02,-0.01,-0.04,373,323,341,372,359
3.15,-2.68,-8.99,0.04,0.02,-0.05,373,323,341,372,359
3.20,-2.79,-9.13,0.04,-0.00,-0.05,373,323,341,372,359
3.13,-2.69,-9.11,0.03,-0.00,-0.05,373,323,341,372,359
3.09,-2.67,-9.04,0.04,-0.00,-0.06,373,323,341,371,358
3.18,-2.65,-9.18,0.04,0.01,-0.04,373,323,341,371,358
3.22,-2.76,-9.11,0.04,0.00,-0.04,373,323,341,371,358
3.03,-2.76,-8.84,0.04,0.01,-0.04,373,322,341,371,358
3.40,-2.68,-9.48,0.03,0.01,-0.05,373,323,341,372,359
END
3.22,-2.84,-8.98,0.04,-0.00,-0.04,373,323,341,372,358
3.08,-2.63,-9.08,0.04,0.01,-0.04,373,323,341,372,358
3.17,-2.79,-8.87,0.04,0.01,-0.05,373,323,341,372,358
3.22,-2.74,-9.12,0.03,0.01,-0.05,373,322,341,372,358
3.26,-2.77,-9.13,0.03,0.01,-0.05,373,323,341,371,358
3.32,-2.87,-8.93,0.04,-0.01,-0.05,373,321,341,372,358
3.01,-2.66,-9.15,0.04,0.00,-0.04,373,323,341,371,357
3.24,-2.68,-9.28,0.05,0.00,-0.03,373,323,341,371,358
3.16,-2.70,-9.00,0.04,0.00,-0.05,373,323,341,372,358
3.03,-2.81,-8.74,0.03,-0.00,-0.06,373,323,341,372,357
3.19,-2.81,-9.11,0.03,0.01,-0.05,373,323,341,372,357
3.17,-2.91,-8.82,0.04,-0.00,-0.04,373,323,341,372,358
3.22,-2.67,-9.19,0.04,0.00,-0.04,373,323,341,372,358
2.99,-2.70,-8.86,0.04,0.00,-0.04,373,323,340,372,357
2.93,-2.89,-8.59,0.03,-0.00,-0.05,373,323,341,372,358
3.14,-2.68,-9.17,0.03,0.01,-0.06,373,322,341,372,358
3.32,-2.82,-8.83,0.05,0.01,-0.04,373,323,341,371,357
3.32,-2.81,-9.24,0.04,-0.01,-0.05,373,323,341,372,358
3.12,-2.81,-8.94,0.04,0.01,-0.04,373,323,341,372,358
3.21,-2.68,-9.08,0.04,-0.00,-0.04,373,323,341,372,358
3.25,-2.79,-9.09,0.04,0.00,-0.05,373,323,341,372,358
3.26,-2.81,-9.33,0.03,0.01,-0.05,373,323,341,372,357
3.16,-2.88,-8.87,0.03,0.01,-0.04,373,323,341,372,358
3.18,-2.84,-9.15,0.03,0.00,-0.04,373,322,341,372,357
3.13,-2.82,-9.17,0.04,0.01,-0.05,374,323,341,372,357
3.24,-2.84,-9.21,0.04,0.00,-0.04,374,323,342,372,357
3.32,-2.78,-9.28,0.04,0.00,-0.05,375,323,342,372,357
3.12,-2.88,-8.80,0.03,0.01,-0.05,375,323,342,372,357
3.43,-2.76,-9.10,0.03,-0.00,-0.04,375,323,342,372,357
3.05,-2.84,-8.91,0.03,-0.00,-0.04,375,323,342,372,357
3.38,-2.76,-9.18,0.03,0.01,-0.04,375,323,342,372,357
3.27,-2.73,-9.10,0.04,0.00,-0.04,375,323,342,372,357
3.12,-2.86,-9.00,0.03,0.00,-0.03,375,323,342,372,357
END
3.42,-2.68,-9.08,0.03,0.00,-0.04,376,323,343,372,362
3.37,-2.90,-9.31,0.02,-0.01,-0.04,376,323,343,372,362
3.25,-2.76,-9.22,0.02,0.00,-0.04,375,324,343,372,361
3.22,-2.93,-8.97,0.02,-0.01,-0.04,375,324,342,372,361
3.21,-2.74,-9.13,0.02,0.01,-0.03,375,323,342,372,361
3.32,-2.76,-8.94,0.01,-0.01,-0.04,375,323,342,372,361
3.01,-2.72,-8.77,0.04,0.01,-0.03,376,323,342,372,361
3.09,-2.95,-8.87,0.04,0.00,-0.04,375,323,342,372,360
3.03,-2.97,-8.84,0.04,0.00,-0.04,375,323,342,372,360
3.15,-2.89,-8.73,0.03,0.01,-0.04,375,323,342,372,360
3.14,-2.70,-9.34,0.03,0.01,-0.05,375,324,342,372,359
3.06,-2.95,-8.76,0.02,0.00,-0.04,375,323,342,372,359
3.25,-2.85,-9.06,0.03,-0.00,-0.04,375,323,342,372,359
3.27,-2.82,-9.02,0.03,0.00,-0.04,375,323,342,372,359
3.22,-2.74,-9.05,0.03,0.00,-0.05,375,323,342,372,359
3.14,-2.76,-8.84,0.03,0.01,-0.04,375,323,342,372,359
3.29,-2.74,-9.20,0.05,0.01,-0.04,375,323,342,372,359
3.22,-2.98,-8.99,0.04,-0.00,-0.05,375,323,342,372,359
3.11,-2.82,-8.97,0.04,0.01,-0.04,375,323,342,372,359
3.06,-2.87,-8.75,0.03,-0.01,-0.04,375,323,342,372,359
3.02,-2.85,-8.78,0.03,0.01,-0.04,375,323,342,372,359
3.07,-2.81,-8.84,0.03,0.01,-0.05,375,323,342,372,359
3.24,-2.93,-9.02,0.03,0.01,-0.05,375,323,342,372,359
3.30,-2.89,-9.13,0.03,-0.00,-0.04,375,323,342,372,359
3.29,-2.81,-8.97,0.04,-0.01,-0.05,375,323,342,372,359
3.19,-2.79,-9.16,0.03,-0.00,-0.03,376,323,342,372,359
3.05,-2.91,-8.76,0.03,0.01,-0.04,376,323,342,372,359
3.22,-2.90,-8.91,0.03,0.01,-0.04,376,323,342,372,359
3.14,-2.82,-8.99,0.03,0.00,-0.04,376,323,342,372,359
3.24,-2.88,-8.98,0.03,-0.00,-0.04,376,324,342,372,359
3.21,-2.70,-9.31,0.03,-0.01,-0.04,375,323,342,372,359
3.03,-2.90,-8.74,0.05,-0.01,-0.05,375,323,342,372,359
3.11,-2.86,-8.83,0.04,0.01,-0.04,375,323,342,372,360
END
3.17,-2.94,-8.85,0.03,0.01,-0.05,375,323,342,371,363
3.23,-2.78,-9.14,0.04,0.02,-0.05,376,324,342,372,363
3.31,-2.81,-9.10,0.05,0.02,-0.07,375,324,342,371,363
3.10,-3.03,-8.85,0.06,0.02,-0.08,376,323,342,372,363
3.56,-2.86,-8.94,0.02,0.00,-0.04,376,323,342,371,363
3.55,-2.93,-9.20,0.02,-0.01,-0.02,376,323,342,372,363
3.24,-2.95,-8.97,0.01,-0.01,-0.02,376,323,341,371,363
3.35,-2.86,-8.85,0.03,0.01,-0.03,375,323,341,371,362
3.45,-2.90,-9.04,0.01,0.01,-0.05,375,323,342,371,362
3.32,-2.96,-9.23,0.03,-0.00,-0.04,375,324,341,371,362
3.60,-2.81,-9.16,0.02,-0.00,-0.05,375,323,342,371,362
3.38,-2.89,-9.09,0.02,-0.01,-0.04,376,323,342,371,362
3.24,-2.90,-8.82,0.03,-0.01,-0.04,376,324,342,371,362
3.02,-2.93,-9.14,0.02,0.00,-0.03,376,323,341,371,362
3.42,-2.77,-9.22,0.05,0.02,-0.04,375,323,341,371,361
3.37,-2.89,-8.89,0.04,-0.01,-0.04,375,323,341,371,361
3.35,-2.86,-9.08,0.03,0.00,-0.04,375,323,342,371,361
3.37,-2.78,-9.22,0.04,0.01,-0.04,375,323,341,371,361
3.37,-2.91,-9.01,0.03,-0.01,-0.03,375,323,341,371,361
3.38,-2.86,-9.03,0.03,0.00,-0.04,375,323,341,371,361
3.33,-2.86,-8.94,0.03,0.00,-0.03,375,323,342,371,361
3.29,-2.99,-9.05,0.04,0.00,-0.04,375,323,341,371,361
3.27,-2.85,-8.91,0.02,0.00,-0.03,375,323,341,371,361
3.12,-2.82,-8.92,0.03,-0.00,-0.04,375,323,342,371,361
3.22,-2.82,-9.18,0.04,0.00,-0.04,375,323,341,371,361
3.45,-2.98,-9.27,0.04,0.00,-0.04,375,323,341,371,361
3.35,-2.82,-9.08,0.04,-0.00,-0.05,375,323,341,371,361
3.15,-2.91,-8.87,0.04,0.02,-0.06,375,323,341,371,361
3.28,-2.88,-9.08,0.03,0.02,-0.06,375,323,342,371,361
3.28,-2.92,-8.82,0.04,0.02,-0.05,375,323,341,371,361
3.27,-2.95,-8.95,0.03,-0.00,-0.04,375,323,341,371,361
3.40,-2.91,-9.20,0.03,-0.00,-0.04,375,323,341,371,360
3.38,-2.93,-9.12,0.04,0.01,-0.04,375,323,341,371,361
END
3.49,-2.87,-9.02,0.04,0.00,-0.05,375,323,342,371,359
3.39,-2.84,-9.19,0.04,0.02,-0.02,375,323,342,371,359
3.45,-2.81,-9.04,0.02,-0.01,-0.05,375,323,341,371,359
3.39,-2.86,-9.08,0.04,0.01,-0.04,375,324,341,371,359
3.19,-2.99,-8.98,0.03,0.00,-0.04,375,323,342,371,359
3.40,-2.91,-9.02,0.03,0.01,-0.04,375,324,341,371,359
3.38,-2.89,-9.11,0.04,0.01,-0.05,375,323,341,371,359
3.37,-2.85,-9.15,0.04,0.00,-0.04,375,323,341,371,359
3.37,-2.81,-9.04,0.04,0.01,-0.04,375,323,342,371,359
3.30,-2.96,-8.46,0.04,-0.00,-0.04,375,323,342,371,359
3.33,-2.98,-8.93,0.03,0.00,-0.05,376,323,341,371,359
3.14,-2.91,-8.68,0.04,0.00,-0.04,375,323,341,371,359
3.14,-3.04,-8.61,0.04,0.01,-0.04,375,323,342,371,359
3.22,-2.96,-8.85,0.03,0.00,-0.04,375,323,341,371,359
3.43,-2.82,-9.12,0.04,0.00,-0.04,375,323,342,371,359
3.50,-2.91,-9.10,0.03,0.01,-0.05,375,323,342,371,358
3.29,-2.97,-9.06,0.03,0.01,-0.04,375,323,341,371,358
3.46,-2.80,-9.04,0.03,0.01,-0.04,375,324,341,371,358
3.46,-2.96,-8.89,0.03,0.00,-0.05,375,323,342,371,359
3.29,-2.88,-9.00,0.03,0.00,-0.04,375,323,342,371,358
3.47,-2.91,-9.02,0.03,0.01,-0.04,375,323,342,371,358
3.36,-2.91,-8.90,0.04,0.00,-0.05,375,323,341,371,358
3.39,-2.98,-8.89,0.03,0.00,-0.04,375,323,342,371,359
3.30,-2.88,-8.83,0.03,0.00,-0.04,375,323,341,371,358
3.53,-2.84,-9.01,0.04,0.00,-0.04,375,323,341,371,358
3.28,-2.91,-8.96,0.03,-0.00,-0.03,375,323,342,371,358
3.32,-2.95,-8.94,0.02,-0.00,-0.04,375,323,342,371,358
3.42,-2.88,-8.98,0.03,0.00,-0.06,375,323,341,371,358
3.49,-2.87,-9.18,0.03,-0.00,-0.04,375,323,342,371,359
3.35,-2.94,-8.86,0.03,0.00,-0.05,375,323,342,371,359
3.31,-2.90,-8.67,0.03,-0.00,-0.04,375,323,342,371,359
3.27,-3.06,-8.89,0.03,0.00,-0.04,375,323,342,371,359
3.32,-3.01,-8.77,0.03,0.01,-0.04,375,323,342,371,359
3.32,-2.96,-8.82,0.03,0.00,-0.05,375,323,342,371,359
END
3.44,-3.00,-8.74,0.03,0.01,-0.04,375,323,342,371,358
3.48,-2.95,-8.87,0.01,0.00,-0.04,375,323,342,371,358
3.44,-3.03,-9.04,0.03,0.01,-0.04,375,323,342,371,357
3.78,-2.86,-9.25,0.05,0.01,-0.03,375,323,342,371,358
3.33,-3.14,-8.67,0.05,0.01,-0.04,375,323,342,371,358
3.45,-3.15,-8.68,0.05,0.00,-0.04,375,323,342,371,358
3.75,-3.00,-9.16,0.03,0.00,-0.04,376,323,342,371,358
3.42,-2.92,-9.07,0.01,0.01,-0.05,376,323,342,371,358
3.48,-3.06,-8.94,0.02,0.01,-0.05,376,323,342,371,357
3.33,-3.03,-8.82,0.02,-0.00,-0.03,375,323,342,371,357
3.45,-2.92,-9.02,0.03,-0.00,-0.04,375,323,342,371,357
3.55,-3.04,-8.79,0.04,-0.00,-0.04,375,323,342,371,357
3.32,-3.09,-8.66,0.03,0.00,-0.04,375,323,342,371,358
3.55,-3.05,-8.91,0.04,0.01,-0.03,375,323,342,371,357
3.44,-3.04,-8.91,0.03,0.00,-0.03,376,323,342,371,358
3.35,-2.99,-9.02,0.03,0.00,-0.04,375,323,342,371,357
3.39,-3.04,-8.84,0.04,0.00,-0.04,376,323,342,371,357
3.37,-3.09,-8.77,0.03,0.00,-0.05,375,323,342,371,357
3.37,-3.04,-8.79,0.03,0.01,-0.04,376,323,342,371,357
3.45,-3.09,-8.82,0.03,-0.00,-0.04,375,323,342,371,358
3.31,-3.05,-8.52,0.03,0.01,-0.03,375,323,342,371,357
3.56,-2.80,-8.94,0.03,0.01,-0.05,375,323,342,371,357
3.50,-3.10,-8.84,0.04,0.00,-0.05,375,323,342,371,357
3.35,-3.01,-8.86,0.03,-0.01,-0.04,375,323,342,371,357
3.47,-2.96,-8.74,0.04,0.00,-0.03,376,323,342,371,357
3.32,-3.07,-8.48,0.03,-0.00,-0.04,376,323,342,371,357
3.56,-2.98,-9.09,0.03,0.01,-0.04,375,323,342,371,357
3.52,-2.97,-9.10,0.03,0.01,-0.05,376,323,342,371,357
3.40,-3.02,-9.14,0.04,0.01,-0.04,376,323,342,371,357
3.56,-2.97,-8.84,0.04,0.01,-0.04,375,323,342,371,357
3.31,-3.19,-8.52,0.04,-0.00,-0.04,375,323,342,371,357
3.52,-2.97,-8.90,0.03,-0.00,-0.04,375,323,341,371,357
3.40,-3.07,-8.76,0.03,0.00,-0.04,375,323,342,371,357
3.50,-3.01,-8.79,0.04,0.01,-0.04,375,323,342,370,357
END
3.52,-2.95,-8.94,0.03,0.00,-0.04,375,323,342,371,356
3.46,-3.04,-8.81,0.03,-0.00,-0.04,376,324,342,371,356
3.73,-3.10,-9.01,0.03,0.00,-0.04,375,323,342,371,355
3.70,-3.02,-8.89,0.03,0.00,-0.05,375,323,342,371,356
3.78,-3.04,-8.95,0.02,0.00,-0.04,375,323,342,371,356
3.67,-3.04,-8.85,0.02,-0.00,-0.03,375,323,342,371,356
3.54,-2.91,-8.82,0.02,-0.01,-0.04,375,323,342,371,355
3.56,-2.91,-8.95,0.04,-0.00,-0.05,375,323,342,371,355
3.65,-3.06,-8.90,0.04,0.00,-0.04,375,324,342,371,355
3.46,-3.06,-8.65,0.03,0.01,-0.05,375,323,342,371,355
3.58,-2.97,-8.78,0.04,0.00,-0.04,376,324,342,371,355
3.61,-2.99,-8.88,0.03,0.00,-0.04,375,323,342,371,355
3.37,-3.00,-8.51,0.03,0.00,-0.04,375,323,342,371,355
3.46,-2.95,-8.79,0.04,0.01,-0.04,376,323,342,371,355
3.52,-3.12,-8.71,0.04,0.01,-0.04,375,323,342,372,355
3.51,-3.03,-8.50,0.03,-0.00,-0.05,375,323,342,371,355
3.39,-3.17,-8.25,0.04,0.01,-0.04,375,323,342,371,355
3.44,-3.07,-8.69,0.03,0.00,-0.04,375,323,342,371,355
3.51,-3.09,-8.71,0.03,0.00,-0.04,375,323,342,371,355
3.42,-3.16,-8.36,0.04,-0.00,-0.04,375,323,342,371,355
3.55,-3.07,-8.89,0.03,0.01,-0.04,375,323,342,372,355
3.56,-2.99,-8.67,0.04,0.01,-0.05,375,323,342,371,355
3.75,-3.03,-8.79,0.03,0.01,-0.05,375,323,342,371,355
3.64,-3.09,-8.69,0.02,-0.00,-0.04,376,323,342,371,355
3.44,-3.04,-8.71,0.03,0.00,-0.04,375,323,342,371,355
3.67,-3.01,-8.89,0.03,0.01,-0.04,375,323,342,371,356
3.52,-3.07,-8.54,0.03,0.00,-0.04,375,323,342,371,355
3.74,-2.96,-8.75,0.03,0.01,-0.04,375,323,342,371,355
3.79,-2.96,-9.20,0.03,-0.00,-0.05,375,323,342,371,355
3.66,-3.02,-8.78,0.03,0.00,-0.04,375,323,342,371,355
3.68,-2.99,-8.64,0.03,0.00,-0.04,375,323,342,371,355
3.72,-3.01,-8.89,0.03,-0.00,-0.04,375,324,342,372,355
3.50,-3.03,-8.61,0.02,0.00,-0.04,375,324,342,371,355
END
3.62,-2.94,-8.83,0.03,-0.00,-0.04,375,323,342,372,354
3.45,-3.09,-8.56,0.03,0.00,-0.04,375,323,342,372,354
3.63,-3.09,-8.73,0.03,0.01,-0.04,375,323,342,372,354
3.68,-2.99,-8.76,0.03,-0.00,-0.04,375,323,342,371,354
3.60,-3.09,-8.64,0.03,0.00,-0.04,375,323,342,371,354
3.64,-2.97,-8.65,0.03,0.01,-0.04,375,324,341,371,354
3.62,-3.06,-8.78,0.03,0.00,-0.04,375,323,342,371,354
3.50,-3.01,-8.54,0.03,-0.00,-0.04,375,324,342,372,354
3.63,-3.05,-8.62,0.03,0.01,-0.04,375,323,342,372,354
3.77,-3.03,-8.74,0.03,0.00,-0.04,375,323,342,372,354
3.65,-2.99,-8.78,0.03,-0.00,-0.04,375,323,342,372,354
3.72,-2.89,-8.89,0.03,0.01,-0.04,375,323,342,371,354
3.80,-3.01,-9.06,0.03,0.00,-0.04,375,324,342,372,354
3.56,-3.04,-8.65,0.03,0.01,-0.04,375,323,342,372,353
5.37,-2.98,-8.82,0.03,0.01,-0.03,375,323,342,372,354
3.63,-2.99,-8.79,0.03,-0.00,-0.03,375,323,341,371,354
3.45,-3.01,-8.76,0.04,0.00,-0.04,375,323,342,372,354
3.59,-2.94,-8.73,0.02,-0.01,-0.04,375,323,342,371,354
3.60,-2.99,-8.74,0.04,-0.00,-0.04,375,323,342,372,354
3.80,-3.00,-8.76,0.03,-0.01,-0.04,375,323,342,372,354
3.73,-2.83,-9.18,0.03,0.01,-0.04,375,324,342,372,354
3.71,-2.95,-9.09,0.03,0.01,-0.05,375,322,342,371,354
3.69,-3.01,-8.97,0.03,0.00,-0.04,376,323,342,371,354
3.53,-2.97,-8.82,0.03,0.00,-0.04,375,323,342,372,354
3.57,-2.90,-8.61,0.03,0.00,-0.04,375,323,342,372,354
3.49,-3.04,-8.79,0.03,0.01,-0.04,375,323,342,372,354
3.88,-2.88,-9.26,0.03,0.01,-0.05,375,323,342,372,354
3.62,-2.88,-8.84,0.03,-0.00,-0.05,375,323,342,372,354
3.55,-2.96,-8.70,0.03,-0.00,-0.04,375,323,342,372,354
3.55,-2.93,-8.61,0.03,-0.01,-0.05,375,323,342,372,354
3.74,-2.96,-8.87,0.03,-0.01,-0.05,375,324,342,372,354
3.54,-2.91,-8.59,0.03,-0.01,-0.05,375,323,342,372,354
3.45,-2.96,-8.57,0.04,-0.00,-0.04,375,322,342,372,354
END
3.72,-2.89,-9.17,0.03,0.00,-0.04,375,323,342,372,354
3.79,-2.91,-8.94,0.04,-0.01,-0.04,375,324,342,372,354
3.46,-2.99,-8.71,0.04,0.00,-0.04,375,323,342,372,354
3.54,-2.87,-8.78,0.03,0.01,-0.04,375,323,342,372,354
3.64,-2.89,-8.86,0.04,-0.00,-0.05,375,323,342,372,354
3.54,-2.94,-8.68,0.02,0.00,-0.04,375,323,342,372,354
3.75,-2.84,-8.69,0.04,0.01,-0.04,375,323,342,372,354
3.63,-2.87,-8.92,0.04,0.01,-0.04,375,324,342,372,354
3.59,-2.94,-8.92,0.03,0.01,-0.03,375,323,342,372,353
3.83,-2.96,-8.95,0.02,0.01,-0.03,375,323,342,371,353
3.78,-2.67,-8.94,0.04,-0.00,-0.04,375,324,342,372,353
3.43,-2.90,-8.82,0.05,-0.01,-0.03,375,323,342,372,353
3.58,-2.91,-8.85,0.03,0.01,-0.05,375,323,342,372,354
3.89,-2.94,-9.00,0.03,0.00,-0.04,375,323,342,372,353
3.66,-2.96,-8.71,0.03,-0.00,-0.04,375,324,342,372,354
3.57,-3.01,-8.61,0.03,0.00,-0.04,375,324,342,372,354
3.64,-3.04,-8.89,0.03,0.00,-0.04,376,324,342,372,354
3.55,-3.05,-8.44,0.03,-0.00,-0.04,375,323,342,372,354
3.55,-2.93,-8.88,0.03,0.00,-0.04,375,323,342,372,353
3.65,-2.88,-8.91,0.04,0.00,-0.04,375,323,342,372,353
3.66,-3.01,-8.82,0.03,0.01,-0.05,375,324,342,372,354
3.63,-2.93,-8.64,0.03,0.01,-0.04,375,323,342,372,353
3.69,-3.04,-8.80,0.03,-0.00,-0.04,375,324,342,372,353
3.73,-2.96,-8.96,0.03,0.00,-0.04,375,324,342,372,353
3.69,-2.89,-8.85,0.04,0.00,-0.04,375,324,342,372,353
3.85,-2.82,-9.15,0.04,0.00,-0.04,375,323,342,372,353
3.60,-2.94,-9.04,0.03,0.00,-0.05,375,323,342,372,354
3.70,-2.91,-8.63,0.03,0.01,-0.04,375,323,342,372,353
3.71,-2.89,-8.92,0.03,-0.00,-0.04,375,323,342,372,353
3.72,-2.86,-8.93,0.03,-0.00,-0.04,375,324,342,372,353
3.93,-2.86,-9.22,0.03,0.00,-0.04,375,323,342,372,353
3.78,-2.98,-8.96,0.03,-0.00,-0.04,375,324,342,372,353
3.47,-2.99,-8.48,0.03,0.00,-0.05,375,323,342,371,353
END
3.60,-3.01,-8.70,0.03,0.01,-0.04,375,323,342,372,353
5.47,-2.89,-8.88,0.04,0.00,-0.04,375,324,342,372,353
3.70,-2.96,-8.76,0.03,0.01,-0.05,375,324,342,372,353
3.57,-2.97,-8.69,0.04,0.00,-0.04,375,324,342,372,353
3.70,-2.90,-8.92,0.04,0.00,-0.04,375,324,342,372,353
3.70,-2.88,-8.79,0.04,0.01,-0.03,375,323,342,372,353
3.76,-2.87,-8.91,0.04,0.00,-0.04,375,324,342,372,353
3.75,-2.97,-8.85,0.04,0.00,-0.04,375,324,342,372,353
3.63,-2.94,-8.68,0.04,0.00,-0.04,375,324,342,372,353
3.64,-3.07,-8.60,0.04,0.00,-0.04,375,324,342,372,353
3.65,-2.97,-8.54,0.03,0.00,-0.04,375,324,342,372,353
3.60,-3.03,-8.48,0.04,0.00,-0.05,375,324,342,372,353
3.75,-3.04,-8.75,0.03,0.00,-0.04,375,324,342,372,353
3.65,-3.00,-8.72,0.03,-0.01,-0.04,375,324,342,372,353
3.86,-2.86,-9.05,0.03,0.00,-0.04,375,323,342,372,353
3.67,-2.99,-8.80,0.03,-0.00,-0.04,375,324,342,372,353
3.63,-3.09,-8.50,0.04,0.01,-0.04,375,323,342,372,353
3.67,-3.00,-8.61,0.03,0.01,-0.04,375,323,342,372,353
3.75,-2.86,-8.89,0.04,-0.00,-0.04,375,324,342,372,353
3.60,-2.89,-8.78,0.03,0.00,-0.04,375,323,342,372,353
3.69,-2.94,-8.80,0.03,-0.01,-0.04,375,324,342,372,353
3.56,-3.09,-8.58,0.03,-0.00,-0.04,375,324,342,372,353
3.70,-3.04,-8.80,0.03,-0.00,-0.04,375,324,342,372,353
3.83,-2.90,-9.08,0.03,0.00,-0.04,375,324,342,372,353
3.79,-2.93,-8.77,0.02,-0.00,-0.05,375,324,342,372,353
3.66,-2.92,-8.96,0.03,-0.00,-0.04,375,324,342,372,353
3.60,-2.98,-8.74,0.03,0.00,-0.04,375,323,342,372,353
3.81,-2.96,-8.77,0.03,-0.00,-0.05,375,324,342,372,353
3.59,-3.16,-8.61,0.02,-0.01,-0.06,375,323,342,372,354
3.69,-2.93,-8.82,0.03,-0.01,-0.06,375,323,342,370,355
3.53,-2.87,-8.71,0.03,-0.02,-0.08,375,324,342,372,357
3.35,-2.84,-8.82,0.03,0.01,-0.06,375,324,342,372,359
3.92,-2.94,-8.75,0.02,-0.04,-0.09,375,324,342,372,361
END
3.42,-2.85,-8.79,0.05,0.01,-0.01,375,323,342,372,357
3.72,-2.82,-8.74,0.03,-0.00,-0.05,375,324,342,372,357
3.68,-2.85,-8.84,0.03,-0.01,-0.05,375,323,342,372,358
3.62,-2.86,-8.71,0.04,-0.00,-0.03,375,323,342,372,357
3.78,-2.73,-8.87,0.03,-0.00,-0.04,375,323,342,371,357
3.69,-2.70,-8.87,0.03,-0.00,-0.04,375,324,342,371,357
3.72,-2.66,-8.97,0.03,0.01,-0.03,375,324,342,371,357
3.69,-2.76,-8.76,0.04,0.00,-0.04,375,324,342,372,357
3.85,-2.78,-9.16,0.03,-0.00,-0.04,375,324,342,372,357
3.44,-2.81,-8.78,0.00,0.01,-0.05,375,323,342,372,357
3.73,-2.81,-9.09,0.03,0.01,-0.04,375,324,342,372,357
3.90,-2.66,-9.07,0.04,0.00,-0.04,375,323,342,372,357
3.50,-2.74,-8.45,0.03,0.00,-0.05,375,324,342,371,357
3.65,-2.83,-8.63,0.04,0.01,-0.04,375,324,342,372,357
3.77,-2.63,-9.19,0.04,0.00,-0.04,375,323,342,371,357
3.61,-2.75,-8.61,0.03,0.01,-0.04,375,323,342,371,357
3.74,-2.84,-8.66,0.04,0.01,-0.04,375,324,342,372,357
3.61,-2.86,-8.69,0.04,0.01,-0.04,375,324,342,372,357
3.77,-2.69,-9.02,0.03,-0.00,-0.04,375,324,342,372,357
3.55,-2.76,-8.62,0.04,0.00,-0.04,375,323,342,372,357
3.64,-2.84,-8.70,0.04,0.00,-0.04,375,324,342,372,357
3.98,-2.68,-9.02,0.03,0.00,-0.04,375,323,342,371,357
3.75,-2.71,-8.93,0.04,0.00,-0.04,375,323,342,372,356
3.72,-2.72,-8.79,0.04,0.00,-0.04,375,324,342,371,357
3.65,-2.79,-8.88,0.03,0.01,-0.04,375,323,342,372,357
3.84,-2.74,-8.94,0.04,-0.00,-0.04,375,323,342,371,357
3.80,-2.71,-8.92,0.04,-0.00,-0.04,375,323,342,372,357
3.78,-2.76,-8.84,0.04,0.00,-0.04,375,324,342,372,357
3.76,-2.69,-8.50,0.04,0.00,-0.04,375,323,342,372,357
3.65,-2.73,-8.74,0.03,-0.00,-0.04,375,323,342,372,357
3.73,-2.68,-8.87,0.03,-0.00,-0.04,375,324,342,372,357
3.98,-2.66,-9.13,0.04,0.01,-0.04,375,323,342,371,356
3.90,-2.72,-9.04,0.03,0.00,-0.04,375,324,342,371,356
END
3.75,-2.74,-8.94,0.03,0.00,-0.04,375,323,342,372,356
3.68,-2.86,-8.80,0.04,-0.01,-0.04,375,323,342,371,356
3.75,-2.81,-8.99,0.03,-0.00,-0.04,375,324,342,372,356
3.73,-2.78,-8.94,0.03,0.01,-0.04,375,324,342,372,356
3.67,-2.81,-8.91,0.03,0.00,-0.04,375,324,342,372,356
3.65,-2.89,-8.62,0.03,0.00,-0.04,375,324,342,372,356
3.77,-2.75,-8.89,0.03,0.01,-0.04,375,324,342,372,356
3.66,-2.83,-8.63,0.03,0.00,-0.05,375,323,342,372,356
3.81,-2.71,-8.96,0.03,0.01,-0.04,375,323,342,372,356
3.95,-2.73,-9.18,0.03,0.01,-0.05,375,323,342,372,356
3.79,-2.77,-8.76,0.04,-0.00,-0.03,375,324,342,372,356
3.91,-2.71,-8.93,0.03,0.00,-0.04,375,323,342,371,356
3.78,-2.64,-9.06,0.04,0.01,-0.04,375,324,342,371,356
3.95,-2.67,-9.11,0.04,0.01,-0.04,375,324,342,372,356
3.85,-2.79,-8.84,0.03,0.00,-0.04,375,324,342,372,356
3.57,-2.72,-8.49,0.03,0.00,-0.03,375,324,342,372,356
3.67,-2.81,-8.67,0.04,0.00,-0.04,375,323,342,371,356
3.57,-2.83,-8.55,0.04,-0.00,-0.03,375,324,342,372,356
3.67,-2.81,-8.79,0.03,0.00,-0.04,375,323,342,372,356
3.85,-2.78,-8.97,0.04,0.01,-0.04,375,323,342,372,356
3.68,-2.85,-8.61,0.04,0.00,-0.04,375,323,342,371,356
3.74,-2.79,-8.78,0.03,0.01,-0.04,375,323,342,371,355
3.90,-2.72,-8.94,0.04,0.00,-0.04,375,323,342,372,356
3.76,-2.89,-8.64,0.04,-0.00,-0.03,375,324,342,372,356
3.80,-2.86,-8.63,0.04,0.00,-0.04,375,324,342,372,356
3.76,-2.84,-8.85,0.03,0.00,-0.04,375,324,342,372,356
3.68,-2.89,-8.56,0.04,0.01,-0.04,375,324,342,372,356
3.88,-2.85,-8.96,0.03,0.00,-0.04,375,323,342,372,356
3.60,-2.86,-8.66,0.03,-0.00,-0.04,375,323,342,371,356
3.88,-2.78,-8.89,0.04,0.00,-0.04,375,323,342,372,356
3.62,-2.89,-8.65,0.03,0.01,-0.04,375,324,342,371,356
3.82,-2.96,-8.56,0.04,0.01,-0.04,375,323,342,371,356
3.73,-2.84,-8.61,0.04,0.01,-0.05,375,324,342,371,356
3.74,-2.84,-8.85,0.03,0.01,-0.05,375,323,342,372,356
END
4.15,-2.73,-9.18,0.04,0.01,-0.04,375,323,342,372,356
3.75,-2.91,-8.60,0.03,0.00,-0.04,375,324,342,372,356
3.83,-2.84,-8.69,0.03,0.01,-0.04,375,323,342,372,355
3.83,-2.76,-8.70,0.03,0.00,-0.04,375,323,342,371,355
3.77,-2.74,-8.87,0.04,-0.00,-0.03,375,324,342,371,355
3.81,-2.89,-8.68,0.04,0.00,-0.04,375,323,342,372,355
3.84,-2.89,-8.74,0.03,-0.00,-0.05,375,323,342,372,356
3.81,-2.84,-8.71,0.03,0.00,-0.04,375,323,342,371,355
3.77,-2.84,-8.85,0.03,0.00,-0.03,375,323,342,372,355
3.63,-2.79,-8.62,0.03,0.00,-0.03,375,323,342,372,355
3.83,-2.79,-8.80,0.03,0.00,-0.04,375,323,342,372,355
3.83,-2.77,-8.86,0.03,0.00,-0.04,375,323,342,372,355
3.97,-2.76,-9.17,0.03,0.00,-0.04,375,324,342,371,355
3.75,-2.89,-8.79,0.04,-0.00,-0.04,375,323,342,372,355
3.88,-2.79,-8.79,0.03,0.01,-0.04,375,324,342,372,355
3.96,-2.76,-8.77,0.03,-0.00,-0.04,375,323,342,371,355
3.73,-2.75,-8.69,0.03,-0.00,-0.04,375,324,342,372,355
3.84,-2.87,-8.72,0.03,0.01,-0.04,375,323,342,372,355
3.78,-2.89,-8.72,0.04,0.00,-0.04,375,323,342,372,355
3.82,-2.86,-8.67,0.03,-0.00,-0.04,375,324,342,372,355
3.67,-2.84,-8.60,0.03,0.00,-0.04,375,324,342,372,355
3.83,-2.78,-8.77,0.03,0.01,-0.03,375,324,342,372,355
3.85,-2.88,-8.75,0.03,0.00,-0.04,375,323,342,372,355
3.69,-2.74,-8.43,0.03,0.00,-0.04,375,323,342,371,354
3.87,-2.86,-8.84,0.04,-0.01,-0.04,375,323,342,372,355
3.71,-2.86,-8.61,0.03,-0.00,-0.04,375,323,342,372,355
3.76,-2.81,-8.74,0.03,0.01,-0.04,375,323,342,372,355
3.95,-2.74,-8.52,0.03,-0.00,-0.04,375,323,342,372,355
3.77,-2.77,-8.71,0.03,-0.00,-0.04,375,324,342,372,355
3.90,-2.76,-8.80,0.04,0.01,-0.04,375,324,342,372,355
3.84,-2.86,-8.89,0.04,-0.00,-0.04,375,324,342,372,355
3.85,-2.80,-8.61,0.04,0.01,-0.03,375,324,342,372,355
3.78,-2.86,-8.93,0.03,0.00,-0.04,375,323,342,372,355
END
3.88,-2.82,-9.01,0.03,0.00,-0.03,375,323,342,372,354
3.73,-2.88,-8.80,0.03,0.00,-0.04,375,323,342,371,354
3.79,-2.87,-8.72,0.03,0.00,-0.04,375,323,342,372,354
3.77,-3.00,-8.82,0.02,-0.00,-0.05,375,324,342,372,354
3.75,-2.79,-8.91,0.03,-0.00,-0.03,375,323,342,371,355
3.63,-2.76,-8.79,0.03,0.00,-0.04,375,324,342,371,354
3.78,-2.91,-8.73,0.04,0.01,-0.04,375,323,342,371,354
3.78,-2.91,-8.88,0.03,0.00,-0.04,375,323,342,372,354
3.78,-2.82,-8.74,0.03,0.00,-0.04,375,324,342,372,354
3.80,-2.89,-8.59,0.03,-0.00,-0.04,375,324,342,372,354
3.90,-2.85,-8.96,0.03,-0.00,-0.04,375,323,342,371,354
3.78,-2.86,-8.78,0.04,0.00,-0.04,375,323,342,372,354
3.80,-2.86,-8.73,0.03,0.00,-0.04,375,323,342,372,354
3.68,-2.83,-8.63,0.04,0.00,-0.04,375,323,342,371,354
3.74,-2.88,-8.70,0.03,0.00,-0.04,375,323,342,372,354
3.88,-2.86,-8.85,0.03,0.00,-0.04,375,324,342,372,354
3.58,-2.87,-8.57,0.03,0.00,-0.03,375,324,342,372,354
3.65,-2.89,-8.80,0.03,0.01,-0.04,375,324,342,372,354
3.76,-2.95,-8.76,0.03,0.00,-0.04,375,323,342,372,354
3.83,-3.01,-8.82,0.03,0.01,-0.04,375,323,342,372,354
3.92,-2.84,-8.73,0.02,0.01,-0.05,375,323,342,372,354
3.90,-2.80,-8.79,0.03,-0.00,-0.04,375,323,342,372,354
3.85,-2.83,-8.87,0.04,0.00,-0.04,375,323,342,371,354
3.96,-2.90,-8.80,0.03,0.01,-0.04,375,323,343,372,354
3.91,-2.81,-8.88,0.02,-0.00,-0.04,374,323,342,371,354
3.69,-2.86,-8.61,0.03,-0.00,-0.04,375,324,342,372,354
3.78,-2.93,-8.66,0.04,0.00,-0.04,375,323,342,372,354
3.88,-2.73,-8.93,0.04,-0.00,-0.04,375,324,342,372,354
3.82,-2.78,-8.69,0.04,0.01,-0.05,375,323,342,372,354
3.85,-2.93,-8.60,0.03,-0.00,-0.06,375,324,342,372,354
3.93,-2.87,-8.91,0.03,0.00,-0.05,375,323,342,372,354
4.02,-2.86,-8.89,0.03,-0.00,-0.03,375,323,342,372,354
3.75,-2.81,-8.69,0.03,-0.00,-0.03,375,323,342,371,354
END
3.93,-2.76,-8.94,0.03,0.01,-0.03,375,323,342,372,354
3.82,-2.96,-8.61,0.03,0.00,-0.04,375,324,342,372,354
3.80,-2.89,-8.67,0.03,-0.01,-0.05,375,324,342,372,354
3.70,-2.83,-8.71,0.04,0.00,-0.03,375,324,342,372,354
3.83,-2.76,-8.82,0.03,0.01,-0.04,375,324,342,372,354
3.98,-2.73,-8.93,0.03,0.00,-0.05,375,324,342,372,353
3.76,-2.90,-8.69,0.04,0.00,-0.04,375,323,342,372,354
3.94,-2.94,-8.74,0.03,-0.00,-0.04,375,323,342,372,354
3.78,-2.86,-8.82,0.03,-0.00,-0.04,375,323,342,372,353
3.86,-2.90,-8.76,0.04,0.00,-0.04,375,323,342,371,354
3.98,-2.81,-9.01,0.03,0.00,-0.04,375,323,342,372,353
3.89,-2.89,-8.79,0.04,0.01,-0.03,375,323,342,372,354
3.88,-2.79,-8.92,0.03,-0.00,-0.04,375,323,342,372,354
3.77,-2.84,-8.79,0.03,0.00,-0.05,375,323,342,372,354
3.75,-2.88,-8.75,0.03,0.00,-0.04,375,324,342,372,354
3.74,-2.94,-8.57,0.03,0.00,-0.03,375,323,342,372,354
3.73,-2.86,-8.82,0.02,0.01,-0.04,375,323,342,371,353
3.94,-2.81,-8.73,0.03,0.00,-0.04,375,324,342,372,353
3.71,-2.76,-8.66,0.04,-0.01,-0.04,375,324,342,372,353
3.85,-2.82,-8.63,0.03,0.01,-0.04,375,323,342,372,353
3.95,-2.83,-8.91,0.04,0.00,-0.04,375,323,342,372,354
3.68,-3.01,-8.41,0.04,-0.00,-0.04,375,323,342,371,353
3.83,-2.88,-8.72,0.03,-0.00,-0.04,375,323,342,372,354
3.89,-2.79,-8.69,0.04,0.01,-0.04,375,324,342,372,354
3.83,-2.73,-8.84,0.03,0.00,-0.04,375,323,342,372,354
3.80,-2.77,-8.82,0.03,0.00,-0.04,375,323,342,372,353
3.91,-2.84,-8.84,0.04,0.00,-0.04,375,323,342,372,354
3.78,-2.91,-8.74,0.03,0.00,-0.04,374,323,342,372,353
3.88,-2.73,-8.63,0.03,0.01,-0.06,375,323,342,372,354
3.84,-2.89,-8.74,0.04,0.01,-0.05,375,323,342,371,353
3.93,-2.89,-8.84,0.04,0.00,-0.04,375,323,342,371,353
3.91,-2.87,-8.70,0.03,0.00,-0.04,375,323,342,372,353
3.82,-2.84,-8.56,0.04,0.00,-0.04,375,324,342,372,353
3.90,-2.78,-8.73,0.03,0.00,-0.04,375,323,342,372,354
END
4.06,-2.86,-8.88,0.04,0.01,-0.04,375,323,342,372,353
3.79,-2.99,-8.59,0.03,-0.01,-0.05,375,323,342,372,353
3.79,-3.04,-8.47,0.03,-0.00,-0.04,375,324,342,372,353
3.93,-2.94,-8.92,0.02,-0.00,-0.04,375,323,342,371,353
3.84,-2.94,-8.93,0.03,-0.00,-0.04,375,323,342,371,353
3.85,-3.03,-8.93,0.03,0.00,-0.03,375,323,342,372,353
3.83,-3.01,-8.78,0.03,-0.00,-0.04,374,323,342,371,353
3.55,-3.08,-8.41,0.04,0.00,-0.04,375,324,342,372,353
3.73,-3.12,-8.71,0.03,0.00,-0.03,375,324,342,372,353
3.76,-3.03,-8.64,0.02,0.01,-0.04,375,323,342,372,353
3.73,-3.07,-8.53,0.02,-0.00,-0.03,375,323,342,372,353
3.70,-3.06,-8.71,0.03,-0.00,-0.03,375,324,342,372,353
3.73,-2.91,-8.76,0.03,0.00,-0.04,375,323,342,372,353
3.89,-3.02,-8.84,0.04,0.01,-0.05,375,323,342,372,353
3.80,-2.98,-8.82,0.03,0.00,-0.03,375,323,342,372,353
3.70,-2.99,-8.51,0.03,0.01,-0.04,375,323,342,371,353
3.91,-2.98,-8.93,0.03,0.00,-0.04,375,323,342,372,353
3.85,-3.02,-8.62,0.03,0.00,-0.04,375,323,342,372,353
3.80,-2.93,-8.86,0.03,0.01,-0.04,375,323,342,372,353
3.88,-2.99,-8.70,0.03,-0.00,-0.05,375,324,342,372,353
3.75,-2.94,-8.79,0.04,0.00,-0.04,375,323,342,372,353
3.82,-2.99,-8.73,0.03,0.01,-0.05,375,324,342,372,353
4.01,-3.04,-8.87,0.03,0.00,-0.05,375,323,342,372,354
3.72,-2.95,-8.82,0.03,0.00,-0.04,375,323,342,371,353
3.92,-2.82,-8.88,0.04,0.00,-0.04,375,323,342,372,353
4.24,-2.96,-9.06,0.04,-0.00,-0.05,375,324,342,371,353
3.77,-2.99,-8.69,0.02,-0.02,-0.05,375,323,342,371,353
3.80,-2.89,-8.92,0.03,0.00,-0.03,374,323,342,372,353
3.92,-2.99,-9.02,0.04,0.01,-0.04,375,323,342,372,353
3.85,-3.00,-8.88,0.03,0.00,-0.04,375,324,342,372,353
3.77,-2.95,-8.80,0.03,0.00,-0.04,375,323,342,372,353
3.86,-3.07,-8.66,0.03,0.00,-0.04,375,323,342,372,353
3.78,-3.00,-8.78,0.03,-0.01,-0.04,375,323,342,371,353
END
3.78,-2.96,-8.66,0.03,0.01,-0.04,374,324,342,372,353
3.80,-3.02,-8.73,0.04,0.00,-0.04,375,324,342,372,353
3.83,-3.06,-8.74,0.03,0.00,-0.03,374,324,342,372,353
3.82,-3.03,-8.69,0.04,0.00,-0.04,375,323,342,372,353
3.88,-3.00,-8.64,0.04,0.00,-0.04,375,323,342,372,353
3.83,-3.09,-8.71,0.04,0.00,-0.04,375,323,342,372,353
3.81,-3.12,-8.82,0.03,0.01,-0.05,375,324,342,372,353
3.86,-3.07,-8.69,0.04,0.01,-0.05,375,324,342,372,353
3.91,-3.08,-8.62,0.04,-0.00,-0.04,375,324,342,372,353
4.03,-3.04,-8.63,0.03,0.01,-0.04,375,323,342,372,353
3.96,-3.03,-8.76,0.04,0.00,-0.04,375,324,342,372,353
3.99,-3.05,-8.66,0.03,-0.00,-0.03,374,323,342,372,353
3.83,-2.94,-8.78,0.03,-0.00,-0.04,375,324,342,372,353
3.85,-3.03,-8.65,0.04,-0.00,-0.04,375,324,342,372,353
3.79,-3.14,-8.45,0.03,-0.01,-0.04,375,324,342,372,353
3.81,-3.04,-8.67,0.03,0.00,-0.04,375,324,342,372,353
3.97,-2.86,-8.81,0.04,-0.00,-0.04,375,324,342,372,353
3.85,-3.01,-8.61,0.03,0.01,-0.04,375,324,342,372,353
3.87,-3.01,-8.76,0.03,0.00,-0.04,375,324,342,372,353
3.85,-3.04,-8.57,0.03,0.00,-0.03,375,324,342,371,353
3.78,-3.05,-8.58,0.04,-0.00,-0.04,375,323,342,371,353
3.63,-3.04,-8.43,0.04,0.00,-0.04,375,323,342,371,353
3.98,-3.12,-8.67,0.04,0.01,-0.04,374,324,342,371,353
3.92,-3.05,-8.65,0.04,0.00,-0.03,375,323,342,372,353
3.68,-3.12,-8.54,0.03,0.00,-0.04,375,323,342,372,353
3.98,-3.04,-8.78,0.04,0.01,-0.04,375,324,342,372,353
3.93,-3.13,-8.75,0.03,0.00,-0.04,375,324,342,372,353
3.90,-3.01,-8.87,0.03,0.00,-0.04,375,324,342,372,353
3.85,-3.07,-8.66,0.04,0.00,-0.04,375,324,342,372,353
3.72,-3.15,-8.48,0.03,0.00,-0.04,374,323,342,372,353
3.75,-3.13,-8.37,0.03,0.01,-0.04,375,324,342,372,352
4.07,-3.01,-8.92,0.03,-0.00,-0.05,375,324,342,372,353
3.82,-3.03,-8.70,0.03,-0.01,-0.04,375,324,342,372,353
END
3.81,-2.99,-8.66,0.03,-0.00,-0.04,375,323,342,372,355
3.84,-2.99,-8.74,0.03,0.00,-0.04,374,324,342,371,355
3.70,-2.94,-8.79,0.03,-0.00,-0.04,374,324,342,372,355
3.88,-3.00,-8.92,0.03,0.01,-0.03,375,323,342,372,355
3.96,-3.00,-8.72,0.04,-0.00,-0.04,375,324,342,372,355
3.77,-2.99,-8.73,0.03,0.00,-0.04,374,323,342,372,355
3.99,-3.01,-8.84,0.04,0.01,-0.03,374,324,342,371,355
3.85,-3.01,-8.74,0.04,0.00,-0.04,374,324,342,371,355
3.93,-3.04,-8.93,0.03,0.00,-0.04,375,323,341,372,355
3.91,-2.89,-8.81,0.03,0.00,-0.04,374,324,342,371,354
3.78,-3.01,-8.79,0.03,0.01,-0.04,375,323,342,372,355
3.93,-3.00,-8.75,0.04,0.00,-0.04,375,324,342,372,355
3.96,-2.94,-9.02,0.04,0.01,-0.04,375,323,342,372,355
3.77,-3.14,-8.37,0.05,0.01,-0.02,375,324,342,372,355
3.94,-3.10,-8.76,0.03,-0.00,-0.03,375,324,342,372,355
3.98,-2.92,-9.07,0.03,0.00,-0.04,375,323,342,372,355
3.83,-2.99,-8.64,0.03,-0.00,-0.05,375,324,342,371,355
3.76,-3.11,-8.37,0.04,0.00,-0.05,374,324,342,372,354
3.96,-2.98,-8.74,0.04,0.00,-0.05,374,324,342,372,355
3.89,-3.14,-8.66,0.04,0.00,-0.04,374,324,342,372,355
3.88,-3.06,-8.64,0.03,0.00,-0.04,375,323,342,371,355
3.84,-2.94,-8.72,0.03,0.01,-0.04,375,324,342,372,355
3.83,-3.07,-8.69,0.03,0.00,-0.05,375,323,342,372,355
3.75,-3.04,-8.63,0.03,0.00,-0.04,375,324,342,372,355
3.76,-3.08,-8.63,0.03,0.00,-0.04,375,324,342,371,354
3.73,-3.14,-8.46,0.04,-0.00,-0.04,374,324,342,372,354
3.68,-3.07,-8.50,0.03,0.00,-0.03,375,323,342,372,354
3.89,-2.95,-8.55,0.03,0.01,-0.05,375,323,342,372,354
3.86,-3.02,-8.73,0.03,0.00,-0.04,375,323,342,372,354
3.87,-3.03,-8.59,0.03,0.00,-0.03,375,323,342,372,354
3.79,-3.12,-8.54,0.03,-0.00,-0.04,374,323,342,371,354
3.91,-3.06,-8.67,0.03,0.00,-0.03,375,323,342,372,354
3.83,-3.06,-8.67,0.03,-0.00,-0.03,375,324,342,372,354
3.80,-3.06,-8.52,0.03,0.00,-0.03,375,324,342,372,354
END
3.77,-3.06,-8.43,0.03,-0.00,-0.04,374,323,342,372,354
3.88,-2.98,-8.71,0.04,0.00,-0.04,374,324,342,372,353
3.84,-3.07,-8.61,0.04,0.00,-0.03,374,323,342,372,354
3.80,-2.99,-8.53,0.04,0.00,-0.04,374,323,341,372,354
3.83,-3.10,-8.64,0.03,-0.00,-0.03,374,323,341,372,354
3.98,-2.97,-9.07,0.03,0.00,-0.04,375,323,341,372,354
3.83,-2.97,-8.71,0.04,0.00,-0.03,374,323,342,371,354
3.89,-3.02,-8.66,0.03,-0.00,-0.05,375,324,342,372,354
3.85,-3.02,-8.66,0.04,0.00,-0.05,375,323,342,372,354
3.67,-3.23,-8.38,0.03,0.01,-0.04,375,324,342,372,354
4.11,-2.96,-9.00,0.03,0.01,-0.04,375,324,342,372,354
3.85,-3.02,-8.59,0.04,-0.00,-0.04,374,323,341,372,354
3.80,-3.10,-8.68,0.03,0.00,-0.04,374,323,341,372,354
3.87,-2.96,-8.62,0.03,0.00,-0.04,374,323,342,371,354
3.78,-3.05,-8.51,0.04,0.00,-0.04,374,323,341,371,354
4.00,-3.09,-8.78,0.04,0.01,-0.04,374,324,342,372,354
4.10,-3.01,-8.85,0.03,-0.00,-0.03,375,324,342,372,354
3.80,-2.99,-8.61,0.03,0.00,-0.03,375,324,342,372,354
3.79,-3.02,-8.51,0.03,0.00,-0.03,375,323,342,371,354
3.80,-2.97,-8.56,0.03,-0.00,-0.03,375,324,342,372,354
3.80,-3.14,-8.50,0.03,0.00,-0.04,375,323,342,372,354
3.86,-3.10,-8.55,0.03,0.00,-0.04,374,323,341,372,354
3.79,-3.05,-8.63,0.03,0.01,-0.04,374,323,342,371,354
3.97,-3.06,-8.91,0.03,0.01,-0.05,375,323,342,371,354
3.93,-3.13,-8.67,0.04,-0.01,-0.04,374,324,342,371,354
3.88,-3.09,-8.75,0.03,-0.01,-0.02,374,323,341,372,354
3.74,-2.96,-8.49,0.04,-0.02,-0.03,374,324,342,372,354
3.60,-2.96,-8.50,0.04,0.00,-0.04,374,323,342,372,354
3.94,-3.09,-8.69,0.04,0.01,-0.05,375,323,341,372,354
3.91,-3.08,-8.77,0.03,-0.00,-0.04,374,324,342,372,354
3.81,-3.19,-8.59,0.04,0.00,-0.04,374,324,342,372,354
3.95,-3.08,-8.59,0.04,0.00,-0.04,374,323,342,371,354
3.66,-3.12,-8.47,0.04,0.00,-0.04,374,324,342,371,353
END
3.77,-3.08,-8.66,0.04,0.01,-0.04,374,323,342,372,352
3.73,-3.14,-8.41,0.04,-0.00,-0.04,374,324,342,372,353
3.76,-3.08,-8.24,0.03,0.01,-0.04,374,324,342,372,353
3.89,-3.02,-8.80,0.03,-0.01,-0.03,375,324,342,372,353
4.08,-2.94,-9.07,0.02,-0.00,-0.04,375,324,342,372,353
3.93,-3.00,-8.38,0.03,0.01,-0.04,374,324,342,372,353
3.83,-3.15,-8.66,0.03,0.00,-0.03,374,324,342,372,353
4.01,-2.99,-8.85,0.03,0.00,-0.04,374,323,342,372,353
3.80,-3.02,-8.57,0.03,-0.00,-0.04,375,323,341,372,353
3.80,-3.15,-8.51,0.03,-0.00,-0.03,374,323,341,372,353
3.93,-3.01,-8.61,0.02,-0.00,-0.04,375,323,342,372,353
3.84,-3.07,-8.59,0.04,0.00,-0.05,374,323,341,372,353
3.83,-3.08,-8.60,0.04,0.01,-0.04,374,323,340,372,353
4.03,-3.03,-8.71,0.04,-0.01,-0.04,374,324,342,372,353
3.83,-3.05,-8.68,0.02,-0.01,-0.05,374,324,341,372,354
4.00,-2.91,-8.69,0.03,0.00,-0.04,374,324,341,372,355
3.68,-3.16,-8.30,0.03,0.00,-0.04,374,323,341,372,355
3.83,-3.10,-8.50,0.03,0.00,-0.04,374,323,342,372,354
3.75,-3.07,-8.52,0.03,0.00,-0.04,374,323,341,371,355
3.76,-2.97,-8.70,0.04,-0.01,-0.04,374,323,341,372,354
3.97,-2.99,-8.92,0.03,-0.01,-0.06,374,323,341,372,355
3.96,-3.06,-8.62,0.03,-0.02,-0.06,375,324,341,372,355
3.95,-2.99,-8.82,0.03,-0.01,-0.04,374,324,341,371,355
3.94,-3.08,-8.66,0.04,0.01,-0.04,374,324,341,372,356
3.85,-2.86,-8.66,0.02,0.01,-0.03,375,324,342,372,355
3.85,-3.06,-8.57,0.02,0.00,-0.04,375,324,341,372,355
3.91,-3.02,-8.78,0.03,0.01,-0.03,375,324,341,372,355
3.93,-2.92,-8.65,0.03,-0.00,-0.03,375,324,341,372,355
3.99,-2.99,-8.79,0.04,0.00,-0.04,375,324,341,372,355
3.79,-3.04,-8.52,0.04,-0.00,-0.05,375,325,341,371,355
3.88,-3.01,-8.62,0.04,0.01,-0.04,375,324,341,371,355
3.96,-3.09,-8.68,0.04,0.01,-0.05,375,323,341,370,355
3.84,-3.09,-8.87,0.04,0.01,-0.04,375,324,342,372,354
END
3.19,-3.78,-8.66,0.03,-0.00,-0.04,372,324,342,372,357
3.23,-3.85,-8.82,0.03,-0.01,-0.05,372,324,342,372,357
2.89,-3.76,-8.74,0.03,-0.00,-0.04,372,324,342,372,357
3.06,-3.72,-8.75,0.04,0.01,-0.03,372,324,342,372,357
2.95,-3.80,-8.62,0.05,-0.00,-0.04,372,323,342,372,357
3.07,-3.77,-8.61,0.04,0.01,-0.04,372,324,342,372,357
2.97,-3.74,-8.86,0.04,-0.01,-0.03,372,324,342,372,356
2.99,-3.78,-8.58,0.04,-0.02,-0.03,372,324,342,372,357
3.11,-3.83,-8.76,0.04,0.00,-0.03,372,324,341,372,356
2.98,-3.78,-8.66,0.03,-0.01,-0.04,372,324,342,372,356
2.82,-3.83,-8.79,0.04,0.00,-0.04,372,324,342,372,356
2.92,-3.84,-8.59,0.03,-0.00,-0.04,372,324,342,372,356
2.96,-3.65,-8.79,0.03,-0.00,-0.04,372,324,342,372,356
3.14,-3.70,-9.10,0.05,0.00,-0.02,372,324,342,372,355
2.86,-3.96,-8.65,0.05,-0.02,-0.04,372,324,342,372,356
3.02,-3.83,-8.79,0.03,0.01,-0.03,372,324,342,371,356
2.99,-3.85,-8.54,0.04,-0.00,-0.04,372,324,342,371,354
2.94,-3.87,-8.71,0.04,0.02,-0.04,372,324,342,372,356
2.93,-3.80,-8.64,0.03,-0.00,-0.03,372,324,342,372,356
2.91,-3.77,-8.74,0.03,0.00,-0.05,372,324,342,372,356
2.99,-3.82,-8.79,0.04,0.00,-0.05,372,324,342,372,356
2.96,-3.66,-8.97,0.04,-0.01,-0.06,372,324,342,372,356
3.04,-3.79,-8.56,0.05,-0.01,-0.06,372,324,342,372,356
2.96,-4.06,-8.52,0.04,0.01,-0.05,372,324,342,372,356
3.08,-3.90,-8.51,0.03,0.01,-0.03,372,324,342,372,355
2.85,-3.80,-8.77,0.02,-0.00,-0.03,372,324,342,372,356
2.85,-3.73,-8.74,0.04,0.00,-0.04,372,324,342,372,356
3.06,-3.87,-8.69,0.04,0.01,-0.04,372,324,342,372,356
2.89,-3.96,-8.59,0.03,0.00,-0.04,372,324,342,372,356
2.95,-3.88,-8.70,0.02,-0.00,-0.03,372,324,342,372,356
2.99,-3.73,-8.71,0.03,0.01,-0.04,372,324,342,372,356
3.18,-3.84,-8.52,0.03,0.01,-0.05,372,324,342,372,356
3.01,-3.86,-8.81,0.04,0.00,-0.03,372,324,342,372,356
END
3.19,-3.85,-8.94,0.02,0.00,-0.02,372,324,342,372,356
2.81,-3.85,-8.69,0.03,0.01,-0.04,372,324,342,372,356
2.91,-3.78,-8.60,0.04,0.01,-0.04,372,324,342,372,356
3.07,-3.84,-8.79,0.03,-0.01,-0.04,372,324,342,372,356
2.98,-3.88,-8.74,0.03,0.00,-0.04,372,324,342,372,356
3.07,-3.77,-8.81,0.03,-0.00,-0.04,372,324,342,372,356
3.12,-3.78,-8.82,0.03,0.00,-0.04,372,324,342,372,356
3.17,-3.72,-8.92,0.04,0.00,-0.03,372,324,342,372,356
2.86,-3.89,-8.54,0.03,0.00,-0.04,372,324,342,372,356
2.81,-3.80,-8.69,0.04,0.00,-0.04,372,324,342,372,356
3.06,-3.77,-8.79,0.04,0.00,-0.03,371,324,342,372,356
2.99,-3.85,-8.61,0.04,-0.01,-0.03,372,324,342,372,355
2.99,-3.83,-8.83,0.03,0.01,-0.04,372,324,342,372,356
2.97,-3.82,-8.65,0.03,0.00,-0.04,372,324,342,372,355
3.01,-3.88,-8.71,0.03,0.01,-0.04,372,324,342,372,356
3.19,-3.81,-8.84,0.03,0.00,-0.04,372,324,342,372,356
2.91,-3.78,-8.71,0.03,0.01,-0.04,372,324,342,372,356
2.94,-3.96,-8.61,0.03,0.00,-0.04,372,324,342,372,356
3.00,-3.85,-8.68,0.04,0.00,-0.04,372,324,342,372,355
3.11,-3.78,-8.80,0.03,-0.00,-0.04,372,324,342,372,355
2.93,-3.94,-8.77,0.03,0.01,-0.03,372,324,342,372,355
3.09,-3.79,-8.94,0.04,0.00,-0.03,372,324,342,372,356
3.01,-3.83,-8.63,0.04,0.00,-0.04,372,324,342,372,355
3.03,-3.90,-8.61,0.03,0.00,-0.04,372,324,342,372,355
2.84,-3.82,-8.57,0.03,-0.00,-0.03,372,324,342,372,355
3.13,-3.83,-8.79,0.04,0.01,-0.03,372,324,342,372,355
2.99,-3.80,-8.64,0.03,-0.00,-0.04,372,324,342,372,355
2.90,-3.94,-8.48,0.04,0.00,-0.04,372,324,342,372,355
2.86,-3.91,-8.49,0.03,-0.00,-0.04,372,324,342,372,355
2.99,-3.89,-8.64,0.03,0.00,-0.04,372,324,342,372,355
3.01,-3.86,-8.71,0.04,-0.00,-0.04,371,324,342,372,355
3.01,-3.90,-8.61,0.03,-0.00,-0.03,372,324,342,372,355
3.14,-3.79,-8.79,0.03,0.01,-0.04,372,324,342,372,355
END
3.04,-3.87,-8.55,0.04,-0.00,-0.04,372,324,342,372,357
3.04,-3.75,-8.61,0.04,0.00,-0.03,372,324,342,372,357
2.96,-3.92,-8.66,0.04,0.00,-0.03,372,324,342,372,357
3.12,-3.85,-8.69,0.03,0.01,-0.04,372,324,342,372,357
2.99,-3.80,-8.61,0.03,-0.00,-0.04,372,324,342,372,357
3.17,-3.84,-8.73,0.03,0.01,-0.04,372,324,342,372,356
3.12,-3.80,-8.69,0.03,0.00,-0.04,372,324,342,372,356
2.98,-3.93,-8.74,0.05,0.00,-0.03,372,324,342,372,356
3.05,-3.88,-8.60,0.03,0.01,-0.04,372,324,342,372,356
3.15,-3.83,-8.73,0.03,0.00,-0.04,372,324,342,372,356
2.96,-3.92,-8.51,0.03,0.00,-0.04,372,324,342,372,356
2.86,-3.93,-8.65,0.02,0.00,-0.03,372,324,342,372,356
3.05,-3.58,-8.79,0.02,-0.00,-0.04,372,324,342,372,356
3.09,-3.75,-8.66,0.06,-0.01,-0.04,372,324,342,372,356
2.99,-4.11,-8.67,0.03,0.01,-0.05,372,324,342,372,356
3.09,-3.65,-8.94,0.02,0.01,-0.04,372,324,342,372,356
2.94,-3.67,-8.50,0.04,-0.00,-0.05,372,324,342,372,356
3.10,-3.91,-8.69,0.03,0.01,-0.04,372,324,342,372,356
3.13,-3.91,-8.66,0.03,-0.01,-0.03,372,324,342,372,357
2.81,-3.78,-8.31,0.03,-0.01,-0.04,372,324,342,372,356
2.80,-3.80,-8.74,0.04,0.01,-0.03,372,324,342,372,356
2.98,-3.89,-8.54,0.04,-0.00,-0.04,372,324,342,372,356
2.91,-3.99,-8.51,0.03,-0.01,-0.03,372,324,343,372,356
3.00,-3.76,-8.61,0.03,-0.01,-0.03,372,324,342,372,357
3.04,-3.72,-8.72,0.04,-0.01,-0.04,372,324,342,372,357
2.82,-3.89,-8.49,0.04,0.00,-0.04,372,324,342,372,356
3.09,-3.74,-8.56,0.04,0.00,-0.03,372,324,342,372,356
2.94,-3.89,-8.67,0.04,0.00,-0.04,372,324,342,372,356
2.95,-3.95,-8.50,0.03,0.00,-0.03,372,324,342,372,357
3.14,-3.80,-8.86,0.03,-0.01,-0.04,372,324,341,372,357
2.96,-3.83,-8.65,0.03,0.00,-0.05,372,324,342,372,357
2.84,-3.85,-8.38,0.04,-0.00,-0.04,372,324,342,372,357
2.89,-3.94,-8.63,0.04,0.01,-0.03,372,324,342,372,357
END
2.99,-3.92,-8.58,0.03,-0.00,-0.04,372,324,342,372,356
3.07,-3.84,-8.51,0.04,-0.00,-0.03,372,324,342,372,356
3.04,-3.69,-8.74,0.03,0.01,-0.03,371,324,342,372,357
3.20,-3.74,-8.79,0.04,0.00,-0.04,372,324,342,372,356
3.00,-3.80,-8.63,0.03,-0.00,-0.04,372,324,342,372,356
3.08,-3.84,-8.55,0.03,-0.00,-0.02,372,324,342,372,356
3.02,-3.86,-8.63,0.04,-0.01,-0.03,372,324,342,372,356
2.94,-3.91,-8.51,0.03,-0.01,-0.04,372,324,342,372,357
3.17,-3.88,-8.88,0.03,-0.00,-0.04,372,324,342,372,356
2.84,-3.87,-8.76,0.03,0.01,-0.04,372,324,342,372,356
3.04,-3.80,-8.58,0.03,0.01,-0.04,372,324,342,372,356
3.22,-3.78,-8.79,0.03,-0.00,-0.04,372,324,342,372,356
3.07,-3.86,-8.78,0.03,0.00,-0.04,372,324,342,372,356
3.22,-3.80,-8.85,0.03,0.01,-0.04,372,324,342,372,356
3.06,-3.78,-8.54,0.03,-0.00,-0.04,372,324,342,372,356
2.98,-3.78,-8.54,0.03,-0.00,-0.04,372,324,342,372,356
3.14,-3.85,-8.63,0.03,0.00,-0.03,371,324,342,372,356
3.12,-3.87,-8.61,0.03,0.00,-0.04,372,324,342,372,356
2.97,-3.87,-8.78,0.03,-0.00,-0.04,372,324,342,372,356
2.99,-3.86,-8.67,0.03,0.00,-0.04,372,324,342,372,356
2.95,-3.80,-8.68,0.04,0.01,-0.04,372,324,342,372,356
3.16,-3.75,-8.74,0.03,0.00,-0.04,372,324,342,372,356
3.01,-3.86,-8.59,0.04,-0.00,-0.04,372,324,342,372,356
3.05,-3.93,-8.55,0.04,0.02,-0.04,372,324,342,372,356
3.24,-3.84,-8.70,0.03,0.01,-0.04,372,324,342,372,356
3.07,-3.76,-8.74,0.03,0.00,-0.04,372,324,342,372,356
3.14,-4.00,-8.56,0.04,-0.00,-0.03,372,324,341,372,356
2.95,-3.91,-8.42,0.03,0.00,-0.03,372,324,342,372,356
3.09,-3.83,-8.71,0.04,0.00,-0.04,372,324,342,372,356
3.07,-3.85,-8.70,0.04,-0.00,-0.03,372,324,342,372,356
3.02,-4.07,-8.33,0.04,0.00,-0.03,372,324,342,372,356
3.00,-3.82,-8.59,0.04,-0.00,-0.04,372,324,342,372,356
2.91,-3.86,-8.58,0.03,0.00,-0.03,372,324,342,372,356
END
3.14,-3.85,-8.90,0.04,0.00,-0.04,372,324,341,372,356
3.07,-3.87,-8.76,0.03,-0.00,-0.05,372,324,342,372,356
2.97,-3.90,-8.56,0.04,-0.01,-0.04,372,324,342,372,356
2.94,-3.98,-8.56,0.02,-0.01,-0.03,372,324,342,372,356
3.11,-3.81,-8.92,0.02,-0.01,-0.04,372,324,342,372,356
3.03,-3.80,-8.82,0.03,-0.01,-0.04,372,324,342,372,356
2.88,-3.85,-8.73,0.03,0.01,-0.04,372,324,342,372,356
2.98,-3.87,-8.58,0.03,0.01,-0.03,372,324,342,372,356
3.06,-3.95,-8.65,0.03,-0.01,-0.04,372,324,342,372,356
3.02,-3.83,-8.66,0.03,-0.01,-0.04,371,324,342,372,356
2.92,-3.86,-8.83,0.03,-0.01,-0.04,371,324,342,372,356
2.95,-3.81,-8.78,0.03,-0.01,-0.04,372,324,342,372,356
2.99,-3.82,-8.76,0.03,-0.00,-0.04,372,324,342,372,356
2.86,-3.83,-8.71,0.03,0.00,-0.03,372,323,341,372,356
3.00,-3.88,-8.68,0.03,0.00,-0.04,372,324,342,372,356
3.10,-3.91,-8.86,0.03,0.01,-0.04,372,324,342,372,356
2.87,-3.85,-8.79,0.03,0.00,-0.04,372,324,342,372,356
2.85,-3.95,-8.86,0.04,0.01,-0.04,372,324,342,372,356
3.04,-3.88,-8.68,0.03,0.00,-0.04,372,324,342,372,356
2.97,-3.78,-8.67,0.03,0.00,-0.04,372,324,342,372,356
2.97,-3.87,-8.77,0.03,0.00,-0.04,372,324,342,372,355
2.92,-3.93,-8.63,0.04,0.00,-0.04,372,324,342,372,356
2.96,-3.81,-8.64,0.03,-0.00,-0.04,372,324,342,372,356
2.96,-3.72,-8.74,0.03,0.00,-0.05,372,325,342,372,356
2.81,-3.82,-8.61,0.04,0.01,-0.04,372,324,342,372,356
2.99,-3.88,-8.61,0.04,0.00,-0.03,372,324,342,372,356
3.12,-3.95,-8.69,0.03,0.00,-0.04,372,324,342,372,356
3.12,-3.92,-8.75,0.02,-0.02,-0.05,372,324,342,372,356
2.99,-3.85,-8.84,0.02,-0.02,-0.04,372,324,342,372,356
2.86,-3.68,-8.56,0.01,-0.01,-0.03,372,324,342,372,356
2.96,-3.95,-8.68,-0.02,-0.03,-0.05,372,324,342,372,357
2.86,-3.70,-8.83,0.03,-0.00,-0.03,372,324,342,372,357
2.67,-3.71,-8.77,0.04,-0.01,-0.04,372,324,341,372,357
END
2.86,-3.61,-8.86,0.04,0.01,-0.04,372,324,342,372,357
2.93,-3.94,-8.58,0.03,-0.00,-0.04,372,324,342,372,357
2.93,-3.86,-8.69,0.03,0.00,-0.04,371,324,342,372,357
2.84,-3.98,-8.56,0.03,0.00,-0.04,372,324,342,372,357
2.86,-3.94,-8.76,0.04,0.01,-0.04,372,324,341,372,357
2.73,-4.04,-8.69,0.03,0.00,-0.04,371,324,341,371,357
2.84,-3.96,-8.63,0.02,0.00,-0.04,371,324,342,372,357
2.86,-3.90,-8.64,0.03,-0.00,-0.03,372,324,341,372,357
2.89,-3.94,-8.78,0.03,0.00,-0.04,371,324,341,372,357
2.98,-3.89,-8.72,0.02,-0.00,-0.04,371,324,341,372,357
2.85,-3.80,-8.66,0.02,0.00,-0.04,371,324,341,372,357
2.87,-3.92,-8.93,0.04,0.00,-0.04,371,324,341,372,357
2.79,-3.93,-8.67,0.03,0.00,-0.03,371,324,342,372,357
2.86,-3.97,-8.73,0.03,0.00,-0.04,372,324,342,372,357
3.01,-3.91,-8.59,0.03,0.00,-0.04,372,324,342,372,357
2.81,-3.91,-8.66,0.03,0.00,-0.04,372,324,342,372,357
2.89,-3.94,-8.63,0.03,0.01,-0.03,372,324,342,372,357
2.91,-3.88,-8.77,0.02,0.00,-0.04,372,324,341,372,357
2.89,-3.83,-8.69,0.04,-0.00,-0.04,372,324,341,371,357
2.81,-3.93,-8.61,0.04,0.00,-0.04,371,324,341,372,357
3.00,-3.90,-8.63,0.03,0.00,-0.04,372,325,342,372,357
2.83,-3.83,-8.62,0.03,-0.00,-0.04,372,324,342,372,357
2.86,-3.96,-8.75,0.03,0.00,-0.03,372,324,341,372,356
2.84,-3.79,-8.61,0.03,-0.00,-0.03,372,324,342,372,357
2.86,-3.86,-8.64,0.04,0.00,-0.04,372,324,342,372,357
2.95,-3.91,-8.71,0.04,0.00,-0.04,372,324,342,372,357
2.83,-3.88,-8.63,0.03,0.00,-0.04,372,324,341,372,357
2.88,-3.86,-8.64,0.03,0.00,-0.04,371,324,341,372,356
2.78,-3.93,-8.63,0.04,0.01,-0.03,371,324,341,372,357
3.00,-3.82,-8.75,0.03,0.01,-0.04,371,324,341,372,355
2.87,-3.89,-8.79,0.04,-0.01,-0.04,371,324,342,372,357
2.90,-3.85,-8.59,0.03,-0.00,-0.04,372,324,342,372,357
3.02,-3.93,-8.66,0.03,0.00,-0.04,372,324,342,372,357
END
2.94,-3.85,-8.86,0.03,-0.01,-0.05,372,324,341,371,358
2.57,-3.88,-8.61,0.04,0.01,-0.04,371,324,341,371,358
2.95,-3.91,-8.74,0.05,0.00,-0.05,370,324,341,371,358
2.75,-4.01,-8.58,0.02,-0.00,-0.06,371,324,341,371,358
3.02,-3.90,-8.70,0.02,0.00,-0.04,371,324,341,371,358
2.79,-3.80,-8.64,0.04,-0.02,-0.03,371,324,341,371,358
2.81,-3.91,-8.69,0.04,0.01,-0.03,371,324,342,371,359
2.91,-3.95,-8.61,0.04,0.00,-0.04,372,324,341,371,359
2.75,-4.01,-8.61,0.03,-0.01,-0.04,372,324,341,371,359
2.87,-3.98,-8.66,0.03,-0.02,-0.06,372,324,341,371,359
2.83,-3.84,-8.89,0.02,0.02,-0.04,372,324,341,371,359
2.94,-3.84,-8.82,0.01,-0.01,-0.03,372,324,341,371,359
2.91,-3.67,-8.71,0.00,-0.02,-0.12,372,324,341,371,359
2.39,-3.84,-8.23,0.07,0.03,-0.00,371,324,341,370,360
2.87,-3.98,-8.71,0.04,0.01,-0.04,372,324,342,371,360
3.00,-3.98,-8.70,0.04,0.00,-0.03,372,323,341,371,360
2.63,-4.04,-8.28,0.03,-0.00,-0.03,372,324,341,371,359
2.89,-3.93,-8.87,0.03,0.01,-0.03,372,324,341,371,359
2.88,-3.84,-8.60,0.06,0.01,0.04,372,324,341,371,359
3.09,-4.11,-8.54,0.04,-0.00,-0.02,372,324,341,371,359
2.66,-4.03,-8.75,0.04,0.02,0.00,372,324,341,371,359
3.07,-3.86,-8.93,0.02,-0.00,-0.04,372,324,341,371,359
2.65,-3.91,-8.35,0.04,-0.01,-0.03,371,324,341,371,359
2.68,-4.04,-8.56,0.03,0.00,-0.03,371,324,341,371,358
2.79,-4.06,-8.81,0.03,0.01,-0.03,371,324,341,371,359
2.82,-4.12,-8.79,0.02,-0.00,-0.04,372,324,341,371,358
2.79,-3.98,-8.69,0.03,0.00,-0.04,371,324,341,371,358
2.93,-3.98,-8.71,0.02,0.00,-0.04,372,324,341,371,358
2.79,-3.88,-8.58,0.03,0.01,-0.05,372,324,341,371,359
2.88,-3.87,-8.82,0.03,-0.00,-0.04,372,324,341,371,358
2.61,-3.88,-8.67,0.04,-0.01,-0.03,371,324,342,371,358
2.78,-3.96,-8.78,0.03,0.01,-0.03,372,324,341,371,358
2.87,-4.06,-8.58,0.03,0.00,-0.04,371,324,341,371,358
END
2.76,-4.04,-8.70,0.03,0.00,-0.04,371,323,341,371,357
2.88,-4.14,-8.59,0.03,0.00,-0.04,372,324,341,371,356
2.68,-3.91,-8.63,0.03,0.00,-0.04,372,324,341,371,356
2.89,-4.02,-8.49,0.02,0.02,-0.03,371,324,341,371,357
2.96,-3.94,-8.70,0.02,-0.01,-0.04,372,324,341,371,357
2.78,-3.94,-8.71,0.02,0.00,-0.04,371,324,341,371,357
2.87,-3.98,-8.51,0.03,0.01,-0.04,371,324,341,371,357
2.80,-4.07,-8.66,0.03,-0.00,-0.04,372,324,341,371,357
2.78,-4.04,-8.62,0.02,0.01,-0.04,371,324,341,371,357
2.90,-3.99,-8.59,0.02,-0.01,-0.06,371,324,341,371,357
2.77,-3.89,-8.71,0.03,-0.00,-0.05,371,324,341,371,357
2.91,-3.92,-8.60,0.04,-0.00,-0.05,371,324,341,371,357
2.79,-4.16,-8.31,0.03,0.01,-0.03,372,324,341,371,357
2.88,-4.06,-8.61,0.02,0.00,-0.02,371,324,341,371,357
2.84,-3.78,-8.59,0.02,0.00,-0.03,372,324,341,371,357
2.83,-3.80,-8.74,0.04,0.01,-0.04,372,324,341,371,357
2.84,-4.13,-8.66,0.04,0.01,-0.04,372,324,341,371,357
2.91,-3.99,-8.63,0.03,0.00,-0.03,372,324,341,371,357
2.94,-3.81,-8.89,0.03,0.00,-0.03,372,324,341,371,357
2.87,-3.99,-8.60,0.03,-0.00,-0.05,372,324,341,371,357
2.98,-3.87,-8.67,0.02,0.01,-0.04,371,324,341,371,357
2.94,-4.00,-8.63,0.03,-0.00,-0.04,372,324,341,371,357
2.82,-4.00,-8.59,0.03,0.00,-0.03,371,324,341,371,357
2.94,-4.02,-8.66,0.03,0.00,-0.03,371,324,341,371,357
2.79,-4.01,-8.51,0.03,0.01,-0.03,371,324,341,371,357
2.94,-3.88,-8.72,0.03,0.00,-0.03,371,324,341,371,357
2.89,-4.01,-8.54,0.04,-0.01,-0.03,372,324,341,371,357
2.86,-3.91,-8.65,0.03,-0.00,-0.03,371,324,341,371,357
2.81,-3.93,-8.71,0.03,0.01,-0.04,372,324,341,371,357
2.96,-4.03,-8.60,0.04,0.01,-0.04,371,324,341,371,356
2.79,-4.09,-8.58,0.03,-0.01,-0.03,371,324,341,371,357
2.78,-3.97,-8.63,0.03,0.01,-0.04,371,324,341,371,357
2.98,-4.01,-8.68,0.03,0.00,-0.04,371,324,341,371,357
END
2.95,-4.01,-8.46,0.04,-0.00,-0.04,372,324,342,371,356
3.25,-3.99,-8.92,0.01,-0.02,-0.05,371,324,341,371,356
2.79,-3.81,-8.55,0.03,-0.01,-0.03,371,324,341,371,356
2.88,-3.83,-8.62,0.05,0.00,-0.02,371,324,341,371,356
2.72,-4.12,-8.65,0.04,0.00,-0.03,371,324,341,371,356
3.16,-3.97,-8.75,0.03,0.01,-0.03,371,324,341,372,355
2.96,-4.09,-8.39,0.03,0.00,-0.04,371,323,341,371,355
2.91,-4.01,-8.56,0.03,0.01,-0.04,371,324,341,371,356
3.05,-3.98,-8.43,0.04,0.01,-0.04,371,324,341,371,356
3.03,-4.06,-8.56,0.04,0.00,-0.04,371,324,341,371,356
3.05,-4.03,-8.60,0.03,0.00,-0.03,371,324,341,371,356
3.03,-3.92,-8.64,0.03,0.00,-0.03,371,324,341,371,356
3.01,-3.94,-8.55,0.03,-0.00,-0.04,371,324,341,371,356
2.95,-3.96,-8.54,0.03,0.01,-0.04,371,324,341,371,356
2.90,-4.03,-8.52,0.04,0.00,-0.04,371,324,341,371,356
2.94,-4.01,-8.58,0.04,0.01,-0.03,371,324,341,371,356
3.02,-3.98,-8.66,0.03,0.00,-0.04,371,324,341,371,356
2.93,-4.01,-8.47,0.04,0.01,-0.04,371,324,341,371,356
2.96,-4.06,-8.48,0.04,0.02,-0.04,371,324,342,371,356
3.13,-3.99,-8.55,0.03,-0.01,-0.04,372,324,341,371,356
3.05,-3.98,-8.53,0.03,0.00,-0.03,371,324,341,371,355
3.14,-4.10,-8.56,0.03,0.00,-0.04,371,324,341,371,356
3.12,-3.98,-8.61,0.03,-0.00,-0.04,371,324,341,371,356
2.93,-4.03,-8.46,0.03,0.00,-0.03,371,324,341,371,356
3.12,-4.10,-8.71,0.03,0.00,-0.03,371,324,342,371,356
3.00,-3.89,-8.66,0.03,-0.01,-0.03,371,324,341,371,355
2.91,-4.01,-8.47,0.04,-0.00,-0.02,371,324,341,370,355
3.09,-3.99,-8.38,0.03,0.01,-0.03,371,324,341,371,355
3.04,-3.93,-8.52,0.03,0.00,-0.03,371,324,341,371,355
3.09,-4.01,-8.84,0.03,0.01,-0.03,371,324,341,371,355
3.09,-4.08,-8.56,0.03,-0.00,-0.04,371,324,341,371,355
2.91,-4.07,-8.48,0.03,0.01,-0.02,371,324,341,371,356
3.02,-3.99,-8.66,0.03,0.01,-0.04,371,324,341,371,355
END
3.16,-3.96,-8.78,0.03,-0.01,-0.04,372,324,341,371,355
2.91,-4.09,-8.36,0.04,0.00,-0.03,371,324,341,371,355
3.05,-4.04,-8.39,0.03,0.00,-0.04,371,324,341,371,355
2.99,-4.05,-8.58,0.04,0.00,-0.04,371,323,341,371,355
2.99,-4.12,-8.56,0.02,-0.00,-0.04,371,324,341,371,355
2.96,-4.04,-8.61,0.03,-0.01,-0.03,371,324,341,371,355
3.00,-3.93,-8.57,0.03,-0.00,-0.03,371,324,341,371,355
2.96,-3.98,-8.60,0.04,-0.01,-0.03,371,324,341,371,355
2.89,-4.04,-8.55,0.03,0.01,-0.04,371,324,341,371,355
3.04,-4.00,-8.54,0.03,0.00,-0.03,371,324,341,371,355
2.94,-4.03,-8.66,0.03,0.00,-0.04,371,324,341,371,355
3.01,-3.99,-8.71,0.03,0.00,-0.04,371,324,341,371,355
2.96,-4.07,-8.54,0.03,0.00,-0.04,371,324,341,371,355
2.94,-4.10,-8.60,0.03,0.00,-0.04,371,324,341,371,355
2.96,-4.03,-8.53,0.03,0.00,-0.03,371,324,341,371,355
2.94,-4.07,-8.64,0.03,0.00,-0.04,371,324,341,371,355
2.91,-4.08,-8.50,0.02,-0.00,-0.03,371,324,341,371,355
3.14,-3.98,-8.63,0.03,0.01,-0.04,371,324,341,371,355
3.10,-4.02,-8.62,0.02,-0.01,-0.04,371,324,341,371,355
2.91,-3.87,-8.69,0.04,-0.00,-0.04,371,324,341,371,355
2.90,-4.01,-8.59,0.04,0.00,-0.03,371,324,341,371,355
3.10,-3.96,-8.90,0.03,0.00,-0.04,371,324,341,371,355
3.04,-4.10,-8.44,0.03,-0.01,-0.04,371,324,342,371,355
2.97,-3.97,-8.59,0.03,-0.00,-0.03,371,324,341,371,355
3.01,-3.94,-8.56,0.04,0.00,-0.04,371,324,341,371,355
2.96,-4.05,-8.51,0.03,0.00,-0.04,371,324,341,371,355
3.18,-3.99,-8.71,0.03,0.00,-0.03,371,323,341,371,355
3.07,-4.14,-8.58,0.03,-0.01,-0.03,371,324,342,371,355
3.00,-4.01,-8.61,0.03,0.01,-0.04,372,324,341,371,355
3.03,-3.96,-8.48,0.03,-0.00,-0.04,371,324,341,371,355
2.94,-3.96,-8.61,0.04,0.00,-0.03,371,324,341,371,355
3.14,-4.08,-8.61,0.03,-0.00,-0.04,371,324,341,371,355
2.91,-3.98,-8.47,0.03,-0.00,-0.03,371,324,341,371,355
END
3.04,-3.98,-8.60,0.03,0.00,-0.03,371,324,341,371,355
2.82,-4.00,-8.58,0.04,-0.00,-0.04,371,324,341,371,355
3.02,-4.01,-8.64,0.04,-0.00,-0.04,371,324,341,371,355
2.95,-4.06,-8.54,0.04,0.00,-0.03,371,324,341,371,355
2.91,-3.96,-8.65,0.03,-0.01,-0.04,371,324,341,371,355
2.94,-4.03,-8.59,0.03,-0.01,-0.04,371,324,341,371,355
3.06,-3.98,-8.66,0.04,0.00,-0.03,371,324,341,371,355
2.87,-3.94,-8.55,0.04,-0.00,-0.04,371,324,341,371,355
3.00,-4.06,-8.61,0.04,-0.00,-0.03,371,324,341,371,355
2.93,-3.98,-8.54,0.04,0.00,-0.04,371,324,341,371,355
3.08,-4.06,-8.70,0.04,0.00,-0.03,371,324,341,371,355
3.07,-4.02,-8.61,0.03,0.00,-0.03,371,324,342,371,355
2.99,-4.03,-8.69,0.04,-0.01,-0.03,372,324,342,371,355
2.99,-4.00,-8.64,0.03,0.00,-0.04,371,323,341,371,355
3.02,-4.08,-8.54,0.04,-0.00,-0.04,371,324,341,371,355
3.01,-4.06,-8.52,0.03,0.01,-0.04,371,324,341,371,355
2.98,-3.97,-8.55,0.03,-0.01,-0.04,371,324,341,371,355
3.00,-3.97,-8.61,0.03,-0.00,-0.04,371,324,341,371,355
2.84,-3.94,-8.56,0.04,0.00,-0.04,371,323,341,371,355
2.99,-4.12,-8.61,0.03,0.00,-0.03,371,324,341,371,355
2.94,-4.04,-8.54,0.03,-0.00,-0.04,372,324,341,371,355
2.92,-4.01,-8.51,0.03,-0.00,-0.04,371,324,341,371,355
3.08,-4.02,-8.64,0.03,0.01,-0.05,371,323,341,371,355
3.04,-3.99,-8.53,0.03,0.00,-0.03,371,324,341,371,355
2.95,-4.03,-8.51,0.04,-0.00,-0.03,371,324,341,371,355
3.15,-4.05,-8.69,0.03,0.01,-0.04,371,324,341,371,355
2.89,-4.09,-8.51,0.03,-0.00,-0.03,371,324,341,371,355
2.98,-4.00,-8.66,0.02,0.00,-0.03,371,324,341,371,355
3.01,-4.02,-8.59,0.04,-0.00,-0.03,371,324,341,371,355
2.91,-4.06,-8.51,0.04,-0.00,-0.04,371,324,341,371,355
3.02,-3.93,-8.63,0.03,0.00,-0.03,371,324,341,371,355
3.07,-4.08,-8.54,0.03,0.00,-0.04,371,324,341,371,355
2.92,-4.04,-8.48,0.03,-0.00,-0.03,371,323,341,371,355
END
3.02,-4.09,-8.55,0.03,0.00,-0.03,371,324,341,372,354
3.04,-4.03,-8.35,0.03,0.00,-0.03,372,324,341,371,354
3.10,-4.01,-8.51,0.04,0.00,-0.03,372,324,342,371,354
3.03,-4.15,-8.56,0.03,0.00,-0.04,372,324,341,371,354
3.00,-4.01,-8.52,0.03,0.00,-0.03,371,324,341,371,354
3.06,-4.07,-8.55,0.03,0.00,-0.04,371,324,341,371,354
3.07,-4.08,-8.53,0.03,0.00,-0.04,371,324,341,372,354
3.05,-4.01,-8.44,0.03,0.00,-0.03,371,324,341,371,354
2.96,-4.01,-8.55,0.03,0.00,-0.04,371,324,341,371,354
3.13,-4.04,-8.56,0.03,0.00,-0.03,371,323,341,371,354
3.04,-4.12,-8.50,0.03,-0.01,-0.03,371,324,341,371,354
3.02,-3.98,-8.57,0.03,0.00,-0.04,371,324,341,371,354
3.04,-4.03,-8.48,0.03,-0.00,-0.03,371,324,341,371,354
2.96,-4.01,-8.48,0.03,-0.00,-0.03,371,324,341,371,354
3.00,-4.02,-8.61,0.04,-0.00,-0.04,371,323,341,371,354
2.99,-4.03,-8.50,0.04,0.01,-0.04,371,324,341,371,354
3.12,-4.04,-8.61,0.04,0.00,-0.04,371,324,341,371,354
2.97,-4.05,-8.50,0.04,-0.00,-0.04,371,324,341,371,354
2.91,-4.09,-8.51,0.04,0.01,-0.04,371,324,341,371,354
3.22,-4.13,-8.50,0.04,0.00,-0.03,371,324,341,371,354
3.11,-4.10,-8.51,0.04,-0.00,-0.03,372,324,341,371,354
2.99,-4.11,-8.69,0.04,0.01,-0.05,372,324,341,371,354
3.05,-4.11,-8.50,0.04,0.00,-0.03,371,324,341,371,354
3.07,-4.08,-8.60,0.03,-0.01,-0.04,371,324,341,371,354
3.04,-4.04,-8.51,0.03,-0.01,-0.03,371,324,341,371,354
2.98,-4.15,-8.50,0.03,-0.00,-0.03,371,324,341,371,354
2.98,-4.08,-8.63,0.03,-0.01,-0.04,371,324,341,371,354
2.98,-4.10,-8.49,0.03,-0.01,-0.04,371,324,341,371,354
2.96,-4.08,-8.47,0.03,-0.00,-0.03,371,324,341,371,353
2.88,-4.13,-8.59,0.03,0.01,-0.04,371,324,341,371,354
3.34,-4.16,-8.64,0.03,0.01,-0.05,371,324,341,371,354
3.04,-4.16,-8.52,0.03,-0.01,-0.05,371,324,341,371,354
2.85,-4.14,-8.54,0.03,0.00,-0.04,371,324,341,371,354
END
3.07,-3.96,-8.65,0.03,0.01,-0.03,371,323,341,371,355
3.02,-3.93,-8.58,0.03,0.00,-0.03,371,324,341,371,355
2.93,-3.97,-8.75,0.03,-0.00,-0.04,371,324,341,372,355
2.91,-3.96,-8.64,0.04,0.00,-0.03,371,324,341,371,355
2.99,-4.01,-8.53,0.03,0.00,-0.04,371,324,341,371,355
3.05,-3.98,-8.82,0.02,-0.00,-0.05,371,324,341,371,356
2.95,-3.88,-8.59,0.04,-0.00,-0.04,371,323,341,371,356
2.98,-4.05,-8.57,0.04,0.00,-0.03,371,324,341,371,355
3.01,-4.01,-8.64,0.04,0.01,-0.03,371,324,341,371,355
3.07,-4.06,-8.56,0.03,0.00,-0.04,371,324,341,371,355
3.02,-4.03,-8.68,0.03,0.00,-0.03,371,324,341,371,355
2.92,-3.98,-8.58,0.03,-0.01,-0.03,371,323,341,371,355
3.05,-3.88,-8.64,0.03,0.01,-0.03,371,324,341,371,355
3.12,-4.04,-8.58,0.04,-0.01,-0.04,371,324,341,371,355
2.97,-4.08,-8.61,0.03,-0.00,-0.04,371,324,341,371,355
3.02,-3.97,-8.65,0.03,-0.00,-0.04,372,324,341,371,355
2.94,-3.98,-8.61,0.03,-0.00,-0.04,371,324,341,371,355
2.89,-4.03,-8.47,0.04,0.00,-0.03,371,324,341,371,355
2.89,-4.10,-8.48,0.04,-0.00,-0.03,371,324,341,371,355
2.96,-4.08,-8.67,0.04,0.00,-0.03,371,324,341,371,355
3.07,-3.96,-8.62,0.04,-0.00,-0.04,371,324,341,371,355
2.89,-3.98,-8.39,0.04,-0.00,-0.04,371,324,341,371,355
3.07,-4.06,-8.48,0.03,0.01,-0.04,371,324,341,371,354
3.07,-4.00,-8.72,0.03,0.01,-0.04,371,324,341,371,354
3.01,-4.03,-8.50,0.04,-0.01,-0.03,371,323,341,371,355
2.79,-4.03,-8.65,0.04,0.00,-0.03,371,324,341,371,355
3.04,-4.04,-8.59,0.03,0.01,-0.04,371,323,341,371,354
2.99,-4.01,-8.39,0.03,-0.01,-0.04,371,324,341,371,355
2.97,-3.99,-8.64,0.04,0.01,-0.03,371,324,341,371,354
3.09,-4.09,-8.74,0.03,0.00,-0.04,371,324,341,371,354
2.92,-3.98,-8.48,0.02,-0.00,-0.03,371,324,341,371,354
2.90,-3.92,-8.49,0.03,0.00,-0.04,371,324,341,371,354
3.04,-4.15,-8.61,0.04,0.00,-0.03,371,324,341,371,354
END
2.98,-4.07,-8.49,0.03,-0.00,-0.03,371,323,341,371,354
3.04,-4.00,-8.57,0.03,0.00,-0.03,371,324,341,371,354
3.02,-3.98,-8.60,0.03,-0.00,-0.05,371,324,341,371,354
2.92,-4.06,-8.54,0.04,0.00,-0.04,371,324,341,371,354
3.01,-3.93,-8.67,0.03,0.00,-0.04,371,324,341,371,354
2.94,-3.98,-8.45,0.04,-0.00,-0.04,371,324,341,371,354
2.96,-4.06,-8.67,0.03,0.00,-0.03,371,324,341,371,354
2.97,-4.03,-8.59,0.03,0.00,-0.03,371,324,341,371,354
3.09,-3.90,-8.56,0.03,0.00,-0.03,371,323,341,371,354
3.12,-4.18,-8.58,0.03,-0.00,-0.04,371,324,341,371,354
2.97,-3.97,-8.62,0.03,0.00,-0.04,371,324,341,371,353
2.96,-4.04,-8.52,0.03,-0.00,-0.03,371,324,341,371,354
3.08,-4.06,-8.71,0.03,0.00,-0.03,371,323,341,371,354
2.95,-3.98,-8.57,0.03,-0.00,-0.04,371,324,341,371,354
2.93,-3.99,-8.61,0.04,0.00,-0.03,371,323,341,371,354
2.92,-4.01,-8.56,0.03,0.00,-0.03,371,324,341,371,354
3.03,-4.05,-8.66,0.04,0.00,-0.04,371,324,341,371,354
2.89,-4.00,-8.51,0.03,0.00,-0.03,371,324,341,371,354
2.96,-4.05,-8.61,0.04,-0.00,-0.03,371,324,341,371,354
3.04,-3.96,-8.48,0.03,-0.00,-0.03,371,324,342,371,354
3.04,-4.06,-8.51,0.04,-0.00,-0.03,371,324,341,371,354
3.00,-4.08,-8.54,0.03,0.00,-0.03,371,324,341,371,353
2.95,-4.08,-8.51,0.03,-0.00,-0.03,371,324,341,371,352
2.92,-4.03,-8.64,0.03,-0.00,-0.04,371,324,341,371,354
2.86,-3.97,-8.46,0.03,-0.00,-0.03,371,324,341,371,354
2.92,-4.04,-8.66,0.03,0.00,-0.04,371,324,341,371,354
3.02,-4.02,-8.61,0.03,-0.00,-0.04,371,323,341,371,354
2.94,-4.08,-8.58,0.04,0.02,-0.03,371,324,341,371,354
2.89,-4.08,-8.64,0.03,0.00,-0.03,371,324,341,371,354
3.04,-4.11,-8.57,0.03,0.00,-0.04,371,323,341,371,353
3.02,-4.03,-8.63,0.03,0.00,-0.03,371,323,341,371,354
3.02,-4.06,-8.59,0.03,0.00,-0.03,371,324,341,371,354
3.00,-4.09,-8.55,0.04,0.00,-0.04,371,323,341,371,353
END
2.94,-4.18,-8.59,0.03,0.00,-0.02,371,324,341,371,353
2.91,-4.03,-8.59,0.04,0.00,-0.04,371,324,341,371,354
3.01,-4.12,-8.65,0.04,-0.00,-0.04,371,324,341,371,353
3.00,-4.15,-8.57,0.04,-0.00,-0.04,371,324,341,371,353
2.89,-4.02,-8.59,0.03,-0.01,-0.04,371,324,341,371,353
2.91,-4.14,-8.58,0.04,-0.00,-0.04,371,324,341,371,353
3.01,-4.16,-8.59,0.03,0.00,-0.03,371,323,341,371,354
2.98,-3.99,-8.61,0.03,-0.00,-0.04,371,324,341,371,353
2.86,-4.03,-8.49,0.04,0.00,-0.04,371,323,341,371,353
2.91,-4.10,-8.51,0.03,0.00,-0.04,371,323,341,371,353
2.92,-4.09,-8.60,0.04,0.00,-0.04,371,324,341,371,353
3.09,-4.07,-8.59,0.03,-0.00,-0.03,371,324,341,371,353
2.89,-4.12,-8.59,0.04,-0.00,-0.03,371,324,341,371,353
2.84,-4.06,-8.54,0.03,0.00,-0.03,371,323,341,371,353
2.99,-4.02,-8.68,0.02,0.00,-0.03,371,324,341,371,353
2.99,-4.12,-8.69,0.04,0.00,-0.04,371,324,341,371,353
2.79,-4.16,-8.70,0.03,-0.00,-0.04,371,324,341,371,353
2.86,-3.98,-8.56,0.03,0.00,-0.04,371,324,341,371,353
3.04,-3.99,-8.67,0.03,-0.00,-0.04,371,324,341,371,353
2.85,-4.19,-8.70,0.04,-0.00,-0.04,371,324,341,371,353
2.89,-4.10,-8.59,0.04,0.00,-0.04,371,324,341,371,353
2.97,-4.10,-8.64,0.03,0.00,-0.04,371,324,341,371,353
2.81,-4.08,-8.44,0.03,0.00,-0.04,371,324,341,371,353
3.10,-4.13,-8.64,0.03,0.00,-0.04,371,324,341,371,353
2.78,-4.24,-8.38,0.03,0.00,-0.03,371,324,341,371,353
3.03,-3.98,-8.51,0.03,-0.00,-0.04,371,324,341,371,353
2.89,-4.10,-8.51,0.03,-0.01,-0.03,372,324,341,371,353
2.91,-4.07,-8.46,0.03,0.00,-0.04,371,324,341,371,353
2.99,-4.01,-8.58,0.03,0.00,-0.03,371,324,341,371,353
2.84,-4.11,-8.54,0.03,0.01,-0.03,371,324,341,371,353
3.01,-4.01,-8.55,0.03,0.01,-0.04,371,324,341,371,353
3.03,-4.03,-8.46,0.03,-0.00,-0.04,371,324,341,371,353
2.95,-4.06,-8.85,0.03,-0.00,-0.04,371,324,341,371,353
END
2.94,-4.06,-8.55,0.03,0.01,-0.03,372,324,341,371,353
2.98,-4.09,-8.48,0.04,-0.00,-0.03,371,324,341,371,353
2.99,-4.06,-8.43,0.04,-0.00,-0.04,371,324,341,371,353
2.91,-4.06,-8.51,0.04,0.00,-0.04,371,323,341,371,353
3.04,-4.12,-8.50,0.04,0.01,-0.04,371,324,341,371,353
2.97,-4.11,-8.51,0.04,-0.00,-0.04,371,324,341,371,353
2.92,-4.06,-8.57,0.03,0.00,-0.03,371,324,341,371,353
3.04,-3.99,-8.69,0.04,0.00,-0.04,371,324,341,371,353
3.00,-4.19,-8.54,0.04,-0.00,-0.03,371,324,341,371,353
3.01,-4.04,-8.50,0.03,-0.01,-0.03,371,324,342,371,353
3.04,-4.01,-8.54,0.04,-0.00,-0.04,372,324,341,371,353
3.04,-4.21,-8.43,0.03,0.00,-0.04,371,324,341,371,353
2.94,-4.17,-8.46,0.03,0.01,-0.04,371,324,341,371,353
2.99,-4.01,-8.56,0.02,0.00,-0.04,371,324,342,371,352
3.01,-4.01,-8.48,0.03,-0.00,-0.03,371,324,341,371,353
2.95,-4.03,-8.64,0.03,0.01,-0.03,371,323,341,371,352
3.05,-4.11,-8.55,0.03,-0.00,-0.04,371,324,341,371,353
3.00,-4.07,-8.50,0.03,-0.00,-0.04,371,324,341,371,353
3.01,-4.00,-8.64,0.03,0.00,-0.04,371,324,341,371,353
2.86,-4.16,-8.69,0.03,0.01,-0.04,371,324,341,371,353
3.10,-4.12,-8.54,0.04,0.00,-0.04,371,324,341,371,353
2.96,-4.24,-8.43,0.03,0.00,-0.04,371,324,341,372,353
2.99,-4.00,-8.46,0.03,0.00,-0.04,371,323,341,371,353
3.03,-4.13,-8.54,0.03,0.00,-0.04,371,324,341,371,353
3.09,-4.08,-8.48,0.03,0.00,-0.04,372,324,341,371,352
2.96,-4.02,-8.41,0.03,-0.00,-0.03,371,324,341,371,353
3.08,-4.13,-8.58,0.03,-0.01,-0.03,372,324,341,371,352
2.92,-4.08,-8.58,0.03,-0.00,-0.03,372,324,341,371,352
2.94,-4.06,-8.48,0.03,0.00,-0.03,371,323,341,371,353
3.13,-4.10,-8.59,0.03,0.00,-0.03,371,324,341,371,353
3.04,-4.04,-8.64,0.03,-0.00,-0.04,371,324,341,371,353
3.07,-4.03,-8.53,0.03,-0.02,-0.03,371,324,341,371,353
3.05,-3.99,-8.68,0.03,0.00,-0.04,371,324,341,371,352
END
2.94,-4.03,-8.48,0.04,0.00,-0.03,371,323,341,371,352
3.09,-4.07,-8.64,0.03,0.00,-0.03,371,324,341,371,352
2.94,-4.09,-8.54,0.03,-0.00,-0.04,372,324,341,371,352
3.04,-4.08,-8.62,0.03,-0.00,-0.04,371,324,341,371,352
2.97,-4.12,-8.56,0.03,-0.00,-0.04,371,324,341,371,352
2.97,-4.07,-8.54,0.04,0.00,-0.04,371,324,341,371,352
2.89,-4.08,-8.34,0.04,-0.00,-0.04,371,324,341,371,352
3.09,-3.99,-8.63,0.03,-0.00,-0.04,372,324,341,371,352
2.93,-4.02,-8.57,0.04,0.00,-0.03,371,324,341,371,352
3.17,-4.05,-8.49,0.04,0.01,-0.04,371,324,341,371,352
3.04,-4.04,-8.47,0.04,-0.01,-0.04,371,324,341,371,352
2.94,-4.08,-8.50,0.04,0.00,-0.03,371,324,341,371,352
3.04,-4.12,-8.48,0.03,0.00,-0.03,371,324,341,371,352
3.10,-4.08,-8.51,0.04,-0.00,-0.04,371,324,341,371,352
3.01,-4.06,-8.56,0.04,-0.00,-0.03,371,324,341,371,352
2.94,-4.10,-8.48,0.03,-0.00,-0.03,371,324,341,371,352
3.01,-4.08,-8.45,0.04,0.00,-0.03,371,324,341,371,352
2.99,-4.11,-8.48,0.04,0.00,-0.04,371,324,341,371,352
3.07,-4.03,-8.54,0.04,0.00,-0.03,371,324,341,371,352
3.10,-4.08,-8.51,0.04,0.00,-0.03,371,323,341,371,352
3.01,-4.19,-8.48,0.03,-0.00,-0.03,371,324,341,371,352
3.04,-4.03,-8.59,0.04,0.00,-0.04,372,324,341,371,351
3.11,-4.11,-8.54,0.03,-0.01,-0.04,371,324,341,371,352
2.94,-4.21,-8.49,0.03,0.00,-0.04,371,324,341,371,352
3.09,-4.06,-8.60,0.03,-0.00,-0.03,371,324,341,371,351
2.99,-4.11,-8.51,0.03,0.00,-0.04,371,324,341,371,352
3.09,-4.07,-8.61,0.03,-0.00,-0.04,371,324,341,371,352
2.93,-4.11,-8.64,0.03,0.00,-0.04,371,324,341,371,352
2.97,-4.13,-8.34,0.03,0.00,-0.04,371,324,341,371,352
2.95,-4.03,-8.51,0.03,-0.00,-0.04,371,324,341,371,351
3.16,-4.08,-8.59,0.03,0.00,-0.03,371,323,341,371,351
3.04,-4.05,-8.61,0.03,0.00,-0.04,371,324,341,371,351
3.01,-4.15,-8.50,0.03,0.01,-0.04,371,324,341,371,351
END
3.06,-4.07,-8.55,0.03,0.00,-0.04,371,323,341,372,351
2.98,-4.02,-8.57,0.04,0.00,-0.04,371,324,341,371,351
3.03,-4.03,-8.61,0.04,0.01,-0.03,371,324,341,371,351
3.04,-4.11,-8.65,0.03,-0.00,-0.04,371,324,342,371,351
2.96,-3.96,-8.63,0.03,-0.00,-0.03,371,324,341,371,351
3.02,-4.06,-8.57,0.04,-0.00,-0.04,371,324,341,371,351
3.01,-4.12,-8.44,0.03,0.00,-0.04,371,324,341,371,351
2.96,-4.10,-8.40,0.03,0.00,-0.04,371,324,341,371,351
3.12,-4.04,-8.52,0.03,0.00,-0.04,371,324,341,371,351
3.01,-4.09,-8.46,0.04,-0.00,-0.04,371,324,341,371,351
3.03,-4.08,-8.58,0.03,0.00,-0.04,371,324,341,371,351
2.94,-3.98,-8.46,0.04,-0.00,-0.04,371,324,342,371,351
3.22,-4.04,-8.75,0.04,0.01,-0.04,372,324,342,371,351
3.14,-3.98,-8.59,0.04,-0.01,-0.04,372,324,341,371,351
3.12,-4.09,-8.46,0.05,-0.00,-0.04,371,324,340,371,351
3.12,-4.17,-8.53,0.02,0.01,-0.04,371,324,341,371,351
3.01,-4.03,-8.41,0.02,-0.00,-0.03,371,323,341,371,351
2.91,-4.06,-8.41,0.03,0.00,-0.03,371,324,341,371,351
3.00,-4.17,-8.51,0.03,0.01,-0.04,371,324,341,371,351
3.07,-4.19,-8.69,0.03,-0.00,-0.04,371,323,341,371,351
3.04,-4.06,-8.61,0.03,-0.01,-0.03,371,324,341,371,351
3.00,-4.01,-8.59,0.03,-0.00,-0.04,371,324,341,371,351
2.97,-4.01,-8.57,0.04,0.00,-0.04,371,324,341,371,351
3.14,-4.02,-8.61,0.04,-0.00,-0.04,371,324,341,371,351
3.17,-4.05,-8.67,0.04,-0.00,-0.04,371,324,341,372,351
3.14,-4.08,-8.56,0.03,0.00,-0.04,371,324,341,371,351
3.14,-4.01,-8.51,0.04,0.00,-0.03,371,324,341,371,351
2.92,-4.10,-8.51,0.04,-0.00,-0.03,371,324,341,371,351
3.02,-4.06,-8.52,0.04,0.00,-0.03,371,323,341,371,351
3.14,-4.08,-8.55,0.04,0.00,-0.03,371,324,341,371,351
3.06,-4.09,-8.56,0.03,-0.00,-0.04,371,324,341,371,351
3.03,-4.08,-8.43,0.04,-0.01,-0.03,371,324,341,371,351
3.01,-4.21,-8.48,0.03,0.00,-0.04,371,324,341,371,351
END
3.16,-4.08,-8.56,0.03,0.00,-0.04,371,324,342,372,350
2.82,-4.14,-8.23,0.03,-0.00,-0.04,371,324,341,371,350
3.06,-3.99,-8.48,0.03,0.01,-0.03,371,324,342,371,350
3.02,-4.05,-8.41,0.03,-0.00,-0.03,371,324,341,371,350
3.14,-4.01,-8.56,0.03,0.00,-0.03,371,324,342,371,350
3.14,-4.06,-8.42,0.03,-0.00,-0.04,371,324,341,371,350
3.06,-4.05,-8.54,0.03,-0.00,-0.03,371,323,341,371,350
3.07,-3.98,-8.51,0.04,-0.00,-0.03,371,323,341,371,350
3.09,-3.98,-8.46,0.04,0.00,-0.05,371,324,341,371,350
3.10,-4.16,-8.54,0.05,-0.00,-0.04,371,324,342,371,350
3.12,-4.17,-8.58,0.05,0.00,-0.05,372,324,342,371,350
3.12,-4.22,-8.41,0.03,0.00,-0.04,372,324,342,371,351
3.14,-3.97,-8.53,0.02,0.00,-0.03,372,324,342,371,350
3.11,-4.04,-8.51,0.04,-0.00,-0.03,371,324,342,371,350
3.09,-4.13,-8.45,0.03,0.01,-0.04,372,324,341,371,350
3.12,-4.03,-8.54,0.04,0.00,-0.04,371,323,342,371,350
3.16,-4.11,-8.50,0.03,0.00,-0.03,372,324,342,371,350
3.01,-4.08,-8.46,0.03,-0.00,-0.04,372,324,341,371,350
3.24,-4.07,-8.48,0.04,0.01,-0.04,371,324,342,371,350
3.17,-4.09,-8.64,0.04,0.00,-0.04,372,324,341,372,350
3.12,-4.10,-8.44,0.03,-0.00,-0.04,371,324,342,371,350
3.19,-4.18,-8.58,0.03,0.00,-0.04,371,324,342,371,350
3.04,-4.09,-8.20,0.04,0.00,-0.04,372,324,341,371,350
2.98,-4.16,-8.55,0.03,0.00,-0.03,371,324,341,371,350
3.24,-4.07,-8.60,0.02,0.00,-0.03,371,324,341,371,350
3.21,-4.08,-8.59,0.03,-0.01,-0.04,372,324,341,371,350
3.02,-4.07,-8.43,0.03,-0.01,-0.04,371,324,341,371,350
3.09,-4.09,-8.58,0.03,0.00,-0.03,371,324,341,371,350
3.21,-4.10,-8.46,0.03,0.00,-0.03,371,324,342,371,350
3.22,-4.26,-8.66,0.02,-0.01,-0.01,372,324,342,371,350
3.09,-4.03,-8.46,0.00,-0.02,-0.02,372,324,341,372,350
2.93,-3.76,-8.63,0.04,0.01,-0.03,371,324,341,371,350
3.08,-4.01,-8.51,0.05,0.00,-0.05,371,323,341,371,350
END
3.09,-4.22,-8.35,0.06,0.00,-0.04,371,324,342,372,350
3.15,-4.16,-8.48,0.03,0.00,-0.03,371,324,342,371,350
3.12,-4.19,-8.46,0.03,-0.00,-0.04,371,324,341,372,350
3.19,-4.10,-8.38,0.03,0.00,-0.03,371,324,342,371,350
3.12,-4.06,-8.37,0.03,-0.01,-0.03,371,324,342,371,350
3.13,-4.18,-8.39,0.03,0.01,-0.04,372,324,342,371,350
3.17,-4.16,-8.48,0.04,0.00,-0.03,372,324,342,371,350
3.09,-4.21,-8.43,0.03,-0.00,-0.04,372,324,342,371,349
3.23,-4.24,-8.44,0.02,0.00,-0.03,372,324,342,371,350
3.17,-4.11,-8.41,0.03,-0.00,-0.04,372,324,342,371,349
3.08,-4.14,-8.33,0.04,-0.00,-0.03,371,324,341,371,350
3.25,-4.21,-8.43,0.03,-0.00,-0.03,371,324,342,371,350
3.20,-4.07,-8.51,0.03,-0.01,-0.03,371,324,342,371,350
3.13,-4.00,-8.55,0.03,0.01,-0.03,372,324,342,371,350
3.29,-4.05,-8.54,0.04,-0.01,-0.04,371,324,341,371,350
2.91,-4.16,-8.53,0.03,0.00,-0.03,371,324,342,371,350
3.22,-4.00,-8.65,0.02,-0.00,-0.04,371,324,342,371,350
3.10,-4.00,-8.47,0.03,-0.00,-0.04,371,324,341,371,350
3.19,-4.16,-8.48,0.03,0.00,-0.04,371,324,342,371,349
3.19,-4.12,-8.51,0.04,0.00,-0.04,371,324,341,371,350
3.06,-4.11,-8.50,0.03,0.00,-0.04,371,324,341,371,350
3.17,-4.01,-8.43,0.04,0.00,-0.03,371,324,341,371,349
3.08,-4.11,-8.37,0.04,0.00,-0.03,371,324,341,371,350
3.19,-4.19,-8.40,0.03,0.00,-0.04,371,324,341,371,350
3.22,-4.13,-8.28,0.03,-0.00,-0.04,371,324,342,371,349
3.19,-4.20,-8.54,0.03,-0.00,-0.04,372,324,342,371,350
3.22,-4.08,-8.64,0.02,-0.00,-0.03,371,324,342,371,350
3.04,-3.94,-8.46,0.02,-0.01,-0.04,372,324,342,371,350
3.02,-3.97,-8.36,0.04,0.00,-0.04,371,324,341,371,349
3.17,-4.12,-8.11,0.03,0.01,-0.04,371,324,341,371,349
3.21,-4.16,-8.63,0.03,-0.00,-0.04,371,324,342,371,350
3.06,-4.11,-8.49,0.04,0.00,-0.04,371,324,341,371,350
3.24,-4.08,-8.48,0.03,0.00,-0.04,371,324,341,371,349
END