3.14,-2.36,-9.15,0.08,-0.01,-0.12,510,444,480,339,368
4.94,-6.65,-5.05,0.17,0.08,-0.05,510,444,480,339,368
5.05,-6.71,-4.57,0.18,0.11,-0.08,510,444,481,339,368
5.22,-7.06,-3.94,0.24,0.11,-0.08,510,445,480,339,368
4.67,-6.99,-4.62,0.15,0.12,-0.07,511,445,481,339,368
4.80,-6.58,-3.70,0.18,0.16,-0.14,510,445,480,338,368
4.19,-5.76,-3.60,0.43,0.38,-0.18,511,446,480,338,368
3.61,-5.67,-2.59,0.49,0.47,-0.18,511,446,480,338,367
5.04,-6.21,-1.46,0.71,0.72,-0.32,510,446,480,338,367
4.49,-6.09,0.39,0.94,1.12,-0.72,509,446,480,337,366
5.28,-5.73,4.28,0.62,1.10,-0.69,506,445,480,337,366
8.07,-5.09,4.93,0.70,1.18,-0.83,502,443,480,337,366
7.91,-3.32,6.29,0.55,1.11,-0.99,498,442,480,337,365
7.79,-1.65,7.80,0.14,0.64,-1.04,495,440,481,336,363
7.91,-1.71,6.91,-0.12,0.62,-0.98,493,439,481,336,362
7.06,-1.34,5.66,-0.61,0.64,-1.00,491,438,480,336,361
7.59,0.22,7.45,-0.76,0.45,-1.29,489,438,480,336,361
6.17,0.66,6.67,-0.95,0.38,-1.38,488,437,479,336,361
8.15,1.07,7.54,-0.99,0.07,-1.66,486,436,478,336,362
9.18,1.39,6.58,-1.12,0.13,-1.20,484,435,477,336,363
10.63,-0.27,7.20,-1.44,-0.10,-0.93,483,434,477,337,364
9.14,-1.44,6.01,-1.46,-0.11,-0.39,482,433,476,337,365
9.25,-2.75,6.40,-1.74,-0.32,-0.13,481,433,476,337,365
9.74,-3.15,4.62,-2.09,-0.43,-0.12,481,432,474,338,365
10.51,-4.41,4.05,-1.96,-0.73,0.12,480,432,474,338,363
9.85,-5.23,2.34,-1.65,-0.97,1.07,479,430,471,339,359
7.59,-4.45,-1.59,-1.80,-1.12,0.51,479,430,470,339,359
6.72,-4.52,-3.24,-1.47,-1.03,0.28,479,429,470,339,359
5.30,-3.12,-5.14,-1.18,-0.98,0.07,479,429,470,338,360
5.66,-2.74,-5.61,-1.09,-1.24,-0.15,479,429,470,339,360
2.76,-2.11,-7.87,-0.73,-0.80,-0.27,479,429,470,339,360
2.50,-1.32,-8.18,-0.72,-1.17,-0.39,479,429,470,339,361
1.67,-1.49,-8.71,-0.63,-0.83,-0.41,479,429,470,339,361
END
-0.41,-0.55,-9.12,-0.28,-0.56,-0.32,504,441,478,338,363
3.42,-7.34,-4.49,0.06,0.02,-0.14,504,441,478,338,363
3.53,-7.14,-5.02,0.14,0.10,-0.09,504,440,478,338,363
3.77,-7.33,-5.26,0.13,0.08,-0.16,504,441,478,338,363
3.01,-7.00,-4.90,0.13,0.13,-0.24,504,441,478,337,363
3.96,-6.55,-4.32,0.27,0.17,-0.27,505,441,478,338,363
3.22,-5.61,-4.60,0.76,0.52,-0.33,509,443,480,337,364
1.84,-5.16,-1.80,1.40,0.88,-0.45,510,445,480,337,362
3.80,-6.09,2.17,1.59,1.42,-0.82,506,444,479,338,360
4.72,-5.33,3.22,1.28,1.31,-0.71,502,442,479,338,359
5.75,-4.90,6.36,0.27,0.83,-0.63,498,440,479,338,359
6.68,-4.35,7.39,0.13,0.75,-0.95,496,439,479,338,359
7.42,-3.41,6.68,0.17,1.00,-0.91,495,438,479,337,359
7.14,-2.63,8.94,-0.19,0.83,-0.94,493,438,479,337,359
8.76,-3.33,8.18,-0.42,0.76,-1.05,491,437,479,337,359
6.79,-1.53,8.25,-0.89,0.64,-1.22,489,436,479,337,359
6.12,-1.32,7.85,-1.20,0.47,-1.51,487,435,478,337,359
8.64,-1.01,7.41,-1.36,0.44,-1.58,485,434,478,337,359
8.18,-0.45,6.91,-1.62,0.28,-1.61,484,433,478,337,360
8.94,-1.51,6.60,-1.44,0.16,-0.74,482,432,477,336,360
10.52,-2.56,6.13,-1.75,-0.19,-0.75,481,431,476,337,360
10.07,-3.31,5.13,-1.75,-0.26,-0.32,480,431,476,337,361
12.12,-5.21,4.63,-1.97,-0.62,-0.09,479,429,474,337,361
10.76,-4.57,0.55,-2.13,-1.17,0.74,477,428,472,337,359
9.18,-4.04,-1.03,-1.85,-1.38,0.23,477,427,471,337,360
5.09,-2.96,-2.94,-1.35,-1.19,-0.14,477,427,470,337,360
3.70,-2.18,-4.30,-1.24,-1.27,-0.04,478,428,470,338,360
4.46,-2.86,-5.60,-0.85,-0.98,-0.24,478,428,471,337,361
4.33,-0.79,-8.56,-0.57,-0.67,-0.37,479,428,472,337,362
1.90,-0.17,-9.01,-0.38,-0.49,-0.35,480,429,472,337,363
3.05,-1.72,-9.50,-0.68,-0.73,-0.12,481,429,473,337,363
0.30,1.44,-8.38,-0.25,-0.37,-0.14,481,430,473,337,364
0.90,1.16,-8.72,-0.02,-0.15,-0.15,481,429,472,337,365
END
2.55,0.30,-9.60,0.15,0.11,-0.11,503,441,481,336,359
4.13,-6.37,-3.04,0.51,0.49,-0.06,503,441,481,337,358
4.25,-6.21,-2.23,0.58,0.44,-0.18,503,441,481,336,357
3.52,-4.59,-0.42,0.79,0.77,-0.38,502,441,482,336,357
3.00,-4.67,0.78,1.02,1.13,-0.28,501,441,481,336,357
4.52,-5.83,4.64,0.94,1.15,-0.61,498,440,481,336,357
4.36,-5.52,7.77,0.84,1.28,-0.70,496,439,481,336,357
6.73,-4.57,9.88,0.33,1.17,-0.78,493,437,481,336,357
7.45,-3.60,9.40,0.03,1.14,-0.69,491,436,480,335,357
6.93,-2.84,10.11,-0.24,0.98,-0.82,490,436,481,336,358
6.35,-2.34,8.79,-0.46,0.68,-1.13,489,435,480,335,358
5.30,-1.87,7.72,-0.57,0.57,-1.23,488,435,479,335,358
5.36,-1.26,8.36,-0.82,0.43,-1.36,487,434,479,336,358
4.85,-2.02,8.33,-0.83,0.53,-1.42,486,434,478,336,358
6.96,-1.19,8.05,-1.09,0.29,-1.60,485,433,478,336,359
7.68,-1.70,8.76,-0.90,0.25,-1.30,483,433,478,336,359
6.49,-1.89,6.93,-1.21,0.05,-0.90,482,432,477,336,359
7.80,-2.44,7.68,-1.19,-0.08,-0.78,482,432,476,336,359
7.62,-3.51,6.22,-1.27,-0.19,-0.68,481,431,475,336,360
7.43,-3.43,5.10,-1.43,-0.42,-0.28,480,431,475,336,360
10.11,-4.03,4.77,-1.43,-0.69,-0.27,480,430,474,336,361
10.60,-4.81,1.78,-1.51,-1.01,0.19,479,429,473,337,362
12.50,-5.55,0.66,-1.88,-1.54,0.41,478,429,472,338,364
6.63,-3.82,-2.31,-1.36,-1.24,0.15,478,428,472,338,364
4.42,-3.26,-3.70,-1.04,-1.32,-0.20,478,428,472,338,364
6.70,-3.88,-4.85,-0.78,-1.26,-0.24,478,428,472,338,365
2.91,-2.93,-5.82,-0.79,-1.11,-0.43,478,428,472,338,365
0.25,0.12,-7.92,-0.60,-0.85,-0.22,478,428,471,338,365
2.60,0.01,-9.07,-0.50,-0.49,-0.29,477,427,471,338,365
1.00,-0.26,-9.51,-0.08,-0.18,-0.32,477,427,471,337,365
0.88,-0.55,-9.89,-0.03,-0.11,-0.20,477,427,471,337,364
0.69,-0.08,-9.61,0.05,-0.06,-0.03,478,428,471,337,365
3.92,-1.16,-9.63,0.08,0.04,-0.11,477,428,471,337,365
END
1.36,-0.62,-9.83,0.08,0.00,-0.17,500,437,476,336,359
4.40,-5.53,-5.64,0.18,0.11,0.04,500,437,476,336,359
4.49,-5.69,-6.10,0.11,0.08,-0.01,501,438,476,336,358
4.95,-6.90,-5.66,0.13,0.05,0.05,501,438,476,336,358
4.95,-6.98,-5.74,0.04,0.00,-0.08,501,438,477,336,358
3.75,-5.87,-5.51,0.23,0.17,-0.09,503,439,477,336,359
3.27,-4.63,-5.46,0.92,0.69,-0.22,506,441,478,336,359
3.56,-4.96,-3.24,0.79,0.83,-0.19,506,441,478,336,359
4.08,-5.27,-2.07,0.80,0.78,-0.32,506,441,478,336,358
4.40,-6.30,-0.14,0.91,0.84,-0.57,504,441,478,335,358
6.40,-5.41,3.32,0.95,0.91,-0.61,502,440,478,336,358
7.71,-4.98,4.09,0.92,0.74,-0.96,500,440,478,335,358
6.83,-4.21,4.83,0.54,0.75,-0.82,498,439,478,335,358
8.99,-3.12,5.99,-0.12,0.90,-0.20,497,438,478,335,358
7.24,-3.37,6.57,-0.31,0.50,-0.81,495,438,478,335,358
7.86,-3.02,7.12,-0.33,0.64,-0.72,494,437,478,335,358
6.29,-1.22,6.83,-0.43,0.76,-0.71,493,437,478,335,358
6.89,-1.39,7.41,-0.64,0.51,-0.98,492,436,478,335,359
8.16,-1.06,9.68,-0.83,0.50,-1.09,490,435,478,335,359
8.02,-0.90,8.80,-0.72,0.43,-0.97,489,435,478,335,359
6.08,-0.98,7.71,-1.03,0.34,-1.09,489,434,477,335,360
6.84,-0.46,8.08,-1.15,0.36,-0.96,487,433,477,335,360
8.15,-1.90,7.92,-1.00,0.32,-0.99,487,433,477,335,361
8.84,-2.19,8.38,-1.17,0.08,-0.81,485,432,477,335,362
7.59,-2.57,7.13,-1.33,0.10,-0.51,484,432,476,335,363
9.49,-3.96,8.34,-1.45,-0.18,-0.48,483,431,476,335,364
10.39,-3.50,5.71,-1.65,-0.38,-0.01,482,431,475,335,364
8.25,-3.70,2.99,-1.92,-0.65,0.04,481,430,474,335,363
9.26,-4.48,2.26,-1.76,-0.90,0.10,481,429,473,336,364
8.01,-3.85,-0.17,-1.69,-1.00,0.06,480,430,473,336,362
6.79,-4.38,-1.85,-1.02,-0.84,-0.12,480,429,472,336,363
4.92,-2.94,-5.10,-1.26,-1.15,0.09,479,429,472,336,364
5.01,-2.56,-5.94,-1.06,-1.16,-0.25,479,428,471,336,365
3.70,-2.08,-6.58,-0.90,-0.94,-0.32,479,428,471,336,364
END
2.95,-1.08,-9.32,-0.82,-0.77,-0.30,495,434,475,335,362
3.19,-6.14,-5.94,0.08,0.12,-0.13,495,434,475,335,362
3.15,-5.83,-5.79,0.18,0.23,-0.09,494,434,475,335,362
3.32,-6.47,-5.18,0.23,0.35,-0.08,495,434,475,335,362
3.36,-6.86,-4.95,0.29,0.49,-0.05,495,435,476,335,362
4.35,-6.30,-4.41,0.38,0.67,-0.24,496,436,476,335,362
4.13,-5.10,-3.73,0.57,0.79,-0.35,498,437,478,335,362
4.46,-5.55,-2.72,0.64,0.85,-0.23,499,438,479,335,362
4.67,-5.80,-0.38,0.72,0.98,-0.20,498,438,479,335,362
4.43,-5.69,0.94,0.72,1.09,-0.45,496,438,478,335,361
6.35,-5.90,3.68,0.67,1.16,-0.54,494,437,478,335,361
7.30,-5.74,6.45,0.52,1.25,-0.66,492,436,478,335,361
8.32,-5.66,6.62,0.30,1.19,-0.83,490,434,477,335,360
8.58,-3.97,8.57,0.00,0.95,-0.77,488,433,477,335,360
6.65,-3.12,8.17,-0.24,0.80,-0.91,487,433,476,335,360
8.71,-3.42,7.74,-0.46,0.76,-1.19,485,432,476,335,360
7.92,-2.52,8.64,-0.95,0.48,-1.32,484,432,475,335,360
7.27,-2.04,8.42,-1.30,0.39,-1.13,482,432,475,335,361
6.87,-2.46,7.45,-1.24,0.35,-1.43,481,431,474,336,361
7.20,-4.39,7.76,-1.45,0.28,-1.27,479,430,473,336,361
8.38,-3.89,7.87,-1.70,0.01,-0.95,478,430,472,336,361
8.00,-2.43,5.14,-1.96,-0.18,-0.44,478,429,472,336,362
11.42,-3.14,4.75,-1.84,-0.54,0.04,477,429,471,336,363
11.72,-3.16,3.10,-1.70,-0.89,0.41,477,428,471,336,363
11.39,-4.01,1.64,-1.40,-1.00,0.25,476,428,471,336,363
9.34,-3.93,-1.37,-1.30,-1.26,0.07,477,428,471,336,364
6.10,-3.73,-3.24,-1.27,-1.50,-0.12,477,428,471,336,364
5.90,-3.47,-4.95,-0.87,-1.27,-0.31,477,428,471,336,364
2.40,-2.67,-6.83,-1.02,-1.34,-0.23,477,428,471,336,364
1.85,-0.85,-7.37,-0.91,-1.07,-0.31,477,428,471,336,364
1.64,0.72,-8.61,-0.48,-0.76,-0.26,477,428,471,336,364
0.06,0.62,-8.54,-0.15,-0.46,-0.19,477,428,471,336,363
0.85,-0.22,-9.85,0.00,-0.13,-0.18,477,428,471,336,363
END
2.52,-0.78,-9.86,0.01,0.03,-0.23,498,436,475,335,358
2.44,-5.94,-6.18,0.02,-0.01,-0.06,498,436,475,335,358
2.33,-5.18,-5.92,0.03,0.09,-0.11,497,436,475,335,358
3.11,-5.01,-6.50,0.13,0.25,-0.16,497,436,475,335,358
4.50,-6.48,-6.68,0.10,0.21,-0.16,497,436,475,335,359
4.13,-6.11,-5.76,0.13,0.21,-0.19,497,436,475,335,359
2.48,-4.48,-5.68,0.31,0.53,-0.28,497,436,476,335,359
1.01,-4.07,-3.90,0.94,1.23,-0.35,498,436,476,335,358
3.37,-5.92,-0.75,0.77,1.03,-0.64,499,437,477,336,358
11.08,-6.06,0.95,0.55,1.08,-1.91,496,436,477,336,361
6.76,-5.30,2.07,0.72,1.56,0.33,494,435,476,335,362
7.47,-3.06,3.10,-0.01,1.46,-0.30,493,434,476,335,360
8.87,-3.84,6.37,0.27,1.10,-1.26,490,433,476,335,360
8.65,-2.40,6.26,-0.05,1.12,-0.96,488,433,476,335,360
8.71,-1.60,8.18,-0.47,0.85,-1.01,486,431,475,335,360
9.56,-1.20,9.24,-1.01,0.63,-1.03,484,430,474,335,360
10.06,-0.32,7.98,-1.24,0.41,-1.35,482,430,474,335,361
9.84,-1.49,7.67,-1.27,0.25,-0.83,481,429,473,335,360
8.66,-1.33,6.37,-1.46,0.25,-0.53,480,429,473,335,360
9.91,-2.15,7.69,-1.65,0.01,-0.67,480,429,473,335,360
9.38,-2.00,6.12,-1.95,-0.20,-0.61,479,428,471,336,361
9.83,-2.06,4.39,-2.15,-0.45,-0.24,478,427,471,335,362
12.10,-2.63,3.77,-2.11,-0.88,0.39,477,427,471,336,364
10.80,-2.53,1.11,-1.83,-1.16,0.12,477,427,471,336,364
9.16,-3.09,-0.83,-1.66,-1.42,0.12,476,426,470,336,365
6.08,-1.38,-3.84,-1.28,-1.37,-0.19,476,426,469,336,366
6.24,-1.11,-6.47,-0.79,-1.31,-0.15,476,425,469,336,367
4.03,-2.29,-7.06,-0.70,-1.21,-0.09,476,425,468,336,367
1.42,-0.75,-7.34,-0.64,-0.94,-0.08,476,425,468,335,367
-0.24,1.77,-7.72,-0.49,-0.47,-0.44,475,425,468,335,367
1.11,1.92,-8.62,-0.08,-0.17,-0.22,475,425,468,335,367
3.32,-0.45,-8.84,0.22,0.12,-0.31,475,425,468,335,367
1.77,-1.28,-9.40,0.25,0.11,-0.16,476,425,468,336,366
END
2.74,-0.58,-9.73,0.06,0.08,-0.09,508,443,479,335,372
0.73,-5.36,-0.28,0.61,1.66,-0.40,509,444,479,335,371
7.79,-5.62,4.01,0.23,1.30,-0.90,504,443,480,335,371
11.91,-4.47,3.78,0.15,1.36,-0.75,501,442,479,335,371
9.15,-4.80,4.15,-0.04,1.34,-0.41,500,441,479,334,371
10.16,-3.95,3.98,-0.27,1.39,-0.68,499,441,479,335,370
9.45,-1.22,6.25,-0.38,1.12,-0.73,494,439,479,334,369
7.46,-1.00,4.74,-0.35,1.15,-0.70,492,437,479,334,370
7.69,-1.92,5.58,-0.43,1.02,-0.85,490,436,479,334,369
9.51,-0.10,6.94,-0.82,0.55,-0.95,488,435,478,334,370
8.47,-0.62,7.13,-0.65,0.52,-0.74,487,435,478,334,370
8.15,-1.00,7.35,-0.65,0.43,-0.84,486,435,477,334,370
8.15,-1.34,8.17,-1.04,0.16,-0.87,484,434,477,334,370
6.88,-2.24,8.13,-1.03,0.20,-0.69,483,433,477,334,370
7.59,-2.89,7.26,-1.32,0.13,-0.72,482,432,476,334,370
9.89,-4.06,7.74,-2.01,-0.33,-0.95,481,431,476,334,371
10.35,-3.98,5.31,-2.26,-0.59,-0.62,480,430,475,335,372
11.51,-2.28,3.06,-1.89,-0.95,-0.29,479,429,475,335,373
11.56,-2.98,1.77,-1.62,-1.38,0.05,478,428,474,335,373
8.76,-1.31,-0.78,-1.63,-1.47,-0.01,477,427,472,336,373
8.15,-1.45,-2.05,-1.19,-1.44,-0.30,477,427,472,335,372
6.02,-1.60,-3.78,-0.90,-1.35,-0.17,476,427,471,335,372
4.91,-0.70,-6.27,-0.67,-1.07,-0.24,476,427,471,336,371
4.39,-0.42,-7.18,-0.53,-0.95,-0.18,476,427,471,335,371
3.95,-0.57,-8.04,-0.26,-0.62,-0.20,476,426,471,335,371
2.38,-1.11,-8.58,-0.27,-0.58,-0.16,476,426,471,335,371
2.65,-0.31,-8.71,-0.40,-0.57,-0.11,476,426,471,335,371
2.12,1.79,-8.71,-0.10,-0.31,-0.00,476,426,470,335,371
1.58,2.45,-9.25,0.13,-0.13,-0.08,476,426,470,335,371
1.72,0.47,-9.62,0.05,-0.01,-0.13,477,426,471,335,371
1.85,0.85,-9.47,0.07,0.09,-0.14,477,427,470,335,371
3.09,1.13,-10.24,0.11,0.09,-0.08,477,427,471,335,371
2.47,0.65,-10.09,0.13,0.04,-0.10,477,426,470,335,370
END
2.63,0.65,-9.83,0.11,0.04,-0.11,498,436,473,334,363
5.19,-4.21,-4.21,0.46,0.64,-0.23,498,436,473,334,363
6.49,-4.61,-2.91,0.42,0.59,-0.17,498,435,473,335,363
6.19,-4.43,-2.85,0.60,0.83,-0.32,498,436,473,334,363
5.84,-5.05,-0.65,0.63,0.81,-0.31,497,436,473,334,363
6.38,-4.39,1.00,0.46,1.05,-0.62,495,435,473,334,363
7.44,-4.09,3.40,0.33,1.25,-0.46,493,434,473,334,363
8.63,-3.63,4.91,0.17,1.20,-0.63,491,433,472,334,363
10.01,-2.20,6.00,-0.16,0.98,-0.68,489,432,472,334,363
8.25,-1.46,6.36,-0.27,0.93,-0.67,488,431,472,334,363
8.15,-0.50,6.84,-0.55,0.71,-0.66,486,430,472,334,363
9.12,-0.71,8.04,-0.50,0.59,-0.95,485,430,471,334,363
8.86,-1.18,7.30,-0.70,0.42,-0.94,484,429,471,334,363
7.32,-0.67,7.48,-1.16,0.40,-0.81,483,429,471,334,363
8.51,-0.80,7.81,-1.17,0.23,-1.12,481,428,470,334,364
7.77,-0.37,5.94,-1.32,0.11,-1.05,480,428,470,334,364
8.05,-1.11,7.37,-1.33,0.00,-0.94,479,427,470,334,364
9.73,-1.53,5.92,-1.51,-0.16,-0.69,478,427,469,334,364
11.90,-2.34,6.40,-1.50,-0.59,-0.36,477,426,468,334,365
9.26,-2.54,3.09,-1.58,-0.70,0.16,477,425,468,334,366
11.54,-4.24,1.25,-1.70,-1.17,0.22,476,424,467,334,367
9.22,-5.28,0.07,-1.65,-1.21,0.12,475,424,466,334,367
7.95,-4.02,-3.24,-1.54,-1.14,0.22,475,423,465,334,367
8.62,-3.89,-4.79,-1.53,-1.39,0.36,475,423,465,335,367
6.83,-2.62,-5.15,-1.22,-1.28,0.20,475,422,464,334,367
4.73,-0.60,-6.78,-1.19,-1.33,-0.04,475,422,464,335,367
2.58,0.50,-7.09,-0.80,-1.23,-0.21,475,423,464,335,367
1.28,-0.05,-7.89,-0.59,-0.90,-0.23,475,422,464,335,367
-1.78,1.42,-8.13,-0.54,-0.84,-0.06,475,423,465,335,368
-1.06,1.88,-8.49,-0.27,-0.22,-0.20,475,423,464,335,367
0.09,2.38,-9.43,-0.06,0.04,-0.15,475,423,464,334,367
0.32,1.26,-9.73,0.03,0.04,-0.22,475,423,464,335,367
0.19,1.34,-10.11,0.07,0.06,-0.16,475,423,464,334,367
END
0.42,0.78,-10.11,0.13,0.12,-0.18,493,431,470,334,361
4.41,-4.56,-7.32,0.11,-0.02,0.01,493,431,470,335,362
4.57,-4.64,-7.19,0.10,-0.03,-0.07,493,431,470,334,361
4.40,-4.56,-6.96,0.15,0.01,-0.07,493,431,470,334,361
3.99,-4.20,-6.56,0.17,0.07,-0.06,493,431,470,334,361
3.15,-3.85,-5.67,0.05,0.19,0.04,492,431,470,334,362
3.65,-3.27,-6.39,0.24,0.46,0.26,490,430,470,334,362
4.19,-5.41,-5.45,0.52,0.57,0.33,490,430,470,334,362
3.70,-6.69,-3.99,0.84,0.91,0.02,491,431,470,334,362
5.53,-7.71,-1.43,0.48,0.78,-0.24,491,432,471,334,362
5.58,-6.32,-1.64,0.66,1.09,-0.48,492,433,472,334,362
7.24,-5.92,-0.09,0.47,0.93,-0.62,492,433,472,334,363
7.59,-5.50,0.51,0.52,1.01,-0.63,491,433,473,334,363
7.59,-6.12,1.51,0.56,0.98,-0.68,491,433,473,334,362
8.74,-4.41,5.06,0.38,0.90,-0.71,489,431,472,334,362
7.73,-2.51,5.96,0.09,0.84,-0.89,486,431,472,334,362
9.17,-2.51,6.83,-0.24,0.71,-0.84,484,429,472,334,362
7.78,-1.31,6.10,-0.51,0.83,-0.61,483,429,471,334,362
7.56,-0.53,6.38,-0.66,0.56,-0.92,481,428,471,334,362
9.15,-0.57,7.13,-0.84,0.49,-1.01,480,428,471,334,363
8.10,0.32,7.40,-1.01,0.42,-1.16,478,428,471,334,365
8.18,-0.92,7.74,-1.13,0.38,-1.00,478,427,471,334,365
8.24,-1.27,7.85,-1.24,0.24,-1.06,477,427,470,334,365
9.71,-0.98,7.48,-1.70,-0.08,-0.76,476,427,470,334,367
11.04,-2.66,6.93,-1.85,-0.34,-0.76,475,426,469,335,368
9.66,-2.12,4.85,-1.76,-0.58,-0.34,475,425,468,335,369
12.67,-3.86,3.46,-1.91,-1.23,-0.20,474,424,468,336,372
10.60,-4.18,1.12,-1.60,-1.33,0.30,472,423,468,336,375
8.46,-3.09,-1.63,-1.59,-1.46,0.07,471,423,468,336,377
9.34,-3.40,-2.81,-1.20,-1.32,-0.14,471,423,468,336,376
6.06,-2.74,-4.25,-0.88,-1.14,0.04,471,423,468,335,376
4.87,-1.11,-5.94,-0.82,-1.11,0.12,471,422,468,336,376
5.15,-0.66,-7.26,-0.76,-1.03,0.02,471,422,467,336,376
2.75,0.55,-7.44,-0.54,-0.85,-0.05,471,423,468,335,376
END
2.70,1.08,-8.40,-0.39,-0.67,-0.11,491,431,472,334,365
4.56,-4.92,-6.93,0.04,0.08,-0.05,491,430,472,334,364
4.21,-4.62,-6.38,0.14,0.13,-0.02,491,430,472,334,365
3.57,-4.54,-6.32,0.24,0.27,0.48,491,431,472,334,364
2.41,-5.18,-5.49,0.36,0.62,0.33,491,432,472,334,364
5.82,-6.32,-5.16,0.11,0.39,-0.54,491,431,472,334,363
6.35,-5.72,-4.98,0.39,0.44,-0.29,491,431,472,334,364
4.48,-4.67,-4.43,0.40,0.55,-0.39,491,432,473,334,364
4.55,-4.85,-3.31,0.51,0.67,-0.43,491,432,472,334,363
5.98,-5.52,-1.51,0.61,0.87,-0.41,491,432,473,334,363
4.76,-5.94,0.41,0.62,1.09,-0.36,490,432,473,334,363
9.35,-5.44,2.58,0.49,1.05,-0.41,489,431,473,334,363
8.98,-4.67,2.85,0.46,1.03,-0.30,487,430,472,334,363
7.71,-4.88,3.28,0.27,0.95,-0.35,487,430,472,334,362
8.31,-4.16,5.25,0.15,0.88,-0.62,486,428,471,334,362
8.09,-3.66,5.53,-0.01,0.79,-0.57,484,428,471,334,362
8.97,-4.01,6.22,-0.34,0.61,-0.42,484,427,470,334,362
7.72,-3.45,6.88,-0.57,0.49,-0.78,484,427,470,334,362
8.97,-2.90,7.42,-0.40,0.65,-0.57,483,427,470,334,362
6.79,-1.92,7.00,-0.64,0.41,-0.59,483,426,470,334,362
6.28,-2.10,7.57,-0.88,0.32,-0.99,482,426,470,334,362
6.86,-2.13,7.21,-0.98,0.31,-1.07,481,426,470,334,363
7.25,-2.84,7.59,-1.40,0.23,-1.05,480,425,469,334,363
9.78,-0.16,7.77,-1.72,-0.14,-1.04,479,425,469,334,364
10.74,-1.54,5.76,-1.66,-0.33,-0.65,478,425,469,334,365
9.93,-2.27,5.08,-1.67,-0.50,-0.44,477,424,468,334,365
8.74,-1.33,1.56,-1.59,-1.07,-1.05,477,423,468,334,365
12.16,-0.52,-0.87,-1.49,-1.49,-1.30,477,423,467,334,367
11.23,1.62,-2.67,-1.13,-1.77,0.24,476,422,466,334,367
9.55,0.53,-2.25,-0.85,-1.68,0.12,476,422,466,334,367
7.90,0.45,-4.85,-0.57,-1.71,0.35,476,422,466,334,368
6.25,0.14,-6.30,-0.33,-1.61,0.39,476,422,465,334,369
4.85,-0.55,-6.67,-0.28,-1.59,0.42,477,422,465,334,369
1.32,0.54,-8.05,-0.36,-1.33,0.32,477,422,466,334,370
END
0.14,1.13,-8.12,-0.17,-1.05,0.11,490,429,469,334,363
5.10,-5.51,-5.50,-0.01,0.06,-0.30,491,429,470,334,363
5.59,-5.05,-6.21,-0.08,0.03,-0.31,491,430,470,334,363
5.97,-5.02,-5.89,0.19,0.19,-0.21,492,430,470,334,363
5.39,-5.16,-5.67,0.15,0.19,-0.12,492,431,471,334,362
4.99,-4.54,-4.30,0.29,0.33,-0.12,492,431,471,334,362
3.74,-3.42,-3.88,0.44,0.64,-0.13,492,431,472,333,361
4.31,-4.76,-2.17,0.55,0.91,-0.20,491,431,471,333,360
5.64,-6.12,-0.42,0.58,1.05,-0.26,490,430,471,334,360
6.53,-6.14,1.77,0.51,1.18,-0.46,489,430,471,334,359
9.08,-5.18,4.01,0.22,1.09,-0.30,487,429,470,333,359
8.84,-4.02,3.60,0.05,0.94,-0.56,486,428,470,333,359
7.69,-3.53,3.22,-0.02,0.90,-0.64,485,428,470,334,359
9.66,-2.88,4.66,-0.05,0.84,-0.60,485,428,470,333,359
8.64,-2.79,4.81,-0.22,0.76,-0.51,484,427,470,334,360
9.73,-3.01,6.45,-0.46,0.44,-0.77,483,427,470,334,360
8.82,-2.84,6.09,-0.40,0.64,-0.51,483,427,470,334,361
7.52,-1.03,6.02,-0.56,0.47,-0.71,483,426,470,334,361
7.10,-1.16,7.20,-0.70,0.56,-0.54,482,426,470,334,360
8.07,-1.03,7.36,-0.74,0.40,-0.88,481,426,469,334,360
7.74,-1.52,6.88,-1.01,0.32,-0.89,480,425,469,334,361
8.74,-1.59,7.10,-1.19,0.18,-1.00,479,425,469,334,362
9.96,-1.83,6.42,-1.34,-0.14,-0.99,478,424,468,334,362
11.07,-2.01,4.91,-2.15,-0.61,-0.75,477,422,467,334,365
11.33,-2.79,2.86,-1.89,-0.89,-0.29,475,420,465,334,367
10.82,-3.18,0.71,-1.76,-1.14,-0.12,474,420,464,335,369
11.90,-3.39,-0.63,-1.59,-1.20,-0.36,473,419,464,335,369
9.55,-2.82,-1.84,-1.21,-1.28,0.05,473,419,464,335,369
9.26,-1.89,-3.21,-1.03,-1.34,-0.02,472,419,463,335,370
7.57,-0.95,-4.31,-0.80,-1.46,0.06,472,419,463,335,369
5.36,0.09,-5.09,-0.62,-1.35,0.04,472,419,463,335,369
3.59,0.65,-6.02,-0.50,-1.15,0.00,472,419,463,335,369
1.99,0.75,-7.38,-0.39,-0.94,-0.02,472,419,463,335,370
END
2.43,0.45,-8.44,-0.32,-0.63,-0.20,492,429,469,334,362
6.50,-6.17,-4.33,0.12,0.19,-0.16,492,430,469,334,361
6.22,-5.71,-4.34,0.15,0.26,-0.17,492,430,469,334,362
6.75,-5.99,-3.11,0.14,0.31,-0.19,492,430,469,334,362
6.81,-5.46,-3.43,0.12,0.29,-0.19,492,430,469,334,362
5.76,-4.41,-3.05,0.14,0.37,-0.22,491,430,469,334,362
4.95,-4.31,-2.28,0.28,0.68,-0.22,491,430,469,334,361
6.08,-5.31,-0.34,0.33,0.88,-0.18,491,429,469,334,361
8.57,-6.44,1.47,0.37,0.85,-0.24,490,429,471,334,363
8.26,-4.77,1.34,0.46,0.95,-0.28,490,430,472,334,364
9.45,-4.48,2.21,0.11,0.89,-0.50,490,429,471,334,364
8.10,-3.31,3.37,0.05,0.74,-0.41,489,429,471,334,364
8.06,-2.98,4.59,0.04,0.84,-0.49,488,429,470,334,363
8.49,-4.16,5.34,-0.09,0.69,-0.64,487,428,470,334,363
7.52,-3.38,5.79,-0.29,0.69,-0.66,486,428,469,334,363
9.46,-1.89,6.16,-0.41,0.72,-0.79,485,427,469,334,363
8.51,-1.95,6.65,-0.51,0.60,-0.59,484,426,469,334,363
7.85,-0.04,6.47,-0.72,0.24,-0.90,484,426,469,334,363
6.86,-0.35,6.70,-0.68,0.29,-0.93,484,426,469,334,363
7.40,-0.22,6.76,-0.80,0.26,-0.92,483,426,469,334,363
7.72,-0.62,7.26,-0.79,0.20,-0.85,482,426,468,334,363
8.38,-1.25,6.50,-0.80,0.17,-0.95,482,425,468,334,363
8.29,-1.23,6.60,-0.95,0.10,-0.87,481,425,468,334,364
10.50,-1.34,5.52,-1.19,-0.09,-0.75,481,425,467,335,364
10.29,-1.83,5.76,-1.36,-0.50,-0.57,480,424,467,334,365
8.67,-0.75,5.51,-1.63,-0.85,-0.27,479,423,465,335,366
11.69,-1.10,3.57,-1.70,-1.30,-0.73,477,421,464,336,369
10.67,-0.75,1.51,-1.42,-1.44,-0.22,476,420,464,335,369
9.66,-1.26,-1.26,-1.06,-1.33,-0.05,475,420,463,335,369
9.38,-0.91,-2.42,-0.65,-1.14,-0.19,475,420,463,335,370
8.05,-0.93,-3.00,-0.57,-1.21,0.07,475,420,463,335,370
6.60,-0.10,-4.62,-0.51,-1.08,-0.16,474,420,463,335,370
5.63,-0.39,-4.82,-0.32,-1.03,0.30,474,420,463,335,371
END
5.53,-0.09,-6.35,-0.28,-0.75,0.10,485,424,464,334,366
3.65,-5.67,-7.11,0.08,0.17,-0.07,485,425,464,334,365
4.31,-5.32,-7.12,0.08,0.15,-0.08,486,425,465,335,365
4.37,-4.92,-7.24,0.14,0.13,-0.09,487,425,466,334,366
4.14,-5.79,-6.55,0.15,0.06,0.03,487,426,467,334,367
3.18,-5.33,-6.16,0.23,0.19,-0.08,488,426,468,334,367
1.51,-3.26,-4.92,0.48,0.54,-0.13,489,427,468,334,366
2.35,-3.95,-3.47,0.68,0.75,-0.11,490,428,469,334,365
3.39,-6.62,-2.68,0.90,0.98,-0.03,491,429,470,334,365
6.68,-8.05,0.47,1.02,1.06,-0.36,492,430,470,335,364
8.13,-7.01,1.58,0.74,1.17,-0.35,491,430,471,336,364
6.73,-6.71,2.61,0.37,0.85,-0.39,490,430,470,336,363
7.36,-5.84,4.03,0.26,0.80,-0.60,489,429,470,336,363
6.45,-5.15,4.09,0.33,1.01,-0.61,488,429,470,336,363
7.39,-5.25,5.94,0.10,0.82,-0.74,486,428,470,336,363
7.44,-4.60,6.60,-0.09,0.84,-0.79,485,427,469,336,363
6.43,-2.22,6.68,-0.27,0.71,-0.99,484,427,469,336,363
7.44,-2.51,7.98,-0.37,0.76,-0.94,483,426,468,336,364
6.86,-0.83,7.65,-0.70,0.58,-1.18,482,426,468,336,364
5.99,-0.81,7.62,-0.87,0.66,-1.22,481,425,467,335,364
7.82,-0.85,9.10,-1.06,0.56,-1.50,480,425,467,336,364
7.88,-0.18,8.10,-1.16,0.40,-1.40,479,424,466,336,365
6.75,-0.17,7.71,-1.20,0.34,-1.10,479,424,466,335,365
8.03,-0.58,7.50,-1.30,0.18,-1.23,478,424,466,335,366
8.77,-2.50,6.80,-1.61,-0.19,-1.00,477,423,465,335,366
10.87,-2.29,5.80,-1.68,-0.45,-0.89,476,422,465,335,367
9.74,-1.36,4.18,-1.52,-0.64,-0.38,475,422,465,335,369
10.21,-2.05,2.86,-1.43,-0.98,-0.17,475,421,464,335,370
11.74,-3.47,2.66,-0.90,-1.02,-0.19,474,421,464,335,370
10.09,-2.20,0.47,-0.81,-1.28,-0.12,474,421,464,335,371
9.07,-2.16,-1.18,-0.73,-1.41,-0.15,474,421,464,335,371
8.83,-2.20,-2.05,-0.53,-1.41,0.02,473,420,464,335,371
9.05,-2.46,-4.52,-0.39,-1.38,-0.29,473,420,463,335,371
END
2.58,-2.52,-5.14,-0.38,-1.40,-0.07,486,425,466,334,365
3.76,-6.12,-6.96,0.01,0.04,-0.04,486,425,466,334,365
3.47,-6.22,-6.47,0.05,0.06,-0.04,486,426,466,335,365
3.41,-6.07,-6.86,0.05,0.07,-0.03,486,426,466,334,366
3.91,-6.07,-6.95,0.06,0.07,-0.05,486,426,466,334,365
3.34,-5.83,-6.27,0.08,0.07,-0.07,486,426,466,334,365
2.71,-4.93,-6.47,0.17,0.18,-0.14,487,426,466,334,365
3.36,-4.87,-5.76,0.30,0.29,-0.18,486,426,466,334,365
2.68,-5.45,-4.38,0.57,0.45,-0.17,488,427,466,334,365
3.68,-5.94,-3.90,0.69,0.59,-0.15,489,427,467,334,365
2.25,-5.51,-2.68,0.84,0.95,-0.31,489,428,467,334,364
3.14,-5.76,-0.44,0.66,1.02,-0.08,489,427,468,334,364
6.20,-6.12,3.04,0.87,1.14,-0.38,488,427,467,335,365
6.81,-6.38,4.56,0.80,1.11,-0.67,487,426,467,335,365
7.46,-5.56,5.14,0.69,1.05,-0.67,487,426,467,335,365
6.68,-6.68,7.12,0.38,0.99,-0.66,487,426,467,335,364
8.70,-4.97,6.02,0.17,0.68,-1.29,487,425,465,334,364
9.96,-3.27,8.09,-0.18,0.51,-0.85,485,424,463,334,365
6.65,-2.14,6.33,-0.19,0.73,-0.58,484,424,463,334,366
6.01,-2.29,7.71,-0.33,0.63,-1.06,484,424,462,334,366
7.09,-0.57,8.09,-0.33,0.62,-0.82,483,423,462,334,367
6.20,-0.15,7.69,-0.52,0.61,-1.01,482,423,462,334,365
5.58,0.42,8.00,-0.66,0.44,-1.35,481,423,462,335,367
5.46,0.63,7.66,-0.74,0.38,-1.60,481,423,462,334,368
5.56,0.83,8.28,-1.16,0.27,-1.79,479,423,462,334,368
9.33,0.01,9.26,-1.27,-0.09,-2.12,478,423,461,334,369
9.57,0.34,7.49,-1.45,-0.40,-1.72,478,423,463,334,370
11.91,-0.85,6.02,-1.35,-0.84,-0.90,478,426,466,335,373
10.44,-1.23,7.47,-1.37,-1.24,-0.35,477,426,466,336,373
12.12,-0.90,5.57,-1.39,-1.46,-0.93,476,425,465,336,374
11.72,-0.95,3.19,-0.99,-1.81,0.05,475,424,465,336,376
10.49,0.49,0.37,-0.89,-1.80,-0.28,475,424,464,336,376
9.46,1.44,-0.58,-0.42,-1.69,-0.20,475,424,464,335,376
9.46,0.95,-2.28,0.07,-1.74,-0.45,475,424,464,335,377
END
7.98,-0.57,-3.06,-0.03,-1.75,-0.23,489,428,466,335,365
3.35,-6.30,-6.77,-0.06,0.03,-0.08,489,428,466,335,366
3.14,-6.68,-6.25,0.03,0.01,-0.01,489,428,466,335,365
2.99,-6.54,-6.48,0.04,-0.00,-0.01,488,428,466,335,365
2.37,-6.57,-5.77,0.05,0.05,-0.01,488,428,467,335,366
2.28,-5.61,-6.58,0.10,0.21,-0.13,489,428,467,335,366
2.39,-4.90,-5.61,0.23,0.42,-0.19,488,428,467,335,366
2.70,-4.62,-5.16,0.27,0.35,-0.27,489,428,467,335,366
3.03,-5.95,-3.74,0.56,0.63,-0.22,489,429,467,335,366
4.15,-6.52,-3.07,0.75,0.85,-0.31,489,428,467,335,365
5.75,-6.63,-1.18,0.81,1.01,-0.31,488,428,466,335,365
4.85,-6.94,1.28,1.08,1.06,-0.11,488,428,466,335,364
6.04,-7.42,3.24,1.07,0.95,-0.41,488,428,466,335,364
5.46,-6.73,3.52,0.71,0.98,-0.59,488,428,467,335,364
6.52,-5.92,4.65,0.43,0.80,-0.57,487,429,469,335,363
8.68,-4.29,6.45,0.27,0.67,-0.78,487,429,470,335,365
8.95,-3.35,7.27,0.13,0.46,-0.67,487,429,471,335,367
5.50,-2.98,5.30,0.05,0.65,-0.57,487,430,471,335,367
5.87,-2.87,7.54,-0.18,0.55,-0.96,487,430,471,335,368
7.84,-2.24,8.50,-0.24,0.40,-1.17,486,429,470,334,370
7.26,-2.41,8.43,-0.31,0.50,-0.96,484,428,470,335,370
5.44,-0.30,7.21,-0.49,0.61,-1.09,483,427,469,334,371
6.40,0.30,7.56,-0.46,0.75,-1.07,481,426,469,334,371
5.61,0.41,8.94,-0.72,0.62,-1.25,480,425,468,334,371
5.26,0.34,9.20,-1.01,0.24,-1.85,478,425,467,334,371
6.62,0.26,8.94,-1.24,0.00,-2.05,477,425,467,334,371
5.77,0.62,8.54,-1.41,0.00,-1.81,476,424,466,334,372
8.14,-1.16,8.78,-1.73,-0.32,-1.40,475,423,466,334,373
8.45,-1.03,8.20,-1.34,-0.26,-0.61,474,422,464,335,377
8.16,-1.60,6.69,-1.28,-0.56,-1.01,474,423,464,335,379
10.07,-1.62,4.71,-1.42,-0.84,-0.62,474,422,464,335,380
12.51,-2.11,3.98,-1.23,-1.11,-0.43,473,422,463,335,381
10.70,-1.64,2.88,-1.08,-1.36,-0.25,472,422,463,335,381
11.33,-1.84,0.97,-0.77,-1.51,-0.22,472,421,462,335,381
END
8.90,-1.67,-0.42,-0.68,-1.49,-0.26,490,429,468,335,374
4.06,-6.17,-6.68,-0.01,0.04,-0.04,490,429,468,335,375
3.80,-5.95,-6.88,-0.00,0.03,-0.04,490,429,468,335,375
3.93,-6.03,-6.81,0.08,0.07,0.01,490,429,468,336,375
3.68,-6.20,-6.01,0.08,0.06,0.02,490,429,469,335,375
3.63,-5.96,-6.29,0.05,0.06,-0.02,490,429,468,335,375
3.65,-5.83,-6.30,0.07,0.08,-0.00,491,430,469,335,375
3.56,-5.68,-6.22,0.19,0.16,-0.14,490,430,470,335,377
3.52,-5.58,-6.25,0.27,0.29,-0.12,490,431,470,335,379
3.97,-5.38,-5.84,0.25,0.31,0.01,490,432,469,334,379
1.77,-4.18,-4.40,0.48,0.52,0.16,490,432,469,335,379
2.37,-4.80,-3.10,0.62,0.69,-0.19,490,432,469,334,378
3.04,-6.98,-2.26,0.83,1.00,0.01,489,432,469,334,378
4.80,-8.29,1.47,1.24,1.38,0.06,489,433,468,334,380
6.17,-7.67,3.33,0.83,1.27,-0.26,488,433,467,334,382
6.78,-6.81,2.79,0.39,0.75,-0.64,488,433,467,334,381
6.05,-7.11,3.87,0.25,0.75,-0.54,487,433,466,334,381
6.75,-7.01,4.54,0.24,0.69,-0.80,487,432,466,334,380
6.53,-5.92,4.57,0.17,0.77,-0.74,486,432,466,334,381
7.21,-4.49,6.32,0.13,0.85,-0.53,485,431,466,334,380
6.29,-3.96,6.42,0.03,0.77,-0.96,484,431,466,334,380
5.81,-2.56,6.72,-0.30,0.73,-0.86,483,431,465,334,380
6.03,-2.58,8.20,-0.40,0.71,-1.11,482,430,465,334,380
8.29,-1.29,9.64,-0.63,0.45,-1.53,479,429,464,334,380
5.79,-1.45,7.52,-0.79,0.44,-1.26,478,428,463,334,380
7.37,-0.63,7.62,-1.18,0.30,-1.65,477,427,463,334,380
7.91,-0.87,8.18,-1.31,0.29,-1.45,476,426,462,334,379
6.12,-1.00,6.68,-1.27,0.22,-1.21,475,425,462,334,379
6.98,-0.80,5.79,-1.37,0.25,-1.04,474,425,462,334,378
8.41,-0.93,6.73,-1.47,0.07,-0.82,473,424,461,334,377
9.66,-1.02,6.04,-1.42,-0.05,-0.74,472,423,461,334,377
10.14,-2.77,5.33,-1.24,-0.37,-0.46,471,422,460,334,377
11.12,-3.07,3.63,-1.47,-0.87,-0.40,471,421,460,334,377
9.90,-2.33,1.36,-1.37,-1.09,-0.26,470,420,459,334,378
END
10.83,-2.92,0.89,-1.22,-1.42,-0.13,496,432,464,334,367
4.82,-6.37,-6.19,-0.04,0.01,-0.01,495,432,464,334,367
4.65,-6.31,-6.09,-0.07,-0.08,-0.00,495,432,464,334,367
4.57,-6.05,-6.04,-0.02,-0.06,-0.02,495,431,463,334,367
4.75,-5.85,-6.42,-0.03,-0.07,-0.06,494,431,463,334,367
4.32,-5.84,-6.17,-0.04,-0.14,-0.05,494,431,463,334,367
3.95,-5.51,-6.44,0.07,-0.05,-0.10,494,431,463,334,367
3.17,-5.00,-5.94,0.26,0.16,-0.12,494,431,463,334,367
2.14,-4.31,-4.55,0.37,0.45,-0.08,494,432,463,334,367
3.21,-4.26,-3.37,0.49,0.75,-0.28,494,432,464,334,367
3.84,-4.99,-3.42,0.67,1.00,-0.35,494,432,464,334,366
4.96,-6.07,-0.75,0.77,1.21,-0.33,493,432,464,334,366
6.46,-5.74,1.49,0.56,1.31,-0.50,492,431,464,334,365
8.00,-5.71,4.19,0.74,1.29,-0.61,489,430,463,334,365
7.52,-4.90,4.57,0.58,1.28,-0.81,488,429,463,334,365
9.50,-3.90,6.15,0.15,0.94,-0.83,486,427,462,334,364
9.65,-2.56,6.40,0.08,0.90,-0.56,485,426,462,334,364
8.94,-2.73,7.47,-0.03,0.71,-0.51,485,426,462,334,364
7.18,-2.73,6.60,-0.19,0.52,-0.91,484,426,462,334,364
7.13,-2.04,6.66,-0.38,0.45,-0.95,484,426,462,334,364
7.19,-0.68,6.57,-0.61,0.38,-0.87,483,425,462,334,364
6.35,-0.64,8.31,-0.62,0.29,-0.87,483,425,460,334,364
6.43,-0.11,7.62,-0.64,0.29,-1.09,482,425,460,334,364
5.56,2.14,6.65,-0.74,0.30,-1.16,482,424,459,334,365
6.56,0.50,8.66,-0.69,0.33,-1.05,480,424,459,334,364
6.53,0.94,7.62,-0.86,0.07,-1.33,480,423,458,334,364
6.32,1.00,7.28,-1.18,-0.11,-1.35,478,423,457,334,365
7.39,-0.38,8.03,-1.05,-0.21,-1.02,477,422,457,334,365
7.48,-1.31,8.28,-1.47,-0.57,-1.16,476,421,457,334,365
9.65,-0.53,5.26,-1.56,-0.68,-1.32,475,420,456,334,366
10.55,-1.87,5.43,-1.76,-0.93,-0.73,473,418,455,335,368
11.27,-1.19,2.58,-1.41,-1.07,-0.54,472,417,454,335,369
11.89,-0.79,1.26,-1.19,-1.20,-0.24,471,416,453,335,370
END
12.50,-0.39,0.96,-0.93,-1.18,-0.54,485,425,459,334,365
2.81,-6.26,-6.77,0.04,0.02,-0.01,484,425,459,333,364
2.94,-6.03,-7.17,0.03,0.04,-0.06,485,425,459,334,365
2.84,-6.04,-6.86,0.03,0.02,-0.07,485,425,459,334,365
2.82,-5.93,-7.37,0.12,0.03,-0.08,485,425,459,333,365
2.74,-6.04,-7.20,0.02,-0.02,-0.12,486,425,459,333,365
3.22,-5.33,-5.99,0.21,0.13,-0.23,486,426,459,333,365
1.34,-3.57,-5.69,0.44,0.36,-0.22,487,426,459,333,364
2.35,-3.37,-5.09,0.56,0.48,-0.33,488,427,459,333,364
2.08,-5.41,-3.20,0.76,0.73,-0.54,489,427,460,333,364
3.20,-7.05,-0.83,0.75,1.07,-0.45,489,428,460,333,364
4.54,-6.43,1.44,1.06,1.55,-0.77,489,428,460,334,364
5.86,-5.30,3.98,0.76,1.39,-0.81,486,426,460,333,364
7.03,-4.40,5.55,0.65,1.57,-0.87,485,425,459,333,364
7.43,-2.68,7.67,0.30,1.39,-0.97,483,424,459,333,364
9.07,-3.84,9.47,-0.14,1.12,-0.90,481,423,458,333,364
9.48,-0.85,8.33,-0.28,0.90,-1.28,480,422,458,333,364
7.44,-0.76,7.88,-0.51,0.75,-1.07,479,422,458,333,364
8.88,-0.71,8.20,-0.69,0.58,-1.27,478,422,458,333,364
6.07,0.96,7.14,-0.88,0.43,-1.43,477,421,457,333,365
4.85,0.19,7.93,-0.99,0.55,-1.25,476,421,457,333,365
8.24,0.37,9.32,-1.02,0.31,-1.55,474,420,457,333,365
8.06,0.60,9.21,-1.51,-0.05,-1.52,473,419,456,333,366
9.71,0.35,8.01,-1.49,-0.25,-1.33,472,419,456,333,366
9.01,-1.21,7.23,-1.33,-0.41,-0.75,471,418,455,333,367
8.79,-1.83,5.30,-1.22,-0.62,-0.35,470,417,455,333,368
11.28,-4.23,5.60,-1.63,-1.11,-0.33,469,416,454,333,368
10.32,-3.93,3.07,-1.54,-1.19,-0.35,468,416,453,333,369
9.97,-3.00,-0.55,-1.26,-1.49,0.00,468,415,452,334,370
9.99,-2.20,-0.29,-1.51,-1.90,0.15,468,415,453,334,371
8.13,-1.09,-1.31,-1.05,-1.68,-0.28,468,415,452,334,371
5.28,0.18,-4.29,-0.80,-1.73,-0.25,467,415,452,334,372
5.07,-0.65,-6.21,-0.80,-1.74,-0.31,467,414,451,334,372
1.11,-0.10,-6.48,-0.14,-0.99,-0.26,468,415,452,334,372
END
1.54,-0.40,-7.01,0.31,-0.40,-0.04,486,424,460,334,365
3.16,-4.39,-6.22,0.62,0.15,0.64,486,424,460,334,365
-0.24,-6.16,-5.55,0.86,0.26,0.73,486,424,460,334,365
1.79,-7.82,-4.08,0.61,0.10,0.23,485,424,460,334,365
1.18,-8.20,-2.71,0.74,0.22,-0.18,485,424,460,334,365
-0.71,-7.36,-2.32,0.86,0.64,-0.45,485,424,460,334,365
-1.05,-8.61,-0.39,0.97,0.98,-0.44,485,425,460,334,365
0.72,-7.77,2.25,1.08,1.18,-0.58,485,425,461,334,365
5.55,-7.10,4.59,0.88,1.12,-1.08,484,425,462,334,366
8.05,-7.51,5.79,0.67,1.10,-1.03,480,424,462,334,367
9.10,-7.13,5.82,0.46,1.24,-1.34,479,423,461,333,367
3.57,-4.44,8.03,0.12,1.20,-1.29,478,422,461,334,366
6.76,-4.70,9.55,-0.36,0.87,-1.23,476,421,461,333,367
6.18,-2.40,8.61,-0.83,0.91,-1.70,474,420,460,334,366
5.88,0.95,9.81,-1.01,0.81,-2.34,472,419,458,334,366
9.66,1.50,9.97,-1.10,0.45,-2.51,469,418,457,334,366
7.92,1.02,6.89,-1.48,0.15,-2.19,468,417,455,334,366
7.21,2.05,7.19,-1.69,-0.25,-1.84,466,416,454,334,366
9.35,1.79,6.64,-1.85,-0.42,-1.35,465,415,454,334,367
9.99,1.25,5.75,-1.71,-0.84,-1.06,465,414,453,335,367
11.65,-0.22,4.85,-1.42,-1.08,-0.63,464,413,452,335,368
11.03,0.50,3.25,-1.28,-1.33,-0.19,464,413,451,335,368
11.74,0.47,1.66,-1.07,-1.53,-0.15,464,413,451,335,369
10.36,1.05,-0.45,-0.77,-1.68,-0.03,464,413,451,335,369
9.22,0.08,-2.44,-0.51,-1.44,-0.70,464,413,451,335,369
9.71,0.57,-3.48,-0.33,-1.49,-0.46,464,413,450,335,369
7.45,1.21,-4.54,-0.04,-1.35,-0.32,464,412,450,335,369
5.72,0.84,-5.71,0.06,-1.34,0.06,464,413,450,334,369
5.32,0.42,-5.78,0.18,-1.25,0.06,465,413,451,334,369
1.58,1.00,-8.01,0.20,-0.86,-0.23,466,414,451,334,369
0.42,0.49,-8.41,0.53,-0.97,0.17,469,416,452,334,369
3.48,-0.08,-8.42,0.36,-0.39,-0.62,473,417,452,334,368
-0.45,0.74,-8.36,0.66,-0.15,-0.18,474,418,453,334,368
0.67,0.18,-9.04,-0.06,-0.25,-0.07,474,418,453,334,367
END
-0.59,-1.38,-8.21,0.23,0.27,-0.12,483,423,459,334,364
3.77,-7.12,-6.01,0.27,0.40,-0.14,483,422,459,334,363
3.85,-6.73,-6.09,0.35,0.47,-0.19,483,422,459,334,363
4.47,-7.01,-5.02,0.30,0.41,-0.12,483,422,458,335,363
3.38,-5.74,-3.41,0.39,0.48,-0.13,482,422,458,334,363
0.58,-3.62,-2.91,0.59,0.86,-0.18,482,423,458,334,363
1.24,-4.35,-1.30,0.86,1.21,-0.19,483,422,459,334,363
5.75,-7.17,2.89,0.92,1.09,-0.90,484,423,459,334,363
7.59,-7.23,3.97,0.62,1.25,-0.38,484,422,461,334,364
7.34,-6.65,3.71,0.24,1.35,-0.83,483,423,461,334,364
10.21,-6.12,5.15,0.06,1.16,-0.96,481,421,460,334,364
8.18,-3.63,5.18,-0.11,1.07,-0.76,480,421,460,334,364
8.69,-3.18,5.99,-0.18,0.90,-0.91,478,420,459,335,364
7.76,-1.92,7.01,-0.30,0.92,-1.13,476,419,458,334,363
7.34,-1.98,7.93,-0.35,0.67,-0.94,474,418,457,334,364
7.21,-0.98,7.29,-0.89,0.34,-1.29,473,418,456,334,363
8.43,-0.12,7.43,-0.87,0.27,-1.44,472,417,456,334,364
6.35,-0.64,6.84,-1.03,0.15,-1.07,471,417,455,334,364
6.82,-1.33,7.54,-1.18,0.06,-1.32,470,416,455,334,365
7.44,-0.08,5.85,-1.49,-0.07,-1.29,469,416,454,334,365
8.91,-0.61,5.24,-1.67,-0.32,-1.06,468,415,453,334,366
8.89,-0.48,5.18,-1.68,-0.40,-0.72,467,414,452,334,366
10.50,-0.50,3.50,-1.42,-0.72,-0.32,466,413,452,334,367
11.78,-0.84,2.68,-1.30,-0.90,-0.35,466,414,451,335,367
10.95,-1.77,1.49,-1.03,-1.08,0.11,465,412,451,336,368
11.54,-1.53,0.10,-0.81,-1.43,0.17,465,412,450,336,368
12.48,-1.67,-1.60,-0.80,-1.42,-0.28,465,412,450,336,368
9.10,-1.43,-1.87,-0.55,-1.56,-0.12,465,412,450,336,368
6.78,-0.17,-4.89,-0.42,-1.61,0.06,465,412,450,336,369
4.06,-0.43,-5.48,-0.44,-1.48,-0.01,466,412,450,336,369
4.01,0.09,-6.98,-0.21,-1.02,-0.21,466,413,450,336,370
2.81,-0.07,-7.84,-0.18,-0.99,-0.12,466,413,450,336,371
1.79,0.40,-8.38,-0.16,-0.79,-0.41,467,413,450,336,372
END
3.12,-1.33,-6.10,-0.25,-1.71,-0.23,504,433,465,335,360
6.48,-5.80,-4.08,0.05,0.04,-0.06,503,433,465,335,360
6.23,-5.69,-4.05,-0.03,0.03,-0.02,503,433,465,335,360
6.75,-5.36,-3.83,0.07,0.10,-0.08,503,433,464,335,360
6.36,-5.33,-3.88,0.08,0.16,-0.10,503,433,465,335,360
6.12,-5.46,-3.75,0.10,0.23,-0.13,502,433,465,335,360
5.74,-4.89,-3.09,0.16,0.40,-0.17,502,433,465,335,360
5.71,-4.61,-2.09,0.22,0.75,-0.19,501,433,464,335,360
4.98,-4.49,-0.62,0.24,1.03,-0.18,500,432,464,335,360
5.94,-3.69,0.48,0.18,1.04,-0.47,498,432,464,335,360
8.82,-4.04,2.51,0.06,1.11,-0.57,496,430,464,335,361
9.75,-3.45,4.32,0.01,0.93,-0.99,493,429,464,334,362
10.12,-3.88,5.82,-0.07,0.78,-0.51,490,427,463,334,363
7.74,-3.26,5.50,-0.53,0.92,-0.56,488,427,462,334,362
7.92,-1.29,5.33,-0.46,0.82,-0.88,486,426,462,334,361
5.97,-0.72,6.73,-0.64,0.76,-0.67,484,425,461,334,362
8.11,-0.13,6.92,-0.77,0.66,-1.11,483,424,460,334,362
7.17,0.78,6.82,-0.93,0.54,-1.26,481,424,460,334,362
7.14,1.10,8.83,-0.99,0.53,-1.28,480,423,459,334,362
8.08,1.15,8.37,-1.07,0.24,-1.53,478,422,458,334,362
7.83,1.46,7.90,-1.57,0.07,-1.30,477,421,458,334,363
9.16,-0.62,10.29,-1.32,-0.17,-1.42,475,420,456,335,363
8.80,1.08,6.85,-1.64,-0.32,-0.86,474,419,455,335,363
10.67,1.53,6.10,-1.48,-0.69,-0.60,473,417,453,335,363
11.48,0.37,5.10,-1.86,-1.17,-0.40,472,416,452,336,364
13.98,-0.49,2.70,-2.00,-1.85,-0.24,471,414,450,336,367
11.23,-1.77,0.97,-1.13,-1.72,-0.18,470,414,449,336,367
7.50,-1.77,-1.08,-0.63,-1.49,-0.04,471,413,449,336,367
7.70,-1.81,-2.96,-0.63,-1.63,0.04,471,414,449,337,367
6.41,-1.34,-4.88,-0.52,-1.21,-0.04,471,414,449,336,367
5.94,-1.20,-5.90,-0.21,-0.87,0.12,471,414,450,336,367
5.48,-0.80,-7.61,-0.35,-0.91,-0.02,471,414,450,336,367
4.36,-0.17,-7.57,-0.33,-0.89,-0.03,471,414,450,336,368
END
0.90,0.50,-8.28,-0.12,-0.57,-0.21,499,429,463,335,361
5.81,-5.04,-6.13,0.00,0.02,-0.04,499,429,463,335,361
5.61,-4.90,-5.86,0.05,0.05,-0.05,499,429,463,335,360
5.56,-4.78,-5.94,0.08,0.12,-0.08,499,429,463,335,361
5.35,-4.52,-5.50,0.15,0.25,-0.10,498,429,463,335,361
4.52,-4.06,-4.73,0.31,0.52,-0.10,498,429,463,335,361
3.30,-3.85,-3.09,0.55,0.92,-0.19,498,429,463,335,361
3.73,-3.76,-1.23,0.54,1.20,-0.22,496,428,462,335,361
3.70,-4.89,2.42,0.62,1.37,-0.54,494,428,462,334,361
8.28,-3.68,4.98,0.31,1.46,-0.88,491,426,461,334,361
8.99,-3.25,7.37,0.07,1.27,-0.95,488,425,460,335,361
8.69,-0.67,6.40,-0.10,1.21,-1.47,484,424,460,336,365
10.83,0.36,7.86,-0.38,0.91,-1.01,480,423,460,336,368
10.95,0.22,8.48,-0.73,0.81,-1.00,479,422,459,336,368
7.46,2.79,7.42,-0.96,0.38,-1.08,478,421,458,336,367
5.24,1.54,7.44,-1.18,0.34,-1.42,477,421,458,336,367
8.20,2.34,8.92,-1.40,0.05,-1.82,475,419,457,336,367
10.24,3.20,10.06,-2.05,-0.36,-1.52,473,418,456,336,369
8.41,2.02,7.52,-2.03,-0.54,-1.21,472,418,455,336,372
9.15,1.79,4.74,-2.48,-0.92,-0.68,472,417,455,336,377
15.68,-1.20,3.42,-2.49,-1.29,-0.37,470,416,454,336,381
13.30,-1.24,1.02,-1.65,-1.29,0.33,469,415,454,336,381
10.15,-2.41,0.70,-1.36,-1.41,0.39,469,414,454,336,381
10.26,-1.93,-0.90,-1.33,-1.68,0.06,469,414,454,337,381
7.44,-1.79,-3.12,-0.94,-1.48,0.09,469,414,454,336,381
5.30,-0.78,-5.27,-0.79,-1.33,0.14,469,414,453,336,381
5.37,-1.57,-5.78,-0.54,-1.19,0.08,469,414,453,336,382
3.35,-0.97,-7.26,-0.06,-0.62,-0.24,470,415,454,336,383
1.31,0.25,-9.00,-0.30,-0.67,-0.49,470,416,454,336,383
-1.44,0.93,-7.71,-0.07,-0.55,0.06,470,416,454,336,383
4.54,0.44,-8.34,-0.02,-0.17,-0.32,470,416,454,336,383
0.22,0.02,-8.79,0.26,-0.04,-0.39,470,416,454,337,381
3.96,-1.49,-9.50,0.11,0.19,-0.24,470,416,454,336,381
END
3.48,-1.56,-9.32,0.15,0.09,-0.22,499,429,465,334,367
6.28,-4.84,-3.84,0.12,0.20,-0.16,499,430,467,334,370
6.12,-4.60,-4.21,0.11,0.28,-0.20,500,430,467,335,370
5.90,-4.29,-3.99,0.12,0.39,-0.18,500,430,466,334,370
7.02,-4.16,-3.18,0.15,0.40,-0.27,499,430,466,334,369
8.37,-4.22,-2.71,0.18,0.45,-0.36,498,430,466,334,369
6.55,-3.69,-2.15,0.26,0.68,-0.16,497,430,465,334,368
6.19,-3.78,-0.23,0.24,0.82,-0.35,496,429,465,334,367
6.69,-4.34,1.48,0.21,1.13,-0.39,494,428,465,334,367
5.43,-3.40,3.80,0.02,1.20,-0.35,492,428,465,334,367
6.54,-2.43,5.69,-0.14,1.33,-0.70,490,426,464,334,366
5.41,0.31,7.24,-0.27,1.38,-0.70,488,425,464,334,366
7.15,0.93,9.13,-0.25,1.45,-0.91,486,424,463,334,367
11.72,2.20,11.18,-0.61,0.90,-1.03,483,422,461,334,368
11.36,0.47,9.73,-0.80,0.24,-1.57,481,421,461,334,368
9.03,2.62,7.90,-1.30,-0.22,-1.75,480,421,460,334,368
7.00,1.94,8.07,-1.61,-0.23,-1.24,479,420,459,334,368
6.38,0.14,8.26,-1.86,-0.30,-1.67,478,420,459,334,368
6.50,1.72,7.32,-2.22,-0.46,-1.75,477,419,458,335,369
10.85,2.76,5.99,-2.23,-0.77,-1.19,476,418,458,335,371
12.89,2.27,5.51,-1.59,-1.00,-0.63,476,418,457,335,372
12.36,2.35,2.44,-1.39,-1.37,0.09,475,417,457,335,374
13.19,0.48,0.73,-1.29,-1.69,0.34,475,417,456,335,375
8.94,0.64,-2.04,-1.00,-1.71,0.30,475,417,455,335,375
9.20,-1.11,-1.31,-0.89,-1.84,0.39,474,416,455,335,375
5.07,-1.84,-3.71,-0.09,-1.22,0.15,474,416,454,335,375
3.67,-2.25,-5.05,-0.18,-1.03,0.29,474,416,454,335,375
4.30,-1.82,-6.09,-0.40,-0.97,0.26,474,416,454,335,376
2.98,-0.81,-7.17,-0.35,-0.75,0.02,474,416,454,335,377
3.75,-1.21,-8.32,-0.14,-0.62,-0.30,474,416,454,335,377
0.98,-1.05,-7.79,0.06,-0.40,-0.04,475,416,454,335,376
2.55,-0.98,-8.95,0.02,-0.15,-0.03,475,416,454,335,376
5.11,-2.03,-9.15,0.09,-0.05,-0.28,475,416,454,335,375
END
1.47,-2.28,-9.15,0.28,0.03,-0.17,491,425,460,334,364
5.27,-4.51,-5.58,0.17,0.07,-0.03,492,425,461,334,364
5.22,-4.74,-5.29,0.01,0.19,0.15,491,425,460,334,364
4.62,-4.31,-5.34,0.05,0.30,0.41,490,425,461,334,364
4.21,-5.58,-4.34,0.25,0.54,-0.04,490,424,460,334,364
4.91,-5.05,-3.24,0.36,0.74,-0.13,489,424,460,334,364
2.93,-3.96,-1.95,0.48,1.07,-0.04,489,424,460,333,364
4.23,-4.01,-0.02,0.57,1.32,-0.22,489,424,460,333,364
6.76,-4.57,3.59,0.47,1.50,-0.42,487,423,460,333,364
8.87,-6.04,6.40,0.46,1.41,-0.67,485,422,459,333,364
8.01,-5.92,8.47,0.13,1.17,-0.52,484,421,459,334,364
9.72,-2.56,3.97,-0.31,0.89,-1.16,484,420,457,333,365
8.77,-1.04,5.94,-0.50,1.06,-0.47,484,420,457,333,364
9.04,-2.66,6.50,-0.37,0.92,-0.73,483,420,456,333,363
7.85,-1.13,7.16,-0.69,0.68,-0.84,482,420,456,333,363
7.77,-2.16,8.44,-0.94,0.60,-0.73,481,419,456,333,363
6.32,-1.33,9.08,-1.12,0.55,-1.32,481,419,456,333,364
5.60,-1.21,7.67,-1.28,0.69,-1.15,480,419,455,333,364
7.47,-1.83,8.65,-1.29,0.75,-1.11,479,418,455,333,365
7.21,-2.61,8.43,-1.68,0.55,-1.06,477,417,454,333,366
9.93,-3.11,8.04,-1.87,0.25,-0.93,476,416,454,334,368
12.43,-3.47,6.20,-2.41,-0.42,-0.50,473,415,453,335,372
10.48,-5.18,3.99,-2.40,-0.99,-0.06,471,413,452,335,374
10.52,-4.21,-0.49,-2.13,-1.06,-0.35,469,412,450,336,376
9.78,-3.65,-2.46,-1.46,-1.22,-0.20,469,411,449,335,378
8.87,-4.49,-3.09,-1.10,-1.61,-0.06,468,411,448,336,377
4.72,-3.27,-4.36,-0.83,-1.42,-0.22,468,411,448,336,377
3.07,-1.62,-5.94,-0.63,-1.10,-0.35,468,411,448,336,378
-0.38,0.06,-7.37,-0.43,-0.96,-0.30,469,412,448,336,379
2.79,-1.10,-7.52,-0.09,-0.55,-0.46,469,412,449,336,380
-0.58,-0.38,-8.41,0.16,-0.22,-0.23,469,413,449,336,379
0.59,-1.44,-9.24,0.10,0.13,-0.15,469,412,449,336,378
3.62,-1.86,-9.83,0.05,0.22,-0.25,469,412,449,336,377
END
2.60,-1.87,-9.62,0.13,0.07,-0.15,488,422,458,334,362
2.73,-7.33,-5.16,0.08,0.07,-0.12,489,422,458,335,362
2.74,-7.19,-5.10,0.10,0.15,-0.17,490,423,458,335,362
3.12,-6.59,-5.15,0.20,0.18,-0.22,491,424,459,335,363
2.19,-5.64,-5.13,0.52,0.29,-0.42,493,426,460,334,363
2.28,-5.62,-3.32,0.52,0.46,-0.66,494,427,461,334,364
2.35,-4.82,-1.41,0.64,0.79,-0.67,493,427,461,334,364
2.09,-5.72,0.30,0.98,1.25,-0.55,492,427,462,334,363
4.41,-4.80,4.80,0.67,1.36,-1.17,489,426,461,334,363
7.23,-3.73,8.43,0.44,1.39,-1.18,485,424,460,334,363
8.97,-2.92,8.90,0.09,1.38,-1.18,483,423,459,333,364
11.08,-2.38,9.40,-0.34,0.92,-1.04,481,422,459,334,365
8.24,-1.17,7.87,-0.66,0.87,-1.15,480,421,458,334,365
8.63,-1.97,8.66,-0.87,0.83,-1.27,478,421,458,334,366
8.42,-0.22,8.79,-1.04,0.68,-1.29,477,420,457,334,366
8.15,1.82,8.92,-1.39,0.36,-1.58,475,419,457,333,366
7.08,0.57,7.44,-1.29,0.38,-1.09,475,419,456,333,367
8.46,-0.34,7.59,-1.54,0.07,-1.09,474,418,456,334,368
11.64,-2.37,9.10,-1.82,-0.22,-1.03,472,417,455,335,369
9.69,-2.62,5.15,-2.07,-0.52,-0.53,472,416,454,336,370
11.41,-3.29,3.60,-1.96,-0.85,-0.21,472,416,453,336,371
10.24,-2.35,0.50,-1.73,-1.14,0.24,471,415,453,336,372
9.91,-3.17,0.34,-1.80,-1.57,0.43,470,414,452,336,374
7.16,-3.33,-1.16,-1.41,-1.37,-0.05,470,414,451,336,373
4.77,-2.28,-3.69,-0.99,-1.11,-0.15,470,414,451,336,373
3.18,-2.02,-6.55,-0.79,-1.10,-0.10,470,414,451,336,372
3.98,-1.53,-8.16,-0.46,-0.72,-0.60,470,414,451,336,372
3.47,-1.93,-7.23,-0.09,-0.64,-0.23,471,414,451,335,372
3.45,0.00,-8.61,-0.18,-0.58,-0.11,470,414,451,336,372
-0.61,-1.03,-7.54,0.17,-0.22,-0.18,471,414,451,336,371
2.18,-1.07,-8.32,0.26,0.13,-0.12,471,415,451,335,371
4.92,-2.50,-9.25,0.04,0.11,-0.10,471,414,451,335,371
3.17,-1.84,-9.23,0.13,0.07,-0.16,471,414,451,335,371
END
3.64,-2.22,-9.30,0.10,0.05,-0.08,495,428,460,334,358
3.19,-6.30,-3.07,0.14,0.27,-0.32,495,428,460,334,358
3.22,-5.74,-2.76,0.20,0.47,-0.48,495,428,460,334,358
4.20,-5.40,-1.11,0.24,0.63,-0.50,495,428,460,334,358
4.49,-5.39,-0.32,0.35,0.87,-0.54,493,428,460,334,358
5.97,-6.02,1.44,0.62,1.21,-0.47,492,427,459,334,359
7.59,-5.80,3.68,0.56,1.21,-0.39,490,426,459,334,359
5.06,-4.77,4.61,0.41,1.36,-0.79,488,425,459,334,358
6.86,-2.66,6.63,-0.15,1.05,-1.26,486,424,459,334,359
7.89,-1.23,6.93,-0.28,0.88,-1.29,484,423,458,334,360
6.32,-1.27,7.98,-0.19,1.11,-1.01,484,422,458,334,360
8.31,0.17,10.52,-0.74,0.62,-1.81,481,421,457,334,361
8.03,1.05,11.66,-1.22,0.37,-1.38,478,419,456,334,363
11.39,0.16,11.66,-1.39,0.21,-1.42,477,419,455,334,365
11.23,-0.11,8.48,-1.97,-0.09,-1.04,475,418,454,334,366
10.08,-1.76,8.71,-2.47,-0.40,-0.89,474,417,454,334,367
8.56,-1.02,5.48,-2.51,-0.41,-0.27,473,416,453,334,368
12.19,-1.25,1.86,-2.51,-1.05,0.50,471,415,451,335,372
10.66,-3.25,0.08,-2.07,-1.00,0.42,470,414,451,336,372
5.69,-1.84,-2.10,-1.66,-1.39,0.04,470,413,452,336,372
7.35,-3.17,-2.06,-1.20,-1.17,0.06,469,413,451,336,372
3.58,-1.41,-5.24,-0.73,-0.90,-0.04,469,413,451,336,372
3.93,-1.78,-6.86,-0.60,-0.91,0.03,469,414,451,336,373
4.13,-2.16,-7.54,-0.35,-0.53,-0.08,469,413,451,335,374
2.50,-1.49,-8.36,-0.26,-0.52,-0.06,469,413,451,335,374
2.49,-0.59,-8.66,-0.17,-0.32,-0.23,469,413,451,335,374
3.09,-1.13,-8.73,-0.01,-0.13,-0.30,469,414,451,335,373
2.07,-1.72,-8.79,0.12,-0.06,-0.18,469,414,451,335,373
3.07,-2.99,-8.91,0.11,0.01,-0.14,469,414,451,335,373
4.46,-2.50,-9.32,0.08,0.09,-0.10,469,414,451,335,372
2.60,-1.57,-9.35,0.04,0.00,-0.11,469,414,451,335,372
3.45,-1.70,-8.97,0.10,0.04,-0.07,469,414,452,335,372
3.67,-1.90,-9.30,0.12,0.03,-0.20,470,414,452,335,372
END
3.10,-1.66,-9.11,0.16,0.04,-0.25,488,425,461,334,366
5.08,-6.07,0.52,0.65,1.04,-0.48,487,425,461,334,366
6.55,-6.25,2.25,0.65,1.10,-0.28,485,424,461,334,366
6.73,-5.52,2.84,0.40,1.04,-0.50,485,424,461,334,366
7.80,-4.82,4.82,0.25,0.98,-0.54,483,423,461,334,367
7.06,-4.79,4.57,0.29,1.00,-0.59,482,423,461,334,367
5.89,-4.29,6.99,-0.07,0.81,-0.92,482,423,461,334,367
7.74,-3.37,8.65,-0.16,0.90,-0.77,480,422,461,334,367
6.06,-0.98,8.76,-0.41,0.90,-0.93,479,421,460,334,367
7.14,-0.52,9.09,-0.65,0.82,-1.21,478,421,460,334,368
6.32,0.14,9.81,-0.88,0.85,-1.26,477,420,459,333,368
7.88,-0.55,9.53,-0.96,0.77,-1.50,475,419,458,333,370
8.29,0.10,9.02,-1.40,0.53,-1.56,474,419,458,333,371
7.04,-0.52,8.37,-1.40,0.55,-1.31,473,418,457,333,371
8.08,-0.31,8.71,-1.40,0.28,-1.36,472,418,457,334,373
7.47,-2.00,6.56,-1.55,0.07,-0.95,471,417,456,333,374
8.80,-2.76,6.27,-1.54,-0.14,-0.79,470,416,455,333,375
10.53,-2.58,5.25,-1.27,-0.46,-0.56,469,416,455,333,376
12.07,-3.40,4.53,-1.27,-0.92,-0.34,468,415,454,334,378
11.73,-3.65,1.67,-1.35,-1.41,-0.38,467,414,453,334,379
10.50,-4.89,0.73,-1.42,-1.77,0.05,467,413,452,334,380
7.59,-4.11,-1.84,-0.84,-1.30,-0.40,466,413,451,334,380
5.69,-3.46,-3.75,-0.66,-1.30,-0.10,466,413,451,334,381
6.60,-2.68,-5.13,-0.66,-1.24,-0.19,466,413,451,334,382
4.47,-1.28,-6.27,-0.40,-0.99,-0.19,466,412,451,334,383
2.86,-1.11,-7.28,-0.32,-0.90,-0.33,466,413,451,334,382
2.48,0.35,-8.03,-0.17,-0.64,-0.49,466,413,451,334,382
2.52,-0.30,-8.46,0.04,-0.41,-0.59,466,413,451,334,381
0.58,-0.70,-8.94,0.19,-0.09,-0.25,467,413,451,334,379
3.78,-2.00,-8.99,0.24,-0.03,-0.27,467,413,451,334,379
3.03,-2.18,-9.11,0.12,0.04,-0.17,467,413,451,334,378
2.99,-1.54,-9.28,0.06,0.03,-0.08,467,413,451,334,378
4.05,-1.59,-9.03,0.14,0.08,-0.12,467,413,451,334,378
END
3.84,-1.55,-9.04,0.13,0.09,-0.11,489,423,458,334,365
5.33,-4.84,-6.08,0.07,0.01,-0.08,489,423,458,334,365
5.66,-4.92,-5.51,0.06,0.05,-0.09,489,423,458,334,365
5.54,-4.69,-5.60,0.10,0.15,-0.08,489,423,458,334,365
5.81,-4.34,-5.69,0.14,0.26,-0.13,490,424,458,334,365
4.44,-3.98,-4.77,0.31,0.55,-0.09,490,424,458,334,365
3.02,-3.38,-2.61,0.39,0.96,-0.11,490,424,458,334,364
4.13,-3.85,-1.13,0.52,1.32,-0.23,488,424,458,334,364
5.33,-4.11,1.53,0.47,1.43,-0.39,486,423,457,334,364
11.66,-3.57,4.46,0.50,1.43,-0.77,482,421,457,334,365
8.62,-3.47,6.17,0.60,1.44,-0.99,481,421,456,334,364
9.80,-1.34,6.52,0.02,1.12,-0.98,478,420,456,333,364
8.70,-0.53,7.44,-0.26,0.93,-1.18,477,419,456,333,364
7.53,0.88,7.85,-0.57,0.66,-1.24,475,418,455,333,365
9.61,1.09,8.81,-0.82,0.59,-1.16,474,417,455,333,365
9.26,1.71,8.92,-1.19,0.22,-1.04,472,417,454,333,365
7.68,1.92,8.85,-1.29,0.32,-0.68,472,416,453,333,366
7.82,0.92,7.31,-1.39,0.28,-0.92,471,416,453,333,366
7.64,0.06,7.92,-1.58,0.10,-0.90,470,415,452,333,366
7.65,-0.62,8.56,-1.81,-0.08,-1.07,468,414,451,334,367
9.75,-1.98,6.58,-2.11,-0.59,-0.84,467,413,450,334,369
10.19,-2.83,5.62,-2.37,-1.03,-0.22,466,412,449,335,371
11.16,-4.44,2.73,-2.50,-1.49,-0.01,465,411,449,336,373
11.22,-2.92,-1.24,-1.82,-1.34,-0.03,465,411,447,336,374
8.48,-1.90,-4.08,-1.30,-1.49,0.14,465,411,447,336,375
7.73,-1.97,-4.95,-0.99,-1.46,0.06,465,411,447,336,375
4.73,-2.19,-5.32,-0.79,-1.34,-0.15,465,411,447,336,374
2.65,-1.28,-6.88,-0.58,-1.12,-0.13,466,411,447,336,374
0.32,-0.24,-7.79,-0.42,-0.79,-0.24,466,411,447,336,374
-0.12,0.96,-8.08,-0.15,-0.63,-0.16,466,411,447,336,373
1.18,-0.74,-8.64,0.02,-0.18,-0.20,466,412,447,336,373
1.47,-1.31,-8.94,-0.05,-0.03,-0.21,466,412,447,336,373
1.29,-0.44,-9.50,-0.07,0.04,-0.22,467,412,447,336,373
END
1.11,-0.27,-9.86,-0.03,0.02,-0.09,495,427,460,333,360
7.45,-3.13,-5.79,0.01,0.02,-0.03,494,427,460,333,360
7.53,-2.99,-5.38,0.03,0.03,-0.08,494,427,460,333,360
6.95,-2.87,-5.38,0.06,0.05,-0.06,494,427,460,333,360
7.31,-2.93,-5.16,0.08,0.12,-0.11,494,427,460,333,360
7.36,-3.15,-4.96,0.08,0.17,-0.10,493,426,460,333,360
6.25,-3.02,-4.38,0.12,0.36,-0.18,493,427,460,333,360
4.62,-3.04,-2.66,0.07,0.71,-0.22,491,426,460,333,360
3.12,-2.61,-0.37,-0.18,1.18,-0.38,489,425,459,333,360
6.53,-0.86,1.69,-0.45,1.39,-0.69,485,423,458,333,360
10.07,1.07,5.05,-0.73,1.43,-0.85,479,420,455,333,362
10.70,1.58,6.43,-0.54,1.61,-0.47,475,418,454,334,364
11.71,1.55,5.63,-0.84,1.00,-1.08,473,417,454,334,365
7.19,2.89,6.20,-1.46,0.62,-0.72,471,416,453,333,365
8.51,4.33,7.38,-1.32,0.57,-1.00,470,415,452,333,365
7.91,4.60,7.97,-1.69,0.49,-1.09,469,415,451,333,365
10.84,3.68,8.66,-1.90,-0.15,-1.25,467,413,450,334,367
13.28,3.23,8.94,-1.94,-0.23,-0.72,465,412,448,334,370
8.69,1.56,5.46,-2.21,-0.71,-0.49,465,412,448,334,369
11.82,-1.06,3.84,-2.00,-0.87,-0.76,465,411,447,335,371
11.08,-1.10,1.09,-2.03,-1.10,-0.07,464,411,447,336,373
10.53,-2.07,0.47,-1.60,-1.08,0.07,463,410,446,336,377
11.22,-1.97,-0.47,-1.61,-1.69,0.12,462,409,445,337,379
9.44,-1.74,-1.83,-1.13,-1.55,-0.03,462,409,445,337,379
6.55,-0.82,-3.98,-0.74,-1.29,-0.05,462,409,445,337,378
4.97,-0.57,-5.91,-0.66,-1.18,0.03,462,409,445,337,378
4.67,-0.73,-6.98,-0.21,-0.18,-0.79,462,409,445,337,379
-2.66,3.28,-7.89,-0.07,-1.44,0.79,463,410,446,336,380
4.40,-0.24,-6.75,-0.78,-0.61,-0.13,462,410,446,336,381
1.74,1.49,-7.00,-0.03,-0.09,-0.13,463,410,446,336,379
3.92,0.97,-9.30,0.10,-0.15,0.08,463,410,446,336,379
3.91,-0.73,-9.55,0.09,0.16,-0.45,463,410,446,336,379
3.11,-0.53,-9.31,0.14,0.07,-0.11,463,410,446,336,379
END
3.96,0.04,-9.04,0.10,0.02,-0.07,494,427,460,333,362
5.28,-2.94,-2.58,0.10,0.77,-0.06,493,428,460,334,364
7.55,-2.56,-2.74,-0.13,0.65,-0.37,491,428,461,333,366
9.09,-1.46,-1.47,-0.20,0.51,-0.51,490,427,460,334,366
9.57,-1.81,0.39,-0.22,0.64,-0.39,488,426,460,334,367
8.97,-1.44,1.28,-0.36,0.69,-0.53,486,425,459,334,366
8.36,-0.78,1.87,-0.45,0.69,-0.50,485,424,459,334,365
9.33,0.43,3.19,-0.71,0.78,-0.51,482,423,458,333,366
10.83,-0.19,3.73,-0.94,0.46,-0.76,481,422,457,334,367
6.73,1.80,4.24,-0.59,0.74,0.14,479,421,455,334,370
11.03,2.66,5.56,-0.75,0.56,-0.98,477,419,454,334,370
8.97,3.07,5.48,-0.81,0.87,-0.39,476,419,453,334,369
8.79,3.08,6.63,-0.92,0.60,-0.81,474,418,453,334,369
9.91,2.68,7.92,-0.98,0.32,-0.84,472,417,452,334,370
6.35,2.71,6.47,-1.52,0.04,-0.98,471,416,452,335,370
9.42,2.86,7.69,-1.68,-0.29,-1.35,469,415,451,335,371
10.97,2.91,7.51,-1.98,-0.62,-1.05,467,414,450,335,372
9.03,1.03,5.12,-2.27,-0.97,-0.58,466,413,449,334,373
11.39,-0.02,4.73,-2.18,-1.08,-0.35,466,412,448,334,374
12.87,-0.09,2.20,-2.24,-1.47,0.24,465,411,447,335,377
10.97,-2.16,0.35,-1.80,-1.38,0.71,464,410,446,336,378
10.49,-0.90,-1.75,-1.40,-1.30,0.41,464,409,446,336,378
9.88,-2.01,-3.23,-1.03,-1.52,0.33,464,409,445,336,379
7.49,-2.14,-4.69,-0.79,-1.18,0.40,464,409,445,336,378
6.50,-1.88,-6.53,-0.70,-0.95,-0.09,464,409,445,336,378
3.96,-1.21,-6.94,-0.68,-1.08,0.03,464,409,445,336,378
3.73,-1.18,-7.30,-0.47,-0.81,-0.06,465,409,445,336,379
1.79,0.86,-8.00,-0.39,-0.59,-0.09,465,409,445,336,380
1.12,1.82,-8.41,-0.37,-0.56,-0.13,465,409,445,336,380
0.98,1.49,-8.43,-0.11,-0.21,-0.26,465,409,445,336,380
0.71,1.17,-9.07,0.00,-0.05,-0.18,465,409,445,335,379
2.40,0.78,-9.86,0.01,0.04,-0.26,465,409,444,335,378
1.69,0.57,-10.16,0.13,0.05,-0.23,465,409,445,335,377
END
2.07,0.15,-10.04,0.07,0.01,-0.17,494,425,457,333,363
6.77,-1.47,-5.54,0.02,0.20,-0.01,494,426,457,333,363
6.61,-1.45,-5.21,-0.03,0.40,-0.02,494,426,457,333,363
8.49,-1.19,-4.70,-0.02,0.49,-0.09,493,426,457,333,363
8.49,-1.19,-4.56,-0.07,0.52,0.09,492,425,457,333,363
7.39,-1.59,-3.05,-0.10,0.61,0.01,491,425,457,332,363
6.30,-1.47,-1.77,-0.31,0.88,-0.00,489,424,456,332,362
5.07,-1.28,0.44,-0.47,1.24,-0.17,487,423,456,332,362
7.95,0.08,2.48,-0.52,1.56,-0.61,483,421,455,332,363
10.65,1.50,5.58,-0.69,1.69,-0.65,477,418,453,332,363
10.31,2.36,6.56,-0.87,1.09,-0.80,474,416,451,332,363
9.42,2.27,5.84,-0.77,0.70,-0.87,472,415,451,332,363
9.38,3.07,7.17,-1.17,0.45,-0.71,471,415,450,332,363
7.36,4.16,6.71,-1.27,0.20,-1.30,470,415,450,333,363
7.21,4.33,7.57,-1.33,0.04,-1.04,469,414,449,332,364
7.98,3.16,8.38,-1.38,-0.13,-1.43,468,413,449,333,364
7.78,3.73,7.54,-1.85,-0.51,-1.02,467,413,449,333,366
10.67,2.81,8.04,-2.51,-1.41,-0.96,465,411,448,333,368
10.48,2.62,5.21,-2.33,-1.77,-1.03,464,411,447,333,373
10.43,1.44,3.08,-2.06,-1.79,-0.02,463,410,446,334,374
10.26,2.01,-0.98,-1.80,-1.51,-0.03,463,409,445,335,375
10.44,1.06,-2.07,-0.64,-1.26,0.15,463,409,444,335,376
11.13,0.16,-2.86,-1.01,-1.58,0.26,462,409,444,336,377
8.93,0.65,-4.26,-0.79,-1.45,0.24,462,409,444,336,377
6.66,0.70,-6.11,-0.42,-1.27,0.08,462,409,444,336,377
6.48,-0.47,-6.32,-0.35,-1.10,0.02,462,409,444,336,376
4.49,0.52,-6.64,-0.32,-0.87,-0.07,462,409,444,336,376
2.23,1.71,-7.51,-0.21,-0.74,0.05,462,409,444,336,376
2.99,0.75,-7.95,-0.13,-0.50,-0.11,463,409,444,336,377
2.09,1.58,-8.89,0.07,-0.16,-0.14,463,409,443,336,378
2.57,0.98,-9.48,0.01,-0.28,-0.03,464,409,443,336,379
2.50,0.98,-8.94,-0.13,-0.22,-0.14,464,409,442,336,379
3.19,1.40,-9.25,-0.16,-0.31,-0.11,464,409,442,336,379
END
1.55,1.81,-8.94,-0.04,-0.14,-0.16,494,426,457,333,363
7.95,-0.04,-5.43,0.08,0.34,-0.06,494,426,457,333,363
8.23,-0.60,-4.77,0.01,0.33,0.03,493,425,457,333,363
8.47,-1.02,-4.36,-0.03,0.23,-0.02,493,425,456,333,363
9.20,-0.68,-4.34,-0.03,0.18,-0.20,492,425,456,333,363
8.71,-0.68,-3.72,-0.05,0.31,0.01,491,424,456,333,363
7.20,-0.87,-2.44,-0.20,0.47,-0.09,490,424,456,332,363
8.03,-0.27,-2.52,-0.29,0.66,-0.14,489,423,456,333,363
7.82,0.34,-2.49,-0.18,0.94,-0.19,488,422,455,333,363
9.74,-1.73,-0.01,-0.34,0.63,-0.64,487,422,455,333,364
9.12,1.09,1.78,-0.65,0.84,0.02,486,422,455,333,364
9.40,2.07,3.19,-0.63,0.71,-0.35,484,421,455,333,365
9.28,2.11,3.60,-0.63,0.70,-0.32,482,420,454,332,365
10.65,1.67,5.16,-0.82,0.56,-0.36,481,419,454,332,366
9.04,1.39,5.69,-0.96,0.43,-0.55,480,419,453,333,365
9.04,3.81,5.21,-1.15,0.26,-0.46,478,418,452,333,366
8.03,2.21,6.16,-1.40,0.24,-0.28,476,417,452,333,366
8.54,0.33,5.94,-1.43,0.54,-0.04,474,416,451,333,367
10.54,1.87,8.06,-1.43,0.51,-0.23,472,415,450,333,368
9.78,1.92,5.92,-1.32,-0.03,-1.07,471,414,449,333,368
8.68,0.78,5.52,-1.46,-0.11,-0.57,470,414,449,333,369
9.79,-0.19,5.87,-1.61,-0.30,-0.43,469,413,449,333,369
12.49,-1.67,6.36,-2.11,-0.91,0.00,468,412,448,334,372
8.57,-0.88,0.67,-2.28,-1.13,0.17,467,411,446,334,374
10.83,-2.46,-1.62,-2.16,-1.44,0.22,466,410,446,334,376
9.92,-2.56,-2.76,-1.38,-1.27,0.17,465,409,445,335,376
8.13,-2.18,-4.34,-1.00,-1.21,0.15,464,409,445,335,376
6.85,-2.25,-5.31,-0.88,-1.11,0.19,464,409,444,335,376
4.49,-1.56,-6.37,-0.89,-0.94,0.12,464,409,444,335,376
5.47,-0.08,-7.28,-0.76,-0.81,0.03,464,409,444,335,376
3.73,0.53,-7.82,-0.59,-0.72,-0.04,464,409,444,335,376
3.48,0.61,-8.01,-0.51,-0.60,-0.15,464,409,444,335,376
0.81,2.34,-8.67,-0.27,-0.42,-0.31,464,409,444,335,376
END
2.23,2.71,-10.01,0.04,-0.43,-0.19,488,423,455,332,364
9.14,-0.22,-4.90,-0.03,0.19,-0.08,487,422,455,332,364
8.95,-0.28,-4.06,-0.05,0.16,-0.10,487,422,455,332,364
8.43,0.22,-3.96,-0.12,0.14,-0.08,487,422,455,332,364
9.19,0.22,-3.85,-0.10,0.15,-0.12,487,422,455,332,364
7.09,-0.55,-2.30,-0.08,0.42,0.08,486,422,455,332,364
4.91,-1.46,-1.41,-0.21,0.80,0.05,486,422,455,333,364
7.47,-0.06,0.69,-0.69,0.82,-0.31,484,421,454,332,364
10.26,0.55,1.90,-0.87,0.46,-0.36,484,421,456,333,365
14.27,4.08,0.66,-0.53,0.46,-0.75,484,421,456,332,366
9.02,-0.06,1.77,-0.67,0.61,-0.08,483,420,455,332,365
10.14,3.14,2.25,-1.02,0.48,-0.49,482,420,455,332,366
8.79,2.93,2.62,-0.88,0.60,-0.10,482,419,454,333,365
8.63,3.62,3.77,-0.94,0.47,-0.42,481,418,453,333,365
7.06,4.07,4.26,-0.92,0.48,-0.59,480,418,453,334,365
9.60,4.90,5.41,-1.11,0.09,-0.97,478,417,452,334,366
10.28,4.29,5.61,-1.10,-0.11,-0.75,476,416,452,334,366
9.08,3.87,4.89,-1.31,-0.23,-0.77,476,416,451,334,367
8.99,3.25,4.77,-1.43,-0.48,-0.73,475,416,450,334,368
9.35,3.37,4.91,-1.52,-0.62,-0.31,474,415,450,335,369
10.15,3.05,3.18,-1.64,-0.69,-0.18,473,413,449,335,372
10.16,1.21,2.66,-1.63,-0.84,-0.15,471,412,448,335,374
11.18,0.78,3.23,-1.56,-0.97,-0.14,469,410,448,334,378
12.22,0.23,1.21,-1.19,-1.09,0.22,468,409,446,334,381
12.05,-0.09,-0.78,-0.97,-1.31,0.36,467,408,446,334,383
10.69,-1.21,-0.90,-0.87,-1.42,0.43,466,408,446,334,383
10.26,-1.26,-2.92,-0.67,-1.27,0.27,466,407,445,335,384
8.64,-1.05,-4.23,-0.66,-1.33,0.31,465,407,445,334,383
7.74,-1.08,-5.10,-0.69,-1.38,0.20,465,407,445,334,384
3.37,0.15,-5.48,-0.47,-1.15,0.17,465,407,445,334,383
3.19,0.17,-6.78,-0.51,-1.02,-0.01,465,407,444,334,383
3.90,-0.09,-7.64,-0.42,-0.89,-0.08,465,407,445,334,383
0.69,0.69,-7.79,-0.37,-0.71,-0.18,465,407,445,335,383
END
0.47,1.90,-8.28,-0.15,-0.36,-0.40,489,424,459,333,370
8.10,-1.30,-4.35,-0.01,0.24,0.13,489,424,461,332,372
8.77,-0.80,-4.18,0.04,0.14,-0.16,490,425,460,333,372
9.07,-0.95,-4.08,0.02,0.11,-0.10,492,426,461,332,373
8.36,-1.14,-4.05,-0.07,0.13,-0.13,494,427,460,332,373
8.74,-0.77,-3.21,-0.16,0.16,-0.11,495,427,460,332,375
7.66,-1.03,-3.54,-0.22,0.40,0.15,494,428,460,332,377
6.20,-1.19,-2.71,-0.27,0.61,-0.20,493,428,460,332,378
9.56,-0.14,-0.37,-0.36,0.82,-0.43,488,427,459,332,381
8.43,0.41,0.95,-0.51,0.96,-0.07,485,427,457,332,382
9.33,2.05,3.85,-0.65,0.52,-0.68,483,426,455,332,381
7.07,2.46,2.05,-0.79,1.07,-0.09,481,425,454,332,380
9.30,2.00,3.40,-0.78,0.75,-0.73,480,424,453,332,380
9.81,3.31,3.99,-0.80,0.65,-0.62,478,423,453,332,379
10.66,3.07,5.23,-0.96,0.45,-0.63,477,422,453,332,379
9.51,3.40,5.69,-0.94,0.25,-0.76,476,421,453,332,379
9.73,5.12,6.14,-1.17,-0.08,-0.64,474,420,453,332,379
9.51,3.77,5.89,-1.19,-0.34,-0.63,473,419,454,332,379
8.59,3.80,6.07,-1.48,-0.37,-0.52,471,418,454,332,379
10.87,2.66,6.07,-1.37,-0.60,-0.69,470,418,454,333,379
8.02,1.70,4.24,-1.51,-0.56,-0.19,469,417,454,332,379
9.77,1.44,4.33,-1.52,-0.62,-0.18,469,417,453,333,380
11.40,0.28,4.54,-1.32,-0.77,-0.04,468,416,453,334,382
13.11,0.00,2.59,-1.37,-0.96,0.49,468,415,453,334,383
9.66,2.12,0.32,-1.94,-1.19,0.84,467,414,453,334,384
10.84,-1.56,-0.55,-1.56,-1.48,0.30,466,414,452,334,384
8.64,-0.32,-1.30,-1.05,-1.36,0.17,465,413,452,335,385
7.43,-1.23,-3.50,-0.95,-1.42,0.12,465,412,451,335,386
5.24,-0.91,-5.38,-0.73,-1.48,0.28,464,412,450,335,386
5.13,-0.61,-6.75,-0.59,-1.22,-0.07,464,412,450,334,387
2.50,1.18,-8.43,-0.38,-1.01,0.05,465,411,450,334,388
1.79,1.64,-8.70,-0.21,-0.80,-0.06,465,412,450,335,389
3.52,-0.92,-8.66,-0.11,-0.90,-0.25,466,412,450,335,389
END
-1.95,0.66,-9.41,-0.19,-0.70,-0.27,495,426,459,333,368
7.11,-1.58,-5.98,0.10,0.12,0.01,496,426,459,333,368
6.68,-1.54,-5.45,0.20,0.34,-0.19,497,428,458,333,368
6.50,-2.16,-4.49,0.27,0.58,-0.19,494,428,457,333,368
7.57,-1.31,-4.37,-0.04,0.36,-0.21,491,428,456,333,371
9.07,-1.37,-3.00,-0.09,0.36,-0.17,489,427,455,332,372
7.13,-2.07,-2.53,-0.19,0.59,-0.15,489,427,454,332,372
7.94,-0.38,-2.20,-0.38,0.66,0.15,488,427,454,332,372
10.46,-0.07,-1.74,-0.19,0.60,-0.46,488,427,454,333,373
9.48,0.30,-0.93,-0.34,0.63,-0.23,487,427,454,332,373
8.31,-0.37,0.05,-0.33,0.60,-0.38,486,426,453,332,373
9.38,1.28,0.88,-0.47,0.55,-0.27,485,426,453,332,373
8.93,1.03,1.98,-0.39,0.67,-0.53,484,426,452,333,373
8.75,1.87,3.12,-0.56,0.61,-0.39,482,425,451,333,373
8.84,1.82,4.02,-0.65,0.64,-0.52,481,424,451,333,373
10.00,2.01,5.05,-0.82,0.64,-0.63,479,423,450,333,373
8.09,6.02,3.78,-1.07,0.19,-0.79,477,422,450,333,373
10.15,3.22,6.13,-1.00,-0.18,-0.67,474,420,450,333,374
8.40,3.03,5.18,-1.20,-0.09,-0.52,472,419,450,333,374
7.95,3.17,6.12,-1.31,-0.25,-0.68,471,418,450,333,375
8.86,3.06,5.66,-1.37,-0.42,-0.68,469,416,451,333,379
10.64,2.81,4.04,-1.67,-0.47,-0.52,467,415,451,333,382
10.60,2.30,5.48,-1.71,-0.78,-0.45,466,413,450,333,382
12.05,2.20,2.63,-1.76,-1.51,-0.29,465,412,449,333,382
9.69,2.88,-0.93,-1.94,-1.85,0.27,464,411,448,333,384
12.28,1.31,-0.68,-1.74,-1.97,0.46,462,410,447,333,385
10.60,0.65,-2.58,-1.10,-1.57,0.16,461,407,445,334,384
6.83,-0.21,-2.81,-0.72,-1.25,0.22,461,406,442,334,383
8.30,0.37,-4.95,-0.70,-1.22,0.08,461,406,440,334,383
5.66,1.41,-5.39,-0.54,-1.03,0.18,461,406,440,334,382
5.89,2.36,-7.01,-0.27,-0.86,0.12,461,406,440,334,383
4.69,2.25,-8.28,-0.22,-0.97,0.04,461,406,440,334,383
2.89,1.46,-7.62,-0.14,-0.81,0.04,461,406,441,334,383
2.46,1.88,-8.00,-0.00,-0.44,-0.07,461,406,441,333,383
END
1.18,2.53,-8.15,0.23,-0.22,-0.10,494,429,460,332,366
6.88,-1.41,-4.50,-0.07,0.19,-0.19,494,430,460,332,366
8.31,-0.60,-4.87,-0.02,0.31,-0.17,494,430,460,332,366
9.29,-1.13,-4.16,0.04,0.36,-0.11,493,430,460,332,367
7.63,-1.21,-3.75,-0.07,0.45,-0.06,492,430,460,332,367
7.17,-0.84,-2.18,-0.18,0.55,-0.19,491,429,459,332,367
6.74,-1.21,-0.75,-0.10,1.10,-0.23,489,428,459,332,366
8.45,0.09,1.04,-0.37,0.98,-0.15,486,426,458,332,366
9.93,0.03,1.54,-0.55,0.91,-0.17,485,425,457,332,367
10.54,0.70,2.62,-0.61,0.68,-0.53,483,425,457,332,367
8.71,2.08,3.17,-0.74,0.85,-0.21,482,424,457,332,366
10.07,2.01,4.41,-0.69,0.62,-0.60,480,423,456,332,366
9.59,3.41,4.55,-0.78,0.46,-0.68,478,422,456,332,366
10.89,2.04,5.07,-0.84,0.32,-0.72,476,420,455,332,367
8.15,2.80,4.89,-0.94,0.26,-0.60,475,420,455,333,366
8.90,2.44,6.47,-1.09,-0.02,-0.73,473,419,454,334,367
9.68,2.87,5.66,-1.26,-0.15,-0.62,473,419,454,334,368
9.86,2.66,5.07,-1.31,-0.09,-0.14,471,418,453,334,369
5.39,1.59,5.77,-1.47,-0.14,-0.32,471,418,453,334,368
8.40,3.31,6.40,-1.46,-0.45,-1.20,469,417,452,334,369
10.46,2.12,4.95,-1.58,-0.56,-0.76,468,416,452,334,372
12.33,1.13,4.19,-1.93,-1.18,-0.24,467,415,451,334,376
13.42,-0.30,1.62,-1.76,-1.40,0.11,466,414,450,334,379
12.01,0.02,-1.40,-1.42,-1.35,0.19,465,413,449,334,381
12.38,-0.46,-1.27,-1.10,-1.55,0.26,465,413,449,334,383
11.02,-0.19,-2.23,-0.93,-1.72,0.32,464,412,449,334,384
9.36,-1.05,-3.17,-0.98,-1.68,0.15,464,411,448,334,385
5.09,-0.11,-4.50,-0.95,-1.60,0.22,463,411,448,334,387
3.80,1.90,-6.36,-0.85,-1.34,0.08,463,410,448,334,388
2.66,1.08,-6.81,-0.63,-1.20,0.12,462,409,447,334,390
-2.07,3.64,-7.44,-0.33,-0.60,-0.07,462,409,447,334,391
1.23,3.85,-8.76,-0.27,-0.26,-0.11,462,409,447,334,391
2.40,2.94,-9.45,-0.04,-0.04,-0.42,462,409,447,334,389
END
0.71,1.58,-9.50,0.25,0.07,-0.24,495,427,457,333,361
6.98,-3.00,-6.13,0.11,0.03,-0.11,495,427,456,333,360
6.01,-3.01,-5.74,0.02,0.11,-0.05,494,427,456,333,361
6.40,-2.96,-4.96,-0.01,0.18,-0.12,494,427,456,332,361
6.02,-3.14,-5.13,-0.15,0.41,0.02,492,426,456,332,361
4.96,-2.82,-4.28,-0.08,0.91,0.33,490,425,455,333,361
6.29,-4.00,-1.55,0.02,1.00,0.00,488,424,455,332,362
6.45,-3.49,-1.46,-0.13,1.20,0.03,487,423,455,332,363
8.48,-1.86,0.37,-0.24,1.16,-0.35,485,422,455,332,364
12.79,-0.90,1.84,-0.42,0.76,-0.26,483,421,455,332,365
8.50,-3.09,1.69,-0.22,1.02,-0.32,482,420,454,332,364
9.10,-2.35,3.22,-0.62,0.90,-0.73,481,419,453,332,363
13.01,-0.55,4.44,-0.55,0.68,-0.80,478,418,452,332,364
10.15,-0.23,4.03,-0.80,0.66,-0.68,476,417,452,332,364
8.60,1.12,4.44,-0.99,0.46,-0.78,475,416,451,332,364
6.53,1.95,5.12,-1.13,0.36,-0.78,474,416,450,332,364
7.57,2.34,5.37,-0.98,0.26,-0.96,473,415,448,332,364
10.55,2.84,6.38,-1.25,0.03,-0.98,473,414,447,332,365
12.00,1.79,6.33,-1.75,-0.44,-0.99,472,413,446,332,366
12.57,2.16,4.21,-1.90,-0.89,-0.61,472,413,445,333,368
12.14,2.86,0.91,-1.74,-1.11,-0.36,471,412,446,332,370
10.55,2.53,0.01,-1.69,-1.50,-0.22,471,412,446,333,371
12.40,1.16,0.31,-1.48,-1.62,-0.01,471,412,446,332,374
10.16,1.10,-1.60,-1.34,-1.36,-0.10,470,411,446,333,375
10.81,1.77,-3.25,-0.96,-1.44,-0.03,469,411,445,333,376
9.38,2.38,-4.96,-0.51,-1.47,0.22,468,410,445,333,377
8.82,2.00,-5.41,-0.23,-1.35,0.22,468,410,445,333,377
7.03,1.90,-6.53,-0.05,-1.34,0.19,467,410,444,333,377
4.16,1.54,-6.88,-0.03,-1.37,0.30,467,410,445,333,377
2.63,0.80,-7.16,0.10,-1.11,0.17,468,410,445,333,377
0.41,1.04,-7.95,0.00,-0.94,-0.02,469,411,445,333,377
-1.16,1.30,-8.32,0.15,-0.62,-0.32,470,412,446,333,376
-1.44,0.86,-8.11,0.23,-0.20,-0.02,471,412,446,333,375
END
1.26,-0.52,-9.25,0.04,-0.05,-0.31,492,428,457,332,367
8.26,-2.00,-3.55,0.10,0.36,-0.11,491,427,456,332,367
7.74,-2.38,-2.51,-0.11,0.41,-0.11,490,427,456,332,367
8.04,-2.35,-1.31,-0.32,0.55,-0.07,488,426,456,332,367
7.55,-1.76,-0.73,-0.28,0.83,-0.24,487,426,456,332,368
9.73,-0.73,0.86,-0.52,0.79,-0.10,485,425,456,332,368
9.13,0.41,1.37,-0.55,0.84,-0.36,484,424,456,332,368
7.54,0.93,1.86,-0.72,0.83,-0.29,483,424,455,332,368
9.36,0.37,2.87,-0.93,0.73,-0.35,482,423,455,332,368
8.61,2.18,3.32,-0.82,0.78,-0.60,481,423,456,332,370
9.46,1.70,5.10,-1.01,0.71,-0.72,480,424,457,332,373
10.49,3.75,5.90,-1.04,0.43,-0.69,479,423,457,332,373
9.52,2.74,6.51,-1.04,0.25,-0.79,478,422,456,332,373
11.52,2.96,6.94,-1.27,-0.03,-0.85,477,422,455,332,375
9.24,2.28,6.31,-1.38,-0.35,-1.26,476,421,455,332,374
10.37,2.79,5.30,-1.45,-0.54,-0.97,475,420,454,332,375
10.72,3.70,4.55,-1.40,-0.68,-0.70,473,419,454,332,376
9.76,2.83,4.39,-1.39,-0.90,-0.49,472,418,453,332,377
11.53,2.66,3.86,-1.32,-1.05,0.01,471,418,453,332,379
10.05,2.47,1.14,-1.52,-1.17,0.30,470,417,452,332,381
11.67,1.21,0.30,-1.26,-1.55,0.32,469,417,452,332,382
10.51,1.21,-0.36,-1.03,-1.48,-0.06,468,416,451,332,383
9.86,1.24,-2.76,-1.00,-1.74,0.15,467,415,451,332,385
9.48,1.13,-3.67,-0.68,-1.58,0.17,467,415,450,332,385
7.73,0.62,-5.30,-0.48,-1.57,0.39,467,414,450,332,387
5.45,1.53,-6.96,-0.43,-1.40,0.18,466,414,449,332,386
3.12,1.55,-6.81,-0.25,-1.20,0.24,466,414,449,332,387
1.76,1.75,-8.00,-0.12,-0.96,0.02,466,414,449,332,387
-0.94,1.84,-8.71,-0.07,-0.67,-0.03,466,414,449,332,387
0.33,1.39,-8.66,0.10,-0.23,-0.12,466,414,449,332,387
-0.07,1.24,-9.08,0.18,-0.06,-0.11,466,413,449,332,387
1.15,0.75,-9.95,0.09,0.04,-0.18,466,413,449,332,386
2.40,0.81,-10.11,0.03,-0.01,-0.09,466,413,449,332,385
1.70,0.65,-9.85,0.15,0.05,-0.16,466,413,449,332,385
END
1.29,0.36,-9.70,0.14,0.04,-0.07,489,425,457,332,368
6.04,-2.60,-4.41,0.12,0.52,-0.22,489,425,457,332,367
6.35,-2.39,-3.50,0.23,0.77,-0.32,488,425,457,332,367
7.54,-2.62,-1.81,0.21,0.96,-0.08,487,424,457,332,366
8.87,-1.48,-0.75,0.06,0.95,-0.26,485,423,456,332,366
8.96,-1.74,0.30,-0.05,0.72,-0.43,484,423,456,332,366
7.66,-1.84,1.56,-0.25,0.88,-0.28,483,422,456,332,366
7.75,-1.56,2.76,-0.33,0.90,-0.65,482,422,455,332,366
10.09,0.75,3.45,-0.30,0.90,-0.66,481,421,455,332,366
9.66,1.62,5.02,-0.06,0.67,-0.82,481,422,458,332,367
10.06,2.68,5.94,-0.37,0.54,-0.89,480,422,460,332,367
7.98,3.39,5.41,-0.68,0.56,-0.72,480,423,460,332,367
7.85,3.73,6.11,-0.83,0.25,-0.97,479,423,459,332,367
7.82,5.18,6.22,-1.11,0.23,-0.86,479,422,458,332,367
8.66,4.69,7.00,-1.02,-0.14,-1.28,478,422,457,332,367
8.36,4.73,6.19,-1.06,-0.22,-1.07,477,421,457,332,368
7.34,4.92,6.37,-1.17,-0.56,-1.25,476,421,456,332,368
6.42,4.24,6.83,-1.35,-0.58,-1.07,476,421,455,332,368
9.23,4.98,6.63,-1.53,-0.86,-1.26,475,419,455,332,369
12.79,5.69,4.98,-1.40,-1.50,-0.86,474,418,455,332,373
12.07,4.10,3.78,-1.41,-1.83,-0.08,473,418,454,332,375
12.04,3.32,1.39,-1.36,-2.02,-0.13,473,417,453,333,377
13.17,2.24,-0.18,-1.28,-2.34,0.02,472,416,453,333,380
10.50,2.56,-2.20,-0.62,-2.22,0.38,471,416,452,333,383
9.84,1.30,-1.76,-0.65,-2.11,0.42,469,415,452,333,385
8.10,1.44,-4.27,-0.32,-2.12,0.72,468,414,451,333,387
2.94,0.45,-4.21,-0.32,-1.68,0.41,467,414,451,333,389
4.32,0.92,-6.02,-0.40,-1.16,0.16,466,413,452,334,394
-0.24,0.90,-5.87,-0.13,-1.09,0.47,465,412,452,334,396
-1.03,2.00,-8.46,-0.22,-0.81,0.27,465,412,452,334,397
0.05,1.39,-8.65,-0.18,-0.17,-0.35,465,412,452,333,395
-0.59,2.06,-9.03,0.14,-0.07,-0.06,465,412,452,334,394
1.30,0.93,-10.01,0.09,-0.05,-0.08,465,412,451,334,393
0.68,1.31,-10.26,0.05,0.14,-0.24,465,413,451,334,392
END
1.10,1.31,-10.12,0.19,0.13,-0.19,499,433,457,332,373
7.49,-2.12,-6.09,0.02,-0.10,-0.17,500,433,457,333,373
7.37,-1.94,-5.38,0.06,-0.06,-0.15,500,432,456,332,373
6.63,-1.20,-5.17,0.09,0.15,-0.09,500,432,455,332,372
6.09,-1.23,-4.82,-0.01,0.18,-0.18,499,432,455,332,371
6.41,-1.82,-4.41,-0.17,0.34,-0.16,498,431,455,332,371
7.05,-1.74,-3.35,-0.26,0.59,-0.24,496,431,455,332,371
7.73,-1.19,-2.48,-0.30,0.89,-0.27,493,430,455,332,371
7.37,-0.09,-1.51,-0.33,1.06,-0.22,492,430,455,332,371
10.03,0.57,0.55,-0.59,0.78,-0.11,489,429,455,332,371
9.93,1.33,0.81,-0.54,0.84,-0.36,487,428,455,332,373
9.61,1.95,1.72,-0.49,0.68,0.15,484,427,455,332,374
10.53,0.40,1.86,-0.64,0.51,-0.61,483,427,454,332,375
10.00,1.44,1.28,-0.64,0.76,-0.58,481,426,454,332,374
10.90,3.29,3.78,-0.58,0.53,-0.56,478,424,453,332,374
10.99,2.04,4.74,-0.65,0.33,-0.38,476,424,453,333,375
10.42,2.02,4.45,-0.74,0.11,-0.49,475,423,452,333,377
8.11,3.04,4.92,-1.00,-0.11,-0.53,473,423,451,333,377
6.96,2.94,5.19,-1.10,-0.09,-0.51,472,422,451,333,377
8.41,2.80,5.32,-1.21,-0.21,-0.73,471,422,451,333,377
8.28,3.36,4.77,-1.33,-0.14,-0.68,471,421,451,333,378
8.87,2.44,5.18,-1.39,-0.31,-0.38,470,421,450,333,378
10.09,3.34,5.54,-1.67,-0.55,-0.62,469,420,450,333,379
13.22,3.50,3.37,-1.85,-1.16,-0.41,468,419,449,332,382
12.55,2.07,1.41,-1.64,-1.48,0.03,468,418,448,332,383
9.48,2.18,-0.86,-1.30,-1.34,-0.02,467,417,448,333,383
11.65,0.87,-1.60,-0.93,-1.50,0.02,467,415,444,332,384
9.33,0.74,-1.89,-0.74,-1.42,0.21,467,413,440,333,382
9.56,0.80,-3.17,-0.74,-1.43,0.21,466,412,438,333,382
7.52,0.03,-4.95,-0.76,-1.45,0.50,466,411,437,333,383
6.71,1.16,-5.47,-0.82,-1.20,0.11,466,411,437,333,384
3.93,3.84,-6.66,-0.45,-0.92,0.03,465,411,437,333,384
5.14,2.43,-7.65,-0.19,-0.92,0.14,465,411,437,333,384
4.21,0.45,-7.80,-0.14,-0.77,0.06,465,411,438,333,384
END