-2.42,-6.75,-6.53,0.04,-0.00,-0.03,435,302,296,338,363
-2.36,-6.63,-6.88,0.04,0.01,-0.03,435,302,296,338,363
-2.34,-6.72,-6.73,0.02,-0.01,-0.03,435,302,296,338,363
-2.28,-6.78,-6.87,0.04,0.00,-0.04,435,302,295,338,363
-2.26,-6.66,-6.87,0.03,0.00,-0.04,435,302,295,338,363
-2.32,-6.70,-6.65,0.03,-0.00,-0.04,435,302,295,338,363
-2.32,-6.78,-6.85,0.03,-0.01,-0.04,435,302,295,338,363
-2.40,-6.65,-6.81,0.03,0.01,-0.03,435,302,295,338,363
-2.15,-6.70,-6.94,0.03,-0.00,-0.03,435,302,295,338,363
-2.25,-6.67,-6.87,0.03,-0.00,-0.03,435,302,295,338,363
-2.39,-6.63,-6.73,0.03,0.00,-0.03,435,302,295,338,363
-2.36,-6.71,-6.76,0.03,-0.00,-0.03,435,302,296,338,363
-2.30,-6.76,-6.75,0.03,0.00,-0.03,435,302,295,338,363
-2.33,-6.70,-6.65,0.03,-0.00,-0.03,435,302,295,338,363
-2.18,-6.73,-6.90,0.04,0.01,-0.04,435,302,295,338,363
-2.33,-6.85,-6.83,0.03,-0.00,-0.03,434,303,295,338,363
-2.39,-6.77,-6.73,0.02,-0.01,-0.03,434,302,295,338,363
-2.24,-6.63,-6.87,0.03,-0.00,-0.03,434,302,295,338,363
-2.23,-6.60,-6.88,0.04,-0.00,-0.03,434,302,295,338,363
-2.30,-6.72,-6.78,0.03,-0.00,-0.04,434,302,295,338,363
-2.43,-6.70,-6.88,0.03,0.00,-0.03,434,302,295,338,363
-2.23,-6.65,-6.85,0.04,0.00,-0.03,434,302,295,338,363
-2.31,-6.75,-6.77,0.03,-0.01,-0.03,435,302,295,338,363
-2.24,-6.69,-6.83,0.03,-0.01,-0.03,435,302,296,338,363
-2.30,-6.67,-6.96,0.03,-0.01,-0.04,435,302,295,338,363
-2.18,-6.60,-6.79,0.02,-0.01,-0.04,434,302,295,338,363
-2.26,-6.73,-6.76,0.02,-0.02,-0.03,434,302,295,338,363
-2.40,-6.68,-6.78,0.04,0.01,-0.02,434,302,295,338,363
-2.19,-6.72,-6.80,0.03,0.00,-0.04,434,302,295,338,363
-2.24,-6.66,-6.93,0.03,-0.01,-0.03,434,302,295,338,363
-2.40,-6.64,-6.84,0.03,0.01,-0.03,434,302,295,338,363
-2.29,-6.76,-6.73,0.03,0.00,-0.03,434,302,295,338,363
-2.33,-6.75,-6.74,0.03,-0.00,-0.03,434,302,295,338,363
END
-2.38,-6.72,-6.81,0.04,-0.01,-0.03,434,302,295,338,363
-2.27,-6.70,-6.86,0.04,0.00,-0.04,433,302,295,338,363
-2.19,-6.72,-7.01,0.03,-0.00,-0.03,433,302,296,338,363
-2.29,-6.68,-6.83,0.03,-0.00,-0.04,433,302,295,338,363
-2.38,-6.73,-6.90,0.03,0.00,-0.04,433,302,295,338,363
-2.21,-6.72,-6.96,0.03,-0.00,-0.03,434,302,295,338,363
-2.15,-6.70,-6.84,0.03,-0.00,-0.03,433,302,295,338,363
-2.36,-6.73,-6.78,0.04,0.00,-0.03,433,302,295,338,363
-2.28,-6.73,-6.88,0.03,0.00,-0.03,433,302,295,338,363
-2.40,-6.72,-6.78,0.03,0.00,-0.03,433,302,295,338,363
-2.25,-6.60,-6.81,0.04,0.00,-0.04,433,302,295,338,363
-2.30,-6.73,-6.68,0.03,0.00,-0.03,433,302,295,338,362
-2.18,-6.73,-6.88,0.03,-0.00,-0.03,433,302,295,338,363
-2.18,-6.78,-6.85,0.04,-0.00,-0.03,433,302,295,338,363
-2.35,-6.85,-6.85,0.03,-0.00,-0.04,433,302,295,338,362
-2.25,-6.68,-6.91,0.03,0.00,-0.03,433,302,296,338,363
-2.11,-6.74,-7.08,0.03,0.00,-0.03,433,302,295,338,363
-2.20,-6.78,-6.82,0.03,0.00,-0.03,433,302,295,338,363
-2.21,-6.68,-6.89,0.03,0.00,-0.03,433,302,295,338,363
-2.30,-6.67,-6.89,0.03,0.00,-0.03,433,302,295,338,363
-2.28,-6.65,-6.77,0.04,0.00,-0.04,433,302,295,338,363
-2.13,-6.75,-7.01,0.03,-0.00,-0.04,433,302,295,338,363
-2.43,-6.81,-6.59,0.03,-0.01,-0.04,433,302,295,338,363
-2.33,-6.69,-6.81,0.04,0.00,-0.03,433,302,295,338,363
-2.19,-6.73,-6.79,0.03,0.00,-0.03,433,302,295,338,363
-2.33,-6.70,-6.92,0.03,-0.00,-0.03,433,302,295,338,363
-2.35,-6.56,-6.96,0.02,-0.00,-0.03,433,302,295,338,363
-2.20,-6.73,-6.70,0.03,-0.00,-0.03,433,302,295,338,363
-2.26,-6.78,-6.78,0.04,-0.00,-0.03,433,302,295,338,363
-2.23,-6.78,-6.89,0.03,-0.00,-0.04,433,302,295,338,363
-2.25,-6.63,-6.80,0.02,-0.01,-0.03,433,302,295,338,363
-2.31,-6.60,-6.73,0.04,-0.00,-0.04,433,302,295,338,362
-2.20,-6.85,-6.83,0.04,-0.00,-0.03,433,302,295,338,362
END
-2.28,-6.86,-6.70,0.02,-0.00,-0.03,433,302,295,338,363
-2.23,-6.68,-6.83,0.04,0.01,-0.03,432,302,296,338,362
-2.29,-6.86,-6.73,0.04,0.00,-0.03,433,302,296,338,363
-2.35,-6.76,-6.63,0.05,0.01,-0.03,433,302,295,338,363
-2.40,-6.68,-6.91,0.04,0.01,-0.04,432,302,295,338,363
-2.20,-6.79,-6.73,0.04,-0.02,-0.03,432,302,295,338,362
-2.24,-6.70,-6.96,0.03,-0.01,-0.03,432,302,295,338,362
-2.28,-6.75,-6.82,0.02,-0.01,-0.03,432,302,295,338,362
-2.36,-6.72,-6.76,0.03,0.00,-0.02,432,302,295,338,362
-2.29,-6.65,-6.86,0.03,0.00,-0.03,432,302,295,338,362
-2.10,-6.69,-7.08,-0.00,-0.04,-0.03,432,302,295,338,362
-2.51,-6.53,-6.96,0.00,-0.01,-0.03,432,302,295,337,361
-2.31,-6.62,-7.03,0.03,-0.00,-0.03,432,302,295,338,362
-2.36,-6.76,-6.77,0.04,0.00,-0.03,432,302,295,338,362
-2.30,-6.71,-6.82,0.03,-0.01,-0.03,432,302,295,338,363
-2.46,-6.59,-6.89,0.02,-0.01,-0.03,432,302,295,338,362
-2.43,-6.63,-6.96,0.00,-0.02,-0.02,432,302,295,338,363
-2.28,-6.60,-6.87,0.01,-0.00,-0.04,432,302,295,337,362
-2.30,-6.46,-7.02,0.02,-0.01,-0.03,432,302,295,338,362
-2.39,-6.50,-6.99,0.04,0.00,-0.04,432,302,295,338,362
-2.29,-6.63,-6.96,0.04,0.01,-0.03,432,303,295,338,361
-2.51,-6.38,-6.98,0.04,0.01,-0.03,432,302,295,338,363
-2.25,-6.68,-6.87,0.06,0.01,-0.04,432,302,295,338,362
-2.16,-6.81,-6.68,0.04,0.00,-0.03,432,302,295,338,362
-2.43,-6.55,-6.96,0.02,-0.00,-0.03,432,302,295,338,362
-2.30,-6.68,-6.85,0.05,0.01,-0.04,432,302,295,338,362
-2.28,-6.70,-6.85,0.04,0.01,-0.02,432,302,295,338,363
-2.24,-6.76,-6.84,0.04,0.01,-0.04,432,302,295,338,362
-2.20,-6.70,-6.93,0.02,0.01,-0.03,432,302,296,338,362
-2.35,-6.84,-6.88,-0.07,0.01,-0.03,432,302,295,338,362
-2.11,-6.60,-7.08,-0.02,-0.02,-0.05,432,302,295,338,362
-2.43,-6.75,-6.73,0.09,0.11,-0.02,432,302,295,337,363
-2.07,-6.75,-6.77,0.03,0.14,0.06,432,303,295,337,363
END
-1.95,-6.86,-6.86,-0.02,0.12,0.23,430,302,295,337,365
-1.87,-3.99,-8.94,0.04,0.00,-0.05,430,303,295,337,365
-2.02,-4.10,-8.75,0.05,-0.01,-0.03,431,302,295,337,365
-2.26,-4.06,-8.72,0.03,-0.02,-0.03,430,303,295,338,365
-2.14,-3.89,-9.35,0.03,-0.00,-0.04,430,303,295,337,365
-2.02,-3.92,-8.89,0.04,0.01,-0.05,430,303,295,337,365
-1.83,-4.16,-9.00,0.04,-0.00,-0.04,430,302,295,337,365
-1.92,-4.16,-9.02,0.06,-0.00,-0.04,430,303,295,337,365
-2.02,-4.09,-8.85,0.03,-0.00,-0.04,430,303,295,337,365
-1.81,-4.10,-9.14,0.02,-0.00,-0.03,430,303,295,337,365
-2.10,-4.15,-8.69,0.02,-0.01,-0.02,430,303,295,337,364
-1.89,-4.03,-9.17,0.04,-0.01,-0.04,430,303,295,337,365
-2.05,-4.24,-8.82,0.03,-0.01,-0.01,430,303,295,337,364
-2.24,-4.37,-8.70,0.04,0.02,-0.00,429,303,295,337,364
-2.20,-3.51,-9.30,0.02,0.00,-0.01,429,303,295,337,364
-1.63,-3.85,-8.83,0.17,0.05,-0.05,429,303,295,337,364
-1.62,-4.34,-8.84,0.05,-0.02,-0.06,429,303,295,338,364
-1.99,-4.60,-8.64,0.06,-0.02,-0.06,429,303,295,337,364
-2.10,-4.51,-8.85,0.03,-0.01,-0.03,429,303,295,337,364
-1.92,-4.19,-8.68,0.04,-0.01,-0.05,429,303,295,337,364
-2.16,-4.36,-8.82,0.06,-0.04,-0.03,429,303,295,337,364
-2.32,-4.42,-8.65,0.02,-0.01,-0.05,429,303,295,337,364
-1.90,-4.36,-8.89,-0.01,0.01,-0.03,429,303,295,337,364
-2.10,-4.29,-8.72,-0.00,0.02,-0.01,429,303,295,337,364
-1.95,-4.22,-8.73,0.01,0.02,-0.03,429,302,295,337,364
-1.99,-4.05,-9.03,0.05,0.00,-0.02,429,303,295,337,364
-1.94,-4.36,-8.74,0.09,0.01,-0.06,428,302,295,337,364
-1.56,-4.54,-8.75,0.06,-0.01,-0.05,428,302,295,337,364
-1.87,-4.69,-8.70,0.04,-0.00,-0.03,428,302,295,337,364
-2.23,-4.52,-8.74,0.01,-0.01,-0.02,428,303,295,337,364
-1.98,-4.01,-8.71,0.04,-0.01,-0.03,428,303,295,337,364
-1.82,-4.43,-8.79,0.05,-0.00,-0.06,428,302,295,337,364
-2.03,-4.60,-9.07,0.05,-0.01,-0.04,428,302,295,337,364
END
-2.02,-4.37,-8.81,0.03,0.01,-0.03,425,302,295,337,363
-2.07,-4.31,-8.76,0.05,-0.01,-0.03,426,302,295,337,363
-1.81,-4.31,-8.89,0.05,0.01,-0.05,426,302,295,337,363
-1.92,-4.37,-8.87,0.04,-0.01,-0.03,426,303,295,337,363
-2.02,-4.25,-8.89,0.04,0.00,-0.05,426,303,295,337,363
-1.96,-4.33,-8.86,0.05,-0.00,-0.03,426,303,295,337,363
-1.99,-4.41,-8.77,0.02,-0.00,-0.03,426,303,295,337,363
-2.04,-4.36,-8.74,0.03,-0.00,-0.03,426,303,295,337,363
-1.86,-4.26,-8.87,0.03,0.00,-0.04,426,302,295,337,363
-1.96,-4.21,-8.85,0.04,-0.00,-0.03,426,303,295,337,363
-1.98,-4.21,-8.99,0.03,-0.01,-0.03,426,302,295,337,363
-1.84,-4.34,-8.94,0.05,0.01,-0.04,426,302,295,337,363
-1.92,-4.49,-8.98,0.04,-0.00,-0.03,426,302,295,337,363
-1.92,-4.42,-8.56,0.01,-0.03,-0.02,426,302,295,337,364
-1.79,-4.04,-9.17,-0.01,-0.03,-0.05,428,303,295,337,364
-2.05,-4.24,-8.80,0.05,-0.01,0.01,428,302,295,337,364
-2.10,-4.24,-8.88,-0.01,-0.02,-0.04,428,303,295,337,364
-2.12,-4.04,-8.88,0.04,0.01,-0.03,428,303,295,337,364
-1.90,-4.19,-8.75,-0.03,-0.03,-0.03,427,303,295,337,364
-2.06,-4.09,-8.87,0.04,-0.00,-0.03,428,302,295,337,364
-2.02,-4.36,-8.71,0.03,-0.01,-0.04,428,302,295,337,364
-2.36,-4.06,-8.84,0.03,0.00,-0.03,428,303,295,337,364
-2.11,-4.12,-8.87,0.07,0.01,-0.03,427,303,295,337,364
-2.11,-4.19,-8.94,0.04,-0.00,-0.05,428,303,295,338,364
-2.15,-4.08,-8.79,0.05,-0.00,-0.05,428,303,295,337,364
-2.16,-4.21,-8.74,0.04,-0.00,-0.03,428,303,295,337,364
-2.00,-4.32,-8.89,0.03,0.00,-0.04,428,303,295,337,364
-2.06,-4.19,-9.01,0.01,-0.01,-0.03,428,303,295,337,364
-2.22,-4.24,-8.55,0.06,0.00,-0.05,428,302,295,337,364
-2.19,-4.33,-8.65,0.06,0.01,-0.03,428,302,295,337,364
-2.05,-4.34,-8.83,0.05,0.01,-0.04,428,302,295,337,364
-2.09,-4.39,-8.87,0.02,-0.01,-0.03,428,302,295,337,364
-2.00,-4.35,-8.75,0.03,-0.01,-0.03,428,302,295,337,364
END
-1.99,-4.38,-8.66,0.01,-0.01,-0.02,428,302,295,337,365
-1.92,-4.43,-8.81,0.04,-0.00,-0.03,428,302,295,337,364
-1.95,-4.47,-8.77,0.03,-0.00,-0.03,428,303,295,337,364
-1.91,-4.34,-8.76,0.03,-0.00,-0.03,428,303,295,337,364
-1.95,-4.41,-8.76,0.04,-0.00,-0.04,427,302,295,337,364
-2.20,-4.30,-8.67,0.04,0.01,-0.04,427,303,294,337,364
-1.92,-4.31,-8.79,0.05,0.01,-0.05,427,302,295,337,364
-2.04,-4.41,-8.80,0.04,0.00,-0.04,427,302,295,337,364
-1.80,-4.44,-9.12,0.03,-0.00,-0.03,427,302,295,337,364
-1.88,-4.44,-8.84,0.03,-0.01,-0.03,427,302,295,337,364
-1.92,-4.47,-8.79,0.04,-0.00,-0.04,427,302,295,337,364
-1.87,-4.54,-8.72,0.04,-0.00,-0.03,427,303,295,337,364
-1.94,-4.54,-8.68,0.03,-0.01,-0.03,427,303,295,337,364
-1.98,-4.36,-8.75,0.04,-0.00,-0.04,427,303,295,337,364
-2.07,-4.54,-8.43,0.04,-0.00,-0.04,427,302,295,337,364
-1.94,-4.51,-8.62,0.04,0.00,-0.04,427,302,295,337,364
-2.11,-4.59,-8.48,0.03,-0.00,-0.04,427,302,295,337,364
-2.17,-4.40,-8.59,0.02,-0.01,-0.02,427,303,295,337,364
-1.98,-4.47,-8.82,0.04,-0.00,-0.03,427,302,295,337,364
-1.84,-4.55,-8.66,0.03,-0.01,-0.04,427,302,295,337,364
-2.05,-4.51,-8.82,0.05,-0.00,-0.04,427,303,295,337,364
-2.12,-4.62,-8.45,0.04,0.01,-0.05,427,303,295,337,364
-1.84,-4.52,-8.95,0.03,0.00,-0.04,427,302,295,337,364
-1.97,-4.53,-8.70,0.01,-0.01,-0.02,426,302,295,337,363
-1.89,-4.45,-8.66,0.02,-0.02,-0.03,426,302,295,336,363
-2.01,-4.47,-8.63,0.01,-0.02,-0.04,426,302,295,336,363
-1.90,-4.45,-8.79,0.04,-0.00,-0.04,426,303,295,337,363
-1.90,-4.59,-8.87,0.03,-0.01,-0.03,426,302,295,337,363
-1.90,-4.59,-8.51,0.04,0.00,-0.04,426,303,295,337,363
-1.78,-4.48,-8.83,0.03,-0.00,-0.02,426,303,295,337,363
-1.93,-4.47,-8.56,0.04,0.00,-0.04,426,302,295,337,363
-1.82,-4.38,-8.79,0.04,-0.01,-0.05,426,303,295,337,363
-1.97,-4.63,-8.76,0.02,-0.02,-0.03,426,303,295,337,363
END
-2.39,-4.30,-9.00,0.03,-0.00,-0.03,425,302,295,337,363
-1.94,-4.62,-8.65,0.04,-0.00,-0.03,425,302,295,337,363
-2.05,-4.58,-8.48,0.03,-0.00,-0.02,425,302,295,337,363
-1.92,-4.60,-8.69,-0.00,-0.02,-0.02,425,302,295,337,363
-1.98,-4.45,-8.92,0.03,-0.01,-0.03,425,302,295,337,363
-2.02,-4.49,-8.71,0.03,-0.01,-0.03,425,302,295,337,362
-2.01,-4.47,-8.57,0.06,0.01,-0.04,425,302,295,337,363
-1.94,-4.56,-8.75,0.04,0.01,-0.03,425,302,295,337,363
-1.92,-4.62,-8.68,0.03,-0.01,-0.03,425,302,295,337,363
-1.84,-4.50,-8.75,0.03,0.00,-0.03,425,302,295,337,363
-1.92,-4.58,-8.70,0.01,-0.01,-0.02,425,302,295,337,363
-1.90,-4.48,-8.80,0.03,-0.01,-0.03,425,302,295,337,363
-2.02,-4.52,-8.74,0.04,-0.00,-0.04,425,302,295,337,363
-1.99,-4.57,-8.63,0.04,0.00,-0.03,425,302,295,337,363
-1.84,-4.44,-8.83,0.04,0.00,-0.04,425,303,295,336,362
-2.16,-4.58,-8.30,0.02,-0.01,-0.02,425,302,295,337,363
-1.97,-4.59,-8.72,0.03,-0.00,-0.03,425,302,295,337,363
-1.87,-4.49,-8.84,0.03,-0.01,-0.02,425,302,295,337,363
-2.12,-4.49,-8.45,0.05,0.01,-0.04,425,302,295,337,363
-2.03,-4.38,-8.74,0.04,-0.00,-0.02,425,302,295,337,363
-1.87,-4.47,-8.75,0.03,-0.01,-0.03,425,302,295,337,363
-1.99,-4.56,-8.59,0.03,0.00,-0.03,425,302,295,336,363
-2.02,-4.46,-8.73,0.03,0.00,-0.02,425,302,295,337,363
-1.93,-4.47,-8.73,0.04,0.01,-0.02,425,302,295,336,363
-1.87,-4.48,-8.73,0.03,-0.00,-0.03,425,303,295,337,363
-2.01,-4.57,-8.61,0.03,-0.01,-0.03,425,303,295,337,363
-1.76,-4.57,-8.84,0.04,0.00,-0.04,425,302,295,337,363
-1.93,-4.59,-8.79,0.04,0.00,-0.03,425,302,295,337,363
-2.06,-4.56,-8.78,0.03,-0.00,-0.03,425,303,295,337,363
-1.84,-4.55,-8.77,0.05,0.01,-0.02,426,302,295,337,363
-1.86,-4.64,-8.71,0.04,-0.01,-0.04,426,302,295,336,363
-2.23,-4.46,-8.90,0.03,-0.01,-0.03,426,302,295,337,364
-1.97,-4.59,-8.69,0.03,-0.01,-0.03,426,302,295,337,363
END
-1.82,-4.56,-8.86,0.03,-0.00,-0.03,426,303,295,337,363
-2.18,-4.63,-8.64,0.02,-0.01,-0.03,426,302,295,337,363
-1.84,-4.64,-8.81,0.04,0.00,-0.04,426,303,295,337,363
-1.97,-4.72,-8.69,0.04,0.00,-0.04,426,303,295,337,363
-1.99,-4.69,-8.49,0.03,0.00,-0.03,426,303,295,337,363
-2.07,-4.57,-8.53,0.03,-0.01,-0.03,426,303,295,337,363
-1.87,-4.54,-8.74,0.04,-0.00,-0.04,426,303,295,336,363
-1.90,-4.61,-8.68,0.03,-0.00,-0.02,426,302,295,337,363
-2.43,-4.59,-8.51,0.01,-0.00,-0.01,426,302,295,337,363
-1.93,-4.78,-8.49,0.04,-0.01,-0.03,426,302,294,337,363
-1.86,-4.54,-8.51,0.02,-0.01,-0.04,426,302,295,336,363
-2.09,-4.49,-8.66,0.04,0.01,-0.03,426,302,295,337,363
-2.04,-4.64,-8.32,0.03,0.00,-0.03,426,302,295,337,363
-1.83,-4.61,-8.77,0.03,-0.00,-0.04,426,303,295,337,363
-1.98,-4.58,-8.69,0.03,-0.00,-0.03,426,302,295,337,363
-1.97,-4.53,-8.59,0.03,0.00,-0.03,426,302,295,337,363
-1.94,-4.52,-8.65,0.03,-0.00,-0.03,425,302,295,337,363
-2.01,-4.60,-8.82,0.04,-0.00,-0.03,425,302,295,337,363
-1.97,-4.68,-8.69,0.04,0.00,-0.04,425,302,295,337,363
-1.82,-4.68,-8.55,0.01,0.00,-0.01,425,302,294,336,363
-2.07,-4.60,-8.61,0.02,-0.01,-0.01,425,302,295,336,363
-2.00,-4.46,-8.57,0.03,-0.00,-0.03,425,303,295,337,363
-1.93,-4.49,-8.74,0.02,-0.00,-0.04,425,302,295,337,363
-1.81,-4.51,-8.93,0.04,0.00,-0.03,425,302,295,337,363
-2.03,-4.65,-8.68,0.03,0.00,-0.03,425,303,295,337,363
-1.90,-4.55,-8.79,0.03,-0.00,-0.03,425,302,295,337,363
-1.96,-4.53,-8.62,0.04,-0.00,-0.03,425,302,295,336,363
-2.09,-4.60,-8.41,0.04,0.00,-0.03,425,302,295,337,363
-1.94,-4.47,-8.81,0.03,0.00,-0.03,425,302,295,336,363
-1.97,-4.55,-8.71,0.03,0.00,-0.04,425,302,295,337,363
-1.77,-4.61,-8.66,0.04,0.00,-0.04,425,302,295,337,363
-2.05,-4.52,-8.59,0.03,-0.00,-0.04,425,302,295,337,363
-1.92,-4.57,-8.89,0.04,0.00,-0.04,425,302,295,337,363
END
-1.98,-4.64,-8.69,0.02,-0.00,-0.03,424,302,295,337,363
-2.12,-4.67,-8.60,0.03,-0.01,-0.03,424,302,295,337,363
-1.99,-4.59,-8.63,0.03,-0.00,-0.05,424,302,295,337,363
-2.08,-4.55,-8.44,0.04,0.00,-0.03,424,302,295,337,363
-1.89,-4.69,-8.82,0.03,-0.00,-0.03,424,302,295,337,363
-1.99,-4.59,-8.78,0.04,0.00,-0.03,424,302,294,337,363
-1.93,-4.68,-8.35,0.04,0.00,-0.02,424,301,295,337,363
-1.83,-4.77,-8.81,0.03,-0.01,-0.03,424,302,295,337,363
-1.97,-4.60,-8.45,0.03,-0.01,-0.03,424,302,295,337,363
-1.98,-4.54,-8.69,0.04,0.00,-0.04,424,302,295,337,363
-1.90,-4.62,-8.68,0.05,0.01,-0.04,424,302,295,337,363
-1.81,-4.67,-8.66,0.04,-0.00,-0.03,424,302,295,337,363
-1.92,-4.67,-8.71,0.02,-0.01,-0.02,424,302,295,337,363
-1.97,-4.67,-8.65,0.03,-0.00,-0.03,424,302,295,336,363
-1.80,-4.48,-8.73,0.03,-0.00,-0.03,424,302,295,337,363
-2.02,-4.74,-8.42,0.03,0.00,-0.03,424,303,295,337,363
-1.92,-4.61,-8.79,0.02,-0.01,-0.03,424,303,295,337,363
-1.98,-4.60,-8.51,0.03,0.00,-0.03,424,302,295,337,363
-1.89,-4.62,-8.59,0.04,-0.01,-0.03,424,302,295,337,363
-2.00,-4.64,-8.60,0.02,-0.01,-0.03,424,302,294,337,363
-2.00,-4.51,-8.75,0.05,0.00,-0.04,424,302,295,337,363
-1.94,-4.61,-8.79,0.03,-0.00,-0.03,424,302,294,337,363
-1.98,-4.68,-8.63,0.02,-0.00,-0.02,423,302,295,337,363
-2.03,-4.57,-8.71,0.03,0.00,-0.03,423,302,295,337,362
-1.76,-4.57,-8.89,0.04,-0.00,-0.03,423,302,295,337,363
-1.89,-4.70,-8.68,0.03,-0.00,-0.03,423,302,295,337,363
-1.88,-4.63,-8.71,0.02,-0.00,-0.03,423,302,295,337,363
-1.81,-4.42,-8.84,0.03,0.00,-0.03,424,302,295,337,363
-2.12,-4.57,-8.65,0.03,-0.00,-0.04,424,302,295,337,363
-1.93,-4.63,-8.54,0.04,0.00,-0.03,424,303,295,337,363
-2.09,-4.70,-8.50,0.03,-0.01,-0.03,424,302,295,337,363
-1.94,-4.57,-9.02,0.03,0.00,-0.03,423,302,295,337,363
-1.99,-4.62,-8.39,0.04,-0.00,-0.03,423,302,295,337,363
END
-1.80,-4.59,-8.93,0.04,-0.00,-0.03,423,302,295,337,363
-1.77,-4.55,-9.09,0.04,0.00,-0.04,423,302,295,337,362
-1.95,-4.77,-8.59,0.04,0.00,-0.02,423,302,295,337,362
-1.79,-4.55,-8.85,0.02,-0.00,-0.03,423,302,295,337,363
-1.87,-4.66,-8.64,0.03,-0.00,-0.03,423,302,295,337,363
-1.92,-4.61,-8.45,0.04,0.00,-0.04,423,303,295,337,363
-1.82,-4.61,-9.05,0.03,-0.00,-0.03,423,302,295,336,363
-1.84,-4.57,-8.77,0.03,-0.01,-0.02,423,302,295,337,363
-1.93,-4.76,-8.54,0.04,-0.00,-0.03,423,302,295,337,363
-1.97,-4.72,-8.67,0.02,-0.01,-0.02,423,303,295,337,363
-1.98,-4.59,-8.64,0.04,0.01,-0.04,423,302,295,337,363
-1.91,-4.64,-8.61,0.02,-0.01,-0.02,423,302,295,337,362
-1.96,-4.62,-8.70,0.04,-0.00,-0.04,423,302,295,337,363
-2.02,-4.59,-8.74,0.04,0.00,-0.03,423,302,295,337,363
-1.99,-4.68,-8.64,0.03,0.00,-0.02,423,302,295,337,363
-2.02,-4.67,-8.63,0.03,-0.00,-0.03,423,302,295,337,363
-1.94,-4.67,-8.58,0.04,-0.00,-0.04,423,302,295,337,363
-1.79,-4.69,-8.84,0.02,-0.01,-0.03,423,302,295,336,363
-1.82,-4.76,-8.84,0.03,-0.00,-0.03,423,302,295,336,363
-1.82,-4.72,-8.82,0.01,-0.01,-0.03,423,302,295,336,363
-2.07,-4.68,-8.58,0.04,0.00,-0.03,423,303,295,337,362
-1.99,-4.65,-8.58,0.03,0.00,-0.04,423,302,295,337,362
-1.87,-4.63,-8.49,0.02,-0.01,-0.03,423,302,295,336,362
-2.01,-4.62,-8.50,0.04,-0.00,-0.04,423,302,295,336,363
-1.94,-4.64,-8.57,0.04,0.00,-0.04,423,302,295,337,363
-2.04,-4.68,-8.60,0.05,-0.00,-0.03,423,302,295,337,363
-1.78,-4.69,-8.81,0.02,-0.02,-0.03,423,302,295,337,363
-2.09,-4.60,-8.71,0.03,-0.01,-0.03,423,302,295,337,363
-1.92,-4.61,-8.69,0.03,-0.01,-0.03,423,302,295,337,362
-2.03,-4.66,-8.69,0.04,0.01,-0.03,423,302,295,337,362
-2.01,-4.62,-8.72,0.03,0.00,-0.03,423,302,295,336,362
-1.88,-4.66,-8.76,0.03,0.00,-0.03,423,302,295,336,362
-1.97,-4.73,-8.41,0.04,0.00,-0.04,423,302,295,337,362
END
-1.97,-4.65,-8.47,0.04,-0.00,-0.03,423,302,295,336,363
-1.87,-4.90,-8.76,0.04,0.00,-0.04,422,302,295,337,363
-2.11,-4.72,-8.54,0.02,-0.01,-0.02,422,302,295,337,362
-1.92,-4.67,-8.58,0.03,0.00,-0.03,422,302,295,337,362
-1.79,-4.59,-8.81,0.03,-0.00,-0.04,422,302,295,336,362
-1.97,-4.68,-8.42,0.05,0.00,-0.04,422,302,295,336,362
-1.93,-4.81,-8.61,0.04,0.00,-0.03,422,302,296,337,362
-1.90,-4.64,-8.87,0.03,-0.00,-0.02,422,303,295,337,362
-1.86,-4.61,-8.64,0.03,-0.00,-0.03,422,302,295,337,362
-1.93,-4.73,-8.63,0.03,0.00,-0.03,422,302,295,336,362
-1.95,-4.78,-8.36,0.03,-0.00,-0.03,422,302,295,337,362
-1.90,-4.73,-8.54,0.03,-0.00,-0.03,422,302,295,337,362
-1.84,-4.67,-8.71,0.03,0.00,-0.04,422,302,295,337,362
-2.00,-4.76,-8.56,0.04,-0.00,-0.04,422,302,295,337,362
-1.92,-4.69,-8.58,0.03,-0.00,-0.03,422,302,295,337,362
-1.92,-4.67,-8.50,0.04,0.00,-0.04,422,303,295,336,361
-1.89,-4.75,-8.69,0.02,-0.00,-0.04,422,302,295,337,362
-1.90,-4.86,-8.35,0.03,-0.00,-0.03,422,302,295,336,362
-1.89,-4.64,-8.88,0.03,0.00,-0.04,422,302,295,336,362
-1.99,-4.77,-8.60,0.03,0.00,-0.02,422,302,295,336,362
-1.74,-4.72,-8.71,0.03,-0.01,-0.03,422,302,295,337,362
-1.89,-4.76,-8.79,0.03,-0.00,-0.03,422,302,295,337,362
-2.00,-4.67,-8.61,0.03,-0.00,-0.03,422,302,295,337,362
-2.00,-4.74,-8.56,0.04,0.00,-0.03,422,302,295,336,362
-1.81,-4.65,-8.75,0.04,-0.00,-0.03,422,302,295,337,362
-1.79,-4.57,-8.72,0.03,0.00,-0.04,422,302,295,336,362
-2.00,-4.79,-8.48,0.03,-0.00,-0.03,422,302,295,337,362
-1.95,-4.74,-8.73,0.03,0.00,-0.03,422,303,295,337,362
-2.01,-4.65,-8.63,0.02,0.00,-0.03,422,302,295,337,362
-1.98,-4.69,-8.66,0.03,0.01,-0.03,422,302,295,337,362
-1.83,-4.86,-8.44,0.03,0.01,-0.04,422,302,295,337,362
-1.84,-4.68,-8.71,0.02,-0.00,-0.03,422,302,295,337,362
-1.81,-4.62,-8.68,0.03,-0.00,-0.03,422,302,295,337,362
END
-1.88,-4.85,-8.54,0.03,-0.00,-0.04,422,302,295,337,362
-2.01,-4.68,-8.74,0.03,-0.01,-0.03,422,302,295,337,363
-1.82,-4.82,-8.61,0.04,0.01,-0.04,422,302,295,337,362
-1.84,-5.00,-8.24,0.03,0.00,-0.04,422,302,295,336,362
-1.80,-4.81,-8.59,0.03,-0.00,-0.02,422,302,295,336,362
-1.88,-4.80,-8.69,0.04,-0.00,-0.03,422,302,295,337,362
-1.89,-4.87,-8.51,0.03,-0.00,-0.04,422,302,295,337,362
-1.92,-4.78,-8.56,0.03,0.00,-0.03,422,302,295,337,362
-1.81,-4.75,-8.75,0.03,-0.00,-0.03,422,302,295,337,362
-1.81,-4.83,-8.52,0.01,-0.01,-0.02,422,303,295,337,362
-3.57,-4.82,-8.61,0.03,0.00,-0.03,422,303,295,337,362
-1.92,-4.84,-8.36,0.02,-0.00,-0.03,422,302,295,337,362
-1.81,-4.79,-8.39,0.02,-0.01,-0.02,422,302,295,337,363
-1.97,-4.80,-8.32,0.03,-0.00,-0.02,422,302,295,337,362
-1.97,-4.78,-8.42,0.02,-0.00,-0.03,422,302,295,336,362
-1.94,-4.83,-8.26,0.04,0.00,-0.04,422,302,295,337,362
-2.01,-4.82,-8.56,0.03,-0.00,-0.04,422,302,295,337,363
-1.85,-4.81,-8.81,0.04,-0.00,-0.03,422,302,295,337,362
-1.79,-4.71,-8.81,0.04,0.00,-0.03,422,302,295,337,362
-1.74,-4.71,-8.71,0.05,0.01,-0.03,422,302,295,337,362
-1.91,-4.88,-8.38,0.03,-0.00,-0.03,422,302,295,337,363
-1.97,-4.82,-8.45,0.02,-0.00,-0.03,422,302,295,337,362
-1.87,-4.73,-8.46,0.02,-0.00,-0.02,422,302,295,337,362
-1.95,-4.76,-8.34,0.04,-0.00,-0.04,422,302,295,336,362
-1.93,-4.82,-8.60,0.03,-0.01,-0.03,422,302,295,337,362
-1.82,-4.69,-9.00,0.03,-0.00,-0.03,422,302,295,337,362
-2.12,-4.80,-8.33,0.04,0.01,-0.03,422,302,295,337,362
-1.69,-4.87,-8.49,0.03,-0.00,-0.03,422,302,295,337,362
-1.87,-4.85,-8.56,0.01,-0.02,-0.03,422,302,295,337,363
-1.87,-4.72,-8.66,0.02,-0.01,-0.04,422,302,295,337,362
-1.91,-4.69,-8.64,0.02,-0.00,-0.03,422,302,294,336,362
-1.79,-4.60,-8.83,0.04,0.00,-0.03,422,302,295,336,362
-1.74,-4.65,-8.98,0.03,-0.00,-0.03,422,302,295,336,363
END
-1.92,-4.68,-8.59,0.03,0.00,-0.03,422,302,295,337,362
-2.00,-4.84,-8.63,0.04,0.01,-0.03,422,302,295,337,362
-1.79,-4.85,-8.46,0.02,0.00,-0.03,422,302,295,337,362
-1.88,-4.65,-8.69,0.02,-0.01,-0.02,422,302,295,337,362
-2.05,-4.65,-8.53,0.03,0.00,-0.03,422,302,295,337,362
-1.84,-4.74,-8.57,0.04,0.00,-0.04,422,302,295,337,362
-1.79,-4.78,-8.83,0.03,-0.00,-0.03,422,302,295,336,362
-1.84,-4.62,-8.91,0.02,-0.00,-0.03,422,302,295,336,362
-2.02,-4.79,-8.46,0.03,0.01,-0.03,422,302,295,336,362
-2.01,-4.84,-8.43,0.03,-0.00,-0.03,422,302,295,336,362
-2.01,-4.81,-8.58,0.03,0.00,-0.03,422,302,295,336,362
-1.94,-4.77,-8.58,0.03,0.00,-0.03,422,302,295,337,362
-1.93,-4.67,-8.62,0.03,-0.00,-0.02,422,302,295,336,362
-2.05,-4.65,-8.76,0.05,0.01,-0.04,422,302,295,337,362
-1.72,-4.76,-8.71,0.04,-0.00,-0.04,422,302,295,337,362
-1.84,-4.73,-8.62,0.03,-0.01,-0.04,422,302,295,337,362
-1.96,-4.69,-8.60,0.03,0.01,-0.04,422,302,295,336,362
-1.95,-4.67,-8.69,0.03,-0.00,-0.04,422,302,295,337,362
-2.02,-4.73,-8.53,0.04,-0.01,-0.04,422,302,295,337,362
-1.83,-4.75,-8.58,0.04,0.00,-0.03,422,302,295,337,362
-1.92,-4.87,-8.51,0.04,0.00,-0.03,422,302,295,337,362
-1.93,-4.80,-8.43,0.03,-0.00,-0.03,422,302,295,337,362
-1.91,-4.72,-8.69,0.03,-0.01,-0.03,422,302,295,337,362
-1.77,-4.75,-8.64,0.04,-0.00,-0.04,422,302,295,337,362
-1.95,-4.83,-8.36,0.03,-0.00,-0.03,422,302,295,337,362
-1.96,-4.74,-8.46,0.03,0.00,-0.03,422,302,295,337,362
-1.87,-4.79,-8.65,0.03,-0.00,-0.03,422,302,295,336,362
-1.99,-4.80,-8.39,0.03,-0.00,-0.04,421,302,295,336,362
-2.00,-4.76,-8.65,0.02,-0.00,-0.02,422,302,295,336,362
-1.92,-4.72,-8.56,0.04,0.00,-0.03,422,302,295,337,362
-1.77,-4.75,-8.82,0.04,-0.00,-0.03,422,302,295,337,362
-1.72,-4.71,-8.94,0.03,-0.01,-0.04,422,302,295,337,362
-1.98,-4.82,-8.63,0.04,0.00,-0.03,422,302,295,337,362
END
-1.88,-4.87,-8.50,0.03,-0.00,-0.03,421,302,295,337,362
-1.75,-4.84,-8.59,0.02,-0.00,-0.03,421,302,295,337,362
-1.67,-4.85,-8.99,0.03,-0.00,-0.03,421,302,295,336,362
-1.84,-4.93,-8.41,0.04,0.02,-0.03,421,302,295,337,362
-1.94,-4.87,-8.10,0.03,-0.01,-0.03,421,302,295,337,362
-1.89,-4.87,-8.38,0.03,-0.00,-0.03,421,302,295,337,362
-1.76,-4.82,-8.74,0.03,0.00,-0.03,421,302,295,337,362
-1.91,-4.82,-8.39,0.03,0.00,-0.03,421,302,295,337,362
-1.69,-4.86,-8.56,0.03,-0.00,-0.04,421,302,295,337,362
-2.13,-4.95,-8.18,0.03,-0.00,-0.02,421,302,295,336,362
-1.84,-4.79,-8.71,0.03,-0.00,-0.03,421,302,295,337,362
-1.86,-5.02,-8.33,0.03,-0.00,-0.03,421,302,295,336,362
-1.90,-4.82,-8.47,0.03,-0.00,-0.04,421,302,295,336,362
-1.82,-4.78,-8.64,0.03,-0.00,-0.03,421,302,295,337,362
-1.88,-4.87,-8.49,0.02,0.00,-0.03,421,302,295,336,362
-1.80,-4.90,-8.58,0.02,-0.00,-0.03,421,302,295,337,362
-1.93,-4.74,-8.51,0.03,0.01,-0.03,421,302,295,337,362
-1.95,-4.81,-8.61,0.02,-0.01,-0.03,421,302,295,337,362
-2.02,-4.93,-8.43,0.03,-0.00,-0.03,421,302,295,337,362
-1.96,-4.91,-8.39,0.04,0.00,-0.03,421,302,295,337,362
-1.96,-4.84,-8.35,0.03,-0.01,-0.03,421,302,295,337,362
-1.83,-4.64,-8.59,0.03,0.00,-0.03,421,302,295,337,362
-1.95,-4.79,-8.40,0.04,0.01,-0.04,421,303,295,336,362
-1.96,-4.89,-8.33,0.03,-0.01,-0.03,421,303,295,337,362
-2.00,-4.80,-8.23,0.04,-0.00,-0.04,421,302,295,336,362
-1.78,-4.79,-8.48,0.04,0.00,-0.03,421,302,295,337,362
-1.89,-4.81,-8.56,0.04,0.00,-0.03,421,302,295,336,362
-1.77,-4.92,-8.51,0.03,-0.00,-0.03,421,302,295,337,362
-1.97,-4.84,-8.31,0.03,-0.00,-0.03,421,302,295,336,362
-1.91,-4.77,-8.37,0.03,0.00,-0.03,421,302,295,337,362
-1.82,-4.87,-8.60,0.04,-0.00,-0.03,421,302,295,337,362
-1.82,-4.91,-8.69,0.03,-0.00,-0.03,421,302,295,337,362
-1.95,-4.70,-8.66,0.02,-0.01,-0.02,421,302,295,337,362
END
-1.93,-4.84,-8.52,0.03,0.00,-0.02,421,302,295,337,362
-1.93,-5.03,-8.28,0.04,0.00,-0.04,421,304,295,337,362
-1.84,-4.87,-8.66,0.02,-0.00,-0.02,421,302,295,337,362
-1.92,-4.93,-8.49,0.02,-0.00,-0.03,421,302,295,337,362
-1.95,-4.76,-8.74,0.04,-0.00,-0.04,421,303,295,337,362
-1.84,-4.86,-8.41,0.04,0.00,-0.03,421,302,295,337,362
-1.90,-5.00,-8.44,0.03,-0.00,-0.03,421,302,295,337,362
-1.79,-4.85,-8.82,0.02,-0.00,-0.03,421,302,295,337,362
-1.99,-4.89,-8.45,0.04,-0.00,-0.03,420,303,295,337,362
-1.84,-4.83,-8.60,0.04,-0.00,-0.03,421,302,295,337,361
-1.82,-5.07,-8.51,0.03,0.00,-0.03,420,302,295,336,362
-1.87,-4.88,-8.43,0.02,-0.00,-0.03,420,302,295,337,362
-1.80,-4.81,-8.61,0.03,-0.00,-0.03,421,302,295,337,362
-1.70,-4.87,-8.52,0.04,0.00,-0.03,421,302,295,337,362
-1.78,-5.10,-8.57,0.03,-0.00,-0.03,421,302,295,337,362
-1.91,-4.95,-8.56,0.02,-0.01,-0.02,421,302,295,337,362
-1.92,-4.82,-8.50,0.03,0.00,-0.03,420,302,295,337,362
-1.83,-4.82,-8.51,0.04,0.00,-0.04,421,302,295,337,362
-1.74,-4.90,-8.56,0.03,-0.00,-0.03,420,302,295,337,362
-1.78,-4.89,-8.56,0.03,0.00,-0.04,420,302,295,337,362
-1.91,-4.95,-8.43,0.04,-0.00,-0.04,420,302,295,336,362
-1.84,-4.95,-8.39,0.02,-0.01,-0.03,420,302,295,337,362
-1.88,-4.91,-8.59,0.03,-0.01,-0.04,420,302,295,337,362
-1.93,-4.88,-8.49,0.02,-0.00,-0.03,420,302,295,337,362
-1.95,-4.76,-8.48,0.03,-0.01,-0.03,421,302,295,337,362
-1.79,-4.92,-8.39,0.04,-0.00,-0.04,420,302,295,337,362
-1.87,-4.95,-8.42,0.03,-0.00,-0.03,420,302,295,337,362
-1.77,-4.81,-8.71,0.03,-0.00,-0.03,421,302,294,337,362
-1.86,-4.80,-8.56,0.03,0.00,-0.03,420,302,295,336,362
-1.78,-4.90,-8.54,0.03,-0.00,-0.03,421,302,295,336,362
-1.92,-4.87,-8.37,0.03,-0.00,-0.03,420,302,295,336,362
-1.88,-4.86,-8.64,0.03,0.00,-0.03,420,302,295,336,361
-1.81,-4.95,-8.28,0.03,-0.00,-0.03,420,303,295,337,362
END
-3.52,-4.86,-8.42,0.03,-0.00,-0.03,420,302,295,337,362
-1.92,-4.74,-8.54,0.03,-0.00,-0.03,420,302,295,337,361
-1.97,-4.82,-8.41,0.04,0.00,-0.03,420,302,295,336,362
-1.73,-4.83,-8.49,0.04,-0.00,-0.03,420,302,295,336,362
-1.88,-4.97,-8.41,0.04,-0.01,-0.04,420,302,295,336,361
-1.88,-4.84,-8.44,0.03,0.00,-0.03,420,302,295,336,361
-1.79,-4.90,-8.49,0.03,0.00,-0.03,420,302,295,337,362
-1.84,-4.79,-8.48,0.04,-0.00,-0.04,420,302,295,337,362
-1.95,-4.87,-8.43,0.03,-0.00,-0.03,420,302,295,337,362
-1.74,-4.89,-8.46,0.03,-0.00,-0.04,420,302,295,337,362
-1.83,-4.85,-8.46,0.03,-0.00,-0.03,420,302,295,337,361
-1.87,-4.79,-8.79,0.03,0.00,-0.03,420,302,295,337,362
-1.82,-4.85,-8.48,0.04,-0.00,-0.03,420,302,295,336,362
-1.77,-4.92,-8.52,0.03,-0.01,-0.03,420,302,295,337,362
-1.95,-4.87,-8.47,0.03,-0.00,-0.03,420,302,295,336,361
-1.96,-4.74,-8.36,0.03,0.00,-0.03,420,302,295,337,361
-1.67,-4.71,-8.94,0.03,0.00,-0.03,420,302,295,336,361
-1.92,-4.87,-8.55,0.03,0.00,-0.03,420,302,295,337,361
-1.85,-4.86,-8.59,0.03,0.00,-0.03,420,302,295,337,362
-1.74,-4.81,-8.49,0.04,-0.00,-0.03,420,302,295,337,361
-1.79,-4.81,-8.54,0.04,-0.00,-0.04,420,302,295,337,362
-1.85,-4.92,-8.48,0.04,-0.00,-0.03,420,302,295,337,362
-1.79,-4.87,-8.45,0.03,-0.00,-0.03,420,302,295,337,362
-1.86,-4.91,-8.54,0.03,-0.00,-0.03,420,302,295,336,361
-1.95,-4.77,-8.43,0.04,-0.00,-0.03,420,302,295,337,361
-1.79,-4.87,-8.58,0.03,0.00,-0.03,420,302,295,337,361
-1.84,-4.90,-8.45,0.04,-0.00,-0.04,420,302,295,337,361
-1.87,-4.81,-8.49,0.02,-0.01,-0.03,420,302,295,337,362
-1.82,-4.77,-8.36,0.04,-0.00,-0.03,420,303,295,337,361
-1.84,-4.88,-8.46,0.04,-0.00,-0.03,420,302,295,337,361
-1.97,-4.91,-8.28,0.04,-0.00,-0.03,420,302,295,337,362
-1.82,-4.93,-8.58,0.02,-0.01,-0.03,420,303,295,337,362
-1.84,-4.82,-8.50,0.03,0.00,-0.03,420,302,295,337,361
END
-1.74,-4.90,-8.71,0.04,0.00,-0.03,420,302,295,337,361
-1.79,-4.93,-8.48,0.02,-0.00,-0.03,420,302,295,337,361
-1.90,-4.90,-8.47,0.03,-0.00,-0.03,420,302,295,337,361
-1.91,-4.91,-8.43,0.04,-0.00,-0.04,419,302,295,337,361
-1.92,-4.95,-8.37,0.03,-0.00,-0.03,420,303,295,337,361
-1.87,-4.89,-8.45,0.03,-0.00,-0.03,420,302,295,337,361
-1.84,-4.84,-8.46,0.04,0.00,-0.04,420,302,295,337,362
-1.84,-4.82,-8.51,0.04,-0.00,-0.03,420,302,295,337,361
-1.77,-4.96,-8.42,0.03,-0.01,-0.04,420,302,295,337,361
-1.76,-4.84,-8.80,0.02,-0.00,-0.03,420,303,295,337,361
-1.92,-4.90,-8.44,0.03,-0.00,-0.03,419,302,295,337,361
-1.79,-4.92,-8.55,0.03,-0.00,-0.03,419,302,295,337,361
-1.84,-4.88,-8.63,0.03,-0.00,-0.03,419,302,295,337,361
-1.78,-4.97,-8.46,0.01,-0.01,-0.02,420,302,295,336,361
-1.83,-4.91,-8.48,0.04,-0.00,-0.03,420,302,295,337,361
-1.97,-4.93,-8.29,0.02,-0.00,-0.02,420,303,295,337,361
-1.93,-4.92,-8.38,0.04,0.01,-0.03,420,302,295,337,361
-1.78,-4.97,-8.39,0.03,-0.00,-0.04,420,303,295,337,362
-1.82,-5.01,-8.58,0.01,-0.01,-0.02,420,302,295,337,361
-1.84,-4.77,-8.68,0.01,-0.02,-0.02,420,302,295,336,361
-1.74,-4.92,-8.41,0.02,-0.01,-0.03,419,303,295,337,361
-1.76,-4.85,-8.52,0.04,-0.01,-0.03,420,303,295,337,361
-1.97,-4.90,-8.48,0.03,0.00,-0.03,420,302,295,337,361
-1.84,-4.82,-8.51,0.03,0.00,-0.02,420,303,295,336,361
-1.86,-4.85,-8.48,0.04,-0.01,-0.03,420,302,295,337,361
-1.89,-4.89,-8.54,0.04,0.00,-0.04,420,303,295,337,361
-1.97,-4.90,-8.46,0.03,0.00,-0.04,420,302,295,337,361
-1.81,-4.76,-8.48,0.04,-0.02,-0.04,420,303,295,337,361
-1.85,-4.85,-8.54,0.04,0.01,-0.04,420,303,295,337,361
-1.88,-4.90,-8.49,0.04,0.01,-0.04,420,302,295,336,361
-1.79,-4.92,-8.55,0.03,-0.00,-0.03,419,302,295,337,361
-1.92,-4.76,-8.55,0.02,-0.01,-0.03,420,303,295,336,361
-1.69,-4.97,-8.51,0.04,0.00,-0.04,419,303,295,337,361
END
-1.97,-4.92,-8.41,0.03,-0.00,-0.03,419,302,295,337,361
-1.83,-4.85,-8.46,0.04,0.00,-0.03,419,302,295,337,361
-1.87,-4.85,-8.41,0.04,0.00,-0.04,419,302,295,337,361
-1.84,-4.93,-8.54,0.04,-0.02,-0.04,419,303,295,337,361
-2.02,-4.96,-8.64,0.03,-0.00,-0.01,419,303,296,337,361
-1.59,-4.81,-8.71,0.01,0.01,-0.02,419,303,295,337,361
-1.78,-4.82,-8.41,0.04,0.00,-0.02,419,302,295,337,361
-1.88,-4.91,-8.54,0.03,-0.01,-0.04,419,302,295,336,361
-2.02,-5.05,-8.34,0.04,0.00,-0.03,419,303,294,336,361
-1.77,-4.87,-8.51,0.03,-0.00,-0.03,419,302,297,337,361
-1.86,-4.85,-8.46,0.04,0.00,-0.04,419,303,295,337,361
-1.84,-4.92,-8.66,0.02,-0.01,-0.03,419,303,295,337,361
-1.85,-4.85,-8.43,0.04,0.00,-0.03,419,303,295,337,361
-1.64,-4.86,-8.56,0.03,-0.01,-0.03,419,303,295,337,361
-1.94,-4.85,-8.54,0.03,-0.02,-0.03,419,303,295,337,361
-1.92,-4.82,-8.57,0.04,0.00,-0.04,419,303,295,336,361
-1.95,-4.92,-8.32,0.04,0.01,-0.04,419,302,296,337,361
-1.83,-4.98,-8.51,0.03,-0.00,-0.03,419,303,295,337,361
-1.77,-4.87,-8.48,0.04,-0.00,-0.04,419,302,295,336,361
-1.76,-4.90,-8.54,0.03,-0.00,-0.03,419,302,295,337,361
-1.87,-4.96,-8.53,0.03,-0.00,-0.03,419,303,295,336,361
-1.83,-4.91,-8.48,0.03,-0.00,-0.03,419,303,295,337,361
-1.78,-4.95,-8.58,0.02,-0.00,-0.03,419,303,295,337,361
-1.95,-4.82,-8.44,0.04,0.00,-0.04,419,303,295,337,361
-1.75,-4.97,-8.39,0.04,0.01,-0.03,419,303,295,337,361
-1.78,-5.04,-8.40,0.04,-0.00,-0.03,419,302,295,337,361
-1.79,-4.92,-8.56,0.02,-0.01,-0.03,419,303,295,337,361
-1.74,-4.87,-8.53,0.02,0.00,-0.03,419,303,295,337,361
-1.83,-4.93,-8.50,0.03,-0.00,-0.04,419,303,295,337,361
-1.79,-4.94,-8.28,0.04,-0.00,-0.04,419,303,295,337,361
-1.91,-4.95,-8.45,0.03,-0.01,-0.03,419,303,295,337,361
-1.86,-4.88,-8.41,0.02,-0.01,-0.03,419,303,295,337,361
-1.84,-4.91,-8.35,0.04,0.00,-0.04,419,303,295,337,361
END
-1.76,-4.95,-8.53,0.03,-0.01,-0.03,419,302,295,337,361
-1.96,-4.94,-8.53,0.02,-0.00,-0.03,419,302,295,337,361
-1.81,-4.87,-8.39,0.02,-0.01,-0.02,419,303,295,337,361
-1.74,-4.93,-8.64,0.03,-0.00,-0.03,418,303,295,338,361
-1.82,-4.93,-8.41,0.03,0.00,-0.04,419,302,295,336,361
-1.88,-4.85,-8.41,0.03,-0.01,-0.04,419,303,295,336,361
-1.92,-4.86,-8.56,0.02,-0.00,-0.03,419,303,295,337,361
-1.93,-5.00,-8.30,0.03,0.00,-0.03,419,303,295,337,361
-1.69,-4.97,-8.69,0.03,-0.00,-0.04,419,303,295,337,361
-1.90,-4.89,-8.59,0.03,-0.01,-0.03,419,303,295,337,361
-1.97,-4.90,-8.43,0.04,0.00,-0.03,419,303,295,337,361
-1.78,-4.90,-8.59,0.03,0.00,-0.03,419,303,295,337,361
-1.87,-4.95,-8.35,0.03,-0.00,-0.03,419,302,295,337,361
-1.90,-4.97,-8.37,0.04,-0.00,-0.03,419,302,295,337,361
-1.84,-4.94,-8.54,0.03,-0.00,-0.03,419,303,295,337,361
-1.74,-4.84,-8.76,0.03,-0.00,-0.03,418,303,295,337,361
-1.98,-4.98,-8.33,0.04,0.00,-0.03,419,303,295,337,361
-1.90,-4.98,-8.20,0.03,-0.00,-0.04,419,303,295,337,361
-1.74,-4.92,-8.84,0.02,0.00,-0.03,419,303,295,337,361
-1.90,-4.97,-8.37,0.02,0.00,-0.03,419,303,295,337,361
-1.93,-4.92,-8.30,0.03,0.01,-0.04,419,303,295,337,361
-1.76,-4.91,-8.53,0.03,0.00,-0.03,419,303,295,337,361
-1.87,-4.91,-8.41,0.03,-0.01,-0.03,419,303,295,337,361
-1.90,-4.87,-8.31,0.04,-0.01,-0.03,419,303,295,336,361
-1.89,-5.02,-8.26,0.04,-0.00,-0.04,419,303,295,337,361
-1.84,-5.02,-8.38,0.03,-0.00,-0.03,418,303,295,337,361
-1.84,-4.95,-8.45,0.03,0.00,-0.03,419,303,295,337,361
-1.88,-4.93,-8.39,0.03,-0.00,-0.04,419,303,295,337,361
-1.90,-4.88,-8.57,0.04,-0.00,-0.03,419,303,295,336,361
-1.74,-5.00,-8.43,0.04,0.00,-0.03,419,303,295,337,361
-1.74,-4.92,-8.47,0.03,-0.00,-0.03,419,303,295,337,361
-2.01,-4.99,-8.43,0.03,-0.01,-0.03,419,303,295,336,361
-1.54,-4.84,-8.92,0.03,-0.00,-0.03,418,303,295,337,361
END
-1.67,-4.90,-8.66,0.03,-0.00,-0.04,418,303,295,336,361
-1.82,-4.91,-8.64,0.03,-0.00,-0.03,418,303,295,337,361
-1.95,-4.99,-8.23,0.03,-0.01,-0.03,418,303,295,337,361
-1.71,-4.91,-8.60,0.04,0.00,-0.03,418,303,295,337,361
-1.80,-5.11,-8.33,0.02,-0.00,-0.02,418,303,295,337,361
-2.07,-4.97,-8.09,0.03,-0.00,-0.03,418,303,295,337,361
-1.77,-4.98,-8.46,0.04,0.00,-0.04,418,303,295,337,361
-1.77,-5.08,-8.44,0.02,-0.00,-0.03,418,303,295,337,361
-1.80,-5.00,-8.38,0.03,-0.00,-0.03,418,303,296,337,361
-1.80,-4.90,-8.43,0.03,0.00,-0.03,418,303,295,337,361
-1.82,-4.89,-8.43,0.03,-0.00,-0.03,418,302,295,337,361
-1.82,-5.00,-8.48,0.03,-0.00,-0.03,418,302,295,337,361
-1.81,-5.00,-8.46,0.03,-0.00,-0.04,418,303,295,337,361
-1.83,-5.04,-8.47,0.03,-0.00,-0.04,418,303,295,337,361
-1.90,-4.95,-8.40,0.04,-0.00,-0.04,418,303,295,337,361
-1.72,-4.97,-8.50,0.04,0.00,-0.05,418,303,295,337,361
-1.77,-5.16,-8.18,0.04,0.01,-0.04,418,303,295,337,361
-1.58,-5.05,-8.54,0.03,-0.00,-0.03,417,303,295,337,361
-2.02,-4.94,-8.34,0.03,0.00,-0.02,418,303,295,336,361
-1.87,-4.87,-8.33,0.03,-0.00,-0.03,418,303,295,337,361
-1.79,-4.94,-8.48,0.03,-0.00,-0.03,418,303,295,337,361
-1.72,-5.00,-8.45,0.04,0.00,-0.03,418,303,295,338,361
-1.67,-5.03,-8.51,0.05,0.01,-0.04,418,303,295,336,361
-1.77,-5.01,-8.48,0.04,0.01,-0.03,418,303,295,337,361
-1.95,-5.00,-8.12,0.03,-0.00,-0.03,418,303,295,337,361
-1.82,-5.09,-8.32,0.03,-0.00,-0.03,418,303,295,337,361
-1.70,-5.09,-8.36,0.03,0.00,-0.03,418,303,295,337,361
-1.76,-5.00,-8.46,0.03,-0.00,-0.03,418,304,295,337,361
-1.92,-5.08,-8.19,0.02,-0.01,-0.03,418,303,296,337,361
-1.86,-4.95,-8.55,0.03,0.00,-0.03,418,303,295,337,361
-1.51,-4.91,-8.71,0.04,-0.00,-0.04,418,303,295,337,360
-1.79,-5.06,-8.55,0.04,-0.00,-0.03,418,302,295,337,361
-1.69,-4.93,-8.48,0.02,-0.00,-0.02,418,303,295,337,361
END
-1.60,-5.72,-8.13,0.03,0.01,-0.02,417,302,295,336,361
-1.62,-5.55,-8.27,0.04,0.01,-0.03,417,303,295,336,361
-1.57,-5.56,-8.14,0.03,0.00,-0.03,417,302,295,336,361
-1.49,-5.51,-8.23,0.03,0.00,-0.03,417,303,295,336,361
-1.71,-5.47,-8.01,0.04,-0.00,-0.03,417,302,295,336,361
-1.58,-5.50,-8.10,0.04,0.00,-0.03,417,303,295,336,361
-1.43,-5.48,-8.14,0.03,-0.00,-0.03,417,303,295,336,361
-1.69,-5.46,-8.06,0.04,0.00,-0.03,417,303,294,336,361
-1.59,-5.49,-8.04,0.02,-0.00,-0.03,417,303,295,336,361
-1.60,-5.56,-7.93,0.03,0.00,-0.03,417,303,295,336,361
-1.60,-5.49,-8.14,0.04,-0.00,-0.03,417,303,295,336,361
-1.55,-5.49,-8.10,0.04,0.00,-0.04,417,303,295,336,361
-1.64,-5.39,-8.21,0.04,-0.00,-0.03,417,303,295,336,361
-1.47,-5.38,-8.20,0.05,0.01,-0.03,417,303,295,336,361
-1.40,-5.61,-8.18,0.07,0.01,-0.05,417,303,295,336,360
-1.62,-6.06,-7.86,0.04,0.01,-0.03,416,303,295,336,360
-1.40,-5.45,-8.09,-0.01,-0.00,-0.02,417,303,295,336,361
-1.51,-5.58,-8.13,0.03,-0.00,-0.01,417,303,295,336,361
-1.69,-5.65,-8.20,-0.01,-0.01,-0.01,417,303,295,336,361
-1.72,-5.24,-8.19,-0.01,0.01,-0.01,417,303,295,336,361
-1.62,-5.07,-8.21,0.03,0.01,-0.03,417,303,295,336,361
-1.48,-5.44,-8.05,0.07,0.01,-0.04,417,303,295,336,361
-1.34,-5.71,-8.28,0.05,-0.00,-0.04,417,303,295,336,361
-1.59,-5.63,-7.90,0.03,-0.01,-0.03,417,302,295,336,361
-1.49,-5.41,-8.26,0.03,0.00,-0.03,416,302,295,336,361
-1.56,-5.71,-7.80,0.03,0.00,-0.03,417,302,295,336,361
-1.89,-5.48,-7.98,0.02,0.01,-0.01,417,303,295,336,361
-1.64,-5.28,-8.15,0.04,0.02,-0.02,417,303,295,336,361
-1.33,-5.40,-7.95,0.07,0.00,-0.06,417,303,295,336,361
-1.28,-5.57,-8.16,0.05,-0.03,-0.05,417,303,295,336,361
-1.46,-5.74,-8.08,0.05,-0.02,-0.04,417,303,295,336,361
-1.60,-5.61,-7.89,0.03,-0.01,-0.03,417,303,295,336,361
-1.77,-5.58,-8.03,-0.00,-0.02,-0.02,417,302,295,336,361
END
-1.73,-5.17,-8.18,0.02,0.01,-0.02,417,302,295,336,361
-1.41,-5.61,-8.18,0.03,-0.00,-0.03,417,302,295,336,361
-1.47,-5.62,-8.10,0.03,-0.01,-0.03,417,302,295,336,361
-1.44,-5.65,-8.03,0.02,-0.00,-0.02,417,303,295,336,361
-1.57,-5.49,-8.02,0.00,-0.01,-0.02,417,303,295,336,361
-1.51,-5.35,-8.18,0.02,-0.00,-0.03,417,303,295,336,361
-1.44,-5.58,-8.08,0.03,-0.00,-0.03,417,303,295,336,361
-1.45,-5.56,-8.21,0.04,-0.01,-0.04,417,303,295,336,361
-1.50,-5.61,-8.12,0.03,0.00,-0.03,417,303,295,336,361
-1.44,-5.50,-8.07,0.02,-0.00,-0.02,417,302,295,336,361
-1.46,-5.48,-8.20,0.02,-0.01,-0.03,417,303,295,336,361
-1.61,-5.46,-8.12,0.03,-0.00,-0.03,417,303,295,336,361
-1.55,-5.56,-8.13,0.04,0.00,-0.03,417,303,294,336,361
-1.56,-5.56,-7.98,0.04,0.00,-0.03,417,303,295,336,361
-1.50,-5.50,-8.16,0.03,-0.00,-0.03,417,303,295,336,361
-1.70,-5.58,-7.96,0.03,0.00,-0.03,417,303,295,336,361
-1.52,-5.55,-8.20,0.03,0.00,-0.03,417,303,295,336,361
-1.54,-5.66,-7.87,0.04,0.00,-0.03,417,303,295,336,361
-1.38,-5.52,-8.15,0.03,-0.01,-0.03,417,303,295,336,361
-1.66,-5.54,-8.19,0.03,0.01,-0.04,417,303,295,336,361
-1.56,-5.57,-8.01,0.03,0.00,-0.03,417,303,295,336,361
-1.39,-5.48,-8.05,0.03,-0.00,-0.03,417,303,295,336,361
-1.46,-5.54,-8.10,0.04,0.00,-0.03,417,303,295,336,361
-1.54,-5.46,-8.09,0.03,0.00,-0.03,417,303,295,336,360
-1.46,-5.55,-8.07,0.03,-0.00,-0.03,417,303,295,336,361
-1.46,-5.61,-8.15,0.03,-0.00,-0.03,417,303,295,336,361
-1.45,-5.53,-8.28,0.03,-0.00,-0.03,417,303,295,336,361
-1.46,-5.58,-8.01,0.03,-0.00,-0.03,417,303,295,336,361
-1.60,-5.52,-8.03,0.04,-0.00,-0.03,417,303,295,336,361
-1.48,-5.63,-8.20,0.04,0.00,-0.04,417,303,295,336,361
-1.45,-5.59,-8.09,0.03,-0.00,-0.03,417,303,295,336,360
-1.52,-5.58,-8.08,0.03,-0.00,-0.03,416,303,295,336,361
-1.58,-5.53,-7.98,0.03,-0.00,-0.03,417,303,294,336,360
END
-1.50,-5.49,-8.03,0.03,-0.00,-0.03,417,302,295,336,361
-1.48,-5.63,-8.07,0.01,-0.01,-0.02,417,303,295,336,361
-1.41,-5.40,-8.23,0.02,0.01,-0.04,417,303,295,336,361
-1.10,-5.49,-8.26,0.04,0.00,-0.04,417,303,295,336,361
-1.39,-5.74,-7.93,0.05,-0.01,-0.04,416,303,295,336,361
-1.11,-5.73,-8.18,0.02,0.00,-0.02,416,303,295,336,361
-1.34,-5.69,-7.78,0.01,-0.03,-0.02,416,303,295,336,361
-1.84,-5.53,-8.10,0.03,-0.00,-0.04,416,303,295,336,361
-1.41,-5.50,-8.03,0.05,0.03,-0.04,416,303,295,336,361
-1.03,-5.84,-7.87,0.01,-0.01,-0.05,416,303,294,336,361
-1.41,-5.68,-8.20,0.02,-0.01,-0.02,417,303,295,336,361
-1.33,-5.74,-8.07,0.03,-0.01,-0.03,417,303,295,336,361
-1.20,-5.52,-8.36,0.03,-0.00,-0.03,417,303,295,336,361
-1.29,-5.44,-8.39,0.02,-0.01,-0.03,417,303,295,336,361
-1.36,-5.59,-8.13,0.04,-0.00,-0.03,417,303,295,336,360
-1.51,-5.59,-8.02,0.04,-0.00,-0.03,417,303,295,336,361
-1.54,-5.74,-7.89,0.03,0.00,-0.03,416,303,295,336,361
-1.29,-5.57,-8.26,0.02,0.00,-0.03,416,303,295,336,361
-1.21,-5.53,-8.35,0.04,-0.00,-0.03,416,303,294,336,361
-1.34,-5.75,-7.83,0.04,-0.01,-0.04,416,303,295,336,361
-1.44,-5.59,-8.10,0.03,-0.01,-0.03,417,303,295,336,361
-1.39,-5.51,-8.05,0.03,-0.00,-0.03,416,303,295,336,361
-1.46,-5.53,-7.98,0.04,-0.00,-0.03,416,303,295,336,361
-1.37,-5.70,-8.21,0.04,-0.00,-0.04,417,303,295,336,361
-1.49,-5.64,-7.88,0.04,0.01,-0.03,416,303,295,336,361
-1.28,-5.76,-7.86,0.04,0.00,-0.03,416,303,295,336,360
-1.31,-5.78,-8.08,0.02,-0.00,-0.02,416,303,295,336,361
-1.63,-5.81,-7.72,-0.01,-0.00,0.01,416,303,295,336,361
-1.53,-4.97,-8.00,0.03,0.02,-0.01,416,303,294,336,361
-0.94,-5.25,-8.07,0.08,-0.01,-0.05,416,303,295,336,361
-1.04,-6.03,-8.08,0.08,-0.03,-0.05,417,303,295,336,361
-1.81,-6.07,-7.55,0.02,-0.03,-0.02,416,303,295,336,361
-1.74,-5.51,-8.02,-0.01,-0.01,0.00,416,303,295,336,361
END
-1.64,-5.40,-8.08,0.04,0.01,-0.01,416,303,295,336,361
-1.41,-5.67,-8.03,0.03,0.00,-0.03,416,303,295,336,361
-1.44,-5.66,-7.98,0.04,0.00,-0.03,416,303,295,336,360
-1.23,-5.67,-8.17,0.03,0.00,-0.03,416,303,295,336,361
-1.50,-5.70,-7.87,0.03,-0.01,-0.02,416,303,295,336,361
-1.46,-5.69,-8.00,0.04,0.00,-0.04,416,303,295,336,360
-1.23,-5.63,-8.23,0.04,0.01,-0.04,416,303,295,336,361
-1.66,-5.79,-7.49,0.02,-0.00,-0.02,416,303,295,336,361
-1.49,-5.64,-7.86,0.02,-0.01,-0.02,416,303,295,336,361
-1.42,-5.58,-8.03,0.03,0.00,-0.03,416,303,295,336,361
-1.47,-5.56,-7.98,0.05,0.01,-0.02,416,303,295,336,361
-1.34,-5.62,-8.13,0.04,-0.00,-0.03,416,303,295,336,361
-1.23,-5.67,-7.67,0.02,-0.01,-0.03,416,303,295,336,361
-1.41,-5.72,-8.01,0.02,-0.01,-0.02,415,303,295,336,360
-1.38,-5.46,-8.20,0.03,-0.00,-0.02,416,303,295,336,360
-1.48,-5.64,-8.38,0.02,-0.00,-0.01,416,303,295,336,361
-1.44,-5.59,-8.12,0.03,-0.00,-0.03,416,303,295,336,361
-1.64,-5.54,-7.87,0.05,0.00,-0.04,416,303,295,336,361
-1.48,-5.58,-8.06,0.03,0.01,-0.02,416,303,295,336,360
-1.43,-5.76,-7.94,0.03,-0.00,-0.02,416,303,295,336,361
-1.33,-5.63,-8.12,0.03,-0.00,-0.03,416,303,295,336,361
-1.39,-5.51,-8.26,0.02,-0.00,-0.02,416,303,295,336,360
-1.49,-5.56,-7.98,0.01,0.00,-0.02,416,303,295,336,361
-1.40,-5.42,-7.95,0.01,-0.01,-0.02,416,303,295,336,360
-1.55,-5.42,-8.21,0.04,-0.01,-0.03,416,303,295,336,361
-1.62,-5.61,-7.83,0.04,-0.00,-0.03,416,303,295,335,361
-1.46,-5.69,-8.12,0.03,0.00,-0.04,416,303,295,336,361
-1.51,-5.53,-8.10,0.01,-0.00,-0.01,415,303,295,336,361
-1.74,-5.52,-7.73,0.05,0.00,-0.04,415,303,295,336,361
-1.43,-5.60,-8.14,0.05,-0.00,-0.04,415,303,295,336,360
-1.60,-5.70,-8.17,0.04,-0.01,-0.03,415,303,295,336,360
-1.57,-5.51,-8.14,0.06,0.01,-0.04,415,303,294,336,360
-1.54,-5.60,-7.97,0.03,0.01,-0.02,415,303,296,336,360
END
-1.50,-5.56,-7.92,0.02,-0.00,-0.03,415,303,295,336,360
-1.47,-5.62,-7.99,0.03,0.00,-0.04,415,303,295,336,360
-1.59,-5.53,-7.95,0.04,0.01,-0.03,415,303,295,336,360
-1.39,-5.50,-8.10,0.03,0.00,-0.03,415,303,295,336,360
-1.28,-5.53,-8.33,0.03,-0.00,-0.03,415,303,295,336,360
-1.44,-5.54,-8.03,0.04,-0.00,-0.03,415,303,295,336,360
-1.46,-5.60,-8.19,0.02,-0.00,-0.03,415,303,295,336,360
-1.46,-5.63,-8.23,0.04,-0.00,-0.04,415,303,295,336,360
-1.54,-5.58,-7.90,0.03,-0.00,-0.03,415,303,295,336,360
-1.47,-5.57,-8.01,0.02,-0.01,-0.03,415,303,295,336,360
-1.39,-5.47,-8.43,0.04,0.00,-0.03,415,303,295,336,360
-1.39,-5.58,-8.05,0.04,0.00,-0.03,415,301,295,336,360
-1.51,-5.65,-7.96,0.03,-0.00,-0.03,415,303,295,336,360
-1.49,-5.48,-8.23,0.03,-0.00,-0.03,415,303,295,336,360
-1.53,-5.54,-8.11,0.04,0.00,-0.03,415,303,295,336,360
-1.43,-5.64,-8.07,0.03,-0.00,-0.03,415,303,295,336,360
-1.40,-5.59,-8.13,0.04,-0.00,-0.03,415,303,295,336,360
-1.36,-5.44,-8.40,0.03,-0.00,-0.04,414,303,295,336,360
-1.63,-5.60,-7.82,0.04,-0.00,-0.04,414,303,295,336,360
-1.34,-5.61,-8.22,0.04,-0.00,-0.03,414,301,295,336,360
-1.45,-5.52,-8.15,0.04,-0.00,-0.03,414,303,295,336,360
-1.49,-5.62,-8.18,0.04,-0.00,-0.03,415,303,295,336,360
-1.57,-5.76,-7.77,0.02,-0.01,-0.02,415,303,295,336,360
-1.66,-5.61,-7.82,0.03,-0.00,-0.02,415,303,295,336,360
-1.59,-5.56,-7.98,0.02,-0.00,-0.03,415,303,295,336,360
-1.39,-5.62,-8.08,0.03,0.00,-0.03,415,303,295,336,360
-1.54,-5.70,-7.86,0.03,-0.00,-0.03,414,303,295,336,360
-1.45,-5.58,-8.13,0.03,-0.00,-0.03,414,303,295,336,360
-1.56,-5.49,-7.90,0.04,-0.00,-0.03,414,303,294,336,360
-1.57,-5.60,-8.01,0.04,0.00,-0.03,414,303,295,336,360
-1.71,-5.66,-7.78,0.03,-0.01,-0.03,414,303,295,336,360
-1.54,-5.64,-8.03,0.03,0.00,-0.02,414,303,295,336,360
-1.56,-5.60,-7.93,0.02,-0.01,-0.03,414,303,295,336,360
END
-1.53,-5.57,-8.15,0.03,-0.01,-0.03,414,303,295,336,360
-1.33,-5.53,-8.53,0.03,-0.00,-0.03,414,303,295,336,360
-1.36,-5.63,-8.24,0.03,0.01,-0.03,414,303,295,336,360
-1.29,-5.53,-8.16,0.04,-0.00,-0.02,414,303,295,336,360
-1.28,-5.51,-8.33,0.02,-0.00,-0.03,414,303,295,336,360
-1.39,-5.51,-8.34,0.02,-0.00,-0.02,414,303,295,336,360
-1.41,-5.43,-8.27,0.03,-0.00,-0.03,414,303,295,336,360
-1.53,-5.51,-8.02,0.04,0.00,-0.04,414,303,295,336,360
-1.38,-5.58,-8.25,0.03,-0.00,-0.03,414,303,295,336,360
-1.58,-5.59,-7.99,0.03,0.00,-0.03,414,303,295,336,360
-1.52,-5.66,-7.99,0.03,0.00,-0.03,414,303,295,336,360
-1.43,-5.59,-8.23,0.04,-0.00,-0.03,414,303,295,336,360
-1.38,-5.57,-8.12,0.03,0.00,-0.03,414,303,295,336,360
-1.42,-5.60,-8.18,0.03,-0.00,-0.03,414,303,295,336,360
-1.60,-5.59,-7.94,0.02,-0.01,-0.03,414,303,295,336,360
-1.64,-5.51,-7.81,0.04,0.01,-0.03,414,303,295,336,360
-1.45,-5.55,-8.20,0.03,-0.00,-0.02,414,303,295,336,360
-1.45,-5.55,-8.19,0.04,0.01,-0.03,414,303,295,336,361
-1.56,-5.66,-8.03,0.03,-0.00,-0.03,414,303,295,336,360
-1.52,-5.51,-8.05,0.03,0.00,-0.03,414,303,295,336,360
-1.66,-5.64,-7.89,0.03,-0.00,-0.03,414,303,295,336,360
-1.56,-5.36,-8.14,0.03,-0.00,-0.03,414,303,295,336,360
-1.54,-5.49,-8.11,0.03,0.00,-0.03,414,303,295,336,360
-1.47,-5.58,-7.95,0.03,-0.00,-0.03,414,303,295,336,360
-1.61,-5.59,-7.90,0.03,-0.00,-0.03,414,304,295,336,360
-1.51,-5.47,-8.20,0.02,-0.00,-0.03,414,303,295,336,360
-1.49,-5.56,-8.10,0.03,-0.00,-0.03,414,303,295,336,359
-1.50,-5.52,-8.28,0.03,-0.00,-0.03,413,303,295,336,360
-1.53,-5.58,-8.14,0.03,0.00,-0.03,414,303,295,336,360
-1.56,-5.53,-8.12,0.03,-0.00,-0.02,414,303,295,336,360
-1.55,-5.47,-8.05,0.04,0.00,-0.03,414,303,295,336,360
-1.58,-5.44,-7.96,0.05,0.01,-0.04,414,303,295,336,360
-1.62,-5.59,-7.84,0.04,0.00,-0.03,414,303,295,336,360
END
-1.59,-5.51,-8.11,0.03,-0.00,-0.03,413,303,295,336,360
-1.65,-5.51,-8.05,0.03,-0.01,-0.03,413,303,295,336,360
-1.64,-5.46,-8.10,0.04,0.00,-0.03,413,303,295,336,360
-1.51,-5.54,-8.14,0.03,-0.00,-0.04,413,303,294,336,360
-1.54,-5.47,-8.21,0.04,0.00,-0.04,413,303,295,336,360
-1.54,-5.53,-8.15,0.04,-0.01,-0.04,413,304,295,336,360
-1.46,-5.58,-8.08,0.04,-0.00,-0.03,413,304,295,336,360
-1.49,-5.56,-7.95,0.02,0.01,-0.03,413,304,295,336,360
-1.54,-5.50,-7.98,0.03,-0.00,-0.03,413,303,295,336,360
-1.63,-5.46,-8.23,0.03,-0.00,-0.03,413,303,295,336,359
-1.58,-5.53,-8.06,0.05,0.01,-0.03,413,304,295,336,360
-1.49,-5.61,-8.19,0.04,0.01,-0.03,413,303,295,336,360
-1.41,-5.54,-8.15,0.02,-0.00,-0.03,413,303,295,336,360
-1.67,-5.49,-7.93,0.04,-0.00,-0.03,413,303,295,336,359
-1.55,-5.51,-8.10,0.04,-0.00,-0.03,413,303,295,336,360
-1.44,-5.50,-8.00,0.03,-0.00,-0.03,413,303,295,336,360
-1.41,-5.43,-8.28,0.03,0.00,-0.03,413,303,295,336,360
-1.56,-5.55,-7.99,0.03,-0.00,-0.03,413,304,295,336,360
-1.64,-5.51,-7.80,0.04,-0.00,-0.04,413,303,295,336,360
-1.52,-5.58,-7.90,0.04,-0.00,-0.03,413,303,295,336,360
-1.54,-5.53,-8.03,0.02,-0.01,-0.03,413,303,295,336,359
-1.41,-5.49,-8.61,0.02,-0.01,-0.03,413,303,295,336,359
-1.51,-5.55,-8.14,0.03,-0.00,-0.03,413,303,295,336,360
-1.40,-5.48,-7.95,0.03,-0.00,-0.04,413,303,295,336,360
-1.54,-5.48,-8.18,0.03,-0.00,-0.03,413,303,295,336,360
-1.69,-5.54,-7.85,0.03,-0.00,-0.03,413,303,295,336,360
-1.41,-5.51,-8.15,0.03,-0.01,-0.03,413,304,295,336,360
-1.57,-5.49,-8.11,0.03,-0.00,-0.03,413,303,295,336,360
-1.59,-5.56,-8.20,0.03,-0.00,-0.03,413,305,295,335,359
-1.43,-5.55,-8.32,0.04,-0.00,-0.03,413,303,295,336,359
-1.49,-5.58,-8.18,0.03,-0.00,-0.03,413,303,295,336,359
-1.54,-5.59,-8.14,0.03,-0.00,-0.03,413,303,295,336,360
-1.67,-5.39,-8.00,0.03,-0.00,-0.03,413,303,295,336,359
END
-1.45,-5.60,-8.06,0.03,-0.00,-0.03,413,304,295,336,360
-1.52,-5.60,-8.10,0.01,-0.02,-0.03,413,304,295,336,359
-1.55,-5.36,-8.57,0.01,-0.02,-0.02,412,304,295,336,359
-1.64,-5.37,-8.03,0.05,0.00,-0.04,412,303,295,336,359
-1.49,-5.53,-8.21,0.06,0.00,-0.05,412,304,295,336,359
-1.61,-5.78,-8.07,0.04,0.00,-0.04,412,303,295,336,359
-1.33,-5.51,-8.23,0.03,0.01,-0.04,412,304,295,336,359
-1.64,-5.42,-8.07,0.02,0.01,-0.03,412,303,295,336,359
-1.46,-5.50,-7.95,0.04,0.01,-0.03,412,303,295,336,359
-1.33,-5.56,-8.08,0.03,-0.01,-0.03,412,304,295,336,359
-1.69,-5.39,-7.99,0.02,-0.02,-0.03,412,304,295,336,359
-1.67,-5.38,-8.08,0.04,0.00,-0.06,412,303,295,336,359
-1.39,-5.75,-8.10,0.05,0.00,-0.04,412,303,295,336,359
-1.62,-5.90,-8.13,0.03,-0.02,-0.03,412,304,295,336,359
-1.64,-5.51,-8.13,-0.01,0.00,-0.01,412,303,295,336,359
-1.47,-5.26,-8.22,0.01,-0.00,-0.00,412,303,295,336,359
-1.67,-5.23,-8.22,0.02,0.00,-0.02,412,303,295,336,359
-1.67,-5.28,-8.08,0.05,-0.01,-0.04,412,303,295,336,359
-1.67,-5.48,-8.31,0.06,-0.00,-0.04,412,303,294,336,359
-1.67,-5.58,-8.13,0.03,0.01,-0.03,412,303,295,336,359
-1.40,-5.49,-8.31,0.02,0.01,-0.02,412,303,295,336,359
-1.49,-5.38,-8.03,0.01,-0.00,-0.02,412,303,295,336,359
-1.56,-5.27,-8.15,0.02,-0.01,-0.03,412,303,295,336,359
-1.74,-5.49,-7.95,0.05,-0.00,-0.04,412,303,295,336,359
-1.63,-5.64,-7.94,0.05,-0.00,-0.03,412,303,295,336,359
-1.55,-5.61,-8.20,0.03,-0.00,-0.03,412,303,295,334,359
-1.50,-5.42,-8.24,0.02,0.00,-0.03,412,303,295,336,359
-1.43,-5.46,-8.25,0.03,0.00,-0.03,412,303,295,336,359
-1.51,-5.47,-8.17,0.04,-0.00,-0.03,411,303,295,336,359
-1.70,-5.40,-8.08,0.04,-0.01,-0.03,412,303,295,336,359
-1.54,-5.41,-8.01,0.04,-0.00,-0.03,412,303,295,336,359
-1.48,-5.67,-8.13,0.04,-0.01,-0.04,412,303,295,336,359
-1.50,-5.57,-8.13,0.01,-0.01,-0.03,412,303,295,336,359
END
-1.64,-5.41,-8.05,0.03,0.00,-0.01,411,303,295,336,359
-1.53,-5.74,-8.02,0.03,-0.00,-0.04,411,303,295,336,359
-1.65,-5.60,-8.07,0.03,0.00,-0.03,411,303,294,336,359
-1.59,-5.42,-8.10,0.03,-0.01,-0.03,411,303,295,336,359
-1.61,-5.36,-8.28,0.02,-0.00,-0.03,411,303,295,336,359
-1.62,-5.41,-8.19,0.03,-0.01,-0.04,411,303,295,336,359
-1.50,-5.43,-8.28,0.04,0.01,-0.04,411,303,295,336,359
-1.55,-5.66,-8.20,0.04,0.00,-0.03,411,303,295,336,359
-1.63,-5.50,-8.08,0.02,-0.01,-0.03,411,303,295,336,359
-1.55,-5.41,-8.11,0.03,0.00,-0.03,411,303,295,336,359
-1.56,-5.45,-8.15,0.03,-0.00,-0.03,411,303,295,336,359
-1.64,-5.45,-8.15,0.04,-0.00,-0.04,411,303,295,336,359
-1.57,-5.58,-8.05,0.04,0.00,-0.03,411,303,295,336,359
-1.66,-5.51,-8.18,0.02,0.00,-0.03,411,303,295,336,359
-1.60,-5.56,-8.10,0.03,0.00,-0.03,411,303,295,336,359
-1.49,-5.43,-8.23,0.03,-0.00,-0.04,411,303,295,336,359
-1.63,-5.45,-8.23,0.03,-0.01,-0.04,411,303,295,336,359
-1.71,-5.46,-8.07,0.05,0.00,-0.05,411,303,295,336,359
-1.45,-5.45,-8.32,0.03,-0.00,-0.12,411,304,295,336,359
-1.72,-5.56,-7.95,0.03,-0.01,-0.00,411,303,295,336,359
-1.61,-5.57,-7.94,0.03,0.00,-0.03,411,303,295,336,359
-1.46,-5.43,-8.17,0.03,0.00,-0.02,411,303,294,336,359
-1.51,-5.49,-8.09,0.04,0.00,-0.02,411,303,295,336,358
-1.40,-5.46,-8.16,0.04,0.00,-0.03,411,303,295,336,359
-1.72,-5.41,-8.21,0.03,-0.00,-0.03,411,304,295,336,359
-1.50,-5.44,-8.17,0.05,0.01,-0.03,411,303,295,336,359
-1.44,-5.51,-8.03,0.04,-0.00,-0.03,411,303,295,336,359
-1.56,-5.34,-8.15,0.03,-0.01,-0.03,411,303,295,336,359
-1.65,-5.48,-8.29,0.04,-0.00,-0.02,411,303,295,336,359
-1.54,-5.56,-8.08,0.05,-0.00,-0.03,411,303,295,336,359
-1.50,-5.60,-8.14,0.04,0.00,-0.04,411,303,295,336,359
-1.44,-5.60,-8.01,0.03,0.00,-0.02,411,303,295,336,359
-1.39,-5.50,-8.05,0.04,0.01,-0.04,411,303,295,336,359
END
-1.48,-5.36,-8.26,0.04,-0.00,-0.03,411,303,295,336,359
-1.52,-5.44,-8.03,0.04,0.00,-0.04,411,303,295,336,359
-1.58,-5.45,-8.05,0.05,-0.00,-0.04,411,303,295,336,359
-1.54,-5.65,-8.11,0.04,-0.01,-0.03,411,303,295,336,359
-1.45,-5.66,-8.03,0.03,-0.00,-0.03,411,303,295,336,359
-1.56,-5.43,-8.17,0.02,0.00,-0.03,411,304,295,336,359
-1.41,-5.52,-8.13,0.03,-0.00,-0.04,410,303,295,336,359
-1.59,-5.56,-8.10,0.04,0.00,-0.03,411,303,294,336,359
-1.64,-5.63,-8.24,0.03,-0.00,-0.03,411,303,295,336,359
-1.46,-5.57,-8.19,0.03,0.00,-0.03,410,303,295,336,359
-1.58,-5.53,-8.13,0.03,-0.01,-0.03,410,303,295,336,359
-1.54,-5.44,-8.13,0.04,0.00,-0.03,411,303,295,336,359
-1.48,-5.54,-8.03,0.03,-0.00,-0.03,411,303,295,336,359
-1.56,-5.60,-8.03,0.03,0.00,-0.03,411,304,295,336,359
-1.64,-5.48,-8.21,0.04,0.01,-0.03,411,304,295,336,359
-1.43,-5.62,-7.91,0.03,0.00,-0.03,410,304,295,336,359
-1.53,-5.54,-8.10,0.03,-0.00,-0.03,411,304,295,336,359
-1.51,-5.60,-8.18,0.03,0.00,-0.03,410,304,295,336,359
-1.51,-5.48,-8.10,0.03,0.01,-0.03,410,303,295,334,359
-1.53,-5.61,-8.02,0.04,0.00,-0.03,410,303,295,336,359
-1.64,-5.64,-7.88,0.03,-0.00,-0.03,410,303,295,336,359
-1.51,-5.56,-7.96,0.03,0.00,-0.03,410,304,295,336,359
-1.44,-5.48,-8.21,0.03,-0.00,-0.03,410,304,295,336,359
-1.44,-5.53,-8.20,0.04,0.00,-0.03,411,304,295,336,359
-1.42,-5.53,-8.09,0.03,-0.00,-0.03,410,304,295,336,359
-1.52,-5.50,-7.99,0.03,-0.00,-0.03,411,304,295,336,359
-1.59,-5.58,-7.93,0.03,-0.00,-0.04,410,303,295,336,359
-1.54,-5.58,-8.07,0.03,-0.00,-0.02,410,303,295,336,359
-1.43,-5.57,-8.03,0.03,-0.00,-0.03,410,303,295,336,358
-1.56,-5.53,-7.96,0.03,-0.00,-0.03,410,303,295,336,359
-1.51,-5.43,-8.13,0.03,-0.00,-0.04,410,303,295,336,359
-1.54,-5.52,-8.05,0.04,-0.00,-0.04,410,303,294,336,359
-1.59,-5.60,-7.95,0.04,0.00,-0.03,411,303,295,336,359
END
-1.54,-5.47,-7.98,0.03,0.00,-0.03,410,303,295,336,359
-1.54,-5.64,-7.95,0.03,0.00,-0.03,410,303,295,336,358
-1.45,-5.63,-8.14,0.02,-0.01,-0.02,410,303,295,336,359
-1.70,-5.48,-7.90,0.02,-0.00,-0.02,410,303,295,336,359
-1.68,-5.45,-8.01,0.03,0.00,-0.03,410,303,295,336,359
-1.52,-5.55,-8.18,0.03,-0.01,-0.03,410,303,295,336,358
-1.69,-5.63,-7.80,0.04,-0.01,-0.03,410,303,295,336,359
-1.67,-5.65,-8.05,0.02,0.00,-0.03,410,303,295,336,359
-1.57,-5.51,-8.20,0.02,-0.01,-0.04,410,303,295,336,359
-1.50,-5.54,-8.17,0.03,0.00,-0.03,410,303,295,336,359
-1.56,-5.58,-8.13,0.03,-0.00,-0.03,410,303,295,336,359
-1.57,-5.53,-8.28,0.03,0.00,-0.03,410,303,295,336,358
-1.53,-5.36,-8.09,0.04,0.00,-0.03,410,303,295,336,358
-1.56,-5.56,-7.96,0.04,-0.00,-0.04,410,303,295,336,359
-1.51,-5.58,-8.23,0.03,-0.00,-0.03,410,304,295,336,359
-1.56,-5.54,-7.95,0.03,-0.00,-0.03,410,303,295,336,359
-1.60,-5.33,-8.13,0.04,-0.00,-0.03,410,303,295,336,359
-1.49,-5.65,-8.13,0.04,0.00,-0.04,410,303,295,336,359
-1.54,-5.66,-7.84,0.02,-0.00,-0.03,410,304,295,336,359
-1.40,-5.46,-8.52,0.00,-0.01,-0.02,410,303,295,336,359
-1.72,-5.39,-8.28,0.03,0.01,-0.03,410,304,295,336,359
-1.36,-5.52,-8.10,0.06,0.00,-0.04,410,303,295,336,359
-1.49,-5.65,-8.08,0.04,-0.01,-0.04,410,303,295,336,359
-1.51,-5.69,-8.05,0.01,0.00,-0.02,410,303,295,336,359
-1.44,-5.50,-8.06,0.02,0.00,-0.02,410,303,295,336,359
-1.43,-5.52,-8.03,0.04,-0.00,-0.04,410,304,295,336,359
-1.62,-5.55,-8.04,0.04,-0.01,-0.04,410,303,295,336,358
-1.64,-5.56,-8.01,0.03,-0.00,-0.03,410,304,296,336,358
-1.51,-5.53,-8.09,0.02,-0.00,-0.03,410,303,295,336,359
-1.62,-5.47,-8.13,0.03,0.00,-0.03,410,303,295,336,359
-1.39,-5.48,-8.14,0.04,0.01,-0.04,410,303,295,336,359
-1.55,-5.60,-8.03,0.03,-0.00,-0.03,410,303,295,336,358
-1.69,-5.48,-8.03,0.02,-0.00,-0.03,410,303,295,336,358
END
-1.49,-5.55,-8.09,0.04,0.01,-0.04,410,303,295,336,359
-1.49,-5.56,-8.04,0.03,-0.00,-0.03,410,303,295,336,358
-1.72,-5.55,-7.81,0.03,-0.00,-0.03,410,303,295,336,358
-1.59,-5.35,-8.18,0.03,0.00,-0.03,410,303,295,336,359
-1.27,-5.31,-8.46,0.03,0.00,-0.02,410,303,295,336,359
-1.52,-5.40,-8.20,0.04,-0.00,-0.03,410,303,295,336,359
-1.59,-5.43,-8.11,0.03,-0.01,-0.03,410,304,295,336,359
-1.56,-5.41,-8.09,0.04,-0.00,-0.03,410,303,295,336,358
-1.64,-5.61,-7.98,0.04,-0.00,-0.04,410,303,295,336,358
-1.64,-5.55,-7.80,0.03,0.00,-0.03,409,303,295,336,358
-1.44,-5.37,-8.34,0.02,-0.01,-0.03,410,303,295,336,359
-1.54,-5.39,-8.26,0.03,0.00,-0.03,410,303,295,336,358
-1.57,-5.55,-8.16,0.04,0.00,-0.03,409,303,295,337,358
-1.56,-5.54,-8.16,0.03,-0.00,-0.02,410,304,295,336,359
-1.65,-5.43,-8.14,0.03,-0.00,-0.03,410,303,295,336,358
-1.61,-5.48,-8.13,0.02,0.01,-0.02,410,303,295,336,358
-1.61,-5.39,-8.17,0.02,-0.00,-0.02,410,303,295,336,358
-1.50,-5.42,-8.10,0.03,-0.01,-0.03,410,304,295,336,359
-1.64,-5.44,-8.18,0.04,-0.01,-0.04,410,303,295,336,359
-1.63,-5.54,-8.08,0.04,0.00,-0.04,410,303,295,336,358
-1.44,-5.46,-8.15,0.02,-0.01,-0.03,410,303,295,336,358
-1.52,-5.48,-8.23,0.02,-0.01,-0.03,410,303,295,336,359
-1.54,-5.50,-8.15,0.04,0.01,-0.03,410,304,295,336,358
-1.47,-5.46,-8.10,0.04,0.00,-0.03,410,303,295,336,359
-1.47,-5.54,-8.16,0.04,-0.00,-0.03,410,303,295,336,359
-1.52,-5.48,-8.11,0.02,-0.00,-0.03,410,304,295,336,359
-1.49,-5.38,-8.13,0.03,0.00,-0.03,409,303,295,336,359
-1.50,-5.44,-8.20,0.03,0.00,-0.03,410,303,295,336,359
-1.34,-5.40,-8.29,0.03,-0.00,-0.03,410,303,295,336,358
-1.59,-5.51,-8.23,0.03,0.00,-0.03,410,303,295,336,359
-1.60,-5.36,-8.23,0.03,0.00,-0.02,410,303,295,336,358
-1.53,-5.34,-8.13,0.04,0.00,-0.03,409,303,295,336,358
-1.58,-5.48,-8.05,0.03,-0.01,-0.03,409,303,295,336,358
END
-1.77,-5.69,-7.77,0.04,-0.00,-0.03,410,303,295,336,359
-1.54,-5.40,-8.20,0.03,-0.00,-0.03,410,303,295,336,359
-1.49,-5.51,-8.00,0.04,-0.00,-0.03,410,303,295,336,359
-1.44,-5.53,-8.34,0.04,-0.00,-0.04,409,303,295,336,359
-1.54,-5.53,-8.26,0.02,-0.01,-0.02,409,304,295,336,358
-1.58,-5.43,-8.16,0.03,0.00,-0.03,410,303,295,336,358
-1.56,-5.53,-8.06,0.03,-0.00,-0.03,409,303,295,336,358
-1.62,-5.43,-8.10,0.03,-0.00,-0.03,409,303,295,336,358
-1.57,-5.46,-8.07,0.04,0.00,-0.04,410,303,295,336,358
-1.59,-5.58,-7.92,0.03,0.00,-0.04,409,303,295,336,358
-1.57,-5.40,-8.16,0.02,-0.00,-0.03,409,303,295,336,358
-1.51,-5.40,-8.36,0.03,0.00,-0.03,409,303,295,336,359
-1.62,-5.39,-8.20,0.04,0.00,-0.04,409,303,294,336,358
-1.44,-5.50,-8.25,0.03,-0.00,-0.02,410,303,295,336,359
-1.67,-5.45,-8.10,0.04,-0.01,-0.03,409,303,295,336,358
-1.64,-5.52,-8.22,0.05,-0.01,-0.03,409,303,295,336,359
-1.62,-5.58,-8.10,0.04,-0.00,-0.03,409,303,294,336,358
-1.49,-5.53,-7.98,0.03,0.01,-0.03,409,303,295,336,359
-1.63,-5.55,-7.96,0.02,-0.00,-0.03,409,303,295,336,358
-1.59,-5.33,-8.15,0.03,-0.01,-0.03,410,304,295,336,359
-1.59,-5.43,-8.04,0.05,-0.00,-0.04,409,304,295,336,358
-1.62,-5.63,-8.10,0.05,-0.00,-0.04,409,303,295,336,359
-1.74,-5.78,-7.65,0.04,-0.01,-0.03,409,303,295,336,359
-1.56,-5.59,-8.09,0.02,-0.00,-0.03,409,303,295,336,359
-1.52,-5.57,-8.01,0.02,0.00,-0.02,409,303,295,336,358
-1.54,-5.49,-8.05,0.02,-0.02,-0.02,409,303,295,336,359
-1.74,-5.53,-7.95,0.02,-0.01,-0.02,409,303,295,336,358
-1.57,-5.36,-8.30,0.03,0.01,-0.03,409,303,295,336,359
-1.55,-5.46,-8.07,0.03,-0.00,-0.03,409,304,295,336,358
-1.50,-5.47,-8.38,0.04,-0.00,-0.04,410,303,295,336,359
-1.62,-5.67,-7.97,0.04,-0.00,-0.03,409,303,295,336,359
-1.62,-5.44,-8.23,0.02,-0.00,-0.02,409,303,295,336,359
-1.64,-5.33,-8.15,0.03,-0.00,-0.04,409,303,295,336,359
END
-1.50,-5.43,-8.28,0.04,-0.00,-0.03,409,303,295,336,358
-1.58,-5.56,-8.09,0.04,-0.00,-0.04,409,303,295,336,359
-1.49,-5.55,-8.22,0.03,0.00,-0.03,409,303,295,336,358
-1.49,-5.41,-8.26,0.03,0.00,-0.02,409,303,295,336,358
-1.44,-5.39,-8.15,0.03,0.00,-0.03,409,303,295,336,358
-1.71,-5.53,-7.86,0.02,-0.01,-0.03,409,303,295,336,358
-1.62,-5.43,-8.07,0.03,-0.00,-0.02,409,303,295,336,358
-1.51,-5.41,-8.15,0.03,-0.00,-0.03,409,303,295,336,358
-1.44,-5.40,-8.28,0.03,-0.00,-0.03,409,303,295,336,358
-1.56,-5.42,-8.15,0.03,-0.01,-0.03,409,303,295,336,358
-1.61,-5.45,-8.17,0.03,-0.00,-0.03,409,303,295,336,358
-1.56,-5.48,-8.05,0.03,-0.00,-0.03,409,303,295,336,358
-1.42,-5.48,-8.17,0.03,0.00,-0.04,409,303,295,336,358
-1.64,-5.48,-8.20,0.03,-0.00,-0.03,409,303,295,336,358
-1.64,-5.41,-8.08,0.03,-0.00,-0.03,409,303,295,336,358
-1.51,-5.56,-8.05,0.05,0.00,-0.03,409,303,295,336,358
-1.54,-5.59,-8.12,0.03,-0.00,-0.03,409,303,295,336,358
-1.47,-5.48,-8.25,0.03,-0.00,-0.03,409,303,295,336,358
-1.53,-5.51,-8.26,0.03,-0.00,-0.03,409,303,295,336,358
-1.44,-5.46,-8.22,0.03,-0.00,-0.03,409,303,295,336,358
-1.55,-5.50,-8.15,0.03,-0.00,-0.03,409,303,295,336,358
-1.61,-5.53,-8.13,0.03,0.00,-0.03,409,303,295,336,359
-1.56,-5.55,-8.15,0.03,-0.00,-0.02,409,303,294,336,358
-1.53,-5.35,-8.20,0.03,0.00,-0.03,409,304,295,336,358
-1.50,-5.52,-8.08,0.05,0.01,-0.04,409,303,295,336,359
-1.44,-5.56,-8.09,0.03,-0.01,-0.04,409,303,295,336,358
-1.61,-5.48,-8.13,0.02,-0.00,-0.03,409,304,295,336,358
-1.46,-5.56,-8.28,0.04,0.00,-0.02,409,303,295,336,358
-1.46,-5.55,-8.15,0.03,-0.00,-0.03,409,304,295,336,358
-1.57,-5.41,-8.03,0.02,-0.01,-0.03,409,304,295,336,358
-1.60,-5.46,-8.03,0.03,-0.01,-0.03,409,303,295,336,359
-1.46,-5.38,-8.26,0.05,0.00,-0.03,409,303,295,336,358
-1.46,-5.64,-8.14,0.04,-0.01,-0.03,409,303,295,336,358
END
-1.62,-5.57,-8.13,0.02,0.00,-0.03,409,303,295,336,359
-1.56,-5.48,-8.10,0.03,0.00,-0.03,409,303,295,336,358
-1.48,-5.47,-8.13,0.03,0.00,-0.03,409,303,295,336,358
-1.59,-5.48,-8.14,0.03,0.00,-0.03,409,303,295,336,358
-1.46,-5.56,-8.10,0.04,-0.00,-0.03,409,303,295,336,358
-1.59,-5.58,-8.28,0.03,-0.00,-0.03,409,303,295,336,358
-1.59,-5.54,-8.11,0.03,-0.00,-0.03,409,303,295,336,358
-1.46,-5.49,-8.16,0.04,0.00,-0.03,409,303,295,336,358
-1.58,-5.53,-7.88,0.03,-0.00,-0.03,409,303,294,336,358
-1.48,-5.58,-8.04,0.03,-0.01,-0.03,409,303,295,336,359
-1.49,-5.61,-8.15,0.03,0.00,-0.03,409,304,295,336,358
-1.46,-5.54,-8.17,0.03,0.00,-0.02,409,303,295,336,358
-1.36,-5.51,-8.18,0.04,0.00,-0.03,409,303,295,336,358
-1.48,-5.48,-8.08,0.03,0.00,-0.03,409,303,295,336,358
-1.53,-5.48,-8.18,0.03,-0.00,-0.03,409,303,295,336,358
-1.57,-5.47,-8.12,0.03,-0.00,-0.03,409,304,295,336,358
-1.41,-5.55,-8.13,0.03,-0.00,-0.03,409,303,295,336,358
-1.64,-5.50,-8.07,0.03,-0.00,-0.02,409,303,295,336,358
-1.47,-5.57,-8.02,0.04,0.00,-0.03,409,304,295,336,358
-1.49,-5.60,-8.03,0.03,-0.01,-0.03,409,303,295,336,358
-1.64,-5.48,-8.31,0.02,-0.01,-0.03,409,303,295,336,358
-1.62,-5.45,-8.20,0.03,0.00,-0.03,409,303,295,336,358
-1.49,-5.46,-8.15,0.04,0.00,-0.03,409,303,295,336,359
-1.57,-5.44,-8.20,0.05,-0.00,-0.04,409,303,295,336,358
-1.61,-5.55,-8.24,0.04,-0.00,-0.03,409,303,295,336,358
-1.50,-5.61,-8.13,0.03,0.01,-0.02,409,303,295,336,358
-1.44,-5.55,-8.13,0.02,-0.00,-0.03,409,303,295,336,358
-1.59,-5.50,-7.87,0.03,-0.00,-0.03,409,303,295,336,358
-1.60,-5.55,-8.15,0.03,-0.00,-0.02,409,303,294,336,358
-1.60,-5.54,-8.08,0.03,-0.00,-0.02,409,303,295,336,358
-1.59,-5.43,-8.26,0.03,0.00,-0.03,409,303,295,336,358
-1.55,-5.42,-8.20,0.04,-0.00,-0.03,409,304,295,336,358
-1.62,-5.56,-8.07,0.04,0.01,-0.03,409,303,295,336,358
END
-1.48,-5.55,-8.04,0.03,-0.00,-0.03,409,303,295,336,358
-1.60,-5.56,-8.08,0.03,-0.00,-0.03,409,303,295,336,358
-1.59,-5.40,-8.17,0.04,0.00,-0.03,409,303,295,336,358
-1.54,-5.49,-8.09,0.03,0.00,-0.04,409,303,295,336,358
-1.57,-5.54,-8.20,0.03,-0.00,-0.03,408,303,295,336,358
-1.62,-5.44,-8.00,0.02,-0.00,-0.03,409,303,295,336,358
-1.45,-5.50,-8.15,0.03,0.01,-0.03,409,303,295,336,358
-1.65,-5.51,-8.04,0.03,-0.00,-0.03,409,304,295,336,358
-1.51,-5.51,-8.07,0.03,-0.00,-0.03,409,303,295,336,358
-1.50,-5.54,-8.15,0.03,-0.00,-0.03,409,303,295,336,358
-1.61,-5.43,-8.03,0.02,-0.00,-0.02,409,304,295,336,358
-1.56,-5.47,-8.16,0.03,0.01,-0.03,409,303,295,336,358
-1.46,-5.40,-8.17,0.03,-0.00,-0.03,409,303,295,336,358
-1.51,-5.50,-8.15,0.03,-0.00,-0.03,408,303,295,336,358
-1.59,-5.52,-8.07,0.03,0.00,-0.02,409,303,295,336,358
-1.52,-5.41,-8.14,0.02,0.00,-0.03,409,303,295,336,358
-1.56,-5.49,-8.05,0.04,-0.00,-0.03,408,303,295,336,358
-1.62,-5.38,-8.26,0.03,-0.00,-0.03,409,303,295,336,358
-1.55,-5.46,-8.14,0.04,0.00,-0.03,409,303,295,336,358
-1.53,-5.50,-8.14,0.03,0.00,-0.03,409,303,295,336,358
-1.44,-5.44,-8.16,0.03,-0.01,-0.03,409,303,295,336,358
-1.65,-5.56,-8.20,0.03,0.00,-0.03,409,303,295,336,359
-1.56,-5.49,-8.10,0.03,0.00,-0.03,409,303,295,336,358
-1.48,-5.51,-8.19,0.03,-0.00,-0.03,408,303,295,336,358
-1.49,-5.59,-8.17,0.03,-0.00,-0.03,408,303,295,335,358
-1.56,-5.48,-8.13,0.02,-0.00,-0.03,409,303,295,336,358
-1.44,-5.42,-8.18,0.03,-0.00,-0.03,408,303,295,336,358
-1.50,-5.44,-8.15,0.04,-0.00,-0.03,409,303,295,336,358
-1.61,-5.40,-8.12,0.03,-0.00,-0.03,409,303,295,336,358
-1.58,-5.48,-8.13,0.03,0.00,-0.03,409,303,295,336,358
-1.53,-5.47,-8.03,0.03,-0.00,-0.03,409,303,295,336,358
-1.57,-5.53,-8.12,0.03,-0.00,-0.04,409,303,295,336,358
-1.70,-5.53,-8.14,0.03,-0.01,-0.03,408,303,295,336,358
END
-1.54,-5.50,-8.18,0.03,0.00,-0.03,408,303,295,336,358
-1.59,-5.48,-8.03,0.03,-0.00,-0.03,408,303,295,336,358
-1.52,-5.56,-8.13,0.03,-0.00,-0.04,408,303,295,336,358
-1.51,-5.57,-8.13,0.03,-0.00,-0.03,409,303,295,336,358
-1.49,-5.49,-8.08,0.03,-0.01,-0.03,408,303,295,336,358
-1.56,-5.40,-8.10,0.03,-0.01,-0.03,409,303,295,336,358
-1.49,-5.51,-8.16,0.04,0.00,-0.03,408,303,295,336,358
-1.49,-5.48,-8.08,0.03,-0.00,-0.03,408,303,295,336,358
-1.65,-5.40,-8.06,0.03,-0.00,-0.03,408,303,296,336,358
-1.58,-5.51,-8.14,0.02,0.00,-0.03,408,303,295,336,358
-1.46,-5.41,-8.14,0.03,-0.01,-0.03,408,304,295,336,358
-1.61,-5.51,-8.14,0.03,0.00,-0.03,408,303,295,336,358
-1.52,-5.44,-8.28,0.03,0.00,-0.03,408,303,295,336,358
-1.52,-5.38,-8.22,0.03,0.00,-0.03,409,303,295,336,358
-1.53,-5.48,-8.09,0.03,-0.00,-0.03,408,303,295,336,358
-1.45,-5.48,-8.20,0.04,0.00,-0.04,408,303,295,336,358
-1.46,-5.43,-8.23,0.03,-0.01,-0.03,408,303,295,336,358
-1.49,-5.39,-8.10,0.03,-0.00,-0.03,408,303,295,336,358
-1.63,-5.53,-8.08,0.04,0.00,-0.03,408,303,295,336,358
-1.44,-5.45,-8.13,0.03,0.00,-0.03,408,303,295,336,358
-1.47,-5.45,-8.23,0.03,-0.00,-0.03,408,303,295,336,358
-1.54,-5.49,-8.26,0.03,0.00,-0.03,408,303,295,336,358
-1.56,-5.41,-8.15,0.03,-0.00,-0.02,408,303,295,336,358
-1.56,-5.37,-8.07,0.03,-0.00,-0.03,408,303,295,336,358
-1.58,-5.47,-8.13,0.03,-0.00,-0.03,408,303,295,336,358
-1.48,-5.51,-8.28,0.03,-0.00,-0.03,408,303,295,336,358
-1.52,-5.41,-8.31,0.03,-0.00,-0.03,409,303,295,336,358
-1.49,-5.42,-8.20,0.04,-0.00,-0.04,408,303,294,336,358
-1.67,-5.52,-8.13,0.03,0.00,-0.03,408,303,295,336,358
-1.57,-5.61,-8.12,0.02,-0.00,-0.02,408,303,295,336,358
-1.59,-5.36,-8.07,0.02,0.01,-0.03,408,303,295,336,358
-1.56,-5.31,-8.25,0.03,0.01,-0.02,408,303,295,336,358
-1.54,-5.39,-8.00,0.03,0.00,-0.03,408,303,295,336,358
END
-1.46,-5.54,-8.08,0.04,-0.00,-0.03,408,303,295,336,358
-1.56,-5.43,-8.17,0.03,-0.01,-0.03,408,303,295,336,358
-1.59,-5.38,-8.07,0.04,0.00,-0.03,408,303,295,336,358
-1.54,-5.60,-8.15,0.03,0.00,-0.02,408,304,295,336,358
-1.48,-5.53,-8.12,0.02,-0.01,-0.03,408,303,295,336,358
-1.54,-5.39,-8.23,0.03,-0.00,-0.04,408,303,295,336,358
-1.62,-5.41,-8.20,0.03,-0.00,-0.03,408,303,295,336,358
-1.64,-5.47,-8.00,0.03,-0.00,-0.03,408,304,295,336,358
-1.70,-5.43,-8.08,0.02,-0.00,-0.03,408,304,295,336,358
-1.61,-5.43,-8.10,0.03,0.00,-0.03,408,303,295,336,358
-1.56,-5.37,-8.13,0.03,-0.00,-0.03,408,304,295,336,358
-1.54,-5.49,-8.08,0.03,0.00,-0.03,408,303,295,336,358
-1.59,-5.40,-8.15,0.03,0.00,-0.03,408,303,295,336,358
-1.62,-5.39,-8.23,0.02,0.00,-0.03,408,303,295,336,358
-1.64,-5.43,-8.11,0.03,-0.00,-0.03,408,303,295,336,358
-1.59,-5.50,-8.20,0.03,0.00,-0.03,408,303,295,336,358
-1.71,-5.49,-8.05,0.03,-0.00,-0.03,408,303,295,336,358
-1.60,-5.38,-8.22,0.03,0.00,-0.03,408,303,294,336,357
-1.53,-5.46,-8.15,0.03,0.00,-0.03,408,304,295,336,358
-1.55,-5.30,-8.22,0.04,0.00,-0.04,408,303,295,336,358
-1.51,-5.45,-8.24,0.04,-0.00,-0.04,408,303,295,336,358
-1.56,-5.52,-8.29,0.03,-0.00,-0.03,408,303,295,336,358
-1.52,-5.55,-8.11,0.03,0.00,-0.03,408,304,294,336,358
-1.38,-5.52,-8.32,0.02,-0.00,-0.02,408,304,295,336,358
-1.59,-5.37,-8.28,0.02,-0.01,-0.03,408,303,295,336,358
-1.61,-5.30,-8.25,0.03,-0.00,-0.03,408,303,295,336,358
-1.69,-5.29,-8.17,0.04,0.00,-0.04,408,304,295,336,358
-1.54,-7.29,-8.23,0.05,0.00,-0.04,408,303,295,336,358
-1.53,-5.59,-8.08,0.03,-0.00,-0.04,408,302,295,336,358
-1.61,-5.60,-8.03,0.03,-0.01,-0.02,408,303,295,336,358
-1.43,-5.48,-8.21,0.01,-0.00,-0.02,408,303,295,336,358
-1.73,-5.51,-7.92,0.02,-0.00,-0.03,408,304,295,336,358
-1.62,-5.33,-8.20,0.03,-0.01,-0.03,408,303,295,336,358
END
-1.62,-5.39,-8.12,0.04,-0.00,-0.04,408,303,295,336,358
-1.51,-5.47,-8.08,0.03,0.00,-0.03,408,303,296,336,358
-1.43,-5.50,-8.23,0.04,0.00,-0.03,408,303,295,336,358
-1.54,-5.41,-8.18,0.03,-0.01,-0.03,408,304,295,336,358
-1.56,-5.48,-8.16,0.04,-0.00,-0.03,408,303,295,336,357
-1.52,-5.42,-8.24,0.03,0.00,-0.03,408,303,295,336,358
-1.48,-5.50,-8.23,0.03,-0.00,-0.03,408,304,295,336,358
-1.49,-5.51,-8.18,0.03,-0.01,-0.03,408,303,295,336,358
-1.64,-5.44,-8.09,0.04,0.00,-0.03,408,303,295,336,358
-1.57,-5.41,-8.20,0.03,-0.00,-0.03,408,303,295,336,358
-1.62,-5.48,-8.24,0.03,0.00,-0.03,408,303,295,336,358
-1.62,-5.57,-8.18,0.03,-0.00,-0.03,408,303,295,336,358
-1.56,-5.62,-8.18,0.03,-0.00,-0.03,408,303,295,336,358
-1.76,-5.44,-7.96,0.03,-0.00,-0.03,408,303,295,336,358
-1.46,-5.49,-8.15,0.03,-0.00,-0.04,408,303,295,336,358
-1.56,-5.48,-8.06,0.03,-0.00,-0.04,408,304,295,336,358
-1.51,-5.43,-8.14,0.02,-0.01,-0.02,408,304,295,336,358
-1.56,-5.44,-8.09,0.03,-0.00,-0.03,408,303,295,336,358
-1.63,-5.50,-8.04,0.04,-0.00,-0.03,408,303,295,336,358
-1.63,-5.45,-8.12,0.03,-0.00,-0.03,408,303,295,336,358
-1.60,-5.46,-8.11,0.03,-0.00,-0.02,408,303,295,336,358
-1.58,-5.46,-8.22,0.03,-0.00,-0.03,408,303,295,336,358
-1.60,-5.59,-8.19,0.03,-0.00,-0.03,408,303,295,336,358
-1.56,-5.45,-8.08,0.03,0.00,-0.03,408,303,295,336,358
-1.60,-5.46,-8.16,0.04,0.00,-0.03,408,303,295,336,358
-1.52,-5.48,-8.18,0.02,-0.00,-0.02,408,303,295,336,358
-1.51,-5.46,-8.15,0.03,-0.00,-0.03,408,303,295,336,358
-1.51,-5.43,-8.27,0.02,-0.01,-0.03,408,304,295,336,358
-1.56,-5.56,-8.12,0.03,-0.00,-0.03,408,304,295,336,358
-1.39,-5.43,-8.10,0.02,-0.00,-0.03,408,304,294,336,358
-1.56,-5.38,-8.06,0.03,-0.00,-0.03,408,303,295,336,358
-1.46,-5.42,-8.26,0.03,-0.00,-0.03,408,303,295,336,358
-1.54,-5.44,-8.13,0.03,-0.01,-0.03,408,303,295,336,358
END
-1.56,-5.46,-8.26,0.03,-0.00,-0.03,408,303,295,336,358
-1.54,-5.41,-8.15,0.02,-0.00,-0.03,408,303,295,336,358
-1.51,-5.21,-8.22,0.02,-0.00,-0.03,408,304,295,336,358
-1.54,-5.41,-8.23,0.05,-0.00,-0.03,408,303,295,336,358
-1.62,-5.60,-8.18,0.05,0.00,-0.04,408,303,295,336,358
-1.54,-5.52,-8.03,0.02,0.00,-0.03,408,303,295,336,358
-1.49,-5.39,-8.25,0.02,-0.00,-0.03,408,303,295,336,358
-1.43,-5.40,-8.35,0.02,-0.01,-0.02,408,303,295,336,358
-1.50,-5.46,-8.08,0.03,0.00,-0.03,408,304,295,336,358
-1.26,-5.40,-8.58,0.03,-0.01,-0.03,408,303,295,337,358
-1.66,-5.40,-8.22,0.03,-0.01,-0.03,408,303,295,336,358
-1.56,-5.33,-8.38,0.03,0.00,-0.03,408,303,295,336,358
-1.59,-5.37,-8.08,0.04,-0.00,-0.04,408,303,295,336,358
-1.62,-5.66,-8.03,0.04,-0.01,-0.03,408,303,295,336,358
-1.53,-5.58,-8.08,0.02,0.00,-0.03,408,303,295,336,358
-1.56,-5.40,-8.32,0.01,0.01,-0.02,408,303,295,336,358
-1.61,-5.20,-8.22,0.02,-0.00,-0.02,408,303,295,336,357
-1.44,-5.36,-8.19,0.06,-0.00,-0.03,408,303,295,336,358
-1.54,-5.79,-7.97,0.04,-0.01,-0.04,408,303,294,336,358
-1.57,-5.71,-8.09,0.03,-0.00,-0.03,408,303,295,336,358
-1.55,-5.40,-8.15,0.01,-0.00,-0.02,408,303,295,336,358
-1.59,-5.30,-8.19,0.02,-0.01,-0.02,408,304,295,336,358
-1.54,-5.25,-8.31,0.04,-0.00,-0.03,408,303,295,336,358
-1.50,-5.37,-8.19,0.04,-0.01,-0.04,408,303,295,336,358
-1.67,-5.43,-8.08,0.04,0.00,-0.03,408,303,295,336,358
-1.46,-5.48,-8.21,0.05,-0.00,-0.04,408,304,295,336,358
-1.62,-5.46,-8.06,0.04,-0.01,-0.03,408,303,295,336,357
-1.59,-5.66,-8.10,0.03,-0.00,-0.03,408,303,295,336,358
-1.67,-5.43,-8.15,0.02,0.00,-0.03,408,303,294,336,358
-1.63,-5.43,-8.19,0.02,0.00,-0.02,408,303,295,336,358
-1.58,-5.45,-8.09,0.02,-0.00,-0.02,408,303,295,336,358
-1.47,-5.54,-8.15,0.04,0.00,-0.03,408,303,295,336,358
-1.49,-5.55,-8.19,0.03,-0.00,-0.03,408,304,295,336,358
END