5.81,1.85,1.85,1.31,1.31,1.31,455,445,325,360,386
4.52,-3.29,-3.29,0.04,0.04,0.04,454,445,325,360,385
6.40,-5.44,-5.44,-0.30,-0.30,-0.30,454,444,325,361,385
2.54,-0.24,-0.24,-1.09,-1.09,-1.09,455,444,327,361,385
1.48,9.46,9.46,-0.50,-0.50,-0.50,459,445,333,365,389
4.86,5.28,5.28,0.73,0.73,0.73,465,445,341,370,396
3.94,-2.83,-2.83,1.31,1.31,1.31,467,446,339,370,397
3.14,-3.23,-3.23,-0.64,-0.64,-0.64,464,445,334,361,394
1.93,4.95,4.95,-1.05,-1.05,-1.05,463,443,333,360,392
2.14,4.62,4.62,-0.40,-0.40,-0.40,461,443,332,358,392
2.00,4.59,4.59,0.21,0.21,0.21,461,443,332,359,392
END
2.43,4.19,4.19,0.00,0.00,0.00,455,442,331,362,390
4.03,-4.69,-4.69,-0.20,-0.20,-0.20,457,443,332,362,392
2.53,-1.17,-1.17,-1.07,-1.07,-1.07,461,439,324,360,398
2.35,8.20,8.20,-0.48,-0.48,-0.48,466,437,323,358,410
4.84,4.66,4.66,0.80,0.80,0.80,464,436,320,359,412
2.28,-1.54,-1.54,1.44,1.44,1.44,469,438,322,368,423
3.57,-7.31,-7.31,-0.33,-0.33,-0.33,469,438,325,371,421
1.82,-0.06,-0.06,-1.07,-1.07,-1.07,464,438,326,359,410
2.90,6.84,6.84,-0.54,-0.54,-0.54,463,438,326,355,406
3.19,4.54,4.54,-0.06,-0.06,-0.06,464,438,325,356,406
2.79,4.35,4.35,0.09,0.09,0.09,462,438,326,357,406
END
2.69,4.39,4.39,0.02,0.02,0.02,455,438,328,362,395
2.22,4.36,4.36,-0.55,-0.55,-0.55,455,437,328,362,393
2.71,-0.25,-0.25,-0.54,-0.54,-0.54,454,438,328,361,391
0.41,8.56,8.56,-0.68,-0.68,-0.68,453,436,328,360,391
1.95,8.20,8.20,0.31,0.31,0.31,452,436,327,360,390
1.76,6.67,6.67,1.02,1.02,1.02,452,436,333,368,391
3.35,-2.24,-2.24,1.45,1.45,1.45,452,437,332,368,393
4.50,-5.48,-5.48,-0.28,-0.28,-0.28,451,436,327,362,392
2.08,0.80,0.80,-0.94,-0.94,-0.94,452,436,326,362,393
2.30,7.30,7.30,-0.72,-0.72,-0.72,457,437,327,362,399
2.87,6.81,6.81,-0.18,-0.18,-0.18,456,436,322,363,400
END
2.33,5.92,5.92,0.18,0.18,0.18,454,435,325,362,391
4.39,-3.84,-3.84,0.00,0.00,0.00,454,435,325,361,390
4.91,-5.40,-5.40,-0.35,-0.35,-0.35,454,435,326,360,390
1.80,-0.70,-0.70,-0.97,-0.97,-0.97,453,435,329,363,388
-0.02,5.88,5.88,-0.98,-0.98,-0.98,454,435,328,365,386
-0.83,9.25,9.25,-0.31,-0.31,-0.31,455,436,329,371,387
1.03,7.09,7.09,0.58,0.58,0.58,454,436,330,371,389
3.50,3.37,3.37,1.47,1.47,1.47,454,436,330,371,392
5.48,-5.73,-5.73,0.67,0.67,0.67,450,436,330,368,389
3.55,-4.20,-4.20,-0.50,-0.50,-0.50,449,435,328,363,387
2.89,0.57,0.57,-0.93,-0.93,-0.93,449,435,327,362,386
END
-1.13,5.61,5.61,-0.74,-0.74,-0.74,446,435,327,364,386
4.47,-3.33,-3.33,0.03,0.03,0.03,446,435,328,364,386
4.44,-2.96,-2.96,0.16,0.16,0.16,446,435,328,364,386
4.17,-4.35,-4.35,-0.78,-0.78,-0.78,446,433,328,362,385
1.03,3.29,3.29,-0.86,-0.86,-0.86,446,434,327,361,384
1.66,8.14,8.14,-0.61,-0.61,-0.61,451,435,327,363,383
4.29,7.17,7.17,0.28,0.28,0.28,449,434,329,365,384
4.13,4.36,4.36,0.65,0.65,0.65,448,434,332,369,385
1.90,-4.43,-4.43,1.20,1.20,1.20,447,434,332,367,384
4.19,-3.55,-3.55,-0.72,-0.72,-0.72,446,433,331,365,384
1.54,5.18,5.18,-0.85,-0.85,-0.85,446,434,331,364,383
END
1.44,6.84,6.84,-0.49,-0.49,-0.49,442,434,322,357,388
4.97,-4.11,-4.11,0.05,0.05,0.05,442,434,323,357,388
5.25,-6.33,-6.33,-0.55,-0.55,-0.55,441,433,323,357,386
0.93,2.46,2.46,-1.15,-1.15,-1.15,442,433,323,356,384
3.39,9.12,9.12,-0.79,-0.79,-0.79,442,433,322,357,384
4.04,7.71,7.71,0.13,0.13,0.13,442,433,324,357,386
3.49,6.13,6.13,1.05,1.05,1.05,441,432,325,360,387
2.51,-2.96,-2.96,1.20,1.20,1.20,439,432,326,362,387
3.32,-4.38,-4.38,-0.17,-0.17,-0.17,435,430,325,361,385
2.37,1.46,1.46,-1.07,-1.07,-1.07,437,430,325,360,386
1.09,7.99,7.99,-0.71,-0.71,-0.71,450,433,327,363,400
END
1.73,6.98,6.98,-0.09,-0.09,-0.09,440,431,323,358,391
3.77,-1.86,-1.86,-0.45,-0.45,-0.45,439,430,323,357,389
1.28,1.36,1.36,-1.04,-1.04,-1.04,438,429,322,357,387
1.12,8.15,8.15,-0.68,-0.68,-0.68,450,431,323,357,387
1.46,7.79,7.79,0.20,0.20,0.20,448,429,324,357,389
3.73,4.52,4.52,1.25,1.25,1.25,450,431,327,360,393
5.12,-5.10,-5.10,0.88,0.88,0.88,444,431,323,358,388
3.20,-4.00,-4.00,-0.74,-0.74,-0.74,447,434,322,357,379
2.87,2.38,2.38,-0.96,-0.96,-0.96,444,432,322,357,380
2.91,6.90,6.90,-0.49,-0.49,-0.49,447,436,323,357,377
2.63,5.46,5.46,0.12,0.12,0.12,445,434,323,358,378
END
2.56,4.77,4.77,0.07,0.07,0.07,437,432,323,357,378
3.98,-4.03,-4.03,-0.11,-0.11,-0.11,436,431,323,358,379
2.50,-3.50,-3.50,-0.99,-0.99,-0.99,437,431,323,358,383
3.37,3.85,3.85,-0.76,-0.76,-0.76,446,432,326,361,390
2.73,5.89,5.89,-0.02,-0.02,-0.02,450,434,328,362,393
3.09,6.52,6.52,0.72,0.72,0.72,448,432,328,363,392
3.73,-3.53,-3.53,1.36,1.36,1.36,445,433,330,363,391
4.30,-6.21,-6.21,0.23,0.23,0.23,441,432,325,358,389
2.48,-2.09,-2.09,-1.15,-1.15,-1.15,440,429,322,357,387
1.77,4.21,4.21,-0.99,-0.99,-0.99,442,428,322,357,387
2.58,6.08,6.08,-0.08,-0.08,-0.08,442,428,323,355,391
END
2.65,4.23,4.23,0.13,0.13,0.13,438,429,325,359,386
4.74,-4.20,-4.20,0.10,0.10,0.10,436,428,325,359,384
4.41,-5.61,-5.61,-0.29,-0.29,-0.29,435,429,325,359,385
3.28,-1.79,-1.79,-1.08,-1.08,-1.08,433,427,325,358,383
1.40,6.73,6.73,-0.68,-0.68,-0.68,435,428,325,358,381
2.96,6.86,6.86,-0.16,-0.16,-0.16,434,427,328,362,383
3.67,5.59,5.59,0.83,0.83,0.83,434,427,327,361,384
3.43,-1.47,-1.47,1.34,1.34,1.34,435,427,327,361,385
3.38,-4.91,-4.91,-0.11,-0.11,-0.11,432,427,327,360,384
2.00,-0.54,-0.54,-0.99,-0.99,-0.99,433,427,325,358,383
1.62,4.87,4.87,-0.72,-0.72,-0.72,436,428,327,358,383
END
2.03,6.19,6.19,-0.11,-0.11,-0.11,431,425,324,359,382
4.27,-2.94,-2.94,0.02,0.02,0.02,431,426,324,359,382
6.02,-4.93,-4.93,-0.24,-0.24,-0.24,431,425,324,359,382
2.30,-0.50,-0.50,-1.02,-1.02,-1.02,431,426,326,360,381
0.93,9.48,9.48,-0.69,-0.69,-0.69,435,426,328,360,383
4.23,5.70,5.70,0.64,0.64,0.64,435,426,328,361,386
4.13,-0.37,-0.37,1.40,1.40,1.40,433,426,329,362,387
4.39,-7.25,-7.25,0.00,0.00,0.00,433,427,322,356,386
2.29,-0.80,-0.80,-1.26,-1.26,-1.26,434,427,324,355,385
2.68,7.36,7.36,-0.66,-0.66,-0.66,434,427,327,356,383
3.36,4.69,4.69,0.01,0.01,0.01,434,426,331,358,384
END
3.27,4.39,4.39,0.04,0.04,0.04,430,426,326,361,380
4.95,-4.07,-4.07,-0.04,-0.04,-0.04,429,426,326,360,380
4.98,-5.55,-5.55,-0.49,-0.49,-0.49,428,425,327,361,380
-0.49,1.39,1.39,-0.97,-0.97,-0.97,432,426,327,362,380
2.79,8.51,8.51,-0.98,-0.98,-0.98,442,429,328,362,389
2.41,6.75,6.75,0.68,0.68,0.68,437,429,328,362,387
4.52,-1.21,-1.21,1.31,1.31,1.31,434,427,329,362,386
4.19,-7.52,-7.52,0.02,0.02,0.02,433,427,326,358,387
2.64,0.32,0.32,-1.08,-1.08,-1.08,432,425,318,358,385
1.51,7.66,7.66,-0.85,-0.85,-0.85,432,425,315,356,386
2.76,5.70,5.70,0.04,0.04,0.04,434,427,322,356,388
END
2.97,4.97,4.97,0.11,0.11,0.11,428,425,321,356,382
4.60,-3.14,-3.14,0.03,0.03,0.03,428,424,323,357,382
5.56,-6.30,-6.30,-0.42,-0.42,-0.42,427,424,324,363,381
2.54,-0.03,-0.03,-0.95,-0.95,-0.95,427,424,328,363,379
1.14,7.82,7.82,-0.53,-0.53,-0.53,433,425,323,361,380
2.24,4.11,4.11,0.66,0.66,0.66,438,426,325,361,385
3.70,-1.39,-1.39,1.26,1.26,1.26,433,425,321,360,384
2.24,-6.22,-6.22,-0.24,-0.24,-0.24,430,425,319,358,381
1.94,-0.78,-0.78,-1.19,-1.19,-1.19,429,425,326,358,381
1.55,8.27,8.27,-0.59,-0.59,-0.59,432,426,331,359,381
2.58,5.37,5.37,0.03,0.03,0.03,431,425,331,359,381
END
2.01,4.34,4.34,0.16,0.16,0.16,435,429,327,360,382
4.39,-4.76,-4.76,-0.28,-0.28,-0.28,432,426,327,360,383
1.87,-0.31,-0.31,-1.18,-1.18,-1.18,431,426,328,360,382
1.41,8.91,8.91,-0.81,-0.81,-0.81,432,424,330,360,383
2.93,6.88,6.88,0.26,0.26,0.26,431,424,329,360,383
3.68,3.13,3.13,1.13,1.13,1.13,431,424,330,362,384
4.20,-4.93,-4.93,1.03,1.03,1.03,429,425,328,361,382
3.52,-4.73,-4.73,-0.74,-0.74,-0.74,428,424,327,363,381
2.96,2.35,2.35,-0.98,-0.98,-0.98,429,424,327,362,381
2.67,6.12,6.12,-0.40,-0.40,-0.40,431,423,327,361,382
2.45,3.92,3.92,0.08,0.08,0.08,430,423,327,361,382
END
2.90,4.24,4.24,0.02,0.02,0.02,426,424,325,362,380
5.23,-6.22,-6.22,-0.21,-0.21,-0.21,426,423,326,364,381
1.00,-0.21,-0.21,-1.29,-1.29,-1.29,426,423,326,362,380
3.59,7.42,7.42,-0.80,-0.80,-0.80,428,423,331,367,383
2.36,7.26,7.26,0.48,0.48,0.48,429,423,331,367,383
2.95,-0.15,-0.15,1.26,1.26,1.26,426,422,331,366,382
4.77,-7.60,-7.60,0.54,0.54,0.54,425,424,320,358,383
2.46,-2.50,-2.50,-0.94,-0.94,-0.94,425,423,322,357,384
3.03,4.51,4.51,-0.77,-0.77,-0.77,425,423,322,357,384
3.06,5.46,5.46,-0.16,-0.16,-0.16,425,422,326,358,384
3.29,4.41,4.41,0.11,0.11,0.11,425,423,326,358,384
END
3.00,3.95,3.95,0.07,0.07,0.07,422,422,326,361,382
2.99,-2.33,-2.33,-0.76,-0.76,-0.76,423,423,328,360,383
0.47,2.24,2.24,-1.07,-1.07,-1.07,424,422,327,360,381
3.00,8.85,8.85,-0.20,-0.20,-0.20,423,423,325,360,378
3.77,4.87,4.87,0.95,0.95,0.95,423,423,328,361,378
4.07,-2.60,-2.60,1.10,1.10,1.10,421,422,326,362,378
4.54,-7.02,-7.02,-0.27,-0.27,-0.27,421,422,323,360,378
2.49,-1.13,-1.13,-1.13,-1.13,-1.13,421,422,327,359,377
2.18,4.52,4.52,-0.79,-0.79,-0.79,429,424,333,360,383
2.10,6.15,6.15,-0.10,-0.10,-0.10,430,424,332,360,383
2.22,4.90,4.90,0.12,0.12,0.12,429,424,333,360,383
END
2.34,5.14,5.14,0.06,0.06,0.06,430,426,328,358,389
4.93,-5.02,-5.02,-0.02,-0.02,-0.02,429,425,329,359,388
3.25,-4.34,-4.34,-0.86,-0.86,-0.86,429,425,329,360,388
-0.57,6.14,6.14,-1.11,-1.11,-1.11,442,429,333,369,398
3.42,4.66,4.66,0.02,0.02,0.02,438,427,332,368,400
3.30,4.34,4.34,0.97,0.97,0.97,437,427,334,373,399
4.92,-4.45,-4.45,1.00,1.00,1.00,434,426,333,359,392
3.16,-5.71,-5.71,-0.57,-0.57,-0.57,429,425,331,358,387
3.80,1.15,1.15,-0.87,-0.87,-0.87,427,422,334,363,386
1.44,6.93,6.93,-0.57,-0.57,-0.57,436,417,337,366,386
2.96,5.02,5.02,0.01,0.01,0.01,433,418,337,365,386
END
2.31,3.91,3.91,0.13,0.13,0.13,425,423,327,358,383
4.54,-3.61,-3.61,0.01,0.01,0.01,424,423,327,358,383
4.01,-5.25,-5.25,-0.40,-0.40,-0.40,423,422,327,358,383
2.73,0.04,0.04,-1.02,-1.02,-1.02,424,422,327,358,382
0.75,8.01,8.01,-0.66,-0.66,-0.66,428,425,328,361,381
3.36,4.57,4.57,0.28,0.28,0.28,427,424,328,362,382
3.13,2.51,2.51,0.97,0.97,0.97,433,426,332,366,385
4.32,-4.42,-4.42,0.63,0.63,0.63,445,435,329,360,381
3.07,-5.33,-5.33,-0.51,-0.51,-0.51,438,431,331,359,379
2.68,1.98,1.98,-1.13,-1.13,-1.13,437,431,330,359,379
0.67,7.57,7.57,-0.44,-0.44,-0.44,433,426,330,358,381
END
2.53,4.97,4.97,0.08,0.08,0.08,425,425,330,358,376
4.98,-5.22,-5.22,-0.05,-0.05,-0.05,424,424,329,357,375
3.43,-4.81,-4.81,-0.73,-0.73,-0.73,420,422,329,358,374
2.05,3.36,3.36,-0.89,-0.89,-0.89,422,421,331,361,375
0.55,7.67,7.67,-0.50,-0.50,-0.50,424,423,332,361,375
1.44,7.34,7.34,0.48,0.48,0.48,424,423,332,360,378
3.12,-0.27,-0.27,1.24,1.24,1.24,427,423,331,359,381
3.35,-4.60,-4.60,0.68,0.68,0.68,426,424,322,357,380
2.71,-6.43,-6.43,-0.83,-0.83,-0.83,423,421,325,357,380
2.46,0.57,0.57,-0.83,-0.83,-0.83,423,420,321,357,380
2.97,5.14,5.14,-0.76,-0.76,-0.76,425,420,320,356,380
END
2.91,4.90,4.90,-0.10,-0.10,-0.10,420,420,329,358,379
4.28,-4.62,-4.62,-0.27,-0.27,-0.27,420,420,328,358,379
2.84,-1.06,-1.06,-1.03,-1.03,-1.03,420,420,328,358,378
2.01,5.75,5.75,-0.58,-0.58,-0.58,423,420,333,360,378
3.05,5.52,5.52,0.05,0.05,0.05,426,422,333,360,381
3.55,4.39,4.39,0.61,0.61,0.61,425,421,333,360,381
4.94,-1.48,-1.48,1.24,1.24,1.24,424,421,333,360,383
3.85,-7.19,-7.19,0.31,0.31,0.31,424,422,333,360,383
3.98,-2.56,-2.56,-1.04,-1.04,-1.04,424,421,332,360,382
3.09,3.61,3.61,-0.97,-0.97,-0.97,424,421,331,360,381
1.92,6.98,6.98,-0.31,-0.31,-0.31,424,421,332,359,381
END
4.17,-1.90,-1.90,0.05,0.05,0.05,460,431,354,387,400
4.56,-3.19,-3.19,0.07,0.07,0.07,459,431,345,383,400
4.43,-4.36,-4.36,-0.15,-0.15,-0.15,458,432,344,379,399
4.39,-0.30,-0.30,-1.03,-1.03,-1.03,458,432,344,375,397
1.95,5.02,5.02,-1.08,-1.08,-1.08,460,432,345,379,398
1.81,8.23,8.23,0.15,0.15,0.15,462,433,346,381,397
3.11,4.87,4.87,1.02,1.02,1.02,474,439,358,392,401
4.12,-2.10,-2.10,1.23,1.23,1.23,472,441,353,384,398
5.19,-5.31,-5.31,-0.07,-0.07,-0.07,468,440,341,378,395
3.27,0.26,0.26,-0.83,-0.83,-0.83,472,442,341,388,392
3.42,4.95,4.95,-0.77,-0.77,-0.77,469,438,343,389,393
END
2.49,6.52,6.52,-0.10,-0.10,-0.10,460,438,332,373,389
4.62,-4.03,-4.03,0.02,0.02,0.02,459,437,332,372,389
5.16,-5.97,-5.97,-0.35,-0.35,-0.35,458,437,332,373,389
2.51,-0.39,-0.39,-1.04,-1.04,-1.04,455,435,339,376,387
3.56,6.52,6.52,-0.71,-0.71,-0.71,453,435,337,372,386
4.40,7.03,7.03,0.53,0.53,0.53,452,434,341,373,387
3.76,-0.32,-0.32,1.23,1.23,1.23,451,434,344,379,386
3.12,-6.02,-6.02,0.37,0.37,0.37,442,433,336,377,382
5.36,-3.07,-3.07,-1.18,-1.18,-1.18,439,432,337,377,384
4.36,4.08,4.08,-0.94,-0.94,-0.94,438,431,338,367,382
4.41,4.25,4.25,-0.13,-0.13,-0.13,433,427,344,369,378
END
3.63,3.64,3.64,0.19,0.19,0.19,429,428,338,371,375
4.49,-3.60,-3.60,0.03,0.03,0.03,431,429,338,371,375
4.78,-3.79,-3.79,0.03,0.03,0.03,430,429,339,372,376
4.63,-4.77,-4.77,-0.91,-0.91,-0.91,430,429,339,371,376
2.08,3.40,3.40,-0.81,-0.81,-0.81,431,430,340,370,375
3.63,4.91,4.91,-0.02,-0.02,-0.02,434,431,341,371,375
3.33,3.92,3.92,0.97,0.97,0.97,434,431,344,378,378
4.47,-5.41,-5.41,1.03,1.03,1.03,431,430,336,375,378
4.42,-6.12,-6.12,-0.72,-0.72,-0.72,426,428,329,370,377
2.15,0.63,0.63,-1.07,-1.07,-1.07,426,427,326,363,377
2.51,6.98,6.98,-0.36,-0.36,-0.36,431,427,334,365,377
END
3.22,3.96,3.96,0.08,0.08,0.08,428,427,333,374,375
4.99,-4.51,-4.51,-0.01,-0.01,-0.01,428,427,340,373,376
4.08,-5.86,-5.86,-0.07,-0.07,-0.07,426,427,341,378,375
1.97,2.43,2.43,-1.34,-1.34,-1.34,435,429,349,385,383
1.10,7.34,7.34,-0.28,-0.28,-0.28,459,434,347,390,407
2.97,5.30,5.30,0.98,0.98,0.98,457,434,342,383,404
4.74,-3.03,-3.03,1.13,1.13,1.13,453,433,341,379,401
5.35,-7.37,-7.37,-0.33,-0.33,-0.33,449,432,333,377,397
3.60,3.37,3.37,-1.47,-1.47,-1.47,449,431,337,383,394
2.96,5.90,5.90,-0.48,-0.48,-0.48,449,430,340,380,395
2.86,5.61,5.61,-0.07,-0.07,-0.07,446,430,341,378,392
END
2.79,4.67,4.67,0.08,0.08,0.08,438,431,334,371,383
4.77,-5.34,-5.34,0.00,0.00,0.00,435,430,334,371,380
2.34,-5.32,-5.32,-0.49,-0.49,-0.49,434,429,335,371,378
3.45,1.97,1.97,-1.50,-1.50,-1.50,434,429,335,371,377
5.53,8.51,8.51,-0.22,-0.22,-0.22,433,430,332,371,378
4.09,5.67,5.67,0.94,0.94,0.94,433,429,335,374,378
5.02,-2.09,-2.09,1.46,1.46,1.46,430,430,333,373,377
4.91,-6.39,-6.39,-0.31,-0.31,-0.31,427,428,330,374,377
3.70,0.19,0.19,-1.22,-1.22,-1.22,427,427,330,376,377
1.66,6.22,6.22,-0.77,-0.77,-0.77,431,427,327,375,379
2.58,5.07,5.07,0.01,0.01,0.01,431,427,327,375,380
END
2.87,4.65,4.65,0.03,0.03,0.03,428,420,341,372,375
4.37,-3.63,-3.63,-0.03,-0.03,-0.03,427,419,340,371,373
4.84,-4.48,-4.48,-0.00,-0.00,-0.00,428,420,341,371,375
2.99,-3.07,-3.07,-1.05,-1.05,-1.05,433,422,341,371,376
0.98,5.14,5.14,-0.72,-0.72,-0.72,447,427,345,371,386
3.73,6.40,6.40,0.12,0.12,0.12,446,426,344,370,388
4.25,2.22,2.22,1.39,1.39,1.39,444,424,347,372,388
4.14,-6.78,-6.78,0.45,0.45,0.45,436,422,338,369,383
4.24,-3.53,-3.53,-1.12,-1.12,-1.12,431,422,334,369,378
3.24,4.81,4.81,-0.86,-0.86,-0.86,430,421,337,369,378
2.31,6.18,6.18,-0.20,-0.20,-0.20,430,421,345,368,378
END
3.04,4.32,4.32,0.01,0.01,0.01,425,424,338,372,373
4.79,-3.66,-3.66,-0.50,-0.50,-0.50,425,424,338,372,374
3.50,0.35,0.35,-1.21,-1.21,-1.21,424,423,336,372,372
1.03,6.73,6.73,-0.56,-0.56,-0.56,427,424,337,372,371
2.40,6.47,6.47,0.55,0.55,0.55,426,424,338,373,372
4.87,0.75,0.75,1.31,1.31,1.31,424,423,338,375,373
5.48,-6.38,-6.38,0.46,0.46,0.46,424,424,339,376,374
4.29,-3.36,-3.36,-1.17,-1.17,-1.17,424,423,338,373,374
3.75,3.44,3.44,-1.13,-1.13,-1.13,424,422,337,370,373
3.09,6.49,6.49,-0.30,-0.30,-0.30,426,423,340,370,374
2.92,4.72,4.72,0.10,0.10,0.10,425,423,340,369,374
END
3.05,4.38,4.38,0.00,0.00,0.00,421,421,338,370,373
4.31,4.05,4.05,0.06,0.06,0.06,420,421,340,373,373
3.55,6.86,6.86,0.17,0.17,0.17,420,420,340,372,373
3.80,3.91,3.91,0.89,0.89,0.89,419,420,339,373,373
4.29,-2.50,-2.50,1.14,1.14,1.14,418,419,339,374,373
5.15,-4.06,-4.06,0.33,0.33,0.33,418,421,337,373,373
4.60,-4.55,-4.55,-0.03,-0.03,-0.03,417,421,333,374,373
4.79,-2.96,-2.96,-0.67,-0.67,-0.67,416,420,332,371,371
3.42,1.49,1.49,-0.93,-0.93,-0.93,426,423,335,369,377
2.73,3.96,3.96,-0.63,-0.63,-0.63,423,422,334,364,375
3.19,6.32,6.32,-0.26,-0.26,-0.26,426,423,338,364,375
END
2.69,6.07,6.07,0.05,0.05,0.05,432,423,334,372,384
4.82,-3.65,-3.65,0.01,0.01,0.01,431,423,335,370,384
4.37,-4.31,-4.31,-0.30,-0.30,-0.30,431,423,335,369,384
5.10,0.22,0.22,-0.81,-0.81,-0.81,430,422,335,370,382
1.03,3.93,3.93,-0.76,-0.76,-0.76,426,421,334,366,376
2.12,7.38,7.38,-0.27,-0.27,-0.27,427,421,335,366,376
2.07,7.39,7.39,0.65,0.65,0.65,426,421,335,366,377
2.63,1.24,1.24,1.15,1.15,1.15,424,421,338,377,376
4.27,-4.29,-4.29,1.05,1.05,1.05,415,419,324,364,374
4.34,-5.50,-5.50,-0.45,-0.45,-0.45,414,418,324,364,373
3.73,-0.53,-0.53,-0.74,-0.74,-0.74,415,418,323,360,372
END
2.42,2.44,2.44,-0.59,-0.59,-0.59,416,419,333,367,376
4.21,-4.18,-4.18,-0.09,-0.09,-0.09,416,419,333,366,376
3.83,-3.80,-3.80,-0.70,-0.70,-0.70,416,419,335,366,376
1.86,2.52,2.52,-0.89,-0.89,-0.89,417,418,336,365,380
3.67,6.83,6.83,-0.40,-0.40,-0.40,418,418,336,363,380
4.34,5.71,5.71,0.58,0.58,0.58,421,419,337,363,383
3.12,0.69,0.69,1.14,1.14,1.14,419,418,339,365,381
2.89,-5.76,-5.76,0.73,0.73,0.73,422,420,340,368,380
4.03,-5.35,-5.35,-0.54,-0.54,-0.54,419,419,338,367,379
3.19,-2.50,-2.50,-0.38,-0.38,-0.38,418,419,337,367,378
2.20,1.05,1.05,-0.69,-0.69,-0.69,418,418,337,366,378
END
2.27,5.48,5.48,-0.55,-0.55,-0.55,415,418,334,371,375
4.47,-4.07,-4.07,0.01,0.01,0.01,415,418,334,371,374
4.85,-4.56,-4.56,-0.54,-0.54,-0.54,415,418,334,370,373
3.46,0.86,0.86,-1.00,-1.00,-1.00,414,417,331,365,372
1.63,6.08,6.08,-0.88,-0.88,-0.88,415,417,334,363,372
3.07,8.82,8.82,0.07,0.07,0.07,416,418,336,365,373
3.35,3.94,3.94,0.95,0.95,0.95,413,417,336,368,372
4.61,-1.04,-1.04,1.01,1.01,1.01,413,418,337,371,372
4.26,-6.37,-6.37,0.07,0.07,0.07,412,419,336,372,371
3.06,-2.49,-2.49,-0.82,-0.82,-0.82,412,419,335,370,371
3.17,3.40,3.40,-1.01,-1.01,-1.01,417,419,341,374,380
END
2.57,7.98,7.98,-0.41,-0.41,-0.41,412,419,335,372,376
4.90,-3.74,-3.74,0.03,0.03,0.03,412,419,335,371,376
4.80,-4.41,-4.41,-0.77,-0.77,-0.77,412,418,336,371,375
2.34,1.84,1.84,-0.92,-0.92,-0.92,411,418,334,370,370
-0.75,6.83,6.83,-0.58,-0.58,-0.58,411,417,337,368,368
-0.42,8.92,8.92,-0.03,-0.03,-0.03,414,418,340,368,369
0.51,7.46,7.46,0.81,0.81,0.81,416,419,341,373,371
5.30,0.01,0.01,1.51,1.51,1.51,422,421,344,373,374
5.13,-7.16,-7.16,0.31,0.31,0.31,419,422,342,372,373
4.08,-2.67,-2.67,-1.08,-1.08,-1.08,417,420,341,372,372
0.55,3.84,3.84,-1.01,-1.01,-1.01,416,419,340,368,371
END
0.73,8.54,8.54,-0.58,-0.58,-0.58,420,428,341,373,375
5.74,-3.35,-3.35,0.05,0.05,0.05,422,424,341,369,376
5.19,-4.96,-4.96,-0.10,-0.10,-0.10,420,422,339,367,377
3.48,-1.18,-1.18,-0.77,-0.77,-0.77,419,420,339,366,378
-0.57,2.98,2.98,-0.87,-0.87,-0.87,419,419,340,366,378
-0.54,8.13,8.13,-0.44,-0.44,-0.44,418,418,341,369,376
0.85,7.35,7.35,0.66,0.66,0.66,418,419,341,370,377
3.53,0.43,0.43,1.29,1.29,1.29,417,420,342,375,379
6.03,-4.46,-4.46,0.65,0.65,0.65,417,426,341,374,373
5.22,-1.91,-1.91,-0.61,-0.61,-0.61,414,422,340,371,373
2.94,1.39,1.39,-0.77,-0.77,-0.77,418,423,342,374,374
END
1.66,4.23,4.23,-0.52,-0.52,-0.52,408,417,336,368,371
5.21,-3.70,-3.70,0.06,0.06,0.06,409,417,337,369,371
5.46,-5.00,-5.00,-0.22,-0.22,-0.22,409,417,337,368,372
3.12,0.20,0.20,-0.87,-0.87,-0.87,409,416,336,365,372
1.69,2.94,2.94,-0.76,-0.76,-0.76,417,420,338,364,373
1.52,7.00,7.00,-0.47,-0.47,-0.47,415,419,340,364,373
1.80,6.40,6.40,0.40,0.40,0.40,414,418,339,364,373
3.22,2.59,2.59,0.97,0.97,0.97,413,418,340,366,374
3.47,-1.68,-1.68,0.91,0.91,0.91,412,418,341,375,375
4.20,-7.26,-7.26,0.00,0.00,0.00,410,424,337,373,369
3.88,-1.54,-1.54,-0.76,-0.76,-0.76,409,422,336,372,370
END
2.10,3.85,3.85,-0.73,-0.73,-0.73,406,419,334,376,371
4.38,-4.26,-4.26,-0.11,-0.11,-0.11,406,418,332,375,371
4.34,-4.78,-4.78,-0.35,-0.35,-0.35,405,418,334,373,371
3.16,0.94,0.94,-1.02,-1.02,-1.02,405,417,333,370,371
2.76,3.55,3.55,-0.74,-0.74,-0.74,407,417,328,366,371
1.77,6.47,6.47,-0.25,-0.25,-0.25,406,417,323,363,371
1.96,6.23,6.23,0.17,0.17,0.17,406,417,321,362,371
3.24,5.89,5.89,0.92,0.92,0.92,409,418,333,369,375
3.10,-2.66,-2.66,1.29,1.29,1.29,409,420,334,372,376
4.67,-5.44,-5.44,0.02,0.02,0.02,407,418,332,371,374
4.53,-1.32,-1.32,-0.86,-0.86,-0.86,406,417,332,370,374
END
4.05,2.45,2.45,-0.69,-0.69,-0.69,407,417,337,373,378
5.17,-2.76,-2.76,-0.02,-0.02,-0.02,407,417,337,373,377
5.47,-3.68,-3.68,-0.40,-0.40,-0.40,406,416,337,372,377
2.64,0.91,0.91,-0.75,-0.75,-0.75,412,417,337,371,376
1.13,4.05,4.05,-0.97,-0.97,-0.97,426,425,337,370,374
1.45,9.84,9.84,-0.14,-0.14,-0.14,427,425,337,369,375
2.59,6.23,6.23,0.80,0.80,0.80,423,423,338,370,376
4.64,1.38,1.38,1.17,1.17,1.17,418,423,337,372,377
5.46,-4.95,-4.95,0.52,0.52,0.52,415,422,337,372,376
5.23,-3.55,-3.55,-0.58,-0.58,-0.58,416,422,335,371,379
3.67,1.41,1.41,-0.83,-0.83,-0.83,416,421,334,368,378
END
1.77,6.39,6.39,-0.50,-0.50,-0.50,416,421,338,376,381
3.91,-2.00,-2.00,-0.65,-0.65,-0.65,415,420,338,375,379
2.61,1.38,1.38,-0.80,-0.80,-0.80,414,419,337,372,376
0.59,6.67,6.67,-0.65,-0.65,-0.65,414,419,337,371,372
1.92,8.00,8.00,-0.18,-0.18,-0.18,414,419,339,370,372
1.41,7.52,7.52,0.72,0.72,0.72,413,419,340,371,373
4.15,0.43,0.43,1.31,1.31,1.31,410,417,345,377,373
4.44,-5.15,-5.15,0.50,0.50,0.50,410,422,338,366,373
4.69,-2.29,-2.29,-0.75,-0.75,-0.75,408,417,338,364,373
2.48,1.82,1.82,-0.65,-0.65,-0.65,409,417,337,364,372
0.65,5.24,5.24,-0.32,-0.32,-0.32,409,413,341,364,373
END
2.64,6.53,6.53,-0.25,-0.25,-0.25,405,416,342,374,371
1.13,7.92,7.92,-0.52,-0.52,-0.52,405,415,343,373,369
0.79,5.81,5.81,-0.38,-0.38,-0.38,405,415,343,372,368
0.87,8.69,8.69,-0.09,-0.09,-0.09,406,415,342,372,368
0.95,8.92,8.92,0.53,0.53,0.53,405,415,343,374,368
2.14,4.71,4.71,0.74,0.74,0.74,405,420,344,385,369
4.32,0.85,0.85,1.29,1.29,1.29,415,436,345,389,369
5.00,-5.11,-5.11,0.42,0.42,0.42,408,429,345,386,369
4.41,-2.87,-2.87,-0.77,-0.77,-0.77,404,423,341,380,369
2.53,2.38,2.38,-0.97,-0.97,-0.97,403,419,341,378,370
1.45,6.70,6.70,-0.73,-0.73,-0.73,405,419,339,378,371
END
0.79,8.65,8.65,-0.22,-0.22,-0.22,404,419,340,381,373
5.02,-3.83,-3.83,-0.16,-0.16,-0.16,404,418,340,378,373
4.15,-2.31,-2.31,-0.63,-0.63,-0.63,404,417,340,377,372
1.33,2.80,2.80,-0.87,-0.87,-0.87,413,418,346,379,375
0.50,7.39,7.39,-0.56,-0.56,-0.56,414,417,345,376,374
0.05,8.60,8.60,0.00,0.00,0.00,417,418,345,382,373
1.18,7.29,7.29,1.17,1.17,1.17,415,421,345,383,373
5.37,1.41,1.41,1.10,1.10,1.10,413,422,345,387,376
4.78,-4.72,-4.72,0.78,0.78,0.78,409,421,341,378,374
5.36,-4.35,-4.35,-0.64,-0.64,-0.64,407,419,341,376,373
3.39,0.52,0.52,-1.34,-1.34,-1.34,406,417,341,371,372
END