4.69,-4.15,-7.70,0.03,-0.02,-0.04,318,331,367,382,343
4.57,-4.18,-7.77,0.03,0.01,-0.03,318,332,366,382,343
4.70,-3.93,-7.57,0.07,0.02,-0.07,318,331,366,382,343
4.73,-3.99,-7.77,0.04,0.02,-0.06,318,331,367,382,342
4.72,-4.03,-7.47,0.04,0.03,-0.03,318,331,366,382,343
4.89,-4.22,-7.55,0.03,0.03,-0.03,318,331,366,381,342
4.99,-4.21,-7.64,0.03,0.03,-0.02,318,331,366,382,343
5.00,-4.21,-7.57,0.04,0.00,-0.03,318,332,367,382,343
4.69,-4.12,-7.68,0.04,-0.02,-0.02,318,332,366,382,343
4.49,-4.15,-7.58,0.05,-0.02,-0.03,318,332,366,382,343
4.55,-4.12,-7.49,0.04,0.03,-0.03,318,332,366,382,343
4.71,-4.12,-7.48,0.03,0.07,-0.03,318,332,366,382,343
5.14,-4.31,-7.25,0.02,0.02,-0.09,318,332,366,382,343
5.55,-4.41,-7.50,-0.05,-0.06,0.04,318,331,366,382,343
4.59,-4.06,-7.68,0.01,-0.04,-0.05,318,331,366,381,343
4.72,-3.98,-7.41,0.03,-0.00,-0.05,318,332,366,381,342
4.23,-4.03,-7.41,0.03,0.06,-0.02,318,331,366,381,343
4.52,-4.20,-7.47,0.03,0.11,-0.07,318,331,366,381,343
4.97,-4.14,-7.35,0.04,0.11,-0.11,318,332,366,381,343
4.83,-3.91,-7.50,0.04,0.13,-0.15,318,332,366,381,343
5.94,-4.13,-7.09,-0.02,0.12,0.00,318,332,366,382,343
6.27,-3.98,-6.97,0.01,0.10,0.04,318,332,366,381,343
6.11,-3.95,-7.07,-0.04,0.06,0.12,318,332,366,381,343
5.19,-3.85,-7.26,-0.01,0.05,0.19,318,332,366,381,343
4.67,-4.17,-7.22,0.03,0.01,-0.04,318,332,366,381,343
4.97,-4.17,-7.11,0.03,0.06,-0.01,318,332,366,381,343
5.36,-4.21,-7.11,0.03,0.10,0.05,318,332,366,381,343
5.55,-4.42,-6.92,0.02,0.08,-0.00,318,332,366,381,343
5.38,-4.19,-6.71,0.03,0.07,-0.06,317,332,366,381,343
5.97,-4.03,-7.16,0.06,0.03,-0.09,318,332,366,381,343
5.85,-4.05,-7.05,0.08,0.00,-0.05,318,332,366,381,343
5.82,-4.28,-6.81,0.07,-0.03,-0.02,318,332,366,381,343
5.70,-4.28,-6.98,0.10,-0.08,-0.02,318,332,366,381,343
5.11,-4.41,-7.11,0.08,-0.09,-0.07,318,332,366,381,343
5.18,-4.46,-6.98,0.05,-0.07,-0.06,318,331,366,381,343
5.20,-4.28,-7.05,0.05,-0.06,-0.06,318,331,366,381,343
END
5.31,-4.21,-6.97,0.07,-0.05,-0.04,318,334,366,381,343
5.40,-4.29,-7.10,0.08,0.02,-0.03,318,334,366,381,343
5.70,-4.26,-7.00,0.09,0.02,-0.04,318,334,366,381,343
5.56,-4.05,-6.93,0.07,0.00,-0.05,318,334,366,381,343
5.46,-4.11,-6.83,0.07,-0.03,-0.07,318,334,366,381,343
5.41,-4.28,-6.88,0.08,-0.01,-0.10,318,334,366,381,343
5.57,-4.36,-6.81,0.06,-0.01,-0.11,318,334,366,381,343
5.53,-4.51,-6.79,0.06,0.01,-0.07,318,334,366,381,343
5.85,-4.51,-6.71,0.07,0.00,-0.06,318,334,366,382,343
5.73,-4.68,-6.73,0.06,0.01,-0.04,318,334,366,381,343
5.94,-4.47,-6.73,0.05,0.03,-0.02,318,334,366,381,342
5.64,-4.34,-6.75,0.04,0.02,-0.01,318,334,366,382,343
5.73,-4.30,-6.88,0.06,0.01,-0.03,318,334,366,381,343
5.61,-4.29,-6.71,0.05,-0.04,-0.01,318,334,365,381,343
5.73,-4.42,-6.58,0.03,-0.05,-0.01,318,334,366,381,343
5.66,-4.67,-6.61,-0.00,-0.05,-0.04,318,334,366,381,343
5.55,-4.29,-6.79,-0.04,-0.04,-0.08,318,334,366,381,343
5.45,-4.11,-7.03,0.00,-0.03,-0.07,318,334,366,381,343
5.40,-4.17,-7.10,0.04,-0.04,-0.07,318,334,366,381,343
5.49,-4.41,-6.96,0.04,-0.05,-0.07,319,334,366,381,343
5.59,-4.55,-6.91,0.02,-0.04,-0.05,319,334,366,381,343
5.77,-4.55,-6.96,0.01,-0.05,-0.03,318,334,366,381,343
5.36,-4.43,-7.03,0.01,-0.07,-0.03,318,334,366,381,343
5.19,-4.64,-6.79,0.00,-0.07,0.01,318,334,366,381,343
4.92,-4.33,-7.12,-0.00,-0.02,0.00,318,334,366,381,343
4.82,-4.19,-7.37,-0.00,0.03,0.03,318,334,366,381,343
5.23,-3.90,-7.44,0.03,0.03,0.01,318,335,366,382,343
5.13,-4.08,-7.42,0.03,-0.00,-0.01,318,335,366,382,343
5.18,-4.21,-7.44,0.02,-0.06,-0.06,318,335,366,382,343
5.04,-4.34,-7.42,0.03,-0.08,-0.11,318,335,366,382,343
5.38,-4.12,-7.02,0.12,-0.06,-0.17,318,335,367,382,342
5.56,-4.21,-7.39,0.08,-0.04,-0.13,318,335,368,383,343
5.08,-4.19,-7.23,0.08,-0.02,-0.07,318,336,369,383,343
5.20,-4.21,-7.14,0.12,-0.00,-0.13,318,336,369,385,343
5.23,-4.17,-7.27,0.09,-0.04,-0.12,318,336,369,383,343
5.66,-4.22,-6.63,0.14,-0.00,-0.00,319,336,370,384,343
END
5.44,-4.23,-6.75,0.08,-0.06,-0.03,318,334,368,383,344
5.19,-4.08,-7.15,0.03,0.00,-0.04,318,334,368,383,344
5.31,-3.96,-7.19,0.04,0.01,-0.04,318,334,368,383,344
5.38,-4.06,-7.21,0.04,0.01,-0.06,318,334,368,383,344
5.28,-4.24,-7.23,0.04,0.01,-0.05,318,334,368,383,344
5.46,-4.15,-7.10,0.03,-0.00,-0.04,318,334,368,383,344
5.35,-4.04,-7.19,0.03,-0.00,-0.05,318,334,368,382,343
5.49,-4.12,-7.25,0.04,-0.01,-0.05,318,333,368,383,344
5.36,-4.09,-7.26,0.03,-0.01,-0.05,318,334,368,383,344
5.38,-4.08,-7.20,0.03,-0.00,-0.04,318,334,368,383,344
5.58,-4.13,-7.16,0.02,-0.01,-0.04,318,334,368,383,344
5.33,-4.23,-7.07,-0.02,0.02,0.02,318,334,368,383,344
5.23,-4.08,-7.29,0.03,-0.01,-0.03,318,334,368,383,344
5.45,-3.86,-7.26,0.07,-0.02,-0.07,318,334,368,383,344
5.38,-4.04,-7.08,0.03,-0.01,-0.02,318,334,368,383,344
5.18,-4.13,-7.30,0.02,0.00,-0.02,318,334,368,382,344
5.44,-4.04,-7.35,0.04,-0.01,-0.05,318,334,368,382,344
5.34,-4.13,-7.27,0.03,-0.02,-0.05,318,334,368,382,344
5.22,-4.08,-7.29,0.04,-0.01,-0.04,318,334,368,383,344
5.32,-4.08,-7.26,0.04,0.01,-0.02,318,334,368,383,344
5.45,-4.17,-7.26,0.04,0.00,-0.04,318,334,367,382,344
5.29,-4.06,-7.39,0.04,-0.01,-0.04,318,334,368,383,344
5.24,-4.11,-7.22,0.04,-0.01,-0.04,318,334,368,383,344
5.31,-4.11,-7.37,0.03,-0.01,-0.03,318,334,367,383,344
5.28,-4.21,-7.06,0.03,-0.01,-0.03,318,334,368,383,344
5.12,-4.04,-7.20,-0.01,-0.02,-0.01,318,334,368,383,344
5.30,-3.99,-7.25,0.01,-0.02,-0.04,318,335,368,382,343
5.30,-3.98,-7.28,0.05,-0.01,-0.05,318,334,366,382,344
5.28,-4.08,-7.15,0.04,0.00,-0.04,318,335,368,382,344
5.19,-4.06,-7.32,0.04,0.00,-0.04,318,334,367,382,344
5.22,-4.12,-7.14,0.03,0.02,-0.03,318,334,367,382,344
5.69,-4.11,-7.31,0.04,0.02,-0.01,318,332,367,383,344
5.15,-4.16,-7.21,0.05,0.01,-0.02,318,334,367,382,344
5.23,-4.22,-7.20,0.03,0.01,-0.05,318,334,367,383,344
5.13,-4.01,-7.25,0.02,0.01,-0.06,318,334,367,383,344
5.50,-4.06,-7.38,0.06,0.02,-0.03,318,334,367,382,344
END
5.24,-4.22,-7.24,0.06,-0.00,-0.05,318,334,367,382,344
5.28,-4.05,-7.24,0.04,-0.00,-0.05,318,334,367,382,343
5.50,-4.04,-7.22,0.03,0.01,-0.04,318,334,367,383,344
5.46,-4.05,-7.24,0.04,-0.01,-0.05,318,334,367,383,344
5.31,-4.11,-7.12,0.04,-0.01,-0.04,318,334,367,382,344
5.37,-4.02,-7.19,0.03,-0.01,-0.04,319,334,367,382,344
5.41,-4.03,-7.16,0.03,0.00,-0.02,319,334,367,383,344
5.23,-4.01,-7.14,0.04,0.01,-0.03,319,334,367,383,344
5.41,-4.11,-7.19,0.04,0.00,-0.04,319,334,367,383,344
5.32,-3.98,-7.21,0.03,0.01,-0.03,319,334,367,383,344
5.53,-3.99,-7.26,0.04,-0.00,-0.03,319,334,367,383,344
5.42,-4.03,-7.16,0.04,-0.02,-0.04,319,334,367,383,344
5.28,-3.99,-7.29,0.03,-0.01,-0.03,318,334,367,383,344
5.39,-4.05,-7.16,0.02,-0.01,-0.03,319,334,367,382,344
5.29,-4.03,-7.23,0.04,-0.01,-0.04,319,334,367,382,344
5.37,-4.07,-7.15,0.04,0.00,-0.03,319,334,367,382,344
5.44,-4.03,-7.12,0.04,-0.00,-0.04,319,334,367,382,344
5.47,-4.10,-7.30,0.03,-0.01,-0.04,319,334,367,383,344
5.20,-4.11,-7.31,0.04,-0.01,-0.04,319,334,367,382,344
5.33,-4.06,-7.26,0.04,-0.01,-0.04,319,335,367,382,344
5.16,-3.93,-7.20,0.04,-0.02,-0.09,319,334,367,382,344
5.41,-4.10,-7.11,0.03,-0.00,-0.03,319,334,367,382,344
5.26,-4.10,-7.00,0.02,0.01,-0.03,319,334,367,382,344
5.48,-3.96,-7.20,0.03,0.02,-0.04,318,334,367,382,344
5.30,-4.06,-7.17,0.03,0.01,-0.05,318,334,367,382,344
5.38,-4.01,-7.06,0.04,0.03,-0.05,318,334,367,382,344
5.59,-3.99,-7.24,0.04,0.02,-0.05,318,334,367,382,344
5.43,-4.06,-7.21,0.03,0.01,-0.04,318,334,367,382,343
5.46,-4.19,-7.13,0.02,0.01,-0.02,319,334,367,383,344
5.51,-4.08,-7.09,0.02,0.00,-0.05,318,334,367,382,344
5.45,-4.00,-7.26,0.04,0.01,-0.03,319,334,367,382,344
5.56,-3.91,-7.13,0.04,-0.00,-0.05,319,334,367,383,344
5.30,-4.08,-7.11,0.02,0.01,-0.02,319,334,367,382,344
5.43,-4.05,-7.36,0.02,0.01,-0.06,319,334,367,382,344
5.65,-3.89,-7.14,-0.00,-0.01,-0.03,319,334,367,383,343
5.47,-3.91,-7.24,-0.02,-0.02,-0.01,319,334,367,382,343
END
5.43,-3.82,-7.15,0.05,-0.02,-0.05,320,335,367,383,344
5.31,-3.79,-7.21,0.06,0.01,-0.04,320,335,367,383,343
5.26,-3.93,-7.12,0.07,0.02,-0.06,320,334,367,383,344
5.77,-4.14,-6.96,0.07,0.03,-0.03,320,335,367,383,344
5.76,-4.20,-7.05,0.05,-0.00,-0.05,320,335,367,383,344
5.58,-4.20,-7.16,0.05,-0.02,-0.03,320,335,367,383,344
5.45,-4.10,-7.03,0.03,-0.03,-0.04,320,335,367,383,344
5.30,-4.01,-7.15,0.04,-0.02,-0.02,320,335,367,383,344
5.52,-3.91,-7.11,0.04,-0.01,-0.03,320,335,367,383,344
5.57,-3.91,-7.06,0.05,-0.01,-0.06,320,335,367,383,344
5.47,-4.09,-7.10,0.04,-0.02,-0.05,320,334,367,383,344
5.51,-4.07,-7.09,0.04,-0.01,-0.04,320,335,367,382,344
5.48,-4.09,-7.13,0.05,-0.02,-0.05,320,335,367,383,343
5.53,-4.01,-7.11,0.05,-0.01,-0.04,320,335,367,383,344
5.52,-4.03,-7.18,0.05,-0.01,-0.04,320,334,367,383,344
5.41,-4.08,-7.11,0.03,-0.01,-0.04,320,335,367,383,344
5.41,-4.16,-6.86,0.03,-0.00,-0.03,320,335,367,382,344
3.70,-4.13,-6.93,0.04,0.01,-0.04,320,335,367,383,344
5.53,-4.21,-6.96,0.03,-0.00,-0.04,320,335,367,383,343
5.48,-4.06,-7.11,0.03,-0.00,-0.04,320,334,367,383,344
5.23,-4.24,-6.95,0.02,-0.00,-0.04,320,334,367,382,344
5.45,-4.15,-7.09,0.01,0.01,-0.02,320,334,367,383,344
5.52,-4.04,-7.08,0.02,0.01,-0.04,320,334,367,382,344
5.45,-4.04,-7.30,-0.01,0.02,0.01,320,334,367,382,344
5.74,-4.03,-7.14,0.01,0.02,-0.03,320,334,367,383,344
5.46,-4.05,-7.34,-0.01,0.01,-0.01,319,334,367,382,344
5.54,-3.93,-7.13,0.03,-0.01,-0.05,319,335,367,383,344
5.42,-3.95,-6.93,0.05,-0.01,-0.06,319,335,367,383,344
5.51,-3.99,-7.00,0.04,-0.00,-0.05,319,334,367,383,344
5.46,-3.98,-7.06,0.01,0.01,-0.04,319,334,367,383,344
5.45,-4.08,-6.98,0.03,0.01,-0.06,319,335,367,382,344
5.68,-3.87,-7.03,0.04,0.02,-0.04,319,334,367,382,344
5.57,-3.90,-7.08,0.05,0.01,-0.07,319,334,366,382,344
5.61,-3.99,-7.21,0.03,0.01,-0.03,319,334,367,383,343
5.54,-4.07,-7.11,0.03,0.01,-0.04,318,334,367,382,344
5.72,-3.98,-7.22,0.02,-0.02,-0.05,319,334,367,383,344
END
5.66,-3.91,-7.11,0.03,-0.01,-0.03,319,334,366,383,344
5.42,-3.83,-7.21,0.02,-0.00,-0.01,319,334,366,382,344
5.36,-3.91,-7.09,0.04,0.00,-0.03,319,334,366,382,344
5.49,-3.98,-6.97,0.05,0.01,-0.04,319,334,366,382,344
5.56,-3.96,-7.34,0.05,-0.01,-0.05,319,334,366,382,344
5.45,-4.00,-7.19,0.07,0.00,-0.04,320,334,366,382,345
5.48,-4.07,-7.12,0.03,0.00,-0.01,320,334,366,382,343
5.37,-4.04,-7.06,0.01,-0.00,-0.02,320,335,366,382,344
5.29,-3.91,-7.11,0.02,0.01,-0.02,320,334,366,382,342
5.48,-4.03,-7.15,0.04,-0.01,-0.05,320,334,366,382,344
5.46,-3.83,-7.19,0.06,-0.01,-0.08,320,334,366,382,344
5.51,-4.04,-6.82,0.05,-0.01,-0.04,320,334,366,382,344
5.42,-4.20,-6.86,0.03,-0.01,-0.04,320,335,366,382,344
5.40,-4.16,-6.91,0.01,-0.02,-0.03,320,334,366,382,343
5.56,-3.82,-7.12,0.00,-0.04,-0.04,320,334,366,382,344
5.38,-3.86,-7.34,0.05,-0.04,-0.06,320,334,366,382,344
5.10,-4.05,-7.20,0.04,-0.00,-0.01,320,334,366,382,343
5.44,-3.89,-7.16,0.04,0.02,-0.06,320,334,366,382,343
5.48,-3.68,-7.19,0.02,0.02,-0.04,320,334,366,382,343
5.53,-3.95,-7.38,0.05,-0.00,-0.03,320,334,366,382,343
5.36,-4.24,-7.06,0.03,-0.00,-0.03,320,335,366,382,343
5.40,-4.01,-7.28,0.00,0.00,-0.06,320,335,366,382,344
5.51,-3.73,-7.18,0.04,-0.00,-0.05,320,334,366,382,344
5.40,-4.05,-7.18,0.05,-0.00,-0.02,320,335,366,382,344
5.37,-4.02,-7.16,0.01,0.00,-0.05,320,335,366,382,344
5.47,-3.84,-7.36,0.02,0.00,-0.05,320,334,366,382,343
5.62,-4.04,-7.12,0.03,0.01,-0.02,320,334,366,382,343
5.55,-3.97,-7.29,0.03,0.01,-0.04,320,334,366,382,343
5.53,-3.77,-7.24,0.05,-0.01,-0.03,320,334,366,382,344
5.64,-3.91,-7.31,0.03,0.01,-0.02,320,334,366,382,343
5.44,-3.87,-7.09,0.00,0.00,-0.05,320,334,366,382,343
5.42,-3.80,-7.29,0.03,-0.00,-0.04,320,334,366,382,344
5.53,-3.99,-7.28,0.04,0.01,-0.02,320,334,366,382,344
5.62,-4.02,-7.06,0.04,0.00,-0.04,320,334,366,382,344
5.40,-3.70,-7.25,0.03,-0.02,-0.06,320,334,366,382,344
5.44,-3.84,-7.24,0.06,-0.02,-0.02,320,334,366,382,344
END
5.49,-4.13,-7.05,0.03,-0.01,-0.02,322,334,366,382,343
5.46,-3.85,-7.23,0.02,-0.02,-0.04,322,334,366,382,344
5.33,-4.00,-7.31,0.03,-0.01,-0.05,322,334,364,382,344
5.40,-4.06,-7.20,0.04,0.00,-0.02,322,334,366,382,343
5.46,-4.01,-7.11,0.03,-0.00,-0.04,323,334,366,382,343
5.27,-4.02,-6.89,-0.00,0.01,-0.01,323,334,366,382,344
5.48,-3.86,-7.26,-0.01,0.01,-0.03,323,334,366,382,343
5.60,-3.95,-7.35,-0.00,0.02,-0.01,323,334,366,382,344
5.51,-4.03,-7.03,-0.00,0.01,0.02,324,334,366,382,344
5.61,-3.84,-7.26,-0.00,0.03,0.01,324,334,366,382,343
5.51,-3.89,-6.96,-0.01,0.03,0.03,324,334,366,382,344
5.65,-3.95,-7.11,-0.03,0.04,0.01,324,334,366,382,343
5.60,-3.67,-7.36,-0.01,0.05,-0.01,323,334,366,382,343
5.44,-3.69,-7.28,0.05,0.05,-0.00,324,334,366,382,343
5.38,-3.83,-7.26,0.08,0.01,-0.04,324,334,366,382,343
5.28,-4.17,-6.98,0.05,0.01,-0.02,324,334,366,382,343
5.69,-4.25,-6.89,-0.01,0.00,-0.05,325,334,366,382,344
5.53,-4.01,-6.94,0.00,0.01,-0.04,325,334,366,382,343
5.23,-3.69,-7.31,0.06,0.01,-0.06,325,334,366,382,343
5.40,-3.83,-7.38,0.07,0.04,-0.03,326,334,366,382,343
5.77,-4.29,-6.98,0.04,0.01,-0.07,326,334,366,382,343
5.93,-4.11,-7.13,0.02,-0.01,-0.06,326,334,366,382,343
5.64,-4.06,-7.01,0.03,-0.00,-0.01,327,334,366,382,343
5.46,-3.91,-7.03,0.03,0.02,-0.00,327,334,366,382,343
5.59,-3.78,-7.06,0.03,0.06,0.00,326,334,366,382,343
5.81,-3.85,-7.07,0.05,0.04,-0.02,327,334,366,382,343
5.58,-3.80,-6.99,0.06,-0.00,-0.03,327,334,366,382,344
5.60,-4.07,-6.91,0.05,-0.00,-0.03,327,334,366,382,343
5.59,-4.26,-7.09,0.03,0.00,-0.06,327,334,366,382,344
5.66,-4.29,-6.91,0.04,0.01,-0.03,327,334,366,382,344
5.66,-4.18,-7.07,0.07,0.00,0.01,326,334,366,382,343
5.61,-4.10,-6.74,0.08,0.02,0.00,326,335,366,382,344
5.52,-4.14,-6.91,0.05,0.01,-0.03,326,334,366,382,343
5.78,-4.03,-7.00,0.02,0.01,-0.06,326,334,366,382,343
5.68,-3.85,-7.01,0.01,-0.03,-0.08,326,334,366,382,343
5.45,-3.84,-7.19,0.03,-0.03,-0.08,326,334,366,382,343
END
5.73,-3.99,-7.01,0.04,-0.03,-0.10,324,334,366,382,343
4.97,-3.70,-7.59,0.04,-0.02,-0.06,324,334,366,382,343
5.27,-3.85,-7.42,0.04,-0.00,-0.06,324,334,366,382,343
5.53,-3.81,-7.47,0.03,0.01,-0.06,324,334,366,382,343
5.56,-3.75,-7.49,0.03,-0.01,-0.04,324,334,366,382,344
5.26,-3.68,-7.70,0.05,-0.05,-0.05,324,334,366,382,343
4.71,-3.78,-7.56,0.03,-0.03,-0.02,324,334,366,382,343
5.02,-3.72,-7.52,0.02,-0.01,-0.03,324,334,366,382,343
5.03,-3.45,-7.72,0.01,-0.01,-0.03,324,334,365,382,343
5.19,-3.65,-7.76,0.03,-0.00,-0.02,324,334,366,382,344
5.14,-3.87,-7.59,0.02,-0.00,-0.02,324,335,366,382,343
5.00,-3.73,-7.61,-0.01,-0.02,-0.02,325,334,366,382,343
4.88,-3.60,-7.71,-0.02,0.00,-0.03,325,335,366,382,343
4.96,-3.50,-7.77,-0.01,0.02,-0.00,325,334,366,382,343
5.22,-3.63,-7.85,-0.01,0.02,0.02,325,334,366,382,343
4.85,-3.68,-7.72,-0.03,-0.01,-0.01,324,334,366,382,343
4.87,-3.73,-7.78,-0.05,-0.01,0.04,325,334,366,382,343
4.92,-3.47,-7.81,-0.07,-0.04,0.00,325,334,366,382,343
5.00,-3.35,-7.87,-0.05,-0.03,0.02,325,334,366,382,343
4.74,-3.45,-8.08,-0.06,-0.04,-0.01,325,334,366,382,343
4.86,-3.39,-8.10,-0.05,-0.03,0.03,325,334,366,382,343
4.73,-3.32,-8.03,-0.05,-0.05,-0.01,325,334,366,382,343
4.54,-3.21,-8.08,-0.04,-0.04,-0.00,325,333,366,382,343
4.52,-3.07,-8.20,-0.02,-0.03,-0.01,325,334,367,382,343
4.44,-3.12,-8.24,0.01,-0.01,-0.02,325,334,366,382,343
4.49,-3.12,-8.15,0.04,-0.00,-0.04,325,334,366,382,343
4.69,-3.32,-8.14,0.05,0.00,-0.03,325,334,366,382,343
5.21,-3.48,-7.91,0.03,-0.01,0.00,325,334,366,382,343
4.55,-3.42,-8.14,0.02,-0.04,0.03,324,334,366,382,343
4.21,-3.09,-8.36,0.01,-0.10,-0.07,324,335,366,382,343
3.63,-3.05,-8.51,-0.01,-0.05,0.00,324,334,366,382,343
4.02,-3.32,-8.48,0.03,-0.01,-0.05,324,334,365,382,343
4.62,-3.30,-8.26,0.06,0.03,-0.02,324,334,366,382,343
4.55,-3.28,-8.33,0.07,0.00,-0.06,324,334,366,382,343
4.37,-3.31,-7.98,0.04,0.01,-0.01,324,334,366,382,343
4.34,-3.40,-8.25,0.04,0.02,-0.02,324,334,366,382,343
END
4.60,-3.33,-8.18,0.04,0.03,-0.06,323,335,367,383,343
4.72,-3.83,-7.90,0.02,-0.04,-0.03,323,335,366,383,343
4.46,-3.75,-8.04,-0.00,-0.05,-0.03,323,334,367,383,343
4.64,-3.47,-7.85,0.01,-0.04,-0.05,323,335,367,383,343
4.44,-3.50,-7.90,0.07,-0.01,-0.06,323,334,367,383,343
4.87,-3.57,-7.75,0.09,0.03,-0.08,323,334,367,383,343
4.90,-3.84,-7.66,0.05,-0.01,-0.05,323,334,367,383,343
4.85,-3.79,-7.91,0.01,-0.04,-0.05,323,334,367,383,343
4.83,-3.70,-7.90,-0.01,-0.03,-0.03,323,334,366,383,343
4.81,-3.77,-7.86,-0.00,-0.02,-0.03,323,335,367,383,343
4.66,-3.62,-7.97,0.02,-0.01,-0.04,323,334,367,383,343
4.82,-3.60,-7.95,0.03,0.00,-0.03,323,334,367,383,343
4.60,-3.60,-7.87,0.01,-0.01,-0.02,323,334,367,383,343
4.67,-3.50,-7.94,0.01,0.00,-0.03,323,334,367,383,343
4.69,-3.51,-8.10,0.01,0.02,-0.04,323,334,366,383,343
4.75,-3.50,-7.98,0.03,0.03,-0.05,323,335,367,383,343
4.64,-3.63,-7.80,0.02,0.04,-0.02,323,334,367,383,343
5.00,-3.63,-7.87,0.01,0.03,-0.02,323,334,367,383,343
5.00,-3.44,-7.95,0.03,0.03,-0.03,323,334,366,382,343
4.97,-3.46,-7.95,0.04,0.01,-0.04,323,334,366,383,343
4.76,-3.37,-7.78,0.03,0.00,-0.04,323,334,367,383,343
4.56,-3.36,-7.86,0.03,0.03,-0.02,323,334,367,383,343
4.82,-3.30,-8.00,0.06,0.05,-0.06,323,335,366,383,343
4.88,-3.52,-7.89,0.09,0.05,-0.06,323,334,367,383,343
5.05,-3.91,-8.06,0.09,0.03,-0.08,323,335,367,383,343
5.17,-3.93,-7.89,0.06,0.00,-0.05,324,334,367,383,343
5.28,-3.78,-7.70,0.02,-0.03,-0.04,323,335,366,382,343
5.04,-3.63,-7.83,0.02,-0.03,-0.02,323,335,367,383,343
5.02,-3.47,-7.70,0.03,-0.03,-0.03,323,335,367,383,343
4.67,-3.53,-7.70,0.03,-0.01,-0.02,323,335,366,383,343
4.85,-3.45,-7.85,0.04,0.00,-0.03,323,334,366,383,343
4.79,-3.53,-7.95,0.04,0.01,-0.02,324,335,367,383,343
4.84,-3.63,-8.03,0.05,0.00,-0.04,324,335,367,383,343
5.05,-3.72,-7.95,0.05,0.00,-0.03,324,335,367,383,343
5.00,-3.77,-7.90,0.04,-0.02,-0.04,324,335,367,383,343
4.83,-3.65,-7.90,0.04,-0.02,-0.03,324,335,367,383,343
END
4.94,-3.88,-7.45,0.03,-0.01,0.02,324,334,366,382,343
4.59,-3.47,-7.53,-0.04,0.14,-0.03,324,335,366,383,343
5.60,-3.14,-7.79,0.01,0.09,-0.10,324,334,366,383,343
5.93,-2.96,-8.23,-0.05,-0.10,0.03,324,334,366,382,343
5.63,-3.17,-8.29,-0.01,-0.14,0.02,325,334,366,382,343
4.54,-3.24,-8.13,0.14,-0.05,0.02,325,334,366,382,343
4.49,-3.71,-7.62,0.18,-0.04,0.01,325,334,366,382,343
4.13,-4.29,-7.31,0.18,0.02,-0.06,325,334,366,382,343
4.95,-4.08,-7.12,0.11,-0.01,-0.11,325,334,366,382,343
4.74,-4.16,-7.07,0.04,0.03,-0.04,325,334,366,382,343
4.74,-3.98,-7.43,0.00,0.05,-0.10,325,334,366,382,343
5.41,-3.98,-7.94,0.02,0.11,-0.16,325,333,366,382,343
5.51,-4.31,-7.93,0.06,0.10,-0.03,325,333,366,382,343
5.51,-4.49,-7.52,0.06,0.01,0.01,325,334,366,382,343
5.05,-4.27,-7.44,0.01,-0.04,0.02,323,334,366,382,343
5.13,-3.88,-7.39,0.03,-0.08,-0.06,322,334,366,382,343
5.33,-3.83,-7.13,0.02,-0.07,-0.04,321,334,366,382,343
5.13,-3.78,-7.16,0.02,-0.08,-0.06,321,334,366,382,343
5.20,-4.02,-7.31,0.04,-0.04,-0.07,321,334,366,382,343
4.97,-4.08,-7.39,0.03,-0.01,-0.05,321,334,366,382,343
4.85,-3.96,-7.44,0.04,-0.02,-0.05,321,334,366,382,343
4.95,-3.90,-7.79,0.03,-0.04,-0.07,321,334,365,382,343
4.94,-3.87,-7.77,0.04,-0.03,-0.03,321,334,366,382,343
4.97,-3.91,-7.75,0.04,-0.04,-0.05,320,334,366,382,343
4.82,-3.97,-7.83,0.04,-0.03,-0.02,321,334,366,382,343
4.73,-3.88,-7.77,0.06,-0.01,-0.03,321,333,365,382,343
4.85,-3.76,-7.52,0.10,-0.02,-0.09,321,334,365,382,343
4.84,-3.91,-7.34,0.11,-0.06,-0.09,321,334,366,382,343
4.97,-3.96,-7.43,0.11,-0.05,-0.07,321,334,366,382,343
5.08,-3.83,-7.54,0.09,-0.01,-0.10,321,333,366,382,343
5.55,-3.62,-7.62,0.17,0.02,-0.13,321,334,366,382,343
5.33,-4.19,-7.47,0.22,-0.03,-0.09,320,334,366,382,343
4.82,-4.89,-7.29,0.14,-0.06,-0.08,320,334,365,382,342
4.85,-4.86,-7.46,0.06,-0.04,-0.09,320,334,365,382,343
4.88,-4.30,-7.09,0.02,-0.02,-0.10,320,334,365,382,343
4.79,-4.07,-7.04,0.04,-0.01,-0.09,321,334,365,382,343
END
5.07,-4.04,-7.02,0.05,-0.03,-0.10,321,334,365,381,343
4.57,-4.77,-7.52,0.03,0.00,-0.00,321,334,365,381,343
4.64,-4.47,-7.48,0.02,0.02,0.02,321,334,365,381,343
4.58,-4.11,-7.50,0.02,0.01,-0.01,321,334,365,381,343
4.77,-4.16,-7.29,0.04,0.03,-0.00,321,334,365,381,343
4.47,-4.27,-7.47,0.03,0.03,-0.05,321,334,365,381,343
4.53,-4.46,-7.54,0.04,0.05,-0.04,321,334,365,381,344
4.73,-4.62,-7.51,0.04,0.03,-0.03,321,334,365,381,343
5.06,-4.80,-7.48,0.04,0.01,0.01,322,334,365,381,343
4.84,-4.47,-7.52,0.03,-0.03,0.02,321,334,365,381,343
4.65,-4.42,-7.37,0.03,-0.04,-0.03,321,334,365,381,343
4.25,-4.24,-7.35,0.04,-0.03,-0.05,321,334,365,381,343
4.29,-4.32,-7.39,0.04,0.00,-0.08,322,334,365,381,344
4.68,-4.47,-7.39,0.03,0.05,-0.05,322,334,365,381,343
4.74,-4.57,-7.42,0.05,0.05,-0.05,322,334,365,381,343
4.96,-4.41,-7.49,0.05,0.04,-0.05,322,334,365,381,343
4.88,-4.49,-7.52,0.06,0.00,-0.07,322,334,365,381,343
5.09,-4.48,-7.37,0.05,-0.02,-0.07,322,334,365,381,343
4.80,-4.49,-7.26,0.05,-0.02,-0.08,322,333,365,381,343
4.85,-4.52,-7.20,0.03,-0.01,-0.07,322,334,365,381,343
4.82,-4.47,-7.21,0.02,0.01,-0.08,322,334,365,381,343
4.88,-4.41,-7.23,0.04,0.02,-0.06,322,333,365,381,343
4.90,-4.49,-7.32,0.06,-0.01,-0.09,322,334,365,381,343
5.23,-4.38,-7.20,0.06,-0.03,-0.10,322,334,365,381,344
4.84,-4.49,-7.39,0.02,-0.01,-0.02,322,334,365,381,343
4.86,-4.53,-7.35,0.01,-0.01,-0.03,322,334,365,381,343
4.80,-4.29,-9.15,-0.01,0.00,-0.04,322,333,365,381,343
4.90,-4.07,-7.59,0.01,-0.00,-0.03,322,334,365,381,343
5.02,-4.24,-7.42,0.06,-0.00,-0.08,322,333,365,380,343
5.08,-4.36,-7.34,0.05,-0.02,-0.08,322,333,365,381,343
4.64,-4.63,-7.18,0.04,-0.00,-0.03,322,333,365,381,342
5.02,-4.45,-7.22,0.03,0.03,-0.02,322,333,365,381,342
4.94,-4.21,-7.30,0.03,0.01,-0.06,322,333,365,381,343
4.94,-4.11,-7.40,0.04,0.03,-0.04,322,333,365,381,343
5.05,-4.34,-7.34,0.05,0.03,-0.05,322,333,365,381,343
5.14,-4.47,-7.41,0.06,0.04,-0.03,322,333,365,381,343
END
5.13,-4.49,-7.34,0.07,0.04,-0.04,322,333,365,381,343
5.17,-4.39,-7.08,0.03,-0.00,-0.04,321,333,365,381,343
5.07,-4.34,-7.01,0.03,-0.00,-0.03,321,332,364,381,343
5.11,-4.34,-7.21,0.03,-0.01,-0.04,321,332,364,381,344
4.95,-4.34,-7.15,0.03,-0.01,-0.06,321,333,364,381,343
5.08,-4.19,-7.47,0.04,0.01,-0.05,321,332,365,381,343
5.19,-4.52,-7.26,0.04,0.01,-0.05,321,332,364,381,343
5.20,-4.49,-7.16,0.00,-0.01,-0.02,321,333,364,381,343
5.05,-4.26,-7.25,0.01,-0.03,-0.05,321,333,365,381,343
5.04,-4.11,-7.29,0.03,-0.01,-0.05,321,332,365,381,343
5.23,-4.24,-7.26,0.04,-0.01,-0.05,321,333,365,381,343
5.09,-4.27,-7.29,0.05,-0.00,-0.05,321,332,365,381,344
5.11,-4.39,-7.03,0.04,0.01,-0.04,321,333,364,381,343
5.14,-4.34,-7.23,0.02,0.01,-0.05,321,332,364,381,343
5.08,-4.23,-7.08,0.02,0.03,-0.02,321,332,364,381,343
5.26,-4.23,-7.16,0.03,0.01,-0.03,321,332,364,381,343
5.23,-4.24,-7.22,0.02,0.02,-0.01,321,332,364,381,343
5.19,-4.32,-7.24,0.01,0.02,-0.02,321,332,364,381,343
5.08,-4.20,-7.34,0.02,0.01,-0.03,320,332,364,381,343
5.18,-4.13,-7.17,0.04,0.02,-0.04,321,332,364,381,343
5.23,-4.19,-7.33,0.04,0.00,-0.03,321,332,364,381,343
5.35,-4.26,-7.22,0.05,-0.01,-0.03,321,332,364,381,343
5.20,-4.35,-7.18,0.04,-0.02,-0.03,321,332,364,381,343
5.12,-4.32,-7.20,0.03,-0.02,-0.02,321,332,365,381,343
5.00,-4.54,-7.09,0.01,-0.02,-0.01,321,332,364,381,343
5.09,-4.52,-7.13,-0.03,-0.00,-0.01,321,332,365,381,343
5.09,-4.29,-7.12,-0.04,0.01,0.00,321,332,364,381,343
5.08,-4.03,-7.21,-0.04,0.01,-0.00,321,332,364,381,343
5.10,-3.91,-7.39,0.01,0.01,-0.04,321,332,364,381,343
5.20,-3.96,-7.37,0.05,0.02,-0.07,321,333,364,381,343
5.15,-4.06,-7.38,0.05,0.02,-0.04,321,332,364,381,343
5.08,-4.11,-7.35,0.04,0.02,-0.05,321,332,364,381,344
5.28,-4.03,-7.45,0.04,0.00,-0.07,321,332,364,381,343
5.23,-3.97,-7.41,0.05,-0.02,-0.07,321,332,364,381,344
5.24,-4.11,-7.01,0.06,-0.03,-0.05,321,332,365,381,343
5.26,-4.29,-7.28,0.05,-0.03,-0.07,321,332,365,381,343
END
5.18,-4.29,-7.14,0.04,-0.03,-0.06,322,332,364,381,343
5.10,-4.18,-7.32,0.04,-0.03,-0.05,322,332,364,381,343
4.97,-4.22,-7.24,0.06,-0.01,-0.04,322,332,364,381,343
5.30,-4.26,-7.26,0.06,0.01,-0.04,321,332,364,381,343
5.34,-4.36,-7.01,0.04,0.00,-0.03,322,332,364,381,344
5.21,-4.17,-7.12,0.03,-0.01,-0.04,322,332,364,381,344
5.31,-4.21,-7.18,0.04,-0.00,-0.04,322,332,364,381,344
5.22,-4.25,-7.11,0.04,0.01,-0.04,322,332,364,381,343
5.13,-4.31,-7.14,0.04,0.02,-0.05,322,332,364,381,343
5.37,-4.24,-7.33,0.03,0.01,-0.03,322,332,364,381,344
5.26,-4.36,-6.98,0.03,-0.00,-0.03,322,332,364,381,343
5.17,-4.26,-7.26,0.03,-0.01,-0.03,322,332,364,381,343
5.36,-4.11,-7.34,0.03,-0.00,-0.03,322,332,365,381,343
5.20,-4.20,-7.13,0.03,-0.01,-0.04,322,332,364,381,342
5.08,-4.19,-7.17,0.03,-0.01,-0.04,322,332,365,381,343
5.09,-4.24,-7.20,0.03,0.00,-0.04,322,332,364,381,344
5.33,-4.36,-7.24,0.03,0.01,-0.02,322,332,364,381,343
5.38,-4.31,-7.16,0.03,-0.02,-0.04,322,332,364,381,343
5.10,-4.11,-7.28,0.02,-0.03,-0.03,322,332,364,381,343
4.97,-4.28,-7.20,0.03,-0.01,-0.03,322,332,364,381,343
5.10,-4.12,-7.24,0.03,-0.00,-0.03,322,332,364,381,343
5.30,-4.17,-7.14,0.03,0.01,-0.03,322,332,364,381,343
5.04,-4.25,-7.09,0.04,-0.01,-0.05,320,332,364,381,344
5.08,-4.18,-7.24,0.05,-0.00,-0.04,322,332,364,381,344
5.15,-4.24,-7.23,0.04,-0.00,-0.04,322,333,364,381,343
5.14,-4.32,-7.28,0.04,0.00,-0.04,322,332,364,381,343
5.18,-4.26,-7.21,0.04,-0.00,-0.04,322,332,364,381,343
5.14,-4.20,-7.22,0.03,-0.01,-0.04,322,333,364,381,344
5.09,-4.20,-7.19,0.03,-0.00,-0.04,322,332,364,381,344
5.10,-4.22,-7.18,0.03,-0.00,-0.04,322,333,364,381,344
5.03,-4.19,-7.16,0.04,0.01,-0.04,322,332,364,381,344
5.22,-4.29,-7.34,0.03,0.01,-0.05,322,332,364,381,344
5.15,-4.26,-7.21,0.02,0.01,-0.04,322,333,364,381,344
5.36,-4.22,-7.25,0.03,0.01,-0.05,323,332,364,381,343
5.15,-4.34,-7.37,0.01,0.01,-0.03,323,332,364,381,344
5.16,-4.19,-7.26,0.01,0.01,-0.02,323,332,364,381,343
END
5.36,-4.22,-7.19,0.03,0.01,-0.03,322,333,364,381,344
5.28,-4.25,-7.18,0.04,0.00,-0.05,322,333,364,381,344
5.31,-4.30,-7.01,0.04,0.00,-0.03,322,333,364,381,344
5.35,-4.19,-7.17,0.04,-0.01,-0.04,321,333,364,381,344
5.41,-4.21,-7.19,0.04,-0.01,-0.04,321,333,364,381,344
5.17,-4.28,-7.06,0.03,-0.01,-0.03,322,333,364,381,344
5.22,-4.26,-7.10,0.03,-0.00,-0.03,322,333,364,381,344
5.33,-4.24,-7.09,0.03,-0.01,-0.03,321,333,364,381,344
5.36,-4.26,-7.16,0.04,-0.01,-0.03,321,332,364,381,344
5.18,-4.28,-7.27,0.03,-0.01,-0.02,321,333,364,381,344
5.20,-4.32,-7.19,0.02,-0.01,-0.02,321,332,364,381,344
5.36,-4.21,-7.11,0.03,-0.01,-0.03,321,333,364,381,344
5.25,-4.29,-7.33,0.04,-0.00,-0.04,321,333,364,381,344
5.24,-4.24,-7.11,0.04,0.00,-0.03,321,333,364,381,344
5.12,-4.21,-7.16,0.04,0.01,-0.04,321,333,364,381,344
5.31,-4.31,-7.13,0.04,0.01,-0.03,321,333,364,381,344
5.41,-4.25,-7.21,0.04,0.00,-0.04,321,333,364,381,344
5.27,-4.27,-7.25,0.05,-0.00,-0.04,321,332,364,381,344
5.25,-4.32,-7.03,0.03,-0.01,-0.04,321,333,364,381,344
5.43,-4.26,-7.24,0.04,0.00,-0.04,321,333,364,381,344
5.45,-4.35,-7.04,0.04,-0.01,-0.05,321,332,364,381,344
5.27,-4.24,-7.11,0.04,-0.02,-0.04,321,333,364,381,344
5.15,-4.22,-7.03,0.04,-0.00,-0.04,321,333,364,381,344
5.25,-4.29,-7.03,0.04,0.00,-0.04,321,333,364,381,344
5.37,-4.35,-7.16,0.04,0.01,-0.04,321,333,364,381,344
5.34,-4.42,-7.11,0.03,-0.00,-0.05,321,333,364,381,344
5.17,-4.34,-7.06,0.03,0.00,-0.02,321,333,364,381,344
5.21,-4.30,-7.14,0.04,0.01,-0.03,321,333,364,381,344
5.36,-4.24,-6.87,0.04,0.03,-0.03,321,333,364,381,344
5.36,-4.24,-6.99,0.07,0.03,-0.04,321,333,364,381,344
5.30,-4.52,-7.03,0.07,0.04,-0.04,321,333,364,381,344
5.37,-4.61,-7.03,0.03,0.05,-0.05,321,333,364,381,344
5.51,-4.41,-7.17,0.02,0.03,-0.05,322,332,364,381,344
5.41,-4.34,-7.08,0.02,-0.00,-0.04,322,333,364,381,344
5.47,-4.37,-6.97,0.02,-0.02,-0.03,321,333,364,381,344
5.37,-4.36,-6.81,0.02,-0.03,-0.05,321,333,364,381,344
END
5.38,-4.26,-7.03,0.03,-0.02,-0.05,321,333,364,381,344
5.32,-4.29,-6.88,0.01,0.01,0.00,321,333,364,381,344
5.27,-4.35,-7.09,0.05,0.00,-0.03,321,333,364,381,344
5.02,-4.34,-7.04,0.05,0.01,-0.03,321,333,364,381,345
5.36,-4.39,-7.03,0.05,0.01,-0.02,321,333,364,381,344
5.44,-4.54,-7.00,0.05,-0.00,-0.03,321,333,364,381,344
5.29,-4.34,-6.98,0.04,-0.00,-0.02,321,333,364,381,344
5.26,-4.42,-6.96,0.04,0.00,-0.02,321,333,364,381,344
5.04,-4.46,-6.96,0.02,-0.00,-0.02,321,333,364,381,344
5.05,-4.44,-7.35,0.02,0.01,-0.01,321,333,364,381,345
5.33,-4.49,-7.03,0.00,0.01,0.00,321,333,364,381,344
5.42,-4.42,-6.88,-0.01,0.02,-0.03,322,333,364,381,344
5.36,-4.31,-7.03,0.01,0.04,-0.00,322,333,364,381,344
5.16,-4.45,-6.91,0.01,0.05,0.01,322,333,364,381,344
5.12,-4.43,-7.10,0.01,0.05,-0.00,322,333,364,381,344
5.15,-4.44,-7.03,0.02,0.06,0.00,322,332,364,381,344
5.32,-4.51,-7.09,0.01,0.04,0.01,322,333,364,381,344
5.35,-4.44,-7.05,0.01,0.02,-0.02,322,333,364,381,344
5.23,-4.44,-6.96,0.01,0.02,-0.01,322,333,364,381,344
5.24,-4.54,-7.01,0.01,0.01,-0.03,322,333,365,381,344
5.18,-4.37,-7.01,0.03,0.02,-0.03,322,333,364,381,344
5.20,-4.50,-6.86,0.05,0.01,-0.04,322,333,364,382,344
5.27,-4.49,-7.09,0.03,-0.01,-0.06,322,333,364,382,345
5.29,-4.47,-6.90,0.05,0.00,-0.03,322,333,364,382,345
5.33,-4.49,-6.73,0.03,-0.01,-0.05,322,333,364,382,345
5.23,-4.45,-6.94,0.03,-0.01,-0.04,322,334,364,382,346
5.30,-4.54,-6.80,0.04,-0.00,-0.04,322,334,364,382,345
5.38,-4.54,-7.03,0.03,-0.00,-0.05,322,333,365,382,345
5.23,-4.42,-7.11,0.03,0.01,-0.03,321,334,364,382,345
5.41,-4.49,-7.05,0.04,0.01,-0.04,322,334,364,383,345
5.28,-4.47,-7.20,0.04,0.00,-0.05,322,334,365,383,345
5.33,-4.22,-7.09,0.07,0.02,-0.04,322,334,365,383,346
5.48,-4.45,-6.95,0.09,0.01,-0.02,322,334,365,383,346
5.41,-4.52,-6.99,0.10,-0.01,-0.03,322,334,365,383,346
5.34,-4.73,-6.80,0.06,-0.02,-0.01,322,334,365,383,346
5.23,-4.76,-6.76,0.03,-0.03,-0.03,322,334,364,383,346
END
5.24,-4.72,-6.60,0.01,-0.01,-0.04,322,335,365,384,348
4.56,-4.26,-7.49,0.07,-0.03,-0.07,322,335,365,384,348
4.64,-4.12,-7.58,0.07,0.01,-0.05,322,335,365,384,348
4.52,-4.13,-7.58,0.06,0.04,-0.09,322,335,365,384,348
4.69,-4.25,-7.44,0.07,0.05,-0.09,322,335,365,384,348
4.81,-4.48,-7.51,0.07,0.07,-0.05,322,335,365,384,348
4.76,-4.60,-6.97,0.06,0.05,-0.04,322,335,365,384,348
4.85,-4.38,-7.31,0.06,0.02,-0.04,322,335,365,384,348
4.89,-4.36,-7.34,0.06,0.01,-0.04,322,335,365,384,348
4.87,-4.48,-7.37,0.07,-0.00,-0.03,322,335,365,384,348
4.94,-4.58,-7.19,0.05,-0.01,-0.03,322,335,365,384,348
4.98,-4.50,-7.26,0.04,-0.01,-0.04,322,335,364,384,348
4.91,-4.52,-7.14,0.04,-0.02,-0.05,322,335,365,384,348
4.93,-4.42,-7.24,0.03,-0.01,-0.04,322,335,365,384,348
4.96,-4.59,-7.22,0.03,-0.01,-0.06,322,335,365,384,348
4.90,-4.75,-7.25,0.00,0.02,-0.03,322,335,365,384,348
4.74,-4.90,-7.04,-0.05,0.04,0.00,323,335,365,384,348
4.76,-4.59,-7.10,-0.06,0.06,-0.04,322,335,365,384,348
5.00,-4.47,-7.40,-0.06,0.07,-0.05,322,335,365,384,348
5.29,-4.20,-7.37,-0.02,0.05,-0.09,323,335,365,384,348
5.34,-3.93,-7.67,0.02,0.06,-0.03,322,335,365,384,348
6.02,-4.04,-7.44,0.08,-0.01,-0.03,323,335,365,384,348
4.77,-3.87,-7.77,0.08,-0.07,-0.03,322,334,365,384,347
4.37,-4.06,-7.35,0.11,-0.09,-0.11,322,334,365,384,347
4.61,-4.11,-7.30,0.09,-0.03,-0.06,322,334,365,384,347
4.96,-4.27,-7.29,0.07,-0.01,-0.08,322,334,365,384,347
5.26,-4.43,-7.34,0.06,-0.00,-0.05,322,335,365,384,347
5.27,-4.50,-7.20,0.05,-0.03,-0.05,322,334,365,384,347
5.10,-4.42,-7.26,0.06,-0.02,-0.03,322,335,365,384,347
4.97,-4.47,-7.17,0.05,0.01,-0.03,322,335,365,384,347
5.08,-4.41,-7.11,0.06,0.02,-0.02,322,335,365,384,347
5.12,-4.43,-7.07,0.03,0.02,-0.03,322,334,364,384,347
5.05,-4.33,-7.16,0.02,0.02,-0.04,320,334,365,384,347
5.04,-4.48,-7.13,0.00,0.01,-0.01,322,334,365,384,347
5.06,-4.33,-7.47,0.02,0.01,-0.05,322,335,365,384,347
5.09,-4.41,-7.14,0.02,0.01,-0.02,322,335,365,384,347
END
5.13,-4.36,-7.26,0.02,0.00,-0.05,323,352,373,406,347
5.24,-4.25,-7.07,0.02,-0.02,-0.02,323,352,373,405,347
5.13,-4.16,-7.19,0.03,-0.01,-0.05,323,351,373,404,347
5.30,-4.22,-7.21,0.04,0.00,-0.02,323,351,372,404,346
5.20,-4.25,-7.16,0.08,0.01,-0.05,324,351,372,403,346
5.22,-4.47,-7.07,0.03,-0.01,0.00,325,349,371,401,346
5.24,-4.47,-7.13,0.03,-0.01,-0.03,326,348,371,400,345
5.18,-4.36,-7.17,0.01,-0.00,0.01,326,348,371,399,345
4.97,-4.34,-7.19,0.01,0.00,-0.01,324,348,371,399,345
5.06,-4.32,-7.14,0.02,0.01,-0.02,324,348,370,399,345
5.23,-4.29,-7.23,0.03,-0.00,-0.03,324,348,371,399,345
5.16,-4.28,-7.31,0.05,-0.01,-0.04,324,348,371,399,346
5.13,-4.38,-7.22,0.03,-0.01,-0.04,324,348,371,399,346
5.15,-4.32,-7.15,0.03,-0.00,-0.03,324,348,371,399,345
5.25,-4.29,-7.16,0.03,-0.01,-0.04,324,348,370,399,346
5.14,-4.43,-7.12,0.01,-0.01,-0.01,324,348,370,399,346
5.17,-4.49,-7.14,0.02,-0.01,-0.03,324,348,370,399,345
5.15,-4.31,-7.17,0.02,-0.01,-0.03,323,348,370,399,345
5.21,-4.27,-7.20,0.03,-0.00,-0.03,323,348,370,399,345
5.21,-4.40,-7.24,0.02,-0.01,-0.02,324,348,370,399,345
4.99,-4.39,-7.29,0.01,-0.02,-0.03,323,347,370,398,345
5.03,-4.31,-7.16,-0.01,-0.02,-0.01,324,347,370,398,345
5.13,-4.24,-7.21,0.02,-0.01,-0.04,324,348,370,398,345
5.00,-4.17,-7.29,0.02,-0.02,-0.02,324,347,370,398,345
4.97,-4.16,-7.25,0.02,-0.02,-0.03,324,347,370,398,345
5.10,-4.26,-7.30,0.02,-0.03,-0.02,324,347,370,398,345
4.92,-4.34,-7.25,0.00,-0.05,-0.02,324,347,370,398,345
4.83,-4.15,-7.43,0.01,-0.04,-0.02,324,347,370,398,345
4.82,-4.04,-7.42,-0.01,-0.05,-0.01,323,347,370,398,345
4.87,-4.13,-7.58,-0.00,-0.04,-0.02,324,346,370,398,345
4.86,-4.17,-7.53,0.01,-0.03,-0.04,323,345,370,398,345
4.93,-4.22,-7.58,0.02,-0.02,-0.03,323,343,370,397,345
4.86,-4.29,-7.61,0.04,-0.00,-0.03,325,344,369,398,345
4.77,-4.22,-7.54,0.05,0.01,-0.03,323,344,369,397,345
4.68,-4.10,-7.59,0.03,0.01,-0.02,323,344,370,397,345
4.81,-4.29,-7.55,0.03,0.03,-0.02,323,344,369,397,345
END
4.85,-4.14,-7.49,0.03,0.02,-0.04,322,343,368,391,344
4.82,-4.13,-7.57,0.02,0.04,-0.04,322,342,369,391,344
5.66,-4.64,-7.57,0.07,0.08,-0.03,322,343,369,391,345
5.64,-4.64,-7.29,0.11,0.04,-0.04,322,343,369,391,344
4.87,-4.40,-7.11,0.00,-0.07,0.01,322,343,369,391,344
4.63,-4.17,-6.98,-0.03,-0.05,0.01,322,343,369,391,344
4.66,-3.94,-7.13,-0.02,-0.01,-0.01,322,343,369,391,344
4.85,-3.89,-7.24,0.01,0.02,-0.05,322,343,369,391,344
5.07,-4.23,-7.42,0.06,0.04,-0.08,322,343,369,391,344
5.20,-4.36,-7.33,0.06,0.03,-0.08,322,343,369,391,344
5.40,-4.53,-7.32,0.05,0.00,-0.07,322,343,369,391,344
5.13,-4.37,-7.45,0.04,-0.01,-0.03,322,343,369,391,344
5.16,-4.31,-7.28,0.04,-0.02,-0.04,322,343,368,391,344
5.01,-4.18,-7.15,0.04,-0.01,-0.05,322,342,368,391,344
5.17,-4.16,-7.04,0.05,0.01,-0.04,322,342,369,391,344
5.26,-4.28,-7.26,0.05,0.01,-0.05,323,342,369,390,344
5.19,-4.42,-7.25,0.06,0.01,-0.05,322,342,369,391,344
5.17,-4.37,-7.47,0.04,0.00,-0.05,322,342,369,391,344
5.30,-4.47,-7.38,0.06,0.01,-0.02,322,342,369,391,344
5.36,-4.69,-7.01,0.04,-0.02,-0.00,322,342,369,391,344
4.87,-4.28,-7.09,0.02,-0.03,-0.03,322,342,369,391,344
4.86,-4.13,-7.25,0.02,0.00,-0.03,322,342,369,391,344
5.01,-4.26,-7.23,0.02,0.02,-0.04,322,342,369,390,344
5.07,-4.49,-7.12,0.03,0.02,-0.04,321,342,368,391,344
5.23,-4.47,-7.18,0.04,0.02,-0.04,322,342,368,390,344
5.13,-4.36,-7.18,0.04,0.01,-0.04,321,342,368,391,344
5.27,-4.44,-7.04,0.03,0.01,-0.01,322,342,369,391,344
5.24,-4.38,-7.14,0.02,-0.00,-0.04,322,342,368,390,344
5.13,-4.29,-7.14,0.04,0.01,-0.03,322,342,368,390,344
5.03,-4.36,-6.86,0.05,0.01,-0.04,322,342,368,391,344
5.13,-4.34,-7.16,0.06,0.01,-0.05,322,342,368,391,344
5.13,-4.47,-7.11,0.05,0.00,-0.03,322,342,368,391,344
5.34,-4.47,-7.19,0.05,-0.01,-0.03,322,342,368,391,344
5.23,-4.44,-7.10,0.04,-0.02,-0.05,322,343,368,391,344
5.09,-4.47,-7.12,0.05,-0.02,-0.04,322,343,368,391,344
5.22,-4.47,-7.04,0.04,-0.02,-0.04,322,342,368,391,344
END
5.16,-4.37,-7.03,0.05,-0.00,-0.05,323,342,368,390,344
5.46,-4.46,-6.93,0.03,-0.02,-0.04,323,342,368,390,344
5.31,-4.52,-6.92,0.03,-0.01,-0.03,323,342,368,390,344
5.23,-4.48,-6.98,0.02,-0.01,-0.03,323,342,368,390,344
5.23,-4.31,-6.99,0.04,0.00,-0.04,323,342,368,390,344
5.30,-4.54,-6.92,0.03,0.01,-0.02,323,342,368,390,344
5.34,-4.82,-6.95,0.03,0.01,-0.04,323,342,368,390,344
5.21,-4.61,-6.98,0.01,0.01,-0.05,323,342,368,390,344
5.23,-4.41,-7.16,0.02,0.01,-0.03,323,342,368,390,344
5.37,-4.40,-6.97,0.04,-0.00,-0.04,323,342,368,390,344
5.42,-4.47,-6.93,0.05,-0.01,-0.05,323,342,368,390,344
5.21,-4.35,-6.97,0.05,-0.00,-0.05,323,342,368,390,344
5.23,-4.36,-6.91,0.06,0.00,-0.05,323,342,368,390,344
5.37,-4.59,-6.91,0.06,0.00,-0.04,323,342,368,390,344
5.48,-4.61,-6.86,0.04,0.00,-0.05,323,342,368,390,344
5.33,-4.52,-7.04,0.03,-0.00,-0.04,323,342,368,390,344
5.35,-4.51,-6.83,0.02,-0.01,-0.03,323,342,368,390,344
5.34,-4.49,-6.88,0.02,-0.00,-0.02,323,342,368,390,344
5.34,-4.49,-6.91,0.03,0.00,-0.04,323,342,368,390,344
5.25,-4.53,-6.85,0.03,-0.00,-0.04,323,342,368,390,344
5.25,-4.52,-6.87,0.03,-0.00,-0.04,323,342,368,390,344
5.27,-4.54,-6.81,0.01,-0.01,-0.01,323,342,368,390,344
5.24,-4.54,-6.91,0.02,-0.01,-0.03,323,342,367,390,344
5.12,-4.42,-6.98,0.01,-0.00,-0.02,324,342,368,390,344
5.33,-4.47,-6.96,-0.01,-0.00,-0.01,323,342,368,390,344
5.28,-4.56,-6.88,0.01,-0.01,-0.02,323,342,368,390,344
5.10,-4.43,-7.10,0.01,-0.01,-0.03,323,342,368,390,344
5.30,-4.52,-7.03,0.03,0.00,-0.03,323,342,368,390,344
5.38,-4.49,-6.94,0.05,-0.01,-0.05,323,342,368,390,344
5.36,-4.36,-7.10,0.04,-0.00,-0.02,323,342,368,390,344
5.42,-4.44,-7.08,0.05,-0.01,-0.05,323,342,368,390,344
5.24,-4.43,-6.97,0.05,-0.01,-0.04,323,342,368,390,344
5.25,-4.41,-7.06,0.05,-0.02,-0.04,323,342,368,390,344
5.28,-4.53,-6.93,0.04,-0.02,-0.04,322,342,368,390,344
5.13,-4.51,-6.91,0.04,-0.02,-0.04,323,342,368,390,344
5.28,-4.57,-6.96,0.04,-0.01,-0.03,323,342,368,390,344
END
5.30,-4.51,-7.11,0.03,-0.01,-0.05,322,342,368,390,344
5.31,-4.46,-6.98,0.06,0.03,-0.04,322,342,368,390,344
5.28,-4.46,-7.16,0.06,0.02,-0.04,322,342,368,390,344
5.25,-4.55,-6.98,0.05,0.01,-0.03,323,342,368,390,344
5.43,-4.57,-6.86,0.05,-0.01,-0.04,323,342,368,390,344
5.34,-4.42,-6.93,0.04,-0.01,-0.04,322,342,368,390,344
5.25,-4.45,-6.99,0.02,-0.00,-0.02,322,342,368,390,344
5.54,-4.48,-6.83,0.03,-0.01,-0.05,322,342,368,390,344
5.25,-4.39,-6.90,0.04,-0.01,-0.04,322,342,367,390,344
5.34,-4.41,-6.90,0.03,-0.01,-0.03,322,342,368,390,344
5.39,-4.51,-6.95,0.03,-0.01,-0.04,323,342,368,390,343
5.25,-4.47,-7.00,0.03,-0.02,-0.03,322,342,368,390,344
5.31,-4.45,-7.01,0.03,-0.01,-0.03,322,342,368,390,344
5.23,-4.37,-7.03,0.03,-0.02,-0.03,322,342,368,390,344
5.26,-4.37,-6.98,0.03,-0.01,-0.03,323,342,368,390,344
5.19,-4.39,-7.06,0.03,-0.01,-0.04,323,342,368,390,344
5.22,-4.36,-7.14,0.02,-0.01,-0.03,323,342,368,390,344
5.15,-4.36,-7.05,0.03,-0.00,-0.04,323,342,368,390,344
5.42,-4.54,-7.00,-0.01,0.01,0.02,323,342,368,390,344
5.33,-4.43,-7.13,0.02,-0.00,-0.04,322,342,368,390,344
5.39,-4.41,-7.11,0.04,-0.01,-0.04,321,342,368,390,344
5.19,-4.39,-7.01,0.04,-0.01,-0.03,321,342,368,390,344
5.13,-4.59,-6.97,0.04,-0.00,-0.03,321,342,368,390,344
5.22,-4.54,-7.09,0.02,0.00,-0.01,321,342,368,390,344
5.29,-4.46,-6.98,0.03,0.00,-0.03,321,342,368,390,344
5.10,-4.45,-7.07,0.05,-0.00,-0.04,321,342,367,390,344
5.18,-4.45,-7.11,0.05,0.00,-0.03,322,342,368,390,344
5.17,-4.55,-7.14,0.06,-0.01,-0.05,322,342,367,390,344
5.32,-4.60,-7.08,0.02,-0.01,-0.02,321,342,368,390,344
5.10,-4.36,-6.96,0.01,-0.01,-0.01,322,342,368,390,345
5.01,-4.37,-7.10,0.03,-0.01,-0.04,322,342,368,390,344
5.18,-4.37,-6.83,0.05,-0.00,-0.05,322,342,368,390,344
5.22,-4.44,-7.10,0.05,-0.01,-0.05,322,342,368,390,344
5.28,-4.56,-7.01,0.04,-0.01,-0.05,322,342,368,390,344
5.20,-4.57,-7.08,0.05,-0.01,-0.06,322,343,368,390,344
5.07,-4.64,-7.09,0.08,-0.01,-0.04,322,343,368,390,344
END
5.71,-5.43,-6.31,-0.00,0.01,0.02,320,351,376,394,347
5.24,-5.05,-6.81,0.01,0.01,-0.07,320,351,376,394,347
5.56,-4.90,-6.83,0.03,0.00,-0.09,320,350,376,393,347
5.44,-4.85,-6.63,0.03,-0.04,-0.05,320,351,375,393,347
4.66,-4.98,-6.67,-0.01,-0.11,-0.08,320,351,375,393,347
4.62,-5.03,-6.72,-0.03,-0.05,-0.06,320,351,375,393,347
5.00,-4.84,-6.96,-0.02,-0.01,-0.08,321,351,375,393,347
5.25,-4.87,-7.09,0.01,0.03,-0.01,321,351,375,393,347
5.55,-5.05,-6.88,0.06,0.03,0.00,321,351,375,394,347
5.11,-4.73,-6.65,0.03,0.03,0.03,320,351,375,393,347
4.62,-4.50,-6.83,0.04,0.06,0.01,321,350,375,393,347
5.03,-4.54,-6.90,0.06,0.05,-0.03,321,351,375,393,347
5.33,-4.87,-6.81,0.05,0.04,-0.02,320,351,375,393,347
5.37,-4.83,-6.76,0.03,0.00,-0.07,320,351,375,393,347
5.51,-4.87,-6.86,0.06,-0.04,-0.08,320,351,375,393,347
5.65,-5.13,-6.60,0.08,-0.05,-0.08,320,351,375,393,347
5.37,-5.27,-6.48,0.09,-0.02,-0.03,320,351,375,393,347
5.32,-5.16,-6.21,0.07,-0.03,-0.01,320,349,375,393,347
4.87,-4.94,-6.60,0.03,-0.02,-0.04,320,349,375,393,347
4.89,-4.51,-6.65,0.00,0.01,-0.09,320,349,375,393,347
5.19,-4.32,-7.11,0.05,0.01,-0.18,320,349,374,393,347
5.78,-4.85,-7.09,0.10,0.00,-0.12,320,349,374,393,347
5.92,-5.47,-6.70,0.16,-0.03,-0.10,320,349,374,393,347
5.95,-5.68,-6.22,0.08,-0.12,-0.07,320,348,374,393,347
5.22,-5.39,-6.27,-0.04,-0.14,-0.02,320,348,374,393,347
4.80,-4.72,-6.27,-0.06,-0.06,-0.01,320,348,374,393,346
4.40,-4.49,-6.59,-0.06,0.03,-0.02,320,348,374,393,347
4.79,-4.32,-6.92,-0.02,0.11,-0.04,320,348,374,393,346
5.63,-4.48,-7.06,0.04,0.10,-0.04,320,348,374,393,346
5.61,-4.77,-7.01,0.05,0.06,-0.02,320,349,375,394,347
5.41,-4.81,-6.86,0.02,0.00,-0.03,320,349,375,394,347
5.35,-4.80,-6.83,0.01,-0.01,-0.02,320,349,375,394,347
5.26,-4.72,-6.81,0.02,-0.02,-0.03,320,349,375,394,347
5.74,-4.76,-6.71,-0.02,0.00,0.03,320,349,375,393,347
4.90,-4.83,-6.58,-0.05,-0.00,0.02,320,349,374,393,347
5.51,-4.56,-6.73,-0.03,-0.02,-0.08,320,349,374,393,347
END
5.14,-4.54,-7.14,0.01,-0.01,-0.07,320,349,374,393,347
5.50,-4.92,-6.33,0.03,-0.03,-0.07,320,349,373,393,346
5.53,-4.83,-6.54,0.04,-0.04,-0.09,320,350,374,393,347
5.61,-4.84,-6.46,0.05,-0.01,-0.05,320,350,374,393,347
5.66,-4.95,-6.42,0.03,0.01,-0.03,320,350,374,393,346
5.50,-4.85,-6.58,0.02,0.01,-0.03,320,349,374,392,346
5.54,-4.77,-6.56,0.02,0.01,-0.03,320,350,374,392,346
5.49,-4.79,-6.57,0.03,0.01,-0.03,320,350,374,392,347
5.68,-4.82,-6.55,0.03,0.00,-0.04,319,349,374,392,346
5.57,-4.85,-6.46,0.03,-0.00,-0.05,320,349,374,393,346
5.55,-4.73,-6.54,0.03,0.01,-0.04,320,350,374,392,346
5.56,-4.82,-6.34,0.03,0.02,-0.04,320,350,374,392,346
5.73,-4.86,-6.36,0.04,0.01,-0.05,320,350,374,392,346
5.60,-4.85,-6.47,0.04,0.00,-0.05,320,350,374,393,347
5.79,-4.88,-6.55,0.05,-0.02,-0.05,320,350,374,393,347
5.67,-4.87,-6.36,0.03,-0.01,-0.03,320,350,374,393,347
5.47,-4.89,-6.45,0.03,-0.01,-0.02,320,350,374,393,347
5.53,-4.77,-6.39,0.03,0.00,-0.03,320,350,374,393,347
5.64,-4.83,-6.31,0.02,0.01,-0.01,320,350,374,392,347
5.76,-4.73,-6.52,0.03,-0.01,-0.05,320,350,373,393,347
5.61,-4.86,-6.40,0.04,-0.02,-0.05,320,350,373,392,347
5.46,-4.92,-6.40,0.03,-0.01,-0.04,320,349,374,392,347
5.62,-4.87,-6.45,0.02,0.01,-0.02,320,349,373,392,346
5.64,-4.83,-6.53,0.02,0.00,-0.04,320,349,373,392,347
5.74,-4.73,-6.55,0.01,-0.00,-0.06,320,349,373,392,346
5.69,-4.87,-6.35,0.02,0.01,-0.02,320,349,373,392,346
5.61,-4.77,-6.43,0.03,-0.00,-0.05,320,349,373,392,346
5.59,-4.74,-6.53,0.03,0.01,-0.03,320,349,373,392,346
5.59,-4.77,-6.55,0.02,0.00,-0.02,320,349,373,392,346
5.54,-4.74,-6.72,0.02,0.01,-0.03,320,349,373,392,346
5.57,-4.72,-6.55,0.02,0.03,-0.02,320,349,373,392,346
5.65,-4.72,-6.50,0.05,0.01,-0.05,320,349,373,392,346
5.73,-4.87,-6.55,0.04,0.00,-0.03,320,349,373,392,346
5.57,-4.77,-6.52,0.02,-0.01,-0.04,320,349,373,392,346
5.55,-4.78,-6.53,0.02,-0.01,-0.04,320,349,373,392,346
5.69,-4.69,-6.32,0.03,0.01,-0.03,320,349,373,392,346
END
5.66,-4.82,-6.51,0.04,-0.00,-0.04,320,349,373,392,346
5.87,-4.63,-7.03,0.05,0.03,-0.05,320,348,373,392,346
5.89,-4.82,-6.34,0.06,-0.00,-0.05,321,348,373,391,346
5.69,-5.13,-6.54,0.06,-0.02,-0.05,320,349,373,392,346
5.53,-4.99,-6.47,0.05,-0.02,-0.04,320,349,373,392,346
5.40,-4.80,-6.40,0.03,-0.01,-0.02,320,348,372,391,346
5.48,-4.51,-6.58,0.06,-0.02,-0.05,320,348,373,391,346
7.34,-4.49,-6.55,0.08,-0.02,-0.07,320,348,373,391,346
5.83,-4.91,-6.37,0.09,-0.03,-0.05,320,348,373,391,346
5.90,-5.24,-6.09,0.05,-0.04,-0.06,320,348,373,391,346
5.61,-5.22,-6.16,-0.02,-0.05,-0.06,320,348,373,391,346
5.25,-4.72,-6.24,-0.00,-0.02,-0.06,320,349,373,391,346
5.45,-4.58,-6.60,0.04,0.04,-0.02,320,349,373,391,346
6.02,-5.12,-6.35,0.07,0.07,0.02,320,349,373,391,345
5.58,-5.26,-5.99,0.01,0.02,-0.00,320,348,373,391,346
5.39,-4.53,-6.65,-0.02,0.01,-0.08,320,348,373,391,346
5.62,-4.19,-6.94,0.02,0.02,-0.04,320,348,372,391,346
6.04,-4.81,-6.63,0.07,-0.02,-0.04,320,348,373,391,347
5.79,-5.02,-6.21,0.04,-0.06,-0.03,320,348,372,391,346
5.79,-5.11,-6.18,0.01,-0.08,-0.07,320,348,373,391,346
5.56,-5.07,-6.15,-0.02,-0.04,-0.04,320,348,372,391,345
5.41,-4.87,-6.39,0.01,0.01,-0.00,321,348,373,391,346
5.18,-4.77,-6.35,-0.00,0.06,0.02,320,348,373,391,346
5.61,-4.59,-6.60,0.04,0.12,-0.01,320,348,373,391,346
5.83,-4.65,-6.45,0.04,0.06,-0.02,320,348,372,391,346
5.79,-4.73,-6.55,0.05,0.03,-0.03,320,348,373,391,346
5.75,-4.87,-6.45,0.04,-0.00,-0.04,320,348,372,391,346
5.66,-5.07,-6.42,0.02,-0.02,-0.03,320,348,372,391,346
5.64,-4.95,-6.25,-0.00,-0.02,-0.02,320,348,372,391,346
5.64,-4.82,-6.23,-0.01,-0.01,-0.02,320,348,373,391,346
5.62,-4.72,-6.41,-0.00,-0.01,-0.01,320,348,373,391,346
5.27,-4.72,-6.40,0.01,-0.00,-0.03,320,348,372,391,346
5.48,-4.55,-6.61,0.05,0.01,-0.04,321,348,373,391,346
5.62,-4.63,-6.65,0.07,0.00,-0.06,321,348,373,391,346
5.78,-4.74,-6.55,0.06,-0.02,-0.06,321,348,373,391,346
5.82,-4.99,-6.34,0.05,-0.04,-0.05,320,348,373,391,346
END
5.58,-5.01,-6.40,0.03,-0.04,-0.05,321,348,372,391,346
5.20,-4.91,-6.53,0.02,0.04,-0.01,322,348,372,390,346
5.44,-4.58,-6.71,0.04,0.05,-0.04,322,348,372,391,346
5.89,-4.68,-6.50,0.04,0.03,-0.03,322,348,372,391,346
6.04,-4.88,-6.32,0.04,-0.02,-0.04,322,348,372,391,346
5.56,-5.12,-6.37,0.02,-0.05,-0.04,321,348,372,391,346
5.37,-5.21,-6.45,0.04,-0.04,-0.05,321,348,372,391,346
5.18,-4.90,-6.27,0.04,-0.00,-0.07,321,348,372,391,346
5.43,-4.76,-6.57,0.05,0.03,-0.06,321,348,372,391,346
5.79,-4.87,-6.50,0.07,0.00,-0.07,321,348,372,391,346
5.67,-5.03,-6.22,0.05,-0.02,-0.04,321,348,372,391,346
5.51,-5.10,-6.21,0.02,-0.03,-0.05,321,348,372,391,346
5.54,-4.82,-6.33,0.02,-0.01,-0.04,321,348,372,390,346
5.57,-4.74,-6.39,0.02,0.01,-0.04,322,348,372,390,346
5.65,-4.80,-6.42,0.03,0.01,-0.03,321,348,372,390,346
5.57,-4.91,-6.41,0.04,0.01,-0.03,321,348,372,391,346
5.48,-4.97,-6.34,0.03,0.01,-0.02,321,348,372,391,346
5.65,-4.83,-6.35,0.03,0.01,-0.03,321,348,372,391,346
5.67,-4.78,-6.47,0.03,-0.01,-0.04,321,348,372,391,346
5.65,-5.02,-6.38,0.03,-0.01,-0.04,322,348,372,391,346
5.64,-5.00,-6.13,0.01,0.01,-0.02,322,348,372,391,346
5.63,-4.74,-6.32,0.01,0.02,-0.05,322,348,372,391,347
5.55,-4.59,-6.56,0.04,0.02,-0.06,322,348,372,391,346
5.59,-4.92,-6.42,0.04,0.02,-0.01,322,348,372,391,346
5.84,-5.17,-6.15,0.02,0.02,-0.01,322,348,372,391,345
5.53,-4.85,-6.27,-0.01,0.01,-0.04,322,347,372,391,346
5.41,-4.31,-6.60,0.02,0.02,-0.05,322,348,372,391,346
5.82,-4.47,-6.60,0.08,0.01,-0.07,322,348,372,391,346
5.69,-4.64,-6.53,0.09,-0.01,-0.09,322,348,372,390,346
6.17,-4.90,-6.21,0.08,-0.04,-0.10,322,348,372,391,346
5.84,-5.00,-6.36,0.05,-0.06,-0.10,322,348,372,391,346
5.76,-5.15,-6.24,0.06,-0.07,-0.06,322,348,372,391,346
5.48,-5.07,-6.36,0.03,-0.06,-0.03,322,348,372,391,346
5.38,-4.62,-6.31,0.01,0.00,-0.01,322,348,372,391,346
5.78,-4.41,-6.50,0.03,0.02,-0.03,322,348,372,391,346
5.74,-4.64,-6.69,0.05,0.00,-0.03,322,348,372,391,346
END
5.77,-4.93,-6.47,0.07,-0.04,-0.05,322,347,372,390,346
5.73,-4.91,-6.22,0.02,-0.02,-0.02,322,346,372,391,346
5.69,-5.02,-6.45,0.04,-0.04,-0.05,322,346,372,390,346
5.42,-4.94,-6.27,0.04,-0.01,-0.04,322,346,372,391,346
5.66,-4.92,-6.18,0.03,0.00,-0.03,322,346,372,391,346
5.81,-5.00,-6.14,0.04,0.00,-0.03,322,346,372,390,346
5.84,-4.97,-6.43,0.02,-0.01,-0.02,323,346,372,390,345
5.65,-4.95,-6.14,0.02,-0.02,-0.03,322,346,372,390,346
5.58,-5.03,-6.27,0.02,-0.02,-0.04,320,345,371,390,346
5.56,-4.90,-6.30,0.02,-0.01,-0.02,322,346,371,390,346
5.59,-4.75,-6.34,0.03,0.01,-0.04,322,346,371,390,346
5.66,-4.88,-6.30,0.04,0.02,-0.03,322,346,372,390,345
5.86,-4.96,-6.17,0.04,0.01,-0.05,322,345,371,390,346
5.69,-4.89,-6.36,0.03,0.01,-0.06,322,346,371,391,346
5.66,-5.01,-6.22,0.03,0.01,-0.03,322,346,371,390,346
5.76,-4.96,-6.25,0.04,0.00,-0.05,322,346,371,390,346
5.72,-4.87,-6.14,0.03,0.01,-0.04,322,346,372,390,346
5.94,-4.82,-6.25,0.03,0.00,-0.03,322,345,371,390,346
5.80,-4.88,-6.30,0.03,-0.01,-0.04,322,346,371,390,345
5.71,-4.92,-6.13,0.04,-0.02,-0.05,322,345,371,390,346
5.57,-4.94,-6.40,0.03,-0.00,-0.04,322,345,371,390,346
5.73,-4.96,-6.21,0.02,-0.00,-0.03,321,346,371,391,346
5.76,-4.77,-6.32,0.03,-0.00,-0.03,322,346,371,390,346
5.78,-4.74,-6.40,0.03,-0.00,-0.03,321,346,371,390,346
5.75,-4.87,-6.26,0.03,-0.00,-0.03,321,345,371,390,346
5.79,-4.74,-6.24,0.05,-0.00,-0.05,321,346,371,390,346
5.81,-4.93,-6.19,0.05,-0.02,-0.05,321,346,371,390,346
5.67,-4.93,-6.17,0.03,-0.02,-0.04,321,346,371,390,346
5.60,-4.91,-6.25,0.03,-0.01,-0.03,321,346,371,390,346
5.94,-4.94,-6.16,0.01,0.02,0.03,321,345,371,390,346
5.43,-4.85,-6.24,-0.03,0.00,0.04,320,345,371,390,346
5.86,-4.85,-6.27,0.01,-0.01,-0.05,320,345,371,390,346
5.69,-4.76,-6.40,0.05,-0.01,-0.07,320,345,371,390,346
5.79,-4.80,-6.32,0.07,-0.01,-0.05,320,345,371,390,347
5.56,-4.93,-6.37,0.05,-0.00,-0.04,320,345,371,390,346
5.54,-5.00,-6.28,0.02,0.00,-0.03,320,345,371,390,346
END
5.65,-4.90,-6.31,0.03,0.00,-0.04,320,344,371,390,346
4.82,-5.74,-6.23,0.01,0.00,-0.07,320,344,370,390,346
4.89,-5.94,-6.11,0.03,0.01,-0.09,320,344,370,390,346
4.90,-5.73,-6.35,0.02,0.02,-0.06,320,344,370,390,346
5.18,-5.78,-6.39,0.06,0.00,-0.10,320,344,370,389,346
5.15,-5.74,-6.22,0.10,-0.03,-0.11,320,344,370,389,346
5.39,-5.72,-6.05,0.11,-0.06,-0.10,320,344,370,389,346
5.18,-5.81,-5.97,0.12,-0.08,-0.10,320,344,370,390,346
5.18,-5.59,-5.84,0.12,-0.06,-0.10,320,344,370,389,346
5.33,-5.71,-5.88,0.07,-0.05,-0.06,320,344,370,390,345
4.86,-5.66,-5.84,0.03,-0.02,-0.06,320,344,370,390,346
4.94,-5.76,-6.07,0.01,-0.02,-0.07,320,344,371,389,346
5.83,-5.47,-6.45,-0.01,-0.01,-0.06,320,344,371,390,346
5.56,-5.49,-6.02,-0.02,0.04,0.09,320,344,370,390,346
5.53,-4.97,-6.03,-0.02,0.02,-0.02,320,344,370,390,346
5.41,-5.00,-6.23,0.00,0.03,-0.01,320,344,370,389,345
5.22,-5.15,-6.22,0.03,0.04,-0.08,320,343,370,390,346
5.23,-5.33,-6.07,0.05,0.03,-0.10,320,344,370,389,346
5.22,-5.65,-6.14,0.06,0.02,-0.11,320,345,370,389,346
5.37,-5.74,-5.97,0.05,0.03,-0.13,320,344,370,389,346
5.20,-5.64,-5.99,0.05,0.03,-0.10,320,344,370,389,346
5.40,-5.51,-6.05,0.08,0.01,-0.10,320,344,370,390,346
5.86,-6.09,-5.66,0.11,-0.07,-0.10,320,344,370,390,346
5.12,-6.11,-5.92,0.09,-0.07,-0.08,320,344,370,390,346
5.10,-5.97,-5.85,0.05,-0.03,-0.03,320,344,370,389,346
4.94,-5.86,-6.00,0.02,0.01,-0.03,320,344,370,389,346
5.57,-5.72,-5.91,0.02,0.04,-0.01,320,344,370,389,346
5.30,-5.70,-5.94,0.04,0.00,-0.06,320,345,370,390,346
5.34,-5.60,-6.04,0.05,-0.01,-0.06,320,344,370,390,346
5.28,-5.52,-6.00,0.07,-0.02,-0.15,320,344,370,390,346
5.74,-5.62,-6.03,0.03,-0.02,-0.07,320,343,370,390,346
5.50,-5.46,-6.04,0.06,-0.03,-0.11,320,344,370,390,346
6.04,-5.36,-6.32,0.06,-0.09,-0.01,320,344,370,390,346
6.17,-5.35,-6.09,0.18,-0.17,0.17,320,344,370,390,346
4.82,-5.50,-6.17,0.38,-0.29,0.11,320,344,370,390,346
4.80,-5.96,-6.00,0.50,-0.32,0.06,320,344,370,390,346
END
4.06,-6.30,-5.35,0.52,-0.32,0.06,321,344,370,389,345
5.76,-5.03,-6.38,-0.00,0.03,-0.02,322,344,370,389,345
4.91,-5.00,-6.19,0.01,0.05,0.06,321,344,370,389,345
5.07,-5.20,-6.13,0.02,0.02,0.00,321,344,370,389,345
5.27,-5.25,-6.37,0.03,-0.01,-0.06,321,344,370,389,346
4.87,-5.46,-6.20,0.03,0.00,-0.03,322,344,370,389,345
5.15,-5.48,-6.35,0.01,-0.01,-0.09,321,344,370,389,345
4.77,-5.30,-6.23,0.04,0.03,-0.01,321,344,370,389,345
5.54,-5.39,-6.30,0.07,0.03,-0.07,322,344,370,389,345
5.09,-5.48,-6.35,0.04,0.04,-0.03,322,344,370,389,345
5.41,-5.38,-6.24,0.02,0.02,-0.03,321,344,370,389,346
5.05,-5.28,-6.25,0.04,0.02,-0.04,321,344,370,389,345
5.69,-5.26,-6.16,0.01,-0.00,-0.04,321,344,370,389,345
5.15,-5.21,-6.21,-0.01,-0.01,0.02,321,344,369,389,345
5.28,-5.18,-6.12,0.02,-0.02,-0.02,321,344,369,389,345
4.95,-5.37,-6.01,0.02,0.03,0.00,322,344,370,389,345
5.18,-5.23,-6.11,0.06,0.06,-0.08,321,344,370,389,345
5.48,-5.39,-6.14,0.08,0.10,0.02,321,344,370,389,345
5.76,-5.33,-5.95,0.09,0.04,-0.11,321,344,370,389,345
5.78,-5.61,-6.05,0.06,0.01,-0.02,321,344,370,389,345
5.30,-5.64,-6.05,0.05,-0.01,-0.04,321,344,370,389,345
5.02,-5.56,-5.86,0.02,0.02,0.01,321,345,370,389,345
5.43,-5.50,-6.17,-0.02,0.03,-0.04,321,344,369,389,345
5.65,-5.38,-6.04,-0.04,0.06,-0.01,322,344,369,389,345
5.74,-5.15,-6.45,0.01,0.00,-0.18,321,344,369,389,345
6.04,-5.13,-6.25,0.02,-0.01,-0.12,322,344,369,389,345
5.42,-5.12,-6.04,0.01,-0.00,-0.01,322,344,370,389,345
5.63,-5.02,-6.09,0.01,-0.01,-0.04,322,344,369,389,345
5.69,-5.21,-6.00,0.06,0.00,0.02,322,344,369,389,345
5.81,-5.47,-5.99,0.08,0.02,0.11,322,344,369,389,345
5.85,-5.81,-5.63,-0.02,0.05,0.58,322,344,370,389,345
3.75,-5.97,-5.76,-0.00,0.10,0.35,322,344,369,389,345
4.49,-6.27,-5.76,-0.04,0.07,0.11,321,344,370,389,345
4.74,-5.92,-6.16,0.02,0.04,-0.11,321,344,369,389,345
5.38,-5.95,-6.29,0.01,-0.06,-0.21,321,344,370,389,345
5.36,-6.03,-6.53,-0.06,-0.09,0.03,321,344,369,389,346
END
4.54,-5.46,-6.76,-0.02,-0.06,-0.02,320,344,369,389,346
5.30,-5.04,-6.45,0.02,-0.01,-0.06,320,344,369,389,345
5.28,-4.95,-6.42,0.03,0.01,-0.03,321,344,369,389,346
5.62,-5.10,-6.29,-0.03,0.01,-0.01,320,344,369,389,346
5.48,-4.95,-6.67,0.00,0.01,-0.05,320,344,369,389,346
5.44,-4.52,-6.62,0.05,0.02,-0.05,320,344,369,389,346
5.49,-4.92,-6.62,0.06,0.02,-0.03,320,344,369,389,346
5.57,-5.05,-6.55,0.05,0.01,-0.05,319,344,369,389,346
5.56,-5.08,-6.63,0.03,-0.01,-0.04,320,344,369,389,347
5.53,-4.87,-6.50,0.02,-0.02,-0.04,320,344,369,389,346
5.27,-4.83,-6.58,0.04,-0.01,-0.03,320,344,369,389,345
5.39,-4.86,-6.52,0.06,0.00,-0.04,320,344,369,389,346
5.37,-5.07,-6.22,0.04,0.00,-0.05,320,344,369,389,346
5.61,-4.95,-6.63,0.04,-0.00,-0.05,320,344,369,389,346
5.37,-4.90,-6.52,0.04,0.00,-0.04,320,344,369,389,346
5.53,-4.95,-6.54,0.05,0.01,-0.04,320,344,369,389,346
5.61,-5.01,-6.42,0.05,0.04,-0.03,320,344,369,389,346
5.66,-5.02,-6.48,0.02,0.01,-0.02,320,344,369,389,346
5.47,-4.98,-6.43,0.03,-0.00,-0.04,320,344,369,389,346
5.25,-4.84,-6.45,0.03,0.01,-0.02,320,344,369,389,346
5.52,-4.90,-6.39,0.04,0.01,-0.02,320,344,369,389,346
5.41,-4.92,-6.50,0.04,0.01,-0.03,320,344,368,389,346
5.61,-4.92,-6.42,0.04,0.00,-0.04,320,344,369,389,346
5.41,-4.90,-6.35,0.05,0.01,-0.05,320,344,369,389,346
5.58,-5.02,-6.24,0.04,0.00,-0.04,320,344,369,389,346
5.68,-5.06,-6.28,0.03,-0.02,-0.06,320,345,369,389,346
5.61,-5.02,-6.25,0.03,-0.02,-0.04,320,344,369,389,346
5.51,-5.05,-6.35,0.04,-0.01,-0.03,320,344,369,389,346
5.44,-5.09,-6.30,0.03,0.00,-0.03,320,344,369,389,346
5.58,-5.05,-6.46,0.03,0.02,-0.02,320,344,369,389,346
5.38,-5.03,-6.40,0.04,0.03,0.02,320,344,369,389,346
5.58,-5.04,-6.32,0.05,0.02,-0.06,320,344,369,389,346
5.49,-5.13,-6.17,0.03,0.01,-0.02,320,344,369,389,346
5.61,-5.13,-6.22,0.03,0.00,-0.04,320,344,369,389,346
5.48,-5.07,-6.42,0.03,-0.01,-0.04,320,344,369,389,346
5.68,-5.12,-6.37,0.03,-0.01,-0.03,320,344,369,389,346
END
5.45,-5.08,-6.33,0.03,-0.01,-0.04,320,345,369,389,346
5.41,-5.08,-6.40,0.04,-0.07,-0.02,320,344,369,389,346
5.48,-5.04,-6.35,0.04,-0.05,0.00,320,344,369,389,346
5.42,-5.36,-6.12,0.02,-0.02,0.00,320,344,369,389,346
5.48,-5.30,-6.21,-0.02,0.00,-0.03,320,345,369,389,346
5.38,-5.08,-6.47,-0.02,0.01,-0.02,320,344,370,389,346
5.51,-5.05,-6.42,0.02,-0.00,-0.02,320,344,369,389,346
5.47,-5.26,-6.42,0.05,0.00,0.01,319,344,369,389,346
5.28,-5.28,-6.38,0.05,-0.02,-0.01,320,345,369,389,346
5.38,-5.15,-6.54,0.07,-0.03,-0.03,320,345,369,389,346
5.33,-5.11,-6.58,0.14,-0.03,-0.07,320,345,369,389,346
5.25,-5.14,-5.98,0.09,-0.04,0.12,321,345,369,390,345
4.71,-5.60,-6.28,0.07,-0.04,0.04,320,345,370,389,346
4.77,-5.41,-6.37,0.10,-0.05,-0.08,320,345,370,389,346
4.95,-5.44,-6.45,0.10,-0.02,-0.07,320,345,370,389,345
5.08,-5.52,-6.19,0.06,0.00,-0.05,320,345,370,389,345
4.87,-5.56,-6.14,0.06,0.01,-0.05,320,345,369,389,345
4.90,-5.53,-6.17,0.05,0.02,-0.05,320,345,369,389,345
4.99,-5.43,-6.17,0.06,0.04,-0.08,320,345,369,389,345
4.84,-5.35,-6.32,0.08,0.04,-0.11,320,345,369,389,345
5.19,-5.57,-6.25,0.08,0.03,-0.14,320,345,370,389,346
5.55,-5.79,-6.18,0.06,0.04,-0.08,320,345,369,389,346
5.51,-5.99,-6.13,0.02,0.03,-0.05,320,345,369,389,346
5.19,-5.64,-6.07,-0.04,0.02,-0.06,320,345,369,389,346
5.46,-5.22,-6.04,-0.04,0.03,-0.04,320,345,370,389,345
5.23,-4.97,-6.13,-0.03,0.04,0.01,320,345,369,389,345
5.50,-4.94,-6.25,0.03,0.02,-0.04,320,345,369,389,345
5.92,-5.35,-6.17,0.05,-0.01,-0.05,320,345,369,389,345
5.72,-5.44,-6.04,0.00,-0.02,-0.02,320,344,369,389,345
5.59,-5.06,-6.03,-0.02,-0.04,-0.08,320,345,369,389,346
5.46,-4.85,-5.98,0.02,-0.04,-0.09,320,345,369,389,345
5.14,-5.10,-6.16,0.06,-0.01,-0.11,320,345,369,389,345
5.55,-5.31,-6.17,0.05,0.05,-0.08,320,345,369,389,345
5.84,-5.30,-6.21,0.04,0.04,-0.06,320,345,369,389,345
6.14,-5.28,-6.10,0.02,-0.02,-0.01,320,345,369,389,346
5.58,-5.15,-6.09,0.01,-0.05,-0.01,320,345,369,389,345
END
5.60,-4.84,-6.20,0.01,-0.02,-0.02,321,344,369,389,345
5.98,-4.65,-6.37,0.04,0.03,-0.09,321,344,369,389,345
6.06,-5.61,-5.98,0.03,0.02,0.04,322,344,369,389,345
5.81,-5.43,-5.66,-0.07,0.00,0.13,320,344,368,389,345
5.07,-4.66,-6.61,0.01,0.01,-0.12,320,344,369,389,346
5.96,-4.95,-6.63,0.10,-0.01,-0.09,320,344,369,389,346
5.83,-5.47,-6.17,0.12,-0.02,-0.01,320,344,369,389,345
5.61,-5.56,-5.46,0.01,-0.01,0.09,320,344,369,389,346
5.26,-4.79,-6.04,-0.01,-0.03,-0.15,320,344,369,389,346
5.71,-4.82,-6.42,0.04,0.01,-0.14,320,345,369,389,345
6.03,-5.87,-6.04,0.09,-0.00,-0.07,320,344,368,389,345
5.88,-5.87,-5.58,0.03,-0.01,0.04,320,344,368,389,345
5.36,-4.96,-5.94,0.00,-0.01,-0.04,320,344,368,388,345
5.85,-4.74,-6.14,0.02,0.03,-0.02,320,344,368,388,345
5.93,-5.11,-6.17,0.04,0.02,-0.02,320,344,368,389,345
6.07,-5.45,-6.07,0.01,0.01,-0.00,320,344,368,389,345
5.59,-5.10,-5.90,-0.01,-0.01,-0.03,321,344,369,389,345
5.29,-4.63,-6.15,0.04,-0.01,-0.06,321,345,369,389,345
5.43,-4.87,-6.06,0.04,0.02,-0.04,321,344,369,389,345
5.41,-4.97,-6.16,0.02,0.03,-0.08,321,344,369,389,345
6.44,-5.24,-6.13,0.04,0.03,-0.07,321,344,368,389,346
6.53,-5.40,-6.02,0.02,-0.08,-0.09,321,345,368,389,345
5.79,-5.36,-5.78,0.03,-0.12,-0.07,321,344,368,388,345
5.58,-4.97,-6.27,0.04,-0.07,-0.07,321,344,369,389,345
5.75,-5.11,-6.17,0.06,-0.01,-0.01,321,344,369,389,345
5.87,-5.49,-5.84,0.05,-0.02,0.02,321,344,368,388,346
5.56,-5.28,-6.04,0.01,0.01,0.01,321,344,368,388,345
5.33,-4.95,-6.29,0.02,0.02,-0.02,321,344,369,389,345
5.64,-4.98,-6.36,0.07,0.00,-0.02,321,344,368,389,345
5.62,-5.13,-6.39,0.06,-0.01,-0.02,321,344,368,389,345
5.83,-5.42,-6.12,0.04,-0.02,-0.03,321,344,369,388,345
5.64,-5.18,-6.12,0.04,-0.05,-0.03,321,344,368,389,345
5.23,-4.85,-6.15,0.06,-0.05,-0.02,321,344,369,389,346
5.36,-4.77,-6.22,0.07,-0.01,-0.02,321,344,368,389,345
5.71,-4.99,-6.05,0.06,-0.00,-0.05,321,344,368,388,345
5.76,-5.18,-6.22,0.05,-0.01,-0.10,322,344,368,389,345
END
5.70,-5.37,-6.15,0.06,-0.01,-0.07,325,343,368,389,345
5.86,-5.59,-5.63,0.08,-0.05,-0.01,326,343,368,389,345
5.66,-5.33,-5.66,0.01,-0.04,-0.07,325,343,368,389,345
5.44,-5.00,-6.03,0.01,0.00,-0.06,326,343,368,389,345
5.76,-5.32,-5.97,0.02,0.02,-0.07,326,343,368,389,345
5.89,-5.36,-6.15,0.04,0.01,-0.02,326,343,368,389,345
5.79,-5.24,-5.96,0.03,0.04,0.13,326,343,368,389,345
4.84,-5.10,-5.99,0.05,0.06,0.01,326,343,368,388,345
6.24,-5.18,-5.89,0.06,-0.01,-0.14,327,343,368,388,345
5.74,-5.41,-5.91,0.04,0.01,-0.01,327,343,368,388,345
5.66,-5.29,-5.89,-0.00,-0.02,-0.10,328,343,368,389,345
5.69,-5.05,-6.12,-0.00,-0.01,-0.05,328,343,369,389,345
5.79,-5.26,-6.01,0.04,0.02,0.00,328,343,369,388,345
5.71,-5.20,-5.87,0.06,-0.00,-0.07,328,343,368,388,345
5.66,-5.03,-6.00,0.08,-0.01,-0.03,329,343,368,389,345
5.72,-5.27,-5.81,0.05,0.01,-0.02,330,343,368,389,345
5.90,-5.16,-5.86,-0.00,-0.01,-0.06,331,343,368,389,345
5.90,-5.13,-6.19,0.00,-0.02,-0.08,331,343,369,389,345
5.60,-5.42,-6.08,0.00,-0.02,0.01,329,343,368,388,345
7.29,-5.75,-6.05,0.06,-0.02,-0.03,328,343,368,388,345
5.49,-5.86,-5.81,0.04,0.00,0.02,328,343,368,388,345
5.58,-5.30,-5.82,0.01,0.00,-0.00,328,343,369,388,345
5.46,-4.85,-5.92,0.03,0.03,0.03,331,343,368,388,345
5.46,-4.95,-5.91,-0.01,0.04,-0.01,332,343,368,389,345
5.85,-5.12,-6.10,-0.04,0.08,-0.01,331,343,368,389,345
5.85,-5.50,-6.13,-0.09,0.06,0.02,327,343,368,388,345
5.39,-5.37,-6.42,-0.01,0.03,-0.03,326,343,368,388,345
5.51,-5.23,-6.44,0.07,-0.00,-0.05,325,343,368,389,345
5.92,-5.33,-6.07,0.09,-0.03,0.04,325,343,368,388,345
5.78,-5.62,-5.67,0.04,-0.06,0.03,325,343,368,388,346
5.45,-5.24,-5.84,-0.05,-0.03,-0.01,325,343,368,388,346
5.25,-5.02,-5.72,-0.08,0.03,-0.01,326,343,368,388,345
5.28,-4.87,-5.99,-0.06,0.05,0.01,325,343,368,388,345
5.08,-5.51,-5.64,0.02,0.11,0.09,325,343,368,388,345
4.74,-5.40,-5.97,0.00,0.17,-0.02,325,343,368,388,345
5.86,-5.14,-6.58,0.02,0.18,-0.06,326,343,368,389,345
END
6.36,-5.28,-6.37,0.02,0.11,0.02,344,343,368,388,345
5.59,-5.38,-6.00,0.01,0.07,-0.01,342,343,368,389,345
5.60,-5.49,-6.22,-0.03,0.04,-0.04,340,343,368,388,345
5.69,-5.33,-6.15,-0.04,0.08,0.05,340,343,368,388,345
5.63,-5.02,-6.30,-0.01,0.03,-0.03,340,343,368,388,345
5.69,-5.23,-6.39,-0.01,0.05,0.05,340,343,368,389,345
5.76,-5.12,-6.21,-0.02,0.05,0.03,340,343,368,388,345
5.72,-4.90,-6.47,0.01,-0.01,-0.00,339,343,368,388,345
6.09,-5.13,-6.35,0.04,-0.10,-0.01,336,343,368,388,345
5.57,-5.12,-6.40,-0.00,-0.17,-0.00,329,343,368,389,345
5.21,-5.00,-6.45,-0.00,-0.23,-0.09,326,343,368,388,345
4.76,-5.00,-6.17,0.03,-0.20,-0.07,325,343,368,388,345
4.49,-5.04,-6.20,0.03,-0.12,-0.08,324,343,368,388,345
4.65,-5.20,-6.38,0.04,-0.04,-0.09,325,343,368,388,345
5.19,-5.13,-6.74,0.05,0.05,-0.04,324,343,368,388,345
5.57,-5.03,-6.68,0.06,0.06,-0.04,326,343,368,388,345
4.87,-5.09,-6.91,0.10,0.01,-0.15,324,343,368,388,345
6.88,-5.14,-6.98,0.13,-0.13,-0.56,324,343,368,388,345
6.18,-5.15,-6.82,0.02,-0.22,-0.31,324,343,368,389,345
5.67,-4.52,-6.90,-0.07,-0.27,-0.06,324,343,368,388,345
5.06,-4.42,-6.95,-0.03,-0.18,0.08,324,343,368,388,345
5.51,-4.52,-6.63,-0.05,-0.12,0.17,324,343,368,389,346
4.90,-4.59,-6.79,-0.07,-0.12,0.06,322,343,369,388,345
4.39,-4.34,-7.18,-0.03,-0.05,0.07,322,344,369,388,346
4.52,-4.49,-7.39,0.00,-0.01,0.07,321,344,369,389,346
5.12,-4.85,-7.21,-0.02,-0.01,0.10,321,345,369,389,346
4.29,-4.63,-7.64,0.06,0.01,0.03,320,345,369,389,346
4.82,-4.57,-6.94,0.03,0.00,-0.02,320,345,369,389,346
3.98,-4.52,-7.30,0.02,0.04,0.11,320,345,369,389,346
3.62,-4.74,-7.31,0.06,0.06,-0.03,321,345,369,389,347
3.50,-4.82,-7.34,0.07,0.11,-0.06,320,345,369,389,346
3.57,-5.36,-7.34,0.07,0.10,-0.11,320,345,369,389,347
4.36,-5.71,-7.09,0.09,0.09,-0.11,320,345,369,389,346
4.41,-5.53,-7.24,0.03,-0.04,-0.11,321,345,369,390,346
4.82,-5.08,-7.01,0.06,-0.11,-0.04,320,345,369,390,346
4.01,-5.07,-7.40,0.04,-0.15,-0.01,320,345,370,390,346
END
3.85,-5.40,-7.57,0.05,-0.03,-0.23,322,345,369,390,346
4.89,-4.02,-7.53,0.04,-0.04,-0.06,322,344,369,390,347
4.97,-4.16,-7.67,0.06,-0.07,-0.03,322,345,369,390,347
4.69,-4.22,-7.53,0.04,-0.06,-0.02,322,344,369,390,347
4.84,-4.19,-7.29,-0.00,-0.02,-0.01,322,345,369,390,347
5.05,-4.03,-7.49,-0.02,0.00,-0.01,323,345,370,390,347
4.96,-3.96,-7.70,-0.02,-0.00,0.02,322,345,369,390,347
4.85,-3.84,-7.68,0.02,-0.01,-0.01,323,345,370,390,347
4.41,-3.93,-7.67,0.03,0.01,-0.01,322,345,369,390,347
4.64,-3.82,-7.74,0.06,0.01,-0.05,322,345,369,390,347
4.91,-4.00,-7.57,0.05,0.01,-0.06,322,344,369,390,346
4.98,-4.16,-7.49,0.02,0.03,-0.01,322,344,369,390,346
4.82,-4.07,-7.53,0.03,0.02,-0.07,322,345,369,390,347
4.90,-4.04,-7.54,0.04,0.05,-0.05,322,345,369,390,347
5.23,-4.30,-7.27,0.05,0.05,-0.02,322,345,369,390,347
5.10,-4.20,-7.17,0.02,0.03,-0.03,322,344,369,390,346
5.18,-4.05,-7.23,-0.01,0.02,-0.03,322,345,369,390,347
5.15,-4.12,-7.80,0.01,0.01,-0.04,323,345,369,390,347
5.37,-4.14,-7.87,0.04,-0.04,0.03,323,345,369,390,347
5.10,-4.08,-7.74,0.06,-0.08,0.01,323,345,369,390,347
4.59,-3.98,-7.43,0.02,-0.09,-0.02,323,345,369,390,347
4.78,-3.87,-7.41,0.02,-0.06,-0.08,323,345,369,390,346
4.54,-4.10,-7.60,0.02,-0.03,-0.11,322,345,369,390,347
4.67,-4.08,-7.65,0.03,-0.01,-0.08,322,344,369,390,347
4.98,-4.04,-7.71,0.05,0.02,-0.06,323,345,369,390,347
5.17,-3.93,-7.20,0.03,0.03,-0.05,322,344,369,390,347
5.07,-3.82,-7.07,0.03,0.02,-0.06,323,344,369,390,347
4.90,-3.66,-7.42,0.04,0.03,-0.09,323,345,369,390,347
4.90,-3.73,-7.45,0.04,0.07,-0.06,323,345,369,390,347
5.30,-3.85,-7.52,0.05,0.07,-0.08,323,345,369,390,347
5.47,-4.05,-7.59,0.05,0.05,-0.08,323,344,369,390,347
5.59,-4.13,-7.35,0.05,0.02,-0.04,324,344,369,390,347
5.37,-4.06,-7.34,0.00,0.01,-0.02,324,344,369,390,347
5.05,-3.85,-7.47,-0.03,0.02,0.03,324,344,369,390,347
5.44,-3.90,-7.44,-0.01,0.03,-0.00,323,344,368,390,347
5.41,-3.97,-7.31,0.01,0.04,-0.00,323,344,369,390,347
END
5.13,-3.91,-7.16,0.03,0.05,-0.01,324,343,369,389,346
5.33,-3.56,-7.25,0.03,0.05,-0.03,324,344,369,390,346
5.41,-3.69,-7.49,0.07,0.05,-0.04,324,344,369,390,346
5.52,-4.23,-7.37,0.09,0.03,-0.05,324,344,369,389,346
5.26,-4.10,-7.46,0.07,0.00,-0.08,324,343,369,390,346
5.57,-3.77,-7.38,0.07,-0.04,-0.07,324,343,369,390,346
5.48,-3.75,-7.06,0.09,-0.06,-0.05,324,344,369,389,346
5.66,-3.78,-6.82,0.08,-0.06,-0.06,324,343,369,389,347
5.61,-4.03,-6.67,0.07,-0.02,-0.03,324,344,368,390,346
5.71,-4.09,-6.88,0.07,0.02,-0.06,324,343,368,389,346
5.53,-4.27,-7.26,0.06,0.05,0.01,324,344,368,389,346
5.03,-4.25,-7.22,0.06,0.04,-0.01,325,343,368,390,346
5.23,-4.17,-7.22,0.02,0.03,-0.00,326,343,369,390,346
5.45,-3.86,-7.03,0.01,0.03,0.02,326,343,369,389,347
5.79,-3.83,-6.83,0.03,0.01,-0.03,326,343,369,390,346
5.48,-4.01,-6.81,0.07,-0.01,-0.08,326,343,368,390,346
5.58,-4.41,-6.93,0.10,0.01,-0.09,326,343,369,389,346
5.29,-4.62,-6.97,0.09,0.01,-0.05,328,343,369,390,346
5.71,-4.69,-6.99,0.02,0.03,0.02,329,343,369,390,346
5.63,-4.39,-7.09,-0.01,-0.02,-0.03,329,343,369,390,346
5.42,-4.06,-7.13,0.00,-0.04,-0.01,329,343,369,389,346
5.49,-4.06,-6.81,0.04,-0.05,-0.03,328,343,369,389,346
5.25,-4.21,-6.67,0.03,-0.03,-0.04,329,343,369,389,346
5.15,-3.98,-6.91,0.03,0.00,-0.08,328,343,369,389,346
5.41,-4.17,-7.09,0.06,0.03,-0.06,328,343,369,390,346
5.74,-4.24,-7.13,0.06,0.02,-0.09,328,343,369,389,346
5.59,-4.32,-7.05,0.05,-0.01,-0.07,328,343,368,390,346
5.41,-4.40,-6.82,0.04,-0.02,-0.08,329,343,369,390,346
5.48,-4.40,-6.75,0.01,0.01,-0.04,330,343,368,389,346
5.85,-4.34,-6.59,-0.04,0.02,-0.00,331,343,368,389,346
5.69,-4.01,-6.75,-0.06,0.03,0.00,330,343,368,389,346
6.04,-3.73,-6.72,-0.03,0.06,0.00,329,343,368,389,346
5.84,-3.76,-6.73,-0.02,0.05,-0.00,329,343,368,389,346
5.81,-3.93,-6.93,-0.02,0.00,-0.01,329,343,368,389,346
5.58,-3.96,-7.37,-0.02,0.01,-0.06,329,343,369,390,346
5.94,-4.08,-7.24,-0.02,0.06,-0.01,329,343,369,390,346
END
5.89,-4.16,-7.22,-0.01,0.03,-0.00,329,343,368,390,346
5.64,-3.87,-7.07,0.05,-0.01,-0.06,329,343,368,390,346
5.84,-4.16,-6.84,0.06,-0.01,-0.02,329,343,368,389,346
5.54,-4.09,-6.93,0.03,-0.05,-0.04,329,343,368,389,346
5.38,-4.15,-6.78,0.03,-0.04,-0.03,329,343,368,390,346
5.27,-4.10,-6.82,0.04,-0.01,-0.04,329,343,368,389,346
5.48,-4.07,-6.81,0.05,0.02,-0.03,329,343,368,389,346
5.96,-4.21,-6.72,0.04,0.03,-0.03,329,343,368,389,346
5.99,-4.22,-6.69,0.02,-0.00,-0.03,329,343,368,390,346
5.54,-4.13,-6.76,0.01,-0.02,-0.04,329,343,368,389,346
5.53,-4.03,-6.89,0.01,-0.00,-0.04,329,343,368,389,346
5.91,-4.06,-6.94,0.01,0.01,-0.03,328,343,368,389,346
6.04,-4.17,-7.02,0.00,-0.01,-0.03,327,343,368,389,347
5.92,-4.06,-7.04,0.01,-0.04,-0.05,325,343,368,389,346
5.84,-4.13,-7.10,0.01,-0.05,-0.03,325,343,368,390,346
5.60,-4.01,-7.11,0.01,-0.05,-0.02,325,343,368,389,346
5.52,-3.91,-7.01,0.03,-0.04,-0.03,325,343,368,389,346
5.56,-3.78,-7.15,0.03,-0.03,-0.04,325,343,368,390,346
5.57,-3.96,-7.11,0.04,-0.03,-0.01,325,343,368,389,346
5.59,-3.98,-7.11,0.04,-0.03,-0.02,325,343,368,390,346
5.34,-4.01,-6.92,0.02,-0.03,-0.03,324,343,368,389,346
5.48,-4.02,-7.09,0.02,0.00,-0.03,325,343,368,389,346
5.33,-3.89,-7.24,0.03,0.00,-0.04,325,343,368,389,346
5.27,-3.91,-7.47,0.02,0.01,-0.05,325,343,368,390,346
5.71,-4.03,-7.33,0.01,0.02,-0.05,325,343,368,389,346
5.74,-3.94,-7.11,0.02,0.01,-0.03,325,343,368,389,346
5.59,-4.09,-7.03,0.02,-0.02,-0.03,325,343,368,389,346
5.50,-3.89,-7.03,0.01,-0.01,-0.01,325,343,368,389,347
5.33,-3.78,-7.13,0.00,0.01,-0.03,325,343,368,389,346
5.46,-3.68,-7.23,0.02,0.04,-0.04,326,343,368,389,347
5.36,-3.98,-6.93,0.04,0.04,-0.03,325,343,368,389,346
5.64,-3.89,-7.35,0.04,0.02,-0.06,326,343,368,389,346
5.87,-4.06,-7.28,0.02,0.01,-0.05,326,343,368,389,346
5.76,-4.19,-6.88,0.01,-0.04,-0.04,326,343,369,389,346
5.75,-4.11,-7.27,0.02,-0.06,-0.01,327,343,369,389,346
5.17,-3.96,-7.01,-0.01,-0.09,-0.01,328,343,368,389,346
END
4.59,-3.52,-7.31,0.01,-0.03,-0.09,327,343,369,389,346
5.33,-3.81,-7.06,0.04,0.02,-0.03,327,343,368,389,347
5.74,-3.67,-7.08,0.04,0.03,-0.05,327,343,369,389,346
5.91,-3.63,-7.08,0.05,0.00,-0.05,328,343,368,389,346
5.72,-3.80,-7.03,0.06,-0.02,-0.06,328,343,368,389,346
5.49,-3.89,-6.95,0.05,0.01,-0.06,330,343,368,389,346
5.89,-3.90,-6.94,0.02,0.01,-0.02,331,343,368,389,346
5.97,-3.91,-6.88,0.01,-0.00,-0.03,331,343,368,389,346
5.58,-3.83,-6.96,-0.01,-0.01,0.01,330,343,368,389,346
5.48,-3.84,-6.87,-0.00,0.00,-0.01,330,343,369,389,346
5.59,-3.68,-7.01,-0.00,0.02,-0.01,330,343,368,389,346
5.53,-3.38,-7.11,0.02,0.04,-0.02,330,344,368,389,346
5.90,-3.70,-7.09,0.03,0.03,-0.02,330,343,368,389,346
5.92,-3.85,-7.09,0.03,-0.02,-0.05,330,343,368,389,346
5.54,-3.78,-7.23,0.02,-0.02,-0.03,330,343,368,389,346
5.62,-3.69,-7.15,0.01,-0.02,-0.05,330,343,368,389,346
5.89,-3.68,-7.05,0.02,-0.01,-0.03,330,344,368,389,347
5.84,-3.56,-7.26,0.03,-0.03,-0.05,330,343,368,389,346
5.52,-3.54,-7.13,0.04,-0.00,-0.01,330,343,368,389,346
5.61,-3.80,-7.09,0.05,0.01,-0.04,330,343,368,389,346
5.81,-3.85,-7.16,0.05,-0.01,-0.06,330,344,368,389,346
5.81,-3.61,-7.14,0.05,-0.02,-0.05,329,343,368,389,346
5.70,-3.72,-7.16,0.05,-0.01,-0.06,328,343,368,389,346
5.68,-3.76,-6.96,0.04,-0.01,-0.05,329,343,368,389,346
5.58,-3.60,-7.10,0.04,-0.01,-0.05,329,344,368,389,346
5.76,-3.79,-6.95,0.04,0.02,-0.05,329,343,368,389,346
5.76,-3.90,-7.14,0.04,0.01,-0.06,329,343,368,389,346
5.82,-3.89,-6.91,0.06,0.01,-0.04,329,343,368,389,346
5.61,-4.03,-7.08,0.04,0.01,-0.01,330,343,368,389,346
5.79,-3.86,-6.91,0.02,0.03,-0.01,329,343,368,389,346
5.70,-3.57,-6.98,0.02,0.02,-0.02,330,343,368,389,346
5.81,-3.57,-7.11,0.04,0.01,-0.04,329,343,368,389,346
5.87,-3.65,-6.96,0.04,0.01,-0.05,330,343,368,389,346
5.74,-3.88,-6.94,0.06,0.02,-0.04,330,343,368,389,346
5.89,-3.92,-6.85,0.06,0.02,-0.05,330,343,368,389,346
6.02,-3.89,-6.70,0.05,0.02,-0.04,330,343,368,389,346
END
5.87,-3.98,-6.89,0.03,0.01,-0.04,329,343,368,389,346
5.93,-3.70,-7.00,0.07,-0.01,-0.05,329,343,368,389,346
5.79,-4.01,-6.77,0.07,-0.01,-0.02,329,343,368,389,346
5.79,-3.91,-7.14,0.05,-0.01,-0.04,329,343,368,389,346
5.93,-3.80,-6.94,0.04,-0.03,-0.05,329,343,368,389,346
5.61,-3.83,-6.87,0.04,-0.02,-0.03,329,343,368,389,346
5.90,-3.75,-6.84,0.06,0.00,0.00,329,343,369,389,346
5.73,-3.96,-6.55,0.04,-0.00,-0.04,329,343,368,389,346
5.77,-3.73,-6.77,0.02,-0.00,-0.03,329,343,368,389,346
5.79,-3.96,-6.91,0.01,0.00,-0.04,329,343,367,389,346
5.85,-3.80,-7.19,0.03,0.01,-0.03,329,343,368,389,346
5.77,-3.93,-6.88,0.04,0.03,0.00,329,343,368,389,346
5.92,-4.01,-6.96,0.02,0.02,0.02,329,343,368,389,346
5.58,-3.90,-6.81,0.01,0.01,-0.01,329,343,368,389,346
5.75,-3.70,-7.09,0.00,0.00,-0.02,329,343,368,389,346
5.69,-3.63,-7.02,0.03,0.00,-0.03,330,343,368,389,346
5.92,-3.57,-7.19,0.03,-0.01,-0.05,331,343,368,389,346
5.85,-3.78,-6.91,0.04,-0.01,-0.04,331,343,368,389,346
5.65,-3.97,-7.01,0.03,-0.01,-0.04,330,343,368,389,346
5.76,-3.91,-7.03,0.02,0.00,-0.02,329,343,368,389,346
5.87,-3.82,-6.80,0.04,-0.00,-0.05,329,343,368,389,346
5.81,-3.75,-7.06,0.04,-0.02,-0.06,329,343,368,389,346
5.74,-3.86,-6.82,0.05,-0.02,-0.06,329,343,368,389,346
5.71,-3.86,-6.85,0.03,-0.01,-0.05,330,343,368,389,346
5.72,-3.99,-6.81,0.04,0.01,-0.04,330,343,368,389,346
5.80,-3.77,-6.98,0.04,0.02,-0.04,331,343,368,389,346
5.83,-3.89,-6.97,0.04,0.03,-0.03,332,343,368,389,346
5.82,-4.07,-6.85,0.03,0.02,-0.01,332,343,368,389,346
5.78,-3.97,-6.98,0.02,0.01,-0.02,332,343,368,389,346
5.97,-3.85,-7.06,0.02,0.03,-0.00,334,343,368,389,346
5.94,-3.97,-6.81,0.04,0.04,0.05,338,343,368,389,346
5.55,-4.06,-7.01,0.03,0.04,0.04,340,343,368,389,346
5.56,-3.93,-6.96,-0.02,0.05,0.09,336,343,368,389,346
5.84,-3.65,-7.62,0.03,0.04,-0.01,332,343,368,389,346
6.07,-3.76,-7.06,0.08,0.04,-0.01,331,343,368,389,346
5.73,-4.17,-6.59,0.06,-0.01,-0.04,330,343,368,389,346
END
5.76,-4.10,-7.06,0.07,-0.06,-0.11,329,343,368,389,346
5.65,-4.36,-7.09,0.05,-0.02,-0.04,328,343,368,389,346
5.58,-4.25,-7.10,0.04,-0.03,-0.04,328,343,368,389,346
5.48,-4.14,-6.93,0.03,-0.01,-0.03,326,343,368,389,346
5.45,-4.09,-7.16,0.05,-0.01,-0.05,327,343,368,389,346
5.20,-4.19,-6.62,0.05,-0.00,-0.04,327,343,368,389,346
5.67,-4.35,-7.09,0.06,-0.00,-0.05,327,343,368,389,346
5.37,-4.34,-6.94,0.04,0.00,-0.04,327,343,368,389,346
5.59,-4.23,-6.93,0.03,-0.00,-0.04,327,343,368,389,346
5.44,-4.20,-6.98,0.05,0.00,-0.04,327,343,368,389,346
5.42,-4.24,-7.04,0.05,0.00,-0.03,327,343,368,389,346
5.48,-4.31,-7.00,0.04,-0.01,-0.04,327,343,368,389,346
5.39,-4.29,-6.70,0.03,0.00,-0.06,327,343,368,389,346
5.25,-4.24,-6.87,0.02,0.02,-0.03,326,343,368,389,346
5.68,-4.21,-7.02,0.05,0.03,-0.04,326,343,368,389,346
5.56,-4.16,-6.98,0.05,0.02,-0.06,326,343,368,389,346
5.85,-4.16,-6.98,0.06,0.02,-0.04,326,343,368,389,346
5.84,-4.34,-6.88,0.04,-0.01,-0.05,326,343,368,389,346
5.50,-4.36,-6.86,0.03,-0.02,-0.06,326,343,368,389,346
5.71,-4.46,-6.97,0.02,0.02,-0.04,326,343,368,389,346
5.49,-4.28,-6.88,0.01,0.03,-0.04,326,343,368,389,346
5.64,-4.33,-6.96,0.01,0.02,-0.02,326,343,368,389,346
5.58,-4.35,-6.88,0.04,-0.00,-0.03,326,343,368,389,346
5.32,-4.11,-6.91,0.02,-0.00,-0.01,326,343,368,389,346
5.46,-3.94,-6.70,0.02,0.04,-0.04,326,343,368,389,346
5.58,-4.00,-6.74,0.02,0.06,-0.03,326,343,369,389,346
5.71,-4.18,-6.81,0.03,0.06,-0.05,326,343,369,389,346
5.87,-4.23,-7.14,0.05,0.03,-0.09,326,344,369,389,346
5.97,-4.37,-7.09,0.06,0.01,-0.06,327,343,369,389,345
6.06,-4.37,-7.08,0.04,-0.03,-0.05,326,343,368,389,346
5.44,-4.21,-6.90,0.03,-0.03,-0.04,327,344,369,389,346
5.69,-4.19,-6.78,0.03,0.01,-0.03,326,344,369,390,346
5.84,-4.21,-6.52,0.02,0.02,-0.03,326,344,369,389,346
6.11,-4.06,-6.75,0.02,0.01,-0.06,326,343,369,389,346
5.66,-4.07,-6.80,0.05,0.00,-0.11,326,344,369,390,346
5.64,-4.15,-6.83,0.06,0.01,-0.07,325,343,368,390,346
END
5.69,-4.13,-6.72,0.05,0.02,-0.07,325,344,368,389,346
5.76,-4.21,-6.69,0.04,-0.01,-0.02,325,344,368,389,346
5.81,-4.20,-6.64,0.04,-0.00,-0.03,325,344,368,390,346
5.59,-4.05,-6.93,0.04,0.00,-0.05,325,344,368,390,346
5.86,-4.01,-6.81,0.03,0.01,-0.03,325,344,368,390,346
5.92,-4.08,-6.89,0.05,-0.01,-0.06,325,344,368,390,346
5.66,-4.28,-6.77,0.05,-0.00,-0.03,325,344,368,390,346
5.89,-4.21,-6.63,0.04,0.00,-0.04,326,344,368,389,346
5.89,-4.14,-6.73,0.03,-0.01,-0.04,325,344,368,389,346
5.75,-4.11,-6.76,0.04,-0.01,-0.03,326,344,368,389,346
5.68,-4.16,-6.68,0.02,-0.01,-0.02,326,344,368,389,346
5.76,-4.06,-6.91,0.03,0.00,-0.02,325,344,368,389,346
5.86,-4.15,-6.80,0.04,0.01,-0.03,325,344,368,389,347
5.63,-4.15,-6.88,0.04,0.01,-0.03,325,344,368,389,346
5.69,-4.14,-6.87,0.04,0.01,-0.03,325,344,368,390,347
5.90,-4.10,-6.84,0.05,-0.01,-0.05,326,344,368,390,347
5.89,-4.04,-7.04,0.08,-0.00,-0.04,325,345,370,390,347
5.80,-4.14,-6.75,0.06,-0.01,-0.02,325,346,372,391,346
5.64,-4.29,-6.69,0.04,-0.00,-0.02,325,346,373,392,347
5.75,-4.24,-6.73,0.02,-0.01,-0.04,325,345,373,392,347
5.86,-4.24,-6.85,0.02,-0.03,-0.04,324,345,372,392,347
5.82,-4.03,-7.07,0.09,0.01,-0.04,325,346,373,393,347
5.80,-4.32,-6.53,0.08,-0.01,-0.05,324,347,375,393,347
5.62,-4.29,-6.78,0.06,-0.01,-0.05,324,347,374,393,347
5.72,-4.24,-6.60,0.06,-0.00,-0.05,324,347,374,393,347
5.98,-4.37,-6.78,0.03,-0.00,-0.03,324,347,372,394,347
5.75,-4.36,-6.77,0.04,-0.01,-0.04,324,347,374,394,348
5.80,-4.42,-6.64,0.05,-0.01,-0.05,323,347,374,394,348
5.64,-4.41,-6.68,-0.01,-0.01,-0.00,323,347,374,394,348
5.73,-4.24,-6.69,0.01,-0.01,-0.02,323,347,374,394,348
5.76,-4.22,-6.74,0.02,0.00,-0.02,323,346,374,393,348
5.67,-4.22,-6.70,0.02,0.01,-0.02,322,346,373,393,348
5.75,-4.31,-6.97,0.05,0.03,-0.05,322,346,373,393,348
5.75,-4.33,-6.76,0.04,0.03,-0.04,323,346,373,394,348
5.91,-4.40,-6.65,0.05,0.00,-0.03,323,346,373,394,348
5.99,-4.39,-7.16,0.04,-0.03,-0.05,323,347,373,393,348
END
5.53,-4.34,-6.78,0.04,-0.02,-0.04,325,346,372,393,348
5.79,-4.16,-6.69,0.01,0.02,-0.03,325,346,372,393,348
5.93,-4.18,-6.68,0.00,0.00,-0.02,325,346,372,393,348
5.81,-4.18,-6.83,0.02,-0.00,-0.05,325,346,372,393,348
5.69,-3.96,-6.86,0.03,0.01,-0.03,324,346,372,393,348
5.92,-3.99,-6.83,0.04,0.00,-0.06,325,346,372,393,348
6.09,-4.14,-6.85,0.05,-0.00,-0.04,325,346,372,393,348
6.09,-4.26,-6.60,0.04,-0.01,-0.05,325,346,372,393,348
5.94,-4.26,-6.61,0.03,-0.02,-0.04,325,346,372,393,348
6.00,-4.15,-6.67,0.02,-0.01,-0.03,325,346,372,393,347
5.81,-4.06,-6.70,0.01,0.01,-0.02,324,346,372,393,348
5.51,-3.85,-6.69,0.03,0.04,-0.04,325,346,372,393,348
6.03,-4.09,-6.54,0.05,0.06,-0.03,325,346,372,393,348
6.25,-4.24,-6.89,0.04,0.02,-0.05,325,346,372,393,348
6.02,-4.22,-7.10,0.02,-0.03,-0.03,325,346,372,393,348
5.79,-4.29,-6.75,0.01,-0.02,-0.02,325,346,372,393,348
5.84,-3.95,-6.63,0.01,0.00,-0.02,325,344,372,393,348
5.98,-3.88,-6.67,0.04,0.02,-0.03,325,345,372,393,348
5.99,-4.11,-6.73,0.05,0.00,-0.06,325,346,372,393,348
6.04,-4.25,-6.60,0.06,-0.01,-0.04,326,346,372,393,348
6.06,-4.18,-6.78,0.04,-0.02,-0.05,325,346,372,392,348
5.81,-4.18,-6.70,0.04,-0.02,-0.04,325,345,372,392,348
5.95,-4.20,-6.59,0.03,-0.01,-0.02,325,346,372,393,348
5.76,-4.14,-6.69,0.04,-0.01,-0.04,325,346,372,393,348
5.74,-4.04,-6.75,0.05,0.01,-0.03,325,346,372,393,348
5.82,-4.13,-6.53,0.07,0.01,-0.05,325,346,372,393,348
6.00,-4.16,-6.68,0.06,0.00,-0.05,325,345,372,392,348
6.04,-4.29,-6.58,0.05,-0.02,-0.05,325,345,372,392,348
6.00,-4.52,-6.62,-0.01,-0.01,-0.00,325,345,371,392,348
5.69,-4.39,-6.53,-0.01,-0.00,-0.00,325,346,372,392,348
5.86,-4.06,-6.68,-0.01,-0.01,-0.03,324,346,372,392,348
5.80,-3.85,-6.80,0.03,-0.02,-0.04,324,345,372,392,348
5.96,-3.87,-6.74,0.05,-0.01,-0.05,324,345,372,392,348
5.97,-4.32,-6.64,0.04,-0.01,-0.03,324,345,372,392,348
5.89,-4.34,-6.54,0.05,-0.00,-0.04,324,345,372,392,348
5.85,-4.26,-6.56,0.04,0.00,-0.03,324,345,372,392,348
END