2.30,-8.51,-4.04,0.05,-0.02,-0.05,511,467,442,336,393
5.62,-6.93,-3.54,0.11,0.02,-0.07,510,467,442,336,393
5.96,-7.06,-3.15,0.15,0.08,-0.11,510,467,442,337,393
6.42,-7.08,-2.96,0.14,0.05,-0.13,510,467,442,337,394
6.24,-7.08,-2.63,0.08,0.05,-0.05,510,468,443,336,394
6.38,-6.52,-3.29,0.02,0.04,-0.14,509,468,443,336,395
6.45,-6.25,-3.02,0.12,0.10,-0.11,509,469,443,337,396
7.09,-6.22,-2.60,0.08,0.01,-0.14,510,469,443,338,397
6.53,-6.15,-2.99,0.14,0.02,0.00,510,470,444,338,398
6.17,-6.07,-2.96,0.28,0.05,-0.09,510,470,444,338,398
6.51,-5.38,-2.39,0.49,0.18,-0.06,510,470,444,338,399
6.19,-3.91,-2.82,0.84,0.22,-0.03,511,470,444,338,400
8.97,-4.24,0.45,1.56,-0.07,-0.17,510,469,444,337,401
5.37,-5.09,1.46,1.76,0.35,0.39,510,469,444,337,401
5.81,-6.09,2.85,1.35,-0.11,0.01,509,469,444,337,401
6.70,-5.71,3.96,1.23,-0.00,0.01,509,469,445,337,400
5.48,-5.06,2.58,1.29,0.07,-0.11,509,469,445,337,402
7.52,-4.16,7.11,1.61,0.20,0.13,508,468,445,337,401
7.19,-4.76,7.87,1.15,0.07,0.23,509,468,445,338,403
5.94,-4.43,8.73,0.84,0.13,0.17,509,468,446,339,402
5.35,-4.20,8.54,0.27,0.03,0.20,508,468,445,339,401
5.39,-3.83,7.21,0.23,0.05,0.10,508,468,445,340,400
5.13,-3.79,7.79,0.18,0.21,0.30,508,467,445,340,400
5.48,-3.82,7.52,0.09,-0.01,0.08,507,467,445,339,399
5.43,-3.83,7.42,-0.04,0.02,0.19,507,468,444,339,399
5.14,-3.93,6.78,-0.20,0.15,0.33,507,468,443,340,399
5.49,-4.40,7.47,-0.21,-0.02,0.21,507,468,442,339,399
6.38,-5.06,8.14,-0.72,-0.27,0.34,507,467,441,338,398
6.01,-6.19,7.21,-1.23,-0.51,0.76,507,466,440,339,397
5.80,-7.51,5.42,-1.19,-0.29,0.76,508,465,439,337,396
3.33,-7.83,4.08,-1.65,-0.42,1.07,509,465,440,337,393
1.18,-8.48,1.34,-1.37,-0.54,0.25,510,465,440,338,392
3.14,-8.51,-0.19,-1.59,-1.22,-0.08,509,465,441,338,391
2.57,-7.65,-1.19,-0.83,-0.90,-0.06,509,465,440,338,390
1.65,-6.83,-3.24,-0.50,-0.53,0.31,509,465,440,337,390
0.45,-6.77,-3.66,-0.20,-0.15,0.18,509,465,440,337,390
END
0.35,-7.14,-3.96,-0.10,-0.21,-0.05,501,461,436,336,386
5.32,-7.70,-2.35,0.05,-0.08,-0.06,500,460,436,337,386
5.36,-7.83,-2.15,0.04,-0.06,-0.02,500,461,436,337,387
5.21,-7.91,-2.26,0.05,-0.11,-0.04,500,461,436,337,388
5.20,-7.79,-2.50,0.00,-0.11,-0.02,500,461,436,337,388
5.15,-7.75,-2.42,-0.06,-0.16,-0.05,500,460,437,337,388
5.38,-7.65,-2.68,-0.06,-0.16,-0.05,500,460,437,337,389
4.90,-6.78,-3.30,0.09,-0.11,-0.08,500,461,438,338,394
4.81,-5.69,-3.27,0.45,0.04,0.01,502,462,440,338,403
5.42,-5.23,-2.34,0.86,0.06,0.00,502,462,440,338,405
4.90,-5.83,-1.16,0.93,-0.05,0.11,502,462,440,337,405
4.48,-6.59,-0.28,1.13,0.01,0.11,502,462,440,338,406
3.64,-5.66,-0.04,1.47,0.21,-0.18,508,461,442,337,407
3.92,-6.18,3.25,1.58,0.38,-0.15,511,457,442,337,409
5.39,-6.05,6.27,1.69,0.46,0.03,510,455,442,337,410
4.95,-6.45,8.19,1.22,-0.01,0.07,508,453,442,337,410
4.64,-6.54,8.62,1.02,0.15,0.37,507,453,441,337,410
3.99,-5.97,8.71,0.66,-0.18,0.13,507,452,441,337,410
4.28,-5.38,7.74,0.52,-0.10,0.27,506,453,441,337,410
3.79,-5.55,7.43,0.17,-0.21,0.29,506,453,441,337,409
2.94,-5.41,7.63,0.26,-0.04,0.25,506,453,441,337,409
4.14,-4.74,7.55,0.16,-0.02,0.17,505,453,441,337,408
3.38,-4.59,7.63,0.09,-0.07,0.17,505,452,440,336,408
3.57,-4.72,7.45,0.04,-0.02,0.21,504,452,440,337,408
3.63,-4.95,7.40,-0.01,-0.09,0.13,504,452,440,337,408
3.32,-4.94,7.06,-0.02,-0.07,0.08,504,452,440,336,408
3.74,-4.98,7.08,-0.06,-0.05,0.09,504,452,440,337,408
4.59,-5.33,7.37,-0.12,-0.17,0.02,504,452,440,337,408
4.81,-5.81,7.65,-0.26,-0.32,0.07,504,453,440,337,408
6.28,-6.53,7.73,-0.40,-0.59,0.16,504,454,440,337,407
6.07,-7.08,7.34,-0.49,-0.81,0.19,504,454,440,336,406
5.18,-7.06,5.02,-0.92,-0.68,0.43,504,454,439,336,405
4.71,-7.16,3.73,-1.22,-0.85,0.49,503,454,439,336,405
3.63,-7.23,1.25,-1.06,-0.75,0.75,504,453,438,336,404
3.24,-7.69,0.82,-0.79,-0.91,0.33,504,454,438,336,403
2.73,-8.26,-0.27,-0.34,-0.62,0.20,505,455,438,336,403
END
3.07,-8.36,-0.59,-0.50,-0.77,0.35,499,457,438,337,395
6.03,-7.87,-0.55,0.03,-0.01,-0.02,499,457,438,337,395
5.86,-7.85,-0.87,-0.04,-0.04,0.06,499,457,438,338,395
5.80,-7.80,-0.98,-0.09,-0.08,0.05,498,457,437,337,395
5.32,-7.50,-1.23,-0.20,-0.19,0.06,498,457,437,337,395
5.51,-7.50,-1.82,-0.12,-0.14,0.07,498,457,437,338,395
5.00,-7.05,-1.71,0.11,-0.02,-0.01,498,456,437,337,396
4.85,-6.51,-1.85,0.25,0.08,0.03,498,456,437,337,397
3.89,-5.25,-2.46,0.53,0.23,0.04,498,456,437,337,397
4.55,-5.74,-0.97,0.63,0.16,0.11,498,456,437,337,397
4.79,-6.33,0.94,1.13,0.33,0.18,498,457,437,337,396
4.85,-6.56,1.68,0.92,0.13,0.07,499,457,437,337,397
4.60,-6.75,3.39,1.27,0.16,0.33,499,457,437,337,397
5.19,-6.80,5.10,0.99,-0.15,0.23,500,456,437,337,399
4.04,-6.99,5.50,1.10,-0.10,0.53,501,456,437,337,399
4.18,-6.46,5.65,1.05,-0.27,0.17,501,456,438,337,400
2.73,-6.68,8.01,1.04,-0.16,0.34,501,456,438,337,400
4.20,-6.48,8.39,0.81,-0.01,0.36,501,456,437,337,400
3.10,-6.09,8.39,0.57,-0.16,0.20,501,458,437,337,399
3.41,-6.22,8.35,0.29,-0.11,0.29,500,457,437,337,399
2.86,-6.28,8.10,0.07,-0.22,0.15,500,456,437,337,399
2.97,-5.91,7.49,0.01,-0.14,0.15,500,457,437,337,398
2.50,-5.93,7.25,-0.09,-0.14,0.09,500,457,437,337,398
3.27,-5.74,7.19,-0.17,-0.08,0.07,500,457,437,337,398
3.59,-5.73,6.76,-0.23,-0.09,0.17,500,457,437,337,398
3.86,-5.91,6.40,-0.24,-0.10,0.21,500,457,437,337,398
3.83,-6.45,6.43,-0.22,-0.18,0.21,500,456,437,337,398
4.34,-7.76,7.18,-0.37,-0.27,0.34,500,457,437,337,398
4.86,-8.76,7.08,-0.56,-0.42,0.38,499,457,437,336,398
3.76,-8.92,5.76,-0.84,-0.53,0.39,499,456,436,337,398
3.03,-8.72,4.68,-1.11,-0.70,0.27,500,457,436,336,397
1.82,-7.22,1.49,-1.11,-0.68,0.19,500,456,436,337,397
1.99,-7.28,0.88,-0.89,-0.77,0.14,500,456,436,336,397
1.21,-7.05,-0.58,-0.79,-0.74,0.16,501,457,436,336,397
1.83,-7.76,-0.89,-0.47,-0.60,0.11,501,458,436,336,396
1.10,-7.31,-2.22,-0.37,-0.41,0.09,501,458,437,336,397
END
0.88,-7.29,-2.72,-0.16,-0.27,0.05,490,454,434,337,395
5.50,-7.67,-0.99,0.09,-0.12,-0.04,490,454,434,337,395
5.23,-7.78,-1.27,0.12,-0.10,-0.03,490,454,434,336,395
5.48,-7.98,-1.00,0.14,-0.10,-0.04,490,454,434,337,395
5.44,-8.10,-0.75,0.08,-0.11,-0.01,490,453,434,337,395
5.30,-7.51,-1.11,0.06,-0.11,-0.03,490,454,434,337,395
5.33,-6.65,-1.57,0.16,-0.09,-0.01,490,453,434,337,396
5.79,-5.78,-1.46,0.41,-0.06,0.05,491,453,435,337,397
5.86,-5.21,-1.06,0.81,-0.20,-0.02,491,453,435,337,397
5.54,-5.61,0.68,0.91,-0.26,0.13,491,455,435,337,396
4.80,-7.20,0.92,1.01,-0.27,0.14,491,455,435,336,395
5.64,-7.01,2.10,1.00,-0.24,0.03,491,456,435,336,395
3.91,-6.69,2.44,1.03,-0.17,0.02,491,455,435,336,395
5.16,-6.51,4.23,1.20,-0.10,0.18,490,455,435,337,394
4.37,-6.12,5.31,1.22,-0.01,0.20,491,456,435,336,395
4.54,-6.61,6.77,1.00,-0.06,0.43,490,455,435,336,394
4.76,-7.26,8.10,0.79,-0.11,0.42,490,455,435,336,394
3.59,-7.37,7.86,0.56,-0.14,0.40,490,455,435,336,394
3.51,-7.73,8.39,0.31,-0.14,0.27,490,455,435,336,394
3.01,-7.09,7.03,0.02,-0.15,0.15,490,455,435,336,394
3.24,-6.55,6.30,-0.04,-0.11,0.14,490,455,435,336,394
3.29,-6.30,6.31,-0.10,-0.09,0.14,489,455,435,336,394
3.31,-6.07,5.95,-0.07,-0.04,0.13,489,454,435,336,394
4.14,-6.60,6.62,-0.20,-0.01,0.25,489,454,435,336,394
4.52,-7.43,6.96,-0.30,-0.03,0.39,489,454,434,336,394
3.91,-8.08,6.06,-0.44,-0.18,0.33,489,454,434,336,394
3.38,-8.59,5.30,-0.48,-0.30,0.24,489,454,434,336,394
3.52,-8.69,4.73,-0.60,-0.38,0.24,489,455,434,336,394
2.76,-8.91,4.01,-0.71,-0.46,0.22,490,454,434,336,394
2.73,-8.54,2.73,-0.76,-0.58,0.19,489,454,434,336,394
2.26,-8.37,1.22,-0.80,-0.56,0.22,490,455,434,336,394
1.85,-7.99,0.11,-0.70,-0.55,0.16,489,456,434,336,393
1.30,-8.03,-0.61,-0.52,-0.53,0.09,489,455,434,336,393
1.00,-7.95,-1.06,-0.46,-0.46,0.04,489,455,434,337,393
0.78,-7.80,-1.90,-0.35,-0.32,-0.00,489,455,434,337,394
1.03,-7.79,-2.57,-0.26,-0.26,-0.10,489,455,434,337,393
END
0.73,-7.99,-2.65,-0.06,-0.11,-0.11,487,453,433,337,392
4.31,-8.35,-1.37,0.03,-0.07,0.05,487,453,433,338,391
3.58,-8.28,-1.84,0.02,-0.06,-0.01,487,453,433,337,392
4.27,-8.56,-1.39,0.07,-0.09,-0.07,487,453,433,338,392
4.04,-8.38,-2.02,0.04,-0.09,-0.06,487,453,433,337,392
4.13,-8.30,-1.77,0.09,-0.05,-0.02,487,453,433,337,392
5.33,-7.12,-1.80,0.10,-0.10,0.03,487,453,433,337,393
5.61,-6.63,-1.95,0.38,-0.23,0.17,487,453,433,338,394
4.47,-6.93,-1.18,0.62,-0.48,0.02,488,453,433,338,394
4.61,-7.31,-0.67,0.65,-0.56,-0.09,488,453,433,338,393
3.11,-8.04,-0.13,0.74,-0.48,0.01,488,453,433,337,393
4.70,-7.87,0.63,0.81,-0.43,-0.04,488,452,433,337,393
3.56,-7.72,0.95,0.89,-0.38,0.04,488,452,433,337,393
3.35,-8.33,2.26,1.00,-0.26,0.26,487,453,433,338,393
3.45,-8.80,2.98,0.81,-0.36,0.12,487,452,433,337,393
2.38,-8.34,3.27,0.82,-0.26,0.25,487,453,433,337,393
2.81,-7.89,3.56,0.67,-0.29,0.16,487,452,433,337,393
2.40,-8.44,5.99,0.80,-0.08,0.38,487,453,433,337,393
2.33,-8.59,5.84,0.53,-0.14,0.17,487,453,433,337,393
1.94,-8.69,6.86,0.39,-0.09,0.19,487,453,433,337,393
2.16,-8.58,6.14,0.13,-0.10,0.04,487,452,433,337,393
2.22,-7.99,5.71,0.05,-0.08,0.04,487,452,433,338,393
2.38,-7.53,4.95,0.00,-0.08,-0.01,487,452,433,337,393
2.15,-7.37,4.93,-0.02,-0.04,0.04,487,452,433,337,393
3.09,-7.65,5.36,-0.04,-0.07,0.02,487,452,433,337,393
2.73,-7.59,5.15,-0.03,-0.10,0.05,487,452,433,337,393
3.17,-8.03,5.46,-0.10,-0.14,0.06,487,452,433,337,393
3.19,-8.20,5.15,-0.14,-0.21,0.01,487,452,433,337,393
2.90,-8.62,5.01,-0.26,-0.24,0.06,487,452,433,338,393
3.37,-8.69,4.59,-0.36,-0.31,0.05,487,452,433,337,393
3.46,-8.69,4.15,-0.50,-0.42,0.08,487,452,433,337,393
2.97,-8.50,3.01,-0.56,-0.50,0.18,487,451,433,337,393
2.81,-8.56,1.93,-0.40,-0.48,0.08,487,452,433,337,393
2.48,-8.20,1.46,-0.01,-0.31,0.06,487,452,433,338,393
2.14,-8.74,1.97,-0.41,-0.49,0.14,487,452,433,338,393
1.47,-8.64,0.93,-0.44,-0.44,0.12,487,452,433,338,393
END
1.68,-8.83,0.42,-0.43,-0.38,0.02,485,452,433,338,392
5.21,-8.03,-0.35,0.07,-0.07,0.01,485,452,433,338,391
5.10,-7.98,-0.51,0.03,-0.07,-0.02,485,452,433,338,392
5.62,-7.97,-0.49,0.08,-0.07,-0.06,485,452,433,338,392
5.33,-7.86,-0.80,0.04,-0.10,-0.08,485,452,433,338,392
5.28,-7.75,-1.02,0.05,-0.10,-0.04,485,451,432,337,391
5.22,-7.32,-1.00,0.09,-0.13,-0.05,485,452,433,338,391
5.53,-6.29,-1.20,0.19,-0.13,0.04,486,451,433,338,392
4.87,-6.30,-0.50,0.44,-0.26,-0.04,486,451,432,338,392
6.14,-6.57,-0.45,0.56,-0.33,-0.18,485,451,432,338,392
4.37,-7.42,-0.06,0.60,-0.14,0.09,486,451,433,338,392
6.01,-7.22,0.78,0.61,-0.11,0.08,486,451,433,338,392
5.16,-6.73,0.72,0.83,-0.11,0.16,486,451,433,338,392
5.32,-6.78,2.28,1.15,-0.06,0.27,486,451,433,338,392
4.09,-7.31,3.63,1.19,-0.10,0.19,486,452,433,337,393
3.43,-7.18,4.80,1.09,-0.11,0.35,486,451,433,337,394
4.37,-7.30,5.38,0.77,-0.18,0.20,486,451,433,337,393
3.88,-7.47,6.74,0.73,-0.15,0.37,486,451,432,337,393
3.68,-8.28,7.32,0.53,-0.17,0.26,486,451,433,337,393
3.14,-8.18,7.00,0.27,-0.19,0.18,486,451,433,337,393
3.12,-7.57,6.17,0.09,-0.17,0.11,486,451,433,337,393
2.79,-7.09,5.46,0.04,-0.14,0.09,486,451,433,337,393
2.81,-6.74,5.56,-0.02,-0.09,0.06,486,452,433,337,393
3.32,-6.95,5.64,-0.03,-0.13,-0.01,486,451,433,337,393
3.91,-7.25,5.69,-0.12,-0.12,0.05,487,451,433,337,393
4.49,-7.65,5.89,-0.19,-0.17,0.09,487,451,433,337,393
4.80,-7.86,5.59,-0.29,-0.26,0.14,487,451,433,337,393
4.34,-7.95,4.80,-0.39,-0.32,0.16,487,451,432,337,392
4.97,-8.08,4.34,-0.25,-0.21,0.30,487,451,433,337,393
3.26,-8.18,4.39,-0.47,-0.35,0.24,487,451,433,337,393
3.53,-8.46,3.78,-0.59,-0.45,0.31,487,451,432,337,393
2.56,-8.50,2.86,-0.69,-0.48,0.31,488,451,432,338,393
2.46,-8.30,1.62,-0.70,-0.53,0.13,488,451,432,337,393
1.85,-7.94,-0.13,-0.69,-0.46,-0.01,489,451,433,337,393
2.10,-8.35,-0.55,-0.75,-0.67,-0.20,490,450,434,338,393
2.43,-8.05,-1.86,-0.55,-0.47,-0.09,490,450,434,338,393
END
2.20,-7.47,-3.01,-0.31,-0.33,-0.11,487,451,433,339,392
3.75,-9.20,-0.33,0.03,-0.11,-0.00,487,451,433,339,391
3.27,-8.89,-0.74,-0.02,-0.16,-0.03,487,452,433,339,391
3.24,-8.90,-0.83,-0.03,-0.14,-0.05,487,452,433,339,391
3.01,-8.66,-0.98,-0.01,-0.10,-0.07,487,452,433,339,391
3.14,-8.33,-1.14,0.01,-0.08,-0.07,487,451,433,339,390
3.50,-8.06,-1.21,0.07,-0.06,-0.06,487,451,433,339,391
4.38,-7.89,-0.85,0.17,-0.13,-0.06,488,452,433,339,392
5.09,-6.76,-1.02,0.32,-0.27,-0.03,488,451,433,339,392
4.30,-6.82,-0.48,0.57,-0.40,0.04,488,451,433,339,392
3.59,-8.25,0.58,0.64,-0.21,0.17,488,451,433,339,392
3.52,-7.99,0.17,0.85,-0.22,0.03,488,451,433,338,392
2.61,-7.48,0.80,0.83,-0.29,0.04,488,451,433,338,392
1.79,-7.06,1.22,0.97,-0.17,0.03,488,451,433,338,392
2.32,-7.56,3.70,0.98,-0.09,0.15,488,451,433,338,392
2.91,-7.39,4.81,1.02,-0.10,0.22,488,451,433,338,392
2.73,-7.97,6.88,1.08,-0.18,0.28,487,451,433,338,392
2.81,-8.73,8.55,0.76,-0.15,0.36,487,451,433,338,392
2.15,-8.10,7.54,0.40,-0.23,0.19,489,451,433,338,392
1.82,-7.90,7.36,0.28,-0.17,0.17,491,451,433,338,392
1.71,-7.13,6.66,0.12,-0.18,0.03,491,451,433,338,392
1.95,-6.68,6.73,0.16,-0.10,0.03,491,452,433,337,392
1.97,-6.61,6.56,-0.06,-0.09,0.11,490,452,433,337,392
2.23,-6.65,6.63,0.02,-0.04,0.10,490,452,433,337,392
1.57,-6.45,6.11,-0.05,-0.01,0.09,489,452,433,337,392
1.97,-6.42,6.11,0.02,-0.02,-0.01,489,452,433,337,392
2.13,-6.58,6.29,0.01,-0.02,-0.02,489,452,433,337,392
2.63,-6.95,6.83,0.01,-0.01,0.01,489,452,433,337,392
3.47,-8.08,7.50,-0.11,-0.12,0.03,489,451,433,337,392
3.57,-8.69,7.21,-0.31,-0.27,0.03,489,452,433,337,392
4.06,-9.32,7.13,-0.51,-0.38,0.14,489,452,433,337,392
3.51,-8.66,5.76,-0.76,-0.60,0.15,489,452,433,337,392
2.25,-7.64,4.08,-0.82,-0.63,0.17,489,452,433,337,392
1.40,-7.10,2.27,-0.75,-0.63,0.15,489,452,433,337,392
1.46,-7.03,0.85,-0.56,-0.59,0.05,489,452,433,337,392
1.96,-7.78,1.00,-0.23,-0.42,0.13,488,453,432,337,392
END
1.77,-8.10,0.45,-0.46,-0.43,0.04,485,449,432,338,393
4.13,-8.39,-0.23,0.13,-0.04,-0.02,484,449,432,338,392
4.37,-8.59,-0.47,0.12,-0.09,-0.02,484,449,431,338,392
3.93,-8.38,-0.72,0.13,-0.12,-0.05,485,449,432,338,392
3.95,-8.64,-0.25,0.16,-0.13,-0.04,485,449,431,338,392
3.83,-8.36,-0.66,0.18,-0.11,-0.06,484,449,431,338,392
4.36,-7.50,-0.56,0.23,-0.12,-0.05,485,449,431,338,392
4.04,-7.27,-0.51,0.36,-0.16,-0.01,485,449,432,338,392
3.61,-7.97,0.78,0.62,-0.11,0.03,485,449,432,337,392
4.28,-8.15,0.78,0.53,-0.14,0.01,485,449,432,338,392
3.93,-7.56,1.27,0.56,-0.08,0.03,485,449,431,337,392
3.92,-7.26,1.46,0.72,-0.07,0.05,485,449,432,337,393
3.75,-6.86,2.73,0.73,-0.22,-0.01,489,445,432,337,397
3.90,-7.75,4.03,0.89,-0.21,0.08,494,441,433,337,399
2.86,-7.85,4.42,0.90,-0.08,0.05,495,441,433,337,399
3.45,-7.35,5.83,0.80,0.02,0.13,495,441,433,337,399
3.73,-7.65,6.47,0.59,-0.02,0.12,493,441,433,337,399
4.09,-7.41,6.94,0.48,-0.07,0.06,492,441,433,337,398
4.04,-7.17,6.40,0.36,-0.14,0.06,492,441,433,337,398
3.52,-7.05,6.29,0.24,-0.18,0.14,491,442,433,337,398
3.23,-7.10,6.45,0.16,-0.18,0.13,490,441,433,337,397
2.85,-6.91,6.04,0.10,-0.14,0.07,490,442,432,337,397
3.01,-6.42,5.96,0.07,-0.09,0.02,490,441,432,337,397
2.94,-6.33,6.11,0.05,-0.01,0.03,490,442,432,337,397
3.03,-6.23,6.12,0.04,0.00,-0.01,490,442,432,337,397
3.15,-6.09,6.17,0.04,0.01,-0.02,490,442,432,337,397
3.56,-6.28,6.25,0.04,0.02,0.01,490,442,432,337,397
3.79,-6.38,6.22,0.00,-0.03,-0.02,489,442,432,337,397
3.40,-6.45,5.99,-0.04,-0.02,0.03,489,442,432,337,397
4.14,-6.82,6.31,-0.04,-0.07,-0.00,489,443,432,337,397
4.68,-7.34,6.54,-0.13,-0.15,0.09,489,443,432,337,396
6.20,-8.35,7.39,-0.32,-0.34,0.27,489,444,432,337,396
5.26,-8.62,6.06,-0.55,-0.58,0.38,489,445,432,337,396
4.63,-8.73,5.53,-0.76,-0.70,0.47,489,445,432,337,396
1.75,-7.65,2.62,-0.90,-0.62,0.41,488,445,432,337,396
1.59,-7.04,1.51,-0.72,-0.71,0.08,488,444,432,337,396
END
1.61,-7.20,0.52,-0.63,-0.55,0.21,485,445,432,338,393
4.04,-8.77,0.04,0.06,-0.08,-0.03,485,445,432,338,393
4.16,-8.45,-0.15,0.06,-0.07,-0.03,485,445,432,338,393
4.02,-8.40,-0.14,0.02,-0.11,-0.02,485,445,432,338,393
4.08,-8.42,-0.20,0.05,-0.11,-0.04,485,445,431,338,393
3.75,-8.40,-0.06,0.06,-0.09,-0.03,485,445,431,338,393
4.34,-8.26,-0.09,0.08,-0.10,-0.07,485,445,431,337,393
5.14,-6.75,-0.50,0.20,-0.18,-0.03,485,445,431,338,393
4.64,-6.17,-0.67,0.45,-0.28,0.04,485,445,431,338,393
3.88,-6.60,-0.01,0.77,-0.21,0.15,485,445,431,338,393
2.77,-7.64,1.08,0.75,-0.20,0.13,485,446,432,338,393
4.37,-7.60,1.77,0.90,-0.08,0.11,485,447,432,338,393
3.40,-7.70,2.69,0.93,-0.11,0.06,485,447,432,338,392
3.92,-7.21,3.48,1.07,0.01,0.24,485,447,431,337,392
2.94,-6.85,5.53,1.05,-0.15,0.31,485,448,431,337,393
3.64,-7.34,7.78,1.12,-0.21,0.34,485,448,431,337,393
2.70,-7.84,8.76,0.69,-0.22,0.39,484,448,431,337,392
2.04,-7.77,7.49,0.26,-0.28,0.26,484,448,431,337,392
2.02,-7.38,6.93,0.20,-0.16,0.21,484,448,431,337,392
2.40,-6.96,6.66,0.10,-0.15,0.11,484,448,431,337,392
2.17,-6.84,6.65,0.02,-0.10,0.12,484,448,431,337,392
2.43,-6.79,6.66,-0.02,-0.09,0.15,484,448,431,337,392
2.61,-6.98,6.82,-0.14,-0.10,0.17,484,448,431,337,393
2.55,-7.09,6.62,-0.18,-0.12,0.18,484,448,431,337,392
2.63,-7.39,6.43,-0.27,-0.17,0.16,484,448,431,337,392
2.78,-7.69,6.24,-0.27,-0.20,0.11,484,447,431,337,392
2.82,-7.86,6.10,-0.42,-0.30,0.08,484,447,431,337,392
2.96,-8.12,5.62,-0.63,-0.46,0.12,484,447,431,337,391
2.44,-8.24,3.67,-0.99,-0.72,-0.05,486,447,430,337,392
2.58,-7.76,1.37,-0.65,-0.68,-0.04,487,446,431,336,392
2.99,-8.28,1.54,-0.38,-0.62,-0.19,487,446,431,336,392
3.07,-8.36,0.65,-0.39,-0.54,0.07,486,446,431,336,392
2.69,-8.43,0.64,-0.28,-0.45,0.20,486,447,431,336,392
2.71,-8.51,-0.11,-0.27,-0.41,0.06,487,447,431,336,392
2.07,-8.34,-0.76,-0.23,-0.30,0.14,487,447,431,336,391
1.59,-8.15,-1.16,-0.18,-0.31,0.01,487,447,431,336,391
END
1.45,-7.91,-1.70,-0.05,-0.11,-0.07,484,446,431,337,391
4.02,-8.39,-0.52,0.04,0.01,-0.00,484,446,431,337,391
4.29,-8.43,-0.40,0.06,-0.02,-0.05,484,445,431,337,390
4.18,-8.36,-0.57,0.05,-0.02,-0.01,484,445,431,337,391
4.57,-8.22,-0.59,0.08,-0.05,-0.02,484,445,431,337,390
4.29,-8.06,-0.67,0.14,-0.07,-0.02,484,445,431,337,390
4.47,-7.60,-0.83,0.26,-0.07,-0.03,484,445,431,337,391
4.40,-6.87,-1.11,0.45,-0.09,-0.01,484,446,432,337,391
4.11,-6.84,-0.03,0.66,-0.25,0.01,484,446,432,337,391
4.97,-7.54,1.21,0.78,-0.23,0.22,485,446,432,337,391
4.36,-7.96,2.58,0.76,-0.28,0.35,485,446,432,337,391
3.47,-7.47,2.34,0.78,-0.34,0.17,485,446,432,337,391
3.44,-7.72,3.01,0.73,-0.32,0.27,485,447,432,337,391
3.05,-7.72,3.35,0.75,-0.34,0.04,485,447,432,337,391
2.66,-7.60,4.24,0.66,-0.20,0.21,485,447,432,336,391
3.07,-7.82,5.36,0.70,-0.12,0.10,485,447,432,337,391
3.57,-7.57,6.06,0.55,-0.14,0.17,485,447,432,337,391
3.50,-8.29,7.10,0.54,-0.24,0.18,485,447,432,337,391
3.08,-7.99,6.68,0.33,-0.24,0.17,485,447,432,337,391
2.46,-7.72,6.22,0.20,-0.23,0.11,485,447,431,337,391
2.32,-7.38,5.62,0.10,-0.17,0.03,485,447,431,337,391
2.45,-7.16,5.43,0.05,-0.07,0.03,485,447,432,337,391
2.83,-7.05,5.46,0.03,-0.05,0.00,484,447,431,337,391
3.09,-7.14,5.86,-0.05,-0.06,0.01,484,446,431,337,391
3.69,-7.14,5.58,-0.08,-0.08,0.02,484,447,431,337,391
3.96,-7.51,5.75,-0.09,-0.08,0.11,484,446,431,337,391
4.71,-8.30,6.41,-0.15,-0.19,0.13,484,446,431,337,391
4.46,-8.84,6.14,-0.38,-0.30,0.25,484,446,431,337,391
3.98,-8.96,4.81,-0.48,-0.43,0.18,484,446,431,337,391
3.35,-9.08,4.60,-0.61,-0.50,0.21,484,446,431,337,391
2.47,-8.08,2.36,-0.67,-0.54,0.12,484,446,431,337,391
1.90,-7.83,1.56,-0.59,-0.44,0.22,484,446,431,337,391
1.78,-7.31,0.40,-0.58,-0.45,0.16,484,446,431,337,391
2.01,-8.51,0.76,-0.40,-0.35,0.27,484,446,431,337,391
2.26,-9.00,-0.14,-0.43,-0.43,0.02,484,445,431,337,391
1.59,-8.40,-0.81,-0.26,-0.35,-0.03,485,446,431,337,390
END
1.23,-7.94,-1.59,-0.22,-0.29,-0.04,482,445,430,337,389
3.94,-8.36,-0.82,0.09,-0.11,-0.03,482,445,431,338,389
3.68,-8.59,-0.76,0.10,-0.12,-0.01,482,446,431,338,389
3.50,-8.68,-0.98,0.10,-0.10,-0.04,482,446,430,337,389
3.95,-8.42,-0.94,0.11,-0.08,-0.05,482,446,431,338,390
4.69,-7.75,-0.98,0.17,-0.14,-0.03,482,445,431,338,389
5.43,-7.25,-0.55,0.35,-0.27,-0.03,482,446,431,338,389
5.05,-7.34,-0.13,0.54,-0.37,0.07,482,446,430,338,390
3.24,-7.52,-0.09,0.64,-0.45,0.04,482,446,430,337,390
2.74,-7.82,0.51,0.70,-0.41,0.07,482,445,430,338,390
3.63,-7.43,0.94,0.73,-0.36,0.06,482,445,430,338,390
3.98,-7.64,2.24,0.86,-0.29,0.25,482,446,430,338,390
2.43,-8.24,3.23,0.90,-0.26,0.36,482,446,430,338,389
2.42,-9.12,4.37,0.86,-0.27,0.23,482,446,430,338,389
2.49,-9.18,4.83,0.64,-0.23,0.17,482,446,430,338,389
1.68,-9.58,5.48,0.56,-0.06,0.21,482,446,430,338,389
1.82,-8.68,5.12,0.24,-0.15,0.05,482,446,430,338,389
2.07,-8.33,5.33,0.17,-0.09,0.10,482,446,430,337,389
2.32,-8.26,5.23,0.10,-0.11,0.04,482,446,430,338,389
2.26,-8.00,5.08,0.05,-0.12,0.08,482,446,430,337,389
2.69,-8.11,5.33,0.03,-0.14,0.07,482,446,430,337,389
2.47,-8.36,5.33,-0.06,-0.16,0.09,482,446,430,338,389
2.96,-8.58,5.00,-0.13,-0.21,0.05,482,446,430,337,389
3.06,-8.69,4.87,-0.24,-0.24,0.12,481,446,430,337,389
2.86,-8.78,4.55,-0.24,-0.30,0.16,482,446,430,338,389
2.78,-8.76,4.08,-0.35,-0.34,0.17,482,445,430,338,389
2.52,-8.77,3.35,-0.43,-0.46,0.10,482,445,430,338,389
2.42,-8.64,2.69,-0.47,-0.53,0.10,482,445,430,338,389
2.17,-8.64,1.92,-0.49,-0.56,0.09,482,445,430,337,389
2.40,-8.63,0.67,-0.38,-0.52,0.12,482,445,431,338,389
1.33,-8.47,0.61,-0.47,-0.50,0.09,482,445,431,338,389
1.43,-8.50,-0.68,-0.40,-0.45,0.06,482,445,431,338,390
1.14,-8.65,-0.85,-0.35,-0.42,0.01,482,444,431,337,389
1.11,-8.56,-1.55,-0.22,-0.27,-0.01,482,444,431,338,390
0.90,-8.28,-1.97,-0.15,-0.20,-0.06,482,444,431,338,389
0.82,-8.08,-2.25,-0.01,-0.07,-0.05,482,444,430,338,390
END
1.21,-8.56,-1.84,0.13,0.06,-0.04,480,444,430,338,389
3.60,-8.67,-0.52,0.15,-0.18,-0.04,480,444,430,338,389
3.45,-8.32,-0.63,0.18,-0.19,-0.07,481,444,430,338,389
3.41,-8.20,-0.37,0.31,-0.17,-0.06,480,444,430,338,389
3.19,-8.68,0.63,0.37,-0.13,0.05,481,444,430,338,389
3.75,-7.52,-0.12,0.33,-0.19,-0.05,480,444,430,338,389
5.13,-6.39,0.27,0.67,-0.25,0.17,481,444,430,338,390
4.47,-7.19,1.90,0.93,-0.52,0.16,481,444,430,338,390
2.91,-7.87,2.94,0.97,-0.48,0.33,481,444,430,338,389
2.26,-7.83,2.51,0.97,-0.47,0.02,485,444,432,338,396
2.76,-8.15,5.41,1.07,-0.27,0.24,486,443,432,338,397
3.34,-8.14,5.56,0.69,-0.46,0.11,485,443,432,337,396
2.21,-8.44,6.28,0.64,-0.29,0.26,485,444,432,337,396
1.74,-8.68,6.86,0.42,-0.29,0.23,485,444,432,337,395
1.63,-8.74,6.79,0.28,-0.20,0.18,485,445,432,337,394
1.44,-8.13,6.12,0.11,-0.16,0.07,484,444,432,337,394
1.72,-7.78,5.40,0.00,-0.08,0.09,484,444,431,337,394
2.48,-7.49,5.50,-0.02,-0.06,0.04,484,444,431,337,394
2.79,-7.53,5.56,-0.16,-0.13,0.01,484,444,431,337,394
3.23,-7.85,5.36,-0.11,-0.11,0.05,484,445,431,337,393
4.01,-8.10,5.71,-0.22,-0.24,0.07,484,445,432,338,394
3.69,-8.25,5.21,-0.31,-0.32,0.09,484,445,433,338,395
4.08,-8.48,4.74,-0.41,-0.46,0.11,484,445,433,338,395
3.39,-8.56,4.02,-0.48,-0.48,0.15,484,445,432,338,394
2.87,-8.56,3.19,-0.54,-0.51,0.16,484,445,432,338,394
2.29,-8.25,1.64,-0.64,-0.60,0.10,484,445,432,338,393
2.50,-8.54,1.56,-0.49,-0.65,0.21,484,445,432,338,393
1.49,-8.12,0.02,-0.49,-0.61,0.12,485,445,432,338,393
1.92,-8.33,0.01,-0.42,-0.63,0.00,485,445,432,337,393
1.07,-7.49,-1.87,-0.27,-0.29,0.11,486,445,432,337,393
0.57,-7.42,-1.81,0.03,-0.08,0.04,486,445,432,337,392
0.66,-8.05,-1.15,0.15,0.06,-0.05,485,445,432,337,392
2.22,-9.29,-0.27,0.18,0.15,-0.05,485,445,432,337,392
2.73,-9.63,-0.41,0.09,0.09,-0.10,485,445,432,337,392
2.24,-9.39,-0.52,0.07,0.06,-0.08,485,445,432,337,392
1.79,-9.99,0.22,0.09,0.13,-0.07,485,445,432,337,392
END
1.59,-9.47,-0.24,-0.08,0.21,-0.14,488,443,430,338,391
3.94,-8.87,0.17,-0.03,-0.09,-0.00,486,443,430,338,391
3.92,-8.60,-0.11,-0.03,-0.08,-0.02,486,443,430,338,390
4.11,-8.43,-0.17,-0.01,-0.07,-0.02,486,442,430,338,391
4.10,-8.21,-0.18,0.02,-0.08,0.00,486,441,430,338,392
4.09,-7.93,-0.78,0.06,-0.11,-0.03,486,442,430,338,392
4.24,-7.15,-1.05,0.17,-0.10,-0.03,486,441,431,338,392
4.47,-7.11,-0.50,0.35,-0.14,0.01,486,441,430,338,392
4.62,-7.41,0.14,0.61,-0.15,0.11,486,441,430,338,392
3.96,-7.24,0.87,0.79,-0.16,0.12,486,441,430,338,393
4.11,-7.15,1.55,0.78,-0.30,0.04,486,441,430,338,393
4.26,-7.55,2.71,0.89,-0.31,0.19,486,441,430,337,392
3.14,-7.20,2.52,0.86,-0.39,0.18,486,441,430,337,393
3.04,-7.38,4.06,1.13,-0.13,0.45,485,440,430,337,393
2.29,-6.95,5.13,1.19,-0.03,0.52,484,440,430,337,393
2.01,-6.31,5.65,0.76,0.13,1.02,483,439,430,337,394
0.14,-7.04,8.15,0.78,0.02,0.90,483,440,429,337,394
-0.32,-8.28,9.51,0.56,-0.28,0.35,483,440,430,337,394
-0.86,-8.15,8.73,0.23,-0.27,0.14,483,440,429,337,394
0.39,-7.24,7.39,0.08,-0.22,-0.06,482,440,429,337,393
0.21,-6.70,6.97,-0.02,-0.14,-0.03,482,440,429,337,393
0.90,-6.42,6.79,-0.00,-0.11,-0.01,482,441,429,337,393
0.98,-6.50,7.02,-0.01,-0.10,0.00,482,441,429,337,393
1.06,-6.57,7.14,-0.10,-0.06,0.08,482,441,429,337,393
1.41,-6.81,7.24,-0.15,-0.14,0.00,481,441,429,337,393
1.55,-7.01,6.91,-0.23,-0.14,0.01,482,441,429,337,393
1.85,-7.76,7.35,-0.40,-0.26,-0.01,481,442,429,337,392
2.57,-7.90,6.01,-0.41,-0.20,0.11,481,443,429,337,392
1.76,-7.91,5.88,-0.36,-0.24,0.17,481,444,429,337,391
1.97,-8.16,5.20,-0.65,-0.43,0.13,481,443,429,336,391
1.59,-8.46,4.19,-0.77,-0.59,0.08,481,443,429,336,391
1.59,-8.66,3.11,-0.66,-0.61,0.09,481,443,429,336,391
1.85,-8.79,2.47,-0.55,-0.45,0.18,481,443,429,336,391
0.46,-8.56,1.80,-0.61,-0.39,0.12,481,443,429,336,390
1.12,-8.80,1.09,-0.57,-0.32,0.08,481,442,429,336,390
0.15,-8.07,-0.17,-0.71,-0.34,-0.00,481,442,429,336,390
END
0.60,-7.62,-1.28,-0.33,-0.21,-0.03,479,445,429,339,386
3.98,-8.45,-1.13,0.09,-0.09,-0.04,479,445,429,339,386
4.50,-8.15,-1.41,0.09,-0.10,-0.03,479,446,429,339,386
4.16,-8.23,-1.02,0.14,-0.12,0.06,479,446,429,339,386
4.12,-8.31,-0.95,0.18,-0.16,-0.03,479,445,429,339,386
3.92,-7.91,-1.00,0.17,-0.07,0.03,479,446,429,339,386
5.25,-6.82,-1.32,0.36,-0.04,0.01,479,445,429,340,388
5.08,-5.85,-0.87,1.05,0.15,0.29,479,444,429,339,390
2.83,-6.71,1.97,1.05,-0.24,0.36,479,443,430,339,390
3.90,-7.61,2.33,1.00,-0.30,0.21,480,443,430,339,391
1.86,-8.36,3.62,0.88,-0.28,0.26,480,443,430,339,390
2.44,-8.15,3.60,0.87,-0.27,0.14,480,443,430,339,391
1.76,-7.57,4.34,0.93,-0.17,0.18,480,443,430,339,391
1.95,-7.65,6.19,0.96,-0.10,0.21,480,443,430,339,390
2.04,-6.98,7.77,0.89,-0.12,0.17,480,443,430,339,391
2.31,-7.44,8.61,0.46,-0.24,0.14,480,443,430,338,391
1.93,-7.06,7.16,0.23,-0.22,0.17,480,443,430,339,391
1.87,-6.83,6.87,0.22,-0.23,0.10,480,443,430,339,390
2.03,-6.43,6.32,0.13,-0.15,0.14,480,443,430,339,390
1.97,-6.83,7.42,0.10,-0.14,0.11,480,444,429,339,389
2.49,-6.65,7.27,0.02,-0.11,0.02,479,444,429,338,389
2.44,-6.78,7.11,-0.13,-0.14,0.03,479,444,429,339,389
2.94,-6.97,6.70,-0.21,-0.15,0.07,479,443,429,338,389
3.14,-7.49,7.05,-0.31,-0.22,0.08,479,443,429,338,389
3.05,-7.62,6.17,-0.42,-0.25,0.14,479,443,429,338,389
3.05,-7.87,5.69,-0.47,-0.36,0.08,479,443,429,338,389
2.99,-8.08,5.22,-0.63,-0.41,0.15,479,443,429,338,389
3.60,-8.65,4.70,-0.77,-0.51,0.18,479,444,429,338,389
2.96,-8.34,3.19,-0.81,-0.63,0.17,479,444,429,338,388
2.76,-8.83,2.25,-0.81,-0.61,0.06,479,444,429,338,388
2.29,-8.21,0.36,-0.93,-0.70,-0.01,479,443,429,337,388
1.55,-7.37,-1.46,-0.62,-0.54,0.03,479,443,429,337,388
1.69,-7.85,-1.86,-0.39,-0.43,-0.01,479,443,429,337,387
1.36,-7.74,-2.34,-0.23,-0.28,-0.00,479,443,428,337,387
1.44,-7.74,-2.75,-0.16,-0.21,-0.07,479,443,428,337,387
1.34,-7.99,-2.48,0.01,-0.01,-0.02,479,444,429,337,387
END
2.09,-8.58,-2.42,0.06,0.04,-0.07,485,444,429,338,386
5.27,-7.42,-1.56,0.10,-0.08,0.01,485,444,429,338,386
4.95,-7.89,-1.13,0.14,-0.09,0.17,485,444,429,338,386
4.07,-8.34,-1.28,0.16,-0.12,0.14,484,444,429,338,386
3.84,-8.24,-1.36,0.15,-0.06,-0.00,484,444,429,338,386
4.49,-8.15,-0.90,0.20,0.04,0.08,484,444,429,338,387
4.86,-7.31,-1.20,0.20,0.11,0.31,484,444,429,338,387
4.10,-6.75,-1.34,0.58,0.14,0.61,484,445,430,338,388
4.00,-6.62,0.09,0.87,-0.15,0.23,484,445,430,338,388
3.20,-7.12,0.89,0.99,-0.28,0.14,484,445,430,338,389
2.14,-7.30,1.84,0.87,-0.35,0.04,484,445,430,338,388
3.29,-7.66,3.09,0.98,-0.23,0.14,484,444,430,337,388
2.40,-7.33,4.38,0.96,-0.19,0.14,483,446,430,338,388
3.01,-6.67,4.97,1.20,-0.05,0.43,483,446,430,337,388
2.84,-7.29,8.17,1.13,-0.23,0.22,482,446,430,337,387
1.70,-7.95,9.62,0.91,-0.18,0.43,482,446,430,337,387
1.82,-8.23,9.16,0.43,-0.28,0.19,481,446,429,337,387
0.80,-7.82,7.72,0.06,-0.19,0.12,481,446,429,337,387
1.33,-6.93,6.72,0.01,-0.17,0.01,481,446,429,337,387
1.67,-6.37,6.48,-0.03,-0.12,0.06,481,445,429,337,387
2.44,-6.36,6.63,-0.04,-0.12,0.07,481,446,429,337,387
2.18,-6.30,6.60,-0.04,-0.10,0.13,481,445,429,337,387
2.73,-6.78,7.11,-0.07,-0.15,0.12,480,445,429,337,387
2.96,-7.29,7.54,-0.17,-0.17,0.20,480,445,429,337,387
3.19,-7.89,7.13,-0.34,-0.24,0.23,480,446,429,337,387
2.79,-7.89,5.81,-0.45,-0.28,0.22,480,446,429,337,386
3.02,-8.11,5.52,-0.28,-0.19,0.32,480,449,429,337,386
2.07,-7.95,5.48,-0.55,-0.41,0.21,480,449,429,337,386
2.63,-8.40,5.49,-0.82,-0.55,0.29,480,449,428,337,385
1.92,-8.20,3.17,-0.92,-0.70,0.20,480,448,428,337,385
1.09,-7.79,1.87,-0.66,-0.67,0.11,479,448,428,337,384
0.65,-7.44,0.06,-0.48,-0.51,0.10,479,449,429,336,384
0.06,-7.43,-0.17,-0.49,-0.52,0.03,479,449,429,336,384
-0.05,-7.65,-0.90,-0.24,-0.28,0.05,479,448,429,336,384
0.37,-7.87,-1.10,-0.12,-0.17,-0.09,479,448,429,336,383
0.62,-8.74,-0.41,0.08,0.01,-0.05,479,448,429,336,383
END
1.69,-9.42,0.17,0.06,-0.00,-0.13,473,445,426,337,380
4.29,-8.64,0.68,-0.03,-0.06,0.03,473,445,426,336,381
3.93,-8.36,0.47,-0.04,-0.09,-0.03,473,445,426,337,380
3.86,-8.17,0.16,-0.03,-0.08,-0.03,474,445,427,337,381
3.89,-8.27,0.42,0.01,-0.07,-0.09,475,446,427,337,381
4.44,-8.61,0.47,0.05,-0.05,-0.10,475,445,427,337,381
4.03,-8.34,0.34,0.03,-0.01,-0.02,475,445,427,337,381
4.41,-8.05,0.03,0.05,-0.06,-0.03,474,445,426,337,382
4.16,-7.63,-0.17,0.14,-0.01,0.04,474,445,427,337,382
4.59,-7.06,-0.21,0.26,-0.02,0.05,476,444,427,337,387
3.78,-6.20,-0.68,0.45,0.00,0.30,483,439,428,337,395
3.89,-7.14,1.77,0.68,-0.17,0.28,488,437,429,337,397
4.32,-7.21,2.41,0.69,-0.34,0.17,488,437,430,337,397
2.80,-7.21,2.23,0.84,-0.30,0.27,487,437,430,338,396
3.40,-7.82,3.86,1.07,-0.14,0.30,487,437,429,338,397
1.74,-6.54,4.66,0.91,-0.22,0.19,487,436,429,337,396
2.91,-7.68,7.01,0.91,-0.20,0.37,487,436,430,337,397
2.10,-8.25,7.80,0.70,-0.26,0.30,487,436,430,336,396
2.15,-8.03,7.70,0.54,-0.24,0.24,487,436,430,336,396
1.85,-7.87,7.29,0.33,-0.26,0.14,486,436,430,336,396
1.30,-7.63,7.03,0.23,-0.20,0.17,486,436,430,336,395
1.62,-7.25,6.74,0.11,-0.15,0.06,486,437,430,336,395
1.72,-7.11,6.73,0.03,-0.10,0.02,485,437,429,336,395
2.23,-6.85,6.65,-0.07,-0.07,-0.01,485,437,430,336,395
2.47,-6.57,6.44,-0.10,-0.05,0.02,485,437,430,336,394
2.78,-6.83,6.47,-0.16,-0.09,0.04,485,437,430,336,394
2.79,-6.81,6.08,-0.17,-0.11,0.09,485,437,430,336,394
3.50,-7.70,6.42,-0.22,-0.17,0.15,485,438,430,336,394
3.93,-8.71,6.34,-0.27,-0.25,0.21,484,438,430,336,393
3.60,-9.29,6.51,-0.58,-0.35,0.33,484,439,430,336,392
2.68,-9.08,5.18,-0.79,-0.48,0.31,484,439,430,336,393
1.87,-8.34,3.55,-0.80,-0.38,0.31,484,440,429,336,392
1.28,-7.62,3.03,-0.76,-0.51,0.22,483,440,429,336,392
1.07,-7.72,1.96,-0.94,-0.62,0.09,482,440,429,336,391
0.44,-7.24,-0.27,-0.99,-0.60,0.03,483,440,429,336,391
0.22,-7.29,-1.95,-0.66,-0.47,-0.04,483,440,429,336,391
END
0.05,-6.87,-2.47,-0.29,-0.29,-0.06,479,448,428,337,388
3.45,-9.05,-1.14,0.13,-0.09,-0.06,479,448,429,337,388
3.35,-8.90,-1.07,0.11,-0.07,-0.02,479,448,429,337,388
3.56,-8.85,-0.83,0.09,-0.02,-0.03,479,448,429,337,388
4.08,-8.84,-0.96,0.06,-0.05,-0.05,479,448,429,337,388
3.88,-8.72,-1.30,0.03,-0.05,-0.06,479,448,429,337,388
3.96,-8.64,-1.09,0.02,-0.07,-0.07,479,448,429,338,388
3.90,-8.52,-1.23,0.01,-0.09,-0.07,479,448,429,337,388
3.71,-8.51,-1.07,0.06,-0.09,-0.07,479,447,429,337,388
3.71,-8.64,-0.98,0.06,-0.07,-0.04,479,448,429,338,388
3.81,-8.62,-1.00,0.06,-0.08,-0.03,479,447,429,337,388
4.16,-8.54,-1.25,0.05,-0.07,-0.03,479,447,429,337,388
4.29,-7.76,-1.29,0.09,-0.12,-0.00,479,446,429,338,388
4.74,-7.01,-1.39,0.27,-0.20,0.04,479,444,429,338,390
4.74,-7.33,-0.93,0.48,-0.26,0.09,479,444,429,337,390
4.10,-8.28,-0.19,0.62,-0.31,0.17,479,443,429,337,390
3.42,-8.44,-0.01,0.62,-0.40,0.07,479,443,429,337,390
3.46,-8.61,0.91,0.64,-0.38,0.16,479,443,429,337,390
3.95,-7.88,0.55,0.59,-0.46,0.06,479,442,429,337,390
4.06,-7.51,1.77,0.81,-0.42,0.36,479,442,429,337,390
2.91,-8.05,2.84,0.99,-0.58,0.45,479,441,429,337,391
1.31,-8.20,3.92,0.89,-0.51,0.44,480,441,429,337,392
1.19,-8.63,4.36,0.62,-0.58,0.28,479,441,429,337,391
0.65,-8.85,4.69,0.59,-0.44,0.29,479,441,429,337,391
1.11,-9.25,5.92,0.48,-0.33,0.24,479,442,429,337,391
0.76,-9.76,6.23,0.27,-0.27,0.15,479,442,429,337,391
1.12,-9.04,5.94,0.07,-0.18,0.06,479,442,429,337,391
1.07,-8.27,4.97,-0.07,-0.14,-0.03,479,442,429,337,391
1.55,-7.86,4.44,-0.07,-0.05,0.00,479,442,429,337,390
1.83,-7.99,4.57,-0.05,-0.04,-0.04,479,441,429,337,390
2.19,-8.31,4.57,-0.09,-0.04,-0.02,479,442,429,337,390
2.64,-8.59,4.35,-0.20,-0.15,-0.07,479,443,429,337,391
2.98,-9.26,4.77,-0.21,-0.18,0.01,478,443,429,337,389
3.57,-9.78,4.92,-0.39,-0.30,0.08,478,443,428,337,389
2.94,-9.65,4.46,-0.66,-0.49,0.14,478,444,428,337,389
2.94,-9.60,2.72,-0.88,-0.68,0.09,478,444,428,337,388
END
1.19,-8.36,0.92,-0.85,-0.66,0.05,474,442,427,337,387
4.39,-8.00,-1.56,0.02,-0.11,-0.07,474,442,427,337,387
4.11,-7.76,-1.81,0.12,-0.08,0.04,474,442,427,337,387
3.99,-8.24,-1.18,0.17,-0.08,0.01,474,442,427,337,387
4.39,-9.02,-1.00,0.13,-0.07,-0.03,474,442,427,337,387
4.26,-8.40,-1.28,0.07,-0.08,-0.08,474,442,427,336,386
4.69,-7.40,-1.55,0.12,-0.10,-0.04,474,442,426,337,387
4.62,-5.79,-1.87,0.37,-0.10,0.04,475,442,427,337,388
5.29,-4.65,-1.61,0.98,-0.12,0.12,476,441,428,337,390
4.36,-5.89,0.32,1.33,-0.22,0.21,477,442,428,337,390
3.57,-8.15,2.75,1.36,-0.18,0.34,478,442,428,337,390
1.64,-7.69,2.64,0.95,-0.30,0.20,477,443,428,336,390
3.23,-8.72,4.27,1.03,-0.17,0.25,477,442,428,336,390
3.39,-8.54,5.84,0.99,-0.18,0.28,477,442,427,336,389
2.97,-8.11,6.93,0.93,-0.04,0.54,476,444,427,336,389
2.35,-8.13,7.48,0.50,-0.39,0.21,476,444,428,336,388
2.13,-7.77,6.91,0.23,-0.30,0.20,476,444,428,337,387
2.37,-7.96,6.73,0.03,-0.36,0.03,476,443,428,337,388
2.45,-7.87,6.68,0.08,-0.24,0.10,475,443,428,337,388
2.55,-7.59,6.07,-0.05,-0.27,0.07,476,443,428,337,388
2.23,-7.75,5.97,-0.09,-0.24,0.16,476,443,428,337,388
2.99,-8.08,6.02,-0.18,-0.26,0.16,476,443,428,337,388
3.07,-8.20,5.56,-0.35,-0.28,0.23,475,443,428,337,388
3.11,-8.31,5.08,-0.57,-0.38,0.34,476,443,428,337,388
3.06,-8.89,4.17,-0.54,-0.69,0.07,476,443,429,337,388
4.23,-9.22,3.37,-0.61,-0.78,-0.08,478,442,429,337,389
2.63,-8.70,2.35,-0.82,-0.71,0.23,479,442,429,337,389
2.43,-7.91,1.04,-0.80,-0.67,0.15,479,442,429,337,389
1.43,-7.31,-0.88,-0.56,-0.55,0.21,479,442,429,337,388
1.28,-7.90,-0.95,-0.26,-0.38,-0.00,479,442,428,337,388
0.48,-7.58,-1.69,-0.11,-0.11,0.07,479,443,429,337,388
0.65,-7.47,-1.95,0.02,-0.01,-0.05,479,443,429,337,388
1.41,-8.46,-1.70,0.12,0.10,-0.08,479,443,428,337,388
2.38,-9.48,-0.91,0.12,0.20,-0.08,479,443,429,337,388
2.48,-9.66,-0.78,0.13,0.18,-0.14,479,443,428,337,387
2.78,-9.50,-0.47,0.19,0.19,-0.20,479,442,429,337,388
END
2.64,-9.41,-0.45,-0.01,0.17,-0.07,475,439,426,340,386
3.70,-7.87,-0.55,0.30,-0.12,0.09,475,439,426,340,387
4.10,-8.43,-0.29,0.33,-0.17,-0.10,475,439,426,340,387
3.62,-9.09,0.27,0.26,-0.08,0.07,475,439,426,340,387
3.62,-8.75,-0.06,0.18,-0.12,-0.10,475,439,426,340,387
4.19,-7.50,-0.22,0.28,-0.14,-0.03,475,439,426,340,387
3.45,-6.09,-0.80,0.43,-0.19,0.09,475,439,427,341,387
3.98,-6.92,0.60,0.75,-0.31,0.13,476,438,427,341,388
5.57,-7.67,1.18,0.83,-0.48,0.06,477,438,428,341,389
4.12,-8.37,2.94,0.92,-0.46,0.41,478,438,429,341,389
3.05,-9.00,3.04,1.04,-0.31,0.43,478,438,429,341,389
2.43,-8.38,3.93,0.92,-0.26,0.26,478,438,429,341,389
2.05,-8.76,5.84,0.65,-0.34,0.30,478,438,429,341,389
3.14,-9.28,6.05,0.58,-0.37,0.27,478,438,429,341,389
1.69,-9.48,6.43,0.15,-0.29,0.16,477,438,429,341,389
1.69,-8.68,5.53,0.08,-0.16,0.13,478,438,429,341,390
1.73,-7.90,4.46,-0.02,-0.12,0.02,477,438,429,341,389
1.82,-8.03,4.62,-0.04,-0.08,0.04,477,438,429,341,389
2.58,-8.10,4.56,-0.05,-0.07,-0.00,477,438,428,341,389
2.66,-8.22,4.50,-0.14,-0.10,0.02,477,439,428,341,389
3.61,-9.09,4.77,-0.18,-0.17,-0.01,476,439,428,341,388
3.42,-9.47,4.48,-0.32,-0.24,0.06,476,439,428,341,388
3.60,-9.60,3.92,-0.43,-0.30,0.06,476,439,428,340,388
4.06,-9.86,3.55,-0.43,-0.39,-0.05,476,441,428,340,387
2.93,-8.68,2.75,-0.50,-0.45,0.16,476,442,430,341,387
2.28,-8.00,2.07,-0.64,-0.59,0.11,476,442,429,340,386
2.33,-7.61,0.57,-0.71,-0.69,0.08,476,442,429,340,387
0.90,-7.25,-0.58,-0.80,-0.76,-0.01,476,443,428,340,386
2.30,-7.79,-1.23,-0.49,-0.67,-0.27,476,443,428,340,386
0.54,-7.06,-3.12,-0.19,-0.19,0.04,476,443,428,340,386
1.18,-7.62,-2.43,0.09,-0.03,-0.05,476,443,428,339,385
2.47,-8.59,-2.63,0.15,0.12,-0.10,475,443,428,340,385
2.56,-9.17,-1.74,0.12,0.10,-0.15,475,443,428,340,385
3.32,-9.46,-1.85,0.22,0.22,-0.06,475,444,428,339,385
3.03,-9.20,-1.42,0.10,0.09,-0.05,475,445,428,340,384
2.99,-8.58,-2.08,0.01,-0.02,-0.08,475,444,427,340,384
END
2.58,-8.59,-1.85,0.03,0.01,-0.05,472,443,425,344,383
2.99,-8.65,-1.20,0.15,-0.12,-0.04,472,443,426,344,383
3.63,-8.93,-0.98,0.14,-0.15,-0.10,472,443,425,344,383
3.40,-8.76,-0.95,0.14,-0.15,-0.04,472,443,425,344,383
3.31,-8.94,-0.98,0.13,-0.19,-0.09,472,443,425,344,383
3.01,-8.69,-1.23,0.13,-0.16,-0.09,473,443,425,343,383
4.56,-7.79,-1.25,0.21,-0.21,-0.11,472,443,425,344,384
4.74,-7.06,-1.09,0.38,-0.39,-0.09,472,443,425,344,384
4.22,-7.46,-0.37,0.66,-0.48,-0.12,472,442,426,343,384
4.12,-7.97,0.42,0.71,-0.53,-0.18,472,442,426,343,384
2.99,-8.03,0.14,0.74,-0.43,-0.02,472,442,426,344,384
3.50,-8.20,1.97,0.91,-0.32,0.05,472,441,426,344,385
3.64,-8.85,2.93,0.89,-0.22,0.22,473,441,426,344,385
2.81,-8.48,3.33,0.76,-0.16,0.22,473,442,426,344,385
3.32,-8.54,3.78,0.67,-0.20,0.18,473,441,427,344,385
2.42,-8.33,3.91,0.48,-0.20,0.19,473,442,427,344,385
3.41,-9.50,6.22,0.44,-0.15,0.24,473,442,427,344,385
2.51,-8.76,4.68,0.16,-0.25,-0.09,472,442,427,343,385
2.54,-8.46,4.82,0.09,-0.12,0.03,472,442,426,344,385
2.69,-7.89,4.05,0.01,-0.13,-0.07,472,442,426,344,384
2.81,-7.80,4.34,0.03,-0.05,0.05,472,442,427,344,384
3.41,-7.96,4.03,0.01,-0.08,0.01,472,442,426,344,384
2.79,-8.02,4.10,0.02,-0.05,0.03,472,441,426,344,385
3.29,-8.07,3.78,-0.01,-0.12,-0.10,472,442,426,344,385
3.45,-8.62,4.42,-0.07,-0.08,0.02,472,442,426,344,385
4.52,-9.05,4.59,-0.20,-0.18,-0.00,472,442,426,344,385
4.27,-8.96,3.82,-0.38,-0.35,0.01,472,441,426,343,385
4.97,-9.25,3.52,-0.48,-0.53,0.07,472,442,426,343,384
4.34,-9.06,2.51,-0.63,-0.60,0.25,472,442,426,343,384
2.84,-8.28,0.88,-0.60,-0.45,0.40,472,443,426,344,384
1.81,-8.13,0.16,-0.51,-0.58,0.11,472,443,426,342,384
1.74,-8.27,-0.70,-0.46,-0.54,0.03,472,443,426,342,384
1.85,-7.59,-1.95,-0.38,-0.58,-0.18,473,443,426,342,383
1.67,-7.78,-2.08,-0.16,-0.32,0.12,474,444,426,342,384
1.55,-7.77,-2.27,0.08,-0.30,-0.26,477,445,427,342,384
1.64,-8.22,-2.00,0.05,-0.10,0.07,477,445,427,342,384
END
1.11,-7.01,-4.31,0.27,0.13,-0.18,492,455,447,338,399
4.54,-7.47,-2.71,0.11,-0.05,-0.00,492,455,447,337,399
4.94,-7.68,-2.35,0.15,0.01,-0.01,492,455,447,337,399
5.02,-7.78,-2.00,0.16,0.01,-0.04,491,455,447,337,399
5.13,-7.83,-2.20,0.13,-0.00,-0.04,492,455,447,337,399
5.13,-7.48,-2.28,0.13,-0.03,-0.07,492,455,447,337,399
5.61,-5.96,-2.85,0.26,-0.06,-0.13,491,455,447,337,399
5.44,-6.32,-1.91,0.49,-0.04,0.00,492,455,447,338,399
4.54,-6.65,-1.53,0.71,0.01,0.03,492,455,448,337,399
5.24,-7.42,0.09,0.80,-0.01,-0.03,491,455,448,337,399
5.59,-6.34,0.01,0.92,-0.15,-0.04,491,454,447,337,399
5.30,-6.60,1.51,0.84,-0.24,0.07,491,454,447,337,399
4.85,-6.94,1.55,0.99,-0.19,0.24,491,454,447,337,399
3.88,-6.63,2.32,1.15,-0.05,0.10,490,454,447,337,399
3.37,-6.31,4.56,1.16,0.17,0.38,490,454,447,337,400
5.13,-8.17,6.14,0.98,-0.07,0.17,490,454,447,337,400
3.53,-8.31,7.55,0.70,-0.05,0.33,490,453,447,337,400
3.45,-8.26,7.33,0.49,-0.03,0.28,490,453,447,337,400
2.58,-7.37,6.31,0.32,-0.02,0.13,489,453,447,337,400
3.07,-7.36,7.19,0.30,-0.05,0.11,489,454,447,337,400
2.61,-6.85,6.18,0.07,-0.12,0.15,489,454,447,337,400
3.77,-7.09,6.17,0.03,-0.13,0.10,489,454,447,337,400
3.64,-7.28,6.04,-0.09,-0.15,0.09,489,454,446,337,400
3.89,-7.59,6.31,-0.17,-0.20,0.10,489,453,447,337,400
4.31,-7.80,5.99,-0.22,-0.22,0.08,489,453,447,337,400
4.88,-8.15,5.98,-0.31,-0.34,0.18,489,453,446,337,400
4.73,-7.93,4.93,-0.36,-0.45,0.25,489,453,446,337,400
3.98,-8.26,4.96,-0.46,-0.58,0.40,490,453,447,337,400
3.37,-8.13,3.74,-0.55,-0.69,0.11,490,454,447,337,400
3.40,-8.07,2.69,-0.48,-0.76,0.18,492,454,447,337,400
3.19,-7.98,1.74,-0.33,-0.74,0.07,493,455,447,337,400
2.63,-8.14,1.48,-0.58,-0.56,0.22,492,455,447,337,400
1.45,-7.86,-0.01,-0.56,-0.47,0.15,493,455,446,337,399
1.49,-7.28,-1.00,-0.53,-0.45,-0.02,493,455,446,337,399
1.26,-6.85,-2.10,-0.32,-0.31,0.00,493,457,446,337,398
1.96,-7.45,-0.02,-0.06,-0.14,-0.02,493,456,445,337,398
END
2.55,-8.58,-1.25,0.16,0.07,0.00,481,450,439,338,398
5.36,-8.00,-1.46,0.11,-0.08,-0.06,481,450,440,338,400
5.36,-7.62,-1.70,0.14,-0.05,0.11,482,445,443,337,407
4.49,-7.26,-1.56,0.19,-0.12,0.04,483,440,444,337,411
4.29,-7.20,-1.46,0.38,-0.09,0.02,483,439,444,338,412
4.72,-6.91,-1.26,0.55,-0.05,-0.02,483,438,444,337,412
5.04,-6.86,-0.70,0.72,-0.02,0.02,483,438,443,337,411
3.83,-6.52,0.20,0.84,-0.02,0.05,484,438,443,337,412
4.11,-6.92,0.98,1.05,0.02,0.12,484,439,443,338,412
5.02,-7.25,3.17,1.09,-0.06,0.08,484,439,443,337,412
3.32,-6.84,3.63,1.29,0.16,0.29,485,439,444,337,412
3.97,-6.96,5.72,1.13,-0.01,0.20,485,438,444,337,413
4.41,-6.84,6.62,0.81,-0.08,0.34,485,437,444,337,414
3.07,-6.70,6.73,0.66,-0.25,0.26,485,437,444,337,413
3.50,-6.88,7.12,0.52,-0.22,0.36,485,437,444,337,413
2.96,-6.65,7.13,0.45,-0.14,0.41,484,437,444,337,412
2.13,-6.25,6.91,0.38,-0.08,0.34,484,437,444,337,412
2.18,-6.90,8.38,0.32,-0.08,0.23,484,436,444,337,412
2.62,-7.14,8.38,0.11,-0.11,0.09,483,436,444,336,411
2.66,-6.88,7.41,-0.19,-0.14,0.07,483,437,444,337,411
2.79,-6.77,6.76,-0.21,-0.14,0.02,483,437,444,337,411
3.31,-6.78,6.65,-0.27,-0.14,0.10,483,437,444,336,410
3.73,-6.93,6.55,-0.29,-0.29,0.09,483,438,444,336,409
4.54,-7.54,6.78,-0.35,-0.38,0.25,483,439,444,337,408
3.35,-7.49,5.44,-0.52,-0.27,0.38,484,440,444,336,408
3.49,-7.94,4.26,-0.70,-0.61,0.18,485,440,443,336,408
2.89,-7.94,3.76,-0.56,-0.57,0.13,485,440,443,336,407
2.66,-7.84,2.30,-0.64,-0.53,0.18,486,440,442,336,407
2.14,-8.09,1.71,-0.61,-0.56,0.35,487,440,442,336,406
2.65,-8.60,1.23,-0.56,-0.70,0.10,487,440,442,336,406
2.14,-9.50,0.82,-0.77,-0.61,0.12,486,440,442,336,405
1.08,-8.22,-1.34,-0.72,-0.46,0.02,487,440,442,336,405
0.97,-6.98,-2.94,-0.46,-0.35,-0.06,487,440,442,336,404
1.10,-7.01,-3.07,-0.15,-0.07,-0.03,487,440,442,335,404
1.13,-6.92,-3.47,-0.05,-0.03,-0.06,487,440,442,335,403
1.66,-8.10,-2.13,0.23,0.16,0.01,487,441,442,335,403
END
2.88,-9.37,-2.09,0.18,0.09,-0.06,481,444,439,336,397
4.54,-8.69,-1.38,0.13,-0.09,-0.03,481,444,439,337,397
4.44,-8.15,-1.46,0.12,-0.06,-0.01,481,444,439,336,397
4.74,-7.92,-1.14,0.16,-0.10,-0.01,481,444,439,336,397
4.53,-7.77,-1.28,0.26,-0.05,0.00,481,443,439,336,397
4.73,-7.69,-0.78,0.25,-0.06,-0.04,481,443,439,337,397
5.02,-7.29,-0.86,0.35,-0.10,0.03,481,444,439,336,397
5.06,-7.24,-0.41,0.49,-0.18,-0.01,481,443,439,336,398
4.62,-7.51,-0.12,0.65,-0.14,0.06,482,442,439,337,400
4.96,-7.87,0.95,0.84,-0.14,0.07,481,441,439,336,402
4.17,-7.32,1.41,0.71,-0.25,0.15,481,441,439,337,402
3.93,-7.29,1.90,0.74,-0.30,0.11,481,441,438,337,402
3.25,-7.74,2.51,0.82,-0.25,0.24,481,441,439,337,402
3.39,-7.53,2.82,0.91,-0.13,0.06,481,441,438,336,401
2.68,-7.31,4.13,0.90,-0.04,0.15,481,443,438,337,402
3.83,-7.91,6.40,0.79,-0.09,0.19,481,443,437,337,402
2.82,-8.20,6.92,0.47,-0.08,0.16,481,443,437,337,402
4.05,-7.76,6.77,0.38,-0.11,0.05,481,443,437,337,401
3.60,-7.56,6.64,0.17,-0.18,0.13,481,443,437,337,403
3.07,-7.54,6.28,0.12,-0.17,0.19,481,443,438,337,402
2.98,-7.55,6.32,0.02,-0.21,0.07,481,442,438,337,402
3.35,-7.68,5.80,-0.12,-0.20,0.10,481,442,438,337,402
3.96,-8.15,6.25,-0.29,-0.33,0.01,481,443,437,337,401
4.36,-8.21,5.75,-0.35,-0.34,0.06,480,442,437,337,401
5.09,-8.46,4.80,-0.46,-0.48,0.11,480,443,437,337,400
4.80,-8.18,4.10,-0.47,-0.58,0.15,480,443,437,337,399
3.99,-7.98,2.83,-0.58,-0.50,0.30,480,443,437,336,399
3.21,-7.97,2.51,-0.61,-0.61,0.22,480,443,437,336,399
3.05,-7.85,0.98,-0.61,-0.59,0.20,480,443,438,337,399
2.29,-7.72,-0.27,-0.53,-0.57,0.13,480,443,438,336,399
2.35,-7.80,-0.89,-0.15,-0.42,0.04,481,443,439,336,399
2.41,-8.18,-0.60,-0.05,-0.42,-0.13,481,443,439,336,398
2.96,-8.23,-1.23,-0.19,-0.38,-0.06,481,443,438,336,398
1.82,-8.16,-1.79,-0.22,-0.30,0.02,482,443,438,336,399
2.48,-8.10,-2.12,-0.11,-0.27,-0.10,482,443,438,336,398
2.50,-8.25,-2.27,0.01,-0.16,0.01,482,443,438,336,399
END
2.33,-8.16,-2.17,0.18,0.00,0.01,487,448,440,337,395
4.70,-8.56,-0.66,0.09,-0.09,-0.04,487,448,440,337,396
4.77,-8.50,-0.80,0.02,-0.10,-0.04,486,448,440,336,396
4.66,-8.36,-0.82,0.04,-0.08,-0.03,486,448,440,337,395
4.60,-8.20,-0.98,0.04,-0.09,-0.05,486,448,440,336,395
4.74,-7.82,-1.21,0.09,-0.06,-0.05,486,448,441,337,395
5.10,-6.93,-1.31,0.21,-0.00,0.06,485,447,443,337,396
5.32,-6.31,-1.07,0.37,-0.07,0.09,485,446,445,336,396
6.51,-6.72,-0.07,0.62,-0.12,0.25,485,445,444,336,396
4.61,-6.71,0.78,0.76,-0.31,0.25,483,449,442,336,396
3.94,-7.12,0.92,0.81,-0.39,0.09,482,449,440,336,395
2.41,-7.63,1.14,0.76,-0.27,0.06,482,448,440,336,394
4.11,-7.63,2.31,0.95,-0.13,0.01,482,448,439,336,395
3.24,-7.44,3.11,1.02,-0.05,0.11,482,448,439,336,395
2.82,-7.59,5.31,1.04,-0.05,0.17,482,448,439,336,395
3.66,-5.58,6.02,0.83,-0.19,0.02,481,448,439,336,395
3.18,-7.30,6.42,0.74,-0.26,-0.11,481,447,439,336,395
4.53,-7.29,6.99,0.52,-0.17,0.04,481,447,439,336,395
3.70,-6.99,7.26,0.46,-0.02,0.22,481,446,439,336,395
3.16,-7.02,7.49,0.35,-0.05,0.24,481,446,439,336,395
3.60,-6.32,6.75,0.17,-0.07,0.19,481,446,439,336,395
3.13,-6.45,7.07,0.16,-0.12,0.16,481,446,439,336,395
3.06,-6.22,6.50,0.09,-0.11,0.12,481,446,439,336,395
2.94,-6.36,6.46,0.04,-0.08,0.10,480,446,439,336,395
3.32,-6.26,6.27,-0.00,-0.09,-0.01,481,446,439,336,395
3.12,-6.14,6.27,-0.03,-0.08,-0.03,480,446,439,336,394
3.75,-6.12,6.31,-0.05,-0.06,0.00,481,446,439,336,395
4.07,-6.31,6.12,-0.04,-0.11,0.02,480,446,439,336,395
3.87,-6.27,6.04,-0.08,-0.13,0.13,481,447,439,336,395
4.25,-6.75,6.09,-0.10,-0.14,0.16,481,449,439,336,394
4.50,-7.57,6.72,-0.19,-0.25,0.25,482,449,439,336,394
4.36,-8.39,6.89,-0.39,-0.31,0.33,481,448,439,336,394
4.37,-9.07,6.38,-0.61,-0.44,0.35,481,448,438,336,394
3.80,-8.83,5.27,-0.86,-0.68,0.28,481,448,438,336,394
2.66,-7.67,2.46,-0.82,-0.70,0.26,482,448,438,336,394
1.73,-7.15,1.49,-0.75,-0.76,0.18,482,448,438,336,394
END
1.51,-6.91,0.11,-0.59,-0.57,0.17,480,447,438,337,392
5.24,-7.62,-1.37,0.05,-0.10,-0.07,480,447,437,337,392
6.33,-7.80,-1.24,0.08,-0.10,-0.11,480,447,437,337,392
6.09,-7.58,-1.85,0.04,-0.20,-0.09,480,446,438,337,393
5.50,-6.66,-2.10,0.13,-0.25,-0.09,480,446,438,337,393
5.41,-6.17,-1.87,0.31,-0.28,-0.05,480,446,438,337,393
5.76,-5.81,-1.39,0.52,-0.34,-0.15,479,446,438,338,393
4.49,-6.86,-0.93,0.62,-0.30,0.04,480,445,438,337,393
5.88,-7.25,-0.61,0.74,-0.25,-0.01,480,445,438,338,393
4.57,-7.36,0.31,0.82,-0.10,0.21,480,445,438,338,393
4.82,-7.74,0.79,0.87,-0.09,0.23,480,445,437,337,394
4.13,-6.56,2.47,0.80,-0.32,0.11,480,445,438,338,394
3.98,-7.39,2.84,0.94,-0.36,0.27,480,445,438,338,394
3.78,-7.97,3.68,0.88,-0.18,0.37,480,444,438,338,394
3.95,-8.41,4.01,0.88,-0.20,0.27,480,444,438,338,394
3.17,-8.28,4.26,0.62,-0.04,0.19,480,444,438,338,394
3.14,-7.66,4.61,0.61,0.01,0.05,480,444,438,338,394
3.30,-7.57,5.65,0.55,0.02,0.05,480,444,438,338,394
4.04,-7.99,7.02,0.54,-0.09,-0.00,480,444,438,338,394
3.57,-7.68,7.39,0.31,-0.12,0.10,480,444,438,338,394
2.99,-7.47,6.09,0.09,-0.11,0.10,480,444,438,338,394
3.58,-7.18,5.80,0.11,-0.07,0.09,480,444,438,338,394
3.33,-7.52,5.84,0.01,-0.08,0.09,480,444,438,338,394
4.09,-7.72,5.88,-0.11,-0.14,0.04,480,444,438,338,394
3.99,-7.87,5.53,-0.19,-0.17,0.02,480,444,438,338,393
4.51,-8.04,5.68,-0.34,-0.24,0.10,480,444,438,338,394
4.76,-8.08,5.31,-0.40,-0.35,0.08,480,444,438,338,394
4.85,-8.21,4.66,-0.49,-0.43,0.17,480,444,438,338,394
4.44,-8.31,3.99,-0.55,-0.53,0.27,479,444,438,338,394
3.76,-8.04,2.96,-0.63,-0.58,0.34,479,444,438,338,393
2.64,-7.85,1.82,-0.64,-0.64,0.20,480,444,438,337,393
1.67,-7.71,0.61,-0.62,-0.65,0.10,480,444,438,338,394
1.23,-7.30,-0.78,-0.31,-0.63,-0.32,480,444,438,337,393
3.16,-7.92,-0.07,0.06,-0.35,-0.01,481,445,438,337,393
2.32,-8.10,-0.97,-0.21,-0.25,0.03,481,445,438,338,393
2.56,-8.31,-1.01,-0.27,-0.22,0.07,481,445,438,337,393
END
2.21,-7.45,-2.68,-0.24,-0.20,-0.10,479,442,429,336,396
4.62,-8.04,-2.01,0.12,-0.09,-0.06,478,442,430,336,395
4.47,-8.18,-1.62,0.14,-0.14,-0.08,479,441,430,336,396
4.48,-8.51,-1.21,0.14,-0.17,-0.07,479,441,429,336,396
4.30,-8.60,-1.48,0.12,-0.16,-0.08,480,441,430,336,395
4.19,-8.31,-1.16,0.09,-0.11,-0.06,480,440,430,336,395
4.26,-7.75,-1.44,0.14,-0.10,-0.09,481,441,430,336,396
4.93,-6.76,-1.77,0.32,-0.07,-0.06,482,440,431,336,397
5.25,-6.42,-0.89,0.63,-0.11,-0.01,482,438,432,336,400
4.32,-6.96,-0.15,0.65,-0.25,0.03,482,438,432,336,400
4.28,-8.35,0.76,0.72,-0.23,0.12,481,438,431,336,399
4.46,-8.11,0.62,0.57,-0.30,-0.05,480,439,431,336,399
3.49,-7.88,0.72,0.61,-0.16,0.03,480,438,431,336,399
4.80,-7.08,1.41,0.79,-0.14,0.05,479,437,432,336,398
3.96,-6.99,2.77,0.85,-0.17,0.12,479,437,432,336,398
5.26,-7.39,4.03,0.99,-0.16,0.17,479,437,431,336,398
4.36,-7.99,5.02,0.84,-0.24,0.21,479,438,431,336,398
2.86,-8.16,4.85,0.67,-0.09,0.34,479,437,432,336,398
2.41,-7.88,5.61,0.66,-0.10,0.16,478,437,431,336,399
2.84,-7.26,5.96,0.49,-0.15,0.05,478,439,431,336,398
3.32,-7.03,6.48,0.44,-0.21,0.04,477,439,431,336,397
2.76,-7.14,7.39,0.42,-0.03,0.34,477,439,431,336,397
2.91,-7.77,7.49,0.27,-0.04,0.22,478,438,431,336,397
2.71,-7.69,7.50,0.05,-0.04,0.10,478,439,431,336,397
3.17,-7.59,6.68,-0.19,-0.08,0.04,478,438,431,337,397
3.76,-7.69,6.46,-0.26,-0.12,0.08,477,438,431,336,397
4.03,-7.65,6.07,-0.41,-0.24,0.14,477,438,431,336,396
4.41,-8.16,6.09,-0.57,-0.25,0.57,477,440,431,336,396
2.39,-8.00,4.35,-0.60,-0.22,0.58,477,440,431,336,395
2.45,-8.54,3.96,-0.54,-0.44,0.15,477,440,431,336,395
1.35,-8.18,3.05,-0.52,-0.53,0.05,479,440,431,336,395
2.41,-8.59,2.53,-0.49,-0.59,-0.05,479,440,432,336,395
2.20,-8.48,1.54,-0.65,-0.58,0.03,479,440,432,336,395
1.72,-8.13,0.50,-0.59,-0.58,0.00,479,440,432,336,395
1.94,-8.32,0.02,-0.49,-0.65,0.02,479,440,432,336,395
2.00,-8.39,-0.60,-0.55,-0.57,-0.09,479,440,432,336,395
END
1.09,-7.99,-1.99,-0.46,-0.46,-0.02,475,441,433,337,392
3.92,-7.68,-1.98,-0.01,-0.25,-0.02,476,441,433,337,392
3.61,-7.53,-2.13,0.03,-0.22,-0.10,476,441,432,336,392
4.05,-7.32,-2.20,0.11,-0.15,-0.15,476,441,433,337,392
4.77,-7.44,-1.92,0.19,-0.10,-0.07,476,441,433,336,392
5.06,-7.59,-1.77,0.23,-0.08,-0.07,476,441,433,337,392
5.36,-7.02,-1.61,0.30,-0.13,-0.06,476,441,433,337,393
4.74,-6.51,-1.52,0.44,-0.15,0.03,476,441,433,337,393
5.16,-6.32,-1.46,0.79,-0.13,0.03,476,441,433,337,394
3.57,-6.81,-0.08,0.86,-0.14,0.07,476,440,434,336,394
3.98,-7.11,1.08,0.96,-0.15,0.04,476,440,434,336,394
4.02,-6.79,1.18,0.90,-0.08,0.08,476,440,433,337,394
4.16,-7.16,3.40,0.99,-0.04,0.20,476,440,434,336,394
3.90,-5.54,4.19,0.98,-0.07,0.11,476,440,434,336,394
2.86,-7.59,5.44,1.06,0.06,0.29,477,440,434,336,394
5.02,-7.14,5.72,0.80,-0.08,0.09,477,440,435,336,395
3.17,-6.58,6.53,0.86,0.02,0.40,477,440,435,336,395
3.32,-6.84,7.46,0.75,-0.05,0.28,477,440,435,336,394
2.52,-7.00,8.08,0.48,0.04,0.53,477,441,435,336,394
1.43,-6.70,7.80,0.33,-0.03,0.31,477,441,435,336,394
2.51,-7.49,8.82,0.25,-0.10,0.13,476,441,434,336,393
2.79,-7.56,8.45,-0.07,-0.15,0.18,476,441,434,336,393
2.76,-7.21,7.32,-0.21,-0.23,0.10,476,440,434,336,393
2.91,-7.06,6.58,-0.27,-0.24,0.10,476,440,434,336,393
2.99,-7.01,6.31,-0.36,-0.25,0.15,476,440,434,336,393
3.20,-7.04,6.37,-0.39,-0.32,0.19,476,440,434,336,393
3.28,-7.37,5.77,-0.43,-0.42,0.12,476,441,434,336,393
3.54,-7.82,5.38,-0.56,-0.45,0.26,476,441,434,336,393
2.70,-7.75,4.26,-0.59,-0.52,0.26,476,440,434,336,393
2.65,-8.05,3.91,-0.50,-0.53,0.13,476,441,434,336,393
2.13,-8.29,2.89,-0.55,-0.54,0.10,476,440,434,336,394
2.62,-8.43,2.24,-0.51,-0.50,0.11,476,441,434,336,392
1.89,-8.10,0.79,-0.53,-0.54,-0.01,476,440,434,334,392
1.82,-8.16,0.14,-0.51,-0.49,0.08,477,440,434,336,392
1.87,-8.04,-0.65,-0.44,-0.50,-0.01,477,440,434,336,393
1.59,-7.75,-1.08,-0.36,-0.48,0.02,477,440,433,336,392
END
1.67,-7.63,-2.23,-0.26,-0.49,-0.06,473,439,432,337,391
5.27,-7.65,-2.11,0.06,-0.11,-0.05,473,439,432,337,391
5.26,-7.52,-2.21,0.10,-0.10,-0.03,473,439,432,337,391
5.33,-7.39,-2.47,0.11,-0.11,-0.08,473,440,432,337,391
4.78,-7.29,-2.27,0.14,-0.08,-0.05,473,440,432,337,391
5.43,-7.11,-2.40,0.17,-0.08,-0.09,473,439,432,336,391
5.38,-7.03,-2.31,0.33,-0.02,-0.04,474,439,433,336,392
5.33,-6.25,-2.18,0.57,0.13,0.27,476,435,438,336,398
5.08,-6.55,-1.11,0.60,-0.01,0.10,479,433,441,337,404
4.55,-7.09,-0.45,0.73,-0.04,0.11,479,432,441,337,405
5.18,-6.81,0.39,1.03,-0.00,0.11,479,432,441,337,406
4.59,-6.73,1.65,0.90,-0.09,0.09,479,432,441,337,406
5.28,-6.14,3.08,1.00,-0.20,0.13,479,432,440,336,405
4.49,-8.03,3.98,0.96,-0.27,0.12,479,432,440,337,405
3.93,-9.06,5.55,0.87,-0.15,0.17,479,432,440,336,404
4.75,-8.51,4.77,0.76,-0.17,0.05,479,432,440,337,404
3.24,-7.27,5.65,0.89,-0.03,0.33,478,432,440,337,404
3.35,-6.70,5.81,0.66,-0.18,0.34,478,432,440,336,404
2.82,-6.88,7.03,0.54,-0.21,0.42,478,432,439,337,403
2.87,-7.19,6.83,0.38,-0.22,0.36,478,432,439,336,403
2.44,-7.10,6.47,0.23,-0.18,0.22,478,433,439,337,403
2.25,-7.22,6.32,0.16,-0.11,0.12,478,434,439,336,402
3.07,-7.23,6.34,0.03,-0.11,-0.03,478,434,439,336,402
3.40,-6.96,6.12,0.01,-0.09,-0.05,478,434,439,336,402
3.48,-6.84,6.11,-0.05,-0.08,-0.02,478,434,439,336,402
3.94,-7.13,6.17,-0.13,-0.10,0.05,477,434,438,336,402
4.29,-7.57,6.52,-0.22,-0.17,0.12,477,435,439,336,401
4.18,-7.82,6.17,-0.41,-0.26,0.23,477,435,438,336,401
4.62,-8.14,5.50,-0.50,-0.39,0.24,477,436,438,337,400
3.85,-8.38,4.78,-0.55,-0.46,0.26,477,437,437,336,399
4.23,-8.94,4.33,-0.57,-0.51,0.18,477,437,437,336,399
3.39,-8.63,3.10,-0.66,-0.64,0.13,477,437,437,336,400
2.81,-8.46,2.23,-0.81,-0.71,0.20,477,437,437,336,399
2.37,-7.95,0.55,-0.86,-0.73,0.11,478,437,437,336,399
1.69,-7.30,-1.21,-0.70,-0.58,0.12,478,436,437,337,398
0.85,-7.09,-2.06,-0.47,-0.46,0.04,478,437,437,336,398
END
1.21,-7.19,-2.56,-0.13,-0.16,0.01,474,438,432,337,393
5.87,-5.60,-3.12,0.13,-0.01,-0.07,474,438,432,337,393
6.37,-6.20,-2.18,0.35,0.02,0.02,474,437,432,337,393
5.94,-7.08,-2.01,0.32,-0.02,0.06,474,438,432,337,393
5.94,-7.54,-2.06,0.31,-0.01,-0.01,474,438,432,337,393
5.94,-5.74,-2.32,0.16,-0.01,-0.03,474,438,432,337,393
6.12,-6.55,-2.14,0.22,-0.03,-0.07,473,438,432,337,393
6.73,-5.81,-2.17,0.45,-0.01,-0.01,474,437,433,337,394
5.50,-5.07,-1.16,0.95,0.17,0.23,474,438,433,337,395
5.85,-6.14,0.14,0.77,-0.14,0.10,475,437,433,337,395
5.40,-6.83,0.62,0.85,-0.14,0.10,475,437,433,337,395
5.30,-7.28,1.54,0.82,-0.14,0.02,474,437,433,337,395
5.34,-6.89,1.59,0.80,-0.06,0.08,474,437,433,337,395
4.85,-7.28,3.00,0.98,0.01,0.11,474,437,433,337,394
6.07,-7.77,4.29,0.91,-0.04,0.01,474,439,433,337,394
4.85,-7.08,4.80,0.82,0.02,0.13,473,440,433,337,393
5.30,-6.87,4.45,0.59,-0.16,0.08,473,439,433,337,393
4.54,-6.57,4.51,0.53,-0.08,0.30,473,439,433,337,393
3.70,-6.46,5.66,0.53,0.05,0.34,473,439,433,337,393
4.23,-7.02,6.93,0.44,0.07,0.40,473,439,433,337,393
3.65,-7.58,7.48,0.32,-0.01,0.43,473,439,433,338,393
4.06,-7.75,7.06,0.10,-0.12,0.13,473,439,433,337,393
4.51,-7.50,6.37,-0.08,-0.15,0.15,473,439,433,338,393
3.60,-7.24,5.79,-0.19,-0.17,0.19,473,438,433,337,392
3.92,-7.19,5.42,-0.14,-0.21,0.08,472,438,433,337,392
3.94,-7.50,5.54,-0.29,-0.21,0.17,473,438,433,337,393
4.08,-7.67,5.56,-0.42,-0.30,0.11,472,439,433,337,392
3.84,-7.59,3.79,-0.24,-0.22,0.25,473,438,433,337,392
3.88,-8.17,4.43,-0.45,-0.35,0.21,472,440,433,337,392
3.27,-8.17,3.22,-0.66,-0.49,0.18,473,439,433,337,392
3.40,-8.20,1.64,-0.73,-0.72,0.01,474,440,435,338,392
3.22,-7.54,0.65,-0.44,-0.75,0.02,475,440,435,338,392
3.02,-8.69,0.52,-0.29,-0.50,0.25,475,440,435,338,391
2.99,-9.12,-0.16,-0.37,-0.49,0.10,476,441,434,338,391
3.32,-9.55,-0.35,-0.33,-0.45,0.10,476,440,434,338,391
2.82,-9.37,-1.13,-0.43,-0.39,0.04,476,440,434,338,391
END
2.02,-8.43,-1.85,-0.36,-0.25,0.05,471,440,432,337,388
5.46,-7.11,-2.56,0.08,-0.06,-0.04,471,440,432,337,389
5.53,-6.98,-2.49,0.11,-0.04,-0.08,471,439,432,337,388
5.99,-6.88,-2.48,0.15,-0.04,-0.04,471,440,432,337,389
6.80,-6.91,-2.25,0.33,-0.04,0.20,472,440,432,337,389
5.26,-6.83,-2.36,0.49,-0.07,0.21,472,439,432,337,390
5.63,-6.68,-1.63,0.57,-0.20,0.04,472,439,432,337,390
5.52,-5.72,-1.30,0.67,-0.20,-0.00,473,439,432,337,391
4.88,-5.52,-0.71,0.95,-0.25,0.04,472,439,431,337,390
4.67,-7.02,0.27,1.11,-0.22,0.11,473,439,431,337,391
4.02,-6.79,1.39,1.00,-0.18,0.17,473,439,431,336,391
2.60,-7.11,2.29,1.46,0.39,0.78,475,439,432,336,393
1.70,-7.42,4.73,1.28,0.16,0.41,476,439,432,336,393
2.56,-7.82,6.65,1.00,0.04,0.34,476,438,433,336,394
3.70,-8.09,7.55,0.76,-0.16,0.10,476,438,433,336,393
2.81,-7.39,6.98,0.52,-0.10,0.33,475,439,432,336,393
2.46,-7.26,6.60,0.42,-0.23,0.23,475,438,432,336,393
2.23,-7.16,7.05,0.32,-0.16,0.33,475,439,433,336,393
1.94,-7.21,7.43,0.16,-0.15,0.28,475,440,432,336,392
1.28,-7.27,7.52,0.08,-0.07,0.19,475,441,432,336,393
1.77,-6.79,6.65,0.00,-0.07,-0.02,474,440,431,336,393
2.58,-6.72,6.69,-0.06,-0.09,-0.05,474,439,431,336,393
2.72,-6.87,6.77,-0.09,-0.15,-0.03,473,439,431,336,393
3.27,-7.05,6.60,-0.14,-0.18,0.08,473,439,431,336,393
3.59,-7.37,6.45,-0.25,-0.24,0.27,473,438,431,336,392
3.08,-7.70,5.77,-0.33,-0.33,0.21,473,439,431,336,393
3.01,-7.90,5.43,-0.37,-0.34,0.23,473,439,431,336,393
2.58,-7.94,4.97,-0.49,-0.37,0.24,473,439,431,336,392
2.15,-8.46,4.57,-0.54,-0.43,0.18,473,438,431,336,392
2.45,-8.62,3.76,-0.41,-0.58,-0.07,474,439,432,336,395
3.25,-8.93,3.60,-0.53,-0.82,0.10,474,438,432,336,396
2.48,-8.44,1.82,-0.64,-0.56,0.22,474,438,432,337,395
2.14,-8.55,1.28,-0.65,-0.54,0.19,474,438,431,336,395
1.08,-8.38,0.20,-0.55,-0.42,0.00,475,438,431,336,395
1.69,-8.33,-0.52,-0.54,-0.40,-0.13,476,438,431,336,395
1.97,-8.51,-1.55,-0.70,-0.41,-0.09,476,437,431,336,394
END
1.39,-7.76,-2.94,-0.46,-0.23,-0.03,472,437,431,336,391
5.11,-8.27,-1.02,0.27,-0.07,0.06,472,438,431,336,391
5.20,-7.95,-0.99,0.28,-0.16,-0.09,472,437,431,336,391
4.55,-8.05,-0.82,0.28,-0.15,0.03,472,438,431,336,391
4.46,-7.80,-0.87,0.30,-0.17,-0.13,472,438,431,336,391
4.85,-7.53,-0.55,0.37,-0.10,-0.02,472,437,431,336,391
5.64,-6.97,-0.25,0.53,-0.13,-0.02,472,438,431,336,392
5.76,-6.88,0.62,0.70,-0.21,0.11,472,437,431,335,391
4.88,-6.83,1.41,0.83,-0.28,0.15,473,438,431,336,391
4.01,-7.89,1.77,0.54,-0.37,0.12,473,438,431,336,391
4.65,-7.55,1.61,0.68,-0.35,-0.09,473,439,431,336,391
3.80,-7.87,2.96,0.76,-0.15,0.11,473,438,431,336,391
4.69,-7.65,3.59,0.86,-0.12,0.09,474,438,431,336,391
4.46,-7.38,4.81,0.80,-0.12,0.23,474,439,431,336,391
4.48,-7.42,4.90,0.70,-0.22,0.22,474,439,431,336,391
4.01,-7.97,5.50,0.58,-0.22,0.25,473,439,431,336,391
3.45,-8.15,5.51,0.42,-0.23,0.21,473,438,431,336,391
3.17,-8.18,5.78,0.26,-0.19,0.14,473,439,431,336,391
2.87,-7.77,5.20,0.19,-0.12,0.05,473,438,431,336,391
3.13,-7.47,5.22,0.10,-0.07,-0.00,473,439,431,336,391
3.50,-7.16,5.14,0.06,-0.03,0.02,473,439,431,336,391
3.91,-7.24,5.30,0.04,-0.02,0.02,473,439,431,336,391
4.22,-7.21,5.43,-0.00,-0.03,0.07,473,439,431,336,391
5.04,-7.82,5.41,-0.12,-0.08,0.26,473,439,431,336,391
4.39,-7.81,4.52,-0.24,-0.14,0.45,473,439,431,336,392
3.40,-8.38,4.90,-0.25,-0.20,0.46,473,439,431,336,391
3.67,-8.92,5.03,-0.32,-0.33,0.26,473,440,431,336,391
3.41,-9.08,4.56,-0.46,-0.39,0.23,473,439,431,336,390
3.32,-8.83,3.54,-0.52,-0.40,0.22,473,441,431,336,390
2.48,-8.23,2.12,-0.55,-0.40,0.19,472,440,432,336,390
2.74,-8.23,1.47,-0.55,-0.48,0.21,473,441,433,336,389
1.93,-8.12,0.69,-0.49,-0.60,0.04,473,442,433,336,389
1.91,-8.28,0.11,-0.46,-0.60,0.10,473,442,432,336,389
1.41,-8.54,-0.02,-0.42,-0.53,0.00,473,442,432,336,389
1.28,-8.53,-0.89,-0.41,-0.39,-0.05,473,442,432,336,389
1.21,-8.63,-1.39,-0.45,-0.21,-0.06,473,442,432,336,388
END
1.67,-8.04,-2.61,-0.22,-0.14,-0.16,471,437,429,338,390
4.92,-7.40,-2.40,0.19,-0.10,-0.05,470,437,429,338,389
5.61,-7.43,-2.27,0.24,-0.13,-0.06,471,436,429,338,391
5.08,-7.74,-1.86,0.34,-0.18,-0.04,473,435,430,338,392
5.38,-7.82,-1.72,0.37,-0.16,-0.00,475,434,429,338,392
5.32,-7.06,-1.82,0.33,-0.24,-0.07,475,434,430,338,392
4.92,-6.63,-1.92,0.48,-0.24,-0.05,475,434,430,338,393
4.85,-6.14,-1.64,0.76,-0.21,-0.06,475,434,430,338,394
3.84,-6.86,-0.36,0.86,-0.16,0.04,476,434,430,338,394
5.04,-6.84,0.11,1.16,-0.12,-0.22,476,432,431,337,397
4.85,-6.51,2.35,1.33,-0.03,0.10,477,432,431,338,399
4.62,-7.17,3.16,1.16,-0.17,0.05,478,430,431,337,401
4.96,-7.07,4.81,0.96,-0.17,0.18,477,430,431,337,400
3.98,-7.61,5.32,0.91,-0.16,0.28,476,430,431,337,400
3.70,-7.48,5.35,0.72,-0.13,0.18,476,430,431,338,399
3.11,-7.60,6.32,0.80,-0.05,0.13,476,431,431,337,399
5.05,-6.86,6.62,0.64,-0.15,-0.05,476,430,431,337,398
3.42,-6.76,7.48,0.49,-0.08,0.20,476,431,431,337,398
4.11,-7.10,7.22,0.20,-0.06,0.25,476,431,431,337,398
3.50,-6.94,6.64,-0.02,-0.08,0.00,475,432,431,336,398
4.56,-6.40,5.96,-0.08,-0.08,0.01,475,432,431,337,397
4.78,-6.33,6.09,-0.14,-0.12,0.07,475,432,431,337,397
4.41,-6.72,6.40,-0.15,-0.16,0.10,475,434,431,337,397
4.99,-7.00,5.96,-0.09,-0.35,-0.24,475,435,432,337,395
6.53,-7.01,6.07,-0.21,-0.49,-0.09,474,435,431,336,395
5.61,-6.83,4.87,-0.34,-0.53,0.19,474,435,431,337,395
5.63,-7.01,4.41,-0.39,-0.58,0.48,474,436,431,337,394
4.77,-7.33,3.92,-0.51,-0.39,0.78,474,436,431,337,394
3.16,-7.83,2.71,-0.48,-0.22,0.84,474,436,431,336,394
2.11,-8.18,2.33,-0.45,-0.37,0.40,475,437,431,336,394
2.32,-8.37,1.92,-0.60,-0.61,0.12,475,437,431,336,393
2.05,-8.20,0.47,-0.61,-0.55,0.19,475,437,431,336,393
1.15,-7.98,-0.68,-0.75,-0.65,0.22,476,437,430,336,393
1.04,-8.42,-1.48,-0.62,-0.55,0.16,475,437,430,336,393
1.34,-8.08,-2.46,-0.36,-0.37,-0.17,475,436,430,336,392
1.54,-8.43,-2.34,-0.13,-0.17,-0.08,475,436,430,336,392
END
1.64,-8.47,-2.51,-0.08,-0.11,-0.04,468,435,428,337,390
6.65,-7.05,-1.63,0.49,-0.01,0.06,468,435,429,337,391
5.30,-7.15,-1.06,0.61,0.02,0.16,468,435,429,337,392
5.35,-7.08,-1.00,0.64,-0.09,0.08,468,436,429,337,392
5.89,-7.13,-0.68,0.47,-0.34,-0.06,468,436,429,337,392
5.10,-6.96,-0.23,0.57,-0.38,-0.02,468,436,429,337,391
5.18,-7.30,-0.01,0.65,-0.42,0.03,469,436,429,337,391
5.10,-8.08,1.14,0.70,-0.33,0.08,469,436,429,337,391
4.65,-8.07,1.39,0.56,-0.19,0.14,468,436,429,337,391
4.21,-7.90,1.15,0.68,-0.12,0.11,469,436,429,337,390
4.64,-7.35,2.02,0.66,-0.16,0.09,469,436,429,337,391
4.76,-7.92,2.74,0.79,-0.17,0.23,469,436,429,337,391
4.36,-7.61,3.42,0.70,-0.22,0.21,469,436,429,336,392
4.17,-7.87,4.12,0.74,-0.23,0.35,469,436,429,337,391
3.53,-8.20,4.78,0.64,-0.18,0.28,469,436,429,337,391
3.07,-8.71,5.74,0.52,-0.15,0.30,469,436,429,337,391
2.80,-8.64,5.19,0.25,-0.14,0.13,469,436,429,337,391
2.43,-8.23,5.39,0.14,-0.06,-0.01,469,436,429,337,391
3.29,-7.75,4.97,0.03,-0.05,-0.03,469,436,429,337,391
3.55,-7.73,4.94,0.02,-0.04,0.01,469,436,429,337,391
3.77,-7.62,4.55,-0.02,-0.06,0.04,469,436,429,337,391
3.73,-7.83,4.92,-0.06,-0.06,0.08,469,436,429,337,390
4.11,-8.00,4.62,-0.14,-0.13,0.04,469,436,429,337,391
4.54,-8.16,4.37,-0.18,-0.23,0.02,469,436,429,337,391
4.54,-8.27,3.96,-0.27,-0.34,0.13,469,437,429,337,390
4.39,-8.45,3.42,-0.29,-0.44,0.18,469,436,429,337,391
4.30,-8.96,3.21,-0.38,-0.60,0.19,469,437,429,337,390
4.35,-9.45,2.97,-0.33,-0.64,0.25,470,437,429,337,391
3.45,-8.90,2.06,-0.52,-0.66,0.11,472,436,429,337,390
2.04,-8.02,0.50,-0.51,-0.63,0.10,474,437,429,337,390
2.40,-8.03,0.08,-0.67,-0.75,-0.11,475,437,429,337,390
1.95,-7.58,-1.21,-0.43,-0.55,0.06,476,437,430,337,389
2.30,-7.72,-1.95,-0.34,-0.53,-0.05,478,437,429,337,389
1.82,-7.80,-2.18,-0.15,-0.19,0.24,475,438,429,337,389
1.44,-7.96,-2.54,-0.03,-0.02,0.08,474,438,429,337,389
1.62,-8.20,-2.43,-0.04,-0.04,-0.11,473,438,429,337,388
END
2.38,-8.48,-2.58,-0.01,-0.03,-0.12,468,439,429,337,388
4.44,-7.24,-1.00,0.71,-0.05,0.22,469,439,429,337,388
4.11,-8.37,0.13,0.65,-0.21,0.05,470,438,429,337,388
4.22,-7.70,-0.22,0.60,-0.19,-0.01,470,438,429,337,388
4.29,-7.98,0.80,0.71,-0.18,-0.01,469,438,430,337,388
4.24,-8.31,1.45,0.76,-0.15,0.06,470,438,429,337,388
5.00,-7.65,2.31,0.75,-0.30,0.04,469,438,429,337,389
4.18,-7.18,2.40,0.71,-0.39,0.12,470,438,429,337,389
3.29,-8.54,4.11,0.78,-0.36,0.07,470,438,429,337,389
5.18,-8.42,3.63,0.64,-0.29,-0.03,470,438,429,337,389
3.36,-8.28,4.48,0.61,-0.24,0.11,470,438,429,337,389
3.57,-8.14,4.49,0.52,-0.14,0.23,470,438,429,337,389
3.12,-8.11,5.39,0.39,-0.13,0.16,470,438,429,337,389
3.58,-8.61,5.78,0.26,-0.15,0.11,470,438,429,337,389
3.58,-8.07,4.62,0.05,-0.17,0.03,470,438,429,337,389
3.21,-7.73,4.39,0.06,-0.11,0.03,470,438,429,337,389
3.25,-7.65,4.49,-0.01,-0.08,0.02,470,437,429,337,388
3.88,-7.57,4.16,-0.00,-0.07,0.03,469,438,429,337,388
4.24,-7.65,4.46,0.00,-0.07,-0.03,469,437,429,337,389
4.31,-7.89,4.64,-0.05,-0.10,0.03,469,438,429,336,388
5.21,-8.37,4.97,-0.09,-0.18,0.09,469,438,429,336,388
4.91,-8.38,4.50,-0.17,-0.27,0.08,470,438,429,336,388
4.58,-8.41,3.63,-0.32,-0.41,0.20,469,438,429,337,388
4.27,-8.48,3.77,-0.35,-0.54,0.17,469,438,429,336,388
4.03,-8.28,2.38,-0.40,-0.57,0.21,470,438,429,337,388
4.03,-8.48,2.23,-0.31,-0.51,0.33,469,439,429,337,388
2.46,-7.91,0.98,-0.27,-0.49,0.32,470,439,429,337,388
2.35,-8.13,0.73,-0.18,-0.58,0.03,470,440,429,336,388
2.18,-8.28,0.49,-0.27,-0.66,-0.05,471,440,429,337,388
2.77,-8.54,-0.04,-0.30,-0.61,0.01,471,439,429,337,388
2.04,-8.50,-0.79,-0.33,-0.55,-0.00,472,439,429,337,388
1.46,-8.14,-1.59,-0.24,-0.40,-0.04,473,439,429,337,388
1.56,-8.10,-2.44,-0.20,-0.16,0.00,472,439,429,337,388
1.82,-8.00,-2.38,0.03,0.03,-0.05,472,439,429,337,388
2.78,-8.54,-2.02,0.10,0.07,-0.09,471,439,429,337,388
2.99,-8.69,-2.09,0.11,0.08,-0.12,471,439,429,337,388
END
3.32,-8.97,-1.60,0.11,0.09,-0.03,470,435,430,337,388
5.53,-6.98,-2.73,0.11,-0.08,-0.05,470,435,430,337,389
5.77,-6.25,-2.99,0.21,-0.07,-0.08,470,435,430,337,389
6.81,-6.14,-2.41,0.38,-0.12,-0.06,469,434,430,337,390
6.82,-6.65,-2.23,0.55,-0.19,0.06,469,435,430,337,390
5.05,-6.41,-1.85,0.67,-0.05,0.23,469,434,430,337,391
4.36,-6.92,-1.29,0.93,0.05,0.31,469,435,430,337,392
4.62,-6.04,-0.62,0.75,-0.08,0.15,469,435,430,337,392
4.63,-5.66,0.48,0.96,-0.05,0.36,469,435,430,337,392
3.11,-7.48,1.97,1.10,-0.13,0.59,470,435,430,337,392
4.01,-8.68,3.52,0.93,-0.19,0.28,470,434,430,336,392
3.05,-9.50,5.55,0.92,-0.24,0.34,469,434,430,336,392
2.97,-9.45,5.19,0.71,-0.31,0.27,469,434,430,336,391
2.95,-9.23,5.39,0.49,-0.22,0.20,469,434,430,336,391
1.56,-8.97,5.64,0.43,-0.20,0.23,469,434,430,336,391
3.47,-8.61,5.99,0.25,-0.25,-0.02,469,435,430,336,391
1.92,-7.71,4.94,0.02,-0.19,0.08,469,434,430,336,391
2.48,-7.66,4.30,0.08,-0.18,0.01,469,435,430,336,391
1.97,-7.67,4.54,0.02,-0.13,0.05,469,435,429,336,391
3.04,-7.92,4.38,0.05,-0.13,-0.10,469,435,430,336,391
2.79,-7.69,4.36,0.00,-0.06,-0.01,469,435,429,336,391
3.57,-7.87,4.67,0.00,-0.08,-0.04,469,435,430,336,391
2.95,-7.86,4.44,-0.03,-0.07,-0.01,468,436,429,336,390
3.77,-8.39,5.38,0.00,-0.12,-0.02,468,437,429,336,391
3.50,-8.29,4.94,-0.21,-0.25,0.01,468,437,429,336,390
4.01,-8.20,3.96,-0.21,-0.29,0.01,468,437,429,336,389
3.76,-8.51,3.76,-0.27,-0.33,0.09,468,437,429,336,390
3.99,-8.54,3.21,-0.26,-0.37,0.08,468,437,429,336,389
3.41,-8.54,2.76,-0.31,-0.41,0.11,468,437,429,337,390
3.58,-8.67,2.44,-0.31,-0.47,0.07,468,438,429,336,390
3.32,-8.66,1.67,-0.39,-0.49,0.08,469,437,429,336,389
3.16,-8.56,1.03,-0.36,-0.50,0.03,469,438,429,336,390
2.63,-8.74,0.85,-0.32,-0.46,0.01,469,439,429,336,389
3.28,-8.61,-0.08,-0.31,-0.52,-0.09,468,440,428,336,389
3.14,-8.65,-0.39,-0.30,-0.48,0.01,468,440,428,336,388
3.03,-8.25,-1.50,-0.30,-0.53,-0.10,469,439,429,337,388
END
2.50,-7.70,-2.15,-0.19,-0.44,-0.01,469,430,431,337,393
4.97,-7.59,-2.03,0.15,0.01,-0.03,469,430,431,338,394
5.59,-7.26,-2.11,0.18,-0.02,-0.03,470,429,431,338,397
5.41,-7.06,-1.93,0.30,-0.04,0.06,472,427,431,338,400
4.74,-7.51,-1.66,0.45,-0.07,0.01,472,427,431,338,401
4.65,-7.42,-1.29,0.48,-0.04,-0.04,472,427,431,338,401
5.46,-7.26,-0.83,0.52,-0.07,-0.00,472,427,431,338,400
5.71,-6.58,-0.49,0.65,-0.16,-0.01,472,427,430,338,400
5.21,-7.37,0.72,0.76,-0.33,0.10,472,427,431,338,400
5.44,-7.70,1.11,0.91,-0.30,0.12,472,427,431,338,399
3.79,-7.52,1.90,0.92,-0.23,0.22,472,427,431,338,399
4.18,-7.64,2.41,1.16,-0.22,0.03,472,428,431,338,399
3.78,-7.36,4.18,1.04,-0.30,0.07,472,428,431,338,399
4.19,-7.99,5.55,0.95,-0.13,0.34,472,429,431,338,400
3.72,-7.05,5.66,0.62,-0.16,0.24,472,428,431,338,398
3.18,-6.90,5.76,0.53,-0.15,0.17,472,429,431,338,398
4.07,-7.11,6.35,0.48,-0.07,0.20,472,428,430,338,398
3.70,-7.57,7.29,0.29,-0.11,0.08,471,429,431,338,398
3.81,-7.48,6.59,0.10,-0.09,0.02,471,428,430,337,398
3.45,-7.06,5.69,-0.09,-0.12,-0.04,471,429,430,338,397
3.08,-6.73,5.15,-0.10,0.01,0.13,471,430,430,337,397
3.50,-6.87,5.47,-0.06,-0.03,0.02,471,429,430,337,396
4.19,-6.93,5.72,-0.01,-0.05,-0.02,471,430,430,337,396
3.87,-6.91,5.53,-0.06,-0.02,0.09,471,430,430,338,396
4.38,-7.19,5.31,-0.11,-0.09,0.02,471,430,430,337,396
4.28,-7.24,5.20,-0.14,-0.14,0.01,470,431,430,337,396
4.98,-7.65,5.06,-0.22,-0.21,0.10,470,431,430,337,396
4.94,-8.13,4.58,-0.28,-0.30,0.19,470,432,430,337,395
4.64,-8.38,4.27,-0.38,-0.39,0.30,470,434,430,337,396
4.31,-8.66,3.68,-0.40,-0.51,0.20,470,435,430,337,393
3.95,-8.73,3.26,-0.51,-0.55,0.38,469,435,429,337,393
3.91,-8.86,2.45,-0.62,-0.73,0.22,470,436,430,337,392
2.95,-8.40,1.06,-0.69,-0.94,0.27,471,436,430,337,392
2.33,-7.87,-0.09,-0.57,-0.53,0.34,471,437,430,337,392
0.62,-7.42,-1.17,-0.45,-0.45,0.28,471,437,430,337,391
0.77,-7.80,-1.49,-0.34,-0.55,0.03,471,437,430,337,391
END
0.32,-7.80,-2.30,-0.31,-0.44,-0.07,466,437,427,337,389
4.73,-8.05,-1.92,0.08,-0.04,-0.01,466,437,427,337,389
4.75,-7.67,-2.12,0.10,-0.03,-0.05,466,437,427,337,389
5.12,-7.59,-1.95,0.14,0.00,0.01,466,436,426,337,389
4.87,-7.42,-1.94,0.19,-0.01,-0.07,466,436,426,337,389
5.29,-7.31,-1.90,0.36,0.06,-0.01,467,434,427,337,392
5.08,-6.35,-1.18,0.63,0.10,0.04,467,432,427,337,397
6.40,-6.45,-0.51,0.79,-0.07,0.12,468,430,428,338,399
4.16,-6.99,0.29,0.73,-0.30,0.10,467,430,427,338,398
4.31,-7.52,0.11,0.84,-0.25,0.11,468,430,428,337,398
3.57,-6.86,0.50,0.97,-0.16,0.27,468,429,428,338,397
3.10,-7.82,3.45,1.01,-0.12,0.44,468,430,428,337,397
3.77,-8.38,4.55,0.84,-0.14,0.31,468,429,428,337,397
2.92,-8.00,4.75,0.76,-0.21,0.21,468,430,428,337,396
3.51,-7.57,4.92,0.65,-0.26,0.15,468,430,428,337,396
2.99,-7.55,5.62,0.58,-0.33,-0.04,468,430,427,337,396
3.53,-8.26,6.70,0.47,-0.24,0.18,468,429,427,337,396
3.07,-8.28,6.31,0.27,-0.17,0.11,468,430,427,337,395
2.94,-7.92,5.98,0.11,-0.19,0.04,468,430,427,337,395
2.55,-7.53,5.68,0.03,-0.11,0.08,468,430,427,337,395
2.99,-7.11,5.22,-0.01,-0.11,-0.00,468,431,428,337,395
2.85,-7.06,5.31,-0.08,-0.12,-0.00,468,431,428,337,395
3.52,-7.00,5.04,-0.06,-0.14,-0.08,468,432,429,337,395
3.75,-6.97,4.57,-0.10,-0.09,0.00,468,432,429,337,395
3.88,-7.48,4.95,0.00,-0.06,-0.03,468,431,429,337,394
4.42,-7.77,5.06,-0.11,-0.12,-0.00,468,432,429,338,394
4.85,-8.13,5.19,-0.15,-0.22,0.07,468,432,429,337,394
4.74,-8.56,4.82,-0.25,-0.26,0.20,468,432,429,337,394
4.54,-8.69,4.29,-0.38,-0.38,0.24,468,432,429,337,394
3.65,-8.59,3.53,-0.44,-0.42,0.25,468,433,429,337,393
3.29,-8.23,2.35,-0.40,-0.49,0.25,468,434,429,337,393
3.43,-7.99,2.09,-0.25,-0.68,0.18,469,435,429,338,392
4.34,-8.50,1.89,-0.51,-0.94,0.16,469,436,430,337,392
3.15,-8.76,0.62,-0.53,-0.82,0.32,470,435,430,337,391
2.20,-9.04,0.04,-0.50,-0.78,0.18,470,436,429,337,391
0.77,-8.48,-1.17,-0.48,-0.51,0.11,470,436,429,337,391
END
0.88,-8.20,-1.77,-0.40,-0.38,0.01,472,439,425,338,386
4.91,-7.59,-2.05,0.07,-0.16,-0.04,472,439,425,339,386
5.02,-7.10,-1.90,0.18,-0.11,0.02,472,439,426,338,387
5.65,-7.14,-1.68,0.31,-0.03,0.28,473,438,426,337,388
3.45,-7.37,-1.48,0.45,-0.01,0.37,475,438,427,337,388
4.92,-7.33,-1.00,0.57,-0.15,0.08,475,437,427,338,389
4.66,-6.93,-0.24,0.73,-0.28,0.10,474,437,428,338,390
4.01,-6.81,-0.06,0.82,-0.50,0.05,474,436,428,337,391
3.40,-8.21,1.59,0.97,-0.44,0.25,474,436,428,338,391
3.46,-7.66,1.54,0.73,-0.46,0.23,475,436,427,338,391
1.73,-7.54,2.13,0.90,-0.34,0.35,476,436,428,337,391
1.85,-8.18,3.38,0.89,-0.31,0.18,475,435,427,337,391
2.52,-8.33,4.65,0.93,-0.18,0.22,475,434,427,337,392
2.48,-8.82,5.99,0.72,-0.20,0.27,475,435,427,337,391
2.27,-8.46,5.64,0.60,-0.25,0.20,475,434,427,337,391
1.67,-8.42,6.17,0.45,-0.18,0.18,475,435,427,337,391
1.72,-8.33,6.55,0.31,-0.08,0.16,476,435,428,337,391
1.94,-7.66,5.94,0.21,-0.13,-0.03,477,435,428,337,391
2.38,-7.37,6.03,0.13,-0.14,-0.07,478,435,428,337,391
2.14,-7.43,5.79,0.02,-0.11,-0.03,477,435,428,337,391
2.43,-7.25,5.53,0.01,-0.09,-0.01,477,435,428,338,391
2.29,-7.21,5.82,0.02,-0.08,-0.02,477,435,428,337,391
2.46,-7.15,5.50,-0.00,-0.03,0.01,477,435,428,337,391
2.77,-7.09,5.46,-0.02,-0.06,-0.05,477,435,428,337,390
2.33,-7.10,5.18,-0.00,-0.08,-0.10,477,435,428,337,390
3.89,-7.54,5.72,-0.01,-0.13,-0.11,476,435,427,336,390
3.35,-7.57,5.44,-0.09,-0.14,-0.01,476,435,428,337,390
3.77,-7.90,5.45,-0.17,-0.19,0.08,476,436,428,337,390
3.67,-8.12,5.30,-0.21,-0.28,0.05,476,435,428,337,390
4.05,-8.38,4.92,-0.25,-0.38,0.12,476,436,428,337,390
4.15,-8.49,4.57,-0.30,-0.55,0.14,476,436,428,337,391
3.83,-8.94,4.58,-0.44,-0.60,0.27,476,437,428,337,390
3.40,-8.69,3.01,-0.56,-0.64,0.14,476,437,428,337,389
2.69,-8.16,1.77,-0.45,-0.63,0.12,475,437,428,337,389
2.35,-7.90,0.78,-0.50,-0.60,0.21,475,437,428,336,389
2.19,-7.81,0.24,-0.46,-0.64,0.14,475,437,428,337,389
END
2.13,-7.77,-0.58,-0.38,-0.57,0.12,467,436,426,338,388
4.54,-8.47,-1.08,0.06,-0.14,-0.07,467,436,426,338,388
4.64,-8.45,-1.31,0.06,-0.14,-0.12,467,436,426,338,387
4.58,-8.11,-1.31,0.06,-0.14,-0.06,467,436,426,338,387
4.52,-7.81,-1.30,0.08,-0.16,-0.07,467,436,426,338,387
4.52,-7.51,-1.44,0.17,-0.14,-0.03,468,437,426,338,387
4.90,-7.18,-1.30,0.31,-0.18,-0.02,468,437,426,338,387
5.79,-7.01,-0.96,0.36,-0.19,-0.00,468,437,426,338,387
5.38,-6.77,-0.73,0.52,-0.31,0.01,468,436,426,338,387
5.14,-6.69,-0.66,0.73,-0.39,0.09,469,436,426,338,389
4.13,-6.72,0.28,0.91,-0.47,0.13,470,433,426,338,391
4.52,-7.11,1.08,0.91,-0.40,0.11,470,432,427,338,392
3.30,-7.83,2.49,0.91,-0.31,0.27,470,432,427,338,392
3.67,-7.82,2.72,0.93,-0.26,0.26,470,432,426,338,392
3.08,-7.28,3.32,0.98,-0.24,0.17,470,432,427,338,392
2.05,-8.20,5.87,0.94,-0.17,0.35,470,432,427,338,392
3.45,-8.98,6.57,0.69,-0.15,0.22,470,431,427,337,392
2.58,-7.55,5.56,0.50,-0.01,0.15,470,431,427,337,392
2.66,-7.37,5.98,0.51,-0.13,0.17,470,431,427,337,392
3.04,-7.64,7.01,0.32,-0.19,0.14,469,431,426,337,392
2.63,-7.71,6.60,0.26,-0.18,0.10,469,431,427,337,391
2.53,-7.72,6.44,0.07,-0.14,0.11,469,431,427,337,391
2.56,-7.35,6.11,0.00,-0.15,-0.05,469,432,426,337,391
2.73,-7.04,5.84,-0.05,-0.10,-0.00,469,431,427,336,391
3.04,-6.78,5.74,-0.04,-0.11,-0.05,469,432,427,337,391
2.96,-6.69,5.53,-0.06,-0.09,-0.01,469,432,427,337,391
2.94,-6.67,5.48,-0.03,-0.06,0.00,469,432,427,336,391
2.98,-6.91,5.77,-0.04,-0.08,-0.01,469,432,427,336,391
3.23,-6.89,5.08,-0.01,-0.09,-0.04,469,432,427,337,391
3.22,-6.95,5.01,-0.00,-0.10,-0.04,469,432,426,336,390
3.22,-7.20,4.90,-0.04,-0.07,0.04,469,432,427,336,390
3.62,-7.60,5.20,-0.04,-0.11,0.01,469,432,427,336,390
4.27,-8.00,5.25,-0.11,-0.18,-0.00,469,433,427,336,390
4.56,-8.53,5.78,-0.21,-0.21,0.13,469,433,427,336,390
4.85,-9.01,5.29,-0.39,-0.38,0.13,469,435,426,336,390
5.13,-9.32,5.03,-0.58,-0.57,0.20,469,435,427,337,389
END
4.03,-8.97,3.53,-0.77,-0.69,0.28,465,435,426,337,386
4.90,-7.85,-1.62,0.21,-0.07,0.03,466,434,426,337,386
4.92,-7.94,-1.42,0.18,-0.08,-0.09,466,434,426,337,386
5.35,-7.67,-1.46,0.23,-0.06,-0.03,466,434,426,337,386
5.28,-7.09,-1.56,0.31,-0.09,-0.04,466,434,426,337,386
5.71,-6.93,-1.41,0.40,-0.15,-0.00,466,434,426,337,386
6.27,-6.25,-1.44,0.58,-0.27,-0.00,466,434,426,337,388
4.90,-6.62,-0.84,0.92,-0.14,0.34,467,434,426,337,388
3.17,-7.98,1.00,0.82,-0.18,0.34,467,434,426,337,388
5.05,-8.28,1.17,0.76,-0.15,0.22,467,434,427,337,389
3.62,-7.69,2.51,0.71,-0.24,0.18,467,434,426,337,389
4.97,-7.94,2.66,0.59,-0.40,0.07,467,434,427,337,389
3.45,-6.99,2.71,0.80,-0.25,0.14,468,433,427,337,390
3.71,-8.03,4.29,0.90,-0.17,0.33,468,433,427,337,391
3.17,-8.43,5.00,0.80,-0.22,0.31,468,433,427,336,390
2.76,-9.27,6.11,0.49,-0.25,0.23,468,432,427,337,390
2.52,-9.39,5.89,0.20,-0.23,0.10,468,433,427,337,390
2.28,-8.54,4.84,0.10,-0.18,0.00,468,433,427,337,389
2.63,-8.37,5.00,0.01,-0.13,0.00,467,433,427,337,389
3.57,-8.35,5.08,-0.05,-0.11,0.04,467,433,427,337,389
3.79,-8.21,4.62,-0.16,-0.18,0.05,467,434,427,337,389
3.89,-8.35,4.57,-0.19,-0.20,0.13,467,434,427,337,389
4.75,-9.20,5.02,-0.06,-0.17,0.11,467,435,427,337,388
3.81,-8.97,5.39,-0.36,-0.34,0.07,467,436,426,337,388
4.01,-8.27,3.47,-0.57,-0.50,0.06,466,435,426,337,388
3.01,-7.82,2.03,-0.67,-0.68,0.03,466,435,426,337,388
3.84,-8.23,1.11,-0.63,-1.16,-0.04,467,434,426,337,388
3.60,-7.92,0.11,-0.41,-1.15,0.19,468,435,427,337,387
2.33,-8.14,-0.80,-0.43,-0.65,0.27,469,435,427,337,387
1.80,-8.04,-1.53,-0.22,-0.53,0.07,469,435,427,337,387
1.49,-8.49,-1.61,-0.19,-0.45,0.06,469,435,427,336,387
1.03,-8.41,-2.12,-0.16,-0.35,0.04,469,435,427,336,387
0.88,-7.95,-3.02,-0.14,-0.24,-0.05,469,436,427,337,387
1.46,-8.06,-2.91,-0.03,-0.11,-0.10,469,435,427,337,387
1.20,-8.28,-2.85,0.08,0.04,-0.06,469,436,427,337,387
2.83,-8.86,-2.41,0.15,0.10,-0.07,469,435,427,336,386
END