9.79,-0.70,-0.27,0.04,-0.03,-0.03,439,429,303,338,398
9.49,-0.66,-0.71,-0.02,0.05,-0.02,439,429,303,339,398
9.45,-0.60,-1.09,-0.07,0.00,-0.09,439,429,303,339,398
10.06,-0.27,-1.64,-0.05,0.01,-0.02,439,429,304,339,398
9.81,-0.50,-0.67,0.07,-0.00,0.07,439,429,303,339,398
10.40,-0.58,-0.99,0.08,-0.13,-0.07,439,430,302,339,397
10.01,-0.92,-0.17,0.06,-0.02,0.05,439,429,303,339,398
9.72,-0.83,-0.36,0.02,-0.05,-0.01,439,429,303,339,397
9.75,-0.75,-1.07,-0.02,-0.01,0.02,439,429,303,339,397
8.84,-0.60,-1.00,-0.00,-0.03,-0.05,439,429,303,339,398
9.26,-0.46,-1.33,0.02,-0.03,-0.11,439,429,303,339,398
9.88,-0.45,-0.99,0.06,0.05,-0.04,439,429,303,339,397
10.04,-0.68,-0.43,0.04,0.02,-0.02,439,429,303,339,397
9.73,-0.91,-0.48,0.05,-0.03,-0.07,439,429,303,339,398
9.23,-0.73,-0.88,0.04,0.02,-0.06,439,429,303,339,397
9.93,-0.61,-1.27,0.05,0.03,-0.05,439,429,303,339,397
10.10,-0.81,-0.72,0.06,0.03,0.00,439,428,303,339,397
10.16,-0.62,-0.67,0.02,0.01,0.02,439,429,303,339,397
9.55,-0.61,-0.75,-0.01,-0.06,-0.02,439,429,303,339,398
9.20,-0.63,-0.91,0.00,-0.07,-0.06,439,429,303,339,397
9.46,-0.70,-1.06,0.02,-0.02,-0.07,439,429,303,339,397
9.94,-0.66,-1.06,0.06,0.04,-0.06,439,429,303,339,397
10.29,-0.67,-0.65,0.06,0.05,0.03,438,429,303,339,397
9.65,-0.87,-0.52,0.03,-0.03,-0.05,439,429,303,339,397
9.46,-0.69,-1.28,0.01,0.00,-0.04,439,429,303,339,397
9.73,-0.73,-1.06,0.04,0.02,-0.03,439,429,303,339,397
10.14,-0.73,-0.78,0.06,0.05,0.02,438,429,303,339,397
9.83,-0.71,-0.55,0.00,0.02,-0.00,438,429,303,339,397
9.19,-0.73,-1.00,0.02,-0.04,-0.08,439,429,303,339,397
9.34,-0.72,-1.35,0.07,0.02,-0.04,439,429,303,339,397
9.94,-0.79,-0.70,0.04,0.10,0.05,439,429,303,339,397
9.83,-0.73,-0.67,0.10,0.01,-0.05,439,429,303,339,397
9.69,-0.75,-0.82,0.10,-0.05,-0.10,439,429,303,339,397
9.86,-0.87,-0.73,0.11,-0.01,-0.03,438,429,303,339,397
9.65,-0.88,-0.66,0.09,-0.03,-0.00,438,429,303,339,397
9.36,-0.84,-0.48,0.05,-0.03,0.02,438,429,304,339,397
END
9.32,-0.78,-0.61,-0.01,-0.06,-0.07,437,428,303,338,396
9.87,-0.44,-1.17,0.02,-0.01,-0.05,438,429,303,338,395
9.83,-0.47,-1.14,0.02,-0.00,-0.03,438,429,303,339,396
9.81,-0.56,-1.10,0.04,-0.02,-0.04,438,429,303,338,396
9.63,-0.59,-0.90,0.04,-0.02,-0.03,438,429,303,339,395
9.66,-0.57,-0.89,0.04,-0.01,-0.02,438,429,303,338,396
9.64,-0.62,-0.84,0.02,0.00,-0.03,438,429,303,338,396
9.63,-0.58,-0.96,0.03,0.00,-0.04,438,428,303,338,395
9.41,-0.61,-1.05,0.03,0.01,-0.03,438,428,303,338,395
9.67,-0.50,-0.86,0.03,0.00,-0.05,438,428,302,338,395
9.70,-0.52,-1.20,0.07,0.01,-0.05,438,428,303,338,396
9.90,-0.53,-1.03,0.05,0.00,-0.04,438,428,302,338,395
9.61,-0.57,-0.87,0.07,-0.01,-0.05,437,428,303,338,395
9.78,-0.60,-0.79,0.06,0.00,-0.02,438,429,303,339,395
9.78,-0.55,-0.90,0.01,-0.02,-0.04,438,429,303,338,395
9.69,-0.49,-0.96,0.06,0.00,-0.02,438,429,303,339,395
9.56,-0.56,-1.01,0.04,-0.01,-0.03,438,429,303,338,395
9.68,-0.50,-0.90,0.03,-0.00,-0.04,437,429,303,339,395
9.83,-0.50,-1.06,0.03,-0.01,-0.05,437,428,302,338,395
9.73,-0.52,-1.04,0.03,-0.01,-0.04,437,429,303,338,395
9.76,-0.55,-0.93,0.04,-0.00,-0.03,437,429,303,338,395
9.70,-0.70,-1.03,0.02,-0.01,-0.03,437,429,303,339,395
9.70,-0.63,-1.13,0.00,-0.01,-0.02,437,429,303,338,395
9.55,-0.51,-1.13,0.04,-0.02,-0.04,437,429,303,338,395
9.72,-0.46,-1.12,0.05,0.00,-0.03,437,429,303,338,395
9.73,-0.57,-1.03,0.03,-0.00,-0.04,437,429,303,338,395
9.76,-0.56,-0.91,0.03,-0.01,-0.03,437,429,303,338,395
9.66,-0.58,-0.98,0.02,-0.01,-0.04,437,429,303,339,395
9.73,-0.56,-0.96,0.02,0.01,-0.02,437,429,303,338,395
9.68,-0.54,-0.83,0.03,0.02,-0.02,437,428,303,338,395
10.13,-0.61,-0.88,0.01,0.05,0.07,437,429,302,339,395
9.68,-0.73,-0.98,-0.03,0.17,0.26,437,429,303,338,395
9.75,-1.04,-0.79,-0.07,0.03,0.16,437,429,303,338,395
9.26,-1.36,-0.96,-0.02,0.08,0.19,437,429,303,338,395
9.14,-1.66,-0.58,0.03,0.01,0.05,437,429,303,338,395
9.41,-1.65,-0.67,0.07,-0.05,-0.11,437,429,303,339,395
END
9.61,-1.45,-0.75,0.04,-0.01,-0.09,437,428,303,339,394
9.66,-1.59,-0.64,0.04,-0.01,-0.03,437,428,303,339,395
9.46,-1.60,-0.56,0.05,-0.02,-0.04,437,428,303,339,395
9.39,-1.51,-0.54,0.04,-0.03,-0.05,437,428,303,339,395
9.60,-1.54,-0.55,0.03,-0.03,-0.07,436,428,303,339,395
9.56,-1.41,-0.69,0.03,-0.02,-0.07,437,428,303,339,394
9.59,-1.51,-0.71,0.02,-0.01,-0.07,437,428,303,339,395
9.66,-1.53,-0.70,0.02,-0.01,-0.07,436,428,303,339,395
9.67,-1.51,-0.73,0.02,-0.03,-0.08,437,428,303,339,395
9.55,-1.43,-0.76,0.01,-0.01,-0.05,437,428,303,339,395
9.48,-1.36,-0.78,0.02,-0.01,-0.06,437,428,303,339,395
9.53,-1.27,-0.90,0.02,-0.00,-0.06,437,428,303,338,395
9.80,-1.27,-0.73,0.03,-0.01,-0.07,437,428,303,338,395
9.68,-1.16,-0.92,0.05,-0.02,-0.08,437,429,303,339,395
9.63,-1.23,-0.86,0.05,-0.03,-0.07,437,428,303,338,395
9.73,-1.22,-0.75,0.06,-0.00,-0.04,437,428,303,339,395
9.50,-1.11,-0.65,0.07,0.01,-0.04,437,428,303,338,395
9.46,-1.23,-0.70,0.06,-0.00,-0.06,437,428,303,339,395
9.65,-1.13,-0.76,0.04,0.00,-0.07,437,428,303,339,395
9.96,-1.04,-0.78,0.04,0.02,-0.05,437,428,303,338,395
9.95,-1.26,-0.65,0.06,-0.00,-0.02,437,428,303,339,395
9.56,-1.21,-0.50,0.02,-0.01,-0.00,437,428,303,338,395
9.58,-0.97,-0.86,0.02,-0.00,-0.01,437,428,303,339,395
9.56,-1.03,-1.05,0.04,0.01,-0.02,437,428,303,339,395
9.60,-1.22,-0.70,0.05,0.02,-0.04,437,428,303,339,395
9.58,-1.31,-0.72,0.04,0.02,-0.03,437,428,303,339,395
9.68,-1.24,-0.65,0.03,-0.00,-0.04,437,428,303,339,395
9.60,-1.23,-0.65,0.01,-0.01,-0.03,436,428,303,338,395
9.54,-1.21,-0.67,0.02,-0.01,-0.05,436,428,303,338,395
9.63,-1.12,-0.73,0.02,0.01,-0.02,436,428,303,339,395
9.68,-1.10,-0.75,0.03,0.00,-0.04,436,428,303,338,395
9.60,-1.18,-0.74,0.03,0.00,-0.04,437,428,303,339,395
9.78,-1.21,-0.52,0.03,0.00,-0.04,437,428,303,339,395
9.64,-1.16,-0.72,0.05,-0.01,-0.04,437,428,302,338,395
9.65,-1.19,-0.70,0.01,0.00,-0.01,437,429,303,339,395
9.73,-1.18,-0.69,0.00,-0.01,-0.03,437,429,303,339,395
END
9.55,-1.08,-0.78,0.05,-0.01,-0.03,436,427,302,338,395
9.60,-0.93,-0.93,0.03,-0.00,-0.02,436,427,302,339,394
9.78,-1.05,-0.95,0.03,-0.00,-0.04,436,427,302,338,395
9.53,-0.97,-0.81,0.04,-0.01,-0.03,436,427,302,338,395
9.76,-1.02,-0.76,0.03,-0.01,-0.04,436,427,302,338,394
9.73,-0.93,-0.96,0.03,0.00,-0.02,436,427,302,339,395
9.69,-0.95,-0.89,0.03,-0.01,-0.04,436,427,302,339,395
9.62,-0.93,-0.90,0.01,-0.01,-0.02,436,427,302,339,395
9.69,-0.83,-0.99,0.03,-0.01,-0.05,436,427,302,338,395
9.60,-0.91,-0.88,0.03,0.00,-0.03,436,427,302,339,395
9.58,-0.99,-0.91,0.04,0.01,-0.04,436,427,302,338,395
9.70,-1.09,-0.90,0.03,0.00,-0.04,436,427,302,339,395
9.77,-1.08,-0.89,0.03,-0.00,-0.03,436,427,302,338,394
9.80,-1.05,-1.00,0.03,-0.01,-0.03,436,427,302,339,394
9.68,-0.97,-0.92,0.04,-0.01,-0.03,436,426,302,339,395
9.52,-0.92,-0.96,0.04,-0.00,-0.03,436,427,302,338,395
9.58,-0.93,-1.02,0.03,-0.00,-0.03,436,427,303,339,395
9.73,-0.90,-1.08,0.04,-0.00,-0.05,436,427,302,339,395
9.78,-0.95,-1.01,0.04,0.01,-0.03,436,426,302,339,395
9.71,-1.03,-0.77,0.04,-0.00,-0.04,436,427,302,339,395
9.58,-1.03,-0.83,0.03,0.01,-0.03,436,427,302,339,395
9.60,-1.03,-0.95,0.04,0.02,-0.04,436,427,302,339,395
9.74,-0.88,-0.91,0.09,0.03,-0.05,436,427,303,339,394
9.69,-1.00,-0.92,0.07,-0.01,-0.07,436,427,302,339,394
9.69,-1.08,-0.90,0.04,0.00,-0.02,436,427,302,338,394
9.78,-1.13,-0.86,0.04,0.01,-0.02,436,426,302,338,394
9.71,-1.05,-0.80,0.04,0.02,-0.01,436,427,302,339,394
9.76,-1.01,-0.83,0.06,0.02,0.01,436,427,302,339,394
9.57,-1.03,-0.69,0.07,-0.00,-0.03,436,427,302,339,394
9.65,-1.12,-0.67,0.06,-0.01,-0.04,436,427,302,339,395
9.63,-1.08,-0.84,0.05,-0.01,-0.04,436,426,302,339,395
9.69,-1.07,-0.83,0.05,-0.00,-0.03,436,426,302,339,394
9.67,-1.07,-0.83,0.06,0.01,-0.02,436,426,302,339,394
9.70,-1.19,-0.64,0.04,-0.00,-0.03,436,426,302,338,394
9.61,-1.21,-0.73,0.04,0.00,-0.02,436,426,302,339,394
9.68,-1.06,-0.70,0.02,0.00,-0.02,436,426,302,339,394
END
9.60,-1.11,-0.78,0.01,0.00,-0.04,435,425,302,339,394
9.85,-0.98,-0.77,0.03,-0.02,-0.04,435,426,302,339,394
9.63,-1.16,-0.66,0.03,0.01,-0.01,435,426,302,339,394
9.59,-0.93,-0.71,0.02,-0.01,-0.03,435,426,302,339,394
9.47,-0.91,-0.73,0.01,0.01,-0.03,435,426,302,339,394
9.60,-0.91,-0.90,0.02,-0.00,-0.05,435,425,302,339,394
9.64,-1.03,-0.83,0.03,0.01,-0.05,435,425,302,339,394
9.79,-1.01,-0.88,0.05,0.00,-0.05,435,425,304,339,394
9.73,-1.11,-0.61,0.03,-0.00,-0.04,435,425,302,338,394
9.60,-1.11,-0.67,0.02,-0.01,-0.04,435,425,302,339,394
9.65,-0.97,-0.74,0.02,0.00,-0.02,435,425,301,339,394
9.55,-0.88,-0.80,0.04,0.00,-0.03,435,426,302,338,394
9.68,-0.95,-0.90,0.04,0.01,-0.04,435,425,302,339,394
9.73,-1.00,-0.85,0.05,-0.00,-0.05,435,425,302,339,394
9.82,-1.06,-0.86,0.04,0.00,-0.03,435,425,302,339,394
9.69,-1.13,-0.79,0.04,-0.00,-0.04,435,425,302,339,394
9.68,-1.03,-0.73,0.03,-0.01,-0.02,435,425,302,339,394
9.51,-1.03,-0.72,0.03,-0.00,-0.02,435,425,302,339,394
9.45,-0.93,-0.78,0.03,0.00,-0.04,435,425,302,339,394
9.61,-0.90,-0.87,0.03,0.00,-0.06,435,425,302,339,394
9.67,-1.09,-0.61,0.06,0.01,-0.05,435,425,302,339,394
9.89,-1.10,-0.68,0.04,-0.01,-0.05,435,425,302,339,394
9.91,-1.17,-0.75,0.03,0.00,-0.03,435,425,302,338,394
9.72,-1.02,-0.54,-0.02,-0.00,-0.02,435,425,302,339,394
9.38,-0.96,-0.60,-0.02,0.01,-0.04,435,425,302,339,395
9.60,-0.80,-0.99,-0.02,0.02,-0.04,435,425,302,339,394
9.63,-0.89,-1.03,-0.00,0.00,-0.06,435,425,302,339,394
9.78,-0.93,-0.96,0.02,0.00,-0.05,435,425,302,339,394
9.63,-0.97,-0.95,0.01,-0.01,-0.05,435,425,302,339,394
9.63,-0.83,-0.83,0.05,-0.00,-0.05,435,425,303,339,394
9.59,-0.84,-1.06,0.11,-0.02,-0.06,435,425,302,339,394
9.83,-0.76,-1.11,0.16,0.01,-0.03,435,425,302,339,394
10.10,-0.70,-0.95,0.21,-0.01,-0.04,435,425,302,339,394
9.66,-1.08,-0.90,0.21,-0.01,-0.01,435,425,303,339,394
9.83,-1.23,-0.42,0.18,-0.02,0.01,435,425,303,339,394
9.71,-1.12,-0.32,0.12,-0.02,0.03,435,425,303,339,394
END
9.65,-1.08,-0.17,0.06,-0.05,0.03,434,426,303,340,393
9.48,-0.69,-0.80,0.07,0.00,-0.07,434,426,304,340,394
9.32,-0.67,-1.06,0.07,0.01,-0.09,434,426,303,340,393
10.21,-0.68,-0.67,0.07,0.03,-0.06,433,426,304,339,393
10.11,-0.80,-0.39,0.07,-0.00,-0.01,434,426,303,340,393
9.63,-0.68,-0.62,0.01,-0.04,-0.02,433,426,303,339,393
9.38,-0.75,-0.81,0.01,-0.03,-0.02,433,426,304,339,393
9.68,-0.86,-0.98,0.05,0.01,-0.02,434,426,304,339,393
9.58,-0.88,-0.85,0.05,0.04,-0.00,434,426,304,339,394
9.68,-0.84,-0.85,0.01,0.01,-0.03,433,427,303,340,394
9.54,-0.73,-0.89,-0.01,-0.03,-0.05,433,426,303,340,394
9.87,-0.58,-1.40,0.01,-0.03,-0.05,433,427,304,339,393
10.06,-1.01,-0.56,0.01,-0.05,-0.06,433,426,304,340,393
9.80,-1.05,-0.30,-0.05,-0.02,-0.02,433,426,304,340,393
8.79,-0.99,-0.80,-0.13,-0.02,-0.09,433,425,303,339,393
9.04,-0.88,-1.64,-0.11,0.04,-0.10,433,426,304,339,393
10.12,-0.60,-1.47,-0.03,0.08,-0.07,433,426,304,340,393
10.33,-0.59,-1.08,0.01,0.01,-0.07,433,425,303,340,393
9.82,-0.65,-1.08,0.04,-0.00,-0.08,433,426,304,339,393
9.59,-0.49,-0.78,0.06,0.01,-0.08,433,426,304,340,393
9.32,-0.77,-0.62,0.12,0.03,-0.05,433,426,304,340,393
9.49,-0.50,-0.83,0.02,0.01,-0.08,433,426,304,340,394
10.42,-0.24,-0.78,-0.03,0.01,-0.07,433,426,304,340,394
10.47,-0.14,-0.69,-0.03,-0.04,-0.05,433,425,304,340,393
9.69,-0.55,-0.62,-0.02,-0.07,-0.03,433,426,304,340,393
9.27,-0.47,-0.98,-0.00,-0.04,-0.02,433,426,304,339,393
9.40,-0.57,-1.03,-0.00,-0.02,-0.03,433,426,304,339,392
9.52,-0.37,-1.37,0.01,0.01,-0.02,433,426,303,340,393
9.84,-0.14,-1.49,0.06,0.01,-0.02,433,425,304,340,393
9.66,-0.71,-1.22,0.14,-0.02,-0.02,433,425,304,341,393
9.87,-0.82,-1.06,0.15,-0.01,-0.02,433,425,304,340,393
9.79,-0.75,-0.86,0.14,-0.02,-0.01,433,426,304,340,393
10.01,-0.63,-0.75,0.13,-0.01,0.02,433,426,304,339,393
9.76,-0.52,-0.95,0.11,-0.04,-0.01,433,426,303,339,393
9.67,-0.62,-0.85,0.05,-0.04,-0.02,433,426,304,340,393
9.60,-0.69,-1.02,0.06,-0.02,-0.06,433,426,304,339,393
END
9.87,-0.93,-0.78,0.08,0.02,-0.03,433,425,304,339,393
9.78,-0.43,-1.44,0.02,0.00,-0.06,433,425,304,339,393
9.50,-0.29,-1.38,0.02,0.02,-0.03,433,425,304,340,392
9.73,-0.34,-1.50,0.04,0.01,-0.04,433,425,304,339,393
9.71,-0.22,-1.55,0.01,0.00,-0.03,433,425,304,340,393
9.56,-0.27,-1.59,0.03,-0.02,-0.04,433,425,304,339,393
9.62,-0.27,-1.49,0.03,-0.01,-0.04,433,425,304,340,393
9.63,-0.16,-1.71,0.03,-0.02,-0.05,433,425,304,339,393
9.86,-0.17,-1.75,0.06,-0.02,-0.05,433,425,304,340,393
9.78,-0.35,-1.48,0.07,0.00,-0.03,433,425,305,340,393
9.97,-0.40,-1.38,0.08,-0.00,-0.04,433,425,304,340,392
9.86,-0.33,-1.43,0.06,0.02,0.01,432,425,304,340,392
9.77,-0.17,-1.31,0.04,-0.01,-0.00,433,424,305,339,393
9.48,-0.22,-1.44,0.03,-0.00,-0.00,433,425,304,340,393
9.43,-0.22,-1.60,0.03,-0.02,-0.05,432,425,304,339,393
9.45,-0.38,-1.57,0.03,0.01,-0.04,433,425,304,340,393
9.79,-0.40,-1.50,0.01,0.02,-0.07,433,425,304,340,393
9.77,-0.43,-1.34,0.04,0.03,-0.02,433,425,304,339,393
9.68,-0.41,-1.43,0.04,0.01,-0.04,433,425,304,339,393
9.56,-0.30,-1.60,0.03,0.00,-0.03,433,425,304,339,393
9.71,-0.25,-1.72,0.05,0.01,-0.03,433,425,304,339,393
9.71,-0.32,-1.44,0.05,-0.00,-0.04,433,424,304,339,393
9.62,-0.37,-1.41,0.06,0.00,-0.04,433,425,304,339,393
9.83,-0.39,-1.39,0.04,0.01,-0.04,433,424,304,339,393
9.71,-0.38,-1.34,0.04,-0.01,-0.04,433,424,304,339,393
9.49,-0.40,-1.41,0.02,0.00,-0.02,433,425,304,339,393
9.66,-0.19,-1.36,0.01,-0.00,-0.04,433,424,304,339,393
9.58,-0.22,-1.46,0.02,0.00,-0.03,433,425,304,339,393
9.71,-0.32,-1.43,0.03,-0.02,-0.06,433,425,304,339,393
9.60,-0.33,-1.53,0.05,-0.00,-0.05,433,425,304,339,393
9.75,-0.31,-1.44,0.03,0.00,-0.06,433,424,304,339,393
9.83,-0.40,-1.24,0.04,0.00,-0.06,433,424,304,339,393
9.75,-0.39,-1.46,0.04,0.00,-0.04,433,425,304,339,393
9.76,-0.32,-1.40,0.05,0.01,-0.02,433,424,304,339,393
9.85,-0.27,-1.48,0.05,0.01,0.00,433,424,304,339,393
9.63,-0.30,-1.48,0.02,-0.03,-0.05,433,424,304,339,393
END
9.76,-0.36,-1.36,0.05,-0.00,-0.03,433,424,304,339,393
9.81,-0.27,-1.23,0.03,0.00,-0.03,433,424,304,339,393
9.71,-0.24,-1.52,0.02,0.00,-0.03,433,424,303,339,393
9.60,-0.25,-1.28,0.04,-0.00,-0.03,433,424,304,339,393
9.60,-0.40,-1.28,0.04,0.00,-0.03,432,424,304,339,393
9.91,-0.28,-1.62,0.05,0.00,-0.04,433,424,304,339,393
9.76,-0.32,-1.33,0.03,0.00,-0.03,432,424,303,339,393
9.66,-0.39,-1.16,0.04,0.01,-0.03,432,424,303,339,392
9.81,-0.37,-1.33,0.01,0.01,-0.03,433,423,304,339,393
9.64,-0.24,-1.39,0.02,0.00,-0.04,432,424,304,339,393
9.62,-0.38,-1.25,0.03,0.01,-0.03,432,424,304,339,392
9.63,-0.31,-1.10,0.04,0.01,-0.05,432,424,303,339,393
9.82,-0.28,-1.26,0.04,0.01,-0.05,433,424,304,339,393
9.70,-0.41,-1.23,0.03,0.00,-0.04,432,424,304,339,393
9.71,-0.47,-1.13,0.02,0.00,-0.04,432,424,304,339,393
9.76,-0.18,-1.49,0.02,-0.01,-0.05,433,424,303,339,393
9.63,-0.25,-1.34,0.04,-0.00,-0.04,432,424,304,339,393
9.72,-0.17,-1.36,0.04,0.00,-0.04,432,424,303,339,392
9.77,-0.34,-1.13,0.05,0.01,-0.05,432,424,303,339,393
9.63,-0.30,-1.18,0.03,0.00,-0.04,432,424,304,339,392
9.73,-0.33,-1.20,0.03,0.01,-0.03,432,424,303,339,392
9.76,-0.29,-1.19,0.02,-0.02,-0.05,432,424,304,339,392
9.71,-0.28,-1.23,0.02,-0.01,-0.03,432,424,303,339,392
9.62,-0.24,-1.18,0.03,-0.00,-0.03,432,424,304,339,393
9.63,-0.27,-1.22,0.04,-0.00,-0.04,432,424,304,339,393
9.75,-0.39,-1.18,0.03,-0.00,-0.04,432,424,303,339,393
9.71,-0.21,-1.36,0.02,0.00,-0.04,432,424,304,339,393
9.54,-0.23,-1.16,0.03,-0.01,-0.05,432,424,304,339,393
9.77,-0.26,-1.48,0.03,-0.01,-0.04,432,423,303,339,392
9.70,-0.32,-1.33,0.04,-0.00,-0.04,432,424,303,339,393
9.78,-0.25,-1.43,0.03,0.01,-0.03,432,424,303,338,392
9.78,-0.19,-1.22,0.04,-0.01,-0.05,432,424,303,339,392
9.73,-0.27,-1.37,0.04,-0.01,-0.03,432,424,304,339,392
9.64,-0.27,-1.13,0.04,-0.01,-0.02,432,424,303,339,392
9.72,-0.28,-1.34,0.02,-0.01,-0.03,432,424,304,339,393
9.74,-0.17,-1.12,0.02,-0.00,-0.03,432,424,304,339,393
END
9.60,-0.33,-1.35,0.03,-0.01,-0.04,471,444,300,337,404
9.62,-0.24,-1.10,0.01,-0.03,-0.05,468,444,300,337,403
9.70,-0.07,-1.38,-0.01,-0.01,-0.01,466,443,300,336,402
9.74,-0.11,-1.22,-0.00,0.02,0.01,464,443,300,336,402
9.76,-0.07,-1.52,-0.01,0.01,0.01,462,442,300,336,401
9.73,-0.16,-1.21,-0.03,-0.00,0.02,460,441,300,336,401
9.42,-0.22,-1.01,-0.02,-0.03,-0.01,458,439,299,336,401
9.53,-0.39,-1.34,0.01,0.01,-0.02,458,439,299,337,401
9.99,-0.39,-1.56,0.06,-0.01,-0.07,458,439,299,336,400
10.13,-0.45,-1.19,0.07,-0.02,-0.05,458,438,299,337,400
9.91,-0.48,-0.93,0.04,-0.01,-0.01,457,438,299,336,400
9.54,-0.44,-1.25,-0.00,-0.04,-0.03,457,438,300,336,400
9.33,-0.19,-1.42,-0.01,-0.02,-0.04,457,438,300,336,400
9.41,-0.17,-1.72,-0.01,-0.01,-0.06,456,438,299,336,399
9.87,-0.29,-1.55,0.04,0.02,-0.04,456,438,300,337,399
10.01,-0.42,-1.82,0.03,-0.03,-0.06,456,437,299,337,399
9.93,-0.49,-1.36,0.08,-0.01,-0.04,455,437,299,336,399
9.74,-0.42,-1.40,0.04,-0.01,-0.01,455,436,299,336,399
9.57,-0.19,-1.44,0.03,-0.00,0.01,455,436,300,336,399
9.75,-0.14,-1.55,0.04,0.00,-0.04,455,436,300,336,399
9.64,-0.14,-1.64,0.05,0.01,-0.02,455,436,299,336,399
9.81,-0.39,-1.15,0.04,0.00,-0.05,455,436,299,336,399
9.62,-0.37,-1.42,0.04,0.02,-0.03,455,436,299,337,399
9.55,-0.47,-1.07,0.02,0.01,-0.03,455,436,299,336,399
9.67,-0.30,-1.26,0.01,-0.00,-0.04,454,436,299,336,399
9.79,-0.22,-1.44,0.01,-0.00,-0.02,454,435,299,336,399
9.69,-0.19,-1.57,0.03,-0.01,-0.04,454,435,299,336,399
9.51,-0.39,-1.01,0.02,-0.00,-0.02,454,435,299,336,398
9.60,-0.34,-1.34,0.02,-0.01,-0.01,454,436,299,336,398
9.48,-0.36,-1.22,0.00,-0.01,-0.01,454,436,299,336,398
9.58,-0.11,-1.46,0.01,-0.02,-0.04,454,436,299,336,398
9.81,-0.05,-1.60,0.00,-0.01,-0.03,454,436,299,336,398
9.72,-0.19,-1.43,0.03,-0.02,-0.04,454,436,299,336,398
9.68,-0.31,-1.31,0.03,0.01,-0.02,454,435,299,336,398
9.70,-0.36,-1.23,0.04,0.01,-0.03,454,436,299,336,398
9.62,-0.42,-1.23,0.01,0.01,-0.02,453,435,300,336,398
END
9.55,-0.37,-1.18,-0.01,0.01,-0.03,450,434,300,337,396
9.72,-0.10,-1.18,0.05,0.00,-0.02,450,434,300,336,396
9.47,-0.24,-1.14,0.10,0.01,-0.04,450,434,300,336,397
9.47,-0.28,-1.04,0.12,0.04,-0.03,450,434,300,336,396
9.51,-0.55,-1.16,0.04,0.01,-0.06,451,435,300,337,396
9.78,-0.35,-1.03,-0.00,0.01,-0.05,450,435,301,337,396
9.60,-0.38,-1.23,-0.06,-0.06,-0.09,450,435,301,336,396
9.68,-0.16,-1.46,-0.00,-0.01,-0.03,449,434,301,336,396
9.68,-0.20,-1.34,0.04,0.00,-0.04,449,434,301,336,396
9.66,-0.11,-1.45,0.03,0.02,-0.03,449,434,301,336,396
9.60,-0.24,-1.00,0.04,0.01,-0.04,449,434,301,337,396
9.69,-0.15,-0.98,0.04,0.01,-0.04,449,434,301,337,396
9.73,-0.32,-1.31,0.04,-0.00,-0.04,449,434,300,336,396
10.02,-0.38,-1.24,0.04,0.01,-0.03,449,434,301,337,396
9.83,-0.32,-1.21,0.03,-0.02,-0.03,449,434,301,336,396
9.78,-0.41,-1.24,0.02,-0.01,0.00,449,434,301,337,396
9.73,-0.19,-1.16,0.03,-0.01,0.01,449,434,301,337,396
9.50,-0.18,-1.28,0.00,-0.00,0.00,449,434,301,336,396
9.60,-0.17,-1.23,0.05,0.01,-0.04,449,434,301,337,396
9.70,-0.26,-1.16,0.05,0.02,-0.04,449,434,301,337,396
9.71,-0.53,-1.37,0.05,0.02,-0.04,449,434,301,337,396
10.04,-0.52,-1.33,0.04,0.01,-0.03,449,434,301,337,396
9.86,-0.56,-1.09,-0.00,-0.01,-0.02,449,434,300,337,396
9.63,-0.45,-1.11,-0.02,-0.00,-0.00,449,434,301,336,396
9.54,-0.37,-1.08,-0.03,-0.00,-0.01,449,434,301,337,396
9.41,-0.37,-1.22,0.00,-0.01,-0.04,449,434,301,336,396
9.72,-0.26,-1.41,0.01,0.01,-0.04,449,434,301,337,396
9.63,-0.56,-1.08,0.02,-0.00,-0.07,449,434,301,337,396
9.69,-0.52,-1.18,0.02,0.00,-0.06,449,434,301,337,396
9.80,-0.48,-1.08,0.02,0.00,-0.06,449,433,301,337,396
9.94,-0.17,-1.46,0.04,0.01,-0.04,449,433,301,337,396
9.50,-0.34,-1.23,0.08,0.02,-0.04,450,434,301,336,396
9.72,-0.45,-1.11,0.11,0.00,-0.07,450,434,301,337,397
9.83,-0.48,-1.00,0.07,0.01,-0.05,449,433,301,337,396
9.90,-0.27,-1.18,0.05,-0.00,-0.04,449,433,300,336,396
9.75,-0.30,-0.92,0.04,-0.01,-0.03,449,433,300,336,396
END
9.62,-0.25,-1.10,0.04,-0.02,-0.04,448,433,300,337,396
9.47,-0.17,-1.06,0.04,0.00,-0.02,448,433,301,337,396
9.60,-0.11,-1.03,0.04,0.00,-0.03,448,433,301,337,396
9.65,-0.20,-1.14,0.05,0.00,-0.04,448,433,301,337,396
9.83,-0.26,-1.24,0.03,0.01,-0.05,448,433,301,337,396
9.76,-0.23,-1.09,0.03,-0.01,-0.04,448,433,301,336,395
9.76,-0.08,-1.22,0.04,0.00,-0.02,448,433,301,336,395
9.63,-0.17,-1.17,0.04,-0.00,-0.04,448,433,301,337,395
9.83,-0.11,-1.29,0.04,-0.00,-0.05,448,433,301,336,395
9.73,-0.14,-1.21,0.05,0.01,-0.04,448,433,301,337,396
9.82,-0.23,-1.08,0.04,0.01,-0.02,448,433,300,336,395
9.75,-0.17,-1.23,0.03,0.00,-0.03,448,433,301,337,395
9.78,-0.18,-1.25,0.03,0.01,-0.03,448,433,301,337,395
9.89,-0.19,-1.23,0.03,0.00,-0.03,448,433,301,337,395
9.76,-0.25,-1.21,0.01,-0.00,-0.03,448,433,301,337,395
9.81,-0.17,-1.17,0.03,-0.00,-0.03,448,433,301,337,395
9.65,-0.34,-1.03,0.03,-0.00,-0.04,448,433,301,337,395
9.58,-0.34,-1.08,0.04,0.01,-0.03,448,433,301,337,395
9.71,-0.27,-1.12,0.03,-0.00,-0.04,448,433,301,337,395
9.60,-0.29,-1.17,0.03,0.01,-0.02,448,433,301,337,395
9.72,-0.23,-1.03,0.04,-0.00,-0.03,448,433,301,337,395
9.63,-0.24,-1.18,0.04,-0.01,-0.04,448,433,301,337,395
9.71,-0.21,-1.31,0.04,-0.01,-0.04,448,433,301,337,395
9.68,-0.30,-1.15,0.04,-0.01,-0.03,448,433,301,337,395
9.81,-0.39,-1.02,0.04,-0.01,-0.03,448,433,301,337,395
9.58,-0.37,-1.01,0.03,-0.02,-0.04,448,433,301,337,395
9.71,-0.18,-1.31,0.01,-0.00,-0.03,448,433,301,337,395
9.73,-0.12,-1.17,0.02,0.00,-0.04,448,433,301,337,395
9.55,-0.23,-1.30,0.03,-0.00,-0.05,447,433,301,337,394
9.62,-0.22,-1.18,0.03,0.01,-0.05,447,433,301,337,394
9.81,-0.21,-1.32,0.03,-0.00,-0.06,448,433,301,337,395
10.20,0.11,-1.17,0.03,-0.02,-0.05,447,433,301,337,394
10.20,-0.05,-1.35,0.07,-0.09,-0.04,447,433,301,337,394
9.25,-0.42,-1.44,0.09,-0.08,0.01,447,433,301,337,394
8.68,-0.50,-1.34,0.06,-0.03,-0.02,448,433,301,337,394
8.99,-0.24,-1.33,0.03,0.04,-0.07,447,433,300,337,394
END
9.88,0.19,-1.34,0.01,0.06,-0.09,447,433,301,337,394
9.63,0.60,-1.63,0.05,0.00,-0.04,447,433,301,337,394
9.78,0.52,-1.69,0.06,0.01,-0.03,447,432,301,337,394
9.63,0.59,-1.41,0.04,-0.00,-0.04,447,433,301,337,394
9.58,0.53,-1.67,0.04,0.00,-0.04,447,433,301,336,394
9.77,0.62,-1.77,0.04,-0.00,-0.04,447,432,301,337,394
9.66,0.48,-1.60,0.05,-0.01,-0.04,447,432,301,337,394
9.85,0.49,-1.76,0.04,0.01,-0.03,447,433,301,337,394
9.83,0.53,-1.59,0.03,0.01,-0.03,447,433,301,337,394
9.70,0.52,-1.40,0.03,0.00,-0.03,447,433,301,337,394
9.63,0.50,-1.52,0.02,0.00,-0.03,447,433,301,337,394
9.76,0.48,-1.68,0.02,0.00,-0.04,447,432,301,337,394
9.66,0.51,-1.69,0.02,0.01,-0.04,447,433,301,337,394
9.70,0.56,-1.59,0.03,0.00,-0.04,447,433,300,336,394
9.61,0.35,-1.41,0.03,0.01,-0.03,447,433,301,337,394
9.62,0.48,-1.60,0.03,0.01,-0.04,447,432,301,337,394
9.67,0.52,-1.52,0.02,0.01,-0.04,447,433,300,337,394
9.71,0.60,-1.62,0.03,0.01,-0.02,447,432,301,337,394
9.66,0.55,-1.60,0.04,0.01,-0.03,447,433,301,337,394
9.56,0.45,-1.44,0.04,0.00,-0.03,447,432,301,336,394
9.63,0.47,-1.55,0.05,-0.00,-0.03,447,433,301,337,394
9.68,0.37,-1.51,0.05,0.00,-0.03,447,433,301,337,394
9.73,0.37,-1.51,0.03,-0.00,-0.04,447,433,301,337,394
9.73,0.43,-1.59,0.03,0.01,-0.03,447,433,301,337,394
9.72,0.55,-1.77,0.04,-0.03,-0.07,447,433,301,337,394
9.73,0.44,-1.55,0.04,-0.01,-0.03,447,433,301,337,394
9.60,0.56,-1.74,0.04,-0.02,-0.04,447,433,301,337,394
9.59,0.49,-1.50,0.02,0.01,-0.03,447,433,301,337,394
9.83,0.66,-1.90,0.03,-0.00,-0.05,447,432,301,337,394
9.58,0.52,-1.56,0.03,0.01,-0.03,447,432,301,336,394
9.63,0.51,-1.69,0.03,0.01,-0.04,447,433,301,337,394
9.68,0.58,-1.59,0.02,0.00,-0.04,447,433,301,337,394
9.82,0.62,-1.65,0.03,-0.01,-0.04,447,433,301,337,394
9.67,0.58,-1.55,0.03,0.00,-0.04,447,433,301,337,394
9.69,0.53,-1.41,0.03,0.00,-0.04,447,433,301,336,394
9.66,0.51,-1.55,0.03,0.00,-0.05,447,433,301,336,394
END
9.62,0.65,-1.56,0.03,0.01,-0.06,446,433,301,337,393
9.79,0.56,-1.59,0.04,-0.00,-0.03,446,433,301,337,393
9.56,0.52,-1.47,0.04,-0.01,-0.05,446,433,301,336,393
9.38,0.62,-1.61,0.03,-0.00,-0.03,446,433,301,337,393
9.45,0.65,-1.74,0.04,-0.00,-0.07,446,433,301,337,394
9.68,0.60,-1.44,0.04,0.04,-0.04,446,433,301,337,393
9.96,0.60,-1.17,0.03,0.01,-0.04,446,433,301,337,393
9.68,0.53,-1.41,0.02,-0.02,-0.04,446,433,301,337,393
9.83,0.70,-1.62,-0.00,-0.00,0.00,446,433,301,337,393
9.60,0.73,-1.62,-0.00,-0.01,-0.01,446,433,301,337,393
9.58,0.63,-1.78,0.02,0.01,-0.04,446,433,301,336,393
9.82,0.57,-1.64,0.03,0.03,-0.05,446,433,301,337,393
9.96,0.37,-1.46,0.04,0.02,-0.01,446,433,301,337,393
9.95,0.30,-1.29,0.04,-0.01,0.01,445,432,301,336,393
9.68,0.39,-1.49,0.01,-0.03,0.00,446,433,301,337,393
9.52,0.59,-1.46,0.02,-0.02,0.01,446,433,301,337,393
9.65,0.56,-1.46,0.03,-0.01,-0.00,446,433,301,337,393
9.58,0.47,-1.49,0.03,0.01,-0.00,446,432,301,336,393
9.75,0.42,-1.27,0.02,0.00,-0.04,446,433,301,337,393
9.56,0.39,-1.44,0.03,-0.01,-0.05,446,433,301,337,393
9.50,0.43,-1.51,0.04,0.01,-0.04,445,432,300,338,393
9.86,0.35,-1.48,0.03,0.01,-0.06,445,432,301,340,393
9.81,0.39,-1.57,0.05,-0.01,-0.05,445,433,301,344,393
9.64,0.32,-1.52,0.03,-0.01,-0.05,446,432,301,348,393
9.74,0.45,-1.61,0.04,-0.00,-0.04,445,432,301,352,393
9.66,0.47,-1.50,0.05,-0.01,-0.04,445,432,301,354,393
9.56,0.57,-1.49,0.05,-0.00,-0.04,445,432,301,355,393
9.75,0.41,-1.43,0.03,-0.00,-0.05,446,432,301,361,393
9.70,0.50,-1.41,0.04,0.01,-0.05,445,432,301,361,393
9.83,0.40,-1.27,0.03,0.01,-0.04,445,432,301,359,393
9.85,0.48,-1.54,0.03,-0.00,-0.04,445,433,301,356,393
9.46,0.44,-1.45,0.01,-0.04,-0.05,445,433,301,354,393
9.97,0.66,-1.74,0.08,-0.17,-0.24,445,433,301,353,393
9.58,0.52,-1.74,-0.03,0.11,0.13,445,433,301,353,393
9.35,0.52,-1.53,0.01,0.07,0.04,445,433,301,353,393
9.74,0.36,-1.34,0.04,-0.01,-0.07,445,432,301,353,393
END
9.63,0.49,-1.61,0.02,-0.01,-0.05,444,432,301,413,393
9.72,-0.11,-1.36,0.03,0.01,-0.04,445,432,301,412,393
9.83,0.06,-1.36,0.03,-0.00,-0.05,444,432,301,411,393
9.58,0.04,-1.50,0.04,-0.00,-0.03,445,432,301,411,393
9.51,0.09,-1.52,0.04,0.00,-0.04,444,432,301,412,393
9.75,0.14,-1.36,0.02,0.01,-0.04,444,432,301,413,393
9.83,0.08,-1.50,0.03,-0.00,-0.05,444,432,301,417,393
9.86,0.04,-1.66,0.02,0.01,-0.04,444,432,301,422,393
9.71,-0.05,-1.46,0.01,0.00,-0.04,444,432,301,426,393
9.63,0.08,-1.53,0.02,0.01,-0.03,444,432,301,426,393
9.58,0.19,-1.70,0.01,0.01,-0.03,444,432,301,426,393
9.48,0.09,-1.38,0.03,-0.00,-0.04,444,432,301,427,393
9.64,0.07,-1.31,0.02,-0.01,-0.05,444,432,301,427,393
9.81,0.15,-1.43,0.02,-0.01,-0.06,444,432,301,426,393
9.73,0.06,-1.38,0.04,0.00,-0.05,444,432,301,426,393
9.63,0.04,-1.46,0.02,0.00,-0.05,444,432,301,426,393
9.68,0.19,-1.39,0.02,0.01,-0.02,444,432,301,425,393
9.91,0.17,-1.58,0.04,0.02,-0.03,444,432,301,425,393
9.58,0.08,-1.39,0.03,-0.01,-0.04,444,432,301,424,393
9.67,0.06,-1.47,0.03,0.00,-0.03,444,432,301,424,393
9.79,0.24,-1.35,0.04,-0.01,-0.04,444,432,301,424,393
9.53,0.06,-1.40,0.03,-0.01,-0.05,444,432,301,424,393
9.73,0.19,-1.47,0.03,0.01,-0.04,444,432,301,423,393
9.67,0.19,-1.37,0.04,-0.01,-0.05,444,432,301,423,393
9.68,0.16,-1.68,0.04,0.01,-0.04,444,432,301,424,393
9.62,0.01,-1.26,0.04,0.01,-0.05,444,432,301,426,393
9.68,0.23,-1.56,0.04,0.00,-0.04,444,432,301,430,393
9.58,0.10,-1.47,0.03,-0.01,-0.04,444,432,300,432,393
9.68,0.06,-1.41,0.02,0.00,-0.04,444,432,301,432,393
9.75,0.19,-1.51,0.04,0.00,-0.03,444,432,301,431,393
9.73,0.16,-1.46,0.03,-0.00,-0.04,444,432,301,431,393
9.65,0.09,-1.51,0.05,0.00,-0.03,444,432,301,431,393
9.76,0.11,-1.43,0.02,0.00,-0.03,444,432,300,431,393
9.76,0.14,-1.47,0.03,-0.01,-0.04,444,432,301,431,393
9.67,0.11,-1.51,0.03,-0.01,-0.04,444,432,301,431,393
9.76,0.10,-1.44,0.03,-0.01,-0.04,444,432,301,431,393
END
9.83,0.15,-1.49,0.03,0.00,-0.03,444,432,301,395,393
9.93,0.15,-1.48,0.03,0.01,-0.05,444,432,301,394,393
9.86,0.10,-1.36,0.03,0.01,-0.03,444,432,301,390,393
9.73,0.22,-1.46,0.03,0.01,-0.02,444,432,301,383,393
9.60,0.19,-1.46,0.02,0.01,-0.03,444,432,301,376,393
9.58,0.29,-1.41,0.03,0.01,-0.03,444,432,300,369,393
9.38,0.26,-1.41,0.04,0.01,-0.05,444,432,300,365,392
9.60,0.24,-1.36,0.02,0.01,-0.05,444,432,301,362,393
9.78,0.07,-1.03,0.03,0.01,-0.05,444,432,301,360,393
9.67,0.05,-1.27,0.00,-0.00,-0.05,444,432,301,359,393
9.70,0.15,-1.44,-0.01,0.00,-0.04,444,432,301,359,393
9.79,0.35,-1.38,-0.02,-0.00,-0.04,444,432,301,359,393
9.64,0.24,-1.37,0.01,-0.01,-0.05,443,432,301,359,393
9.52,0.22,-1.36,0.02,0.01,-0.05,443,432,301,358,393
9.85,0.38,-1.41,0.01,-0.01,-0.05,443,432,301,358,393
9.75,0.22,-1.37,0.03,-0.01,-0.03,443,432,301,358,393
9.78,0.24,-1.36,-0.00,-0.02,-0.04,443,432,301,358,393
9.60,0.22,-1.37,-0.00,-0.02,-0.04,443,432,301,358,393
9.86,0.44,-1.50,0.01,-0.00,-0.03,443,432,301,358,392
9.81,0.39,-1.51,0.00,-0.02,-0.05,444,432,301,358,393
9.71,0.24,-1.49,0.02,-0.01,-0.03,444,432,301,358,393
9.81,0.25,-1.43,0.04,0.00,-0.02,444,432,301,358,393
9.78,0.15,-1.38,0.04,-0.01,-0.04,443,432,301,358,393
9.75,0.11,-1.32,0.06,-0.00,-0.03,443,431,301,358,393
9.60,0.14,-1.21,0.01,0.00,-0.02,443,432,300,357,393
9.75,0.25,-1.35,0.03,0.00,-0.02,443,431,301,357,393
9.72,0.19,-1.49,0.01,0.00,-0.02,443,432,301,358,393
9.66,0.23,-1.34,-0.02,-0.00,-0.04,443,432,301,358,392
9.76,0.30,-1.47,-0.01,0.00,-0.03,443,431,301,357,393
9.73,0.26,-1.40,-0.01,-0.01,-0.04,443,432,301,358,393
9.71,0.24,-1.46,0.01,0.00,-0.04,444,432,301,358,393
9.79,0.17,-1.26,-0.00,-0.00,-0.03,443,432,301,357,393
9.71,0.26,-1.34,-0.00,-0.01,-0.03,443,432,301,358,393
9.66,0.34,-1.44,-0.00,-0.01,-0.03,443,432,301,357,393
9.68,0.29,-1.36,-0.01,-0.00,-0.04,443,431,301,357,393
9.69,0.29,-1.37,-0.00,-0.00,-0.03,443,432,301,357,393
END
9.74,0.27,-1.35,-0.01,-0.01,-0.03,443,431,301,352,393
9.51,0.10,-1.13,0.04,-0.00,-0.05,443,431,301,352,393
9.77,0.22,-1.45,0.03,0.01,-0.04,443,431,301,352,393
9.86,0.15,-1.56,0.03,-0.00,-0.05,443,432,301,352,393
9.64,0.24,-1.29,0.02,-0.01,-0.05,443,431,301,352,393
9.71,0.29,-1.13,0.03,0.01,-0.04,443,432,301,352,393
9.70,0.22,-1.36,0.02,-0.00,-0.04,443,431,301,352,393
9.63,0.15,-1.26,0.03,-0.00,-0.04,443,432,301,352,393
9.78,0.26,-1.18,0.03,0.00,-0.04,443,431,301,352,393
9.78,0.22,-1.55,0.03,-0.00,-0.04,443,431,302,352,393
9.53,0.21,-0.99,0.03,-0.00,-0.04,443,431,301,352,393
9.83,0.29,-1.47,0.02,0.00,-0.04,443,431,301,352,393
9.70,0.24,-1.28,0.03,-0.01,-0.05,443,431,301,352,393
9.64,0.27,-1.34,0.03,0.00,-0.03,443,431,300,352,393
9.74,0.22,-1.27,0.02,-0.01,-0.05,443,431,301,352,393
9.67,0.33,-1.32,0.02,-0.00,-0.04,443,431,301,352,393
9.62,0.24,-1.18,0.03,-0.01,-0.03,443,431,301,352,392
9.92,0.27,-1.49,0.02,-0.00,-0.04,443,431,301,351,393
9.70,0.27,-1.34,0.03,0.01,-0.02,443,431,301,351,393
9.77,0.31,-1.39,0.03,-0.00,-0.02,443,431,301,350,393
9.59,0.29,-1.23,0.03,-0.00,-0.02,443,431,301,349,393
9.62,0.29,-1.35,0.04,-0.00,-0.03,443,431,301,347,393
9.68,0.26,-1.25,0.02,-0.00,-0.04,443,431,301,346,393
9.72,0.21,-1.28,0.03,0.00,-0.03,443,431,301,345,393
9.94,0.29,-1.48,0.02,0.01,-0.05,443,431,301,345,393
9.73,0.27,-1.31,0.02,0.01,-0.03,443,431,301,345,393
9.77,0.22,-1.43,0.04,0.00,-0.05,443,431,301,345,393
9.58,0.24,-1.32,0.02,-0.00,-0.04,442,432,301,345,393
9.69,0.26,-1.37,0.02,-0.00,-0.03,441,432,301,344,393
9.75,0.24,-1.15,0.03,-0.01,-0.04,441,431,301,344,393
9.91,0.37,-1.67,0.02,-0.00,-0.03,441,431,301,344,392
9.66,0.26,-1.18,0.03,0.01,-0.02,441,431,301,344,393
9.60,0.22,-1.31,0.03,0.00,-0.03,441,431,301,344,393
9.73,0.38,-1.52,0.02,-0.00,-0.04,441,431,301,344,393
9.57,0.28,-1.34,0.04,0.00,-0.04,441,431,301,344,393
9.73,0.34,-1.41,0.04,-0.01,-0.05,441,431,301,344,393
END
9.81,0.22,-1.41,0.02,-0.01,-0.05,441,433,302,341,390
9.65,-0.38,-1.84,0.16,-0.01,-0.03,442,432,301,341,390
9.91,-0.33,-1.72,0.12,-0.02,-0.03,442,432,301,341,390
9.57,-0.24,-1.92,0.03,-0.04,-0.02,442,432,302,341,390
9.44,-0.12,-2.02,0.01,-0.00,0.01,441,432,301,341,390
9.22,-0.11,-2.18,-0.00,-0.01,-0.05,441,432,301,341,390
9.39,-0.09,-2.30,-0.03,0.01,-0.07,441,432,302,341,390
9.64,-0.19,-2.22,0.01,0.02,-0.06,441,431,302,341,390
9.55,-0.38,-2.24,0.02,0.02,-0.05,441,431,301,341,390
9.71,-0.26,-2.07,0.04,0.03,-0.04,441,431,302,341,390
9.57,-0.16,-2.17,0.05,0.00,-0.04,441,431,302,341,390
9.55,-0.24,-2.10,0.03,-0.01,-0.05,441,431,301,341,390
9.52,-0.07,-2.05,0.03,0.02,-0.03,441,431,302,341,390
9.49,-0.14,-1.98,0.04,-0.00,-0.06,441,430,301,341,391
9.57,-0.09,-2.16,0.04,0.01,-0.05,441,430,302,341,390
9.58,-0.15,-1.70,0.05,0.02,-0.04,441,430,302,340,390
9.45,-0.21,-1.90,0.05,0.00,-0.06,440,430,301,341,390
9.62,-0.12,-2.10,0.05,0.02,-0.04,441,430,301,341,390
9.58,-0.13,-2.09,0.04,0.01,-0.05,441,430,301,341,390
9.55,-0.17,-2.14,0.02,0.01,-0.06,441,430,300,341,390
9.73,-0.05,-2.48,0.03,0.02,-0.05,441,430,302,341,390
9.85,0.04,-2.30,0.04,0.02,-0.04,440,430,302,341,390
9.77,-0.03,-2.12,0.05,0.01,-0.04,441,430,301,341,391
9.56,-0.14,-2.01,0.05,0.00,-0.04,440,430,302,341,390
9.73,-0.02,-1.98,0.04,0.01,-0.03,440,430,301,341,390
9.49,-0.06,-2.12,0.03,0.01,-0.05,440,429,302,341,390
9.54,0.00,-2.05,0.03,0.02,-0.04,440,429,302,341,391
9.72,0.01,-2.03,0.04,0.02,-0.06,440,429,301,341,390
9.72,0.01,-2.10,0.02,0.01,-0.07,440,429,301,341,390
9.63,0.03,-1.74,0.05,0.03,-0.02,440,429,301,341,390
9.55,-0.01,-1.61,0.04,0.00,-0.05,440,429,301,340,390
9.68,0.07,-1.92,0.04,0.02,-0.04,440,429,302,341,390
9.76,0.05,-1.84,0.04,0.02,-0.02,440,429,302,341,391
9.56,-0.04,-0.12,0.05,-0.00,-0.04,440,429,301,341,390
9.88,0.06,-2.04,0.03,0.01,-0.06,440,429,302,341,390
10.16,-0.02,-1.67,0.07,0.02,-0.01,440,429,302,341,390
END
9.79,-0.24,-1.67,0.08,-0.01,0.03,439,426,302,339,391
9.60,0.39,-0.08,-0.12,-0.04,-0.04,439,426,302,339,390
9.60,0.15,-2.18,-0.12,-0.01,-0.04,439,425,302,339,391
9.80,-0.08,-2.10,-0.12,-0.00,-0.04,439,426,302,339,391
9.70,-0.05,-2.10,-0.10,-0.01,-0.01,439,426,302,339,391
9.45,0.13,-2.24,-0.10,-0.02,-0.00,438,426,302,339,391
9.49,0.30,-2.06,-0.10,-0.02,-0.02,439,426,302,339,391
9.78,0.47,-2.28,-0.07,-0.02,-0.03,439,426,302,340,391
9.34,0.06,-1.65,0.00,-0.03,-0.04,439,426,302,340,391
9.63,0.11,-2.15,0.01,-0.01,-0.04,439,426,302,340,391
9.78,0.04,-2.10,0.03,0.00,-0.03,438,426,302,340,391
9.58,0.08,-1.82,0.05,0.00,-0.02,438,425,302,340,391
9.66,0.20,-2.06,0.06,0.00,-0.00,438,425,302,340,391
9.51,0.22,-2.07,0.06,-0.01,-0.02,438,425,302,340,391
9.33,0.19,-2.18,0.06,-0.00,-0.01,438,425,302,340,391
9.62,0.12,-2.07,0.05,0.00,-0.03,438,425,302,340,392
9.70,0.11,-1.87,0.04,-0.01,-0.05,438,425,302,340,391
9.64,0.04,-1.96,0.01,-0.02,-0.04,439,425,302,339,391
9.56,0.09,-2.03,-0.01,-0.01,-0.04,438,425,302,339,391
9.63,0.06,-2.16,0.02,0.00,-0.06,438,425,301,339,391
9.59,0.19,-2.21,0.05,0.03,-0.05,438,425,302,339,391
9.83,0.19,-2.03,0.09,0.03,-0.04,438,425,302,339,391
9.93,0.11,-1.71,0.07,0.01,-0.01,438,425,302,339,391
9.92,0.24,-1.69,0.08,-0.02,0.02,438,425,302,339,390
9.72,0.22,-1.84,0.09,-0.05,0.01,438,426,302,339,391
9.81,0.16,-2.15,0.11,0.01,0.11,438,425,302,339,391
9.74,-0.24,-2.22,0.13,0.09,0.26,438,426,302,339,391
9.52,-0.68,-2.18,0.14,0.06,0.25,438,425,303,339,391
9.53,-0.90,-2.12,0.12,0.03,0.21,438,426,302,339,391
9.37,-1.36,-1.76,0.08,0.06,0.23,438,426,302,339,391
9.52,-1.74,-1.50,0.03,0.11,0.26,438,426,302,339,391
9.55,-2.30,-1.26,0.04,0.11,0.23,438,425,302,339,391
9.69,-2.49,-1.16,-0.07,0.16,0.37,438,425,302,339,391
9.27,-2.87,-1.62,-0.06,0.21,0.50,438,426,302,339,391
9.17,-3.20,-1.26,0.02,0.10,0.39,438,425,302,339,391
9.02,-3.60,-1.56,0.07,0.03,0.37,438,425,302,339,391
END
8.41,-4.21,-1.42,0.12,0.02,0.38,438,425,302,339,390
10.02,-1.98,-1.80,-0.02,0.06,-0.03,438,425,302,339,390
9.65,-2.21,-1.65,0.00,0.07,0.06,438,425,302,339,390
9.40,-2.05,-1.95,-0.01,0.01,0.03,438,425,302,340,390
8.80,-2.28,-1.65,-0.02,0.02,0.04,438,425,302,339,390
8.91,-2.25,-1.84,-0.02,0.01,-0.05,438,425,302,339,390
8.97,-2.33,-1.62,-0.01,0.01,-0.07,438,425,302,339,390
9.48,-2.46,-1.65,-0.03,0.01,-0.09,438,425,302,339,390
9.34,-2.42,-1.80,-0.06,-0.02,-0.14,438,425,302,339,390
9.32,-2.26,-1.54,-0.07,-0.03,-0.15,438,425,302,339,390
9.53,-1.93,-1.72,-0.12,-0.01,-0.12,437,425,303,339,390
9.60,-1.67,-1.66,-0.10,0.05,-0.04,438,425,302,339,390
9.20,-1.60,-2.02,-0.08,0.06,-0.02,438,425,303,340,390
9.60,-1.61,-1.75,-0.04,0.04,-0.08,437,425,303,339,390
9.42,-1.66,-1.72,-0.01,0.06,-0.05,438,426,303,339,390
9.20,-1.82,-1.67,-0.03,0.03,-0.13,438,425,303,340,390
9.93,-1.59,-1.76,-0.03,0.04,-0.12,438,425,302,340,390
9.40,-1.62,-1.45,-0.06,0.05,-0.05,438,426,303,340,390
9.71,-1.65,-1.82,-0.03,0.00,-0.08,438,425,303,340,390
9.51,-1.54,-1.69,-0.04,0.03,-0.03,437,425,302,340,390
9.84,-1.46,-1.52,-0.02,0.03,-0.02,437,425,302,340,390
9.27,-1.59,-1.57,-0.01,-0.01,-0.06,437,425,302,340,390
9.54,-1.32,-1.84,-0.02,-0.01,-0.10,437,425,302,340,390
9.65,-1.41,-1.64,-0.02,0.00,-0.07,437,425,302,340,390
9.51,-1.34,-1.44,-0.01,0.03,-0.07,438,426,302,340,390
9.52,-1.45,-1.61,-0.07,0.03,-0.00,438,426,302,340,390
9.63,-1.54,-1.68,-0.01,0.01,-0.03,437,426,301,340,390
9.52,-1.43,-1.59,0.04,-0.01,-0.05,437,426,301,340,390
9.71,-1.35,-1.77,0.05,-0.06,-0.10,437,426,301,340,390
9.73,-1.26,-1.97,0.04,-0.02,0.02,437,426,302,340,390
9.45,-1.16,-1.70,0.05,-0.06,-0.04,438,426,305,340,390
9.23,-1.32,-1.64,-0.10,-0.04,0.02,438,427,306,341,390
9.40,-1.14,-1.54,-0.04,-0.05,-0.10,439,428,309,341,389
9.78,-1.14,-1.80,0.01,-0.04,-0.10,438,431,310,342,388
9.59,-1.09,-1.77,0.06,0.03,-0.01,440,432,310,342,389
9.78,-1.08,-2.05,0.04,-0.03,-0.04,442,432,310,342,389
END
9.38,-1.29,-1.78,-0.01,-0.12,-0.21,463,434,309,346,394
9.50,-0.47,-1.95,0.02,0.01,-0.04,463,434,309,346,394
9.73,-0.34,-2.29,0.07,0.02,-0.05,462,434,309,346,394
9.70,-0.56,-1.79,0.06,-0.01,-0.05,463,434,310,346,394
9.59,-0.70,-1.81,0.04,-0.02,-0.04,462,433,310,346,394
9.52,-0.51,-1.70,0.01,-0.01,-0.02,461,433,310,346,394
9.51,-0.50,-1.90,-0.00,-0.01,-0.05,462,433,310,346,394
9.48,-0.34,-1.92,0.00,0.01,-0.03,461,433,311,346,394
9.71,-0.43,-2.05,0.03,-0.00,-0.05,461,433,310,346,394
9.63,-0.39,-2.19,0.03,0.00,-0.04,461,433,310,346,394
9.64,-0.49,-2.05,0.04,-0.01,-0.07,461,433,310,346,394
9.68,-0.47,-2.07,0.03,0.00,-0.03,461,433,310,346,394
9.76,-0.44,-2.00,0.04,-0.02,-0.05,461,433,310,346,394
9.50,-0.44,-1.97,0.05,0.01,-0.03,461,433,310,346,394
9.75,-0.47,-1.98,0.03,0.01,-0.04,461,433,310,346,394
9.67,-0.45,-1.99,0.03,-0.01,-0.06,460,433,310,346,393
9.43,-0.37,-2.07,0.01,-0.00,-0.08,460,433,310,346,393
9.81,-0.35,-2.04,0.03,0.01,-0.06,460,432,310,347,393
9.84,-0.29,-2.08,0.06,0.00,-0.03,460,432,310,347,393
9.67,-0.35,-1.82,0.08,-0.03,-0.04,460,432,310,347,393
9.36,-0.57,-1.56,0.04,-0.01,-0.01,460,433,310,347,393
9.61,-0.36,-2.06,0.04,-0.02,-0.05,460,433,310,347,393
9.53,-0.36,-1.93,0.01,0.01,-0.03,460,433,310,347,393
9.54,-0.50,-1.96,0.03,0.00,-0.04,460,433,310,347,393
9.49,-0.45,-1.82,0.01,0.02,-0.02,460,433,310,347,393
9.59,-0.39,-2.19,0.03,0.00,-0.03,460,432,310,347,393
9.86,-0.38,-1.97,0.01,-0.00,-0.02,459,433,310,347,393
9.78,-0.41,-2.05,0.03,-0.02,-0.03,459,432,310,347,393
9.50,-0.55,-2.01,0.03,-0.01,-0.01,459,432,310,347,392
9.54,-0.54,-1.83,0.03,-0.01,-0.02,459,432,309,347,393
9.66,-0.73,-1.97,0.04,0.01,0.01,459,432,310,348,393
9.57,-0.57,-2.07,0.03,0.01,0.00,459,432,310,347,393
9.57,-0.62,-2.11,0.06,-0.01,-0.02,459,432,310,348,393
9.55,-0.53,-1.92,0.03,-0.00,-0.02,458,432,310,347,393
9.68,-0.62,-2.06,0.05,-0.00,-0.00,458,432,310,347,393
9.45,-0.73,-2.17,0.07,-0.01,-0.03,458,432,310,347,393
END
9.73,-0.55,-2.15,-0.08,-0.06,0.00,454,431,303,342,395
9.70,-0.45,-2.20,0.03,0.00,-0.01,454,431,303,342,395
9.48,-0.48,-2.00,0.08,0.01,-0.05,454,431,303,342,395
9.59,-0.57,-2.02,0.14,0.04,-0.07,454,431,303,342,396
9.80,-0.51,-1.68,0.09,0.01,-0.06,454,431,303,342,396
9.64,-0.63,-1.81,0.08,-0.00,-0.04,454,431,303,342,397
9.62,-0.51,-1.85,0.07,0.02,-0.03,454,432,303,342,396
9.47,-0.57,-1.95,0.05,-0.00,-0.05,453,432,303,342,396
9.48,-0.61,-1.77,0.08,0.02,-0.05,453,432,303,342,396
9.61,-0.40,-1.92,0.02,-0.02,-0.07,452,431,304,342,396
9.89,-0.50,-1.82,0.01,-0.02,-0.05,452,431,305,343,396
9.71,-0.53,-1.83,0.02,-0.01,-0.03,452,431,304,343,397
9.58,-0.56,-1.60,0.04,-0.01,-0.04,452,431,304,343,397
9.64,-0.52,-1.76,0.05,0.00,-0.04,452,431,304,343,397
9.50,-0.32,-1.87,0.08,0.02,-0.05,451,431,304,343,396
9.47,-0.39,-1.56,0.08,0.03,-0.04,451,431,304,343,397
9.57,-0.29,-1.68,0.05,0.03,-0.05,451,431,304,342,396
9.83,-0.47,-1.69,0.05,0.00,-0.05,451,431,304,342,396
9.80,-0.47,-1.67,0.08,0.01,-0.04,451,431,304,342,396
9.61,-0.39,-1.72,0.08,0.00,-0.06,451,431,304,342,396
9.84,-0.51,-1.56,0.12,0.00,-0.08,451,431,303,341,396
9.61,-0.24,-1.64,0.18,0.01,-0.06,452,432,302,340,395
9.82,-0.32,-1.62,0.18,0.05,-0.00,453,433,301,340,396
9.51,-0.27,-1.59,0.11,-0.01,-0.04,454,433,301,339,396
9.78,-0.48,-1.51,0.09,-0.01,-0.02,454,433,301,339,396
9.65,-0.39,-1.50,0.12,-0.01,-0.05,454,433,301,339,396
9.59,-0.42,-1.50,0.06,-0.00,-0.03,453,433,301,339,396
9.58,-0.39,-1.54,0.02,0.01,-0.03,453,432,301,339,396
9.64,-0.24,-1.55,0.02,0.01,-0.05,453,432,301,339,396
9.65,-0.39,-1.57,-0.00,-0.00,-0.03,453,432,301,339,396
9.69,-0.36,-1.67,0.01,-0.00,-0.05,452,432,301,338,395
9.43,-0.39,-1.60,0.03,0.00,-0.06,452,432,301,338,396
9.74,-0.38,-1.67,0.01,0.01,-0.03,452,432,301,339,395
9.76,-0.32,-1.58,-0.01,-0.01,-0.03,452,432,301,339,396
9.74,-0.32,-1.62,-0.00,-0.03,-0.04,452,433,301,339,395
9.65,-0.32,-1.28,-0.00,-0.00,-0.03,452,433,301,339,395
END
9.64,-0.33,-1.35,-0.04,-0.01,-0.05,444,433,301,338,395
9.66,0.03,-1.87,0.20,0.03,-0.04,444,433,301,338,395
9.43,-0.15,-1.90,0.09,-0.02,-0.02,444,432,302,338,395
9.80,-0.15,-1.72,-0.06,-0.03,0.07,444,430,302,338,396
9.72,0.10,-2.07,-0.12,0.00,0.09,446,429,304,339,397
9.32,-0.19,-1.82,-0.16,0.05,0.19,447,427,305,339,397
9.00,-0.73,-1.97,-0.16,-0.12,-0.01,447,426,305,339,398
9.60,-0.42,-1.99,-0.32,-0.11,-0.06,446,426,305,339,398
10.09,-0.03,-2.10,-0.28,-0.13,-0.16,446,426,305,339,398
10.32,0.14,-2.12,-0.18,-0.05,-0.07,445,426,304,339,397
9.50,-0.13,-1.93,-0.04,0.02,0.02,445,426,304,339,397
9.35,0.02,-1.85,0.02,0.07,0.03,445,425,304,339,397
9.02,-0.24,-1.72,-0.10,0.05,0.03,445,425,303,339,397
9.45,-0.17,-2.00,-0.16,-0.05,-0.12,444,425,303,340,397
9.83,-0.18,-2.01,-0.13,0.01,-0.03,444,425,303,339,396
10.13,-0.19,-1.77,-0.15,0.01,-0.02,443,425,302,339,396
9.32,-0.03,-2.15,-0.10,-0.05,-0.08,443,425,303,339,396
9.58,-0.22,-2.26,-0.09,-0.07,-0.09,443,425,303,339,396
9.68,0.04,-2.25,-0.17,-0.14,-0.12,443,425,303,339,396
9.98,0.14,-2.21,-0.08,-0.06,-0.08,443,425,303,339,396
10.13,0.47,-2.28,-0.05,0.04,0.11,443,425,303,339,396
9.68,0.28,-2.09,0.01,0.01,0.09,443,425,303,339,396
9.24,0.21,-2.00,0.01,0.04,0.06,443,425,302,339,396
9.35,0.33,-2.08,-0.05,-0.02,-0.04,442,427,303,339,396
9.76,0.24,-2.21,0.02,-0.04,-0.05,441,427,303,339,395
9.29,-0.03,-2.20,0.06,0.05,0.05,441,426,303,340,395
9.27,-0.34,-2.12,0.06,-0.05,-0.12,441,426,302,339,395
9.59,-0.19,-2.19,0.07,-0.00,-0.13,442,428,303,339,395
9.50,0.09,-2.18,0.10,0.03,-0.09,442,428,304,339,395
9.86,0.09,-2.31,0.03,-0.01,-0.07,443,428,305,339,394
9.65,0.31,-2.48,0.07,-0.00,-0.05,443,428,305,339,395
9.87,0.26,-2.70,0.08,-0.02,-0.04,443,428,305,339,394
9.73,0.15,-2.47,0.07,-0.00,0.00,443,428,305,339,394
9.50,-0.01,-2.40,-0.06,-0.05,0.01,442,427,305,339,394
9.71,0.27,-2.33,0.06,-0.02,-0.06,442,427,305,339,393
9.60,0.34,-2.35,0.07,0.01,-0.07,441,427,305,339,393
END
9.43,0.49,-2.00,0.22,0.04,-0.19,442,428,301,339,392
9.52,0.47,-1.73,0.03,-0.01,-0.03,442,428,303,339,392
9.58,0.36,-1.98,0.03,0.01,-0.04,442,428,303,339,392
9.78,0.42,-2.01,0.03,0.03,-0.02,442,428,303,339,392
9.86,0.39,-1.92,0.02,0.01,-0.01,442,428,303,339,392
9.30,0.37,-1.80,0.02,-0.04,-0.05,442,429,303,339,392
9.55,0.41,-2.10,0.00,-0.02,-0.06,442,428,303,339,392
9.77,0.47,-1.95,0.03,0.01,-0.04,442,428,303,340,392
9.69,0.24,-1.94,0.07,0.01,-0.03,441,428,303,340,392
9.62,0.24,-1.93,0.05,0.01,-0.01,441,428,303,340,392
9.66,0.45,-1.82,0.04,0.02,-0.01,441,428,303,340,392
9.58,0.49,-1.88,0.02,-0.02,-0.03,441,428,302,341,392
9.58,0.44,-1.94,0.03,0.00,-0.01,441,428,303,341,391
9.54,0.36,-1.87,0.04,-0.01,-0.04,441,428,303,342,392
9.63,0.30,-1.90,0.02,0.01,-0.02,441,428,303,342,392
9.67,0.24,-1.80,0.04,0.00,-0.04,441,428,303,342,392
9.73,0.40,-1.87,0.05,0.04,0.01,441,428,303,343,392
9.72,0.38,-1.79,0.02,-0.02,-0.04,441,428,303,344,392
9.48,0.32,-1.96,0.02,-0.00,-0.03,441,428,303,344,392
9.58,0.29,-1.89,0.03,0.02,-0.05,441,428,303,344,392
9.76,0.17,-1.87,0.04,0.02,-0.03,441,428,303,344,392
9.68,0.18,-1.84,0.03,0.01,-0.03,441,428,303,344,392
9.68,0.26,-1.81,0.01,-0.00,-0.04,442,428,303,344,392
9.66,0.38,-1.94,0.03,-0.01,-0.04,442,428,303,344,392
9.63,0.37,-1.84,0.02,0.01,-0.03,442,428,303,344,392
9.53,0.29,-1.84,0.04,0.02,-0.03,442,428,303,343,392
9.79,0.24,-1.80,0.05,0.03,-0.02,442,428,303,343,392
9.78,0.27,-1.91,0.03,-0.01,-0.03,442,428,303,344,392
9.63,0.28,-1.77,0.03,-0.01,-0.03,441,428,303,344,392
9.63,0.32,-1.88,0.03,-0.01,-0.02,441,428,303,344,392
9.68,0.41,-1.77,0.02,0.00,-0.02,441,428,304,344,392
9.60,0.35,-1.91,0.03,-0.01,-0.03,441,428,303,344,392
9.63,0.24,-1.87,0.05,0.00,-0.03,441,427,303,344,392
9.78,0.17,-1.83,0.03,-0.00,-0.03,441,428,303,344,391
9.66,0.01,-1.68,0.01,-0.01,-0.01,441,428,303,344,392
9.63,0.24,-1.78,-0.00,-0.02,-0.04,442,428,303,344,392
END
9.53,0.29,-1.90,-0.00,-0.00,-0.02,438,429,303,344,393
9.59,0.08,-1.80,0.05,-0.01,-0.03,438,428,303,344,393
9.63,0.11,-1.90,0.02,-0.01,-0.01,438,428,303,344,393
9.48,0.04,-1.75,0.03,0.00,-0.01,438,428,303,344,393
9.73,-0.02,-1.59,0.05,-0.01,-0.05,438,428,303,344,393
9.53,0.00,-1.68,0.05,-0.00,-0.04,438,428,303,344,393
9.53,-0.06,-1.74,0.02,0.00,-0.04,438,428,303,344,392
9.61,0.13,-1.80,0.01,0.00,-0.05,437,428,303,344,393
9.66,0.07,-1.94,0.01,-0.00,-0.04,438,428,303,344,393
9.73,0.06,-1.82,0.03,-0.00,-0.04,438,428,303,344,392
9.71,0.12,-1.89,0.03,-0.01,-0.04,437,428,303,344,392
9.63,0.02,-1.89,0.01,-0.01,-0.04,437,428,303,344,393
9.66,0.09,-1.77,0.02,-0.00,-0.04,437,428,303,344,393
9.57,0.19,-1.84,0.03,0.00,-0.05,437,428,303,344,393
9.66,0.20,-1.91,0.03,-0.00,-0.06,437,428,303,344,393
9.66,0.17,-2.00,0.05,0.00,-0.04,437,428,303,344,393
9.69,0.01,-1.77,0.04,-0.01,-0.04,437,427,303,344,392
9.58,0.19,-1.72,0.03,-0.00,-0.04,437,427,303,344,392
9.73,0.27,-1.84,0.03,-0.01,-0.04,437,427,303,344,393
9.57,0.17,-1.73,0.05,-0.00,-0.04,437,427,303,344,392
9.68,0.27,-1.82,0.04,-0.00,-0.04,437,427,303,344,392
9.77,0.25,-1.82,0.04,0.00,-0.04,437,427,303,344,392
9.61,0.29,-1.88,0.04,-0.00,-0.04,437,427,303,344,392
9.66,0.23,-1.87,0.03,0.00,-0.04,437,428,303,344,392
9.71,0.27,-1.90,0.04,-0.00,-0.04,437,427,303,344,392
9.69,0.32,-1.88,0.04,0.01,-0.04,437,427,304,344,392
9.59,0.19,-1.82,0.03,-0.00,-0.04,438,427,303,344,392
9.70,0.35,-1.87,0.03,-0.01,-0.04,437,427,303,344,393
9.67,0.26,-1.87,0.03,-0.01,-0.03,437,427,303,344,392
9.61,0.30,-1.97,0.03,0.00,-0.02,437,427,303,344,392
9.48,0.21,-1.78,0.03,-0.00,-0.03,437,427,303,344,392
9.58,0.24,-1.82,0.01,0.00,-0.03,437,427,303,344,392
9.81,0.52,-2.12,0.02,-0.08,-0.14,437,427,303,344,392
9.86,0.47,-2.14,0.06,-0.08,-0.10,437,427,303,344,392
9.16,0.39,-2.14,0.03,-0.00,0.01,437,428,303,344,392
9.52,0.48,-2.04,0.04,-0.02,-0.06,437,427,303,344,392
END
9.60,0.46,-2.00,0.03,-0.00,-0.05,437,427,304,345,391
9.82,0.19,-1.69,0.05,0.00,-0.01,437,427,303,344,391
9.50,0.22,-1.60,0.03,-0.01,-0.02,437,427,303,344,391
9.53,0.35,-1.89,0.02,0.01,-0.01,437,427,304,344,392
9.70,0.42,-1.89,0.04,-0.00,-0.05,437,427,304,344,391
9.63,0.42,-1.71,0.04,0.01,-0.03,437,427,303,344,392
9.65,0.36,-1.70,0.03,-0.02,-0.07,437,427,303,344,391
9.71,0.30,-1.75,0.01,-0.01,-0.06,437,427,304,344,392
9.73,0.41,-1.71,0.06,0.02,-0.03,437,427,304,344,391
9.64,0.50,-1.77,0.07,0.01,-0.03,437,427,304,344,392
9.78,0.60,-1.82,0.06,0.01,-0.05,437,427,304,344,391
9.51,0.57,-1.80,0.07,-0.00,-0.06,437,427,304,344,392
9.75,0.37,-1.85,0.07,-0.00,-0.06,437,427,304,344,391
9.70,0.37,-1.77,0.06,-0.01,-0.06,436,427,304,344,391
9.70,0.37,-1.79,0.06,0.02,-0.02,436,427,304,344,391
9.68,0.49,-1.65,0.08,0.01,-0.02,437,426,304,344,391
9.60,0.58,-1.66,0.07,0.00,-0.03,437,427,304,344,391
9.45,0.45,-1.52,0.08,0.02,-0.03,437,426,304,344,391
9.37,0.09,-1.48,0.07,0.03,-0.05,437,427,304,344,392
9.77,0.37,-1.51,0.03,0.07,-0.01,437,427,304,344,392
9.89,0.42,-1.66,0.04,0.00,-0.07,437,427,304,343,392
9.75,0.52,-1.65,0.03,0.00,-0.03,437,427,304,343,391
9.50,0.39,-1.67,0.03,-0.02,-0.05,436,427,304,343,392
9.54,0.48,-1.65,0.04,-0.02,-0.06,437,427,304,343,391
9.68,0.61,-1.72,0.04,-0.02,-0.08,436,427,303,343,391
9.66,0.58,-1.56,0.06,-0.00,-0.07,436,427,304,343,391
9.77,0.50,-1.54,0.08,0.01,-0.08,436,427,303,343,391
9.80,0.45,-1.47,0.12,0.01,-0.12,438,427,304,343,391
9.88,0.39,-1.64,0.12,0.01,-0.11,441,428,304,343,391
9.78,0.59,-1.46,0.09,-0.01,-0.06,441,428,304,343,391
9.85,0.66,-1.51,0.02,-0.01,-0.02,441,428,304,343,391
9.38,0.62,-1.42,-0.02,-0.04,0.01,440,428,304,343,391
9.42,0.72,-1.67,-0.02,-0.04,-0.03,439,428,304,343,391
9.60,0.79,-1.78,-0.01,-0.03,-0.04,439,428,304,343,391
9.80,0.68,-1.59,-0.00,-0.04,-0.06,439,428,304,343,391
9.73,0.58,-1.67,-0.02,-0.02,-0.04,438,428,304,343,391
END
9.81,0.47,-1.82,-0.02,-0.05,-0.05,435,427,304,344,390
9.18,0.76,-1.67,0.03,0.02,-0.00,435,427,304,344,390
9.87,0.54,-1.61,0.03,0.02,-0.01,435,427,304,344,390
9.66,0.55,-1.46,0.02,0.06,0.02,435,428,304,344,391
9.41,0.57,-1.63,-0.04,0.01,-0.07,435,427,304,344,391
9.50,0.70,-1.95,-0.01,0.04,-0.05,435,427,304,344,391
9.91,0.52,-1.62,0.03,0.02,-0.03,435,428,304,344,391
10.08,0.35,-1.18,0.04,0.01,0.05,435,428,304,344,390
9.69,0.24,-1.36,-0.02,-0.05,0.01,435,427,304,344,391
9.49,0.40,-1.57,-0.04,-0.05,-0.03,435,427,304,344,391
9.46,0.58,-1.85,-0.03,-0.01,-0.04,435,427,304,344,390
9.80,0.57,-1.55,-0.02,0.02,-0.04,435,427,304,344,390
9.78,0.60,-1.50,-0.01,-0.01,-0.06,435,427,304,344,390
9.63,0.38,-1.68,-0.01,-0.05,-0.13,435,427,304,344,390
9.71,0.67,-1.80,-0.04,0.03,-0.04,435,427,304,344,391
9.82,0.64,-1.57,0.04,0.03,-0.04,435,427,304,344,390
9.51,0.52,-1.49,0.06,0.02,-0.04,435,427,304,344,390
9.69,0.62,-1.49,0.01,0.03,-0.04,435,427,304,344,391
9.38,0.79,-1.71,0.05,0.02,-0.05,435,427,304,344,391
9.50,0.85,-1.56,0.07,-0.00,-0.06,435,427,304,344,391
9.57,0.93,-1.51,0.02,-0.05,-0.06,435,427,304,344,390
10.10,0.96,-1.47,0.02,-0.02,-0.01,435,426,304,344,390
10.05,0.77,-1.34,0.02,-0.02,0.00,435,427,304,344,390
9.83,0.72,-1.25,-0.01,-0.05,-0.03,434,426,304,344,390
9.43,0.62,-1.41,-0.05,-0.04,-0.03,434,426,304,344,390
9.71,0.79,-1.55,-0.04,-0.02,-0.03,434,426,304,344,391
9.52,0.70,-1.74,-0.02,-0.01,-0.04,434,427,304,344,390
9.60,0.70,-1.71,-0.02,-0.01,-0.03,434,426,304,344,390
9.71,0.71,-1.90,-0.02,-0.02,-0.06,434,426,304,344,390
9.71,0.82,-1.82,-0.01,-0.03,-0.08,434,427,304,344,391
9.71,0.74,-1.74,0.02,-0.00,-0.03,434,427,304,344,391
9.69,0.68,-1.64,0.02,-0.00,-0.04,434,426,304,344,391
9.82,0.71,-1.76,0.01,0.01,-0.03,434,427,304,344,390
9.91,0.73,-1.64,0.01,-0.01,-0.02,433,426,305,344,390
9.84,0.75,-1.53,0.02,-0.01,-0.01,433,427,304,344,390
9.53,0.82,-1.58,0.01,-0.02,-0.01,433,427,304,344,390
END
9.19,0.71,-1.84,0.00,-0.01,-0.02,431,427,304,345,390
9.65,0.57,-2.02,0.04,-0.02,-0.01,431,427,304,344,390
9.35,0.55,-1.90,0.03,-0.01,-0.01,431,427,304,344,390
9.51,0.88,-1.87,0.05,-0.00,-0.04,431,427,304,344,390
9.65,0.77,-1.84,0.06,0.01,-0.05,431,427,304,344,389
9.66,0.70,-1.72,0.05,0.00,-0.05,431,427,304,344,390
9.73,0.68,-1.80,0.03,0.00,-0.03,431,427,304,344,390
9.63,0.69,-1.91,0.02,0.00,-0.05,431,427,304,344,390
9.68,0.71,-1.84,0.02,0.01,-0.03,431,426,304,344,391
9.79,0.65,-1.84,0.04,0.00,-0.03,431,427,304,344,390
9.68,0.73,-1.82,0.05,0.01,-0.01,431,427,304,344,390
9.65,0.78,-1.77,0.04,-0.01,-0.02,431,427,304,344,390
9.48,0.64,-1.72,0.03,-0.01,-0.02,431,427,304,344,390
9.66,0.73,-1.86,0.03,-0.00,-0.03,431,427,304,344,390
9.55,0.75,-1.71,0.04,0.00,-0.04,431,427,304,344,390
9.65,0.59,-1.68,0.04,0.01,-0.03,431,427,304,344,389
9.71,0.78,-1.87,0.04,0.01,-0.04,431,427,304,344,390
9.61,0.62,-1.78,0.04,0.01,-0.03,431,427,304,344,390
9.64,0.65,-1.79,0.04,0.01,-0.03,431,427,304,344,390
9.76,0.68,-1.87,0.04,0.00,-0.03,431,427,304,345,390
9.53,0.61,-1.67,0.05,-0.01,-0.03,431,427,304,344,390
9.77,0.64,-1.95,0.03,0.01,-0.01,431,427,304,344,390
9.63,0.67,-1.76,0.05,0.01,-0.03,431,427,304,344,390
9.79,0.62,-1.61,0.05,-0.00,-0.03,431,427,304,344,390
9.58,0.56,-1.67,0.04,-0.01,-0.04,431,427,304,344,390
9.68,0.59,-1.77,0.02,0.01,-0.01,431,427,304,344,390
9.73,0.54,-1.67,0.03,-0.01,-0.04,431,427,304,344,390
9.60,0.48,-1.73,0.03,0.01,-0.02,431,427,304,344,390
9.79,0.59,-1.81,0.01,-0.00,-0.02,430,427,304,344,390
9.76,0.70,-1.79,0.04,0.00,-0.03,431,427,304,344,390
9.84,0.62,-1.79,0.03,-0.00,-0.02,431,427,304,344,389
9.40,0.49,-1.66,0.04,-0.03,-0.04,431,427,304,344,390
9.83,0.69,-1.87,0.03,0.01,-0.01,431,427,304,344,390
9.77,0.54,-1.66,0.07,-0.01,-0.04,431,427,304,344,390
9.76,0.42,-1.69,0.04,-0.01,-0.02,431,427,304,344,390
9.66,0.51,-1.73,0.04,-0.01,-0.03,431,427,304,344,390
END
9.62,0.27,-1.51,0.01,-0.00,-0.01,431,426,305,345,390
9.72,0.62,-1.55,0.03,0.01,-0.06,431,426,305,346,389
9.87,0.72,-1.53,0.04,-0.00,-0.07,431,426,305,345,389
9.96,0.80,-1.49,0.05,-0.02,-0.05,431,426,305,345,389
9.45,0.58,-1.39,0.05,-0.02,-0.03,431,425,305,344,389
9.81,0.70,-1.56,0.03,-0.02,-0.04,431,426,307,345,389
9.81,0.78,-1.56,0.08,0.00,-0.03,431,426,305,345,390
9.72,0.68,-1.52,0.05,0.01,-0.02,431,426,305,345,390
9.93,0.70,-1.44,0.06,0.00,0.01,431,426,304,345,389
9.67,0.66,-1.36,0.04,-0.01,0.01,431,426,305,345,390
9.49,0.56,-1.47,0.04,-0.01,-0.02,431,426,305,345,390
9.67,0.82,-1.50,0.03,-0.01,-0.04,431,426,305,345,390
9.70,0.56,-1.50,0.03,0.02,-0.02,431,426,305,345,389
9.71,0.64,-1.43,0.03,0.01,-0.04,430,426,305,345,390
9.87,0.50,-1.36,0.02,0.02,-0.01,431,425,305,345,389
9.58,0.48,-1.42,0.03,-0.01,-0.03,431,425,305,345,390
9.43,0.53,-1.46,0.02,0.01,-0.03,431,426,305,345,390
9.70,0.67,-1.52,0.02,-0.02,-0.06,432,426,305,345,390
9.94,0.70,-1.59,0.02,0.01,-0.04,432,426,305,345,390
9.60,0.38,-1.53,0.07,0.00,-0.03,432,426,305,345,390
9.68,0.42,-1.30,0.05,-0.01,-0.04,432,426,305,345,390
9.77,0.55,-1.48,0.05,-0.01,-0.05,432,426,305,345,390
9.85,0.65,-1.30,0.04,0.01,0.01,432,426,305,345,390
9.57,0.55,-1.51,0.04,-0.04,-0.07,431,426,305,345,390
9.46,0.57,-1.47,0.04,0.01,0.01,431,425,305,345,390
9.75,0.51,-1.46,0.05,-0.00,-0.04,431,425,305,345,389
9.59,0.29,-1.34,0.03,0.02,0.01,431,425,305,345,389
9.66,0.53,-1.55,0.04,-0.01,-0.05,431,425,305,345,390
9.79,0.37,-1.49,0.02,-0.01,-0.05,431,425,305,345,390
9.71,0.40,-1.59,0.02,-0.01,-0.04,431,426,305,345,390
9.81,0.46,-1.33,0.01,0.00,-0.01,432,426,305,345,390
9.63,0.56,-1.50,0.02,-0.01,-0.03,432,426,305,345,390
9.67,0.52,-1.43,0.01,-0.01,-0.04,431,426,305,345,390
9.67,0.49,-1.40,0.01,-0.00,-0.04,431,425,305,345,390
9.76,0.39,-1.49,0.02,0.00,-0.05,431,425,305,345,389
9.58,0.43,-1.59,0.03,0.00,-0.05,431,425,305,345,390
END
9.72,0.50,-1.58,0.01,0.00,-0.05,439,426,305,345,389
9.56,0.85,-1.64,0.04,-0.00,-0.01,438,426,305,345,389
9.73,0.85,-1.54,0.05,0.00,-0.03,438,426,305,345,389
9.66,0.77,-1.51,0.04,0.01,-0.03,438,427,305,345,389
9.65,0.71,-1.49,0.02,0.00,-0.02,438,426,305,345,389
9.78,0.68,-1.59,0.02,-0.00,-0.02,438,427,305,345,389
9.78,0.77,-1.67,0.03,-0.00,-0.02,437,427,305,345,389
9.65,0.90,-1.70,0.03,-0.00,-0.01,437,426,305,345,389
9.65,0.93,-1.68,0.04,-0.01,-0.02,437,426,305,345,389
9.71,0.92,-1.47,0.05,0.01,-0.02,437,426,305,345,389
9.50,0.70,-1.46,0.05,-0.00,-0.03,437,426,305,345,389
9.42,0.75,-1.43,0.04,0.01,-0.04,437,426,305,345,389
9.53,0.78,-1.69,0.05,0.02,-0.04,436,425,305,345,389
9.84,0.85,-1.75,0.05,0.02,-0.04,436,426,305,345,389
9.79,0.74,-1.70,0.08,0.00,-0.04,436,426,305,345,389
9.52,0.76,-1.68,0.06,-0.01,-0.03,436,426,305,345,390
9.51,0.69,-1.60,0.06,-0.01,-0.04,436,425,305,345,389
9.61,0.76,-1.74,0.07,-0.01,-0.04,436,426,305,345,390
9.88,0.64,-1.54,0.07,-0.01,-0.05,436,425,305,345,389
9.96,0.59,-1.62,0.07,-0.02,-0.03,436,425,305,345,389
9.54,0.58,-1.58,0.05,-0.02,-0.02,436,425,305,345,389
9.64,0.67,-1.52,0.05,-0.02,-0.03,436,425,305,345,389
9.65,0.76,-1.66,0.03,-0.00,-0.03,435,425,305,344,389
9.62,0.78,-1.62,0.04,-0.00,-0.03,435,425,305,345,390
9.71,0.75,-1.60,0.02,0.00,-0.03,435,425,305,345,389
9.60,0.67,-1.55,0.03,-0.01,-0.05,435,425,305,345,390
9.59,0.56,-1.69,0.01,0.01,-0.04,435,425,305,345,389
9.71,0.69,-1.57,0.03,0.01,-0.04,435,425,305,345,389
9.73,0.71,-1.66,0.03,0.01,-0.03,435,425,305,345,390
9.74,0.71,-1.70,0.02,-0.01,-0.03,435,425,305,345,389
9.66,0.75,-1.77,0.02,-0.02,-0.04,436,425,305,345,389
9.57,0.80,-1.64,0.03,-0.01,-0.03,435,425,305,345,389
9.51,0.70,-1.58,0.03,-0.01,-0.04,435,425,305,345,389
9.72,0.72,-1.66,0.04,-0.00,-0.04,434,425,305,345,389
9.65,0.74,-1.70,0.04,0.00,-0.04,435,425,305,345,389
9.67,0.83,-1.57,0.04,0.00,-0.04,435,425,305,345,389
END
9.68,0.72,-1.62,0.04,0.00,-0.04,434,424,305,344,390
9.60,0.82,-1.48,0.03,-0.01,-0.01,434,424,305,344,390
9.59,0.80,-1.62,0.00,-0.02,-0.02,434,424,305,345,390
9.43,0.99,-1.60,0.03,-0.02,-0.05,435,424,305,345,389
9.38,0.89,-1.58,0.05,-0.01,-0.08,437,425,305,344,389
9.76,0.79,-1.69,0.05,-0.01,-0.11,439,425,305,345,389
9.82,0.71,-1.68,0.01,0.03,-0.03,439,425,305,344,389
9.88,0.74,-1.63,0.01,-0.00,-0.04,439,425,305,344,389
9.54,0.81,-1.76,-0.01,-0.00,-0.03,439,425,305,344,389
9.64,0.96,-1.91,-0.02,-0.00,-0.03,439,425,306,344,389
9.81,1.05,-2.03,0.01,-0.00,-0.03,438,425,305,345,389
9.78,0.85,-1.77,0.03,-0.00,-0.04,437,425,305,344,389
9.68,0.79,-1.61,0.04,0.00,-0.02,437,425,305,345,389
9.61,0.80,-1.53,0.02,-0.02,-0.03,437,425,305,344,389
9.68,0.74,-1.71,-0.00,-0.01,-0.03,436,424,305,344,389
9.69,0.90,-1.85,0.01,-0.00,-0.03,436,425,305,344,389
9.73,0.94,-1.64,0.02,-0.00,-0.05,436,425,305,344,389
9.61,0.91,-1.65,0.03,0.01,-0.03,436,425,305,345,388
9.61,0.75,-1.62,0.00,-0.01,-0.03,436,425,306,344,388
9.50,0.90,-1.72,0.00,-0.01,-0.04,436,425,305,344,389
9.68,0.87,-1.69,-0.01,-0.00,-0.04,436,424,305,344,388
9.77,0.83,-1.86,-0.01,-0.01,-0.04,436,425,305,345,388
9.65,0.83,-1.75,0.01,-0.01,-0.02,436,425,305,345,388
9.60,0.90,-1.87,0.03,0.00,-0.03,436,425,305,345,388
9.60,0.90,-1.65,0.04,-0.00,-0.04,436,425,305,345,388
9.68,0.88,-1.87,0.07,-0.01,-0.04,436,425,305,345,388
9.69,0.85,-1.67,0.06,-0.02,-0.04,436,425,305,345,388
9.59,0.80,-1.54,0.05,-0.01,-0.02,435,425,305,345,388
9.55,0.80,-1.56,0.03,-0.01,-0.04,436,425,305,345,389
9.57,0.89,-1.51,0.02,0.01,-0.02,436,425,305,345,388
9.58,0.68,-1.62,0.01,0.02,-0.02,436,425,305,345,388
9.58,0.78,-1.75,-0.02,0.01,-0.03,436,425,305,345,388
9.85,0.85,-1.74,-0.02,-0.00,-0.03,436,425,305,345,388
9.69,1.03,-1.93,0.01,-0.00,-0.04,436,425,305,345,388
9.65,0.93,-1.81,0.04,0.01,-0.03,436,424,305,345,388
9.62,0.91,-1.79,0.05,0.01,-0.03,436,425,305,345,388
END
9.65,0.79,-1.56,0.05,-0.00,-0.03,434,423,306,345,388
9.70,0.74,-1.56,0.04,0.01,-0.02,434,423,305,345,389
9.70,0.88,-1.73,0.04,0.00,-0.04,434,423,305,344,388
9.59,0.86,-1.67,0.05,0.02,-0.02,434,423,305,345,388
9.83,0.88,-1.60,0.05,0.01,-0.02,434,423,305,345,388
9.82,0.92,-1.53,0.05,0.00,-0.03,433,423,305,345,388
9.62,0.78,-1.66,0.05,-0.01,-0.04,434,423,305,345,389
9.56,0.73,-1.30,0.04,0.00,-0.03,434,423,305,344,388
9.77,0.88,-1.69,0.04,0.00,-0.04,434,423,305,345,389
9.66,0.78,-1.64,0.06,0.01,-0.03,433,423,305,345,388
9.81,0.75,-1.62,0.09,0.00,-0.07,435,423,305,345,388
9.68,0.82,-1.67,0.08,-0.01,-0.06,437,423,305,345,388
9.69,0.86,-1.63,0.04,0.01,-0.02,437,423,305,345,388
9.62,0.79,-1.56,0.03,0.00,-0.01,437,423,305,345,388
9.53,0.89,-1.71,0.04,-0.01,-0.04,436,423,306,345,388
9.63,0.85,-1.63,0.05,-0.00,-0.04,436,423,306,345,388
9.58,0.62,-1.55,0.05,0.00,-0.03,436,423,306,345,388
9.83,0.69,-1.56,0.03,0.00,-0.04,436,423,305,345,388
9.76,0.68,-1.54,0.04,-0.01,-0.03,436,423,306,345,388
9.66,0.67,-1.59,0.03,0.00,-0.02,436,423,306,345,388
9.66,0.81,-1.60,0.04,0.00,-0.02,436,423,306,345,388
9.74,0.83,-1.67,0.03,-0.00,-0.02,435,423,305,345,388
9.55,0.72,-1.46,0.03,-0.01,-0.03,435,423,305,345,388
9.57,0.70,-1.51,0.01,-0.00,-0.03,435,423,305,345,388
9.69,0.70,-1.61,0.03,-0.01,-0.04,435,423,306,345,388
9.68,0.67,-1.63,0.02,0.00,-0.03,434,423,305,345,388
9.61,0.54,-1.57,0.01,0.00,-0.03,434,423,305,345,388
9.68,0.73,-1.56,0.03,-0.00,-0.04,434,423,305,345,388
9.67,0.69,-1.72,0.02,0.00,-0.03,434,424,305,345,388
9.67,0.71,-1.62,0.04,-0.00,-0.04,434,424,305,345,388
9.45,0.69,-1.57,0.05,-0.01,-0.04,434,424,305,345,388
9.79,0.78,-1.58,0.03,0.00,-0.03,434,424,305,345,388
9.77,0.81,-1.54,0.06,-0.01,-0.06,434,424,305,345,388
9.55,0.65,-1.61,0.05,0.00,-0.05,434,424,305,345,388
9.58,0.56,-1.59,0.05,0.02,-0.05,433,423,305,344,388
9.78,0.64,-1.75,0.05,0.02,-0.06,434,424,305,345,388
END
9.78,0.61,-1.78,0.06,0.01,-0.04,441,425,305,344,387
10.15,1.07,-1.74,0.09,-0.01,-0.03,441,426,305,344,387
9.53,1.02,-1.55,0.07,-0.02,-0.01,441,426,305,344,388
9.35,1.05,-1.56,0.05,-0.02,-0.02,441,426,305,344,387
9.45,1.23,-1.74,0.05,0.00,-0.03,441,426,305,344,387
9.48,1.09,-1.84,0.08,0.02,-0.03,441,426,305,344,388
9.84,1.06,-1.76,0.11,0.02,-0.04,441,426,305,344,387
9.84,0.92,-1.67,0.07,0.01,-0.04,440,425,306,344,387
9.64,0.98,-1.56,0.03,-0.02,-0.03,440,425,305,344,387
9.43,1.05,-1.56,0.02,-0.02,-0.03,440,425,305,344,387
9.50,1.28,-1.82,-0.01,-0.01,-0.04,440,425,305,344,387
9.38,1.14,-2.03,0.03,0.02,-0.06,440,425,305,344,387
9.64,1.10,-1.87,0.04,0.04,-0.05,440,425,305,344,387
9.88,1.01,-1.92,0.03,-0.00,-0.04,440,425,305,344,387
10.01,1.13,-1.71,0.01,-0.04,-0.02,440,425,305,344,387
9.78,1.14,-1.49,0.01,-0.04,-0.02,440,425,305,344,387
9.35,1.17,-1.44,0.00,-0.02,-0.02,440,425,305,345,387
9.60,1.28,-1.62,-0.01,0.03,0.01,439,425,305,345,387
9.37,1.21,-1.77,0.03,0.03,-0.03,439,425,305,344,387
9.45,0.96,-1.77,-0.02,0.01,-0.06,439,425,306,344,387
9.60,1.05,-1.73,-0.03,-0.01,-0.09,439,425,306,345,387
9.89,1.00,-1.70,-0.02,0.00,-0.07,439,425,306,344,387
9.89,1.22,-1.66,0.01,-0.00,-0.05,439,425,307,345,387
9.60,1.11,-1.69,0.05,0.02,-0.03,438,425,307,345,387
9.77,0.93,-1.60,0.09,0.06,0.02,439,425,307,345,387
9.76,1.09,-1.79,0.13,0.18,0.19,438,425,307,345,387
9.40,0.78,-1.71,0.07,0.09,0.13,438,425,306,345,387
9.35,0.67,-1.45,0.06,-0.07,-0.08,438,425,306,345,387
9.53,0.65,-1.38,-0.00,-0.07,-0.07,438,425,306,345,387
9.66,0.86,-1.54,0.03,-0.04,-0.08,437,425,306,345,387
9.79,0.80,-1.52,0.04,-0.02,-0.08,437,425,306,345,387
9.71,0.74,-1.34,0.07,0.00,-0.07,437,425,306,345,387
9.78,0.62,-1.26,0.05,0.01,-0.05,437,425,306,345,387
9.96,0.70,-1.54,0.00,0.01,-0.00,437,425,306,345,387
9.69,0.86,-1.59,0.01,0.03,0.06,437,425,306,345,387
9.53,0.82,-1.62,0.03,-0.01,0.00,437,425,306,345,387
END
9.66,0.85,-1.36,0.02,-0.04,-0.05,434,425,307,345,387
9.50,1.13,-1.84,0.02,0.01,-0.03,434,425,307,345,387
9.71,1.08,-1.71,0.03,0.01,-0.05,434,426,307,345,387
9.82,1.11,-1.86,0.02,0.00,-0.04,434,425,307,345,387
9.73,1.01,-1.92,0.03,0.00,-0.03,434,425,306,345,387
9.55,1.06,-1.83,0.03,-0.01,-0.03,434,425,307,345,387
9.67,1.12,-1.79,0.03,-0.01,-0.02,434,425,307,345,387
9.58,1.10,-1.69,0.06,-0.00,-0.02,433,425,307,345,388
9.38,1.11,-1.72,0.02,-0.01,-0.04,434,425,307,345,388
9.62,1.08,-1.79,0.03,-0.01,-0.06,434,425,307,345,387
9.71,1.09,-1.70,0.03,0.02,-0.04,434,425,307,345,388
9.58,1.05,-1.80,0.03,0.01,-0.04,433,425,307,345,388
9.67,1.12,-1.82,0.02,0.01,-0.02,434,425,307,345,388
9.63,1.20,-1.76,0.01,-0.02,-0.03,434,425,307,345,388
9.55,1.05,-1.79,0.03,-0.00,-0.03,434,425,307,345,388
9.44,1.03,-1.76,0.05,0.00,-0.05,433,425,306,345,388
9.63,1.02,-1.80,0.02,0.01,-0.03,433,425,306,345,387
9.71,1.11,-1.75,0.03,-0.01,-0.04,433,425,306,345,387
9.60,1.06,-1.79,0.03,0.00,-0.03,433,425,306,345,388
9.58,1.08,-1.65,0.05,-0.01,-0.04,433,425,306,345,388
9.43,1.08,-1.70,0.03,0.00,-0.02,434,425,306,345,388
9.76,1.08,-1.72,0.02,-0.01,-0.05,433,425,306,345,388
9.38,1.13,-1.69,0.03,-0.01,-0.04,433,425,306,345,388
9.64,1.00,-1.74,0.03,0.01,-0.03,433,425,306,345,388
9.63,0.98,-1.76,0.02,-0.00,-0.05,434,425,306,345,388
9.71,1.16,-1.80,0.03,0.01,-0.03,433,425,306,345,388
9.56,1.05,-1.80,0.02,-0.01,-0.05,433,425,306,345,387
9.63,1.07,-1.80,0.03,0.01,-0.02,433,425,306,345,387
9.76,1.17,-1.92,0.02,-0.01,-0.04,433,425,306,345,388
9.60,1.16,-1.83,0.03,-0.00,-0.03,433,425,306,345,388
9.58,1.11,-1.77,0.03,-0.00,-0.04,433,425,306,345,387
9.45,1.05,-1.73,0.03,0.01,-0.04,433,425,306,345,388
9.73,1.07,-1.77,0.02,0.01,-0.05,433,425,306,345,388
9.62,1.11,-1.82,0.02,0.01,-0.04,433,425,306,345,388
9.74,1.02,-1.69,0.02,0.01,-0.04,433,425,306,345,387
9.59,1.05,-1.75,0.01,-0.00,-0.04,433,425,306,345,388
END
9.58,1.16,-1.77,0.02,-0.00,-0.03,433,425,306,345,387
9.57,0.88,-1.54,0.02,-0.01,-0.05,433,425,307,345,387
9.68,0.90,-1.54,0.01,0.00,-0.03,433,425,306,345,387
9.58,0.91,-1.51,0.02,-0.02,-0.05,432,425,306,345,387
9.58,1.02,-1.60,0.01,0.01,-0.03,433,425,306,345,388
9.70,0.95,-1.73,0.03,0.00,-0.03,433,425,306,345,387
9.60,1.04,-1.62,0.02,-0.00,-0.03,433,425,306,345,387
9.63,1.11,-1.71,0.02,0.00,-0.02,433,425,306,345,387
9.67,1.14,-1.76,0.03,-0.01,-0.04,433,425,306,345,387
9.47,0.93,-1.49,0.03,-0.00,-0.04,433,425,306,345,387
9.59,1.03,-1.64,0.02,-0.00,-0.04,433,425,306,345,387
9.66,1.04,-1.59,0.03,-0.01,-0.05,433,425,306,345,387
9.65,0.99,-1.59,0.02,0.01,-0.02,433,425,306,345,388
9.70,0.91,-1.36,-0.01,-0.01,-0.03,433,425,306,345,387
9.72,1.10,-1.67,-0.01,-0.02,-0.05,433,425,306,345,387
9.65,1.18,-1.79,0.01,-0.03,-0.05,433,425,306,345,387
9.52,1.04,-1.74,0.05,-0.01,-0.04,433,425,306,345,387
9.63,0.95,-1.53,0.05,0.00,-0.03,433,425,306,345,387
9.66,0.91,-1.50,0.02,-0.01,-0.05,433,425,306,345,387
9.66,1.10,-1.71,0.03,-0.01,-0.05,433,425,306,345,387
9.65,1.14,-1.67,0.02,-0.01,-0.04,434,425,306,345,387
9.53,1.11,-1.72,0.01,-0.00,-0.04,434,426,306,345,387
9.52,1.10,-1.69,0.02,0.01,-0.02,434,426,306,345,387
9.71,1.20,-1.83,0.03,0.01,-0.02,434,425,306,345,387
9.71,1.17,-1.69,0.03,-0.02,-0.06,434,426,306,345,387
9.44,1.12,-1.54,0.04,0.01,-0.05,434,425,306,345,387
9.74,1.16,-1.69,0.02,-0.00,-0.05,434,425,306,345,387
9.45,1.09,-1.66,0.04,0.00,-0.05,434,425,306,345,387
9.49,1.03,-1.78,0.03,0.01,-0.05,434,425,306,345,387
9.77,1.13,-1.70,0.04,0.01,-0.07,434,425,306,345,388
9.73,1.12,-1.85,0.06,0.01,-0.05,434,425,306,345,387
9.77,1.07,-1.78,0.06,0.01,-0.04,434,425,306,345,388
9.76,1.12,-1.71,0.05,-0.00,-0.03,434,425,306,345,388
9.70,1.16,-1.64,0.04,-0.01,-0.02,433,425,306,345,388
9.55,1.09,-1.53,0.04,0.00,-0.02,433,424,306,344,387
9.61,1.10,-1.48,0.04,-0.00,-0.04,433,424,306,345,387
END
9.45,1.03,-1.66,0.02,0.01,-0.03,433,423,306,343,388
9.69,1.05,-1.66,0.10,0.03,-0.02,433,423,306,344,389
10.03,1.03,-1.57,0.07,0.01,-0.05,434,423,306,344,388
9.71,1.02,-1.48,0.06,-0.03,-0.07,433,424,306,344,388
9.66,0.80,-1.77,0.05,-0.02,-0.04,433,423,306,344,388
9.61,0.84,-1.68,0.04,-0.00,-0.04,433,423,306,344,388
9.78,1.13,-1.59,0.03,0.01,-0.04,433,423,306,344,388
9.42,1.18,-1.54,0.06,-0.01,-0.04,433,423,306,343,388
9.43,0.97,-1.64,0.08,0.02,-0.01,433,423,306,344,388
9.83,1.01,-1.58,0.05,0.03,-0.02,433,423,306,344,388
9.71,1.06,-1.60,0.03,0.00,-0.04,433,423,306,344,388
9.64,0.93,-1.44,0.04,-0.01,-0.03,433,423,306,344,388
9.53,0.92,-1.49,0.03,-0.00,-0.04,433,423,306,344,388
9.84,0.92,-1.52,-0.01,0.01,-0.03,433,423,306,344,388
9.55,1.08,-1.56,0.01,-0.01,-0.07,433,423,306,344,388
9.35,1.07,-1.54,0.05,0.02,-0.04,433,424,306,344,388
9.55,0.98,-1.51,0.02,0.05,-0.02,433,423,306,344,388
10.10,1.31,-1.36,0.00,0.02,-0.02,433,423,306,344,388
9.76,1.15,-1.46,0.01,-0.04,-0.04,433,423,306,344,387
9.59,1.19,-1.52,0.01,-0.03,-0.01,433,423,306,344,388
9.58,0.91,-1.43,0.02,-0.01,-0.03,433,423,306,344,388
9.50,1.00,-1.56,0.02,-0.00,-0.04,432,423,306,345,388
9.57,1.03,-1.79,0.03,0.00,-0.03,433,423,306,343,388
9.63,1.10,-1.68,0.05,0.02,-0.02,433,423,306,344,388
10.03,1.13,-1.31,0.03,0.02,-0.02,433,424,306,344,388
9.73,0.93,-1.31,0.02,-0.03,-0.03,433,423,306,344,388
9.54,0.96,-1.40,0.01,-0.02,-0.01,433,423,306,344,388
9.43,0.77,-1.36,0.01,-0.01,0.00,432,424,306,344,388
9.49,0.92,-1.49,0.05,0.01,-0.04,432,423,306,344,388
9.60,0.98,-1.39,0.03,0.02,-0.03,432,423,306,344,388
9.68,0.89,-1.41,0.04,0.01,-0.05,432,423,306,344,388
9.55,0.94,-1.38,0.02,0.01,-0.04,432,423,306,344,388
9.62,0.91,-1.59,0.01,-0.01,-0.06,431,423,306,344,388
9.65,1.01,-1.56,0.02,-0.01,-0.05,431,423,306,344,388
9.73,1.06,-1.66,0.04,-0.01,-0.05,431,423,306,344,388
9.71,1.00,-1.49,0.05,-0.02,-0.05,432,423,306,344,388
END
9.69,0.96,-1.46,0.05,-0.01,-0.04,431,423,306,344,388
9.56,0.98,-1.54,0.01,-0.01,-0.02,431,423,306,344,388
9.52,0.94,-1.57,0.02,0.01,-0.03,431,423,305,344,388
9.60,0.92,-1.49,0.01,0.00,-0.04,431,423,306,344,388
9.71,0.88,-1.48,0.02,0.01,-0.04,431,423,306,344,388
9.76,0.80,-1.54,0.02,-0.01,-0.04,431,423,306,344,388
9.45,0.78,-1.54,0.02,0.00,-0.03,431,423,305,344,388
9.53,0.90,-1.48,0.02,0.00,-0.02,431,423,306,344,388
9.71,0.93,-1.57,0.04,0.00,-0.03,431,423,306,344,388
9.53,0.78,-1.58,0.05,-0.01,-0.04,431,423,306,344,388
9.67,0.91,-1.56,0.04,0.00,-0.02,431,423,306,344,388
9.71,0.84,-1.66,0.04,-0.01,-0.04,431,423,306,344,388
9.60,0.83,-1.28,0.05,-0.00,-0.03,431,423,306,344,388
9.59,0.90,-1.62,0.04,0.01,-0.03,431,423,306,344,388
9.60,0.89,-1.69,0.03,0.00,-0.04,431,423,306,344,388
9.63,0.90,-1.54,0.03,0.01,-0.05,431,423,304,344,388
9.65,0.97,-1.45,0.04,0.01,-0.05,431,423,306,344,388
9.60,0.88,-1.42,0.04,0.00,-0.05,431,423,305,344,388
9.63,0.83,-1.48,0.03,0.01,-0.05,431,423,306,344,388
9.75,0.88,-1.54,0.04,0.00,-0.05,431,422,306,344,388
9.76,0.87,-1.41,0.03,-0.00,-0.04,431,423,306,344,388
9.82,1.03,-1.53,0.04,0.01,-0.03,431,423,306,344,388
9.78,0.95,-1.51,0.03,-0.00,-0.04,431,423,305,344,388
9.78,1.00,-1.51,0.03,-0.01,-0.03,431,423,306,344,388
9.52,1.00,-1.46,0.02,-0.01,-0.03,431,423,306,344,388
9.47,1.00,-1.34,0.02,-0.02,-0.04,431,423,306,344,388
9.53,1.12,-1.61,0.03,-0.00,-0.03,431,423,306,344,388
9.60,0.96,-1.33,0.04,-0.01,-0.05,431,423,306,344,388
9.76,0.98,-1.76,0.04,-0.01,-0.04,431,423,305,344,388
9.78,0.88,-1.59,0.03,-0.00,-0.04,431,423,306,344,388
9.68,0.91,-1.46,0.02,0.00,-0.04,431,423,306,344,388
9.66,1.00,-1.56,0.02,-0.00,-0.04,431,423,306,344,388
9.62,0.98,-1.62,0.03,0.00,-0.03,431,423,306,344,388
9.72,1.04,-1.62,0.03,-0.01,-0.04,431,423,306,344,388
9.63,0.96,-1.50,0.04,0.00,-0.03,431,423,306,344,388
9.73,0.85,-1.38,0.03,-0.01,-0.04,431,423,306,344,388
END
9.52,0.94,-1.49,0.03,-0.00,-0.03,432,423,304,343,388
9.85,1.03,-1.77,0.05,0.02,-0.03,432,422,305,343,388
9.58,0.85,-1.49,0.05,0.01,-0.03,432,423,305,343,388
9.73,0.96,-1.55,0.04,0.01,-0.03,431,423,305,344,388
9.65,0.91,-1.56,0.04,0.00,-0.04,432,423,305,344,388
9.73,0.95,-1.54,0.04,0.00,-0.04,432,423,305,343,388
9.79,0.83,-1.77,0.05,0.00,-0.03,432,423,305,344,388
9.66,0.88,-1.49,0.03,0.00,-0.03,432,423,305,344,388
9.83,0.91,-1.54,0.03,0.00,-0.03,432,423,305,343,388
9.66,0.93,-1.57,0.04,-0.01,-0.03,432,423,305,344,388
9.63,0.89,-1.55,0.03,-0.00,-0.04,431,422,305,343,388
9.65,0.91,-1.51,0.02,0.00,-0.04,432,422,304,344,388
9.68,0.85,-1.16,0.03,0.01,-0.03,432,422,305,344,388
9.86,0.89,-1.56,0.04,0.01,-0.04,431,423,305,343,388
9.89,0.75,-1.61,0.03,0.01,-0.03,431,422,305,343,388
9.65,0.79,-1.60,0.02,0.00,-0.03,431,423,305,344,388
9.63,0.98,-1.33,0.02,0.00,-0.02,431,423,305,344,388
9.60,0.92,-1.53,0.02,-0.02,-0.03,431,423,305,344,388
9.54,0.98,-1.74,0.01,-0.02,-0.05,432,423,305,344,388
9.63,1.01,-1.66,0.03,-0.00,-0.07,431,423,305,344,388
9.52,0.93,-1.43,0.04,0.01,-0.06,432,423,305,344,388
9.73,0.95,-1.56,0.04,0.01,-0.07,431,423,305,343,388
9.88,1.02,-1.57,0.02,0.01,-0.08,431,423,305,343,388
9.78,1.03,-1.59,0.03,0.00,-0.07,431,422,305,343,388
9.76,0.98,-1.58,0.04,0.01,-0.06,432,423,305,343,388
9.63,1.10,-1.39,0.03,0.00,-0.07,431,423,305,343,388
9.76,1.08,-1.43,0.03,0.01,-0.06,431,423,305,344,388
9.67,1.16,-1.49,0.04,0.01,-0.06,431,423,305,344,389
9.71,1.20,-1.50,0.05,0.01,-0.05,431,423,305,344,388
9.75,1.13,-1.39,0.06,0.00,-0.04,431,423,305,344,388
9.67,1.13,-1.23,0.05,-0.00,-0.05,431,423,305,344,388
9.83,1.23,-1.64,0.05,-0.00,-0.04,431,423,305,344,388
9.55,1.28,-0.93,0.03,0.00,-0.04,431,422,305,343,388
9.60,1.36,-1.38,0.03,-0.01,-0.05,431,423,305,343,388
9.50,1.33,-1.32,0.03,-0.00,-0.04,431,423,305,343,388
9.53,1.32,-1.19,0.01,-0.00,-0.07,431,423,305,343,388
END
9.73,1.47,-1.59,0.04,0.02,-0.04,431,422,305,344,388
9.80,1.39,-1.15,0.03,-0.02,-0.02,431,422,305,344,388
9.99,1.30,-1.06,-0.01,-0.02,-0.01,431,423,305,344,388
9.64,1.44,-1.37,-0.01,-0.05,-0.03,431,422,305,344,388
9.61,1.57,-1.59,-0.03,-0.01,0.03,432,424,305,344,388
9.51,1.48,-1.45,-0.02,-0.03,0.01,431,423,305,344,388
9.68,1.58,-1.41,-0.03,-0.01,0.03,430,423,305,344,388
9.61,1.30,-1.41,-0.04,-0.04,-0.02,430,423,305,344,388
9.40,1.30,-1.51,-0.03,-0.04,-0.05,430,422,305,344,388
9.66,1.19,-1.50,-0.02,-0.02,-0.04,430,422,305,344,388
9.99,1.31,-1.54,-0.00,-0.01,-0.03,429,422,305,344,388
9.84,1.11,-1.57,0.02,-0.02,-0.03,430,422,305,344,388
9.59,1.19,-1.44,0.01,0.01,-0.00,430,422,305,344,388
9.73,1.18,-1.35,0.04,0.00,-0.03,430,422,305,344,389
9.43,1.17,-1.18,0.05,0.02,-0.04,430,422,305,344,388
9.60,1.25,-1.46,0.09,0.02,-0.04,430,422,305,344,388
9.63,1.16,-1.51,0.12,0.03,-0.04,430,422,305,344,388
9.45,1.08,-1.59,0.12,0.02,-0.05,430,422,305,344,388
9.63,1.23,-1.34,0.10,0.02,-0.03,430,422,305,344,388
9.53,1.14,-1.33,0.10,-0.02,-0.07,430,422,305,344,388
9.91,1.39,-1.40,0.06,-0.00,-0.03,429,422,305,344,388
10.03,1.34,-1.21,0.06,-0.03,-0.05,430,422,305,344,388
9.58,1.21,-1.07,0.04,-0.00,-0.03,430,422,304,344,388
9.48,1.13,-1.17,-0.00,0.00,-0.03,429,422,305,344,388
9.40,1.10,-1.10,-0.03,0.02,-0.02,429,422,305,344,388
9.82,1.21,-1.27,-0.04,0.04,0.02,429,421,305,344,389
9.70,1.26,-1.38,-0.01,0.02,0.00,429,420,305,344,389
9.42,1.32,-1.25,0.04,-0.00,-0.05,429,421,305,344,388
9.67,1.35,-1.23,0.16,0.01,-0.07,432,423,304,344,388
9.36,1.03,-1.07,0.13,0.02,-0.04,433,423,305,343,388
9.52,0.99,-0.90,-0.09,-0.03,-0.03,432,422,304,343,388
9.63,1.15,-1.11,-0.12,-0.00,-0.03,431,423,303,344,388
9.79,1.31,-1.44,-0.05,-0.02,-0.09,430,422,304,343,388
9.65,1.34,-1.53,-0.02,0.01,-0.04,430,423,303,344,388
9.85,1.34,-1.42,0.04,0.04,-0.02,429,423,303,343,388
9.72,1.08,-1.23,0.03,0.03,0.03,428,422,303,344,388
END
9.63,1.09,-1.16,0.04,0.02,0.03,428,422,304,344,388
9.63,1.08,-1.31,0.03,0.00,-0.04,428,422,304,344,388
9.64,1.06,-1.20,0.02,0.01,-0.04,428,422,304,344,388
9.78,1.18,-1.46,0.03,-0.00,-0.05,428,422,304,344,388
9.65,1.12,-1.43,0.02,0.01,-0.04,428,422,304,344,388
9.63,1.21,-1.44,0.03,-0.01,-0.05,428,422,304,344,388
9.54,1.11,-1.27,0.04,-0.00,-0.03,428,422,304,344,388
9.81,1.11,-1.23,0.05,-0.00,-0.03,428,422,304,344,388
9.64,1.14,-1.22,0.03,-0.01,-0.04,428,422,304,344,388
9.54,1.19,-1.20,0.02,-0.00,-0.05,428,422,304,344,388
9.71,1.24,-1.25,0.03,0.01,-0.03,427,422,304,344,388
9.64,1.15,-1.42,0.03,-0.00,-0.05,427,422,304,344,388
9.58,1.23,-1.45,0.05,0.01,-0.06,428,422,304,344,388
9.79,1.19,-1.41,0.05,0.02,-0.04,427,421,304,344,388
9.66,1.17,-1.32,0.06,-0.01,-0.05,427,421,304,344,388
9.60,1.21,-1.39,0.05,-0.00,-0.03,427,421,304,344,388
9.71,1.22,-1.49,0.07,-0.02,-0.04,427,421,304,344,388
9.66,1.27,-1.37,0.06,-0.02,-0.03,427,421,304,344,388
9.65,1.18,-1.21,0.07,-0.01,-0.03,427,421,304,344,388
9.64,1.14,-1.16,0.06,-0.01,-0.03,427,421,304,344,388
9.68,1.11,-1.16,0.05,0.00,-0.03,427,421,304,344,388
9.67,1.20,-1.25,0.02,0.01,-0.03,427,421,304,344,388
9.78,1.16,-1.39,0.02,-0.01,-0.04,427,421,304,344,388
9.62,1.16,-1.37,0.03,-0.00,-0.04,427,421,304,344,388
9.60,1.18,-1.42,0.02,-0.00,-0.03,427,421,304,344,388
9.73,1.16,-1.46,0.02,0.01,-0.03,427,421,304,344,388
9.73,1.11,-1.30,0.03,-0.00,-0.04,427,421,304,344,388
9.60,1.20,-1.31,0.03,-0.01,-0.03,426,421,304,344,388
9.72,1.18,-1.43,0.01,-0.00,-0.03,426,421,304,344,388
9.58,1.11,-1.41,0.02,-0.01,-0.04,426,421,304,344,388
9.73,1.23,-1.44,0.03,0.00,-0.03,427,421,304,344,388
9.66,1.13,-1.36,0.04,-0.01,-0.04,427,421,304,344,388
9.62,1.08,-1.23,0.02,0.00,-0.02,427,421,304,344,388
9.60,1.08,-1.34,-0.01,-0.01,-0.02,426,421,304,344,388
9.76,1.23,-1.40,0.03,-0.01,-0.04,427,421,304,344,388
9.68,1.21,-1.43,0.03,0.00,-0.03,426,421,304,344,387
END
9.65,1.13,-1.30,0.03,-0.00,-0.03,425,422,304,343,388
9.53,1.11,-1.34,0.03,0.01,-0.02,425,421,304,343,387
9.63,1.01,-1.34,0.05,0.01,-0.03,425,422,304,343,387
9.78,1.13,-1.37,0.04,0.00,-0.03,425,421,304,344,388
9.73,1.04,-1.21,0.05,0.00,-0.04,425,422,304,344,388
9.63,1.08,-1.31,0.03,-0.01,-0.04,425,421,304,344,388
9.70,0.99,-1.32,0.03,0.00,-0.03,425,421,304,344,388
9.75,1.10,-1.26,0.02,-0.00,-0.03,425,421,304,344,388
9.49,1.05,-1.16,0.01,-0.00,-0.04,425,421,304,343,388
9.67,1.09,-1.36,0.00,0.01,-0.04,425,421,304,344,388
9.75,1.03,-1.34,0.01,0.01,-0.04,425,421,304,343,388
9.73,1.08,-1.31,0.02,0.00,-0.04,425,421,303,344,388
9.73,1.02,-1.49,0.03,-0.00,-0.04,425,421,304,344,388
9.73,1.02,-1.31,0.03,0.00,-0.04,425,421,304,344,388
9.83,0.98,-1.28,0.03,-0.01,-0.05,425,421,304,344,387
9.72,1.11,-1.34,0.02,0.00,-0.03,425,421,304,344,388
9.73,1.06,-1.28,0.03,0.00,-0.03,425,421,304,344,388
9.60,1.08,-1.33,0.03,-0.01,-0.03,425,421,304,344,388
9.46,1.03,-1.30,0.02,0.00,-0.04,425,421,304,344,388
9.73,1.13,-1.30,0.03,0.01,-0.04,425,421,304,344,388
9.81,1.12,-1.29,0.03,0.00,-0.05,425,421,304,344,388
9.89,1.10,-1.23,0.03,-0.01,-0.03,425,421,304,343,388
9.72,1.04,-1.36,0.05,-0.07,-0.08,425,421,304,342,388
9.33,0.98,-1.43,0.02,0.00,0.00,425,421,304,344,388
9.49,1.16,-1.32,0.03,-0.01,-0.04,425,421,304,343,388
9.66,1.20,-1.45,0.03,0.01,-0.03,425,421,304,343,388
9.84,1.21,-1.37,0.03,-0.02,-0.07,425,421,304,344,388
9.65,1.26,-1.41,0.06,-0.01,-0.04,425,421,304,344,388
9.86,1.11,-1.24,0.06,-0.04,-0.07,425,421,304,344,388
9.60,1.12,-1.21,0.02,0.00,-0.02,425,421,304,344,388
9.63,1.07,-1.29,0.02,0.01,-0.02,425,421,304,344,388
9.63,1.21,-1.51,0.01,0.01,-0.03,425,421,304,344,388
9.70,1.29,-1.40,0.01,0.01,-0.03,425,421,304,343,388
9.92,1.39,-1.40,0.05,-0.02,-0.05,425,421,304,343,388
9.68,1.16,-1.41,0.04,-0.02,-0.03,425,421,304,344,388
9.50,0.98,-1.22,0.04,-0.01,-0.03,424,421,304,343,388
END