1.58,-7.93,-5.41,0.05,-0.03,-0.07,510,300,295,332,386
1.79,-7.87,-5.41,0.03,0.00,-0.04,509,300,295,332,386
1.92,-7.65,-5.58,0.02,0.01,-0.03,509,300,295,331,386
1.88,-7.77,-5.61,0.02,0.01,-0.03,509,300,295,332,386
1.78,-7.63,-5.65,0.03,0.01,-0.05,509,301,295,332,386
1.96,-7.71,-5.61,0.03,0.01,-0.03,509,300,295,332,386
1.79,-7.66,-5.58,0.03,-0.00,-0.05,509,301,295,332,386
1.69,-7.78,-5.58,0.03,0.01,-0.01,509,301,295,332,386
1.96,-7.93,-5.51,0.03,-0.00,-0.04,509,301,295,332,386
1.80,-7.64,-5.58,0.03,0.01,-0.02,509,300,295,332,386
1.84,-7.83,-5.53,0.05,0.00,-0.02,509,301,296,332,386
1.89,-7.91,-5.67,0.03,0.01,-0.01,509,301,295,332,386
1.87,-7.89,-5.56,0.03,0.01,-0.04,509,300,295,331,386
1.85,-7.75,-5.61,0.02,0.01,-0.02,509,300,295,332,386
1.74,-7.70,-5.56,0.02,0.00,-0.04,509,301,295,332,386
1.74,-7.64,-5.61,0.02,0.01,-0.02,509,301,295,332,386
1.79,-7.77,-5.46,0.03,0.01,-0.03,509,301,295,332,386
1.84,-7.84,-5.61,0.02,0.01,-0.02,509,301,295,332,386
1.77,-7.64,-5.53,0.02,0.00,-0.02,509,301,295,332,386
1.70,-7.81,-5.56,0.03,0.01,-0.01,509,301,295,332,386
1.85,-7.83,-5.53,0.02,0.02,-0.02,509,301,295,331,386
1.79,-7.65,-5.62,0.02,0.02,-0.01,509,301,295,332,386
1.77,-7.87,-5.44,0.04,0.01,-0.01,509,301,296,332,386
1.68,-7.81,-5.52,0.03,-0.01,-0.04,509,301,295,332,386
1.70,-7.78,-5.64,0.04,-0.01,-0.05,509,301,295,332,386
1.84,-7.90,-5.36,0.02,-0.01,-0.02,509,301,295,332,386
1.84,-7.70,-5.76,0.01,-0.01,-0.02,509,301,295,333,386
1.71,-7.64,-5.74,0.02,0.01,-0.02,509,301,295,332,386
1.93,-7.67,-5.66,0.01,0.01,-0.03,509,301,295,332,386
1.74,-7.65,-5.45,0.03,-0.00,-0.05,509,301,295,332,386
1.82,-7.76,-5.70,0.03,-0.01,-0.04,509,301,295,332,386
1.78,-7.59,-5.53,0.03,-0.00,-0.03,508,301,295,332,386
1.73,-7.65,-5.50,0.02,0.01,-0.04,509,301,296,332,386
1.78,-7.55,-5.82,0.01,0.02,-0.04,508,299,295,332,386
1.99,-7.59,-5.69,0.05,0.01,-0.06,508,300,295,332,386
1.96,-7.96,-5.60,0.05,-0.01,-0.03,508,300,295,332,386
END
1.69,-7.93,-5.66,0.03,-0.01,-0.02,508,301,295,332,386
2.05,-7.87,-5.66,0.03,0.01,-0.02,508,301,295,332,386
2.12,-7.72,-5.23,0.05,0.00,-0.05,508,301,295,332,386
2.04,-7.67,-5.52,0.03,-0.01,-0.03,508,301,295,332,386
1.86,-7.65,-5.75,0.02,0.01,-0.03,508,301,295,332,386
2.05,-7.67,-5.76,0.05,0.01,-0.04,508,301,296,332,386
2.12,-7.80,-5.85,0.04,0.01,-0.02,508,301,295,332,386
2.23,-7.94,-5.42,0.04,-0.01,-0.02,508,301,295,332,386
1.95,-7.52,-5.61,0.02,-0.03,-0.03,508,301,296,332,386
1.83,-7.43,-5.69,0.02,0.01,-0.01,508,301,295,332,385
1.96,-7.66,-5.55,0.02,0.03,-0.01,508,301,295,332,386
2.02,-7.57,-5.69,0.03,0.02,-0.01,508,301,295,332,386
1.93,-7.70,-5.63,0.03,-0.03,-0.05,508,300,295,332,386
2.11,-7.70,-5.49,0.03,-0.05,-0.07,508,300,295,332,386
1.85,-7.93,-5.48,0.03,-0.02,-0.02,508,300,295,332,385
2.02,-7.90,-5.48,0.03,-0.02,-0.07,508,300,295,332,385
2.12,-7.96,-5.46,0.01,-0.02,-0.01,508,300,295,332,385
1.82,-7.67,-5.46,-0.01,-0.03,-0.04,507,301,295,332,385
1.70,-7.44,-5.78,0.03,0.00,-0.04,507,301,295,332,385
1.84,-7.82,-5.71,0.04,0.02,-0.01,507,300,295,332,385
1.95,-7.74,-5.73,0.03,0.01,-0.03,507,300,295,332,385
2.03,-7.62,-5.77,0.02,0.01,0.00,507,300,295,332,386
1.99,-7.65,-5.61,0.04,-0.01,-0.03,507,300,295,332,385
1.88,-7.65,-5.58,0.02,-0.01,-0.02,507,300,295,332,385
1.95,-7.65,-5.68,0.03,-0.01,-0.04,507,300,295,332,386
1.67,-7.67,-5.63,0.04,0.00,-0.08,507,300,295,332,385
1.94,-7.49,-5.82,0.02,0.01,-0.06,507,301,295,332,385
2.12,-7.94,-5.70,0.05,0.00,-0.04,506,300,295,332,385
1.98,-7.64,-5.89,0.03,-0.01,-0.02,507,300,295,332,385
2.09,-7.71,-5.71,0.04,-0.00,-0.02,506,300,295,332,385
1.97,-7.82,-5.53,0.03,-0.00,-0.01,507,300,295,332,385
1.97,-7.52,-5.61,0.01,-0.02,-0.05,506,300,295,332,385
1.64,-7.54,-5.64,0.03,-0.00,-0.04,507,300,295,332,385
1.84,-7.66,-5.63,0.05,0.01,-0.03,506,301,296,332,385
2.04,-7.92,-5.64,0.04,-0.00,-0.05,507,300,296,332,386
1.92,-7.80,-5.64,0.03,0.00,-0.02,506,301,295,332,385
END
1.90,-7.59,-5.69,0.02,0.01,-0.00,506,301,296,332,385
2.00,-8.26,-5.33,0.06,-0.01,-0.06,506,300,296,332,385
1.96,-7.95,-5.66,0.01,-0.03,-0.04,505,301,295,332,385
1.79,-7.78,-5.63,0.03,-0.07,-0.04,505,301,296,332,386
1.23,-7.95,-5.45,0.04,-0.04,-0.06,505,301,296,332,385
1.33,-7.90,-5.23,0.02,0.03,-0.03,505,300,295,332,385
1.91,-7.87,-5.41,0.01,0.03,-0.04,505,301,296,332,385
1.92,-7.79,-5.53,0.01,0.01,-0.03,505,301,296,332,385
1.70,-7.80,-5.48,0.01,0.01,-0.04,505,301,296,332,385
1.80,-7.80,-5.40,0.02,-0.00,-0.03,505,301,296,332,385
1.72,-7.70,-5.56,0.05,0.01,-0.04,505,301,296,332,385
1.92,-7.77,-5.57,0.06,-0.01,-0.05,505,301,296,332,384
2.11,-7.98,-5.22,0.09,-0.05,-0.05,505,301,296,332,385
2.10,-8.08,-5.47,0.08,-0.09,-0.09,505,301,296,332,385
1.51,-7.98,-5.06,0.02,-0.07,-0.08,505,301,296,332,386
1.37,-7.71,-5.71,0.02,-0.01,-0.12,505,300,296,332,385
1.74,-7.49,-5.51,0.05,0.00,-0.08,505,301,296,332,386
2.07,-8.04,-5.28,0.10,0.00,-0.02,505,301,296,332,385
2.01,-8.30,-5.38,0.05,-0.01,-0.05,505,301,296,332,385
1.80,-8.16,-5.32,0.02,0.01,-0.09,505,301,296,332,385
1.91,-7.43,-5.46,-0.01,-0.01,-0.09,505,301,296,332,385
2.20,-7.62,-5.54,0.05,-0.04,-0.01,505,301,296,332,385
1.67,-7.97,-5.46,0.06,-0.05,0.01,505,301,296,332,385
1.82,-8.05,-5.16,0.03,-0.03,-0.05,506,301,296,332,385
1.86,-8.01,-5.50,-0.02,0.02,0.02,506,301,296,332,385
1.68,-7.31,-5.45,0.01,0.00,-0.03,505,301,296,332,385
1.98,-7.75,-5.48,0.03,-0.00,-0.01,505,300,296,332,385
1.80,-7.96,-5.49,0.04,-0.01,-0.02,505,300,296,332,385
1.87,-7.80,-5.38,0.04,0.01,-0.01,505,301,296,332,385
2.00,-8.02,-5.41,0.01,-0.02,-0.05,505,300,296,332,385
1.76,-7.87,-5.32,0.02,-0.02,-0.03,505,300,296,332,385
1.97,-7.82,-5.32,0.03,-0.02,-0.04,505,300,296,332,385
1.63,-7.66,-5.53,0.04,-0.02,-0.04,505,300,296,332,385
1.74,-7.77,-5.43,0.03,0.01,-0.02,505,300,296,332,385
1.87,-7.83,-5.56,0.03,-0.00,-0.04,505,300,296,332,385
1.79,-7.97,-5.53,0.01,-0.00,-0.03,505,300,296,332,385
END
1.77,-7.82,-5.45,0.02,-0.00,-0.02,504,301,296,332,385
2.04,-7.77,-5.44,0.04,0.00,-0.01,504,302,296,331,385
2.12,-7.86,-5.36,0.03,0.00,-0.06,505,301,296,332,385
1.91,-7.72,-5.48,0.03,0.01,-0.02,505,301,296,332,385
2.08,-7.75,-5.49,0.04,0.00,-0.04,505,301,296,332,385
1.96,-7.91,-5.48,0.04,-0.01,-0.04,505,301,295,332,385
1.96,-7.69,-5.52,0.05,-0.00,-0.04,505,301,296,332,385
2.13,-7.95,-5.40,0.04,-0.00,-0.03,504,301,296,332,385
2.02,-7.77,-5.41,0.04,-0.00,-0.03,504,301,296,330,385
2.20,-7.82,-5.38,0.03,0.00,-0.04,504,300,296,332,385
2.06,-7.80,-5.36,0.03,-0.00,-0.03,504,301,296,332,385
2.02,-7.75,-5.29,0.03,0.00,-0.02,504,301,297,332,385
2.16,-7.81,-5.53,0.04,0.00,-0.04,504,301,294,332,385
1.98,-7.81,-5.52,0.04,-0.00,-0.04,504,301,296,332,385
2.00,-7.64,-5.51,0.03,-0.00,-0.02,504,301,296,332,385
2.05,-7.77,-5.41,0.03,-0.01,-0.04,504,301,295,332,385
2.02,-7.72,-5.40,0.03,-0.00,-0.04,504,301,296,332,385
2.10,-7.76,-5.46,0.04,0.00,-0.03,504,301,296,332,385
2.10,-7.87,-5.52,0.03,0.00,-0.04,504,301,296,332,385
2.04,-7.62,-5.44,0.03,0.00,-0.03,504,301,296,332,385
2.12,-7.75,-5.43,0.04,-0.00,-0.04,504,302,296,332,385
2.04,-7.72,-5.39,0.04,-0.00,-0.03,504,301,296,332,386
2.12,-7.72,-5.41,0.03,-0.00,-0.04,504,301,295,332,385
1.99,-7.75,-5.40,0.04,0.00,-0.03,504,301,296,332,385
2.17,-7.85,-5.41,0.05,-0.01,-0.05,504,301,296,332,385
2.07,-7.90,-5.44,0.04,-0.00,-0.03,504,301,296,332,385
2.09,-7.80,-5.41,0.02,-0.01,-0.03,504,301,296,332,385
1.99,-7.78,-5.38,0.03,-0.01,-0.03,504,301,296,332,385
2.18,-7.73,-5.43,0.04,-0.00,-0.03,504,301,296,332,385
2.04,-7.82,-5.46,0.03,-0.00,-0.04,504,301,296,332,385
2.09,-7.83,-5.53,0.04,0.00,-0.03,504,301,296,332,385
2.10,-7.77,-5.47,0.03,-0.00,-0.03,504,301,296,332,385
2.18,-7.82,-5.35,0.04,-0.00,-0.03,504,302,296,332,385
2.02,-7.82,-5.35,0.03,-0.02,-0.05,504,301,296,332,385
2.05,-7.80,-5.44,0.02,-0.00,-0.01,504,301,296,332,385
2.05,-7.83,-5.37,0.02,-0.00,-0.02,504,301,296,332,386
END
1.93,-7.83,-5.45,0.01,-0.01,-0.01,503,301,296,332,385
2.12,-7.74,-5.41,0.04,0.00,-0.04,503,301,296,332,385
2.15,-7.72,-5.42,0.04,0.00,-0.03,503,301,296,332,385
2.09,-7.76,-5.45,0.04,-0.00,-0.05,503,301,296,332,385
2.16,-7.82,-5.29,0.03,0.01,-0.03,503,300,296,332,385
2.34,-7.92,-5.49,0.03,0.00,-0.04,503,300,296,332,385
2.10,-7.77,-5.31,0.04,-0.01,-0.05,503,301,296,332,385
2.12,-7.82,-5.46,0.04,0.00,-0.03,503,301,296,332,385
2.06,-7.80,-5.45,0.04,-0.00,-0.05,503,301,296,332,385
2.05,-7.78,-5.39,0.04,0.00,-0.03,503,301,296,332,385
2.18,-7.84,-5.39,0.03,-0.00,-0.04,503,301,296,332,385
2.15,-7.71,-5.48,0.03,-0.00,-0.03,503,301,296,332,385
2.23,-7.82,-5.43,0.04,0.00,-0.03,503,302,296,332,385
2.14,-7.84,-5.25,0.03,-0.01,-0.06,503,301,296,333,385
2.16,-7.77,-5.36,0.02,-0.00,-0.03,503,301,296,332,385
2.06,-7.72,-5.46,0.03,-0.01,-0.04,503,301,296,332,385
2.10,-7.80,-5.45,0.03,0.01,-0.02,503,301,296,332,385
2.25,-7.90,-5.53,0.04,-0.00,-0.05,503,301,295,332,385
2.25,-7.86,-5.39,0.03,0.01,-0.03,503,301,296,332,385
2.20,-7.67,-5.45,0.02,0.00,-0.02,503,301,296,332,385
2.07,-7.76,-5.44,0.02,-0.01,-0.05,503,301,296,332,385
2.06,-7.79,-5.46,0.02,-0.01,-0.03,503,301,296,332,385
2.12,-7.78,-5.34,0.03,-0.00,-0.03,503,301,296,332,385
2.20,-7.70,-5.48,0.04,-0.01,-0.05,503,301,296,332,385
2.11,-7.87,-5.58,0.03,-0.00,-0.03,503,301,296,332,385
2.05,-7.71,-5.41,0.04,-0.01,-0.03,502,301,296,332,385
2.14,-7.84,-5.39,0.03,-0.01,-0.03,503,301,296,333,385
2.02,-7.83,-5.47,0.05,-0.01,-0.03,503,301,296,332,385
2.23,-7.98,-5.36,0.05,-0.01,-0.02,502,301,296,332,384
2.15,-8.05,-5.38,0.02,-0.02,-0.02,502,300,296,332,385
1.90,-7.71,-5.39,0.02,0.00,-0.03,502,301,296,332,385
2.05,-7.65,-5.41,0.02,0.02,-0.02,502,301,296,332,385
2.06,-7.64,-5.41,0.01,0.02,-0.01,503,301,296,332,385
2.23,-7.85,-5.51,0.03,0.02,-0.02,503,301,296,332,385
2.20,-7.80,-5.57,0.03,-0.01,-0.04,503,301,296,332,385
2.15,-7.59,-5.46,0.02,-0.02,-0.04,503,301,296,332,385
END
2.07,-7.69,-5.39,0.02,-0.01,-0.02,504,302,296,333,386
2.31,-7.72,-5.43,0.02,-0.02,-0.07,504,302,296,332,386
2.18,-7.61,-5.40,0.04,-0.00,-0.07,504,302,296,332,385
2.40,-7.78,-5.43,0.04,0.01,-0.03,504,302,296,332,385
2.40,-7.84,-5.43,0.04,0.00,-0.04,504,302,297,332,385
2.31,-7.80,-5.36,0.02,-0.00,-0.02,504,302,296,332,385
2.24,-7.67,-5.34,0.01,-0.02,-0.03,504,302,296,332,386
2.20,-7.58,-5.44,0.02,0.01,-0.01,503,302,296,332,386
2.27,-7.69,-5.40,0.04,0.01,-0.02,504,302,296,332,386
2.48,-7.83,-5.42,0.03,0.00,-0.05,504,302,296,332,386
2.28,-7.73,-5.39,0.01,-0.01,-0.03,504,302,296,332,386
2.20,-7.61,-5.45,0.03,-0.01,-0.03,503,302,296,332,385
2.25,-7.62,-5.43,0.03,0.01,-0.03,504,302,296,332,386
2.44,-7.80,-5.40,0.03,-0.00,-0.04,503,302,296,332,386
2.40,-7.65,-5.38,0.03,0.01,-0.02,503,302,296,332,386
2.35,-7.67,-5.50,0.03,-0.00,-0.03,503,302,296,332,385
2.26,-7.67,-5.44,0.02,-0.00,-0.03,503,302,296,333,385
2.41,-7.72,-5.43,0.03,-0.01,-0.05,504,301,296,332,386
2.53,-7.79,-5.59,0.02,-0.02,-0.07,504,301,296,332,386
2.27,-7.77,-5.56,0.02,-0.02,-0.05,504,301,296,332,385
2.61,-7.71,-5.34,0.02,-0.02,-0.05,503,301,296,332,386
2.38,-7.67,-5.58,0.03,-0.01,-0.04,503,301,296,332,385
2.30,-7.67,-5.45,0.04,-0.00,-0.03,503,301,296,332,385
2.52,-7.61,-5.46,0.04,0.00,-0.03,503,301,296,332,385
2.43,-7.72,-5.49,0.03,0.00,0.00,503,301,296,332,384
2.40,-7.71,-5.43,0.03,0.01,0.03,502,301,296,332,385
2.18,-7.51,-5.44,0.02,0.02,0.09,503,301,296,332,385
2.33,-8.02,-5.34,0.04,-0.03,-0.05,503,301,296,332,385
2.13,-7.93,-5.54,0.02,-0.03,-0.02,503,301,296,332,385
2.06,-7.74,-5.52,0.01,-0.01,-0.03,503,301,296,332,385
2.23,-7.76,-5.51,0.01,-0.00,-0.04,503,301,296,332,385
2.03,-7.61,-5.53,0.02,0.00,-0.01,503,301,296,332,385
2.30,-7.79,-5.46,0.03,-0.01,-0.05,503,301,296,332,385
2.01,-7.65,-5.58,0.02,-0.01,-0.02,502,301,296,332,385
2.12,-7.57,-5.52,0.02,-0.01,-0.01,502,301,296,332,385
2.05,-7.71,-5.58,0.03,-0.01,-0.03,503,301,296,332,385
END
2.07,-7.75,-5.56,0.02,-0.01,-0.03,503,301,297,333,385
2.17,-7.47,-5.98,0.03,-0.00,-0.04,503,301,298,333,384
2.33,-7.34,-5.90,0.03,-0.01,-0.06,503,301,297,333,385
1.92,-7.32,-5.84,0.02,0.01,-0.03,503,301,297,333,385
2.06,-7.37,-5.97,0.03,0.00,-0.03,503,301,298,333,385
2.18,-7.36,-6.08,0.03,0.00,-0.04,502,301,298,333,385
2.09,-7.42,-5.91,0.03,-0.00,-0.05,502,301,298,333,385
2.07,-7.28,-5.83,0.04,0.00,-0.04,502,300,298,333,385
2.17,-7.27,-5.99,0.04,0.01,-0.04,502,301,297,333,385
2.20,-7.42,-5.93,0.05,0.00,-0.04,502,301,298,333,384
2.17,-7.49,-5.86,0.03,0.02,-0.02,502,301,298,333,385
2.17,-7.65,-5.88,0.02,0.01,-0.02,502,301,297,333,385
2.21,-7.45,-5.80,0.01,0.01,-0.03,502,301,297,333,385
2.18,-7.20,-5.98,0.01,-0.00,-0.01,502,301,297,333,385
2.32,-7.34,-5.96,0.03,-0.01,-0.04,502,301,297,333,385
2.18,-7.34,-5.94,0.04,-0.01,-0.03,502,301,297,333,385
2.16,-7.39,-5.89,0.04,-0.02,-0.04,502,301,297,333,385
2.22,-7.49,-5.84,0.03,-0.01,-0.04,502,301,297,333,385
2.02,-7.49,-5.99,0.03,-0.00,-0.02,502,301,299,333,385
2.18,-7.69,-6.00,0.01,-0.00,-0.03,502,301,297,333,385
2.35,-7.61,-6.29,-0.04,0.00,-0.04,502,301,297,333,385
2.35,-7.44,-6.20,-0.09,-0.04,-0.04,501,301,297,333,385
2.04,-7.04,-6.40,-0.10,-0.08,-0.03,502,300,297,333,384
2.23,-7.11,-6.52,-0.09,-0.13,-0.03,502,301,297,333,385
1.32,-6.94,-6.66,-0.10,-0.12,0.07,502,301,298,333,385
1.84,-7.26,-6.62,-0.12,-0.14,0.09,502,302,297,333,385
1.64,-6.84,-6.61,-0.16,-0.13,0.05,502,301,297,333,385
1.23,-6.15,-6.68,-0.14,-0.08,0.02,501,301,297,333,385
1.26,-6.00,-7.14,-0.10,-0.09,0.02,502,301,298,333,385
1.20,-6.14,-7.01,-0.04,-0.08,-0.05,501,301,298,333,385
1.24,-6.23,-7.05,-0.00,-0.04,-0.04,501,301,297,333,385
0.99,-6.57,-6.40,-0.00,0.01,-0.05,501,301,297,333,384
1.36,-6.08,-6.51,-0.02,0.07,-0.15,501,301,297,333,385
1.71,-6.02,-7.01,0.02,0.08,-0.26,502,301,297,333,385
1.93,-6.50,-7.42,0.04,0.05,-0.16,502,301,297,333,385
1.74,-6.65,-7.80,0.07,0.02,-0.10,502,301,298,333,385
END
1.72,-6.72,-7.56,0.06,0.03,-0.03,500,301,297,333,385
1.80,-6.72,-7.02,0.10,0.00,0.01,501,301,297,333,385
1.83,-7.23,-7.00,0.12,0.04,-0.01,500,301,297,333,385
1.86,-6.92,-6.76,0.08,0.01,-0.00,500,301,298,333,385
1.72,-6.91,-6.70,0.07,0.03,0.01,500,301,297,333,385
1.61,-6.93,-6.60,0.05,0.06,0.04,500,301,297,333,385
1.81,-7.11,-6.45,0.09,0.06,0.01,500,301,297,333,385
1.88,-7.18,-6.52,0.03,0.06,0.04,500,301,296,333,384
1.98,-6.62,-6.60,0.00,0.04,0.07,500,301,297,332,385
2.07,-6.96,-6.68,0.04,0.02,0.10,500,301,297,333,385
1.72,-6.91,-6.37,0.08,-0.00,0.05,500,301,297,332,385
1.44,-6.86,-6.42,0.06,0.03,0.05,500,301,297,333,385
1.62,-6.90,-6.30,0.05,0.02,0.01,500,301,297,332,385
1.73,-6.85,-6.40,0.11,0.04,0.00,500,301,296,332,385
1.87,-7.57,-6.63,0.08,0.00,-0.04,500,301,296,332,385
1.65,-7.43,-6.58,0.11,0.01,-0.04,500,301,297,332,385
1.84,-7.92,-6.35,0.13,-0.01,-0.06,500,301,296,332,385
1.21,-7.65,-6.38,0.07,-0.07,-0.16,500,301,296,332,385
1.32,-7.35,-5.86,0.07,-0.05,-0.07,499,301,296,332,385
1.25,-7.48,-5.98,0.01,-0.01,0.02,500,301,296,332,385
1.69,-7.56,-6.03,-0.08,-0.05,-0.06,499,301,296,332,385
1.65,-7.25,-6.45,-0.12,-0.00,-0.03,499,301,297,332,385
1.87,-6.25,-6.25,-0.18,-0.08,0.01,499,301,296,332,386
1.15,-5.79,-6.42,-0.09,-0.10,0.05,499,301,297,332,386
1.14,-6.34,-6.34,0.02,-0.02,-0.00,499,301,296,333,385
1.33,-6.40,-6.52,0.12,0.06,-0.07,498,301,296,332,385
1.68,-6.73,-6.47,0.16,0.06,-0.10,499,301,297,333,385
1.89,-7.36,-6.48,0.18,0.04,-0.11,498,300,297,332,385
1.84,-7.73,-6.17,0.11,-0.02,-0.13,499,301,296,332,385
1.83,-7.49,-6.34,0.08,-0.01,-0.10,498,301,296,332,385
1.64,-7.44,-6.51,0.07,0.02,-0.07,498,301,296,333,385
1.97,-7.44,-6.22,0.07,0.01,-0.07,498,301,296,333,385
1.84,-7.37,-6.21,0.08,-0.00,-0.04,498,301,296,333,385
1.74,-7.39,-6.09,0.09,-0.01,-0.05,498,301,296,333,385
1.90,-7.33,-6.04,0.08,0.00,-0.06,498,301,296,333,385
2.02,-7.42,-6.13,0.07,-0.02,-0.08,498,301,296,333,385
END
1.89,-7.59,-6.09,0.09,-0.01,-0.08,497,301,297,332,385
1.86,-7.57,-5.96,0.06,0.02,-0.06,497,301,297,332,385
2.10,-7.26,-6.07,0.07,0.02,-0.04,497,301,297,333,386
2.19,-7.42,-5.98,0.08,0.01,-0.07,497,301,297,332,386
2.09,-6.94,-5.94,0.08,0.00,-0.03,497,302,297,332,386
2.37,-7.81,-5.95,0.06,-0.01,-0.08,497,301,297,332,386
1.99,-7.71,-5.79,0.04,0.00,-0.03,497,301,297,332,386
1.95,-7.24,-5.85,0.05,0.01,-0.03,497,301,297,332,386
2.03,-7.44,-6.04,0.03,0.03,0.00,497,301,297,332,386
2.30,-7.49,-5.72,0.06,0.03,-0.01,497,301,297,332,386
2.31,-7.56,-5.83,0.05,0.01,-0.02,497,301,297,332,385
2.17,-7.68,-5.83,0.03,-0.01,-0.00,497,301,296,332,386
2.18,-7.52,-5.72,0.03,-0.02,-0.05,497,301,297,332,386
2.28,-7.54,-5.78,0.03,-0.01,-0.04,497,302,297,332,385
2.17,-7.32,-5.76,0.03,-0.02,-0.04,497,301,297,332,386
2.10,-7.44,-5.98,0.05,0.00,-0.03,497,301,297,332,385
2.17,-7.82,-5.72,0.04,-0.00,-0.04,497,301,297,333,385
1.94,-7.63,-5.74,0.04,-0.02,-0.03,497,302,297,332,385
1.99,-7.74,-5.93,0.01,-0.02,0.03,497,302,297,332,385
2.00,-7.44,-5.94,0.03,0.01,0.02,498,301,297,332,385
2.06,-7.46,-5.79,0.06,0.02,-0.01,498,302,297,333,386
1.93,-7.63,-5.84,0.02,-0.00,-0.03,498,301,297,332,386
1.83,-7.52,-5.94,0.04,0.00,-0.04,497,302,297,332,385
2.00,-7.90,-5.92,0.04,0.01,-0.04,497,301,297,332,385
1.96,-7.62,-5.72,0.01,0.01,0.01,497,302,297,332,385
1.98,-7.59,-5.78,-0.01,-0.01,-0.00,496,302,296,332,385
1.95,-7.19,-5.79,-0.00,-0.02,-0.01,497,302,297,332,385
1.84,-7.18,-5.74,0.01,0.00,-0.01,496,302,297,332,385
2.07,-7.09,-6.18,0.05,0.02,-0.08,496,302,297,332,385
2.19,-7.90,-5.64,0.09,-0.01,-0.06,497,302,297,333,385
2.10,-7.83,-5.65,0.05,-0.03,-0.05,496,302,297,333,385
1.62,-7.90,-5.80,0.00,0.01,-0.01,497,302,297,333,385
2.02,-7.91,-5.49,-0.00,0.01,-0.01,496,302,297,333,385
1.80,-7.30,-6.12,-0.02,0.03,-0.01,497,302,297,333,385
1.93,-7.31,-5.99,0.03,0.02,0.03,496,302,298,333,385
2.03,-7.77,-5.60,-0.01,-0.02,0.04,496,302,297,333,385
END
2.05,-7.74,-5.97,-0.03,-0.01,0.04,496,302,298,333,385
1.74,-7.52,-5.99,0.04,-0.00,-0.03,496,302,297,333,385
1.78,-7.16,-6.22,0.04,0.00,0.00,496,302,297,333,385
1.62,-7.40,-5.84,0.05,-0.00,-0.03,496,302,298,333,385
1.95,-7.34,-6.16,0.07,0.01,-0.03,496,302,298,333,385
1.89,-7.54,-6.19,0.05,-0.01,-0.06,496,302,298,333,385
1.88,-7.37,-5.92,0.07,-0.02,-0.02,496,302,298,333,385
2.00,-7.47,-5.98,0.07,-0.03,-0.06,496,302,297,333,385
1.76,-7.49,-6.02,0.06,-0.03,-0.06,496,302,298,333,385
1.94,-7.72,-5.91,0.04,-0.03,-0.04,496,302,298,333,385
1.59,-7.52,-5.85,0.01,-0.01,-0.05,496,302,298,333,385
1.86,-7.70,-5.87,0.01,-0.00,-0.03,496,302,298,333,385
1.91,-7.40,-6.02,0.02,-0.02,-0.05,496,302,298,333,385
1.89,-7.34,-5.84,0.04,-0.02,-0.06,496,302,298,333,385
1.84,-7.47,-5.97,0.03,-0.02,-0.05,496,302,298,333,385
1.87,-7.47,-5.83,0.03,-0.02,-0.03,496,302,298,333,385
1.92,-7.46,-6.02,0.05,-0.01,-0.05,496,302,298,333,385
1.67,-7.65,-5.94,0.03,0.00,-0.03,496,302,298,333,385
2.08,-7.41,-5.79,0.03,0.01,-0.03,496,302,298,333,385
2.04,-7.51,-5.89,0.03,0.00,-0.06,496,302,298,333,385
1.87,-7.23,-5.95,0.05,0.00,-0.03,496,302,298,333,384
1.87,-7.36,-5.95,0.08,0.01,-0.06,495,302,298,333,385
2.00,-7.55,-5.94,0.06,0.03,-0.04,496,302,298,333,385
2.20,-7.74,-5.86,0.05,0.01,-0.04,496,302,298,333,385
2.06,-7.74,-6.07,0.02,-0.01,-0.04,496,302,298,333,385
1.88,-7.57,-5.78,0.00,-0.02,-0.00,496,302,298,333,385
2.13,-7.42,-6.02,0.03,-0.01,-0.04,496,302,298,333,385
1.83,-7.47,-5.93,-0.01,-0.02,-0.01,496,302,299,333,385
2.10,-7.36,-5.92,-0.01,-0.02,-0.04,496,303,299,333,385
1.92,-7.27,-6.18,0.00,-0.03,-0.04,496,302,299,333,385
1.87,-7.26,-5.95,0.02,-0.00,-0.03,496,302,299,333,385
1.94,-7.34,-5.75,0.03,-0.01,-0.05,496,302,299,333,385
1.95,-7.52,-5.85,0.05,-0.01,-0.01,495,302,299,333,385
1.82,-7.47,-6.14,0.05,-0.01,-0.08,496,302,298,333,385
1.81,-7.58,-6.04,0.02,-0.01,-0.04,496,302,299,333,385
2.07,-7.41,-5.84,0.05,-0.00,-0.05,496,302,299,333,385
END
1.66,-7.54,-5.79,0.03,0.01,-0.03,496,302,299,333,385
1.92,-7.51,-5.82,0.01,0.00,-0.02,495,302,299,333,385
2.07,-7.38,-5.96,0.03,-0.01,-0.04,496,302,299,333,385
1.76,-7.37,-6.00,0.03,0.00,-0.05,495,302,299,333,385
1.94,-7.24,-5.98,0.05,0.02,-0.02,496,302,299,333,385
1.97,-7.61,-5.94,0.05,-0.00,-0.04,495,302,299,333,385
1.94,-7.41,-6.04,0.05,0.00,-0.07,495,302,299,333,385
1.84,-7.63,-5.95,0.06,0.00,-0.03,495,302,299,333,385
2.02,-7.62,-5.95,0.03,-0.01,-0.07,495,302,299,333,385
1.85,-7.37,-5.92,0.03,0.00,-0.02,496,302,299,333,385
2.00,-7.52,-5.87,0.03,0.00,-0.04,495,302,299,333,385
1.95,-7.29,-6.03,0.03,0.01,-0.04,496,302,299,333,385
2.11,-7.36,-5.87,0.04,0.00,-0.05,495,302,299,333,385
1.95,-7.39,-5.92,0.03,-0.01,-0.04,496,302,299,333,385
2.04,-7.52,-5.89,0.04,0.00,-0.03,495,302,299,333,385
2.19,-7.44,-5.93,0.03,-0.01,-0.05,495,302,299,333,385
2.25,-7.54,-5.90,0.03,-0.01,-0.05,495,302,299,333,385
2.07,-7.21,-6.08,0.04,-0.01,-0.06,495,302,299,334,385
2.14,-7.45,-6.01,0.06,-0.00,-0.05,495,302,299,333,385
2.18,-7.45,-5.96,0.05,-0.01,-0.04,495,302,299,334,385
2.03,-7.34,-5.97,0.05,-0.02,-0.04,495,302,299,333,385
2.18,-7.62,-5.88,0.04,0.01,-0.02,495,302,299,333,385
2.10,-7.59,-5.71,0.02,0.02,-0.03,495,303,299,333,385
2.19,-7.19,-5.92,0.01,0.02,-0.03,495,302,299,333,385
2.18,-7.34,-5.99,0.03,0.03,-0.04,495,302,299,333,385
2.37,-7.53,-5.83,0.03,0.00,-0.03,495,302,299,333,384
2.15,-7.59,-6.07,0.02,-0.03,-0.05,495,302,299,333,385
2.29,-7.42,-5.85,0.03,-0.04,-0.03,495,302,299,333,385
1.98,-7.39,-6.12,0.02,-0.05,-0.06,495,302,299,333,385
1.67,-7.40,-6.02,0.02,-0.02,-0.03,495,302,299,333,385
1.93,-7.17,-6.04,0.04,0.00,-0.04,495,303,300,333,385
1.97,-7.32,-5.95,0.02,0.02,-0.03,495,303,299,333,385
2.34,-6.98,-5.84,0.05,0.01,-0.03,495,303,300,333,385
2.36,-7.42,-6.02,0.06,0.01,-0.06,495,303,300,333,385
2.05,-7.54,-5.96,0.04,0.00,-0.02,496,303,300,333,385
2.25,-7.52,-5.93,0.03,-0.02,-0.03,495,303,300,333,385
END
2.00,-7.39,-6.09,0.02,-0.01,-0.03,494,303,299,334,385
2.00,-7.35,-5.91,0.02,-0.01,-0.06,494,303,299,333,385
2.24,-7.39,-5.94,0.04,0.01,-0.05,494,303,299,333,385
2.28,-7.47,-5.97,0.03,-0.01,-0.05,494,303,299,333,385
2.15,-7.25,-5.92,0.06,-0.00,-0.01,494,303,299,333,385
2.18,-7.44,-5.88,0.07,0.00,-0.04,494,303,299,333,385
2.14,-7.44,-5.81,0.05,0.01,-0.04,494,303,299,333,385
2.22,-7.52,-5.79,0.05,0.01,-0.04,494,303,299,333,385
2.28,-7.54,-5.86,0.05,0.01,-0.04,494,303,299,333,385
2.21,-7.50,-5.86,0.04,0.00,-0.04,494,302,299,333,385
2.20,-7.56,-5.99,0.03,-0.00,-0.05,494,303,299,333,385
2.23,-7.35,-6.02,0.05,-0.01,-0.03,494,303,299,333,385
2.21,-7.54,-5.86,0.05,-0.02,-0.01,494,303,299,333,385
2.32,-7.58,-5.74,0.05,0.00,-0.02,494,303,299,333,385
2.24,-7.45,-5.76,0.02,-0.00,-0.03,494,303,299,333,385
2.12,-7.42,-5.81,0.03,0.00,-0.04,494,303,299,333,385
2.18,-7.52,-5.61,0.03,0.01,-0.03,495,303,299,333,385
2.19,-7.58,-5.84,0.03,0.02,-0.04,495,303,299,333,385
2.17,-7.63,-5.75,0.03,0.01,-0.03,495,303,299,333,385
2.33,-7.71,-5.76,0.04,-0.01,-0.04,494,303,299,333,385
2.18,-7.54,-5.74,0.02,-0.01,-0.02,495,303,299,333,385
2.08,-7.52,-5.75,0.03,-0.02,-0.04,494,303,298,333,385
2.13,-7.35,-5.77,0.04,-0.00,-0.03,494,303,299,333,385
2.20,-7.61,-5.69,0.05,0.01,-0.03,494,303,299,333,385
2.21,-7.72,-5.81,0.03,0.02,-0.03,494,303,299,333,385
2.39,-7.34,-5.89,0.03,0.01,-0.05,494,303,299,333,385
2.19,-7.61,-5.92,0.03,-0.01,-0.04,494,303,299,333,385
2.19,-7.51,-5.84,0.02,-0.00,-0.02,494,303,299,333,385
1.91,-7.36,-5.75,0.03,0.01,-0.03,494,303,299,333,385
2.45,-7.57,-5.78,0.03,-0.00,-0.07,494,303,299,333,385
2.15,-7.56,-5.82,0.02,0.00,-0.06,494,303,299,333,385
2.04,-7.29,-5.75,0.03,0.02,-0.01,494,303,299,333,385
2.38,-7.44,-5.81,0.04,0.00,-0.07,494,303,299,333,385
2.15,-7.51,-5.79,0.04,0.00,-0.04,494,303,299,333,385
2.43,-7.68,-5.84,0.02,-0.01,-0.03,494,303,299,333,385
2.26,-7.47,-5.69,0.02,-0.01,-0.05,494,303,299,333,385
END
2.18,-7.42,-5.76,0.03,0.00,-0.04,494,303,299,333,385
2.46,-7.49,-5.60,0.03,-0.01,-0.04,494,303,299,333,385
2.36,-7.72,-5.67,0.03,-0.00,-0.04,494,303,299,333,385
2.40,-7.55,-5.69,0.02,-0.00,-0.02,494,303,299,333,385
2.41,-7.62,-5.69,0.03,0.00,-0.02,494,303,299,333,385
2.43,-7.57,-5.62,0.02,0.00,-0.02,494,303,299,333,385
2.32,-7.48,-5.65,0.04,0.01,-0.01,494,303,299,334,385
2.40,-7.71,-5.69,0.03,0.00,-0.03,494,303,299,333,385
2.30,-7.65,-5.61,0.02,0.00,-0.02,494,303,299,333,385
2.36,-7.65,-5.77,0.01,0.00,-0.01,494,303,299,332,385
2.33,-7.48,-5.70,0.01,0.00,-0.02,494,302,298,333,385
2.31,-7.60,-5.61,0.02,0.01,-0.00,494,303,300,332,385
2.46,-7.55,-5.70,0.03,-0.01,-0.04,494,303,299,334,385
2.29,-7.68,-5.69,0.01,-0.01,-0.01,494,303,299,333,385
2.25,-7.80,-5.77,-0.04,-0.01,-0.02,494,303,299,333,385
2.18,-7.49,-5.83,-0.01,-0.00,-0.01,494,303,299,333,385
2.07,-7.47,-5.81,-0.02,-0.01,-0.01,494,303,299,333,385
2.26,-7.27,-5.86,0.01,0.01,-0.00,494,303,299,333,385
2.30,-7.57,-5.88,0.00,-0.01,-0.06,494,303,299,333,385
2.29,-7.26,-5.78,0.00,0.00,-0.01,494,303,299,333,385
2.25,-7.34,-5.85,0.03,-0.00,-0.04,494,303,298,333,385
2.12,-7.46,-5.83,0.02,0.00,-0.01,494,302,299,334,385
2.28,-7.37,-5.88,0.05,0.01,-0.04,494,302,299,334,385
2.22,-7.59,-5.81,0.04,0.00,-0.04,494,302,299,334,385
2.28,-7.47,-5.81,0.04,-0.01,-0.04,494,302,299,334,385
2.11,-7.51,-5.91,0.03,0.00,-0.02,494,302,299,334,385
2.29,-7.57,-5.94,0.03,0.00,-0.03,494,303,299,334,385
2.23,-7.42,-5.76,0.03,0.00,-0.03,494,303,299,334,385
2.28,-7.49,-5.84,0.04,0.00,-0.04,493,302,299,334,385
2.23,-7.53,-5.99,0.03,0.00,-0.05,493,302,299,334,385
2.29,-7.62,-5.79,0.03,-0.01,-0.04,494,302,299,334,385
2.14,-7.50,-5.91,0.02,-0.01,-0.04,493,302,299,333,385
2.16,-7.19,-5.81,0.03,0.00,-0.02,494,302,299,333,385
2.18,-7.46,-5.70,0.05,0.01,-0.02,493,302,299,333,385
2.33,-7.62,-5.84,0.04,0.00,-0.03,494,302,299,334,385
2.41,-7.32,-5.81,0.04,0.00,-0.03,493,302,299,334,385
END
2.25,-7.41,-5.97,0.05,0.00,-0.05,494,302,298,333,386
2.57,-7.37,-5.77,0.04,0.00,-0.04,493,302,298,333,386
2.27,-7.33,-5.86,0.04,0.01,-0.03,494,302,298,333,386
2.49,-7.44,-5.71,0.02,0.01,0.01,493,300,298,333,386
2.50,-7.47,-5.73,0.03,-0.00,-0.05,493,302,298,333,386
2.28,-7.34,-5.90,0.02,0.01,-0.02,493,302,299,333,386
2.58,-7.59,-5.87,0.04,0.01,-0.02,493,302,298,334,386
2.38,-7.49,-5.89,0.05,0.00,-0.04,493,302,298,333,386
2.58,-7.59,-6.01,0.04,-0.01,-0.03,494,302,298,333,386
2.37,-7.44,-5.84,0.04,-0.04,-0.01,494,302,298,333,386
2.12,-7.44,-5.77,0.03,-0.03,0.01,493,302,298,333,386
2.30,-7.44,-5.56,0.00,-0.02,-0.02,494,302,298,333,386
2.25,-7.22,-5.51,0.01,0.01,-0.02,494,302,298,333,386
2.38,-7.14,-5.77,0.03,0.03,-0.03,493,302,298,333,386
2.36,-7.47,-5.75,0.03,0.01,-0.05,494,302,298,333,386
2.40,-7.64,-5.79,0.05,0.01,-0.04,493,302,298,333,386
2.37,-7.50,-5.86,0.04,0.01,-0.01,494,302,298,333,386
2.16,-7.24,-6.07,0.08,0.04,0.06,495,302,298,333,386
2.23,-7.52,-5.75,0.04,-0.01,0.01,497,302,297,333,386
2.12,-7.56,-5.65,0.02,-0.02,-0.04,497,302,297,333,386
2.28,-7.37,-5.73,0.03,0.01,-0.02,497,302,297,333,386
2.41,-7.54,-5.79,0.03,0.00,-0.06,497,302,297,333,386
2.29,-7.34,-5.65,0.05,-0.01,-0.05,496,302,297,333,386
2.40,-7.59,-5.92,0.05,-0.01,-0.05,496,302,297,333,386
2.42,-7.62,-5.81,0.04,-0.00,-0.04,495,302,297,333,386
2.37,-7.78,-5.67,0.05,-0.00,-0.01,496,302,297,333,386
2.09,-7.55,-5.62,0.01,-0.02,0.01,495,302,297,333,386
2.08,-7.50,-5.79,0.00,-0.01,-0.03,495,302,297,333,386
2.25,-7.54,-5.61,0.02,0.01,-0.02,495,302,297,333,386
2.38,-7.45,-5.83,0.02,-0.00,-0.04,495,302,297,333,386
2.15,-7.49,-5.84,0.02,0.01,-0.00,495,302,297,333,386
2.16,-7.34,-5.86,-0.00,-0.00,-0.04,495,302,297,333,386
2.23,-7.41,-5.87,-0.00,-0.00,-0.02,495,302,298,333,386
2.34,-7.35,-5.75,0.02,-0.01,-0.04,495,302,298,333,386
2.20,-7.42,-5.95,0.01,-0.01,-0.05,495,302,298,333,386
2.38,-7.36,-5.84,0.02,0.01,-0.01,495,302,297,333,386
END
2.18,-7.26,-5.92,0.04,-0.00,-0.04,494,302,297,333,385
2.18,-7.31,-5.86,0.05,0.01,-0.05,494,302,297,333,385
2.35,-7.68,-5.65,0.06,-0.00,-0.06,493,302,297,332,385
2.30,-7.72,-5.66,0.03,-0.01,-0.05,494,302,297,333,385
2.25,-7.67,-5.71,0.01,-0.01,-0.06,494,302,297,333,385
1.93,-7.70,-5.61,-0.01,0.00,-0.03,494,302,297,333,385
1.97,-7.35,-5.84,-0.02,0.05,-0.01,494,302,297,333,385
2.42,-7.21,-6.03,0.01,0.07,0.02,494,302,297,333,385
2.72,-7.44,-5.76,0.03,0.03,0.01,493,302,297,333,385
2.59,-7.65,-5.53,0.02,0.01,0.01,493,302,297,333,385
2.57,-7.49,-5.65,-0.01,-0.02,-0.01,493,302,297,333,385
1.97,-7.14,-5.70,0.01,-0.02,-0.05,493,302,298,333,385
2.25,-7.42,-5.90,0.03,0.01,-0.03,493,302,298,333,385
2.21,-7.36,-5.76,0.03,0.01,-0.06,493,302,297,333,385
2.33,-7.58,-5.70,0.03,0.02,-0.03,494,302,297,333,385
2.38,-7.67,-5.74,-0.02,0.02,-0.04,494,302,297,333,385
2.13,-7.11,-5.96,-0.00,0.00,-0.06,494,302,297,333,385
2.15,-7.24,-6.13,0.06,0.00,-0.03,493,302,297,334,385
2.19,-7.61,-6.04,0.06,-0.01,-0.02,494,302,298,333,386
2.15,-7.62,-5.70,0.03,-0.00,-0.01,494,302,298,333,385
2.34,-7.40,-5.86,0.01,-0.01,-0.03,493,302,297,333,385
2.28,-7.16,-5.90,0.01,-0.02,-0.04,494,302,297,333,385
2.28,-7.08,-5.86,0.03,-0.01,-0.07,493,302,297,335,385
2.31,-7.32,-5.59,0.04,0.01,-0.05,494,302,297,333,385
2.32,-7.47,-5.86,0.04,-0.00,-0.06,493,302,297,333,385
2.25,-7.52,-5.89,0.03,-0.01,-0.05,493,302,297,331,385
2.27,-7.45,-5.95,0.03,-0.01,-0.04,493,302,297,333,385
2.28,-7.29,-5.76,0.03,-0.01,-0.01,493,302,297,333,385
2.41,-7.20,-6.04,0.03,-0.01,-0.02,494,302,297,333,385
2.27,-7.52,-5.81,0.01,-0.01,-0.02,493,302,297,333,385
2.24,-7.44,-6.00,0.01,0.01,-0.04,494,302,298,333,385
2.28,-7.40,-5.92,0.01,0.00,-0.03,493,302,297,333,385
2.18,-7.29,-5.88,0.03,0.01,-0.00,493,302,297,333,385
2.34,-7.19,-5.94,0.04,0.01,-0.01,493,302,297,332,385
2.59,-7.06,-6.04,0.06,-0.00,-0.02,493,302,297,333,385
2.63,-7.44,-5.93,0.05,-0.03,-0.04,493,302,297,333,385
END
2.50,-7.42,-5.85,0.04,-0.04,-0.06,493,302,298,334,385
1.98,-7.41,-5.90,0.04,0.00,-0.04,493,302,298,333,385
2.00,-7.35,-5.85,0.02,0.00,-0.07,493,302,298,333,385
2.04,-7.27,-5.92,0.05,-0.00,-0.08,493,302,298,334,385
2.11,-7.43,-6.05,0.05,-0.01,-0.08,493,303,298,333,385
2.12,-7.57,-5.94,0.10,-0.02,-0.05,493,302,298,334,385
1.91,-7.93,-5.78,0.07,-0.02,-0.05,492,302,298,333,385
1.83,-7.41,-6.01,0.02,0.01,-0.01,492,303,298,333,384
2.12,-7.44,-5.89,0.01,0.02,-0.01,492,302,298,334,385
2.23,-7.49,-5.85,0.01,0.02,-0.02,492,303,298,333,385
2.20,-7.24,-5.96,0.02,0.01,-0.02,492,302,298,333,385
2.20,-7.42,-5.92,0.02,-0.02,-0.04,492,303,298,333,385
1.83,-7.45,-5.77,0.02,-0.02,-0.03,492,302,298,333,384
2.24,-7.35,-5.97,0.04,0.01,-0.04,492,302,298,334,385
2.07,-7.55,-6.02,0.06,0.02,0.01,493,302,298,334,385
1.90,-7.89,-5.76,0.03,0.00,0.03,493,302,298,333,385
2.13,-7.72,-5.79,0.01,-0.03,-0.07,492,302,298,334,385
1.86,-7.33,-5.89,0.00,-0.02,-0.05,492,302,298,334,385
1.92,-7.26,-5.87,0.05,0.01,-0.03,492,302,298,334,385
1.92,-7.49,-5.84,0.06,-0.00,-0.06,492,304,298,333,385
2.00,-7.69,-5.82,0.06,0.01,-0.03,492,303,298,334,385
2.12,-7.61,-5.99,0.05,0.01,-0.06,492,302,298,334,385
2.04,-7.72,-5.88,0.04,0.02,-0.02,492,302,298,334,385
2.06,-7.67,-5.80,0.03,0.00,-0.02,492,302,298,334,385
1.76,-7.37,-5.86,0.01,-0.01,-0.02,492,302,298,334,385
2.06,-7.37,-5.75,0.03,0.01,-0.03,492,303,298,334,385
2.07,-7.26,-5.80,0.04,0.01,-0.03,492,302,298,334,385
2.05,-7.41,-5.73,0.03,-0.00,-0.04,492,302,298,334,385
2.05,-7.47,-5.71,0.01,-0.02,-0.06,492,302,298,334,385
1.88,-7.56,-5.95,0.05,0.00,-0.04,492,302,298,334,384
1.90,-7.37,-5.93,0.05,0.01,-0.07,492,302,298,334,385
2.03,-7.58,-5.84,0.07,0.04,-0.02,492,302,298,333,385
2.10,-7.69,-5.51,0.06,0.03,-0.02,492,302,298,333,385
2.26,-7.70,-5.76,0.03,0.01,-0.04,492,302,298,334,385
1.87,-7.31,-5.92,0.00,-0.02,-0.02,492,302,298,334,385
2.05,-7.47,-5.89,0.04,0.02,-0.01,493,302,298,334,385
END
1.96,-7.45,-5.81,0.04,0.01,-0.07,490,302,298,334,384
2.40,-7.50,-5.76,0.05,-0.01,-0.05,490,302,298,334,384
2.35,-7.45,-5.69,0.04,0.00,-0.02,490,302,298,334,384
2.45,-7.43,-5.78,0.01,-0.03,-0.08,490,302,298,334,384
2.47,-7.27,-5.86,0.03,0.01,-0.01,490,302,297,333,384
2.34,-7.21,-5.60,0.05,0.01,-0.02,490,302,298,333,384
2.53,-7.49,-5.79,0.04,-0.00,-0.04,490,302,298,333,384
2.27,-7.33,-5.62,0.05,0.01,-0.03,490,302,298,334,384
2.33,-7.46,-5.78,0.04,0.01,-0.01,490,302,298,333,384
2.50,-7.51,-5.72,0.03,-0.00,-0.03,490,302,298,334,384
2.33,-7.39,-5.81,0.03,0.00,-0.02,490,302,298,334,384
2.43,-7.49,-5.90,0.02,-0.01,-0.03,490,302,298,334,384
2.46,-7.36,-5.83,0.03,-0.00,-0.03,490,302,297,334,384
2.48,-7.49,-5.90,0.04,-0.00,-0.03,489,302,297,334,384
2.44,-7.54,-5.76,0.03,-0.01,-0.04,490,302,297,333,384
2.55,-7.31,-5.70,0.04,-0.01,-0.05,491,303,297,334,384
2.33,-7.42,-5.76,0.03,-0.01,-0.05,491,302,298,333,384
2.46,-7.47,-5.75,0.04,0.01,-0.01,491,302,297,333,384
2.42,-7.39,-5.89,0.04,-0.00,-0.03,491,303,297,334,384
2.38,-7.56,-5.76,0.04,-0.00,-0.03,491,302,298,333,384
2.45,-7.46,-5.81,0.02,-0.01,-0.03,491,302,298,334,384
2.49,-7.37,-5.77,0.04,-0.00,-0.03,492,302,298,334,385
2.28,-7.48,-5.74,0.03,0.00,-0.02,492,302,298,334,385
2.35,-7.37,-5.87,0.04,-0.01,-0.05,492,302,298,334,385
2.10,-7.23,-5.74,0.06,0.02,-0.02,491,303,298,333,384
2.70,-7.78,-5.56,0.07,0.02,-0.03,491,302,298,334,384
2.61,-7.86,-5.56,0.03,-0.02,-0.07,491,303,297,334,384
2.25,-7.38,-5.73,0.00,-0.02,-0.01,490,302,298,334,384
2.40,-7.47,-5.79,0.01,-0.02,-0.04,491,303,298,333,384
2.33,-7.45,-5.61,0.02,-0.02,-0.03,491,303,298,334,384
2.48,-7.35,-5.71,0.04,0.00,-0.02,491,303,298,334,384
2.46,-7.46,-5.70,0.03,-0.01,-0.03,491,303,298,334,384
2.43,-7.46,-5.79,0.05,-0.01,-0.04,492,303,298,334,385
2.34,-7.45,-5.76,0.03,-0.01,-0.03,493,303,298,334,385
2.33,-7.47,-5.81,0.04,0.00,-0.04,494,303,298,334,385
2.51,-7.45,-5.70,0.02,-0.00,-0.02,493,303,298,334,386
END
2.36,-7.34,-5.80,0.03,-0.02,-0.06,498,303,298,334,386
2.10,-7.37,-6.16,0.03,0.01,-0.01,499,305,298,334,386
2.19,-7.22,-6.22,0.03,-0.00,-0.02,498,303,298,333,386
2.23,-7.25,-6.03,0.05,0.01,-0.03,498,303,298,334,386
2.31,-7.39,-5.99,0.04,0.02,-0.04,498,303,298,334,386
2.46,-7.19,-6.08,0.04,-0.00,-0.07,498,303,298,334,386
2.19,-7.22,-5.99,0.03,-0.01,-0.03,497,303,298,334,386
2.23,-7.31,-6.07,0.04,0.01,-0.04,497,303,298,334,386
2.51,-7.37,-6.02,0.04,0.01,-0.04,497,303,298,334,386
2.22,-7.36,-5.97,0.04,0.01,-0.02,498,303,298,334,386
2.39,-7.34,-6.04,0.04,-0.01,-0.06,497,303,298,334,386
2.06,-7.24,-6.03,0.03,-0.00,-0.04,497,303,298,334,386
2.30,-7.22,-6.04,0.03,0.01,-0.01,497,303,298,334,386
2.38,-7.34,-5.96,0.04,0.01,-0.03,497,303,298,333,385
2.38,-7.11,-6.06,0.04,-0.01,-0.05,497,303,298,334,386
2.18,-7.47,-6.04,0.05,0.00,-0.00,497,303,298,334,386
2.33,-7.56,-5.89,0.03,-0.00,-0.03,497,303,298,334,386
2.04,-7.03,-6.07,0.01,0.01,-0.04,496,303,298,334,386
2.31,-6.99,-6.18,0.05,-0.00,-0.05,496,303,298,334,385
2.57,-7.40,-5.93,0.06,-0.03,-0.07,495,303,298,334,385
2.31,-7.62,-5.94,0.03,-0.03,-0.06,495,303,298,334,385
2.12,-7.45,-6.02,0.01,-0.02,-0.03,495,303,297,334,385
2.08,-7.20,-5.96,0.04,0.01,-0.01,495,303,298,334,385
2.63,-7.17,-6.02,0.04,0.01,-0.04,495,303,298,334,385
2.26,-7.36,-5.84,0.03,0.00,-0.03,495,303,298,334,385
2.49,-7.26,-6.02,0.03,0.02,-0.03,494,303,298,334,385
2.25,-7.32,-6.02,0.02,-0.01,-0.04,494,303,298,334,385
2.31,-7.37,-5.93,0.03,0.00,-0.03,494,303,298,334,385
2.35,-7.54,-5.78,0.03,-0.01,-0.04,494,303,298,334,385
2.40,-7.36,-5.83,0.03,-0.01,-0.02,494,304,298,334,385
2.26,-7.38,-6.00,0.03,0.00,-0.03,494,303,298,334,385
2.29,-7.37,-5.95,0.02,0.00,-0.02,494,303,298,334,385
2.30,-7.16,-6.10,0.03,0.01,-0.02,494,304,298,332,385
2.50,-7.40,-6.01,0.01,-0.03,-0.05,494,303,298,334,385
2.63,-7.21,-5.99,0.00,-0.03,-0.04,497,303,298,334,385
2.11,-7.30,-5.90,0.05,0.04,0.03,497,303,300,334,385
END
2.23,-7.43,-5.94,0.02,0.02,-0.06,492,304,299,335,383
2.46,-7.44,-5.71,0.02,0.00,-0.04,493,304,299,335,383
2.30,-7.33,-5.85,0.05,-0.01,-0.05,492,303,299,335,383
2.33,-7.48,-5.84,0.04,0.00,-0.02,492,303,299,335,383
2.37,-7.56,-5.69,0.03,0.01,-0.02,493,303,299,335,383
2.38,-7.52,-5.84,0.03,0.01,-0.02,492,303,299,335,383
2.37,-7.47,-5.85,0.02,-0.01,-0.02,492,303,299,335,383
2.32,-7.26,-5.70,0.04,-0.00,-0.03,492,303,299,335,383
2.38,-7.39,-5.82,0.02,-0.00,-0.04,492,303,299,334,383
2.38,-7.34,-5.98,0.02,-0.01,-0.03,492,303,298,335,383
2.27,-7.27,-6.06,0.04,-0.00,-0.04,492,303,299,335,383
2.20,-7.43,-6.22,0.03,0.02,0.01,492,303,299,335,383
2.44,-7.54,-6.29,0.01,-0.01,-0.03,492,303,299,335,383
2.63,-7.76,-5.64,-0.02,-0.03,0.02,492,303,299,335,383
2.27,-7.38,-5.84,-0.06,-0.05,0.00,492,303,299,335,383
2.00,-6.91,-6.02,-0.02,-0.04,-0.02,492,303,299,335,383
2.38,-7.38,-5.86,0.03,-0.02,0.00,491,303,299,335,383
2.13,-7.57,-5.97,0.00,-0.06,-0.01,492,303,299,335,383
1.79,-7.19,-6.07,0.01,-0.02,-0.01,491,303,299,335,383
2.06,-7.37,-5.98,0.02,0.01,-0.06,491,303,299,335,383
2.07,-7.11,-6.03,0.03,0.00,-0.05,491,303,299,335,383
2.25,-7.24,-6.04,0.05,-0.00,-0.06,491,303,299,335,384
2.01,-7.29,-6.11,0.05,-0.00,-0.04,492,303,299,335,383
2.22,-7.50,-6.10,0.05,0.00,-0.05,491,304,299,335,383
2.08,-7.57,-6.14,0.03,-0.01,-0.04,492,303,299,335,383
2.20,-7.06,-6.12,0.03,-0.00,-0.02,491,303,299,335,383
2.05,-7.10,-6.11,0.06,0.00,-0.04,492,304,299,335,383
1.92,-7.43,-5.99,0.03,0.02,-0.03,491,303,299,335,382
2.25,-7.62,-5.95,0.04,0.01,-0.03,491,303,299,335,383
2.08,-7.43,-6.00,0.03,0.01,-0.02,492,302,300,335,383
2.15,-7.18,-6.28,0.03,-0.00,-0.02,492,303,299,335,383
2.10,-7.44,-6.04,0.04,0.00,-0.03,492,303,300,335,383
1.98,-7.31,-5.97,0.04,0.00,-0.04,492,303,300,335,383
2.04,-7.26,-6.02,0.04,0.00,-0.02,492,303,300,335,383
2.04,-7.36,-6.02,0.05,-0.00,-0.05,492,303,299,335,383
2.27,-7.56,-6.01,0.04,-0.01,-0.03,492,303,300,335,383
END
2.18,-7.53,-5.99,0.05,-0.02,-0.04,490,303,302,335,382
1.44,-7.59,-6.33,0.03,-0.03,-0.09,490,303,301,335,382
2.15,-7.26,-6.31,0.01,0.03,0.05,490,302,301,335,382
2.99,-6.70,-6.39,0.04,-0.04,-0.03,489,302,301,335,382
2.25,-6.63,-6.32,0.07,-0.06,0.04,490,302,301,335,382
2.19,-6.91,-6.45,0.05,-0.09,-0.07,489,301,301,335,382
1.54,-7.19,-6.26,0.03,-0.04,-0.06,489,302,301,335,382
1.83,-7.46,-6.25,-0.00,-0.04,-0.09,489,302,300,335,382
2.14,-6.53,-6.37,0.04,-0.02,-0.04,489,302,301,335,382
1.81,-6.98,-6.35,0.08,0.01,-0.04,489,302,301,335,382
2.06,-7.13,-6.29,0.08,0.01,-0.06,489,302,301,335,382
2.07,-6.57,-6.38,0.12,0.02,-0.11,490,302,301,335,382
2.32,-7.45,-6.29,0.08,0.03,-0.02,490,301,301,334,382
2.20,-7.57,-6.12,0.03,-0.03,-0.07,490,301,301,335,382
2.04,-7.19,-6.09,0.04,-0.02,-0.07,490,301,301,335,382
2.24,-7.41,-6.26,-0.00,-0.04,-0.04,491,301,300,335,382
2.01,-7.11,-6.30,0.01,-0.02,-0.03,490,301,300,335,382
2.02,-7.03,-6.27,0.02,0.03,-0.01,491,301,300,335,382
2.27,-7.29,-6.32,0.00,-0.00,-0.06,491,301,300,335,382
2.30,-7.16,-6.25,0.01,0.01,-0.03,490,301,300,335,382
2.27,-7.30,-6.35,0.03,0.01,-0.01,490,301,300,335,382
2.28,-7.20,-6.35,-0.03,-0.02,0.05,490,301,300,335,382
2.20,-6.98,-6.39,-0.19,-0.10,0.08,494,301,299,335,383
1.74,-6.68,-6.45,-0.04,-0.04,-0.01,499,301,299,335,384
1.74,-6.75,-6.53,0.10,0.05,-0.01,501,302,299,335,384
2.25,-6.78,-6.46,0.06,-0.00,-0.15,499,301,299,334,383
2.05,-6.83,-6.65,0.05,0.02,-0.02,499,301,299,335,383
2.17,-7.01,-6.73,0.04,-0.01,-0.03,498,301,299,334,383
2.07,-7.35,-6.42,-0.03,-0.02,-0.03,497,301,299,334,383
1.74,-7.06,-6.68,-0.03,0.02,0.01,497,301,299,335,383
2.00,-6.72,-6.63,0.01,0.04,-0.03,496,301,299,335,383
1.93,-6.80,-6.75,0.01,0.03,-0.05,497,302,299,335,383
2.22,-6.88,-6.59,-0.01,0.03,-0.02,496,302,299,335,383
2.21,-6.83,-6.60,-0.01,0.01,-0.00,496,301,299,335,383
1.96,-6.73,-6.83,0.00,-0.01,-0.02,495,301,299,335,382
2.10,-6.77,-6.58,0.02,0.00,0.01,495,301,299,335,383
END
0.29,-7.93,-5.64,0.04,0.01,-0.06,488,301,304,341,379
1.00,-7.93,-5.51,0.04,0.01,-0.03,487,301,304,340,379
0.94,-8.02,-5.53,0.01,-0.01,-0.05,487,301,303,340,379
0.96,-7.64,-5.51,0.02,0.00,-0.02,487,301,303,340,379
1.07,-8.00,-5.56,0.02,-0.01,-0.05,487,301,303,340,379
0.79,-7.83,-5.53,0.03,0.00,-0.00,487,301,303,341,379
1.23,-7.97,-5.43,0.04,-0.01,-0.05,486,301,303,340,379
0.90,-7.80,-5.66,0.04,-0.01,-0.06,486,301,303,340,379
0.89,-8.10,-5.48,0.03,-0.00,-0.03,486,301,303,340,379
1.06,-7.90,-5.56,0.03,-0.00,-0.04,486,301,303,340,379
0.92,-7.93,-5.51,0.05,0.02,-0.04,485,301,303,340,378
1.11,-8.26,-5.38,0.08,0.00,-0.07,483,301,303,340,378
0.82,-7.99,-5.36,0.03,0.01,-0.05,482,301,303,340,377
1.15,-7.82,-5.52,0.05,0.01,-0.02,482,301,303,341,377
1.30,-8.08,-5.50,0.02,-0.01,-0.06,482,301,303,340,377
0.94,-7.87,-5.48,0.03,-0.00,-0.02,482,301,303,339,376
1.16,-8.03,-5.36,0.03,0.00,-0.03,482,301,303,339,377
1.00,-7.99,-5.44,0.03,-0.01,-0.05,482,301,303,339,377
1.00,-7.84,-5.58,0.04,0.01,-0.01,482,301,302,340,377
1.11,-7.95,-5.45,0.04,-0.01,-0.04,482,301,302,339,377
0.88,-8.00,-5.57,0.04,-0.01,-0.04,482,300,302,339,377
1.13,-8.08,-5.41,0.04,0.00,-0.00,482,301,302,339,377
0.92,-8.09,-5.42,0.04,-0.01,-0.05,482,301,302,339,376
1.06,-7.98,-5.47,0.03,-0.01,-0.04,482,300,302,339,376
0.95,-7.93,-5.50,0.04,-0.02,-0.07,481,301,302,339,376
1.24,-7.93,-5.49,0.04,0.00,-0.03,482,301,302,339,376
1.06,-7.94,-5.45,0.05,-0.02,-0.06,482,300,302,339,376
1.18,-8.08,-5.31,0.04,-0.01,-0.01,482,300,302,339,376
1.15,-8.12,-5.41,0.02,-0.02,-0.03,482,301,302,339,375
0.98,-7.98,-5.51,0.02,-0.02,-0.02,482,301,302,339,375
1.12,-8.03,-5.46,0.05,-0.01,-0.04,482,300,302,339,376
0.86,-8.12,-5.47,0.01,0.01,0.00,482,301,302,339,376
1.18,-8.03,-7.23,0.02,0.00,-0.03,482,301,302,339,376
0.95,-7.99,-5.56,0.03,0.01,-0.03,481,301,302,339,376
1.15,-8.20,-5.59,0.03,0.01,-0.03,481,301,302,339,376
1.03,-8.10,-5.34,0.03,0.01,-0.04,481,301,302,339,375
END
1.16,-7.99,-5.50,0.02,-0.01,-0.06,480,301,301,338,375
1.11,-7.84,-5.37,0.02,0.00,0.00,480,301,300,338,375
1.46,-7.98,-5.35,0.04,-0.01,-0.04,480,301,301,338,375
1.26,-7.95,-5.38,0.03,-0.01,-0.04,480,301,301,338,375
1.27,-7.75,-5.39,0.05,0.00,-0.04,480,301,301,338,375
1.46,-7.99,-5.39,0.04,0.00,-0.03,480,301,301,338,375
1.33,-7.93,-5.30,0.03,0.00,-0.04,480,301,301,338,375
1.35,-8.05,-5.34,0.04,0.00,-0.03,480,302,301,338,375
1.26,-8.00,-5.28,0.04,-0.01,-0.04,480,302,301,338,375
1.38,-8.08,-5.28,0.03,0.01,-0.03,480,302,301,338,375
1.36,-7.91,-5.39,0.03,0.01,-0.03,480,300,301,338,375
1.26,-7.80,-5.29,0.03,0.01,-0.03,480,302,301,338,375
1.40,-7.87,-5.41,0.05,0.00,-0.03,480,302,301,338,375
1.33,-8.20,-5.29,0.04,-0.00,-0.02,480,302,301,338,375
1.31,-8.15,-5.38,0.02,0.00,-0.02,480,302,301,338,375
1.34,-8.00,-5.40,0.03,0.00,-0.03,480,302,301,338,375
1.26,-7.95,-5.19,0.04,0.02,-0.01,481,302,301,338,375
1.32,-8.03,-5.23,0.05,0.01,-0.03,481,302,301,338,375
1.32,-8.10,-5.33,0.04,0.01,-0.03,481,302,301,338,375
1.35,-8.10,-5.36,0.03,0.00,-0.03,481,302,301,338,375
1.46,-8.05,-5.32,0.03,-0.01,-0.04,480,302,301,338,375
1.34,-7.85,-5.33,0.03,0.00,-0.03,480,302,301,338,375
1.41,-7.93,-5.23,0.04,0.00,-0.05,480,302,300,338,375
1.36,-8.06,-5.25,0.02,-0.00,-0.04,480,302,301,338,375
1.45,-8.13,-5.30,0.03,-0.00,-0.05,480,302,301,338,375
1.50,-8.17,-5.30,0.02,0.00,-0.02,480,302,301,338,375
1.38,-8.05,-5.27,0.02,-0.01,-0.04,480,302,301,338,375
1.27,-7.91,-5.36,0.01,0.01,-0.03,481,302,301,338,375
1.37,-7.96,-5.30,0.03,0.00,-0.02,481,302,301,338,375
1.36,-7.96,-5.46,0.03,-0.01,-0.04,481,302,301,338,375
1.43,-7.98,-5.16,0.02,0.01,-0.01,481,302,301,338,375
1.36,-8.11,-5.24,0.03,0.01,-0.03,481,302,301,338,375
1.28,-7.90,-5.58,0.02,0.01,-0.00,481,301,301,338,375
1.31,-7.86,-5.44,0.03,0.01,-0.03,481,302,300,338,375
1.35,-7.85,-5.44,0.04,0.01,-0.03,481,302,301,338,375
1.39,-8.06,-5.43,0.04,-0.00,-0.03,481,302,301,338,375
END
1.38,-7.98,-5.46,0.02,-0.01,-0.04,483,300,300,338,376
1.22,-8.05,-4.96,0.07,-0.02,-0.06,482,301,300,338,376
1.37,-8.19,-5.08,0.02,-0.00,-0.03,481,301,299,338,376
1.18,-7.95,-5.18,0.00,-0.01,-0.02,481,301,299,337,376
1.28,-8.13,-5.17,0.02,-0.00,-0.02,481,301,300,338,376
1.11,-8.19,-5.19,0.02,-0.00,-0.03,481,301,299,338,376
1.34,-8.12,-5.16,0.05,0.01,-0.02,481,301,299,338,376
1.43,-8.32,-5.24,0.04,0.01,-0.05,481,300,299,337,376
1.20,-8.10,-5.19,0.02,0.01,-0.02,481,300,299,338,376
1.41,-8.16,-5.27,0.03,0.01,-0.05,481,300,299,337,376
1.26,-8.12,-5.27,0.02,-0.01,-0.05,481,301,299,338,376
1.34,-8.10,-5.06,0.04,0.00,-0.02,481,301,299,338,376
1.25,-8.18,-5.10,0.05,-0.02,-0.06,481,301,299,338,376
1.35,-8.15,-5.08,0.05,-0.02,-0.04,481,301,299,338,376
1.11,-8.23,-5.18,0.03,-0.02,-0.06,481,301,299,337,376
1.30,-8.10,-5.06,0.04,-0.01,-0.06,482,301,299,337,376
1.36,-8.23,-5.06,0.05,0.01,-0.03,481,301,299,337,376
1.45,-8.18,-5.16,0.03,0.01,-0.04,481,300,299,337,376
1.34,-8.01,-5.26,0.03,0.01,-0.03,481,300,299,337,376
1.32,-8.03,-5.19,0.04,0.00,-0.03,481,301,299,337,376
1.36,-7.98,-5.20,0.05,0.01,-0.04,481,301,299,337,376
1.46,-8.28,-4.97,0.07,0.01,-0.05,481,301,299,337,376
1.56,-8.51,-5.02,0.03,-0.00,-0.03,481,301,299,337,376
1.52,-8.23,-5.18,-0.00,-0.02,-0.02,481,301,299,337,376
1.10,-7.92,-5.27,0.01,-0.02,-0.01,481,301,299,338,376
1.25,-7.90,-5.16,0.03,0.00,-0.03,481,301,299,338,376
1.26,-8.24,-5.20,0.05,0.02,0.00,481,301,299,337,376
1.55,-8.39,-5.20,0.02,-0.01,-0.04,481,301,299,337,376
1.26,-8.08,-5.13,0.02,-0.02,-0.03,481,301,299,337,375
1.02,-8.03,-5.14,0.01,-0.02,-0.04,481,301,299,338,375
1.15,-7.95,-5.23,0.01,-0.00,-0.05,481,301,299,338,376
1.31,-7.98,-5.23,-0.00,0.00,-0.01,481,300,300,337,376
1.54,-8.13,-5.30,0.03,0.00,-0.04,482,301,300,337,376
1.23,-8.35,-5.28,-0.00,-0.04,-0.03,485,301,300,338,376
1.37,-8.05,-5.30,-0.00,0.00,0.03,489,302,300,337,376
1.04,-8.02,-5.26,0.02,-0.00,-0.04,490,301,299,337,377
END
1.27,-7.93,-5.36,0.04,0.02,0.00,488,302,299,337,376
1.13,-8.04,-5.20,-0.00,-0.01,-0.03,488,302,299,337,375
1.17,-8.07,-5.09,0.01,-0.00,-0.02,488,302,299,337,375
1.21,-8.28,-5.21,0.01,0.01,-0.00,488,302,299,337,375
1.43,-8.00,-5.21,0.02,0.01,-0.04,488,302,299,337,376
1.25,-7.90,-5.10,0.03,0.02,-0.00,491,302,299,337,376
1.44,-8.08,-5.18,0.04,0.01,-0.03,491,302,299,337,376
1.35,-7.98,-5.25,0.03,0.00,-0.05,490,302,299,337,376
1.41,-8.12,-5.12,0.05,0.01,-0.03,490,302,299,337,376
1.47,-8.23,-5.05,0.05,-0.01,-0.05,490,302,299,337,376
1.17,-7.85,-5.20,0.01,-0.02,-0.06,490,302,299,337,376
1.25,-7.82,-5.31,0.04,-0.01,-0.08,489,302,299,337,376
1.39,-8.40,-5.10,0.05,0.01,-0.06,489,301,299,337,376
1.49,-8.27,-5.08,0.05,0.00,-0.04,489,301,299,337,375
1.64,-8.27,-5.05,0.04,0.01,-0.04,489,302,299,337,375
1.68,-8.00,-5.00,0.05,0.00,-0.01,489,302,299,337,375
1.77,-8.13,-5.05,0.06,-0.01,-0.02,489,302,299,337,375
1.62,-8.03,-5.10,0.04,-0.02,-0.05,489,302,299,337,376
1.42,-8.30,-5.05,0.01,-0.04,-0.06,489,302,299,337,375
1.43,-8.35,-5.00,0.03,-0.03,-0.05,489,302,299,337,376
1.16,-8.28,-5.07,-0.01,-0.04,-0.01,489,302,299,337,376
1.18,-7.96,-5.08,-0.01,-0.03,-0.04,488,302,299,337,375
1.69,-8.56,-5.20,-0.05,-0.05,-0.10,488,302,299,337,376
1.65,-7.87,-5.48,0.01,0.01,0.03,488,302,297,337,376
1.26,-7.85,-5.37,0.05,-0.00,-0.03,487,302,299,337,376
1.13,-8.00,-5.26,0.04,0.01,-0.02,487,302,299,337,375
1.41,-8.09,-5.33,0.04,0.02,-0.04,487,303,299,337,376
1.64,-7.93,-5.29,0.03,-0.02,-0.07,487,301,299,337,376
1.63,-8.30,-5.28,0.03,-0.04,-0.04,486,302,299,337,376
1.27,-8.06,-5.00,0.02,-0.03,-0.03,486,302,299,337,376
1.15,-7.99,-5.33,0.01,-0.01,-0.02,486,302,299,337,376
1.11,-7.97,-5.48,0.02,0.02,-0.02,486,302,299,337,376
1.43,-7.93,-5.38,0.03,0.02,-0.04,486,302,299,337,376
1.53,-8.01,-5.33,0.03,0.02,-0.03,486,302,299,337,376
1.74,-8.06,-5.33,0.04,-0.01,-0.05,485,302,299,337,376
1.51,-8.07,-5.25,0.03,-0.02,-0.07,485,302,299,337,376
END
1.51,-7.95,-5.28,0.05,-0.01,-0.05,487,303,299,337,379
1.42,-8.03,-5.23,0.04,-0.01,-0.10,487,303,299,337,378
1.76,-8.10,-5.07,0.05,-0.00,-0.07,487,303,299,337,379
1.44,-8.25,-5.03,0.04,0.01,-0.01,487,303,299,337,379
1.71,-8.06,-5.10,0.02,-0.00,-0.01,487,303,299,337,379
1.32,-7.72,-5.30,0.01,0.01,0.00,487,303,299,337,379
1.36,-7.92,-5.09,0.05,0.03,0.02,487,303,299,337,378
1.51,-8.30,-4.91,0.09,0.00,-0.11,487,303,299,337,379
1.38,-8.48,-5.06,0.02,0.03,0.02,487,303,299,337,378
1.61,-8.27,-5.23,-0.00,0.01,-0.04,486,303,299,337,378
1.31,-8.10,-5.37,-0.03,0.02,-0.04,486,303,299,337,378
1.43,-8.09,-5.37,-0.05,0.03,-0.04,486,303,299,337,378
1.72,-7.24,-5.41,-0.07,-0.01,-0.04,486,303,299,337,378
1.72,-7.94,-4.97,0.01,0.03,-0.08,486,303,299,337,378
2.10,-8.20,-5.20,-0.03,0.03,-0.08,486,303,299,337,379
1.92,-7.79,-5.66,-0.01,-0.02,-0.06,486,303,299,337,378
1.79,-7.93,-5.56,0.02,-0.04,-0.04,486,303,299,337,378
1.81,-7.87,-5.60,0.01,-0.05,-0.03,486,303,299,337,378
1.61,-7.77,-5.48,0.03,-0.05,-0.04,486,303,299,337,378
1.37,-7.76,-5.44,0.03,-0.01,-0.01,485,303,299,337,378
1.66,-8.08,-5.30,-0.00,-0.02,-0.03,485,303,299,337,379
1.66,-7.67,-5.36,0.00,-0.01,0.01,485,303,300,337,378
1.79,-7.37,-5.92,0.02,-0.01,-0.02,485,303,299,337,378
1.81,-7.51,-6.11,0.03,-0.06,-0.03,485,303,299,337,378
1.62,-7.67,-5.66,0.05,-0.09,-0.05,485,303,299,337,378
1.34,-7.77,-5.44,0.07,-0.09,-0.05,485,303,299,337,378
1.43,-8.23,-5.18,0.10,-0.07,-0.08,485,302,300,337,379
1.31,-8.45,-5.51,0.07,-0.04,-0.10,485,303,300,337,378
1.39,-8.08,-5.44,0.03,-0.02,-0.05,485,303,300,337,378
1.36,-7.56,-5.51,0.02,-0.01,-0.03,485,302,300,337,377
1.46,-7.62,-5.38,0.06,0.00,-0.01,485,303,300,337,378
1.49,-7.84,-5.58,0.08,0.02,-0.05,485,303,301,337,378
1.59,-8.23,-5.41,0.04,0.02,-0.02,485,302,301,337,378
1.57,-7.95,-5.23,0.02,0.01,-0.03,485,302,301,337,378
1.52,-8.00,-5.44,0.03,0.01,-0.03,485,302,301,337,378
1.50,-7.85,-5.57,0.02,0.01,-0.01,484,303,301,337,378
END
1.60,-7.90,-5.38,0.03,0.02,-0.04,484,302,299,337,379
1.33,-7.87,-5.30,0.04,-0.01,-0.05,483,302,299,337,378
1.41,-7.87,-5.34,0.04,0.00,-0.02,483,303,299,337,379
1.57,-7.94,-5.36,0.04,-0.00,-0.04,483,302,299,337,378
1.49,-7.92,-5.35,0.03,-0.00,-0.03,483,303,299,337,378
1.64,-8.00,-5.38,0.03,-0.00,-0.05,483,303,299,337,378
1.33,-7.95,-5.45,0.02,0.01,-0.02,483,302,299,337,378
1.58,-7.98,-5.39,0.03,0.02,-0.02,483,302,299,337,378
1.66,-7.94,-5.38,0.03,0.01,-0.04,483,302,299,337,378
1.55,-7.88,-5.34,0.03,0.01,-0.03,483,303,299,338,378
1.71,-7.88,-5.48,0.04,-0.00,-0.04,483,303,299,337,378
1.49,-7.90,-5.38,0.03,-0.01,-0.04,483,303,299,337,378
1.77,-8.11,-5.33,0.03,-0.01,-0.04,482,303,299,337,378
1.51,-8.00,-5.43,0.02,-0.00,-0.01,482,303,299,337,378
1.44,-7.94,-5.37,0.03,0.00,-0.02,483,303,299,337,378
1.70,-8.01,-5.30,0.03,-0.01,-0.04,482,302,299,337,378
1.40,-7.75,-5.33,0.03,0.00,-0.02,482,303,299,337,378
1.63,-8.01,-5.30,0.03,-0.01,-0.04,482,303,299,337,378
1.51,-7.95,-5.38,0.04,-0.01,-0.05,482,303,299,337,378
1.65,-7.85,-5.43,0.04,-0.01,-0.05,482,303,299,337,377
1.56,-7.95,-5.40,0.04,-0.01,-0.06,482,303,299,338,377
1.46,-7.83,-5.39,0.03,0.01,-0.03,482,303,299,337,377
1.71,-7.86,-5.42,0.04,-0.01,-0.05,482,303,299,337,377
1.70,-7.88,-5.43,0.04,-0.01,-0.05,481,303,299,337,377
1.59,-7.73,-5.32,0.04,-0.00,-0.02,480,303,299,337,376
1.76,-8.05,-5.38,0.03,-0.00,-0.05,480,303,299,337,376
1.56,-7.98,-5.38,0.01,-0.00,-0.01,479,303,299,337,376
1.75,-7.88,-5.33,0.04,-0.02,-0.08,479,303,299,337,376
1.43,-7.87,-5.48,0.02,0.01,0.00,479,303,299,337,376
1.62,-7.72,-5.38,0.03,-0.01,-0.06,479,303,299,337,376
1.73,-7.95,-5.47,0.04,0.01,-0.02,479,303,299,337,375
1.77,-8.00,-5.42,0.03,-0.00,-0.04,478,302,299,337,375
1.69,-7.83,-5.44,0.03,0.01,-0.02,478,303,299,337,375
1.62,-7.97,-5.39,0.02,0.00,-0.03,478,303,300,337,375
1.46,-8.00,-5.30,0.02,0.01,-0.01,478,303,300,337,375
1.54,-7.75,-5.51,0.03,0.01,-0.02,478,303,299,337,375
END
1.61,-7.88,-5.40,0.03,-0.00,-0.03,486,301,299,338,378
1.34,-7.90,-5.73,0.03,-0.01,-0.04,486,301,299,338,378
1.26,-7.62,-5.60,0.03,-0.01,-0.05,486,301,299,338,378
1.20,-7.54,-5.63,0.04,-0.00,-0.03,486,301,299,338,378
1.30,-7.80,-5.71,0.02,-0.01,-0.06,486,301,299,340,378
1.35,-7.76,-5.65,0.03,-0.01,-0.04,486,301,299,338,378
1.28,-7.58,-5.58,0.04,0.00,-0.04,486,301,299,338,378
1.48,-8.01,-5.68,0.05,0.00,-0.04,486,301,299,338,378
1.40,-7.98,-5.62,0.03,-0.01,-0.05,486,301,299,338,378
1.16,-7.67,-5.71,0.03,0.00,-0.04,486,302,299,338,378
1.49,-7.87,-5.73,0.04,0.00,-0.03,486,302,299,338,378
1.32,-7.77,-5.68,0.04,0.00,-0.03,485,302,299,338,378
1.48,-7.82,-5.69,0.03,-0.00,-0.04,486,302,299,338,378
1.34,-7.68,-5.67,0.03,-0.01,-0.05,486,302,299,338,378
1.39,-7.67,-5.56,0.04,0.01,-0.02,486,302,299,338,378
1.36,-7.70,-5.61,0.04,-0.01,-0.07,486,302,300,338,378
1.44,-7.65,-5.69,0.04,-0.01,-0.03,486,302,299,338,378
1.42,-7.82,-5.75,0.04,-0.01,-0.06,485,302,299,338,378
1.37,-7.75,-5.56,0.04,0.00,-0.02,485,302,299,338,378
1.41,-7.87,-5.37,0.03,0.00,-0.03,485,302,299,338,378
1.41,-7.85,-5.76,0.03,0.00,-0.04,485,302,299,338,378
1.28,-7.78,-5.53,0.03,0.01,-0.02,485,302,299,338,378
1.41,-7.78,-5.64,0.04,0.01,-0.03,485,301,300,338,378
1.50,-7.94,-5.61,0.04,-0.01,-0.04,485,302,299,338,378
1.56,-7.82,-5.69,0.03,-0.00,-0.05,485,302,299,338,378
1.36,-7.75,-5.61,0.02,-0.00,-0.03,485,302,299,338,378
1.39,-7.80,-5.59,0.03,-0.01,-0.02,485,302,299,338,378
1.36,-7.67,-5.65,0.04,0.00,-0.03,485,302,299,338,378
1.44,-7.82,-5.75,0.02,0.00,-0.01,486,302,300,338,378
1.40,-7.72,-5.66,-0.00,-0.01,-0.01,486,302,300,338,378
1.51,-7.84,-5.71,0.02,0.00,-0.04,487,302,300,338,378
1.28,-7.73,-5.85,0.02,0.01,0.00,491,302,299,338,379
1.39,-7.68,-5.61,0.04,-0.01,-0.03,494,303,299,338,380
1.31,-7.58,-5.71,0.05,-0.01,-0.04,494,303,299,338,380
1.41,-7.79,-5.68,0.05,0.00,-0.04,493,303,299,338,380
1.27,-7.91,-5.53,0.04,-0.00,-0.04,493,303,300,338,380
END
1.45,-7.82,-5.53,0.06,-0.01,-0.04,489,304,299,338,379
1.36,-7.80,-5.50,0.03,-0.00,-0.04,489,301,299,338,379
1.55,-7.87,-5.55,0.04,-0.00,-0.02,488,304,299,338,379
1.47,-7.89,-5.61,0.04,-0.02,-0.06,489,304,299,338,379
1.17,-7.77,-5.63,0.03,-0.00,-0.03,488,304,299,338,379
1.39,-7.88,-5.69,0.03,-0.01,-0.04,488,304,299,338,379
1.49,-7.72,-5.69,0.05,0.00,-0.03,488,304,299,338,379
1.46,-7.97,-5.66,0.03,0.02,-0.02,487,304,299,338,379
1.41,-8.00,-5.60,0.01,0.01,-0.01,488,304,299,338,378
1.41,-7.73,-5.56,0.03,0.00,-0.02,488,304,299,338,379
1.47,-7.91,-5.64,0.04,-0.01,-0.06,488,304,299,337,379
1.26,-7.68,-5.58,0.04,0.00,-0.02,487,304,300,338,379
1.40,-7.83,-5.61,0.04,0.01,-0.03,487,304,299,337,378
1.59,-7.96,-5.46,0.02,0.00,-0.04,487,304,299,338,378
1.46,-7.67,-5.51,0.04,-0.00,-0.03,487,304,299,338,379
1.54,-7.72,-5.59,0.04,-0.01,-0.05,487,304,299,338,379
1.33,-7.85,-5.41,0.04,-0.00,-0.03,487,304,299,338,378
1.52,-7.87,-5.60,0.05,0.00,-0.04,487,304,299,338,378
1.49,-7.84,-5.53,0.04,-0.01,-0.06,487,304,299,338,378
1.50,-7.96,-5.51,0.04,0.00,-0.03,486,304,299,338,379
1.45,-7.88,-5.43,0.04,-0.01,-0.03,486,305,300,338,378
1.51,-7.87,-5.49,0.03,-0.01,-0.03,486,304,300,338,378
1.49,-7.93,-5.57,0.02,-0.01,-0.03,486,305,299,338,378
1.43,-7.60,-5.43,0.03,0.01,-0.03,486,305,300,338,378
1.44,-7.91,-5.44,0.04,0.01,-0.02,486,305,300,338,378
1.68,-8.02,-5.49,0.03,0.00,-0.04,486,305,300,338,378
1.54,-7.94,-5.47,0.03,-0.01,-0.03,486,305,300,338,378
1.72,-7.62,-5.60,0.04,-0.02,-0.05,486,305,300,338,378
1.51,-7.95,-5.59,0.03,-0.03,-0.04,486,305,300,338,378
1.34,-8.04,-5.24,0.01,-0.02,-0.07,486,305,300,338,378
1.19,-7.99,-5.41,-0.00,-0.00,-0.02,486,305,300,338,378
1.28,-7.82,-5.53,0.02,0.03,0.01,486,305,300,338,378
1.65,-8.01,-5.72,0.03,0.06,0.02,486,305,300,338,378
1.79,-7.98,-5.67,-0.00,0.02,0.00,486,305,300,338,378
1.48,-7.82,-5.72,-0.01,0.00,0.01,486,305,300,338,378
1.37,-7.70,-5.64,-0.01,-0.01,-0.05,486,305,300,338,378
END
1.28,-7.48,-5.69,-0.00,0.00,-0.02,484,306,300,338,379
1.70,-7.63,-5.65,0.03,0.02,-0.03,484,306,300,338,379
1.82,-7.64,-5.62,0.04,0.00,-0.04,484,306,300,338,379
1.73,-7.86,-5.62,0.05,-0.01,-0.04,484,306,300,338,378
1.72,-7.72,-5.70,0.05,-0.01,-0.06,484,306,300,338,378
1.65,-7.85,-5.50,0.05,-0.00,-0.04,484,306,300,339,379
1.67,-7.94,-5.58,0.05,0.00,-0.04,484,306,300,338,378
1.72,-7.81,-5.53,0.04,-0.01,-0.03,484,306,300,338,378
1.69,-7.65,-5.56,0.03,-0.01,-0.04,483,306,300,338,378
1.71,-7.60,-5.63,0.05,-0.01,-0.05,484,307,300,338,379
1.87,-7.95,-5.53,0.07,-0.04,-0.04,483,307,300,338,378
1.49,-8.00,-5.42,0.05,-0.02,-0.05,483,307,300,338,378
1.59,-7.93,-5.46,0.03,-0.01,-0.06,483,307,300,338,379
1.52,-7.77,-5.52,0.03,0.01,-0.02,483,307,300,339,379
1.78,-7.90,-5.53,0.04,0.01,-0.04,483,307,300,338,378
1.78,-7.98,-5.41,0.03,0.00,-0.03,483,307,300,338,378
1.96,-7.86,-5.53,0.02,-0.00,-0.04,483,308,300,338,378
1.74,-7.71,-5.59,0.04,-0.01,-0.04,483,308,300,338,378
1.79,-7.81,-5.43,0.03,-0.01,-0.03,483,308,300,338,379
1.69,-7.70,-5.50,0.04,-0.01,-0.02,483,308,300,339,378
1.62,-7.98,-5.58,0.04,-0.01,-0.01,483,309,300,338,378
1.63,-7.82,-5.39,0.03,-0.01,-0.04,483,308,300,338,379
1.79,-7.81,-5.55,0.04,0.00,-0.04,483,309,300,338,378
1.67,-7.79,-5.54,0.03,-0.01,-0.05,483,309,300,339,379
1.69,-7.90,-5.53,0.04,-0.01,-0.03,483,309,300,338,379
1.68,-7.80,-5.65,0.03,-0.01,-0.05,483,309,300,338,379
1.67,-7.70,-5.56,0.04,0.00,-0.02,483,309,300,339,378
1.69,-7.80,-5.43,0.04,-0.00,-0.04,482,309,300,338,378
1.67,-7.95,-5.41,0.04,0.00,-0.03,482,309,300,338,378
1.51,-7.86,-5.50,0.03,-0.00,-0.03,482,308,300,338,378
1.64,-7.83,-5.48,0.02,0.01,-0.01,482,309,300,338,378
1.82,-7.93,-5.43,0.03,0.00,-0.04,483,309,300,338,378
1.57,-7.82,-5.58,0.03,0.00,-0.03,482,309,300,338,378
1.76,-7.94,-5.53,0.03,0.00,-0.02,483,310,300,338,378
1.67,-7.87,-5.38,0.03,-0.00,-0.03,482,309,300,339,378
1.80,-7.92,-5.46,0.02,0.00,-0.04,483,309,300,338,378
END
1.75,-7.98,-5.51,0.02,-0.00,-0.03,480,307,300,339,379
1.80,-7.88,-5.37,0.05,0.01,-0.02,480,307,301,338,378
1.80,-7.80,-5.55,0.02,0.00,-0.05,480,307,300,338,378
1.68,-7.80,-5.58,0.03,0.00,-0.04,480,307,301,338,379
1.75,-7.92,-5.55,0.05,0.03,-0.02,480,307,301,338,379
1.92,-7.72,-5.65,0.03,0.01,-0.03,480,307,301,338,379
1.84,-7.66,-5.58,0.04,0.01,-0.03,480,307,301,338,379
1.96,-7.98,-5.63,0.02,-0.01,-0.05,480,307,301,338,379
1.74,-7.80,-5.46,0.03,-0.02,-0.04,480,308,301,338,379
1.73,-7.76,-5.69,-0.01,-0.01,-0.01,479,308,301,338,379
1.62,-7.82,-5.72,-0.02,0.02,0.02,479,308,301,338,379
1.89,-7.57,-5.62,0.03,0.03,-0.02,479,307,301,338,379
1.76,-7.74,-5.54,0.04,0.02,-0.03,479,306,301,338,379
1.72,-7.80,-5.56,0.02,-0.00,-0.02,479,307,301,338,379
1.86,-7.65,-5.58,0.01,-0.01,-0.01,480,307,301,338,379
1.57,-7.75,-5.65,0.01,0.01,0.00,480,307,301,338,381
1.54,-7.80,-5.75,0.01,0.01,0.00,480,307,300,338,381
1.82,-7.76,-5.59,0.02,0.01,-0.02,480,307,300,338,381
1.71,-7.82,-5.64,0.01,-0.02,-0.04,480,307,300,338,381
1.69,-7.70,-5.76,0.02,0.00,-0.03,479,307,300,338,381
1.46,-7.63,-5.85,0.02,0.01,-0.01,479,307,300,338,381
1.74,-7.71,-5.71,0.02,-0.00,-0.05,478,307,300,338,381
1.65,-7.82,-5.47,0.04,0.00,-0.03,478,307,300,338,381
1.70,-7.77,-5.75,0.04,-0.00,-0.04,478,307,300,338,380
1.57,-7.65,-5.69,0.03,0.01,-0.02,478,307,300,338,381
1.79,-7.64,-5.69,0.03,0.01,-0.04,477,307,300,338,381
1.86,-7.57,-5.69,0.04,0.01,-0.03,478,306,300,338,380
1.67,-7.65,-5.72,0.05,-0.00,-0.04,478,307,300,338,381
1.75,-7.76,-5.70,0.04,-0.02,-0.05,478,307,300,338,381
1.80,-7.67,-5.64,0.05,-0.01,-0.05,478,307,300,338,380
1.77,-7.72,-5.69,0.04,-0.01,-0.04,478,307,300,338,381
1.74,-7.67,-5.51,0.04,-0.02,-0.03,478,307,300,338,380
1.72,-7.85,-5.65,0.04,-0.01,-0.04,477,307,300,338,380
1.56,-7.65,-5.50,0.04,-0.01,-0.05,477,307,300,338,380
1.54,-7.76,-5.52,0.05,0.01,-0.02,477,307,300,338,380
1.75,-7.93,-5.59,0.04,0.01,-0.05,477,307,300,338,380
END
1.81,-7.67,-5.76,0.01,0.01,-0.03,477,307,300,338,380
1.74,-7.68,-5.68,0.04,-0.01,-0.04,477,307,300,338,380
1.76,-7.75,-5.78,0.04,0.00,-0.03,477,307,300,338,380
1.90,-7.91,-5.65,0.03,0.00,-0.03,477,307,300,338,380
1.79,-7.70,-5.64,0.02,-0.00,-0.03,477,307,300,338,380
1.64,-7.70,-5.74,0.02,0.00,-0.02,477,307,300,338,380
1.64,-7.66,-5.55,0.03,0.01,-0.03,477,307,300,338,380
1.86,-7.67,-5.72,0.03,0.01,-0.04,477,307,300,338,380
1.84,-7.75,-5.64,0.04,-0.00,-0.02,477,305,300,338,380
1.73,-7.67,-5.80,0.03,-0.01,-0.04,477,307,300,338,380
1.67,-7.70,-5.65,0.03,0.01,-0.03,477,307,300,338,380
1.81,-7.65,-5.72,0.03,0.01,-0.04,477,307,300,338,380
1.75,-7.71,-5.61,0.03,0.00,-0.02,477,307,300,338,380
1.91,-7.60,-5.71,0.03,-0.01,-0.05,477,307,300,338,380
1.83,-7.59,-5.77,0.04,-0.01,-0.04,477,307,300,338,380
1.67,-7.77,-5.66,0.04,-0.02,-0.03,477,307,300,338,380
1.71,-7.79,-5.82,0.04,-0.02,-0.04,477,307,300,338,380
1.63,-7.86,-5.61,0.04,-0.00,-0.04,477,307,300,338,380
1.78,-7.64,-5.69,0.03,0.00,-0.04,477,307,300,338,380
1.85,-7.59,-5.74,0.03,-0.01,-0.03,477,307,300,338,380
1.87,-7.56,-5.71,0.04,-0.03,-0.06,477,307,299,338,380
2.01,-7.71,-5.76,0.07,-0.05,-0.07,477,307,300,338,380
1.56,-8.06,-5.53,0.04,-0.05,-0.05,477,307,299,338,380
1.28,-7.76,-5.67,0.02,-0.01,-0.05,477,307,300,338,380
1.68,-7.60,-5.61,0.03,0.03,-0.01,477,307,300,338,380
2.06,-7.56,-5.71,0.03,0.02,-0.03,477,307,300,338,380
2.05,-7.54,-5.69,0.03,-0.01,-0.03,477,307,300,338,380
1.90,-7.83,-5.58,0.04,-0.04,-0.07,477,307,300,338,380
1.47,-7.78,-5.76,0.04,-0.02,-0.05,477,307,300,338,380
1.68,-7.90,-5.78,0.03,0.01,-0.01,477,307,300,338,380
1.95,-7.63,-5.64,0.02,0.02,-0.02,477,307,300,338,380
1.87,-7.60,-5.51,0.04,0.01,-0.00,478,307,300,338,379
1.92,-7.88,-5.63,0.03,-0.01,-0.05,477,307,300,338,379
1.96,-7.75,-5.64,0.02,-0.01,-0.03,477,307,300,338,379
1.82,-7.70,-5.68,0.02,-0.00,-0.02,477,307,300,338,379
1.79,-7.70,-5.66,0.01,0.01,-0.01,478,307,300,338,379
END
1.64,-7.79,-5.61,0.01,0.02,-0.02,477,304,301,338,379
1.60,-7.87,-5.70,0.00,0.01,-0.00,477,303,301,338,379
1.66,-7.76,-5.79,-0.03,0.01,-0.02,477,303,301,338,379
1.55,-7.58,-5.94,-0.02,0.00,-0.02,477,303,301,338,379
1.52,-7.40,-5.91,0.00,0.01,-0.02,477,303,301,338,379
1.72,-7.88,-6.13,0.00,-0.00,-0.05,477,303,301,338,379
1.31,-7.89,-6.03,-0.03,0.01,-0.03,477,303,301,338,379
1.16,-7.65,-6.09,-0.06,0.06,-0.02,477,303,301,337,379
1.71,-7.76,-5.78,-0.10,0.08,-0.01,477,302,302,338,379
1.62,-7.23,-6.20,-0.10,0.07,0.02,477,303,303,338,379
1.87,-7.01,-6.35,-0.04,0.03,0.06,477,303,303,338,379
1.88,-6.73,-6.63,-0.00,0.00,0.01,477,303,303,338,379
1.95,-6.65,-6.74,-0.00,-0.03,0.01,477,303,303,338,379
1.65,-6.79,-6.53,-0.02,-0.08,-0.07,477,303,303,338,379
1.35,-6.98,-6.53,-0.02,-0.06,-0.11,477,303,303,338,379
1.33,-6.86,-6.43,-0.03,-0.07,-0.12,477,303,303,338,379
1.27,-6.73,-6.73,0.02,-0.08,-0.09,477,303,303,338,379
1.34,-6.78,-6.80,0.06,-0.07,-0.04,477,304,303,338,379
1.73,-7.09,-6.81,0.07,-0.08,-0.03,477,303,303,338,379
1.64,-7.37,-6.65,0.03,-0.11,-0.02,477,303,303,338,379
1.44,-7.20,-6.43,-0.04,-0.12,-0.02,477,303,303,338,379
1.49,-6.94,-6.42,-0.03,-0.09,-0.18,477,303,303,338,379
2.15,-6.93,-6.18,-0.02,-0.09,-0.17,477,303,303,338,379
1.02,-5.98,-6.63,0.03,-0.07,-0.21,477,303,303,338,379
0.75,-6.58,-6.99,0.09,0.06,-0.08,476,303,303,338,379
1.13,-7.11,-6.96,0.11,0.11,-0.08,476,303,303,338,379
1.83,-7.39,-6.98,0.12,0.09,0.00,476,303,303,337,379
1.77,-7.37,-6.88,0.06,-0.01,-0.03,476,303,303,338,379
1.86,-6.94,-6.73,0.00,-0.02,0.01,476,303,303,338,379
1.52,-6.47,-6.70,0.00,-0.03,-0.06,476,303,303,338,379
1.59,-6.53,-6.61,0.08,-0.03,-0.05,476,303,302,338,379
1.56,-7.30,-6.43,0.09,0.01,-0.03,476,303,303,338,379
1.68,-7.06,-6.61,0.05,0.01,-0.05,476,303,304,338,379
2.02,-7.09,-6.64,0.02,-0.03,-0.05,477,303,303,338,380
1.77,-6.92,-6.83,0.02,-0.01,-0.02,477,303,303,338,381
1.60,-7.09,-6.60,0.05,-0.00,-0.03,477,303,303,338,381
END
1.59,-6.97,-6.61,0.03,0.01,-0.02,475,303,303,338,380
1.69,-7.21,-6.32,0.04,0.01,-0.03,475,303,303,338,380
1.67,-7.01,-6.45,0.03,0.00,-0.03,475,302,303,338,380
1.68,-7.09,-6.41,0.03,0.01,-0.03,474,303,303,338,380
1.71,-6.97,-6.50,0.05,-0.00,-0.03,474,303,303,338,380
1.74,-7.14,-6.45,0.04,-0.01,-0.03,475,303,302,338,380
1.69,-7.06,-6.33,0.05,-0.00,-0.05,474,303,303,338,380
1.75,-7.24,-6.36,0.04,0.00,-0.03,475,303,303,338,380
1.82,-7.29,-6.49,0.04,-0.00,-0.04,474,303,303,338,380
1.76,-7.16,-6.47,0.03,-0.01,-0.06,474,303,303,338,380
1.72,-6.97,-6.30,0.04,-0.00,-0.02,474,303,303,338,380
1.62,-7.16,-6.37,0.03,-0.01,-0.04,474,303,302,338,380
1.49,-7.14,-6.40,0.03,0.01,-0.02,474,303,303,338,380
1.81,-7.19,-6.23,0.05,-0.00,-0.02,474,303,303,338,380
1.77,-7.29,-6.40,0.04,0.00,-0.04,474,303,302,338,380
1.64,-7.19,-6.36,0.02,-0.01,-0.04,474,302,303,338,380
1.72,-7.21,-6.43,0.03,0.00,-0.03,474,303,304,338,379
1.70,-7.26,-6.34,0.03,-0.00,-0.02,474,303,302,338,380
1.65,-7.16,-6.22,0.03,0.00,-0.02,474,303,303,338,380
1.77,-7.12,-6.40,0.02,0.01,-0.04,474,303,302,338,380
1.85,-7.18,-6.45,0.05,0.02,-0.01,474,303,302,338,380
1.74,-7.24,-6.48,0.03,0.00,-0.03,474,303,303,338,380
1.78,-7.11,-6.41,0.03,-0.01,-0.03,474,303,302,338,379
1.66,-7.34,-6.33,0.04,-0.01,-0.04,474,302,302,338,379
1.57,-7.30,-6.36,0.08,-0.01,-0.04,474,302,301,338,380
1.71,-6.94,-6.40,0.05,-0.01,-0.03,474,303,301,338,379
1.67,-7.24,-6.30,0.05,0.00,-0.03,475,303,301,338,380
1.67,-7.21,-6.25,0.04,0.00,-0.04,475,303,301,338,380
1.67,-7.24,-6.27,0.04,-0.00,-0.03,475,303,301,338,380
1.82,-7.34,-6.22,0.04,-0.01,-0.06,475,303,301,338,380
1.69,-7.02,-6.35,0.05,-0.00,-0.05,475,303,301,338,380
1.82,-7.09,-6.29,0.05,0.00,-0.05,475,303,301,338,380
1.85,-7.47,-6.32,0.04,-0.00,-0.04,474,302,301,338,379
1.85,-7.53,-6.17,0.03,-0.01,-0.04,474,303,301,338,379
1.65,-7.24,-6.25,0.02,-0.01,-0.03,474,303,301,338,380
1.88,-7.18,-6.29,0.04,-0.01,-0.03,474,303,301,338,379
END
1.77,-7.36,-6.22,0.04,0.00,-0.03,481,301,301,337,382
1.37,-7.65,-6.20,0.03,0.00,-0.03,481,302,302,337,382
1.60,-7.23,-6.30,0.02,0.00,-0.03,481,302,302,337,382
1.46,-7.36,-6.02,0.03,-0.01,-0.04,481,302,302,337,382
1.49,-7.42,-6.15,0.03,0.00,-0.03,480,302,302,337,382
1.49,-7.37,-6.20,0.03,0.00,-0.04,480,302,302,337,382
1.46,-7.39,-6.17,0.02,0.01,-0.01,480,301,302,337,382
1.68,-7.33,-6.30,0.02,0.01,-0.03,480,302,302,337,382
1.69,-7.38,-6.23,0.03,0.01,-0.04,479,302,302,337,382
1.61,-7.19,-6.17,0.02,0.01,-0.02,479,302,302,337,381
1.55,-7.43,-6.32,0.03,-0.00,-0.03,479,302,301,337,381
1.60,-7.27,-6.24,0.04,-0.00,-0.04,479,302,302,338,381
1.56,-7.45,-6.25,0.05,0.00,-0.03,479,302,302,337,381
1.52,-7.49,-6.25,0.04,-0.00,-0.04,479,302,301,337,381
1.58,-7.24,-6.21,0.03,-0.01,-0.02,479,302,301,337,381
1.48,-7.49,-6.15,0.04,-0.00,-0.04,479,302,301,337,381
1.53,-7.29,-6.14,0.02,-0.00,-0.02,479,302,300,337,381
1.62,-7.43,-6.17,0.03,-0.00,-0.03,478,302,301,337,381
1.61,-7.37,-6.26,0.04,-0.00,-0.04,478,302,301,337,381
1.58,-7.38,-5.97,0.03,-0.00,-0.03,478,302,300,337,381
1.56,-7.50,-6.13,0.04,0.00,-0.04,478,302,301,337,381
1.84,-7.65,-6.09,0.03,-0.01,-0.03,478,302,301,337,381
1.33,-7.20,-6.26,0.03,-0.01,-0.05,478,302,301,338,381
1.40,-7.26,-6.27,0.05,0.01,-0.01,478,302,300,337,381
1.68,-7.54,-6.12,0.04,0.01,-0.04,478,302,301,337,381
1.75,-7.45,-6.09,0.04,-0.00,-0.03,478,302,301,337,381
1.69,-7.44,-6.20,0.03,-0.01,-0.03,478,302,301,337,381
1.54,-7.29,-6.19,0.02,-0.00,-0.03,478,302,301,337,381
1.46,-7.41,-6.14,0.02,-0.00,-0.03,478,302,300,337,381
1.52,-7.31,-6.18,0.04,0.01,-0.04,478,302,301,337,381
1.72,-7.43,-6.28,0.05,0.01,-0.03,479,302,301,337,381
1.68,-7.39,-6.18,0.03,-0.01,-0.06,478,302,301,337,381
1.72,-7.29,-6.03,0.04,-0.01,-0.04,477,302,301,337,380
1.69,-7.41,-6.12,0.03,-0.02,-0.06,476,303,301,337,380
1.46,-7.44,-6.15,-0.01,0.00,-0.02,477,303,301,337,380
1.67,-7.27,-6.25,0.03,0.02,-0.01,477,302,301,337,380
END
1.78,-7.39,-6.23,0.04,0.02,-0.02,476,303,301,337,380
1.75,-7.31,-5.94,0.05,-0.01,-0.04,476,303,301,337,380
1.76,-7.38,-6.04,0.05,-0.00,-0.06,476,303,301,337,380
1.75,-7.41,-5.92,0.06,0.00,-0.03,476,303,301,337,380
2.10,-7.75,-5.97,0.04,-0.01,-0.04,475,302,300,337,380
1.85,-7.73,-5.94,0.02,-0.01,-0.02,476,303,301,337,379
1.68,-7.37,-5.96,0.03,-0.01,-0.05,475,303,301,337,380
1.57,-7.49,-5.98,0.03,0.01,-0.02,475,303,301,337,379
1.94,-7.47,-5.94,0.05,0.01,-0.03,476,303,301,337,380
2.02,-7.70,-6.09,0.03,-0.00,-0.03,476,303,301,337,380
1.84,-7.60,-5.89,0.02,-0.00,-0.01,476,303,301,337,380
1.71,-7.57,-5.94,0.02,-0.00,-0.02,476,303,301,337,380
1.70,-7.49,-6.15,0.01,-0.02,-0.03,476,303,301,337,380
1.65,-7.27,-6.04,0.03,-0.00,-0.02,476,303,301,337,380
1.79,-7.41,-6.07,0.04,0.00,-0.05,476,303,301,337,380
1.68,-7.49,-6.04,0.04,0.01,-0.03,475,303,301,337,379
1.90,-7.42,-6.02,0.05,-0.01,-0.04,475,303,301,337,379
1.83,-7.62,-5.89,0.07,-0.00,-0.04,475,303,300,337,379
1.87,-7.71,-5.93,0.04,-0.01,-0.04,476,303,301,337,380
1.83,-7.70,-5.76,0.02,-0.00,-0.02,476,303,301,337,379
1.87,-7.47,-5.94,-0.01,-0.01,-0.01,476,303,301,337,380
1.74,-7.32,-5.92,0.01,-0.01,-0.02,476,304,301,337,380
1.74,-7.42,-6.04,0.03,0.00,-0.02,476,303,301,337,379
1.74,-7.37,-5.88,0.03,-0.01,-0.06,476,303,301,337,380
1.68,-7.37,-6.12,0.05,0.00,-0.04,476,303,301,338,380
1.71,-7.54,-5.97,0.04,-0.00,-0.04,475,303,301,337,379
1.77,-7.40,-6.01,0.04,-0.00,-0.04,475,303,301,338,379
1.79,-7.64,-5.86,0.04,0.00,-0.04,475,303,301,337,379
1.95,-7.69,-5.92,0.03,0.00,-0.03,475,303,301,337,379
1.72,-7.29,-5.90,0.04,-0.01,-0.03,475,303,301,337,379
1.74,-7.58,-6.10,0.02,-0.01,-0.03,476,303,301,338,380
1.87,-7.44,-5.97,0.04,-0.00,-0.03,476,303,301,337,379
1.70,-7.57,-5.77,0.03,-0.00,-0.05,476,303,301,337,380
1.85,-7.44,-6.00,0.03,0.00,-0.03,476,303,301,337,379
1.87,-7.45,-5.87,0.04,-0.00,-0.02,476,303,301,338,379
2.01,-7.66,-6.00,0.04,-0.01,-0.05,476,303,301,337,380
END
1.77,-7.49,-6.09,0.03,-0.01,-0.02,475,303,301,337,379
1.82,-7.48,-5.91,0.04,-0.01,-0.04,475,303,301,337,379
1.88,-7.52,-5.84,0.03,-0.00,-0.03,475,303,301,337,380
1.79,-7.55,-5.84,0.04,-0.00,-0.03,475,303,301,337,379
1.85,-7.56,-5.84,0.03,0.00,-0.03,475,303,301,337,379
1.82,-7.54,-5.76,0.03,-0.00,-0.01,475,303,301,337,379
1.91,-7.62,-5.92,0.04,-0.00,-0.04,476,303,301,337,379
1.76,-7.59,-5.85,0.03,-0.01,-0.05,475,304,301,337,379
1.80,-7.49,-5.86,0.02,0.00,-0.02,476,303,301,337,379
1.84,-7.61,-5.91,0.04,0.00,-0.03,475,303,301,337,379
1.83,-7.64,-5.89,0.03,-0.00,-0.03,475,303,301,337,379
1.90,-7.57,-5.90,0.03,-0.00,-0.04,475,304,301,337,379
1.77,-7.53,-5.93,0.02,-0.01,-0.03,475,303,301,337,379
1.75,-7.43,-5.84,0.03,-0.00,-0.03,475,303,301,337,380
1.81,-7.45,-5.99,0.04,0.00,-0.04,475,303,301,337,379
1.83,-7.52,-5.84,0.02,-0.00,-0.03,475,303,301,337,379
1.69,-7.46,-5.94,0.04,0.00,-0.03,475,303,301,337,380
1.84,-7.52,-6.01,0.03,0.00,-0.03,475,303,301,337,379
1.75,-7.57,-5.76,0.04,0.01,-0.03,475,304,301,337,380
1.87,-7.50,-5.94,0.04,-0.00,-0.04,475,304,301,337,380
1.80,-7.55,-5.97,0.03,-0.00,-0.02,475,303,301,337,379
1.73,-7.65,-5.80,0.03,-0.01,-0.04,475,303,301,337,379
1.79,-7.56,-5.90,0.03,0.00,-0.02,475,303,300,337,379
1.90,-7.49,-5.86,0.04,0.00,-0.04,475,303,301,337,379
1.77,-7.56,-5.96,0.03,0.01,-0.02,475,303,301,337,379
1.91,-7.45,-5.92,0.04,-0.01,-0.04,475,303,301,337,379
1.84,-7.63,-5.84,0.04,-0.00,-0.04,475,303,301,337,379
1.77,-7.52,-5.90,0.04,0.00,-0.03,475,303,301,337,379
1.91,-7.57,-5.93,0.03,0.00,-0.03,475,303,301,337,379
1.84,-7.48,-5.83,0.04,-0.00,-0.04,475,304,301,337,379
1.78,-7.50,-5.78,0.03,0.00,-0.04,475,304,301,337,379
1.94,-7.59,-5.93,0.03,0.01,-0.02,475,304,301,337,379
1.92,-7.54,-5.85,0.03,-0.00,-0.04,475,304,301,337,379
1.80,-7.42,-5.86,0.04,0.00,-0.03,475,303,301,337,379
2.06,-7.67,-5.80,0.03,-0.01,-0.03,476,303,301,338,379
1.82,-7.32,-5.89,0.04,-0.01,-0.04,475,303,300,337,379
END
1.87,-7.63,-5.88,0.04,-0.00,-0.03,475,303,301,337,379
1.95,-7.58,-5.97,0.04,0.00,-0.04,475,302,301,337,379
1.85,-7.67,-5.69,0.03,-0.00,-0.03,475,303,301,337,379
1.81,-7.45,-5.89,0.03,-0.00,-0.03,475,303,301,337,379
1.85,-7.65,-5.94,0.03,-0.01,-0.03,475,303,301,337,379
1.79,-7.56,-5.74,0.04,0.01,-0.01,475,303,301,338,379
1.92,-7.62,-5.90,0.03,-0.00,-0.03,475,303,301,337,379
1.75,-7.63,-5.84,0.03,0.00,-0.03,475,303,301,337,379
1.92,-7.47,-5.71,0.03,0.00,-0.02,475,303,301,337,379
1.95,-7.57,-5.84,0.03,-0.00,-0.03,475,303,300,337,379
1.82,-7.57,-5.87,0.03,-0.01,-0.04,475,303,301,337,379
1.81,-7.59,-5.79,0.04,-0.00,-0.03,475,303,301,337,379
1.96,-7.67,-5.66,0.03,-0.01,-0.05,475,303,301,337,379
1.69,-7.79,-5.76,0.03,0.00,-0.03,475,303,301,338,379
1.71,-7.79,-5.71,0.01,0.02,-0.02,475,303,301,337,379
1.91,-7.22,-5.97,0.00,0.03,-0.02,475,303,301,337,379
2.04,-7.19,-6.02,0.02,0.01,-0.02,475,303,301,337,379
2.19,-7.47,-5.99,0.06,-0.01,-0.04,474,303,301,337,379
1.88,-7.70,-5.76,0.05,-0.02,-0.06,474,303,301,338,379
1.77,-7.78,-5.74,0.04,-0.01,-0.03,474,303,301,337,379
1.92,-7.71,-5.77,0.03,-0.00,-0.03,474,303,300,337,379
1.95,-7.40,-5.89,0.03,-0.01,-0.04,474,303,300,338,379
1.74,-7.59,-5.81,0.05,0.00,-0.03,474,303,301,337,379
1.87,-7.65,-5.65,0.05,-0.01,-0.05,474,303,301,337,379
1.84,-7.61,-5.80,0.03,0.01,-0.05,474,303,301,337,379
1.95,-7.63,-5.81,0.03,-0.00,-0.03,474,303,301,337,379
1.84,-7.44,-5.81,0.03,-0.01,-0.04,474,303,301,337,379
1.71,-7.62,-5.79,0.02,0.01,-0.01,475,303,301,338,379
1.99,-7.57,-5.84,0.04,0.02,-0.03,474,303,301,337,379
2.02,-7.62,-5.76,0.03,0.01,-0.04,474,303,301,337,379
1.95,-7.45,-5.69,0.03,0.00,-0.03,474,303,301,337,379
1.77,-7.63,-5.74,0.02,-0.00,-0.06,474,303,301,337,379
2.03,-7.44,-5.82,0.03,-0.00,-0.03,474,303,301,337,379
2.00,-7.54,-5.79,0.05,-0.00,-0.05,474,303,301,337,379
2.05,-7.60,-5.93,0.05,0.00,-0.04,474,303,301,338,379
1.97,-7.56,-5.74,0.04,-0.02,-0.04,474,303,301,337,379
END
1.71,-7.68,-5.76,0.04,-0.02,-0.04,474,303,300,337,379
2.00,-7.61,-5.64,0.03,-0.01,-0.04,474,303,301,337,379
1.84,-7.59,-5.73,0.04,-0.00,-0.05,474,303,301,337,379
1.87,-7.72,-5.71,0.02,0.00,-0.01,474,304,300,337,379
2.05,-7.49,-5.71,0.04,0.00,-0.04,474,303,301,337,379
2.12,-8.00,-5.48,0.04,0.01,-0.02,474,303,301,337,379
2.05,-7.80,-5.65,0.03,-0.01,-0.05,474,303,301,337,379
2.05,-7.62,-5.80,0.03,-0.00,-0.02,474,303,300,337,379
1.84,-7.66,-5.85,0.02,-0.01,-0.03,474,303,301,337,379
1.92,-7.54,-5.65,0.03,0.00,-0.02,474,303,301,337,379
2.08,-7.82,-5.64,0.04,-0.00,-0.04,474,303,301,337,379
1.86,-7.72,-5.64,0.02,-0.00,-0.04,474,303,301,337,379
1.89,-7.71,-5.63,0.03,0.00,-0.00,474,303,301,337,379
1.95,-7.71,-5.76,0.01,-0.00,-0.02,474,303,301,337,379
1.96,-7.49,-5.62,0.03,0.01,-0.01,474,303,301,338,379
1.98,-7.75,-5.70,0.03,-0.00,-0.03,474,303,301,337,379
2.06,-7.65,-5.84,0.04,-0.01,-0.05,474,303,301,337,379
1.84,-7.72,-5.64,0.03,-0.00,-0.02,473,303,300,337,379
1.96,-7.78,-5.73,0.03,-0.01,-0.04,473,303,301,337,379
2.02,-7.63,-5.72,0.03,0.01,-0.02,474,303,300,337,379
2.01,-7.72,-5.79,0.03,0.00,-0.04,474,303,301,338,379
1.89,-7.61,-5.76,0.03,-0.00,-0.03,474,303,301,337,379
1.92,-7.60,-5.65,0.04,-0.00,-0.03,474,303,301,337,379
1.95,-7.64,-5.64,0.04,-0.00,-0.04,474,303,301,337,379
1.93,-7.75,-5.59,0.03,0.00,-0.03,473,303,301,337,379
2.09,-7.59,-5.76,0.04,0.00,-0.03,473,303,300,337,379
1.86,-7.61,-5.73,0.03,-0.00,-0.04,473,303,301,337,379
1.94,-7.60,-5.72,0.04,0.00,-0.02,474,303,301,337,379
2.07,-7.73,-5.66,0.04,-0.00,-0.05,473,303,300,337,379
2.00,-7.71,-5.76,0.02,0.00,-0.01,474,304,300,337,379
2.04,-7.59,-5.67,0.03,-0.01,-0.05,473,303,301,337,379
1.79,-7.65,-5.67,0.03,0.00,-0.02,474,303,301,337,379
2.05,-7.70,-5.66,0.04,-0.01,-0.04,473,303,301,337,379
2.02,-7.77,-5.57,0.04,-0.00,-0.01,473,303,301,337,379
1.90,-7.80,-5.58,0.03,-0.01,-0.04,473,303,301,337,379
1.85,-7.59,-5.64,0.03,-0.00,-0.03,473,303,301,337,379
END
1.88,-7.66,-5.74,0.03,-0.01,-0.05,473,303,302,337,379
1.94,-7.73,-5.57,0.03,0.01,-0.04,473,302,302,337,379
1.88,-7.54,-5.70,0.03,0.00,-0.03,473,302,302,337,379
2.07,-7.73,-5.79,0.02,-0.00,-0.01,473,302,302,337,379
1.85,-7.69,-5.67,0.03,-0.01,-0.04,473,302,302,337,379
1.99,-7.62,-5.66,0.05,-0.00,-0.03,473,303,302,337,379
1.98,-7.75,-5.73,0.03,-0.00,-0.04,473,303,303,337,379
1.84,-7.60,-5.73,0.02,-0.00,-0.02,474,303,303,337,379
1.99,-7.67,-5.66,0.03,-0.00,-0.03,473,303,303,337,379
1.85,-7.72,-5.77,0.02,-0.00,-0.03,473,302,303,337,379
1.86,-7.62,-5.67,0.03,-0.00,-0.03,473,302,304,337,379
2.00,-7.66,-5.72,0.03,-0.00,-0.02,473,302,303,337,379
1.89,-7.63,-5.76,0.03,-0.01,-0.05,473,302,301,337,379
1.85,-7.56,-5.62,0.04,-0.00,-0.03,473,304,303,337,379
1.92,-7.76,-5.74,0.03,0.00,-0.03,473,302,303,337,379
1.90,-7.52,-5.66,0.03,-0.00,-0.03,473,302,303,337,379
1.79,-7.62,-5.76,0.03,-0.01,-0.03,473,303,303,337,379
2.00,-7.56,-5.80,0.04,-0.00,-0.05,473,302,303,337,379
1.91,-7.72,-5.66,0.04,0.00,-0.03,473,303,303,337,379
2.02,-7.69,-5.71,0.03,-0.00,-0.04,473,303,303,337,379
1.97,-7.66,-5.57,0.03,-0.00,-0.02,473,302,302,337,379
1.95,-7.65,-5.69,0.04,-0.01,-0.04,473,302,302,337,379
1.87,-7.70,-5.52,0.03,0.00,-0.02,473,303,302,337,379
2.07,-7.54,-5.79,0.04,0.00,-0.04,473,302,302,337,379
1.97,-7.59,-5.76,0.04,-0.00,-0.03,473,302,302,337,379
1.88,-7.75,-5.66,0.03,-0.00,-0.03,473,303,302,337,379
2.06,-7.76,-5.69,0.03,-0.00,-0.03,473,303,302,337,379
1.84,-7.66,-5.77,0.03,-0.00,-0.05,473,303,302,337,379
1.84,-7.67,-5.71,0.03,0.00,-0.02,473,302,302,337,379
1.92,-7.49,-5.64,0.03,-0.00,-0.03,473,303,302,337,379
1.97,-7.59,-5.69,0.03,0.00,-0.03,473,303,302,337,379
2.01,-7.77,-5.66,0.02,-0.01,-0.04,473,303,302,337,379
1.82,-7.54,-5.71,0.03,0.00,-0.03,473,302,302,337,379
2.15,-7.78,-5.62,0.04,0.00,-0.04,473,302,302,337,379
1.96,-7.77,-5.71,0.03,0.00,-0.03,473,303,302,337,379
1.93,-7.60,-5.79,0.03,0.00,-0.02,473,303,302,337,379
END
1.82,-7.68,-5.55,0.03,-0.01,-0.03,473,303,302,337,379
1.84,-7.80,-5.61,0.03,-0.01,-0.03,473,303,302,337,379
2.01,-7.84,-5.64,0.03,0.01,-0.02,473,303,302,337,379
1.93,-7.73,-5.58,0.03,-0.00,-0.04,473,303,302,337,379
1.81,-7.54,-5.56,0.04,0.00,-0.02,473,303,302,337,379
1.90,-7.86,-5.68,0.03,0.00,-0.03,473,303,302,337,379
1.92,-7.61,-5.59,0.03,-0.01,-0.03,473,303,302,337,379
1.95,-7.72,-5.55,0.04,-0.00,-0.03,473,303,302,337,379
1.90,-7.65,-5.61,0.02,0.00,-0.02,473,303,302,337,379
1.80,-7.71,-5.43,0.04,-0.00,-0.03,473,303,302,337,379
2.11,-7.67,-5.69,0.03,-0.00,-0.03,473,303,302,337,379
1.94,-7.57,-5.64,0.04,-0.00,-0.04,473,303,302,337,379
1.94,-7.76,-5.64,0.03,-0.00,-0.03,473,303,302,337,379
2.06,-7.77,-5.64,0.04,0.00,-0.04,473,303,302,337,379
2.06,-7.75,-5.75,0.03,-0.01,-0.04,473,303,302,337,379
1.97,-7.68,-5.69,0.03,-0.00,-0.02,473,303,302,337,379
1.90,-7.62,-5.53,0.03,-0.01,-0.05,473,303,302,337,379
1.97,-7.72,-5.60,0.03,0.01,-0.02,473,303,302,337,379
1.98,-7.59,-5.52,0.03,-0.00,-0.03,473,303,302,337,379
1.95,-7.65,-5.57,0.04,-0.00,-0.03,473,303,302,337,379
1.95,-7.63,-5.58,0.04,-0.01,-0.03,473,303,302,337,378
2.00,-7.83,-5.61,0.04,0.00,-0.03,473,302,302,337,379
2.05,-7.80,-5.56,0.03,-0.00,-0.04,473,303,302,337,379
1.95,-7.73,-5.54,0.04,-0.00,-0.03,473,303,302,337,379
1.97,-7.59,-5.53,0.03,-0.00,-0.05,473,303,302,337,379
1.83,-7.71,-5.64,0.03,0.01,-0.02,473,303,302,337,379
2.12,-7.79,-5.55,0.04,0.00,-0.04,473,303,302,337,379
2.13,-7.77,-5.63,0.04,-0.01,-0.06,473,302,302,337,379
1.90,-7.66,-5.52,0.04,-0.00,-0.02,473,303,302,337,379
2.05,-7.74,-5.54,0.05,-0.00,-0.04,473,303,302,337,379
2.00,-7.72,-5.57,0.04,0.01,-0.03,473,303,303,337,379
1.95,-7.77,-5.54,0.03,0.01,-0.01,474,303,302,337,379
2.00,-7.90,-5.50,0.03,-0.00,-0.04,475,303,302,337,380
1.90,-7.85,-5.53,0.02,-0.00,-0.03,475,303,302,337,379
1.98,-7.67,-5.56,0.02,-0.00,-0.03,475,303,302,337,379
1.91,-7.77,-5.57,0.03,0.00,-0.02,475,303,302,337,379
END