2.86,-5.40,-5.40,0.09,0.09,0.09,458,417,435,339,364
3.52,-6.28,-6.28,0.04,0.04,0.04,457,417,435,339,363
3.23,-6.44,-6.44,0.10,0.10,0.10,453,418,439,340,369
3.22,-7.57,-7.57,-0.13,-0.13,-0.13,451,416,449,340,383
0.52,-7.98,-7.98,-0.46,-0.46,-0.46,449,416,451,339,382
0.49,-7.05,-7.05,-0.25,-0.25,-0.25,449,416,451,337,382
-0.88,-6.02,-6.02,-0.03,-0.03,-0.03,445,415,449,336,381
-0.98,-6.40,-6.40,0.10,0.10,0.10,445,415,449,336,381
-0.98,-6.70,-6.70,0.10,0.10,0.10,444,414,449,336,381
-1.13,-6.78,-6.78,0.10,0.10,0.10,444,414,448,336,381
-0.83,-7.11,-7.11,0.10,0.10,0.10,444,415,448,336,380
END
-0.32,-7.57,-7.57,0.03,0.03,0.03,443,414,446,337,375
2.33,-7.59,-7.59,-0.00,-0.00,-0.00,443,414,446,338,375
1.82,-8.38,-8.38,-0.28,-0.28,-0.28,445,415,447,339,377
2.66,-8.10,-8.10,-0.34,-0.34,-0.34,445,414,450,339,383
-1.39,-7.32,-7.32,-0.26,-0.26,-0.26,445,415,450,337,381
0.42,-6.74,-6.74,-0.02,-0.02,-0.02,445,415,452,337,378
-0.24,-6.18,-6.18,0.04,0.04,0.04,444,415,451,337,378
-0.95,-6.58,-6.58,0.06,0.06,0.06,444,414,450,337,378
-0.77,-6.68,-6.68,0.06,0.06,0.06,444,415,451,337,380
-0.67,-6.62,-6.62,0.10,0.10,0.10,444,414,450,337,379
-0.83,-6.68,-6.68,0.10,0.10,0.10,444,415,450,338,380
END
-1.23,-7.11,-7.11,0.27,0.27,0.27,443,414,447,339,381
1.39,-8.30,-8.30,-0.05,-0.05,-0.05,443,414,447,339,381
0.91,-7.81,-7.81,-0.21,-0.21,-0.21,443,415,448,340,383
3.44,-7.57,-7.57,-0.23,-0.23,-0.23,444,416,448,339,383
1.54,-7.96,-7.96,-0.20,-0.20,-0.20,444,415,447,338,382
1.08,-7.58,-7.58,-0.09,-0.09,-0.09,442,414,446,338,379
0.96,-7.29,-7.29,0.02,0.02,0.02,442,415,446,338,379
0.42,-7.38,-7.38,0.06,0.06,0.06,442,414,446,336,379
0.37,-7.59,-7.59,0.07,0.07,0.07,442,414,445,338,378
0.61,-7.47,-7.47,0.14,0.14,0.14,442,414,445,338,378
0.83,-7.83,-7.83,0.09,0.09,0.09,441,413,446,338,374
END
1.22,-7.75,-7.75,0.18,0.18,0.18,440,414,451,339,378
2.81,-7.70,-7.70,-0.01,-0.01,-0.01,440,413,451,339,377
2.34,-8.34,-8.34,-0.27,-0.27,-0.27,439,412,451,341,381
6.20,-7.94,-7.94,-0.19,-0.19,-0.19,438,413,453,341,388
-0.50,-6.60,-6.60,-0.43,-0.43,-0.43,443,414,454,340,389
0.65,-7.35,-7.35,-0.05,-0.05,-0.05,442,414,454,339,391
-0.29,-7.47,-7.47,-0.09,-0.09,-0.09,442,414,453,339,390
0.37,-6.92,-6.92,0.01,0.01,0.01,442,414,453,338,389
-0.23,-6.86,-6.86,-0.02,-0.02,-0.02,442,414,453,338,389
-0.60,-6.98,-6.98,0.05,0.05,0.05,441,414,453,338,388
0.09,-6.80,-6.80,0.12,0.12,0.12,441,414,452,339,388
END
-0.44,-7.47,-7.47,-0.02,-0.02,-0.02,441,414,451,339,386
2.47,-7.93,-7.93,-0.03,-0.03,-0.03,441,413,451,339,386
2.62,-8.33,-8.33,-0.29,-0.29,-0.29,440,414,450,340,387
3.57,-8.03,-8.03,-0.61,-0.61,-0.61,440,413,450,339,388
0.50,-7.51,-7.51,-0.13,-0.13,-0.13,441,413,450,339,388
0.37,-7.59,-7.59,-0.08,-0.08,-0.08,441,413,450,338,388
-0.85,-7.11,-7.11,0.09,0.09,0.09,441,413,449,339,387
0.22,-7.47,-7.47,0.07,0.07,0.07,441,413,450,339,387
-0.75,-7.51,-7.51,-0.00,-0.00,-0.00,441,413,449,339,387
-0.83,-7.39,-7.39,0.06,0.06,0.06,441,413,449,339,387
-0.06,-7.70,-7.70,0.01,0.01,0.01,442,414,450,339,386
END
0.80,-7.02,-7.02,0.48,0.48,0.48,441,414,448,341,391
1.25,-7.86,-7.86,-0.27,-0.27,-0.27,442,413,449,341,398
1.36,-7.77,-7.77,-0.19,-0.19,-0.19,442,414,449,340,396
2.56,-8.24,-8.24,0.06,0.06,0.06,443,415,447,340,395
-0.04,-7.36,-7.36,-0.17,-0.17,-0.17,446,415,446,339,393
0.47,-7.67,-7.67,0.03,0.03,0.03,446,415,447,339,394
-0.09,-7.76,-7.76,0.02,0.02,0.02,446,415,447,339,394
-0.42,-7.69,-7.69,0.06,0.06,0.06,445,415,447,339,393
-0.15,-7.75,-7.75,0.05,0.05,0.05,446,415,447,339,393
-0.32,-7.64,-7.64,0.04,0.04,0.04,445,415,447,339,393
0.07,-7.71,-7.71,0.03,0.03,0.03,445,414,446,340,393
END
1.06,-7.48,-7.48,0.40,0.40,0.40,440,413,446,340,385
1.49,-7.23,-7.23,0.08,0.08,0.08,440,413,446,340,384
0.49,-7.95,-7.95,-0.54,-0.54,-0.54,440,413,445,339,385
1.82,-9.18,-9.18,-0.05,-0.05,-0.05,440,414,444,339,384
1.37,-7.62,-7.62,-0.19,-0.19,-0.19,440,414,445,339,384
2.10,-6.97,-6.97,0.18,0.18,0.18,440,413,444,338,384
1.18,-8.14,-8.14,-0.11,-0.11,-0.11,440,414,444,338,384
0.08,-7.35,-7.35,0.03,0.03,0.03,440,413,444,337,384
0.33,-7.80,-7.80,0.10,0.10,0.10,440,413,444,337,383
0.59,-7.51,-7.51,0.08,0.08,0.08,440,414,444,337,384
0.38,-7.85,-7.85,0.05,0.05,0.05,440,413,444,338,384
END
-0.98,-7.91,-7.91,0.00,0.00,0.00,438,413,443,336,385
2.40,-7.67,-7.67,0.02,0.02,0.02,439,413,444,337,385
2.37,-8.05,-8.05,-0.07,-0.07,-0.07,438,412,443,338,385
0.45,-8.59,-8.59,-0.06,-0.06,-0.06,438,412,443,338,384
0.88,-8.61,-8.61,-0.30,-0.30,-0.30,439,413,443,337,384
0.75,-8.33,-8.33,-0.02,-0.02,-0.02,440,412,443,338,385
1.00,-8.14,-8.14,-0.06,-0.06,-0.06,445,415,446,338,389
0.26,-7.75,-7.75,0.01,0.01,0.01,444,414,444,338,388
0.39,-8.18,-8.18,0.03,0.03,0.03,443,414,444,338,388
0.35,-8.01,-8.01,0.01,0.01,0.01,442,413,443,337,387
-0.56,-7.74,-7.74,0.05,0.05,0.05,442,413,444,338,387
END
-0.17,-7.67,-7.67,0.04,0.04,0.04,437,413,440,338,382
4.61,-7.31,-7.31,0.09,0.09,0.09,437,413,440,337,381
4.39,-7.78,-7.78,-0.16,-0.16,-0.16,437,413,440,338,381
0.55,-7.70,-7.70,-0.52,-0.52,-0.52,440,414,442,338,385
1.97,-8.27,-8.27,-0.40,-0.40,-0.40,440,414,442,337,387
2.52,-8.72,-8.72,-0.13,-0.13,-0.13,441,414,441,337,387
-0.05,-7.93,-7.93,-0.07,-0.07,-0.07,442,414,441,337,389
-0.11,-8.16,-8.16,-0.01,-0.01,-0.01,441,413,440,337,388
0.14,-8.49,-8.49,0.09,0.09,0.09,441,413,441,337,388
0.00,-7.99,-7.99,0.02,0.02,0.02,441,412,440,337,388
0.81,-7.94,-7.94,0.21,0.21,0.21,441,412,440,337,387
END
3.83,-8.17,-8.17,0.41,0.41,0.41,440,413,440,338,384
4.03,-7.23,-7.23,0.01,0.01,0.01,439,413,440,337,384
1.90,-7.76,-7.76,-0.27,-0.27,-0.27,439,413,439,337,384
2.68,-8.41,-8.41,-0.38,-0.38,-0.38,439,413,440,338,385
0.96,-8.82,-8.82,-0.30,-0.30,-0.30,439,412,441,338,383
-0.74,-8.49,-8.49,-0.01,-0.01,-0.01,438,412,440,338,382
0.35,-8.03,-8.03,0.01,0.01,0.01,438,412,441,338,380
-0.14,-8.48,-8.48,0.05,0.05,0.05,438,412,441,338,379
-0.57,-8.13,-8.13,0.02,0.02,0.02,437,412,441,338,379
-0.52,-8.13,-8.13,0.04,0.04,0.04,437,412,441,338,379
2.10,-7.49,-7.49,0.33,0.33,0.33,437,412,440,338,379
END
8.49,-5.43,-5.43,0.93,0.93,0.93,436,411,441,339,383
7.24,-5.29,-5.29,0.18,0.18,0.18,436,411,441,339,385
1.76,-7.35,-7.35,0.19,0.19,0.19,436,411,440,339,384
2.76,-8.00,-8.00,-0.53,-0.53,-0.53,436,412,440,339,385
5.20,-8.08,-8.08,-0.26,-0.26,-0.26,437,412,441,339,385
1.97,-8.95,-8.95,-0.29,-0.29,-0.29,438,412,441,339,385
0.18,-8.18,-8.18,-0.15,-0.15,-0.15,438,412,441,339,385
-0.15,-8.01,-8.01,0.03,0.03,0.03,438,412,440,339,384
0.51,-8.08,-8.08,0.09,0.09,0.09,438,410,440,341,384
1.08,-8.22,-8.22,0.30,0.30,0.30,437,412,440,339,384
2.78,-7.77,-7.77,0.38,0.38,0.38,437,412,440,339,383
END
5.96,-8.05,-8.05,0.55,0.55,0.55,437,412,438,338,382
4.31,-7.34,-7.34,-0.04,-0.04,-0.04,437,412,438,338,381
3.98,-7.29,-7.29,-0.26,-0.26,-0.26,437,412,438,340,382
5.62,-7.70,-7.70,-0.34,-0.34,-0.34,436,411,438,340,383
0.57,-8.84,-8.84,-0.40,-0.40,-0.40,437,412,438,340,383
0.07,-8.84,-8.84,-0.30,-0.30,-0.30,438,412,438,340,383
1.36,-8.16,-8.16,-0.19,-0.19,-0.19,439,412,438,338,383
0.45,-8.36,-8.36,-0.15,-0.15,-0.15,438,411,438,339,384
0.45,-7.72,-7.72,0.11,0.11,0.11,438,411,438,339,383
-0.28,-8.22,-8.22,-0.13,-0.13,-0.13,438,411,436,339,383
-0.07,-8.30,-8.30,0.05,0.05,0.05,438,411,438,339,383
END
0.18,-8.00,-8.00,0.08,0.08,0.08,436,411,438,340,383
4.57,-7.06,-7.06,0.05,0.05,0.05,437,411,438,340,383
2.88,-7.98,-7.98,-0.29,-0.29,-0.29,437,411,438,341,383
6.02,-7.02,-7.02,-0.15,-0.15,-0.15,437,411,438,341,384
2.43,-8.31,-8.31,-0.19,-0.19,-0.19,436,411,437,341,382
4.34,-8.70,-8.70,-0.12,-0.12,-0.12,436,411,437,340,382
1.02,-8.81,-8.81,-0.24,-0.24,-0.24,436,411,437,340,382
0.89,-8.88,-8.88,-0.12,-0.12,-0.12,436,411,437,340,382
0.85,-8.47,-8.47,0.06,0.06,0.06,437,410,437,340,383
0.85,-8.70,-8.70,0.05,0.05,0.05,437,410,437,340,383
0.98,-8.51,-8.51,0.15,0.15,0.15,437,410,436,340,381
END
3.42,-8.75,-8.75,0.32,0.32,0.32,434,410,438,339,381
4.28,-7.34,-7.34,-0.26,-0.26,-0.26,436,411,441,340,389
3.70,-7.04,-7.04,-0.20,-0.20,-0.20,434,409,440,339,391
6.02,-8.42,-8.42,-0.74,-0.74,-0.74,437,413,443,340,405
3.21,-9.16,-9.16,-0.24,-0.24,-0.24,438,413,441,340,396
-0.48,-8.90,-8.90,-0.40,-0.40,-0.40,445,414,448,338,395
0.04,-8.05,-8.05,-0.14,-0.14,-0.14,444,413,447,338,395
0.80,-7.81,-7.81,0.04,0.04,0.04,444,414,447,339,395
0.82,-8.18,-8.18,0.12,0.12,0.12,443,413,447,339,395
1.16,-8.64,-8.64,0.21,0.21,0.21,444,413,446,339,394
4.29,-7.97,-7.97,0.39,0.39,0.39,442,412,445,339,395
END
5.71,-6.86,-6.86,1.18,1.18,1.18,441,413,440,339,387
4.55,-6.92,-6.92,-0.17,-0.17,-0.17,438,413,439,340,385
3.01,-7.39,-7.39,0.00,0.00,0.00,438,412,439,339,384
4.88,-9.51,-9.51,-0.12,-0.12,-0.12,437,412,438,339,384
2.48,-9.19,-9.19,-0.19,-0.19,-0.19,437,412,438,340,383
0.61,-8.47,-8.47,-0.13,-0.13,-0.13,437,412,437,340,383
0.46,-8.51,-8.51,0.05,0.05,0.05,437,412,437,340,383
0.45,-8.56,-8.56,0.05,0.05,0.05,437,412,437,340,383
2.03,-8.28,-8.28,0.21,0.21,0.21,437,412,437,340,383
1.39,-9.13,-9.13,0.32,0.32,0.32,437,412,437,340,382
3.34,-7.98,-7.98,0.38,0.38,0.38,436,412,437,340,382
END
8.08,-6.31,-6.31,0.88,0.88,0.88,435,411,436,340,376
5.70,-6.97,-6.97,-0.21,-0.21,-0.21,434,410,435,340,375
2.15,-6.70,-6.70,0.03,0.03,0.03,434,410,435,340,375
3.78,-9.20,-9.20,-0.23,-0.23,-0.23,434,410,434,340,375
1.34,-8.51,-8.51,-0.30,-0.30,-0.30,434,410,434,340,376
2.24,-7.96,-7.96,-0.13,-0.13,-0.13,435,410,434,340,377
2.63,-8.35,-8.35,0.05,0.05,0.05,434,410,434,341,378
1.44,-8.41,-8.41,0.06,0.06,0.06,433,409,434,340,378
1.02,-8.30,-8.30,0.07,0.07,0.07,434,409,434,340,377
3.98,-7.09,-7.09,0.22,0.22,0.22,433,410,434,341,378
6.70,-6.18,-6.18,0.65,0.65,0.65,432,409,434,341,378
END
5.41,-6.79,-6.79,0.63,0.63,0.63,432,409,433,341,375
3.69,-7.55,-7.55,0.02,0.02,0.02,432,409,433,340,375
2.85,-7.37,-7.37,-0.08,-0.08,-0.08,432,409,433,341,375
3.45,-8.18,-8.18,-0.23,-0.23,-0.23,432,409,433,340,376
1.83,-9.64,-9.64,-0.06,-0.06,-0.06,433,409,433,340,377
-0.72,-9.43,-9.43,-0.16,-0.16,-0.16,434,410,433,341,379
2.34,-8.51,-8.51,-0.13,-0.13,-0.13,434,409,433,341,379
0.23,-8.60,-8.60,-0.02,-0.02,-0.02,433,409,433,340,380
0.21,-8.78,-8.78,0.02,0.02,0.02,433,409,433,341,379
0.82,-8.58,-8.58,-0.01,-0.01,-0.01,433,409,433,341,379
0.18,-8.94,-8.94,0.14,0.14,0.14,433,409,433,340,379
END
0.34,-9.10,-9.10,0.04,0.04,0.04,432,409,433,339,373
3.54,-7.80,-7.80,0.04,0.04,0.04,433,408,433,339,374
2.50,-7.66,-7.66,0.01,0.01,0.01,433,408,433,339,374
4.44,-8.05,-8.05,-0.22,-0.22,-0.22,432,408,432,339,373
3.76,-8.59,-8.59,-0.09,-0.09,-0.09,432,408,432,339,373
1.90,-8.49,-8.49,-0.49,-0.49,-0.49,432,408,432,340,372
2.76,-8.71,-8.71,-0.24,-0.24,-0.24,432,408,432,341,372
0.95,-8.04,-8.04,-0.05,-0.05,-0.05,432,408,431,340,372
1.69,-8.57,-8.57,0.18,0.18,0.18,432,408,432,340,372
1.49,-8.55,-8.55,0.09,0.09,0.09,432,408,432,339,372
1.64,-8.50,-8.50,0.03,0.03,0.03,433,408,434,340,372
END
2.15,-8.26,-8.26,0.16,0.16,0.16,431,407,433,343,372
2.59,-7.60,-7.60,-0.09,-0.09,-0.09,431,407,433,343,372
1.94,-7.74,-7.74,-0.03,-0.03,-0.03,431,407,433,343,372
1.50,-9.14,-9.14,-0.11,-0.11,-0.11,431,407,433,343,372
0.85,-8.90,-8.90,-0.01,-0.01,-0.01,431,407,432,343,372
-0.92,-9.02,-9.02,0.11,0.11,0.11,432,408,432,343,373
-0.11,-8.85,-8.85,-0.08,-0.08,-0.08,432,408,432,343,375
0.91,-9.17,-9.17,0.06,0.06,0.06,432,408,432,342,378
0.14,-8.70,-8.70,0.03,0.03,0.03,431,408,431,342,377
0.62,-8.87,-8.87,0.14,0.14,0.14,431,408,431,342,377
0.45,-9.07,-9.07,0.01,0.01,0.01,431,408,431,342,376
END
1.04,-7.67,-7.67,0.07,0.07,0.07,438,403,424,340,370
0.92,-7.57,-7.57,0.04,0.04,0.04,438,403,424,339,370
0.74,-7.87,-7.87,0.07,0.07,0.07,439,404,425,339,371
-0.23,-9.04,-9.04,0.05,0.05,0.05,445,408,431,340,377
-4.43,-8.85,-8.85,0.28,0.28,0.28,446,408,431,339,374
-1.06,-7.97,-7.97,-0.07,-0.07,-0.07,446,411,432,336,370
-0.29,-7.37,-7.37,0.08,0.08,0.08,445,410,431,336,370
-0.55,-7.57,-7.57,0.04,0.04,0.04,445,409,430,336,370
-0.23,-8.03,-8.03,0.10,0.10,0.10,444,409,430,336,370
-0.14,-8.10,-8.10,0.04,0.04,0.04,444,409,430,336,371
-0.53,-7.80,-7.80,0.07,0.07,0.07,444,408,429,336,371
END
-0.77,-8.15,-8.15,0.06,0.06,0.06,441,406,429,337,372
3.14,-8.08,-8.08,0.04,0.04,0.04,441,406,429,338,372
2.26,-8.36,-8.36,-0.05,-0.05,-0.05,441,406,429,338,372
4.06,-8.12,-8.12,-0.28,-0.28,-0.28,440,406,429,341,372
0.42,-9.73,-9.73,0.05,0.05,0.05,439,406,429,340,372
0.43,-8.83,-8.83,-0.41,-0.41,-0.41,440,406,428,339,372
1.90,-8.08,-8.08,-0.11,-0.11,-0.11,440,406,428,339,371
0.75,-7.57,-7.57,0.06,0.06,0.06,440,406,428,339,372
-0.27,-8.06,-8.06,0.09,0.09,0.09,439,406,428,339,371
-0.37,-8.67,-8.67,0.06,0.06,0.06,439,405,427,339,371
-0.85,-8.34,-8.34,0.05,0.05,0.05,438,405,427,339,371
END
1.59,-7.75,-7.75,0.26,0.26,0.26,434,403,428,337,373
2.24,-8.33,-8.33,0.03,0.03,0.03,435,403,428,337,372
2.81,-8.46,-8.46,0.04,0.04,0.04,435,403,428,337,372
1.69,-8.61,-8.61,-0.00,-0.00,-0.00,435,403,428,337,372
0.39,-9.16,-9.16,-0.02,-0.02,-0.02,435,403,427,337,374
3.13,-8.94,-8.94,-0.30,-0.30,-0.30,435,403,427,339,374
1.41,-8.36,-8.36,-0.27,-0.27,-0.27,435,403,426,337,373
1.74,-7.93,-7.93,-0.02,-0.02,-0.02,435,403,426,338,372
0.76,-8.51,-8.51,0.01,0.01,0.01,435,403,426,338,372
1.90,-8.56,-8.56,0.07,0.07,0.07,434,403,426,338,373
1.17,-8.35,-8.35,0.05,0.05,0.05,437,404,428,337,375
END
1.20,-8.43,-8.43,0.06,0.06,0.06,435,403,428,337,374
0.98,-8.29,-8.29,0.00,0.00,0.00,435,403,428,337,373
1.27,-8.45,-8.45,0.03,0.03,0.03,435,402,428,337,374
-0.73,-8.81,-8.81,-0.15,-0.15,-0.15,435,403,429,337,375
0.15,-9.07,-9.07,-0.05,-0.05,-0.05,435,403,430,337,377
0.36,-8.70,-8.70,-0.13,-0.13,-0.13,436,403,429,337,376
0.35,-8.48,-8.48,-0.04,-0.04,-0.04,437,402,429,337,376
0.73,-8.24,-8.24,-0.02,-0.02,-0.02,437,403,429,337,376
0.52,-8.23,-8.23,-0.00,-0.00,-0.00,436,402,428,337,376
-0.11,-8.41,-8.41,-0.01,-0.01,-0.01,436,402,428,337,375
-0.04,-8.21,-8.21,0.06,0.06,0.06,436,402,428,338,375
END
0.27,-8.37,-8.37,0.04,0.04,0.04,433,401,430,337,371
3.34,-8.12,-8.12,0.03,0.03,0.03,439,405,430,337,372
3.04,-7.95,-7.95,-0.01,-0.01,-0.01,437,403,429,336,371
1.21,-9.41,-9.41,-0.50,-0.50,-0.50,439,403,429,337,372
5.36,-8.57,-8.57,0.15,0.15,0.15,435,401,427,337,378
2.66,-8.05,-8.05,-0.32,-0.32,-0.32,435,401,426,337,374
2.84,-8.20,-8.20,-0.04,-0.04,-0.04,435,402,425,337,373
2.43,-7.99,-7.99,0.04,0.04,0.04,436,402,425,337,372
2.05,-8.34,-8.34,0.06,0.06,0.06,435,402,425,338,372
2.07,-8.52,-8.52,0.05,0.05,0.05,435,402,425,338,372
1.79,-8.08,-8.08,-0.01,-0.01,-0.01,435,402,424,338,372
END
1.77,-8.20,-8.20,0.03,0.03,0.03,432,401,426,335,370
1.08,-9.96,-9.96,0.28,0.28,0.28,431,400,426,335,369
3.19,-7.99,-7.99,0.03,0.03,0.03,431,400,426,336,370
2.66,-8.46,-8.46,0.06,0.06,0.06,431,399,425,336,370
2.84,-8.41,-8.41,0.01,0.01,0.01,432,399,425,336,370
2.68,-8.34,-8.34,0.03,0.03,0.03,432,400,425,337,370
2.20,-8.39,-8.39,-0.00,-0.00,-0.00,432,400,425,337,369
1.74,-9.38,-9.38,-0.55,-0.55,-0.55,431,399,426,337,373
2.81,-7.80,-7.80,-0.45,-0.45,-0.45,432,400,432,339,384
3.05,-7.98,-7.98,-0.08,-0.08,-0.08,432,400,431,339,382
2.43,-7.92,-7.92,0.03,0.03,0.03,432,400,430,339,380
END
2.29,-8.00,-8.00,0.02,0.02,0.02,429,398,426,338,368
3.42,-8.00,-8.00,-0.00,-0.00,-0.00,429,398,426,339,368
3.07,-7.98,-7.98,-0.03,-0.03,-0.03,429,398,426,339,368
-0.90,-8.53,-8.53,0.12,0.12,0.12,429,399,427,341,371
0.73,-8.50,-8.50,-0.25,-0.25,-0.25,429,399,429,341,375
0.52,-9.22,-9.22,0.03,0.03,0.03,429,399,428,340,374
1.15,-9.15,-9.15,-0.02,-0.02,-0.02,430,399,429,340,374
1.82,-8.41,-8.41,-0.03,-0.03,-0.03,429,399,428,339,373
1.16,-8.61,-8.61,0.03,0.03,0.03,430,398,428,340,373
0.50,-8.78,-8.78,0.03,0.03,0.03,430,399,428,340,373
0.35,-8.67,-8.67,0.02,0.02,0.02,429,398,428,340,373
END
1.34,-8.41,-8.41,0.08,0.08,0.08,429,398,426,339,370
5.73,-6.91,-6.91,-0.22,-0.22,-0.22,428,398,426,339,370
2.71,-9.30,-9.30,-0.30,-0.30,-0.30,428,398,425,339,370
5.74,-8.24,-8.24,-0.31,-0.31,-0.31,432,399,425,338,370
4.93,-8.49,-8.49,-0.12,-0.12,-0.12,432,399,425,339,369
3.57,-8.13,-8.13,-0.03,-0.03,-0.03,431,399,425,339,369
3.16,-8.16,-8.16,0.00,0.00,0.00,431,399,425,339,369
2.49,-8.05,-8.05,-0.00,-0.00,-0.00,431,398,425,339,369
3.06,-8.47,-8.47,0.05,0.05,0.05,431,399,425,339,369
2.97,-8.33,-8.33,0.09,0.09,0.09,431,399,425,339,369
3.46,-8.08,-8.08,0.10,0.10,0.10,431,399,425,339,369
END
4.95,-7.43,-7.43,0.29,0.29,0.29,427,397,425,338,368
2.63,-8.00,-8.00,0.11,0.11,0.11,427,397,425,338,368
1.72,-9.02,-9.02,-0.08,-0.08,-0.08,427,397,425,339,369
2.59,-8.31,-8.31,-0.28,-0.28,-0.28,427,397,424,338,368
4.60,-8.01,-8.01,-0.13,-0.13,-0.13,428,397,424,338,368
2.09,-7.81,-7.81,-0.22,-0.22,-0.22,430,398,425,339,368
3.96,-7.29,-7.29,-0.04,-0.04,-0.04,429,398,424,339,368
3.31,-7.55,-7.55,0.03,0.03,0.03,429,398,424,338,368
3.24,-8.24,-8.24,0.07,0.07,0.07,429,398,424,339,368
3.51,-7.93,-7.93,0.04,0.04,0.04,429,397,424,339,368
3.30,-7.93,-7.93,0.03,0.03,0.03,429,398,424,339,368
END
3.55,-7.95,-7.95,0.04,0.04,0.04,427,397,424,338,368
3.70,-7.49,-7.49,-0.01,-0.01,-0.01,427,397,425,338,368
3.11,-7.67,-7.67,0.00,0.00,0.00,427,397,424,338,368
3.00,-8.86,-8.86,-0.29,-0.29,-0.29,426,397,424,339,368
2.33,-6.92,-6.92,-0.27,-0.27,-0.27,427,397,425,339,369
3.62,-7.47,-7.47,-0.43,-0.43,-0.43,426,396,425,339,371
5.23,-6.78,-6.78,-0.28,-0.28,-0.28,426,396,426,339,373
5.27,-6.93,-6.93,-0.04,-0.04,-0.04,426,396,426,339,372
4.65,-7.28,-7.28,0.05,0.05,0.05,426,396,426,339,372
3.57,-7.33,-7.33,0.03,0.03,0.03,426,396,426,339,372
3.80,-7.54,-7.54,0.03,0.03,0.03,426,396,426,339,372
END
4.15,-7.50,-7.50,0.03,0.03,0.03,425,396,425,340,369
4.57,-6.97,-6.97,0.06,0.06,0.06,425,397,425,340,369
4.24,-6.93,-6.93,0.07,0.07,0.07,425,396,426,340,369
4.52,-7.38,-7.38,-0.01,-0.01,-0.01,425,396,425,340,369
4.88,-6.29,-6.29,-0.15,-0.15,-0.15,425,396,425,340,368
-1.21,-7.39,-7.39,-0.56,-0.56,-0.56,425,396,425,340,368
4.23,-7.17,-7.17,-0.36,-0.36,-0.36,425,396,425,340,370
4.64,-7.30,-7.30,-0.16,-0.16,-0.16,425,396,425,340,370
4.03,-7.36,-7.36,-0.06,-0.06,-0.06,425,396,424,340,370
4.71,-7.86,-7.86,0.05,0.05,0.05,425,396,425,340,369
4.25,-7.47,-7.47,0.04,0.04,0.04,425,396,424,340,369
END
4.34,-7.51,-7.51,0.04,0.04,0.04,423,395,425,341,367
4.01,-7.09,-7.09,-0.02,-0.02,-0.02,423,395,425,341,367
1.69,-8.03,-8.03,-0.10,-0.10,-0.10,424,395,425,341,368
5.13,-8.04,-8.04,-0.32,-0.32,-0.32,423,395,424,341,367
2.03,-7.82,-7.82,-0.39,-0.39,-0.39,422,394,423,341,366
5.71,-6.92,-6.92,-0.19,-0.19,-0.19,422,394,424,341,366
3.70,-7.46,-7.46,-0.04,-0.04,-0.04,422,394,423,341,366
3.40,-7.59,-7.59,0.03,0.03,0.03,422,394,424,341,366
3.66,-7.70,-7.70,0.06,0.06,0.06,422,394,424,341,366
3.24,-7.67,-7.67,0.01,0.01,0.01,422,394,423,341,366
3.04,-7.53,-7.53,0.02,0.02,0.02,422,394,423,341,366
END
6.45,-6.19,-6.19,0.34,0.34,0.34,424,394,430,339,375
3.93,-7.03,-7.03,0.00,0.00,0.00,426,396,436,339,373
2.20,-7.95,-7.95,0.03,0.03,0.03,426,395,433,339,375
4.16,-8.02,-8.02,-0.23,-0.23,-0.23,426,395,433,340,378
4.45,-8.96,-8.96,-0.16,-0.16,-0.16,426,395,432,339,378
3.16,-7.87,-7.87,-0.22,-0.22,-0.22,427,396,432,339,378
3.41,-7.53,-7.53,-0.03,-0.03,-0.03,427,395,432,339,378
2.11,-7.95,-7.95,0.03,0.03,0.03,427,395,432,339,378
2.23,-7.90,-7.90,0.05,0.05,0.05,427,395,432,339,378
2.50,-8.01,-8.01,0.06,0.06,0.06,426,395,432,339,377
2.03,-8.10,-8.10,0.03,0.03,0.03,426,395,431,339,377
END
2.15,-8.27,-8.27,0.05,0.05,0.05,425,392,431,340,376
2.66,-7.57,-7.57,0.07,0.07,0.07,428,396,431,340,376
2.43,-7.69,-7.69,-0.01,-0.01,-0.01,427,394,431,340,376
1.61,-7.62,-7.62,-0.18,-0.18,-0.18,428,395,431,340,376
1.92,-8.53,-8.53,-0.24,-0.24,-0.24,432,398,432,340,378
1.82,-7.90,-7.90,-0.13,-0.13,-0.13,432,397,431,340,377
3.43,-8.54,-8.54,-0.02,-0.02,-0.02,430,397,430,340,376
2.70,-8.12,-8.12,-0.11,-0.11,-0.11,430,397,430,340,376
2.43,-8.15,-8.15,-0.08,-0.08,-0.08,430,396,430,340,375
1.86,-8.19,-8.19,0.01,0.01,0.01,430,397,430,340,375
1.69,-8.04,-8.04,0.08,0.08,0.08,429,396,430,341,375
END
1.95,-8.05,-8.05,0.03,0.03,0.03,427,395,431,339,373
2.00,-8.26,-8.26,0.01,0.01,0.01,427,395,431,341,373
1.72,-8.37,-8.37,0.03,0.03,0.03,427,395,430,341,373
0.09,-8.48,-8.48,-0.10,-0.10,-0.10,427,395,429,341,373
2.29,-8.31,-8.31,-0.27,-0.27,-0.27,427,395,430,341,374
1.24,-8.74,-8.74,0.17,0.17,0.17,427,395,429,341,373
1.64,-8.71,-8.71,-0.04,-0.04,-0.04,428,396,429,340,373
2.21,-9.06,-9.06,-0.03,-0.03,-0.03,427,395,428,340,372
1.69,-8.38,-8.38,-0.12,-0.12,-0.12,427,396,428,340,372
-0.03,-8.71,-8.71,0.03,0.03,0.03,427,395,428,340,372
0.55,-8.62,-8.62,-0.01,-0.01,-0.01,426,395,427,340,371
END
0.15,-8.48,-8.48,0.02,0.02,0.02,425,395,428,341,374
2.18,-7.98,-7.98,0.03,0.03,0.03,425,395,427,341,374
1.15,-8.42,-8.42,0.02,0.02,0.02,425,395,428,341,374
2.79,-8.02,-8.02,-0.14,-0.14,-0.14,426,395,426,341,373
2.66,-8.46,-8.46,-0.07,-0.07,-0.07,428,397,426,341,370
1.00,-9.02,-9.02,-0.14,-0.14,-0.14,428,397,425,340,370
2.25,-8.67,-8.67,-0.14,-0.14,-0.14,428,396,426,340,369
1.18,-8.65,-8.65,-0.02,-0.02,-0.02,428,396,425,340,369
0.43,-8.20,-8.20,-0.06,-0.06,-0.06,427,396,426,340,367
0.90,-8.55,-8.55,-0.02,-0.02,-0.02,426,396,427,340,366
0.82,-8.31,-8.31,0.04,0.04,0.04,426,395,426,341,366
END
0.63,-8.41,-8.41,0.01,0.01,0.01,423,394,424,340,364
2.71,-7.81,-7.81,-0.04,-0.04,-0.04,422,394,424,340,364
2.44,-8.14,-8.14,-0.16,-0.16,-0.16,422,393,424,340,364
2.63,-8.92,-8.92,-0.11,-0.11,-0.11,422,394,423,341,364
2.06,-8.54,-8.54,-0.15,-0.15,-0.15,423,395,423,341,363
2.20,-8.46,-8.46,-0.20,-0.20,-0.20,424,395,422,341,362
3.60,-8.59,-8.59,0.11,0.11,0.11,424,395,423,341,362
1.32,-8.24,-8.24,-0.04,-0.04,-0.04,424,394,422,340,361
1.91,-8.47,-8.47,0.01,0.01,0.01,424,394,422,341,361
1.30,-8.62,-8.62,0.02,0.02,0.02,424,394,422,340,361
1.96,-8.64,-8.64,0.04,0.04,0.04,423,394,423,341,361
END
1.39,-8.69,-8.69,0.09,0.09,0.09,419,391,422,341,365
1.73,-7.95,-7.95,0.00,0.00,0.00,419,392,423,342,365
1.43,-8.48,-8.48,0.10,0.10,0.10,419,392,422,341,364
1.13,-8.15,-8.15,-0.22,-0.22,-0.22,420,392,422,341,364
2.59,-8.65,-8.65,-0.10,-0.10,-0.10,420,392,421,341,364
1.52,-8.01,-8.01,-0.20,-0.20,-0.20,420,392,421,341,364
2.19,-8.00,-8.00,-0.10,-0.10,-0.10,420,393,422,341,364
1.67,-7.93,-7.93,-0.09,-0.09,-0.09,420,392,422,341,364
1.98,-7.46,-7.46,0.00,0.00,0.00,419,392,422,341,363
2.10,-7.45,-7.45,0.00,0.00,0.00,419,392,422,341,363
2.47,-7.40,-7.40,0.06,0.06,0.06,420,392,422,341,363
END
3.82,-7.37,-7.37,0.12,0.12,0.12,419,391,419,340,364
1.99,-8.08,-8.08,0.01,0.01,0.01,419,391,419,341,363
1.62,-8.56,-8.56,-0.07,-0.07,-0.07,419,391,419,340,364
1.47,-8.83,-8.83,-0.21,-0.21,-0.21,420,392,420,341,364
0.12,-8.43,-8.43,-0.12,-0.12,-0.12,421,392,419,340,363
0.28,-8.56,-8.56,-0.07,-0.07,-0.07,422,393,420,340,364
1.09,-8.37,-8.37,-0.10,-0.10,-0.10,421,392,420,339,363
-2.26,-7.82,-7.82,-0.01,-0.01,-0.01,421,392,419,340,362
-0.60,-7.92,-7.92,-0.01,-0.01,-0.01,421,392,420,340,362
-0.27,-7.57,-7.57,0.05,0.05,0.05,421,392,419,340,362
-0.45,-7.93,-7.93,0.03,0.03,0.03,421,392,420,339,362
END