4.67,-8.04,-8.04,-0.13,-0.13,-0.13,463,417,448,341,385
5.04,-7.54,-7.54,-0.21,-0.21,-0.21,462,417,449,340,387
3.40,-6.93,-6.93,0.04,0.04,0.04,464,417,452,340,387
4.02,-8.13,-8.13,0.22,0.22,0.22,461,416,454,337,384
4.64,-9.35,-9.35,0.07,0.07,0.07,461,416,453,335,384
2.07,-5.94,-5.94,0.43,0.43,0.43,460,416,452,335,383
2.82,-7.82,-7.82,0.16,0.16,0.16,459,416,450,335,380
4.14,-9.17,-9.17,-0.04,-0.04,-0.04,459,416,449,335,379
4.10,-8.69,-8.69,0.04,0.04,0.04,459,415,449,335,379
2.67,-8.33,-8.33,0.08,0.08,0.08,459,415,448,335,378
3.78,-8.81,-8.81,0.03,0.03,0.03,458,416,448,335,378
END
3.94,-8.84,-8.84,0.04,0.04,0.04,452,413,445,337,378
4.54,-8.33,-8.33,0.10,0.10,0.10,453,414,448,336,377
4.35,-9.19,-9.19,-0.06,-0.06,-0.06,453,414,449,335,378
3.85,-8.68,-8.68,0.18,0.18,0.18,453,414,450,335,378
5.68,-7.97,-7.97,0.64,0.64,0.64,453,413,450,334,377
3.92,-8.31,-8.31,0.11,0.11,0.11,454,414,449,334,373
4.69,-9.05,-9.05,-0.06,-0.06,-0.06,455,413,447,334,372
5.46,-7.85,-7.85,0.02,0.02,0.02,463,416,447,334,371
0.42,-8.21,-8.21,-0.11,-0.11,-0.11,457,414,444,333,370
4.07,-8.37,-8.37,0.01,0.01,0.01,456,414,443,333,370
4.82,-8.13,-8.13,0.07,0.07,0.07,456,414,443,334,371
END
4.82,-7.94,-7.94,0.04,0.04,0.04,450,412,443,336,371
4.32,-8.08,-8.08,-0.02,-0.02,-0.02,449,412,443,336,371
3.91,-8.20,-8.20,0.05,0.05,0.05,449,413,442,336,370
4.11,-8.54,-8.54,-0.01,-0.01,-0.01,448,412,442,336,372
4.15,-8.41,-8.41,0.08,0.08,0.08,447,411,443,335,369
4.19,-8.42,-8.42,0.04,0.04,0.04,446,411,441,335,368
3.60,-8.23,-8.23,0.52,0.52,0.52,446,411,438,335,363
4.34,-8.05,-8.05,-0.04,-0.04,-0.04,447,412,439,334,361
4.97,-8.28,-8.28,-0.00,-0.00,-0.00,447,412,438,334,360
3.82,-8.03,-8.03,0.06,0.06,0.06,447,411,437,334,360
4.55,-8.26,-8.26,0.06,0.06,0.06,446,411,436,333,360
END
3.91,-8.10,-8.10,0.03,0.03,0.03,447,413,441,335,370
3.78,-8.79,-8.79,-0.03,-0.03,-0.03,447,412,441,335,369
4.21,-8.12,-8.12,-0.06,-0.06,-0.06,446,411,440,335,369
5.68,-7.71,-7.71,0.09,0.09,0.09,445,411,439,335,368
4.08,-8.20,-8.20,0.30,0.30,0.30,445,410,440,335,367
5.03,-8.18,-8.18,-0.14,-0.14,-0.14,444,409,442,334,362
3.14,-7.97,-7.97,-0.08,-0.08,-0.08,441,407,437,334,365
5.64,-8.28,-8.28,-0.03,-0.03,-0.03,442,407,437,333,364
4.50,-7.82,-7.82,-0.11,-0.11,-0.11,442,408,437,334,362
6.36,-7.68,-7.68,0.14,0.14,0.14,442,408,436,333,361
3.89,-8.41,-8.41,0.11,0.11,0.11,442,408,435,333,361
END
4.16,-8.81,-8.81,0.05,0.05,0.05,444,410,443,333,369
4.85,-8.29,-8.29,-0.09,-0.09,-0.09,444,410,443,334,369
4.25,-8.18,-8.18,0.00,0.00,0.00,444,410,442,334,368
4.59,-8.04,-8.04,0.07,0.07,0.07,443,409,441,333,366
5.89,-7.60,-7.60,0.09,0.09,0.09,443,409,439,333,366
4.96,-7.96,-7.96,-0.14,-0.14,-0.14,443,408,438,333,366
6.24,-7.49,-7.49,0.14,0.14,0.14,444,408,437,333,369
5.45,-8.03,-8.03,-0.05,-0.05,-0.05,445,409,437,333,369
4.48,-8.91,-8.91,0.20,0.20,0.20,448,410,436,333,367
3.85,-7.79,-7.79,0.14,0.14,0.14,449,410,437,333,367
5.31,-8.39,-8.39,0.12,0.12,0.12,448,410,437,333,367
END
4.56,-8.08,-8.08,0.03,0.03,0.03,438,407,434,334,361
4.43,-8.30,-8.30,0.08,0.08,0.08,438,406,433,334,361
3.76,-8.77,-8.77,-0.03,-0.03,-0.03,438,407,433,334,361
3.97,-8.11,-8.11,0.19,0.19,0.19,438,406,433,334,360
4.57,-8.13,-8.13,0.01,0.01,0.01,438,406,433,334,360
4.26,-8.31,-8.31,0.04,0.04,0.04,438,406,433,334,359
2.66,-8.61,-8.61,0.07,0.07,0.07,437,405,429,334,356
5.97,-9.17,-9.17,0.02,0.02,0.02,435,404,427,334,355
3.56,-7.90,-7.90,0.15,0.15,0.15,435,404,426,333,355
3.60,-8.29,-8.29,0.12,0.12,0.12,436,404,425,334,355
4.87,-7.77,-7.77,0.05,0.05,0.05,437,404,426,334,357
END
4.34,-8.49,-8.49,0.05,0.05,0.05,436,406,437,337,364
4.19,-8.61,-8.61,-0.03,-0.03,-0.03,436,406,437,337,363
4.01,-8.83,-8.83,-0.01,-0.01,-0.01,436,406,437,336,363
4.21,-8.03,-8.03,0.13,0.13,0.13,436,406,437,336,363
4.17,-8.46,-8.46,0.19,0.19,0.19,436,405,437,335,361
4.55,-7.99,-7.99,0.09,0.09,0.09,436,405,436,334,359
4.81,-7.88,-7.88,-0.11,-0.11,-0.11,434,405,435,334,357
4.46,-8.95,-8.95,0.16,0.16,0.16,434,404,435,334,357
3.41,-8.44,-8.44,-0.05,-0.05,-0.05,434,403,432,333,356
4.04,-8.53,-8.53,-0.06,-0.06,-0.06,434,403,432,333,356
5.02,-8.14,-8.14,0.11,0.11,0.11,436,403,432,334,356
END
4.14,-8.06,-8.06,0.01,0.01,0.01,432,402,420,334,355
4.29,-8.45,-8.45,-0.06,-0.06,-0.06,433,402,420,334,355
4.35,-8.57,-8.57,0.12,0.12,0.12,432,402,420,335,355
3.90,-8.41,-8.41,0.01,0.01,0.01,433,402,420,335,354
4.29,-8.47,-8.47,-0.01,-0.01,-0.01,432,401,419,335,352
4.36,-8.79,-8.79,-0.16,-0.16,-0.16,432,401,419,335,353
1.79,-8.33,-8.33,0.10,0.10,0.10,432,400,419,335,353
4.25,-8.76,-8.76,-0.03,-0.03,-0.03,432,400,419,335,354
5.73,-8.64,-8.64,0.14,0.14,0.14,433,402,425,334,354
4.71,-7.44,-7.44,0.02,0.02,0.02,438,404,427,334,355
4.24,-7.81,-7.81,0.07,0.07,0.07,437,404,425,335,356
END
5.29,-8.22,-8.22,0.02,0.02,0.02,430,402,421,334,354
4.29,-8.51,-8.51,0.14,0.14,0.14,430,402,423,333,355
2.89,-9.01,-9.01,-0.04,-0.04,-0.04,430,402,423,333,355
4.25,-8.46,-8.46,0.15,0.15,0.15,430,402,423,334,354
4.99,-8.41,-8.41,0.11,0.11,0.11,430,401,422,333,354
3.51,-7.93,-7.93,-0.15,-0.15,-0.15,430,401,422,333,353
5.11,-8.66,-8.66,-0.09,-0.09,-0.09,430,400,422,333,351
5.20,-8.30,-8.30,-0.02,-0.02,-0.02,431,400,421,333,352
3.48,-8.27,-8.27,-0.03,-0.03,-0.03,433,401,420,333,352
3.96,-7.42,-7.42,0.07,0.07,0.07,433,401,420,333,352
5.60,-7.82,-7.82,0.31,0.31,0.31,437,403,420,333,352
END
4.97,-7.21,-7.21,-0.06,-0.06,-0.06,431,401,423,338,356
3.30,-9.01,-9.01,-0.04,-0.04,-0.04,430,401,423,338,356
2.48,-9.27,-9.27,-0.10,-0.10,-0.10,430,401,423,337,357
3.24,-8.54,-8.54,0.08,0.08,0.08,430,401,423,337,356
4.20,-9.53,-9.53,0.28,0.28,0.28,430,401,424,335,356
3.12,-9.12,-9.12,0.09,0.09,0.09,430,400,423,334,355
3.36,-8.71,-8.71,0.11,0.11,0.11,430,400,423,334,355
2.84,-8.41,-8.41,0.05,0.05,0.05,429,400,423,334,353
4.62,-8.12,-8.12,-0.09,-0.09,-0.09,430,400,422,334,353
3.06,-8.90,-8.90,0.07,0.07,0.07,430,400,422,334,353
1.92,-8.48,-8.48,0.05,0.05,0.05,430,399,420,334,353
END
3.87,-8.29,-8.29,-0.04,-0.04,-0.04,430,403,432,335,364
3.46,-8.68,-8.68,-0.05,-0.05,-0.05,430,403,431,335,363
3.99,-8.58,-8.58,0.02,0.02,0.02,431,403,431,335,364
4.67,-8.29,-8.29,-0.01,-0.01,-0.01,431,403,431,334,362
3.93,-8.20,-8.20,0.05,0.05,0.05,431,403,429,334,361
3.94,-8.61,-8.61,-0.11,-0.11,-0.11,432,402,429,334,360
3.79,-8.49,-8.49,-0.01,-0.01,-0.01,431,402,427,334,357
3.04,-9.20,-9.20,-0.04,-0.04,-0.04,430,401,426,334,357
2.61,-8.48,-8.48,-0.04,-0.04,-0.04,430,400,426,335,358
2.55,-8.99,-8.99,0.26,0.26,0.26,430,401,424,335,357
3.20,-8.53,-8.53,0.03,0.03,0.03,430,401,424,334,356
END
3.32,-9.12,-9.12,0.06,0.06,0.06,441,407,445,334,380
4.08,-8.15,-8.15,0.06,0.06,0.06,440,407,444,334,379
4.08,-8.23,-8.23,0.05,0.05,0.05,440,407,444,334,379
3.44,-8.44,-8.44,-0.03,-0.03,-0.03,439,406,443,334,377
4.57,-8.26,-8.26,-0.02,-0.02,-0.02,441,407,445,334,376
5.34,-8.57,-8.57,0.16,0.16,0.16,445,406,444,333,376
5.23,-7.63,-7.63,0.27,0.27,0.27,445,407,444,333,375
3.85,-8.41,-8.41,-0.06,-0.06,-0.06,446,407,444,334,374
6.18,-9.05,-9.05,0.04,0.04,0.04,446,407,444,334,372
4.13,-8.67,-8.67,-0.06,-0.06,-0.06,446,406,444,334,370
4.41,-7.54,-7.54,0.03,0.03,0.03,443,405,439,334,367
END
4.11,-7.82,-7.82,0.24,0.24,0.24,437,405,435,336,367
3.19,-8.79,-8.79,-0.10,-0.10,-0.10,436,405,435,336,366
2.57,-8.49,-8.49,-0.05,-0.05,-0.05,437,405,435,336,366
4.46,-8.59,-8.59,-0.15,-0.15,-0.15,437,405,440,336,369
4.11,-8.87,-8.87,0.02,0.02,0.02,438,405,442,335,371
3.96,-9.22,-9.22,-0.01,-0.01,-0.01,441,406,450,335,368
3.94,-8.83,-8.83,0.43,0.43,0.43,438,400,446,334,368
3.37,-8.53,-8.53,-0.12,-0.12,-0.12,435,392,441,334,369
2.91,-8.85,-8.85,0.06,0.06,0.06,437,395,444,334,367
3.56,-8.61,-8.61,0.04,0.04,0.04,435,394,439,334,367
4.19,-8.46,-8.46,0.04,0.04,0.04,434,396,438,334,367
END
4.34,-8.44,-8.44,0.04,0.04,0.04,446,407,445,335,377
3.63,-8.55,-8.55,-0.03,-0.03,-0.03,445,407,445,335,376
2.81,-8.66,-8.66,0.01,0.01,0.01,445,407,445,334,375
3.69,-9.44,-9.44,0.13,0.13,0.13,445,407,444,334,375
2.71,-9.04,-9.04,0.36,0.36,0.36,444,409,442,333,371
2.48,-9.05,-9.05,0.17,0.17,0.17,443,407,443,333,368
1.66,-8.57,-8.57,0.09,0.09,0.09,441,405,441,334,367
3.65,-8.82,-8.82,-0.09,-0.09,-0.09,441,405,440,334,367
2.83,-9.10,-9.10,0.10,0.10,0.10,441,405,438,334,368
2.98,-9.02,-9.02,0.08,0.08,0.08,441,405,439,334,367
2.76,-8.80,-8.80,0.03,0.03,0.03,440,404,438,334,367
END
3.45,-8.69,-8.69,0.00,0.00,0.00,440,408,440,335,373
3.60,-8.43,-8.43,0.01,0.01,0.01,440,408,439,335,373
2.73,-8.97,-8.97,-0.01,-0.01,-0.01,440,407,439,335,373
3.75,-8.64,-8.64,-0.11,-0.11,-0.11,440,407,439,334,372
5.56,-9.02,-9.02,0.35,0.35,0.35,441,407,438,334,370
4.52,-7.77,-7.77,0.04,0.04,0.04,439,405,438,334,369
4.01,-7.26,-7.26,0.17,0.17,0.17,440,406,438,334,366
4.09,-7.95,-7.95,0.12,0.12,0.12,440,405,438,333,366
4.41,-9.50,-9.50,0.14,0.14,0.14,439,405,436,333,365
4.25,-8.60,-8.60,0.03,0.03,0.03,439,405,436,333,365
4.28,-8.49,-8.49,0.02,0.02,0.02,439,406,435,334,365
END
4.25,-8.30,-8.30,0.07,0.07,0.07,430,401,430,336,363
4.30,-8.87,-8.87,0.04,0.04,0.04,430,401,430,336,361
3.32,-8.08,-8.08,0.07,0.07,0.07,430,401,430,336,360
5.29,-8.09,-8.09,0.10,0.10,0.10,429,399,428,335,358
4.21,-8.29,-8.29,-0.16,-0.16,-0.16,428,398,424,335,353
4.60,-8.75,-8.75,-0.02,-0.02,-0.02,428,398,423,335,352
4.80,-7.65,-7.65,-0.01,-0.01,-0.01,432,400,426,335,354
3.72,-8.43,-8.43,0.03,0.03,0.03,429,399,422,335,352
3.73,-8.73,-8.73,0.02,0.02,0.02,429,399,421,335,352
4.92,-8.71,-8.71,0.09,0.09,0.09,428,398,421,335,352
3.32,-8.69,-8.69,0.06,0.06,0.06,428,398,421,335,352
END
4.13,-8.63,-8.63,0.04,0.04,0.04,431,404,433,336,365
3.79,-8.53,-8.53,-0.01,-0.01,-0.01,431,403,431,336,364
2.94,-8.08,-8.08,-0.03,-0.03,-0.03,431,402,430,336,363
3.59,-9.15,-9.15,-0.09,-0.09,-0.09,430,402,430,336,362
6.47,-7.90,-7.90,0.07,0.07,0.07,428,399,425,335,357
4.40,-8.08,-8.08,0.11,0.11,0.11,428,398,425,335,358
4.77,-7.96,-7.96,0.10,0.10,0.10,428,399,425,335,356
5.86,-8.55,-8.55,0.40,0.40,0.40,429,400,425,334,355
3.49,-8.15,-8.15,0.09,0.09,0.09,430,400,425,335,355
4.72,-8.63,-8.63,0.05,0.05,0.05,429,400,424,335,355
4.16,-8.13,-8.13,0.00,0.00,0.00,428,399,424,334,354
END
4.29,-8.10,-8.10,0.05,0.05,0.05,439,408,437,334,375
3.19,-8.69,-8.69,0.03,0.03,0.03,438,407,438,334,373
3.19,-8.36,-8.36,0.07,0.07,0.07,437,406,437,334,370
3.66,-8.76,-8.76,-0.54,-0.54,-0.54,428,398,430,334,366
6.11,-8.47,-8.47,0.04,0.04,0.04,428,399,429,334,364
3.94,-8.01,-8.01,0.20,0.20,0.20,432,401,428,334,362
4.55,-7.87,-7.87,0.15,0.15,0.15,433,402,428,334,361
4.96,-8.27,-8.27,0.01,0.01,0.01,432,402,428,334,360
4.16,-8.59,-8.59,0.07,0.07,0.07,432,402,427,334,360
4.09,-8.59,-8.59,0.04,0.04,0.04,432,402,427,334,360
3.75,-8.41,-8.41,0.02,0.02,0.02,432,402,427,334,360
END
4.08,-8.38,-8.38,0.08,0.08,0.08,434,405,436,334,367
3.83,-8.15,-8.15,-0.07,-0.07,-0.07,434,405,435,334,366
2.89,-8.76,-8.76,0.02,0.02,0.02,434,405,435,334,366
3.96,-8.33,-8.33,-0.16,-0.16,-0.16,432,404,434,334,363
4.86,-8.23,-8.23,0.20,0.20,0.20,432,405,434,334,362
3.50,-8.69,-8.69,0.49,0.49,0.49,434,404,438,334,359
3.12,-8.47,-8.47,-0.15,-0.15,-0.15,435,404,437,333,358
3.19,-8.78,-8.78,-0.18,-0.18,-0.18,440,405,435,333,360
4.01,-7.79,-7.79,0.07,0.07,0.07,439,404,434,333,359
4.46,-8.88,-8.88,0.07,0.07,0.07,438,404,434,333,359
4.31,-8.33,-8.33,0.03,0.03,0.03,438,404,432,333,359
END
5.46,-7.37,-7.37,0.04,0.04,0.04,465,429,444,338,377
5.19,-7.53,-7.53,0.05,0.05,0.05,464,429,444,338,377
4.03,-8.46,-8.46,-0.03,-0.03,-0.03,464,429,444,337,377
4.63,-8.71,-8.71,0.16,0.16,0.16,463,429,444,337,375
4.57,-7.87,-7.87,0.08,0.08,0.08,462,428,445,335,373
3.98,-8.36,-8.36,-0.06,-0.06,-0.06,461,428,445,335,371
2.69,-8.76,-8.76,0.08,0.08,0.08,462,427,444,333,365
3.71,-8.90,-8.90,-0.12,-0.12,-0.12,462,427,443,333,366
2.92,-8.34,-8.34,0.07,0.07,0.07,462,427,443,333,366
3.22,-9.50,-9.50,0.13,0.13,0.13,461,427,441,333,367
3.22,-8.91,-8.91,0.05,0.05,0.05,461,426,441,334,370
END
3.35,-8.82,-8.82,-0.06,-0.06,-0.06,459,427,444,337,379
3.86,-8.34,-8.34,0.04,0.04,0.04,458,427,444,336,377
2.53,-8.88,-8.88,0.17,0.17,0.17,458,427,443,336,374
2.60,-9.02,-9.02,0.23,0.23,0.23,457,426,442,335,371
4.12,-6.30,-6.30,0.33,0.33,0.33,454,423,442,335,361
4.39,-7.76,-7.76,-0.02,-0.02,-0.02,452,421,440,334,357
3.88,-8.35,-8.35,0.11,0.11,0.11,452,421,439,334,356
2.62,-8.32,-8.32,-0.00,-0.00,-0.00,452,420,439,334,356
3.37,-8.61,-8.61,0.04,0.04,0.04,451,421,438,334,356
3.21,-8.86,-8.86,0.03,0.03,0.03,452,420,438,334,359
3.14,-8.55,-8.55,-0.03,-0.03,-0.03,454,421,437,334,361
END
2.74,-8.54,-8.54,0.00,0.00,0.00,452,425,446,334,375
4.64,-8.15,-8.15,-0.07,-0.07,-0.07,452,424,445,334,375
3.84,-8.64,-8.64,-0.01,-0.01,-0.01,452,424,445,334,375
3.38,-8.69,-8.69,0.11,0.11,0.11,452,423,445,334,374
4.62,-8.60,-8.60,0.38,0.38,0.38,451,423,444,333,371
5.04,-7.47,-7.47,0.13,0.13,0.13,450,422,444,333,366
3.96,-7.08,-7.08,-0.08,-0.08,-0.08,450,422,443,334,364
4.62,-8.45,-8.45,0.06,0.06,0.06,451,422,443,333,366
4.40,-8.19,-8.19,0.05,0.05,0.05,450,422,442,334,365
4.31,-8.25,-8.25,0.13,0.13,0.13,450,422,441,334,365
3.68,-8.41,-8.41,-0.01,-0.01,-0.01,450,421,440,334,364
END
3.24,-8.27,-8.27,0.01,0.01,0.01,451,426,444,334,373
3.93,-8.56,-8.56,-0.05,-0.05,-0.05,451,426,443,334,372
3.08,-9.41,-9.41,-0.08,-0.08,-0.08,451,425,443,333,373
4.92,-8.67,-8.67,0.29,0.29,0.29,451,425,444,334,374
4.25,-8.43,-8.43,0.23,0.23,0.23,451,425,444,334,373
1.42,-8.56,-8.56,-0.03,-0.03,-0.03,453,424,442,333,371
2.99,-9.39,-9.39,0.05,0.05,0.05,452,424,442,333,366
3.01,-8.35,-8.35,0.06,0.06,0.06,450,422,445,333,371
3.15,-8.52,-8.52,0.04,0.04,0.04,451,422,444,333,370
3.11,-8.59,-8.59,0.09,0.09,0.09,450,422,443,333,369
3.12,-8.41,-8.41,0.01,0.01,0.01,450,422,443,333,369
END
2.95,-8.49,-8.49,0.03,0.03,0.03,449,424,441,333,372
3.59,-8.52,-8.52,0.02,0.02,0.02,449,424,440,333,373
3.88,-9.22,-9.22,0.04,0.04,0.04,449,424,440,333,372
3.03,-8.33,-8.33,0.02,0.02,0.02,449,424,438,333,368
3.52,-8.30,-8.30,-0.12,-0.12,-0.12,448,424,437,333,366
4.79,-6.95,-6.95,0.39,0.39,0.39,448,423,437,333,363
2.94,-7.90,-7.90,-0.12,-0.12,-0.12,450,425,435,333,360
4.29,-8.14,-8.14,0.09,0.09,0.09,449,423,434,333,364
3.60,-8.08,-8.08,0.09,0.09,0.09,449,423,433,333,365
4.33,-8.05,-8.05,0.04,0.04,0.04,449,423,433,333,365
3.49,-8.06,-8.06,0.07,0.07,0.07,448,423,433,333,365
END
3.57,-8.01,-8.01,-0.12,-0.12,-0.12,446,420,443,336,379
4.11,-7.90,-7.90,0.00,0.00,0.00,446,420,443,335,377
3.67,-8.87,-8.87,0.14,0.14,0.14,445,420,443,335,377
5.10,-8.55,-8.55,0.10,0.10,0.10,446,420,450,335,381
4.64,-8.10,-8.10,0.30,0.30,0.30,445,419,447,334,379
2.66,-8.49,-8.49,-0.00,-0.00,-0.00,447,419,444,334,376
2.30,-8.56,-8.56,0.28,0.28,0.28,452,420,455,335,377
4.21,-7.82,-7.82,-0.03,-0.03,-0.03,451,418,460,335,376
3.98,-8.30,-8.30,0.06,0.06,0.06,451,419,455,334,376
4.80,-8.11,-8.11,0.09,0.09,0.09,452,420,453,335,377
4.01,-8.52,-8.52,0.07,0.07,0.07,451,420,450,335,376
END
4.19,-8.45,-8.45,0.02,0.02,0.02,445,420,446,338,376
3.29,-8.64,-8.64,0.11,0.11,0.11,445,420,446,337,375
2.74,-9.41,-9.41,0.02,0.02,0.02,444,420,444,337,374
4.11,-8.43,-8.43,0.19,0.19,0.19,444,419,441,336,371
2.88,-8.31,-8.31,0.13,0.13,0.13,446,419,442,334,373
3.98,-9.24,-9.24,0.17,0.17,0.17,461,427,447,334,378
3.58,-9.06,-9.06,0.01,0.01,0.01,461,426,445,332,377
4.37,-7.62,-7.62,0.16,0.16,0.16,459,425,443,333,376
4.34,-8.22,-8.22,0.18,0.18,0.18,456,425,442,333,377
4.13,-8.71,-8.71,0.08,0.08,0.08,455,424,442,333,376
4.03,-8.71,-8.71,0.05,0.05,0.05,455,424,442,333,376
END
3.86,-8.10,-8.10,0.04,0.04,0.04,447,423,439,334,378
4.05,-8.56,-8.56,0.08,0.08,0.08,447,423,438,334,376
3.54,-8.82,-8.82,0.00,0.00,0.00,447,423,438,334,376
3.44,-8.73,-8.73,0.09,0.09,0.09,446,423,438,333,375
4.41,-8.15,-8.15,0.13,0.13,0.13,446,422,438,333,375
3.83,-8.61,-8.61,0.02,0.02,0.02,446,423,438,333,374
2.68,-8.51,-8.51,-0.12,-0.12,-0.12,444,423,435,332,368
3.08,-8.52,-8.52,0.02,0.02,0.02,446,423,433,332,369
4.47,-8.04,-8.04,0.01,0.01,0.01,446,423,433,332,370
4.13,-8.46,-8.46,0.06,0.06,0.06,444,423,429,332,369
3.62,-8.45,-8.45,0.01,0.01,0.01,444,423,429,332,369
END
3.40,-8.36,-8.36,0.04,0.04,0.04,443,421,435,333,379
4.65,-7.98,-7.98,0.14,0.14,0.14,443,421,436,333,378
4.22,-8.60,-8.60,0.03,0.03,0.03,443,421,436,333,378
3.09,-8.71,-8.71,-0.04,-0.04,-0.04,443,421,437,333,378
4.13,-8.06,-8.06,-0.10,-0.10,-0.10,442,421,437,333,376
4.70,-7.92,-7.92,0.12,0.12,0.12,442,420,437,332,375
3.55,-8.10,-8.10,0.14,0.14,0.14,442,420,437,332,373
3.84,-8.42,-8.42,0.19,0.19,0.19,444,422,434,333,370
6.01,-8.62,-8.62,-0.07,-0.07,-0.07,443,420,433,332,375
3.54,-8.60,-8.60,0.07,0.07,0.07,448,421,434,333,376
4.03,-8.37,-8.37,0.06,0.06,0.06,449,421,435,333,377
END
4.10,-8.11,-8.11,0.06,0.06,0.06,445,424,440,332,381
4.15,-8.43,-8.43,0.05,0.05,0.05,446,424,440,332,381
3.22,-8.66,-8.66,-0.03,-0.03,-0.03,446,423,439,332,380
2.73,-9.02,-9.02,-0.14,-0.14,-0.14,445,423,440,332,381
4.18,-8.30,-8.30,0.15,0.15,0.15,445,422,441,333,383
4.36,-8.79,-8.79,0.17,0.17,0.17,445,422,440,332,382
3.07,-8.28,-8.28,-0.03,-0.03,-0.03,445,421,439,333,381
2.58,-8.82,-8.82,0.10,0.10,0.10,446,421,436,332,386
2.65,-8.64,-8.64,0.08,0.08,0.08,445,420,435,332,384
3.63,-8.35,-8.35,0.13,0.13,0.13,445,419,435,332,382
2.71,-8.71,-8.71,0.10,0.10,0.10,446,421,435,332,386
END
3.41,-8.54,-8.54,0.01,0.01,0.01,442,421,440,334,388
4.16,-8.69,-8.69,-0.01,-0.01,-0.01,442,422,440,334,387
3.31,-9.35,-9.35,-0.07,-0.07,-0.07,443,422,439,334,385
3.56,-8.95,-8.95,-0.08,-0.08,-0.08,444,421,441,333,384
4.02,-8.46,-8.46,0.07,0.07,0.07,444,421,440,333,384
4.19,-8.28,-8.28,0.19,0.19,0.19,446,422,440,333,384
3.19,-7.62,-7.62,-0.06,-0.06,-0.06,448,423,441,333,379
5.73,-8.36,-8.36,-0.11,-0.11,-0.11,446,420,427,332,381
3.96,-8.05,-8.05,0.12,0.12,0.12,447,422,428,332,380
3.73,-8.01,-8.01,0.05,0.05,0.05,446,421,427,330,379
5.43,-8.07,-8.07,0.04,0.04,0.04,446,421,428,332,379
END
4.28,-8.20,-8.20,0.04,0.04,0.04,445,423,438,333,383
3.81,-7.67,-7.67,0.05,0.05,0.05,445,422,437,333,381
3.26,-9.16,-9.16,0.01,0.01,0.01,445,422,437,334,380
3.96,-8.07,-8.07,-0.17,-0.17,-0.17,446,422,437,334,380
3.01,-8.38,-8.38,0.25,0.25,0.25,446,423,437,333,377
4.24,-8.92,-8.92,0.00,0.00,0.00,445,422,436,332,374
1.49,-9.59,-9.59,0.05,0.05,0.05,446,421,435,333,373
1.82,-9.04,-9.04,0.06,0.06,0.06,445,420,435,333,374
1.14,-8.42,-8.42,-0.06,-0.06,-0.06,445,420,434,334,374
2.00,-9.44,-9.44,0.21,0.21,0.21,445,420,435,334,374
3.16,-9.04,-9.04,0.03,0.03,0.03,444,420,434,334,375
END
2.81,-8.71,-8.71,-0.00,-0.00,-0.00,442,421,443,335,376
4.35,-8.03,-8.03,0.01,0.01,0.01,442,421,442,335,376
3.04,-9.10,-9.10,0.01,0.01,0.01,442,421,440,334,374
5.43,-8.84,-8.84,-0.39,-0.39,-0.39,442,420,440,335,372
2.89,-7.67,-7.67,0.06,0.06,0.06,442,420,438,334,372
5.38,-7.99,-7.99,0.12,0.12,0.12,441,419,435,334,369
4.61,-8.19,-8.19,-0.06,-0.06,-0.06,442,419,435,334,368
4.92,-8.26,-8.26,-0.04,-0.04,-0.04,440,418,440,333,371
4.54,-8.54,-8.54,0.21,0.21,0.21,441,418,437,333,372
4.79,-7.91,-7.91,0.05,0.05,0.05,441,418,436,333,372
4.92,-7.51,-7.51,0.02,0.02,0.02,441,418,435,333,372
END
5.42,-7.94,-7.94,0.05,0.05,0.05,441,421,431,334,373
3.88,-8.72,-8.72,-0.00,-0.00,-0.00,441,421,431,335,373
4.12,-8.96,-8.96,0.03,0.03,0.03,441,421,431,335,374
2.91,-9.21,-9.21,0.12,0.12,0.12,441,421,432,335,372
3.36,-8.07,-8.07,-0.02,-0.02,-0.02,440,420,432,335,372
4.90,-7.79,-7.79,0.13,0.13,0.13,440,420,433,334,369
4.31,-8.39,-8.39,0.12,0.12,0.12,439,418,431,334,365
3.43,-8.35,-8.35,0.11,0.11,0.11,438,417,430,334,363
4.23,-8.31,-8.31,-0.04,-0.04,-0.04,438,417,430,334,362
2.85,-8.65,-8.65,0.06,0.06,0.06,437,416,428,334,361
2.56,-8.69,-8.69,0.04,0.04,0.04,437,416,429,334,361
END
3.40,-8.51,-8.51,0.06,0.06,0.06,442,421,436,336,382
4.25,-8.18,-8.18,-0.01,-0.01,-0.01,441,421,435,336,380
4.41,-8.54,-8.54,0.06,0.06,0.06,441,421,435,336,377
4.47,-8.28,-8.28,0.11,0.11,0.11,439,420,432,336,368
6.55,-7.68,-7.68,0.33,0.33,0.33,437,419,432,334,368
5.35,-7.24,-7.24,-0.03,-0.03,-0.03,436,418,432,333,365
5.73,-7.37,-7.37,0.15,0.15,0.15,436,418,431,333,364
5.41,-6.43,-6.43,0.01,0.01,0.01,437,417,430,333,362
5.67,-6.85,-6.85,-0.01,-0.01,-0.01,435,414,431,333,371
3.63,-7.42,-7.42,0.00,0.00,0.00,434,412,430,333,371
4.13,-7.72,-7.72,0.02,0.02,0.02,433,411,427,334,370
END
4.77,-7.70,-7.70,0.06,0.06,0.06,435,418,432,334,373
4.19,-8.46,-8.46,-0.05,-0.05,-0.05,435,417,432,334,372
2.31,-9.11,-9.11,-0.14,-0.14,-0.14,434,417,431,334,371
3.07,-8.57,-8.57,-0.14,-0.14,-0.14,435,417,431,334,371
3.92,-8.25,-8.25,-0.08,-0.08,-0.08,436,417,430,334,374
7.11,-7.27,-7.27,0.13,0.13,0.13,434,415,431,334,372
4.77,-8.64,-8.64,0.11,0.11,0.11,435,416,431,333,370
4.57,-7.88,-7.88,0.03,0.03,0.03,435,415,431,334,370
2.77,-7.85,-7.85,-0.01,-0.01,-0.01,435,416,428,334,370
3.11,-8.36,-8.36,-0.02,-0.02,-0.02,435,416,428,334,369
5.27,-8.51,-8.51,0.01,0.01,0.01,437,417,427,334,368
END
3.77,-8.02,-8.02,0.06,0.06,0.06,438,420,433,333,379
2.61,-8.30,-8.30,0.02,0.02,0.02,437,419,433,333,379
1.82,-8.91,-8.91,0.08,0.08,0.08,437,419,433,333,377
6.77,-8.66,-8.66,0.15,0.15,0.15,437,419,435,332,375
5.03,-7.25,-7.25,0.11,0.11,0.11,436,418,433,332,371
6.52,-7.90,-7.90,0.19,0.19,0.19,435,417,431,332,368
4.80,-7.74,-7.74,0.11,0.11,0.11,435,417,430,332,366
4.40,-7.88,-7.88,0.03,0.03,0.03,436,417,430,333,366
4.44,-7.65,-7.65,0.02,0.02,0.02,435,417,429,333,366
4.29,-7.69,-7.69,0.00,0.00,0.00,435,416,429,333,366
4.33,-7.57,-7.57,0.08,0.08,0.08,435,416,429,333,366
END
5.84,-8.29,-8.29,0.04,0.04,0.04,432,416,425,334,363
4.05,-8.06,-8.06,0.05,0.05,0.05,432,415,425,334,363
4.31,-8.48,-8.48,-0.02,-0.02,-0.02,431,415,425,334,363
4.95,-8.26,-8.26,0.04,0.04,0.04,431,414,424,335,362
3.96,-8.30,-8.30,0.21,0.21,0.21,431,414,425,334,362
4.67,-8.04,-8.04,0.11,0.11,0.11,430,413,422,334,361
4.02,-8.61,-8.61,0.03,0.03,0.03,430,413,422,334,360
5.03,-8.23,-8.23,-0.03,-0.03,-0.03,430,413,423,335,359
4.52,-8.05,-8.05,0.01,0.01,0.01,430,413,423,335,359
3.37,-8.54,-8.54,0.07,0.07,0.07,430,413,422,335,359
3.80,-8.59,-8.59,0.04,0.04,0.04,429,412,422,335,359
END
3.70,-8.38,-8.38,0.01,0.01,0.01,431,415,426,336,368
3.52,-8.47,-8.47,-0.03,-0.03,-0.03,431,415,427,335,366
5.22,-7.53,-7.53,0.17,0.17,0.17,430,414,427,335,364
5.41,-6.83,-6.83,0.15,0.15,0.15,429,413,427,334,364
6.02,-7.60,-7.60,0.24,0.24,0.24,429,413,425,334,360
4.86,-7.82,-7.82,-0.01,-0.01,-0.01,428,412,425,333,359
3.93,-7.71,-7.71,0.14,0.14,0.14,428,412,425,334,359
4.26,-8.15,-8.15,-0.01,-0.01,-0.01,428,412,424,334,358
3.55,-7.69,-7.69,-0.01,-0.01,-0.01,428,412,424,334,358
3.60,-8.13,-8.13,0.01,0.01,0.01,428,412,424,334,358
4.69,-8.20,-8.20,0.08,0.08,0.08,428,412,424,334,358
END