-1.48,-6.35,-6.35,0.07,0.07,0.07,321,420,413,482,374
-0.73,-6.25,-6.25,0.00,0.00,0.00,321,420,413,481,374
-1.46,-6.39,-6.39,-0.01,-0.01,-0.01,321,420,412,481,374
-0.92,-6.17,-6.17,-0.05,-0.05,-0.05,321,420,412,481,374
3.35,-6.22,-6.22,0.04,0.04,0.04,321,420,413,481,375
7.43,-5.58,-5.58,-0.08,-0.08,-0.08,321,406,413,480,375
8.55,-5.25,-5.25,0.08,0.08,0.08,321,412,413,480,375
5.94,-5.71,-5.71,0.03,0.03,0.03,321,410,413,479,375
5.34,-5.95,-5.95,0.00,0.00,0.00,321,420,411,479,375
5.05,-6.07,-6.07,0.07,0.07,0.07,321,419,411,479,375
5.48,-5.79,-5.79,0.06,0.06,0.06,321,420,412,479,375
END
5.55,-6.02,-6.02,0.02,0.02,0.02,320,419,412,477,374
1.54,-6.60,-6.60,0.02,0.02,0.02,320,419,412,477,374
-0.19,-5.79,-5.79,0.23,0.23,0.23,320,419,411,477,373
-0.27,-8.85,-8.85,-0.13,-0.13,-0.13,320,419,411,477,374
8.57,-7.35,-7.35,-0.25,-0.25,-0.25,320,385,412,476,376
2.62,-6.03,-6.03,-0.05,-0.05,-0.05,320,420,411,477,375
2.32,-6.67,-6.67,0.11,0.11,0.11,320,419,411,476,375
3.34,-7.03,-7.03,0.04,0.04,0.04,320,384,411,476,375
3.29,-6.88,-6.88,0.08,0.08,0.08,320,405,411,476,374
3.12,-7.07,-7.07,0.04,0.04,0.04,320,388,410,476,374
2.86,-6.69,-6.69,0.05,0.05,0.05,320,419,410,476,374
END
3.96,-6.85,-6.85,0.04,0.04,0.04,321,418,408,474,370
1.73,-6.17,-6.17,-0.03,-0.03,-0.03,321,418,408,473,370
1.45,-6.46,-6.46,-0.16,-0.16,-0.16,321,418,408,474,370
2.43,-7.47,-7.47,-0.29,-0.29,-0.29,321,419,409,474,371
5.94,-5.46,-5.46,-0.09,-0.09,-0.09,320,419,410,474,373
5.61,-4.82,-4.82,0.04,0.04,0.04,320,419,410,474,374
4.21,-5.85,-5.85,0.10,0.10,0.10,320,419,409,474,373
4.59,-6.20,-6.20,0.07,0.07,0.07,321,419,409,474,373
4.90,-5.93,-5.93,0.05,0.05,0.05,320,419,409,474,373
4.57,-6.09,-6.09,0.03,0.03,0.03,320,419,409,473,373
4.47,-5.93,-5.93,0.05,0.05,0.05,320,419,409,473,373
END
4.62,-5.99,-5.99,0.07,0.07,0.07,321,418,408,472,374
3.70,-4.90,-4.90,-0.04,-0.04,-0.04,321,418,408,472,374
1.24,-6.68,-6.68,-0.16,-0.16,-0.16,321,418,408,473,373
5.68,-4.03,-4.03,-0.38,-0.38,-0.38,322,420,407,472,372
7.37,-4.10,-4.10,-0.13,-0.13,-0.13,322,422,410,474,376
5.98,-4.42,-4.42,-0.02,-0.02,-0.02,321,421,409,473,375
5.49,-5.05,-5.05,0.03,0.03,0.03,321,421,409,473,375
6.27,-5.42,-5.42,0.00,0.00,0.00,321,420,409,473,375
5.90,-5.04,-5.04,0.03,0.03,0.03,321,421,409,473,374
6.06,-5.27,-5.27,0.04,0.04,0.04,321,421,409,472,374
5.63,-5.08,-5.08,0.02,0.02,0.02,321,421,409,473,374
END
6.09,-5.26,-5.26,0.08,0.08,0.08,320,419,408,472,374
4.19,-5.06,-5.06,-0.23,-0.23,-0.23,321,419,409,472,374
5.50,-5.92,-5.92,-0.30,-0.30,-0.30,321,420,409,473,375
9.62,-3.80,-3.80,-0.27,-0.27,-0.27,320,420,408,472,376
8.22,-3.59,-3.59,-0.16,-0.16,-0.16,320,420,408,472,375
5.97,-4.82,-4.82,0.06,0.06,0.06,320,420,408,472,375
6.74,-4.87,-4.87,0.05,0.05,0.05,321,420,408,471,375
6.48,-5.05,-5.05,0.05,0.05,0.05,320,420,409,472,375
6.37,-5.08,-5.08,0.06,0.06,0.06,320,420,408,472,375
6.42,-4.99,-4.99,0.06,0.06,0.06,320,419,408,471,375
6.64,-4.73,-4.73,-0.02,-0.02,-0.02,321,419,408,472,375
END
6.89,-4.80,-4.80,0.28,0.28,0.28,320,419,407,471,375
-0.19,-6.14,-6.14,0.03,0.03,0.03,320,420,407,471,375
-1.91,-5.90,-5.90,-0.20,-0.20,-0.20,319,419,408,472,376
1.78,-4.87,-4.87,-0.46,-0.46,-0.46,319,424,410,472,379
8.62,-2.68,-2.68,-0.71,-0.71,-0.71,319,431,413,477,390
6.63,-2.79,-2.79,0.08,0.08,0.08,319,429,413,476,392
5.78,-3.06,-3.06,-0.06,-0.06,-0.06,319,428,413,476,390
5.68,-2.78,-2.78,0.10,0.10,0.10,319,427,412,475,388
5.00,-3.09,-3.09,0.04,0.04,0.04,319,426,412,475,387
5.38,-3.01,-3.01,0.05,0.05,0.05,319,410,411,475,387
4.92,-3.35,-3.35,0.03,0.03,0.03,319,425,411,475,386
END
4.67,-3.25,-3.25,0.05,0.05,0.05,320,423,409,473,382
2.03,-4.26,-4.26,0.03,0.03,0.03,320,423,409,473,381
1.32,-4.66,-4.66,-0.01,-0.01,-0.01,320,423,409,472,381
1.80,-4.62,-4.62,-0.06,-0.06,-0.06,320,423,409,472,381
4.32,-5.37,-5.37,-0.21,-0.21,-0.21,320,417,408,472,381
6.64,-4.52,-4.52,-0.13,-0.13,-0.13,319,421,408,472,382
6.02,-3.71,-3.71,-0.13,-0.13,-0.13,320,419,409,473,382
5.84,-3.70,-3.70,0.03,0.03,0.03,320,420,408,472,382
6.22,-4.04,-4.04,0.02,0.02,0.02,320,419,408,471,382
6.51,-3.63,-3.63,0.03,0.03,0.03,320,419,408,472,381
6.23,-3.54,-3.54,0.01,0.01,0.01,320,418,408,472,381
END
6.34,-3.60,-3.60,0.01,0.01,0.01,320,421,407,471,380
1.90,-4.47,-4.47,0.03,0.03,0.03,320,422,407,472,380
1.59,-4.31,-4.31,0.03,0.03,0.03,320,421,407,471,380
1.40,-4.98,-4.98,0.01,0.01,0.01,319,421,407,471,380
4.52,-4.16,-4.16,-0.09,-0.09,-0.09,319,422,407,471,382
4.42,-4.62,-4.62,-0.12,-0.12,-0.12,320,421,407,470,381
6.75,-3.60,-3.60,-0.06,-0.06,-0.06,320,421,406,471,382
5.57,-4.31,-4.31,0.01,0.01,0.01,320,421,406,471,381
6.03,-3.72,-3.72,0.01,0.01,0.01,320,421,407,471,381
5.89,-3.96,-3.96,0.05,0.05,0.05,320,421,407,470,381
6.32,-3.78,-3.78,0.04,0.04,0.04,320,421,406,471,381
END
6.12,-3.78,-3.78,0.07,0.07,0.07,320,381,407,469,378
2.18,-4.17,-4.17,0.03,0.03,0.03,320,415,406,470,378
1.27,-5.09,-5.09,0.02,0.02,0.02,320,345,406,469,378
2.63,-4.64,-4.64,-0.10,-0.10,-0.10,319,421,405,469,379
5.00,-4.11,-4.11,0.01,0.01,0.01,319,420,406,469,382
4.70,-4.19,-4.19,-0.10,-0.10,-0.10,320,420,406,470,383
7.09,-3.83,-3.83,-0.10,-0.10,-0.10,320,420,406,469,383
7.44,-3.24,-3.24,-0.02,-0.02,-0.02,320,420,405,469,383
6.15,-3.59,-3.59,0.06,0.06,0.06,320,419,405,469,383
6.09,-3.73,-3.73,0.09,0.09,0.09,320,419,405,469,382
5.86,-3.69,-3.69,0.04,0.04,0.04,320,419,405,469,382
END
6.40,-3.27,-3.27,0.02,0.02,0.02,319,421,407,470,380
0.66,-6.31,-6.31,-0.07,-0.07,-0.07,319,420,407,470,379
0.92,-6.21,-6.21,-0.00,-0.00,-0.00,320,419,407,470,379
-2.51,-6.83,-6.83,-0.02,-0.02,-0.02,319,421,406,470,377
5.20,-5.99,-5.99,-0.25,-0.25,-0.25,319,421,407,469,378
6.92,-5.05,-5.05,0.03,0.03,0.03,319,421,407,470,380
4.72,-4.82,-4.82,0.03,0.03,0.03,319,421,406,470,379
4.70,-5.56,-5.56,0.07,0.07,0.07,320,420,405,469,379
4.06,-5.46,-5.46,0.04,0.04,0.04,320,420,405,469,378
4.79,-5.08,-5.08,0.02,0.02,0.02,320,420,405,469,378
4.44,-5.27,-5.27,0.01,0.01,0.01,320,420,405,469,378
END
4.16,-5.13,-5.13,0.05,0.05,0.05,320,375,405,468,376
1.49,-6.05,-6.05,0.05,0.05,0.05,320,372,405,468,376
0.86,-6.24,-6.24,-0.10,-0.10,-0.10,321,334,405,468,376
2.51,-5.38,-5.38,-0.14,-0.14,-0.14,320,326,404,468,376
4.21,-4.91,-4.91,-0.27,-0.27,-0.27,321,419,405,468,377
4.76,-4.06,-4.06,-0.12,-0.12,-0.12,321,418,404,468,377
6.81,-3.35,-3.35,-0.10,-0.10,-0.10,321,417,404,468,377
5.80,-3.75,-3.75,0.03,0.03,0.03,321,416,405,468,377
5.53,-3.84,-3.84,0.03,0.03,0.03,321,415,404,468,377
6.07,-3.65,-3.65,0.05,0.05,0.05,321,416,404,468,377
5.86,-3.94,-3.94,0.01,0.01,0.01,321,416,405,468,377
END
5.90,-3.83,-3.83,0.03,0.03,0.03,321,416,404,467,374
1.79,-5.86,-5.86,0.00,0.00,0.00,321,416,404,466,374
1.84,-6.42,-6.42,0.01,0.01,0.01,321,416,404,467,374
1.48,-5.81,-5.81,-0.23,-0.23,-0.23,321,416,404,467,374
4.20,-4.49,-4.49,-0.15,-0.15,-0.15,321,416,404,467,375
4.53,-5.74,-5.74,-0.15,-0.15,-0.15,321,416,403,467,375
6.81,-4.11,-4.11,-0.20,-0.20,-0.20,321,416,403,466,376
6.07,-4.62,-4.62,-0.01,-0.01,-0.01,321,415,402,466,375
6.20,-4.65,-4.65,0.03,0.03,0.03,321,415,402,466,375
6.10,-4.49,-4.49,0.06,0.06,0.06,321,415,402,466,374
6.46,-4.41,-4.41,0.00,0.00,0.00,321,415,402,466,374
END
5.43,-4.53,-4.53,0.05,0.05,0.05,321,414,403,466,374
2.40,-6.26,-6.26,-0.03,-0.03,-0.03,321,414,403,465,373
1.66,-6.38,-6.38,-0.05,-0.05,-0.05,321,414,403,466,373
2.91,-5.71,-5.71,-0.14,-0.14,-0.14,321,414,403,465,373
1.80,-5.51,-5.51,-0.18,-0.18,-0.18,321,415,403,466,373
6.04,-4.33,-4.33,-0.17,-0.17,-0.17,321,414,403,466,375
7.75,-4.16,-4.16,-0.00,-0.00,-0.00,321,415,403,466,375
5.97,-4.51,-4.51,0.02,0.02,0.02,322,415,403,466,375
6.50,-4.88,-4.88,0.04,0.04,0.04,321,414,403,465,374
6.42,-4.89,-4.89,0.04,0.04,0.04,322,414,403,466,374
6.29,-5.00,-5.00,-0.01,-0.01,-0.01,322,414,403,466,374
END
6.32,-4.57,-4.57,0.03,0.03,0.03,322,414,403,466,374
-0.22,-6.37,-6.37,0.01,0.01,0.01,322,414,403,465,374
0.76,-6.24,-6.24,0.01,0.01,0.01,322,414,403,465,373
1.40,-5.82,-5.82,-0.12,-0.12,-0.12,322,414,403,465,374
3.73,-5.18,-5.18,-0.25,-0.25,-0.25,322,414,403,466,375
5.73,-5.36,-5.36,-0.07,-0.07,-0.07,322,414,402,465,375
7.63,-4.52,-4.52,0.03,0.03,0.03,322,414,403,465,375
6.58,-4.95,-4.95,0.01,0.01,0.01,322,414,403,465,375
6.65,-4.58,-4.58,0.02,0.02,0.02,322,414,403,465,375
6.40,-4.67,-4.67,0.04,0.04,0.04,322,414,403,465,375
6.65,-4.74,-4.74,0.01,0.01,0.01,322,414,402,465,375
END
6.14,-4.57,-4.57,0.11,0.11,0.11,321,412,404,465,374
1.32,-6.07,-6.07,0.03,0.03,0.03,321,412,405,465,375
1.34,-6.04,-6.04,0.03,0.03,0.03,321,412,405,466,375
1.72,-5.79,-5.79,-0.05,-0.05,-0.05,321,412,404,465,374
3.29,-4.83,-4.83,-0.14,-0.14,-0.14,321,412,404,465,375
2.68,-5.48,-5.48,-0.17,-0.17,-0.17,321,412,404,464,375
5.54,-4.24,-4.24,-0.19,-0.19,-0.19,321,412,404,464,375
6.59,-3.37,-3.37,-0.10,-0.10,-0.10,321,412,404,465,375
6.78,-4.08,-4.08,0.03,0.03,0.03,321,412,403,465,375
6.32,-3.93,-3.93,0.03,0.03,0.03,321,412,403,464,375
6.07,-4.12,-4.12,0.02,0.02,0.02,321,412,403,464,375
END
6.20,-4.02,-4.02,0.03,0.03,0.03,321,413,403,464,375
-0.03,-5.96,-5.96,0.02,0.02,0.02,321,413,403,464,375
-0.42,-6.00,-6.00,-0.03,-0.03,-0.03,321,413,403,464,375
0.89,-5.98,-5.98,-0.15,-0.15,-0.15,321,412,403,464,376
2.18,-5.29,-5.29,-0.16,-0.16,-0.16,321,413,403,464,375
6.63,-4.37,-4.37,-0.10,-0.10,-0.10,321,413,402,464,376
7.28,-4.09,-4.09,-0.15,-0.15,-0.15,322,413,402,464,375
7.15,-3.90,-3.90,0.03,0.03,0.03,321,413,402,464,376
6.75,-4.14,-4.14,0.05,0.05,0.05,322,413,402,464,375
6.40,-4.11,-4.11,0.02,0.02,0.02,322,413,402,464,376
6.54,-4.20,-4.20,0.04,0.04,0.04,322,413,402,464,375
END
6.52,-4.30,-4.30,0.04,0.04,0.04,322,403,402,464,375
2.96,-4.86,-4.86,-0.06,-0.06,-0.06,321,412,402,465,375
4.57,-4.57,-4.57,-0.11,-0.11,-0.11,322,412,402,464,375
5.36,-3.63,-3.63,-0.14,-0.14,-0.14,321,412,403,464,376
5.59,-3.78,-3.78,-0.06,-0.06,-0.06,322,412,403,464,376
6.50,-3.19,-3.19,-0.06,-0.06,-0.06,321,412,403,464,377
6.79,-3.26,-3.26,0.06,0.06,0.06,321,412,403,464,377
6.05,-3.43,-3.43,0.02,0.02,0.02,321,412,403,465,377
6.54,-3.49,-3.49,0.05,0.05,0.05,321,412,403,464,377
6.32,-3.29,-3.29,0.04,0.04,0.04,322,412,403,464,377
6.31,-3.35,-3.35,0.04,0.04,0.04,321,412,403,465,377
END
6.23,-3.57,-3.57,0.03,0.03,0.03,322,403,402,464,376
1.16,-5.86,-5.86,-0.00,-0.00,-0.00,322,412,402,464,375
1.03,-5.91,-5.91,-0.08,-0.08,-0.08,322,412,402,464,375
2.53,-5.36,-5.36,-0.10,-0.10,-0.10,322,412,402,464,375
4.00,-4.87,-4.87,-0.12,-0.12,-0.12,322,412,402,464,376
4.74,-4.69,-4.69,-0.31,-0.31,-0.31,321,410,404,464,377
7.32,-3.86,-3.86,-0.03,-0.03,-0.03,321,392,405,464,377
5.74,-3.94,-3.94,-0.04,-0.04,-0.04,320,391,404,464,377
5.81,-3.88,-3.88,0.03,0.03,0.03,320,409,404,464,377
5.49,-4.02,-4.02,0.05,0.05,0.05,320,397,404,463,377
5.85,-4.12,-4.12,0.02,0.02,0.02,320,400,404,464,377
END
5.80,-4.30,-4.30,0.02,0.02,0.02,319,413,403,464,379
2.05,-5.25,-5.25,0.01,0.01,0.01,319,413,403,464,379
3.66,-5.59,-5.59,-0.16,-0.16,-0.16,319,410,403,464,381
4.18,-5.14,-5.14,-0.02,-0.02,-0.02,319,416,404,466,383
7.58,-5.65,-5.65,0.07,0.07,0.07,319,414,404,464,383
6.77,-5.47,-5.47,-0.04,-0.04,-0.04,319,414,404,465,383
6.07,-4.94,-4.94,-0.04,-0.04,-0.04,319,414,403,465,382
5.28,-4.90,-4.90,-0.04,-0.04,-0.04,319,411,403,464,382
6.53,-3.96,-3.96,0.02,0.02,0.02,320,413,404,464,382
6.98,-3.77,-3.77,-0.08,-0.08,-0.08,319,414,404,464,382
5.85,-3.79,-3.79,0.06,0.06,0.06,319,413,404,464,382
END
1.96,-5.83,-5.83,0.07,0.07,0.07,319,408,429,483,390
-0.13,-6.68,-6.68,0.03,0.03,0.03,319,408,429,482,389
-1.72,-6.72,-6.72,0.00,0.00,0.00,320,413,431,483,391
2.79,-6.05,-6.05,-0.04,-0.04,-0.04,319,416,430,480,396
3.57,-6.09,-6.09,-0.15,-0.15,-0.15,319,422,433,479,401
5.32,-5.10,-5.10,0.02,0.02,0.02,319,422,432,478,403
6.45,-4.54,-4.54,-0.03,-0.03,-0.03,319,422,432,477,401
7.42,-4.34,-4.34,0.02,0.02,0.02,319,418,431,477,398
6.48,-4.57,-4.57,0.06,0.06,0.06,319,419,431,476,397
7.00,-4.65,-4.65,0.04,0.04,0.04,319,418,431,476,397
5.80,-4.76,-4.76,0.07,0.07,0.07,319,417,431,476,397
END
5.74,-4.73,-4.73,0.03,0.03,0.03,319,416,433,478,393
-0.08,-5.80,-5.80,0.05,0.05,0.05,319,415,432,478,393
-1.23,-5.81,-5.81,-0.01,-0.01,-0.01,319,415,432,478,393
0.55,-5.44,-5.44,-0.12,-0.12,-0.12,319,415,433,478,393
2.93,-4.74,-4.74,-0.03,-0.03,-0.03,319,415,434,478,394
5.92,-4.90,-4.90,0.09,0.09,0.09,319,415,434,477,394
5.56,-5.74,-5.74,0.04,0.04,0.04,319,415,433,477,393
5.14,-4.59,-4.59,-0.03,-0.03,-0.03,320,415,432,477,393
5.50,-4.55,-4.55,0.05,0.05,0.05,320,415,433,477,393
4.89,-5.13,-5.13,0.01,0.01,0.01,320,415,433,477,393
5.53,-4.55,-4.55,-0.06,-0.06,-0.06,320,415,432,477,392
END
5.99,-4.08,-4.08,0.04,0.04,0.04,319,418,430,475,394
-0.57,-5.67,-5.67,0.08,0.08,0.08,319,417,430,475,393
-2.49,-5.78,-5.78,0.02,0.02,0.02,319,417,430,475,393
1.42,-5.15,-5.15,-0.16,-0.16,-0.16,319,417,430,475,393
4.74,-4.74,-4.74,-0.35,-0.35,-0.35,319,417,428,471,394
9.56,-4.92,-4.92,-0.04,-0.04,-0.04,318,416,427,471,392
6.65,-4.61,-4.61,0.04,0.04,0.04,319,416,427,471,392
5.94,-4.65,-4.65,0.09,0.09,0.09,319,415,427,471,391
5.67,-4.87,-4.87,0.05,0.05,0.05,319,415,427,470,391
6.17,-4.57,-4.57,0.02,0.02,0.02,319,415,427,471,392
6.47,-4.62,-4.62,0.06,0.06,0.06,319,414,427,471,391
END
5.97,-4.56,-4.56,-0.03,-0.03,-0.03,319,408,426,474,388
0.80,-5.73,-5.73,0.01,0.01,0.01,318,408,426,474,388
1.87,-5.18,-5.18,-0.14,-0.14,-0.14,319,408,426,473,388
1.41,-5.07,-5.07,-0.01,-0.01,-0.01,319,408,426,474,387
2.30,-5.04,-5.04,-0.06,-0.06,-0.06,318,409,427,473,387
2.89,-5.28,-5.28,0.02,0.02,0.02,319,409,426,473,387
4.09,-5.07,-5.07,-0.12,-0.12,-0.12,319,409,426,473,387
5.52,-4.62,-4.62,-0.05,-0.05,-0.05,319,414,427,472,391
4.83,-4.52,-4.52,-0.02,-0.02,-0.02,319,414,427,472,391
5.69,-4.31,-4.31,0.01,0.01,0.01,319,412,426,471,391
5.86,-3.88,-3.88,-0.00,-0.00,-0.00,319,411,426,472,391
END
5.79,-4.17,-4.17,0.04,0.04,0.04,318,411,424,470,390
-0.04,-6.18,-6.18,0.03,0.03,0.03,318,411,424,470,390
-0.60,-5.92,-5.92,0.01,0.01,0.01,318,411,425,470,390
1.23,-5.87,-5.87,-0.02,-0.02,-0.02,319,411,425,470,389
0.88,-5.28,-5.28,-0.09,-0.09,-0.09,319,411,425,470,389
4.08,-4.83,-4.83,-0.15,-0.15,-0.15,319,411,425,470,390
5.33,-3.86,-3.86,-0.10,-0.10,-0.10,319,411,424,470,389
5.81,-3.57,-3.57,-0.10,-0.10,-0.10,319,412,424,470,389
5.51,-3.99,-3.99,-0.01,-0.01,-0.01,319,421,430,470,397
6.68,-3.70,-3.70,0.11,0.11,0.11,320,417,428,470,393
8.21,-3.12,-3.12,0.02,0.02,0.02,320,417,427,469,392
END
7.74,-3.28,-3.28,0.03,0.03,0.03,319,415,426,470,392
-0.22,-6.06,-6.06,-0.00,-0.00,-0.00,319,414,426,470,392
-0.45,-6.03,-6.03,-0.03,-0.03,-0.03,318,414,426,470,392
2.06,-5.79,-5.79,-0.14,-0.14,-0.14,319,414,426,470,392
1.87,-5.09,-5.09,-0.11,-0.11,-0.11,319,415,426,469,392
4.67,-4.53,-4.53,-0.25,-0.25,-0.25,319,421,429,469,399
5.15,-3.98,-3.98,-0.10,-0.10,-0.10,319,420,428,469,400
4.12,-3.83,-3.83,0.01,0.01,0.01,319,420,428,469,399
6.00,-3.87,-3.87,-0.02,-0.02,-0.02,319,419,427,469,399
4.97,-3.83,-3.83,0.02,0.02,0.02,319,419,428,469,399
5.20,-3.69,-3.69,0.01,0.01,0.01,319,419,427,468,399
END
5.24,-3.79,-3.79,0.04,0.04,0.04,319,418,427,469,396
0.57,-5.81,-5.81,0.01,0.01,0.01,319,418,427,468,396
0.19,-5.92,-5.92,-0.01,-0.01,-0.01,319,418,426,468,396
2.23,-5.46,-5.46,-0.15,-0.15,-0.15,318,417,426,468,395
2.44,-4.37,-4.37,-0.16,-0.16,-0.16,319,417,425,468,395
4.54,-3.43,-3.43,-0.21,-0.21,-0.21,319,417,425,467,396
5.28,-2.33,-2.33,-0.15,-0.15,-0.15,319,417,426,468,396
6.19,-2.11,-2.11,-0.04,-0.04,-0.04,319,417,426,467,396
5.56,-2.22,-2.22,0.04,0.04,0.04,319,417,425,467,396
5.55,-2.35,-2.35,0.03,0.03,0.03,319,417,425,467,396
5.67,-2.28,-2.28,0.02,0.02,0.02,319,417,426,468,396
END
5.54,-2.26,-2.26,0.03,0.03,0.03,318,416,425,468,395
0.17,-5.55,-5.55,0.02,0.02,0.02,319,416,425,468,395
-0.07,-5.53,-5.53,-0.06,-0.06,-0.06,318,416,425,468,395
1.83,-5.20,-5.20,-0.17,-0.17,-0.17,319,416,425,467,395
4.32,-4.21,-4.21,-0.20,-0.20,-0.20,319,416,425,467,395
4.34,-4.11,-4.11,-0.09,-0.09,-0.09,319,415,425,468,395
5.10,-3.50,-3.50,-0.06,-0.06,-0.06,319,415,425,467,395
6.26,-3.45,-3.45,-0.10,-0.10,-0.10,319,415,425,467,395
6.21,-3.12,-3.12,0.00,0.00,0.00,319,415,424,467,395
6.91,-3.06,-3.06,0.01,0.01,0.01,318,415,425,467,395
6.65,-2.84,-2.84,0.04,0.04,0.04,318,415,425,467,396
END
6.32,-2.99,-2.99,0.02,0.02,0.02,319,416,426,468,392
0.24,-6.06,-6.06,0.01,0.01,0.01,318,416,426,468,392
0.07,-6.02,-6.02,0.01,0.01,0.01,319,416,426,468,393
0.36,-5.94,-5.94,0.02,0.02,0.02,319,416,425,468,392
0.91,-5.42,-5.42,-0.09,-0.09,-0.09,319,415,426,467,392
2.07,-5.20,-5.20,-0.11,-0.11,-0.11,319,415,426,468,393
3.07,-4.35,-4.35,-0.02,-0.02,-0.02,319,415,426,468,393
3.86,-4.28,-4.28,-0.09,-0.09,-0.09,319,414,426,468,392
4.90,-3.74,-3.74,-0.06,-0.06,-0.06,319,414,426,467,393
5.36,-3.22,-3.22,-0.04,-0.04,-0.04,319,414,426,467,393
5.73,-2.99,-2.99,-0.07,-0.07,-0.07,319,414,426,467,392
END
5.99,-2.96,-2.96,-0.04,-0.04,-0.04,319,414,425,467,393
0.93,-5.33,-5.33,0.01,0.01,0.01,319,414,425,467,393
0.45,-5.48,-5.48,-0.03,-0.03,-0.03,319,414,425,467,392
1.82,-4.92,-4.92,-0.08,-0.08,-0.08,319,414,425,467,392
2.83,-4.52,-4.52,-0.11,-0.11,-0.11,319,413,425,467,392
2.68,-4.56,-4.56,-0.14,-0.14,-0.14,319,413,424,467,392
4.12,-2.83,-2.83,0.01,0.01,0.01,319,415,425,467,395
5.51,-3.47,-3.47,-0.08,-0.08,-0.08,319,415,424,466,394
6.13,-2.96,-2.96,-0.06,-0.06,-0.06,319,415,423,466,394
6.70,-2.26,-2.26,-0.05,-0.05,-0.05,319,415,424,466,394
6.73,-2.28,-2.28,0.03,0.03,0.03,320,414,424,465,394
END
6.68,-2.35,-2.35,0.03,0.03,0.03,319,412,423,466,391
0.07,-5.58,-5.58,-0.03,-0.03,-0.03,319,412,424,466,392
-0.06,-5.53,-5.53,-0.11,-0.11,-0.11,319,413,424,466,392
2.44,-4.52,-4.52,-0.17,-0.17,-0.17,319,413,425,466,392
3.78,-3.93,-3.93,-0.23,-0.23,-0.23,319,413,425,466,392
5.01,-3.26,-3.26,-0.09,-0.09,-0.09,319,413,425,466,392
6.14,-2.65,-2.65,-0.11,-0.11,-0.11,319,413,424,465,393
7.57,-2.43,-2.43,-0.01,-0.01,-0.01,320,413,424,465,394
7.14,-2.27,-2.27,-0.00,-0.00,-0.00,320,413,424,465,393
6.35,-2.61,-2.61,0.04,0.04,0.04,320,413,424,463,393
6.76,-2.39,-2.39,0.01,0.01,0.01,320,413,424,463,393
END
6.79,-2.44,-2.44,0.03,0.03,0.03,319,412,424,466,392
0.66,-5.28,-5.28,-0.10,-0.10,-0.10,319,412,423,465,391
1.51,-4.98,-4.98,-0.11,-0.11,-0.11,319,411,424,465,392
3.45,-4.32,-4.32,-0.13,-0.13,-0.13,319,412,423,465,392
3.81,-3.75,-3.75,-0.10,-0.10,-0.10,320,413,423,465,392
5.53,-2.79,-2.79,-0.09,-0.09,-0.09,319,412,424,465,392
6.13,-2.61,-2.61,-0.07,-0.07,-0.07,319,412,424,465,392
7.04,-2.29,-2.29,-0.04,-0.04,-0.04,319,412,423,464,392
6.88,-2.25,-2.25,0.03,0.03,0.03,319,412,423,465,392
6.99,-2.18,-2.18,0.05,0.05,0.05,319,412,424,465,392
6.38,-2.32,-2.32,0.05,0.05,0.05,319,412,423,464,392
END
6.25,-2.32,-2.32,0.04,0.04,0.04,319,410,422,464,391
2.48,-4.67,-4.67,-0.15,-0.15,-0.15,319,410,422,464,391
4.68,-3.78,-3.78,-0.18,-0.18,-0.18,319,410,422,464,391
5.75,-2.80,-2.80,-0.06,-0.06,-0.06,320,410,423,465,392
5.06,-3.32,-3.32,-0.13,-0.13,-0.13,319,410,422,465,392
5.75,-2.48,-2.48,-0.09,-0.09,-0.09,319,409,423,464,392
6.39,-1.88,-1.88,-0.06,-0.06,-0.06,319,410,423,465,392
7.41,-1.69,-1.69,-0.00,-0.00,-0.00,319,410,423,464,392
6.55,-1.86,-1.86,0.03,0.03,0.03,319,409,423,464,392
6.58,-1.98,-1.98,0.04,0.04,0.04,320,410,423,464,393
6.56,-2.03,-2.03,0.04,0.04,0.04,320,410,423,464,392
END
6.42,-2.10,-2.10,0.05,0.05,0.05,319,410,422,464,391
1.38,-5.32,-5.32,-0.08,-0.08,-0.08,319,410,422,464,392
1.77,-5.15,-5.15,-0.17,-0.17,-0.17,320,410,422,463,392
3.85,-4.64,-4.64,-0.15,-0.15,-0.15,318,416,421,462,398
5.04,-4.36,-4.36,-0.07,-0.07,-0.07,319,416,421,462,397
6.25,-3.57,-3.57,-0.08,-0.08,-0.08,318,415,419,460,397
7.18,-3.17,-3.17,-0.10,-0.10,-0.10,319,417,419,460,398
6.58,-2.96,-2.96,-0.04,-0.04,-0.04,319,418,419,460,398
7.04,-2.94,-2.94,0.01,0.01,0.01,319,417,419,459,399
7.01,-2.76,-2.76,-0.04,-0.04,-0.04,319,416,419,460,398
7.58,-2.63,-2.63,0.03,0.03,0.03,320,417,419,460,398
END
6.96,-2.61,-2.61,0.05,0.05,0.05,320,412,421,464,392
0.90,-5.76,-5.76,-0.03,-0.03,-0.03,320,413,421,464,392
0.97,-5.56,-5.56,-0.12,-0.12,-0.12,320,413,421,464,392
2.25,-5.12,-5.12,-0.12,-0.12,-0.12,320,412,421,463,392
4.88,-3.94,-3.94,-0.19,-0.19,-0.19,319,413,421,463,393
5.25,-3.18,-3.18,-0.15,-0.15,-0.15,320,413,421,463,393
4.90,-2.91,-2.91,-0.19,-0.19,-0.19,320,412,421,463,393
7.09,-1.26,-1.26,-0.09,-0.09,-0.09,319,412,422,463,394
6.64,-1.74,-1.74,0.02,0.02,0.02,319,412,422,463,394
6.88,-1.49,-1.49,-0.02,-0.02,-0.02,320,412,422,463,394
6.71,-1.56,-1.56,0.01,0.01,0.01,320,412,422,463,394
END
7.51,-1.08,-1.08,0.03,0.03,0.03,319,411,421,463,392
1.88,-5.20,-5.20,-0.04,-0.04,-0.04,319,411,421,463,392
2.53,-5.10,-5.10,-0.15,-0.15,-0.15,319,410,421,463,392
3.35,-5.02,-5.02,-0.13,-0.13,-0.13,319,411,421,463,393
4.96,-3.75,-3.75,-0.13,-0.13,-0.13,319,411,421,462,393
5.51,-3.04,-3.04,-0.08,-0.08,-0.08,319,411,421,463,393
5.15,-3.19,-3.19,-0.06,-0.06,-0.06,319,411,422,463,393
7.15,-2.65,-2.65,-0.15,-0.15,-0.15,319,412,422,462,393
6.47,-2.38,-2.38,0.03,0.03,0.03,319,411,423,462,393
6.32,-2.36,-2.36,0.01,0.01,0.01,320,412,423,463,393
7.05,-2.30,-2.30,0.01,0.01,0.01,319,412,423,462,393
END
7.01,-2.09,-2.09,-0.00,-0.00,-0.00,319,411,422,462,393
2.94,-4.79,-4.79,-0.03,-0.03,-0.03,319,411,422,462,393
2.61,-4.91,-4.91,-0.11,-0.11,-0.11,319,410,421,462,392
2.75,-4.39,-4.39,-0.06,-0.06,-0.06,319,411,421,462,393
5.31,-3.67,-3.67,-0.11,-0.11,-0.11,319,410,421,462,393
5.83,-3.64,-3.64,-0.02,-0.02,-0.02,320,411,422,462,393
5.89,-3.42,-3.42,-0.02,-0.02,-0.02,319,410,421,462,392
6.28,-3.22,-3.22,-0.03,-0.03,-0.03,319,410,422,461,393
6.93,-2.99,-2.99,-0.00,-0.00,-0.00,319,410,422,462,392
6.84,-2.80,-2.80,-0.01,-0.01,-0.01,319,410,421,461,393
6.55,-2.96,-2.96,0.03,0.03,0.03,319,412,422,461,393
END
6.75,-2.84,-2.84,0.03,0.03,0.03,319,411,421,462,392
1.28,-5.46,-5.46,-0.09,-0.09,-0.09,319,411,420,462,392
1.00,-5.30,-5.30,-0.10,-0.10,-0.10,319,411,421,461,393
4.49,-4.09,-4.09,-0.11,-0.11,-0.11,319,411,420,461,393
5.39,-3.28,-3.28,-0.12,-0.12,-0.12,319,412,420,461,393
7.09,-2.64,-2.64,-0.06,-0.06,-0.06,319,412,420,461,393
6.99,-2.18,-2.18,-0.18,-0.18,-0.18,319,412,420,461,393
7.85,-1.16,-1.16,-0.07,-0.07,-0.07,319,411,420,461,393
7.52,-1.36,-1.36,-0.02,-0.02,-0.02,319,411,420,461,393
7.96,-1.17,-1.17,-0.00,-0.00,-0.00,319,411,421,461,393
7.96,-1.10,-1.10,0.03,0.03,0.03,319,411,420,461,393
END
8.09,-1.13,-1.13,0.04,0.04,0.04,319,409,420,461,393
0.92,-5.56,-5.56,-0.05,-0.05,-0.05,319,410,420,461,393
2.07,-5.22,-5.22,-0.13,-0.13,-0.13,319,411,420,461,393
3.87,-4.53,-4.53,-0.10,-0.10,-0.10,319,410,420,461,393
6.35,-3.93,-3.93,-0.13,-0.13,-0.13,319,410,420,460,394
6.01,-3.45,-3.45,-0.08,-0.08,-0.08,319,410,420,461,394
7.06,-2.66,-2.66,-0.07,-0.07,-0.07,319,410,420,461,393
7.16,-2.40,-2.40,-0.05,-0.05,-0.05,319,411,420,461,393
7.37,-1.95,-1.95,0.02,0.02,0.02,319,411,420,461,394
7.24,-2.23,-2.23,0.03,0.03,0.03,319,411,420,461,394
7.16,-2.20,-2.20,0.01,0.01,0.01,319,411,420,462,394
END