2.42,-0.33,-0.33,0.03,0.03,0.03,429,397,417,334,379
2.13,-0.40,-0.40,0.03,0.03,0.03,429,397,417,334,379
2.30,-0.44,-0.44,0.03,0.03,0.03,429,397,417,334,379
2.15,-0.44,-0.44,-0.01,-0.01,-0.01,429,397,416,334,379
2.23,-0.24,-0.24,0.04,0.04,0.04,429,396,417,334,378
2.29,-0.24,-0.24,-0.01,-0.01,-0.01,429,396,417,334,378
2.19,-0.15,-0.15,0.05,0.05,0.05,429,396,416,335,378
2.33,-0.26,-0.26,0.02,0.02,0.02,428,396,416,334,378
2.32,-0.17,-0.17,0.02,0.02,0.02,428,396,416,335,378
2.35,-0.24,-0.24,0.04,0.04,0.04,428,396,416,334,378
2.12,-0.25,-0.25,0.03,0.03,0.03,428,396,415,334,378
END
2.19,-0.15,-0.15,0.02,0.02,0.02,426,394,415,335,377
2.48,-0.22,-0.22,0.02,0.02,0.02,426,394,415,335,377
2.38,0.32,0.32,0.03,0.03,0.03,426,394,414,335,377
2.53,-0.13,-0.13,0.02,0.02,0.02,426,394,414,335,377
1.97,-0.33,-0.33,0.01,0.01,0.01,426,394,415,335,377
2.35,-0.03,-0.03,0.03,0.03,0.03,426,394,414,335,377
2.39,-0.08,-0.08,0.05,0.05,0.05,425,393,414,335,377
2.15,-0.34,-0.34,0.03,0.03,0.03,425,393,414,335,376
2.23,-0.13,-0.13,0.05,0.05,0.05,425,393,413,335,376
2.03,-0.23,-0.23,0.01,0.01,0.01,425,393,413,335,376
2.14,-0.45,-0.45,0.06,0.06,0.06,425,393,413,335,377
END
2.02,-0.35,-0.35,0.06,0.06,0.06,420,389,411,335,375
2.18,-0.32,-0.32,0.05,0.05,0.05,419,389,411,335,375
2.30,-0.23,-0.23,0.03,0.03,0.03,419,389,411,335,375
2.17,-0.23,-0.23,0.03,0.03,0.03,419,389,411,335,375
2.15,-0.19,-0.19,0.01,0.01,0.01,419,389,411,335,375
2.24,0.15,0.15,0.02,0.02,0.02,418,389,411,335,375
2.36,-0.17,-0.17,0.02,0.02,0.02,418,389,411,335,375
2.17,-0.14,-0.14,0.05,0.05,0.05,419,389,411,336,374
2.31,0.07,0.07,0.02,0.02,0.02,419,389,412,335,374
2.24,-0.02,-0.02,0.05,0.05,0.05,419,389,411,335,374
2.23,0.01,0.01,0.04,0.04,0.04,419,389,412,335,374
END
2.07,-0.09,-0.09,0.02,0.02,0.02,418,389,410,336,373
2.55,0.05,0.05,0.01,0.01,0.01,418,389,412,337,373
1.88,-0.68,-0.68,0.05,0.05,0.05,418,389,411,336,373
2.20,-0.21,-0.21,0.03,0.03,0.03,418,389,411,336,373
2.20,-0.04,-0.04,0.02,0.02,0.02,418,388,411,336,373
2.30,-0.04,-0.04,0.02,0.02,0.02,418,389,411,336,373
2.20,-0.20,-0.20,0.02,0.02,0.02,418,388,411,336,373
2.32,0.02,0.02,0.03,0.03,0.03,418,389,411,336,373
2.07,0.01,0.01,0.03,0.03,0.03,418,389,411,335,373
2.28,-0.06,-0.06,0.04,0.04,0.04,417,389,410,336,373
2.27,-0.01,-0.01,0.05,0.05,0.05,417,389,411,336,373
END
2.56,0.09,0.09,0.02,0.02,0.02,417,388,411,336,372
1.82,-0.07,-0.07,0.01,0.01,0.01,416,388,410,335,371
2.10,-0.09,-0.09,0.04,0.04,0.04,416,388,410,336,371
2.12,0.09,0.09,0.04,0.04,0.04,416,388,410,336,371
2.27,0.05,0.05,0.00,0.00,0.00,416,387,410,336,371
2.00,-0.16,-0.16,0.04,0.04,0.04,416,387,410,336,371
2.20,-0.23,-0.23,0.03,0.03,0.03,416,388,410,335,371
2.41,-0.04,-0.04,0.02,0.02,0.02,416,387,410,336,371
2.10,-0.13,-0.13,0.02,0.02,0.02,416,388,410,336,371
2.07,-0.25,-0.25,0.03,0.03,0.03,416,387,410,336,371
2.19,-0.30,-0.30,0.05,0.05,0.05,416,388,410,336,371
END
2.20,-0.09,-0.09,0.03,0.03,0.03,416,387,410,336,371
2.11,-0.15,-0.15,0.04,0.04,0.04,416,388,410,336,371
2.46,-0.22,-0.22,0.04,0.04,0.04,416,387,410,336,371
2.48,-0.39,-0.39,0.03,0.03,0.03,416,389,411,336,375
2.14,-0.04,-0.04,0.02,0.02,0.02,416,389,410,336,374
2.38,-0.22,-0.22,0.03,0.03,0.03,416,388,410,336,374
2.51,-0.22,-0.22,0.02,0.02,0.02,416,388,410,336,373
2.05,-0.24,-0.24,0.06,0.06,0.06,416,388,410,336,372
2.30,-0.19,-0.19,0.10,0.10,0.10,416,388,410,337,372
2.21,-0.69,-0.69,-0.01,-0.01,-0.01,416,388,411,336,372
2.26,-0.15,-0.15,0.01,0.01,0.01,416,388,413,336,373
END
2.52,0.00,0.00,0.01,0.01,0.01,415,387,412,336,372
2.35,0.06,0.06,0.02,0.02,0.02,415,387,412,336,372
2.15,-0.22,-0.22,0.02,0.02,0.02,415,388,412,336,372
2.35,0.05,0.05,0.01,0.01,0.01,415,387,410,336,371
2.07,-0.19,-0.19,0.03,0.03,0.03,415,387,410,336,371
2.28,-0.06,-0.06,0.04,0.04,0.04,415,387,411,336,371
2.19,-0.04,-0.04,0.04,0.04,0.04,415,387,410,336,371
2.32,0.34,0.34,-0.01,-0.01,-0.01,415,387,410,336,371
2.16,-0.09,-0.09,0.03,0.03,0.03,415,387,411,336,371
2.06,-0.14,-0.14,0.05,0.05,0.05,415,387,410,336,371
2.18,0.14,0.14,0.02,0.02,0.02,415,387,410,336,370
END
2.15,0.06,0.06,0.03,0.03,0.03,415,387,410,336,371
2.29,-0.09,-0.09,0.02,0.02,0.02,415,386,410,336,370
2.51,-0.08,-0.08,0.03,0.03,0.03,415,387,410,336,371
2.40,-0.14,-0.14,0.03,0.03,0.03,415,387,410,336,371
2.38,-0.14,-0.14,0.01,0.01,0.01,415,386,410,336,371
2.58,-0.01,-0.01,0.03,0.03,0.03,415,386,410,336,370
2.35,-0.06,-0.06,0.02,0.02,0.02,415,387,410,336,371
2.19,-0.05,-0.05,0.04,0.04,0.04,415,386,410,336,370
2.38,-0.05,-0.05,0.03,0.03,0.03,415,386,409,336,371
2.20,-0.01,-0.01,0.03,0.03,0.03,415,386,410,336,371
2.26,-0.01,-0.01,0.04,0.04,0.04,414,386,409,336,371
END
2.20,-0.12,-0.12,0.05,0.05,0.05,414,386,409,337,370
2.14,-0.01,-0.01,0.02,0.02,0.02,414,386,408,336,370
2.24,-0.09,-0.09,0.02,0.02,0.02,414,386,408,336,370
2.22,-0.27,-0.27,0.01,0.01,0.01,414,386,408,337,370
2.07,-0.21,-0.21,0.03,0.03,0.03,414,386,408,336,370
2.16,-0.22,-0.22,0.04,0.04,0.04,414,386,408,336,370
2.29,-0.05,-0.05,0.02,0.02,0.02,414,386,408,337,370
2.28,-0.27,-0.27,0.03,0.03,0.03,414,386,408,336,370
2.31,-0.19,-0.19,0.03,0.03,0.03,414,386,408,336,370
2.25,-0.24,-0.24,0.03,0.03,0.03,414,386,408,336,370
2.20,-0.08,-0.08,0.01,0.01,0.01,414,386,408,337,370
END
2.29,-0.19,-0.19,0.03,0.03,0.03,414,386,408,336,370
2.15,0.06,0.06,0.03,0.03,0.03,414,386,408,336,370
2.18,0.14,0.14,0.03,0.03,0.03,414,386,408,337,370
2.22,0.14,0.14,0.02,0.02,0.02,413,386,408,336,369
2.19,0.06,0.06,0.02,0.02,0.02,414,386,408,336,370
2.05,0.09,0.09,-0.00,-0.00,-0.00,414,386,408,337,370
2.04,-0.22,-0.22,0.03,0.03,0.03,414,386,408,337,369
2.43,0.08,0.08,0.03,0.03,0.03,413,386,408,337,370
2.20,0.04,0.04,0.06,0.06,0.06,414,386,408,336,370
2.38,0.01,0.01,0.03,0.03,0.03,414,386,408,336,369
2.15,-0.04,-0.04,0.03,0.03,0.03,413,386,408,336,369
END
2.48,-0.01,-0.01,0.08,0.08,0.08,413,386,408,336,369
2.28,0.00,0.00,-0.01,-0.01,-0.01,413,385,408,336,369
2.39,0.23,0.23,0.06,0.06,0.06,413,385,408,337,370
2.33,0.09,0.09,0.05,0.05,0.05,413,386,408,336,369
2.25,-0.14,-0.14,0.05,0.05,0.05,413,385,408,337,369
2.20,0.01,0.01,0.03,0.03,0.03,413,386,408,337,369
2.40,-0.04,-0.04,0.03,0.03,0.03,413,385,408,336,369
2.23,-0.14,-0.14,0.03,0.03,0.03,413,385,408,336,369
2.12,-0.02,-0.02,0.04,0.04,0.04,413,386,408,337,369
2.34,0.22,0.22,0.01,0.01,0.01,413,386,408,337,369
2.33,-0.02,-0.02,0.01,0.01,0.01,413,385,408,337,369
END
2.08,0.03,0.03,0.05,0.05,0.05,413,385,408,337,369
2.35,0.13,0.13,0.03,0.03,0.03,413,386,410,337,369
2.10,0.17,0.17,0.04,0.04,0.04,413,384,405,337,369
1.79,0.12,0.12,0.02,0.02,0.02,413,385,406,337,369
2.53,0.07,0.07,0.02,0.02,0.02,413,385,407,337,369
1.90,0.22,0.22,0.01,0.01,0.01,413,385,406,337,369
1.96,0.09,0.09,0.03,0.03,0.03,413,385,407,337,369
2.20,0.24,0.24,0.03,0.03,0.03,413,384,407,337,369
2.30,0.36,0.36,0.03,0.03,0.03,413,384,406,337,369
2.10,0.12,0.12,0.04,0.04,0.04,413,385,406,337,369
2.26,0.14,0.14,0.02,0.02,0.02,413,385,406,337,369
END
2.30,0.25,0.25,0.03,0.03,0.03,413,383,406,337,369
2.07,0.11,0.11,0.02,0.02,0.02,413,384,406,337,369
2.09,0.12,0.12,0.01,0.01,0.01,413,383,406,337,369
2.15,0.32,0.32,0.03,0.03,0.03,413,383,405,336,368
2.13,0.28,0.28,0.02,0.02,0.02,413,384,406,337,369
2.12,0.27,0.27,0.03,0.03,0.03,413,384,406,337,369
2.06,0.19,0.19,0.03,0.03,0.03,413,383,406,337,368
2.31,0.32,0.32,0.05,0.05,0.05,413,384,406,337,368
1.90,0.40,0.40,0.03,0.03,0.03,413,383,406,337,369
2.28,-0.09,-0.09,0.02,0.02,0.02,413,383,406,337,369
2.00,0.01,0.01,0.02,0.02,0.02,413,383,406,337,369
END
2.06,0.11,0.11,0.01,0.01,0.01,412,383,406,337,368
1.97,0.33,0.33,0.04,0.04,0.04,412,383,406,337,368
2.15,0.48,0.48,0.05,0.05,0.05,412,383,406,337,368
1.92,0.39,0.39,0.03,0.03,0.03,412,383,406,337,368
2.20,0.27,0.27,0.03,0.03,0.03,412,383,405,336,368
2.23,0.20,0.20,0.04,0.04,0.04,412,383,406,337,368
2.13,0.19,0.19,0.03,0.03,0.03,412,382,406,337,368
2.09,0.29,0.29,0.02,0.02,0.02,412,383,406,337,368
2.15,0.21,0.21,0.03,0.03,0.03,412,383,406,337,369
2.00,0.46,0.46,0.03,0.03,0.03,412,383,406,337,368
2.28,0.34,0.34,0.01,0.01,0.01,412,383,406,337,368
END
2.34,0.47,0.47,0.03,0.03,0.03,413,383,406,337,370
2.24,0.41,0.41,0.03,0.03,0.03,412,383,405,337,370
2.12,-0.04,-0.04,0.07,0.07,0.07,412,383,406,337,369
2.07,0.17,0.17,0.03,0.03,0.03,412,383,406,337,369
2.17,0.39,0.39,0.03,0.03,0.03,412,383,406,337,369
2.15,0.47,0.47,0.00,0.00,0.00,412,383,406,337,369
2.20,0.44,0.44,0.03,0.03,0.03,412,383,406,337,369
2.18,0.57,0.57,0.03,0.03,0.03,412,383,406,337,369
2.07,0.45,0.45,0.04,0.04,0.04,412,383,406,337,369
1.98,0.29,0.29,0.04,0.04,0.04,412,383,406,337,369
2.05,0.42,0.42,0.04,0.04,0.04,410,382,406,337,369
END
2.14,0.57,0.57,0.02,0.02,0.02,410,381,407,337,368
2.31,0.38,0.38,0.02,0.02,0.02,410,382,407,337,368
2.06,0.27,0.27,0.03,0.03,0.03,410,381,407,337,369
2.30,0.33,0.33,0.03,0.03,0.03,410,381,407,337,368
2.16,0.22,0.22,0.04,0.04,0.04,409,381,407,337,368
2.09,0.24,0.24,0.06,0.06,0.06,410,381,407,337,368
2.20,0.18,0.18,0.04,0.04,0.04,410,381,407,337,368
2.21,0.34,0.34,0.03,0.03,0.03,410,381,407,337,369
2.09,0.22,0.22,0.02,0.02,0.02,410,382,407,337,369
2.23,0.38,0.38,0.04,0.04,0.04,410,381,406,337,368
2.00,0.39,0.39,0.05,0.05,0.05,410,381,408,337,368
END
2.20,0.52,0.52,0.01,0.01,0.01,410,381,406,337,368
2.51,1.31,1.31,0.08,0.08,0.08,410,381,406,337,368
2.00,0.77,0.77,0.02,0.02,0.02,410,381,406,337,368
2.47,0.90,0.90,0.03,0.03,0.03,410,381,406,337,368
2.01,0.66,0.66,0.08,0.08,0.08,409,381,406,337,368
2.40,0.73,0.73,0.04,0.04,0.04,410,381,406,337,368
2.02,0.60,0.60,0.05,0.05,0.05,410,381,406,337,368
2.36,0.70,0.70,0.03,0.03,0.03,410,381,406,337,368
2.18,0.79,0.79,0.04,0.04,0.04,410,381,406,337,368
1.87,0.71,0.71,0.05,0.05,0.05,409,381,406,337,368
2.07,0.81,0.81,0.04,0.04,0.04,409,381,405,337,368
END
1.88,0.55,0.55,0.04,0.04,0.04,410,382,408,337,370
2.06,0.80,0.80,-0.01,-0.01,-0.01,409,382,408,337,369
2.15,0.70,0.70,0.03,0.03,0.03,409,382,407,338,369
2.28,0.65,0.65,0.02,0.02,0.02,410,382,408,338,369
2.10,0.61,0.61,0.04,0.04,0.04,409,381,407,337,369
2.05,0.79,0.79,0.03,0.03,0.03,409,383,407,338,369
2.22,0.69,0.69,-0.00,-0.00,-0.00,409,381,408,337,369
1.89,0.67,0.67,0.03,0.03,0.03,409,381,407,337,368
2.20,0.84,0.84,0.04,0.04,0.04,410,381,407,337,369
2.09,0.37,0.37,0.04,0.04,0.04,409,381,407,338,369
2.03,0.65,0.65,0.05,0.05,0.05,409,381,407,337,369
END
2.23,0.69,0.69,0.02,0.02,0.02,409,381,407,338,369
2.07,0.47,0.47,0.04,0.04,0.04,409,381,407,338,369
2.29,0.40,0.40,0.04,0.04,0.04,409,381,407,338,368
1.88,0.45,0.45,0.04,0.04,0.04,409,381,406,338,370
2.34,0.78,0.78,0.02,0.02,0.02,409,382,407,338,369
1.84,0.55,0.55,0.02,0.02,0.02,409,380,407,338,369
2.04,0.60,0.60,0.03,0.03,0.03,409,381,407,338,369
2.17,0.59,0.59,0.03,0.03,0.03,409,381,407,338,369
2.07,0.53,0.53,0.03,0.03,0.03,409,380,406,338,369
2.23,0.60,0.60,0.03,0.03,0.03,409,382,407,338,369
2.10,0.56,0.56,0.02,0.02,0.02,409,381,407,338,369
END
2.50,0.46,0.46,0.07,0.07,0.07,420,389,406,336,365
2.72,0.04,0.04,0.01,0.01,0.01,420,388,405,336,365
2.68,-0.03,-0.03,0.02,0.02,0.02,420,388,404,336,364
2.66,0.07,0.07,0.02,0.02,0.02,420,388,404,336,364
2.71,0.20,0.20,0.03,0.03,0.03,420,388,404,336,364
2.61,0.09,0.09,0.02,0.02,0.02,419,387,403,336,363
2.78,0.09,0.09,0.04,0.04,0.04,420,388,403,336,363
3.04,0.11,0.11,0.04,0.04,0.04,419,387,403,336,363
2.61,0.01,0.01,0.02,0.02,0.02,419,387,403,336,364
2.57,-0.17,-0.17,0.05,0.05,0.05,419,387,403,336,363
2.73,-0.08,-0.08,0.05,0.05,0.05,419,387,403,336,364
END
2.68,0.21,0.21,0.03,0.03,0.03,418,387,402,336,363
2.58,0.29,0.29,0.03,0.03,0.03,418,386,402,336,363
2.67,0.24,0.24,0.04,0.04,0.04,418,386,402,336,363
2.68,0.17,0.17,0.03,0.03,0.03,418,386,402,335,364
2.23,-0.11,-0.11,0.05,0.05,0.05,418,386,402,336,363
2.37,0.27,0.27,0.04,0.04,0.04,418,386,402,336,363
2.41,-0.01,-0.01,-0.05,-0.05,-0.05,418,386,402,336,363
2.91,0.14,0.14,-0.00,-0.00,-0.00,418,386,402,336,363
2.44,0.19,0.19,-0.01,-0.01,-0.01,417,386,402,336,363
2.19,0.14,0.14,0.04,0.04,0.04,418,386,402,336,363
2.79,0.25,0.25,0.09,0.09,0.09,418,386,402,336,363
END
3.47,0.04,0.04,0.15,0.15,0.15,418,386,401,337,363
2.87,0.49,0.49,0.03,0.03,0.03,418,385,401,336,363
2.66,0.58,0.58,0.02,0.02,0.02,418,386,400,337,363
2.81,0.39,0.39,0.04,0.04,0.04,418,385,401,337,363
2.89,0.55,0.55,0.03,0.03,0.03,418,386,400,336,363
2.82,0.42,0.42,0.03,0.03,0.03,418,386,400,337,364
2.86,0.70,0.70,0.01,0.01,0.01,418,385,400,336,363
2.64,0.67,0.67,0.02,0.02,0.02,417,386,400,336,363
2.63,0.32,0.32,0.03,0.03,0.03,417,385,400,336,363
3.24,0.98,0.98,-0.02,-0.02,-0.02,417,385,400,336,363
2.28,0.24,0.24,0.01,0.01,0.01,417,385,400,336,363
END
2.81,0.73,0.73,0.04,0.04,0.04,416,384,400,337,362
2.73,0.86,0.86,0.04,0.04,0.04,414,383,399,336,362
2.68,0.75,0.75,0.02,0.02,0.02,414,383,399,336,362
2.84,0.91,0.91,-0.00,-0.00,-0.00,414,383,399,336,362
2.71,0.95,0.95,0.07,0.07,0.07,414,383,399,336,362
2.65,0.98,0.98,0.04,0.04,0.04,414,383,399,336,361
2.67,0.93,0.93,0.02,0.02,0.02,414,382,399,336,362
2.46,0.80,0.80,0.02,0.02,0.02,414,383,399,337,362
2.42,0.73,0.73,0.01,0.01,0.01,414,383,399,337,362
2.71,0.83,0.83,0.04,0.04,0.04,414,383,399,336,362
3.01,1.18,1.18,0.08,0.08,0.08,414,382,399,337,362
END
2.42,0.78,0.78,0.03,0.03,0.03,414,383,398,336,362
2.10,0.80,0.80,0.01,0.01,0.01,414,383,399,336,362
2.54,0.91,0.91,0.04,0.04,0.04,414,383,398,336,361
2.44,0.90,0.90,0.07,0.07,0.07,414,383,399,336,362
2.73,0.83,0.83,0.03,0.03,0.03,414,383,399,337,362
2.56,1.05,1.05,-0.00,-0.00,-0.00,414,383,399,337,362
2.47,1.03,1.03,0.05,0.05,0.05,414,382,399,337,362
2.56,0.74,0.74,-0.02,-0.02,-0.02,414,383,399,337,362
2.30,0.68,0.68,0.00,0.00,0.00,414,383,399,337,362
2.60,0.90,0.90,0.03,0.03,0.03,414,383,398,337,362
2.30,0.79,0.79,0.04,0.04,0.04,414,383,398,337,362
END
2.87,0.85,0.85,0.07,0.07,0.07,416,383,393,336,362
2.73,0.88,0.88,0.04,0.04,0.04,416,383,394,336,361
2.48,0.65,0.65,0.05,0.05,0.05,416,383,395,337,361
2.36,0.62,0.62,0.03,0.03,0.03,415,383,395,337,361
2.53,0.86,0.86,0.04,0.04,0.04,415,383,395,336,362
2.68,0.83,0.83,0.07,0.07,0.07,416,383,395,337,361
2.40,0.55,0.55,0.03,0.03,0.03,415,383,395,336,361
2.04,0.84,0.84,0.04,0.04,0.04,415,383,395,337,361
2.68,0.79,0.79,0.02,0.02,0.02,415,383,395,337,362
2.33,0.80,0.80,0.03,0.03,0.03,415,382,395,337,361
2.35,0.76,0.76,0.03,0.03,0.03,415,382,395,337,361
END
2.47,0.79,0.79,0.04,0.04,0.04,415,382,395,336,362
2.30,0.95,0.95,0.03,0.03,0.03,415,383,397,336,362
2.38,1.05,1.05,0.02,0.02,0.02,415,383,398,336,363
2.47,0.93,0.93,0.01,0.01,0.01,415,383,398,336,363
2.34,0.93,0.93,0.05,0.05,0.05,415,385,402,336,364
2.28,1.06,1.06,0.01,0.01,0.01,418,388,406,336,368
2.33,0.91,0.91,-0.04,-0.04,-0.04,417,386,406,336,369
2.02,0.85,0.85,0.02,0.02,0.02,416,385,405,336,370
2.15,0.90,0.90,0.03,0.03,0.03,416,384,405,336,370
2.46,0.88,0.88,0.05,0.05,0.05,417,384,404,336,371
2.46,0.76,0.76,0.05,0.05,0.05,416,384,404,336,372
END
2.33,0.90,0.90,0.03,0.03,0.03,416,386,409,337,375
2.53,0.99,0.99,0.03,0.03,0.03,416,386,410,337,375
2.22,0.52,0.52,0.02,0.02,0.02,416,386,409,337,375
2.51,0.78,0.78,0.05,0.05,0.05,416,386,409,337,375
2.74,1.14,1.14,0.02,0.02,0.02,416,386,409,337,375
2.58,0.93,0.93,0.05,0.05,0.05,416,385,409,337,375
2.39,0.93,0.93,0.03,0.03,0.03,416,385,409,337,374
2.46,0.95,0.95,0.04,0.04,0.04,416,385,410,337,374
2.46,0.72,0.72,0.04,0.04,0.04,415,385,410,337,374
2.67,0.89,0.89,0.06,0.06,0.06,416,385,409,337,375
2.49,0.85,0.85,0.04,0.04,0.04,416,385,409,337,374
END
2.23,0.78,0.78,0.04,0.04,0.04,415,384,406,337,373
2.71,0.95,0.95,0.05,0.05,0.05,415,384,407,337,373
2.49,0.80,0.80,0.03,0.03,0.03,415,384,406,337,373
2.18,0.93,0.93,0.04,0.04,0.04,414,384,406,337,373
2.59,0.87,0.87,0.03,0.03,0.03,415,385,406,338,373
2.23,0.81,0.81,-0.00,-0.00,-0.00,415,385,406,337,373
2.53,1.00,1.00,0.06,0.06,0.06,414,385,407,336,373
2.57,1.04,1.04,0.04,0.04,0.04,414,385,406,337,373
2.30,0.97,0.97,0.03,0.03,0.03,415,385,406,337,372
2.47,1.02,1.02,0.03,0.03,0.03,414,384,406,337,373
2.47,1.23,1.23,0.05,0.05,0.05,414,384,406,337,372
END
2.20,1.25,1.25,0.01,0.01,0.01,417,388,408,337,373
2.35,0.91,0.91,0.03,0.03,0.03,416,388,407,337,373
2.26,0.94,0.94,0.06,0.06,0.06,416,388,407,337,373
1.97,1.13,1.13,0.04,0.04,0.04,416,388,407,337,373
2.06,1.28,1.28,0.02,0.02,0.02,416,387,407,337,373
2.03,0.98,0.98,0.03,0.03,0.03,416,387,407,337,372
2.11,0.92,0.92,0.02,0.02,0.02,416,388,407,337,373
2.28,1.04,1.04,0.02,0.02,0.02,416,387,407,337,373
2.12,0.78,0.78,0.03,0.03,0.03,416,388,407,337,372
2.37,1.18,1.18,0.05,0.05,0.05,416,388,407,337,373
2.28,1.14,1.14,0.01,0.01,0.01,416,387,407,337,372
END
2.27,1.21,1.21,0.02,0.02,0.02,415,386,406,338,372
2.18,1.01,1.01,0.03,0.03,0.03,415,386,406,338,372
2.10,0.84,0.84,0.01,0.01,0.01,415,386,406,338,372
2.38,0.95,0.95,0.02,0.02,0.02,415,386,406,338,372
2.30,0.85,0.85,0.02,0.02,0.02,415,386,406,338,372
2.12,0.95,0.95,0.03,0.03,0.03,415,386,406,338,372
2.65,1.01,1.01,0.02,0.02,0.02,415,386,406,338,372
2.62,0.89,0.89,0.05,0.05,0.05,415,386,406,338,372
2.36,0.77,0.77,0.03,0.03,0.03,415,386,406,338,372
2.33,0.95,0.95,0.05,0.05,0.05,415,386,406,338,372
2.38,0.87,0.87,0.03,0.03,0.03,415,386,406,338,372
END
2.29,0.83,0.83,0.02,0.02,0.02,415,386,405,340,372
2.46,0.57,0.57,0.02,0.02,0.02,415,386,406,340,372
2.09,0.82,0.82,0.02,0.02,0.02,415,387,405,339,372
2.52,0.95,0.95,0.02,0.02,0.02,415,385,405,339,372
2.61,1.03,1.03,0.00,0.00,0.00,414,383,404,338,372
2.34,1.18,1.18,-0.01,-0.01,-0.01,413,383,404,337,371
2.14,0.78,0.78,0.02,0.02,0.02,412,383,404,337,371
2.48,1.28,1.28,0.03,0.03,0.03,412,383,404,338,371
2.38,0.94,0.94,0.02,0.02,0.02,412,383,404,337,371
2.30,0.89,0.89,0.02,0.02,0.02,414,385,404,337,372
2.47,1.09,1.09,0.04,0.04,0.04,414,385,404,337,373
END
2.54,1.05,1.05,0.03,0.03,0.03,414,385,404,337,372
2.43,0.90,0.90,0.01,0.01,0.01,414,385,404,337,371
2.49,0.95,0.95,0.03,0.03,0.03,414,385,404,337,371
2.58,1.35,1.35,0.04,0.04,0.04,414,385,404,337,372
2.55,1.44,1.44,0.00,0.00,0.00,414,385,404,337,371
2.60,1.11,1.11,0.04,0.04,0.04,414,385,404,337,371
2.43,1.16,1.16,0.02,0.02,0.02,414,385,404,337,372
2.35,1.15,1.15,0.02,0.02,0.02,414,385,404,337,371
2.71,1.23,1.23,0.04,0.04,0.04,414,385,404,337,371
2.51,1.09,1.09,0.03,0.03,0.03,414,385,405,337,371
2.56,0.92,0.92,0.04,0.04,0.04,414,385,404,337,371
END
2.51,0.97,0.97,0.03,0.03,0.03,414,385,404,338,371
2.31,1.32,1.32,0.02,0.02,0.02,414,385,404,338,371
2.43,1.21,1.21,0.02,0.02,0.02,413,385,404,339,371
2.67,1.08,1.08,0.06,0.06,0.06,414,385,404,337,371
2.47,0.71,0.71,0.03,0.03,0.03,413,385,404,337,371
2.44,1.06,1.06,0.04,0.04,0.04,413,384,403,337,371
2.29,1.19,1.19,0.04,0.04,0.04,414,385,404,338,371
2.39,1.28,1.28,0.04,0.04,0.04,414,385,404,338,371
2.37,1.08,1.08,0.01,0.01,0.01,413,384,404,338,371
2.31,1.49,1.49,0.05,0.05,0.05,413,384,404,338,371
2.23,1.36,1.36,0.01,0.01,0.01,413,384,404,338,371
END
2.38,1.41,1.41,0.01,0.01,0.01,413,385,404,337,371
2.49,1.28,1.28,0.02,0.02,0.02,413,385,404,338,371
2.23,1.23,1.23,0.02,0.02,0.02,413,385,404,338,371
2.25,1.18,1.18,0.04,0.04,0.04,413,384,404,337,371
2.40,1.31,1.31,0.04,0.04,0.04,413,384,404,337,371
2.35,0.95,0.95,0.05,0.05,0.05,413,385,404,338,371
2.48,1.10,1.10,0.04,0.04,0.04,413,384,404,337,371
2.30,1.18,1.18,0.04,0.04,0.04,413,385,405,337,371
2.25,1.10,1.10,0.03,0.03,0.03,413,384,404,338,371
2.31,1.08,1.08,0.02,0.02,0.02,413,385,404,338,371
2.32,0.98,0.98,0.03,0.03,0.03,413,385,404,337,371
END
2.31,1.07,1.07,0.02,0.02,0.02,413,384,404,338,371
2.42,1.08,1.08,0.03,0.03,0.03,413,384,404,337,371
2.33,1.16,1.16,0.03,0.03,0.03,413,384,404,338,371
2.40,1.18,1.18,0.03,0.03,0.03,413,385,404,338,371
2.33,1.05,1.05,0.02,0.02,0.02,413,384,404,338,371
2.31,1.08,1.08,0.05,0.05,0.05,413,384,404,338,371
2.57,1.04,1.04,0.04,0.04,0.04,413,385,404,338,371
2.25,1.00,1.00,0.04,0.04,0.04,413,384,403,337,371
2.51,1.04,1.04,0.05,0.05,0.05,413,385,404,338,371
2.47,1.08,1.08,0.00,0.00,0.00,413,384,404,338,371
2.33,0.98,0.98,0.03,0.03,0.03,413,384,403,337,371
END
2.34,0.83,0.83,0.03,0.03,0.03,412,383,403,338,370
2.63,1.41,1.41,0.02,0.02,0.02,412,383,402,337,369
2.17,1.29,1.29,0.05,0.05,0.05,412,383,402,337,369
2.34,1.08,1.08,0.04,0.04,0.04,411,382,400,338,366
2.20,1.25,1.25,0.02,0.02,0.02,411,382,399,338,366
2.20,1.21,1.21,0.02,0.02,0.02,411,382,400,338,367
2.28,1.20,1.20,0.03,0.03,0.03,411,382,400,338,367
2.32,1.10,1.10,0.02,0.02,0.02,411,382,401,338,367
2.41,1.16,1.16,0.05,0.05,0.05,415,389,407,338,372
2.46,1.22,1.22,0.04,0.04,0.04,415,388,406,338,372
2.22,1.25,1.25,0.03,0.03,0.03,415,387,405,338,372
END
2.39,1.32,1.32,0.05,0.05,0.05,415,387,404,338,372
2.25,1.17,1.17,0.04,0.04,0.04,415,387,404,338,372
2.41,1.34,1.34,0.04,0.04,0.04,414,387,404,338,371
2.40,1.42,1.42,0.02,0.02,0.02,415,387,404,338,371
2.15,1.31,1.31,0.02,0.02,0.02,415,387,404,338,372
2.34,1.30,1.30,0.03,0.03,0.03,414,387,404,338,371
2.40,1.34,1.34,0.03,0.03,0.03,414,387,403,338,371
2.26,1.14,1.14,0.04,0.04,0.04,414,387,404,338,371
2.25,1.26,1.26,0.04,0.04,0.04,414,387,404,338,371
2.38,1.21,1.21,0.05,0.05,0.05,414,387,404,338,371
2.36,1.26,1.26,0.03,0.03,0.03,414,386,404,338,371
END
2.13,1.27,1.27,0.03,0.03,0.03,414,387,404,337,371
2.21,1.18,1.18,0.02,0.02,0.02,414,386,403,338,371
2.25,1.25,1.25,0.03,0.03,0.03,414,386,402,338,371
2.39,1.33,1.33,0.02,0.02,0.02,414,386,404,338,371
2.68,1.41,1.41,0.05,0.05,0.05,414,387,404,338,371
2.32,1.11,1.11,0.05,0.05,0.05,415,388,404,338,372
2.44,1.36,1.36,0.00,0.00,0.00,414,388,404,339,371
2.53,1.15,1.15,0.02,0.02,0.02,414,388,404,338,371
2.56,1.29,1.29,0.03,0.03,0.03,414,387,404,338,371
2.42,1.41,1.41,-0.01,-0.01,-0.01,414,387,404,338,371
2.20,1.34,1.34,0.02,0.02,0.02,414,387,404,338,371
END