6.19,-5.61,-5.61,0.10,0.10,0.10,483,450,445,351,394
6.87,-6.32,-6.32,0.08,0.08,0.08,483,450,445,352,394
6.50,-6.47,-6.47,0.04,0.04,0.04,483,450,445,351,394
6.63,-6.37,-6.37,-0.05,-0.05,-0.05,482,450,444,352,394
6.41,-6.21,-6.21,-0.01,-0.01,-0.01,482,450,444,352,393
5.99,-5.86,-5.86,0.06,0.06,0.06,482,450,444,352,393
6.22,-5.62,-5.62,0.20,0.20,0.20,482,449,444,352,393
6.35,-5.71,-5.71,0.36,0.36,0.36,481,449,444,351,393
5.79,-5.92,-5.92,0.42,0.42,0.42,481,449,442,351,389
5.69,-5.71,-5.71,0.37,0.37,0.37,480,449,442,351,388
6.15,-5.14,-5.14,0.40,0.40,0.40,480,448,443,350,388
5.38,-5.13,-5.13,0.42,0.42,0.42,480,448,443,350,387
6.83,-5.38,-5.38,0.60,0.60,0.60,480,448,444,350,387
5.02,-4.72,-4.72,0.40,0.40,0.40,480,448,443,349,387
5.61,-4.61,-4.61,0.69,0.69,0.69,478,448,442,346,386
5.29,-3.73,-3.73,0.43,0.43,0.43,478,448,442,344,385
5.15,-3.45,-3.45,0.49,0.49,0.49,477,448,442,342,385
5.40,-3.07,-3.07,0.39,0.39,0.39,477,447,443,341,385
5.43,-2.69,-2.69,0.37,0.37,0.37,477,447,443,340,385
4.69,-2.19,-2.19,0.40,0.40,0.40,476,447,445,339,387
4.84,-2.40,-2.40,0.08,0.08,0.08,476,447,446,338,387
5.50,-1.91,-1.91,0.52,0.52,0.52,476,447,446,338,387
3.57,-1.44,-1.44,0.30,0.30,0.30,475,447,447,338,386
2.85,-1.05,-1.05,0.50,0.50,0.50,475,446,447,337,386
3.35,-1.08,-1.08,0.26,0.26,0.26,475,446,447,336,385
3.11,-0.75,-0.75,0.16,0.16,0.16,475,446,447,336,385
2.94,-0.52,-0.52,0.16,0.16,0.16,474,446,447,335,385
2.53,-0.47,-0.47,-0.06,-0.06,-0.06,474,446,446,335,385
2.29,-0.22,-0.22,0.12,0.12,0.12,474,446,446,334,385
1.60,-0.17,-0.17,0.09,0.09,0.09,474,446,445,334,384
1.68,0.22,0.22,0.37,0.37,0.37,474,445,443,334,383
0.60,0.17,0.17,0.03,0.03,0.03,474,445,443,334,383
1.70,0.24,0.24,0.11,0.11,0.11,474,445,443,333,383
1.27,-0.03,-0.03,-0.02,-0.02,-0.02,474,444,443,333,383
1.56,0.04,0.04,0.05,0.05,0.05,474,444,443,333,383
1.51,0.21,0.21,-0.04,-0.04,-0.04,474,445,443,333,383
1.20,0.31,0.31,0.03,0.03,0.03,474,444,443,333,383
0.91,0.22,0.22,0.02,0.02,0.02,474,444,443,333,383
1.12,0.15,0.15,0.05,0.05,0.05,474,444,443,333,383
2.84,0.46,0.46,0.12,0.12,0.12,473,444,444,333,383
1.42,-0.06,-0.06,0.02,0.02,0.02,473,444,444,333,383
END
1.24,-0.09,-0.09,0.00,0.00,0.00,474,445,444,338,379
6.22,-4.51,-4.51,0.02,0.02,0.02,474,444,443,338,379
6.05,-4.47,-4.47,0.02,0.02,0.02,474,444,443,338,380
5.23,-4.49,-4.49,-0.03,-0.03,-0.03,474,444,443,338,379
6.38,-4.44,-4.44,0.05,0.05,0.05,474,444,443,338,379
5.67,-4.39,-4.39,-0.00,-0.00,-0.00,474,444,443,338,379
5.14,-4.26,-4.26,0.06,0.06,0.06,473,444,443,338,379
5.04,-4.12,-4.12,0.13,0.13,0.13,473,444,443,338,379
5.24,-4.02,-4.02,0.21,0.21,0.21,473,443,443,338,378
5.33,-3.68,-3.68,0.31,0.31,0.31,473,444,443,338,377
5.28,-3.36,-3.36,0.36,0.36,0.36,473,443,443,338,377
4.92,-3.04,-3.04,0.26,0.26,0.26,472,443,443,338,377
4.77,-2.93,-2.93,0.38,0.38,0.38,472,443,443,338,376
4.26,-2.67,-2.67,0.31,0.31,0.31,472,443,444,338,376
5.54,-2.21,-2.21,0.40,0.40,0.40,472,443,444,338,376
6.32,-1.58,-1.58,0.21,0.21,0.21,471,443,444,337,376
5.73,-1.35,-1.35,0.12,0.12,0.12,471,442,444,337,375
4.84,-1.16,-1.16,0.20,0.20,0.20,471,442,444,337,375
4.74,-0.85,-0.85,0.10,0.10,0.10,471,442,444,337,375
4.93,-0.53,-0.53,0.37,0.37,0.37,471,442,444,336,375
3.04,-0.22,-0.22,0.40,0.40,0.40,471,441,443,336,375
4.16,0.42,0.42,0.22,0.22,0.22,471,441,443,336,374
4.64,1.12,1.12,0.20,0.20,0.20,470,441,444,336,374
3.29,1.00,1.00,0.09,0.09,0.09,470,441,443,336,374
3.26,1.03,1.03,0.07,0.07,0.07,470,441,443,335,374
2.72,1.08,1.08,0.09,0.09,0.09,470,441,443,335,374
2.63,0.93,0.93,0.16,0.16,0.16,470,441,443,335,374
2.54,1.01,1.01,-0.04,-0.04,-0.04,470,441,442,335,374
2.47,0.76,0.76,0.11,0.11,0.11,470,441,441,334,374
2.49,0.74,0.74,0.05,0.05,0.05,470,441,441,334,373
2.16,1.18,1.18,-0.01,-0.01,-0.01,470,441,441,333,373
2.25,1.06,1.06,0.04,0.04,0.04,470,440,441,333,372
2.35,1.08,1.08,-0.09,-0.09,-0.09,470,440,441,332,371
1.93,1.36,1.36,0.05,0.05,0.05,470,440,440,332,372
2.27,1.09,1.09,0.06,0.06,0.06,470,440,439,332,371
2.36,1.22,1.22,0.04,0.04,0.04,470,440,439,333,372
1.84,1.12,1.12,0.04,0.04,0.04,470,440,439,333,372
1.57,1.13,1.13,0.06,0.06,0.06,470,440,439,333,372
1.54,1.09,1.09,0.04,0.04,0.04,470,440,439,333,372
1.81,0.95,0.95,0.03,0.03,0.03,470,440,439,333,372
1.06,0.92,0.92,-0.02,-0.02,-0.02,470,440,439,333,372
END
1.28,1.15,1.15,0.11,0.11,0.11,468,441,440,337,379
5.32,-4.36,-4.36,-0.02,-0.02,-0.02,468,441,440,337,379
5.02,-4.15,-4.15,-0.04,-0.04,-0.04,468,441,440,338,380
4.49,-4.22,-4.22,-0.02,-0.02,-0.02,467,441,441,338,381
4.85,-4.11,-4.11,0.05,0.05,0.05,467,441,442,338,381
4.73,-4.19,-4.19,0.10,0.10,0.10,467,441,442,338,381
4.67,-3.90,-3.90,0.11,0.11,0.11,467,441,442,338,381
4.65,-3.91,-3.91,-0.02,-0.02,-0.02,467,440,442,337,380
3.80,-3.67,-3.67,-0.00,-0.00,-0.00,467,440,442,337,380
3.99,-3.32,-3.32,0.08,0.08,0.08,468,440,442,337,380
5.03,-3.30,-3.30,0.20,0.20,0.20,468,440,441,337,381
4.48,-3.17,-3.17,0.19,0.19,0.19,468,439,441,337,382
4.62,-3.01,-3.01,0.23,0.23,0.23,467,439,441,337,382
4.66,-2.76,-2.76,0.30,0.30,0.30,467,439,441,336,381
5.10,-2.50,-2.50,0.34,0.34,0.34,467,439,442,336,381
4.06,-2.18,-2.18,0.37,0.37,0.37,467,439,442,337,380
3.88,-1.71,-1.71,0.20,0.20,0.20,467,439,442,336,380
3.65,-1.68,-1.68,0.09,0.09,0.09,467,439,442,335,380
3.21,-1.34,-1.34,0.24,0.24,0.24,467,439,442,335,380
4.51,-1.24,-1.24,0.17,0.17,0.17,466,439,442,334,381
4.29,-1.14,-1.14,-0.07,-0.07,-0.07,466,438,442,334,381
3.02,-0.95,-0.95,-0.03,-0.03,-0.03,465,438,442,334,380
3.97,-1.00,-1.00,-0.03,-0.03,-0.03,465,438,442,333,381
3.52,-0.76,-0.76,0.23,0.23,0.23,465,438,442,333,380
2.91,-0.83,-0.83,0.22,0.22,0.22,465,438,442,333,380
2.13,-0.68,-0.68,0.22,0.22,0.22,465,437,442,333,380
3.45,-0.70,-0.70,0.15,0.15,0.15,465,437,442,333,380
2.89,-0.20,-0.20,0.03,0.03,0.03,464,437,442,333,380
2.96,0.06,0.06,0.07,0.07,0.07,464,437,442,334,380
3.13,-0.01,-0.01,0.07,0.07,0.07,464,437,442,333,380
2.24,0.33,0.33,0.18,0.18,0.18,464,437,441,333,380
3.33,0.26,0.26,0.06,0.06,0.06,464,437,441,333,380
1.41,0.42,0.42,-0.08,-0.08,-0.08,464,437,441,333,380
1.64,0.46,0.46,-0.08,-0.08,-0.08,464,436,440,333,380
2.85,0.31,0.31,0.17,0.17,0.17,464,436,441,333,380
3.31,0.24,0.24,0.11,0.11,0.11,464,436,441,333,380
1.98,0.27,0.27,0.01,0.01,0.01,464,436,441,333,380
2.24,0.04,0.04,0.01,0.01,0.01,464,436,441,333,380
2.59,0.31,0.31,0.09,0.09,0.09,464,436,441,333,380
2.22,0.30,0.30,0.17,0.17,0.17,464,436,441,334,380
2.68,0.34,0.34,0.05,0.05,0.05,464,436,441,333,380
END
2.51,0.83,0.83,-0.03,-0.03,-0.03,463,437,440,337,383
5.81,-4.52,-4.52,0.03,0.03,0.03,463,437,439,337,382
5.55,-4.29,-4.29,0.06,0.06,0.06,463,437,439,337,382
5.61,-4.18,-4.18,0.02,0.02,0.02,463,437,439,337,382
5.40,-4.26,-4.26,0.05,0.05,0.05,463,437,439,337,382
5.09,-4.20,-4.20,0.05,0.05,0.05,463,437,438,336,382
4.62,-4.08,-4.08,0.11,0.11,0.11,463,437,438,336,382
4.74,-3.78,-3.78,0.21,0.21,0.21,463,437,438,336,382
4.72,-3.27,-3.27,0.36,0.36,0.36,463,437,437,336,382
4.85,-3.09,-3.09,0.50,0.50,0.50,463,437,438,335,381
7.15,-2.25,-2.25,0.45,0.45,0.45,463,437,438,335,381
4.85,-2.39,-2.39,0.12,0.12,0.12,462,437,437,335,380
5.68,-2.24,-2.24,0.28,0.28,0.28,462,436,437,334,380
6.15,-2.12,-2.12,0.13,0.13,0.13,462,436,437,333,379
4.84,-2.07,-2.07,0.20,0.20,0.20,462,436,436,333,378
4.57,-1.03,-1.03,0.23,0.23,0.23,462,436,435,332,377
4.61,-0.91,-0.91,0.39,0.39,0.39,461,436,434,332,375
4.04,-0.43,-0.43,0.31,0.31,0.31,461,435,435,331,374
4.39,-0.14,-0.14,0.19,0.19,0.19,461,435,434,331,374
3.98,0.06,0.06,0.15,0.15,0.15,461,435,434,331,374
3.29,0.26,0.26,0.12,0.12,0.12,461,435,434,331,373
3.45,0.51,0.51,0.20,0.20,0.20,461,435,435,331,373
4.21,0.47,0.47,0.02,0.02,0.02,460,435,436,331,374
2.96,0.45,0.45,-0.18,-0.18,-0.18,461,434,436,331,376
3.93,0.03,0.03,0.00,0.00,0.00,460,434,435,331,374
2.19,0.48,0.48,0.09,0.09,0.09,461,435,435,331,374
3.57,0.67,0.67,0.33,0.33,0.33,460,435,435,330,374
2.68,0.58,0.58,0.19,0.19,0.19,460,435,434,330,372
1.67,0.48,0.48,-0.02,-0.02,-0.02,461,435,434,330,372
2.96,0.88,0.88,0.00,0.00,0.00,461,435,433,330,372
3.27,0.90,0.90,0.02,0.02,0.02,460,435,433,330,372
2.28,1.36,1.36,-0.02,-0.02,-0.02,461,434,434,330,372
1.11,0.90,0.90,0.01,0.01,0.01,461,435,434,330,372
2.38,0.32,0.32,0.07,0.07,0.07,461,435,433,330,372
2.25,0.52,0.52,0.05,0.05,0.05,461,434,434,330,372
1.97,0.30,0.30,0.04,0.04,0.04,461,434,433,330,372
1.88,0.71,0.71,0.01,0.01,0.01,461,434,433,330,372
1.51,0.52,0.52,0.07,0.07,0.07,460,434,433,330,373
2.00,0.63,0.63,0.07,0.07,0.07,460,434,433,330,373
1.69,0.70,0.70,0.04,0.04,0.04,461,434,434,330,373
2.30,0.61,0.61,0.06,0.06,0.06,461,434,434,330,374
END
1.54,0.89,0.89,-0.01,-0.01,-0.01,458,431,431,343,377
5.38,-5.41,-5.41,0.11,0.11,0.11,458,431,431,342,376
5.25,-5.25,-5.25,0.09,0.09,0.09,457,431,431,341,374
5.71,-5.07,-5.07,0.13,0.13,0.13,457,431,430,341,374
5.99,-4.67,-4.67,-0.00,-0.00,-0.00,455,431,429,340,374
5.75,-4.82,-4.82,0.01,0.01,0.01,454,431,429,340,374
5.43,-4.67,-4.67,-0.02,-0.02,-0.02,454,430,429,340,374
4.92,-4.46,-4.46,0.02,0.02,0.02,454,430,429,340,374
4.36,-4.26,-4.26,0.11,0.11,0.11,454,430,429,340,374
4.59,-3.93,-3.93,0.31,0.31,0.31,454,430,429,339,374
4.74,-3.63,-3.63,0.35,0.35,0.35,454,430,430,337,374
4.83,-2.84,-2.84,0.66,0.66,0.66,454,430,431,336,373
5.46,-2.77,-2.77,0.39,0.39,0.39,454,429,431,333,372
5.03,-2.39,-2.39,0.29,0.29,0.29,454,428,431,332,372
5.83,-2.02,-2.02,0.20,0.20,0.20,454,428,432,332,372
5.86,-1.97,-1.97,0.26,0.26,0.26,454,428,431,331,372
4.66,-2.03,-2.03,0.17,0.17,0.17,454,428,431,331,373
4.46,-1.77,-1.77,0.04,0.04,0.04,454,428,431,331,373
4.78,-1.46,-1.46,0.13,0.13,0.13,454,428,431,331,373
3.36,-1.13,-1.13,0.36,0.36,0.36,454,428,433,331,375
3.27,-1.26,-1.26,0.12,0.12,0.12,455,428,437,331,376
4.46,-0.62,-0.62,0.49,0.49,0.49,455,425,438,331,378
4.60,-0.02,-0.02,0.19,0.19,0.19,454,424,437,330,378
4.00,-0.24,-0.24,0.31,0.31,0.31,454,424,437,330,377
2.63,-0.08,-0.08,0.10,0.10,0.10,455,425,436,330,378
3.04,-0.09,-0.09,0.13,0.13,0.13,456,425,436,330,377
2.84,-0.09,-0.09,0.07,0.07,0.07,455,425,437,330,377
2.76,0.10,0.10,0.02,0.02,0.02,455,425,436,330,377
3.14,0.15,0.15,-0.08,-0.08,-0.08,457,429,437,330,377
3.26,0.25,0.25,0.02,0.02,0.02,458,430,437,330,377
3.08,0.24,0.24,-0.04,-0.04,-0.04,459,430,437,330,377
2.90,0.29,0.29,-0.00,-0.00,-0.00,459,429,437,330,377
2.77,0.39,0.39,-0.03,-0.03,-0.03,459,429,437,330,377
2.57,0.31,0.31,0.01,0.01,0.01,458,428,437,330,377
2.30,0.33,0.33,0.03,0.03,0.03,458,428,437,330,377
2.48,0.17,0.17,0.05,0.05,0.05,458,428,437,330,378
2.35,0.06,0.06,0.04,0.04,0.04,458,428,436,330,378
2.65,0.00,0.00,0.05,0.05,0.05,458,428,436,330,378
2.51,-0.07,-0.07,0.03,0.03,0.03,458,428,436,330,378
2.48,0.06,0.06,0.01,0.01,0.01,457,428,436,330,378
2.80,-0.01,-0.01,0.04,0.04,0.04,458,427,436,330,378
END
2.58,0.15,0.15,0.01,0.01,0.01,455,429,435,337,382
5.64,-4.92,-4.92,0.17,0.17,0.17,455,429,435,337,382
5.96,-4.95,-4.95,0.13,0.13,0.13,455,429,435,337,382
5.82,-4.77,-4.77,0.05,0.05,0.05,455,430,434,337,382
5.68,-4.76,-4.76,0.05,0.05,0.05,455,430,432,337,382
4.90,-4.26,-4.26,0.11,0.11,0.11,456,429,432,337,382
4.69,-4.34,-4.34,0.22,0.22,0.22,455,429,433,336,382
4.57,-4.26,-4.26,0.33,0.33,0.33,455,428,434,336,382
3.30,-3.88,-3.88,0.05,0.05,0.05,455,427,434,335,383
3.56,-3.92,-3.92,0.21,0.21,0.21,456,426,432,335,383
4.64,-3.46,-3.46,0.43,0.43,0.43,456,425,432,334,384
3.78,-3.06,-3.06,0.32,0.32,0.32,456,425,432,334,383
3.40,-2.31,-2.31,0.59,0.59,0.59,455,425,432,334,382
4.57,-1.85,-1.85,0.21,0.21,0.21,455,424,432,333,380
5.49,-2.15,-2.15,0.18,0.18,0.18,454,424,432,333,379
4.14,-1.97,-1.97,0.41,0.41,0.41,453,423,432,333,378
3.90,-2.10,-2.10,-0.03,-0.03,-0.03,453,423,432,333,377
4.06,-1.99,-1.99,0.10,0.10,0.10,453,423,432,333,377
3.13,-1.90,-1.90,-0.08,-0.08,-0.08,453,423,432,332,377
4.13,-2.43,-2.43,-0.06,-0.06,-0.06,453,423,432,333,376
2.45,-2.11,-2.11,0.10,0.10,0.10,453,422,432,333,376
2.78,-2.13,-2.13,0.01,0.01,0.01,453,423,432,333,376
3.25,-2.00,-2.00,-0.01,-0.01,-0.01,453,423,432,333,376
2.40,-2.05,-2.05,0.01,0.01,0.01,453,423,432,333,376
2.82,-1.80,-1.80,-0.03,-0.03,-0.03,453,423,432,333,376
2.99,-1.82,-1.82,0.00,0.00,0.00,453,423,432,333,376
3.07,-1.72,-1.72,0.00,0.00,0.00,453,423,432,333,376
2.81,-2.03,-2.03,0.04,0.04,0.04,453,423,432,333,375
2.57,-1.81,-1.81,-0.01,-0.01,-0.01,453,423,432,333,376
3.40,-1.30,-1.30,0.02,0.02,0.02,453,423,432,333,376
2.89,-1.95,-1.95,0.11,0.11,0.11,453,423,432,333,376
3.10,-2.17,-2.17,0.10,0.10,0.10,453,423,432,333,376
3.22,-2.01,-2.01,0.04,0.04,0.04,453,423,432,333,376
3.35,-2.10,-2.10,0.09,0.09,0.09,453,423,432,333,376
3.13,-2.07,-2.07,-0.02,-0.02,-0.02,453,423,432,333,376
2.36,-1.92,-1.92,0.03,0.03,0.03,453,423,432,333,377
2.96,-1.87,-1.87,0.01,0.01,0.01,453,423,432,333,377
2.94,-1.81,-1.81,0.02,0.02,0.02,453,422,432,333,376
3.22,-1.83,-1.83,0.05,0.05,0.05,452,422,432,333,376
3.21,-1.48,-1.48,0.04,0.04,0.04,452,422,432,333,376
2.92,-1.66,-1.66,0.04,0.04,0.04,453,422,432,333,377
END
3.55,-1.33,-1.33,0.13,0.13,0.13,455,426,426,336,380
6.04,-4.92,-4.92,0.13,0.13,0.13,455,426,426,336,380
6.55,-5.19,-5.19,0.09,0.09,0.09,455,426,426,336,380
6.20,-5.00,-5.00,0.04,0.04,0.04,455,426,426,336,380
6.22,-4.92,-4.92,0.01,0.01,0.01,455,426,426,336,380
5.38,-4.63,-4.63,0.02,0.02,0.02,455,426,426,336,380
5.11,-4.28,-4.28,0.08,0.08,0.08,455,426,426,336,380
4.97,-4.41,-4.41,0.16,0.16,0.16,455,426,427,336,380
5.97,-4.38,-4.38,0.32,0.32,0.32,455,426,427,335,379
5.51,-3.84,-3.84,0.21,0.21,0.21,455,427,427,335,379
5.47,-3.94,-3.94,0.13,0.13,0.13,455,427,427,336,379
3.40,-3.31,-3.31,0.04,0.04,0.04,455,427,427,335,379
4.95,-3.27,-3.27,0.42,0.42,0.42,455,426,427,335,379
6.36,-3.41,-3.41,0.59,0.59,0.59,454,426,428,334,379
5.31,-2.87,-2.87,0.64,0.64,0.64,454,426,429,333,378
4.66,-2.63,-2.63,0.13,0.13,0.13,453,425,429,333,378
4.95,-2.70,-2.70,-0.10,-0.10,-0.10,453,425,429,333,378
2.89,-2.19,-2.19,0.03,0.03,0.03,453,425,430,332,378
4.70,-2.41,-2.41,-0.11,-0.11,-0.11,453,424,429,333,377
3.29,-2.46,-2.46,0.15,0.15,0.15,452,424,429,332,377
4.91,-2.48,-2.48,0.28,0.28,0.28,452,424,429,332,377
5.96,-3.05,-3.05,0.24,0.24,0.24,452,423,429,331,377
3.68,-2.60,-2.60,-0.17,-0.17,-0.17,452,423,429,331,378
2.84,-2.23,-2.23,-0.18,-0.18,-0.18,452,423,429,332,378
2.33,-2.45,-2.45,-0.10,-0.10,-0.10,452,423,429,331,377
2.48,-2.42,-2.42,-0.02,-0.02,-0.02,452,423,429,332,377
2.27,-2.35,-2.35,-0.11,-0.11,-0.11,452,423,429,331,377
2.25,-2.19,-2.19,0.08,0.08,0.08,452,424,429,331,378
2.98,-2.28,-2.28,0.05,0.05,0.05,453,423,429,331,378
3.32,-2.78,-2.78,0.13,0.13,0.13,453,422,429,331,378
2.91,-2.56,-2.56,-0.07,-0.07,-0.07,452,422,429,331,378
3.27,-2.44,-2.44,0.04,0.04,0.04,452,423,429,331,377
3.45,-2.40,-2.40,0.03,0.03,0.03,452,422,429,331,377
3.11,-2.38,-2.38,0.03,0.03,0.03,452,422,429,331,377
3.45,-2.19,-2.19,0.03,0.03,0.03,452,423,429,331,377
3.41,-2.28,-2.28,0.01,0.01,0.01,452,423,429,331,377
3.37,-2.07,-2.07,0.06,0.06,0.06,452,423,429,331,377
4.21,-2.29,-2.29,0.00,0.00,0.00,452,422,429,331,377
2.68,-2.04,-2.04,0.07,0.07,0.07,452,423,429,331,377
3.31,-2.20,-2.20,0.06,0.06,0.06,452,423,429,331,377
3.16,-2.12,-2.12,0.05,0.05,0.05,452,423,429,331,377
END
3.09,-1.99,-1.99,0.08,0.08,0.08,449,425,425,334,374
6.96,-4.31,-4.31,0.07,0.07,0.07,449,424,425,334,373
6.47,-4.34,-4.34,0.02,0.02,0.02,449,424,425,333,373
5.76,-4.09,-4.09,0.03,0.03,0.03,449,424,426,333,373
5.63,-3.79,-3.79,0.09,0.09,0.09,449,424,426,333,373
5.22,-3.58,-3.58,0.11,0.11,0.11,449,424,426,333,373
4.55,-3.85,-3.85,0.24,0.24,0.24,449,424,425,333,373
5.97,-3.32,-3.32,0.46,0.46,0.46,449,424,426,333,372
5.10,-2.96,-2.96,0.34,0.34,0.34,449,424,426,333,371
5.56,-2.61,-2.61,0.18,0.18,0.18,449,424,426,333,371
5.30,-2.48,-2.48,0.04,0.04,0.04,448,423,426,333,370
4.10,-1.98,-1.98,0.25,0.25,0.25,449,424,426,333,369
6.60,-1.74,-1.74,0.39,0.39,0.39,449,423,427,332,371
5.04,-1.85,-1.85,0.10,0.10,0.10,449,423,429,332,373
3.78,-1.70,-1.70,0.38,0.38,0.38,449,423,430,332,373
4.84,-1.39,-1.39,-0.01,-0.01,-0.01,448,423,429,331,373
4.69,-1.39,-1.39,0.08,0.08,0.08,448,423,429,331,371
4.05,-1.21,-1.21,-0.05,-0.05,-0.05,448,423,429,331,371
4.26,-1.64,-1.64,-0.00,-0.00,-0.00,447,423,428,331,370
3.68,-1.67,-1.67,0.04,0.04,0.04,447,423,428,331,369
4.39,-2.01,-2.01,-0.69,-0.69,-0.69,447,423,428,330,369
3.83,-1.95,-1.95,0.12,0.12,0.12,447,423,428,330,369
4.91,-2.41,-2.41,0.19,0.19,0.19,447,423,428,329,369
3.95,-1.49,-1.49,0.15,0.15,0.15,447,423,428,330,369
2.45,-1.56,-1.56,0.13,0.13,0.13,448,423,428,330,369
2.73,-1.20,-1.20,0.09,0.09,0.09,448,423,428,330,369
2.81,-0.92,-0.92,0.07,0.07,0.07,448,423,428,330,370
3.96,-1.01,-1.01,0.14,0.14,0.14,448,423,428,330,370
2.63,-1.29,-1.29,0.01,0.01,0.01,449,423,428,330,370
2.05,-1.41,-1.41,0.01,0.01,0.01,449,423,428,330,369
2.90,-1.31,-1.31,-0.25,-0.25,-0.25,449,423,428,330,368
2.96,-1.29,-1.29,-0.01,-0.01,-0.01,449,423,428,330,367
2.71,-1.54,-1.54,0.15,0.15,0.15,449,423,427,330,366
2.27,-1.48,-1.48,0.11,0.11,0.11,449,423,427,330,366
2.94,-1.18,-1.18,0.10,0.10,0.10,449,423,427,330,366
2.42,-0.68,-0.68,0.30,0.30,0.30,449,423,427,330,366
2.94,-0.78,-0.78,0.05,0.05,0.05,449,423,427,330,366
2.92,-0.60,-0.60,0.01,0.01,0.01,449,423,427,331,366
3.00,-0.83,-0.83,-0.06,-0.06,-0.06,449,422,427,330,366
1.84,-0.78,-0.78,-0.03,-0.03,-0.03,449,423,427,330,366
3.17,-0.62,-0.62,0.03,0.03,0.03,449,422,427,330,367
END
2.61,-0.68,-0.68,0.07,0.07,0.07,447,425,430,338,373
5.61,-3.98,-3.98,-0.07,-0.07,-0.07,448,425,430,339,373
5.48,-3.90,-3.90,-0.07,-0.07,-0.07,447,425,430,339,373
5.57,-4.09,-4.09,0.09,0.09,0.09,448,425,430,338,372
5.79,-3.94,-3.94,0.16,0.16,0.16,447,424,430,338,372
5.80,-3.90,-3.90,0.15,0.15,0.15,448,424,430,338,372
6.31,-3.66,-3.66,0.14,0.14,0.14,447,424,430,337,372
5.50,-3.67,-3.67,0.04,0.04,0.04,447,424,430,337,371
3.68,-3.51,-3.51,0.07,0.07,0.07,446,424,430,337,370
4.39,-3.50,-3.50,0.28,0.28,0.28,446,423,430,336,370
4.18,-3.38,-3.38,0.21,0.21,0.21,446,423,430,336,370
4.14,-3.22,-3.22,0.34,0.34,0.34,446,423,431,334,370
4.97,-3.20,-3.20,0.21,0.21,0.21,445,423,431,333,372
3.70,-3.00,-3.00,0.32,0.32,0.32,445,424,431,333,372
5.26,-2.71,-2.71,0.26,0.26,0.26,444,423,430,333,371
3.64,-2.02,-2.02,0.31,0.31,0.31,444,424,429,332,371
4.41,-1.68,-1.68,0.33,0.33,0.33,444,424,429,332,371
3.83,-1.26,-1.26,0.27,0.27,0.27,444,424,429,332,371
4.70,-1.13,-1.13,0.25,0.25,0.25,443,423,429,332,370
5.07,-1.20,-1.20,0.06,0.06,0.06,443,423,430,331,372
4.34,-0.87,-0.87,0.09,0.09,0.09,443,423,430,331,372
2.84,-0.83,-0.83,0.02,0.02,0.02,443,423,430,331,371
3.52,-0.77,-0.77,0.14,0.14,0.14,443,423,429,331,372
3.29,-0.62,-0.62,-0.01,-0.01,-0.01,443,423,430,331,372
3.19,-1.02,-1.02,0.19,0.19,0.19,443,422,429,331,372
2.86,-0.83,-0.83,-0.14,-0.14,-0.14,443,422,430,331,372
2.86,-0.67,-0.67,-0.06,-0.06,-0.06,444,422,429,331,372
2.73,-0.29,-0.29,-0.03,-0.03,-0.03,444,421,429,331,374
2.20,-0.68,-0.68,0.10,0.10,0.10,444,420,429,331,374
3.44,-1.08,-1.08,0.11,0.11,0.11,444,420,428,330,374
2.57,-0.78,-0.78,0.03,0.03,0.03,445,420,428,330,375
2.84,-0.87,-0.87,-0.01,-0.01,-0.01,445,420,428,330,374
2.28,-0.39,-0.39,0.04,0.04,0.04,445,420,428,330,374
2.50,-0.62,-0.62,0.15,0.15,0.15,445,420,427,330,374
2.51,-0.46,-0.46,0.08,0.08,0.08,445,420,427,330,374
3.45,-0.57,-0.57,0.21,0.21,0.21,445,420,427,330,374
2.60,-0.57,-0.57,0.04,0.04,0.04,445,420,427,330,374
2.66,-0.11,-0.11,0.02,0.02,0.02,445,420,427,330,373
3.41,-0.29,-0.29,0.05,0.05,0.05,445,420,428,330,373
2.76,-0.23,-0.23,0.08,0.08,0.08,445,420,428,330,373
2.97,-0.26,-0.26,0.05,0.05,0.05,445,420,427,330,373
END
2.95,-0.26,-0.26,0.04,0.04,0.04,445,423,427,333,373
6.02,-3.93,-3.93,0.01,0.01,0.01,445,423,427,333,374
6.18,-3.80,-3.80,0.09,0.09,0.09,444,423,426,333,374
5.56,-3.75,-3.75,-0.03,-0.03,-0.03,445,423,425,333,374
6.19,-3.95,-3.95,0.02,0.02,0.02,444,423,425,333,374
6.22,-3.90,-3.90,0.08,0.08,0.08,444,422,425,333,373
5.71,-3.76,-3.76,0.08,0.08,0.08,444,423,425,334,373
5.66,-3.66,-3.66,0.10,0.10,0.10,445,422,425,333,373
4.77,-3.58,-3.58,0.09,0.09,0.09,445,422,425,333,373
5.84,-3.55,-3.55,0.21,0.21,0.21,444,422,425,333,373
5.05,-3.36,-3.36,0.09,0.09,0.09,444,422,425,333,373
5.96,-2.98,-2.98,0.19,0.19,0.19,444,422,425,333,373
4.98,-2.61,-2.61,0.06,0.06,0.06,444,421,425,333,373
4.36,-2.33,-2.33,-0.01,-0.01,-0.01,443,421,425,333,373
4.92,-2.30,-2.30,0.35,0.35,0.35,443,421,425,333,374
4.67,-1.72,-1.72,0.45,0.45,0.45,443,421,427,333,375
4.62,-1.41,-1.41,0.43,0.43,0.43,443,420,426,333,375
4.81,-0.65,-0.65,0.26,0.26,0.26,442,420,427,333,377
5.46,-1.03,-1.03,0.00,0.00,0.00,442,420,426,333,377
4.75,-0.98,-0.98,0.27,0.27,0.27,442,419,427,333,377
4.99,-0.91,-0.91,0.06,0.06,0.06,442,419,427,333,377
4.43,-1.01,-1.01,0.04,0.04,0.04,442,418,427,333,377
3.61,-0.72,-0.72,0.06,0.06,0.06,442,418,427,333,377
4.57,-0.93,-0.93,-0.15,-0.15,-0.15,443,419,427,332,376
4.05,-1.08,-1.08,-0.10,-0.10,-0.10,443,418,427,332,377
3.63,-0.83,-0.83,-0.06,-0.06,-0.06,443,418,426,332,377
4.21,-1.11,-1.11,0.10,0.10,0.10,443,418,426,332,376
3.54,-0.52,-0.52,0.11,0.11,0.11,443,418,427,332,376
3.22,-0.37,-0.37,0.05,0.05,0.05,443,418,427,332,375
3.45,0.03,0.03,0.03,0.03,0.03,444,418,427,332,376
4.11,-0.39,-0.39,-0.04,-0.04,-0.04,445,418,427,332,376
2.46,-0.41,-0.41,0.04,0.04,0.04,446,418,427,332,376
3.40,-0.45,-0.45,0.19,0.19,0.19,446,418,427,332,376
3.25,-0.34,-0.34,0.14,0.14,0.14,446,418,427,332,376
3.29,-0.03,-0.03,0.07,0.07,0.07,446,418,427,332,375
3.08,-0.11,-0.11,0.10,0.10,0.10,446,419,427,332,375
3.08,-0.12,-0.12,0.08,0.08,0.08,446,419,427,332,375
3.11,-0.11,-0.11,0.04,0.04,0.04,445,419,427,331,375
3.12,0.14,0.14,0.06,0.06,0.06,445,419,427,332,375
3.03,0.01,0.01,0.07,0.07,0.07,445,419,427,332,375
2.71,0.12,0.12,0.08,0.08,0.08,445,420,427,332,375
END
3.14,0.17,0.17,0.02,0.02,0.02,448,428,430,337,377
5.80,-4.69,-4.69,0.04,0.04,0.04,448,428,430,337,377
5.38,-4.61,-4.61,0.04,0.04,0.04,448,428,430,337,377
5.41,-4.52,-4.52,0.06,0.06,0.06,448,427,430,337,377
5.75,-4.77,-4.77,0.06,0.06,0.06,448,427,430,337,377
5.48,-4.61,-4.61,0.07,0.07,0.07,448,427,429,337,377
4.43,-4.21,-4.21,0.04,0.04,0.04,448,427,430,337,377
4.40,-3.79,-3.79,0.24,0.24,0.24,448,428,431,336,377
4.52,-4.03,-4.03,0.22,0.22,0.22,449,428,432,336,378
5.10,-4.11,-4.11,0.31,0.31,0.31,449,427,433,336,378
6.45,-4.01,-4.01,0.11,0.11,0.11,450,426,434,336,379
4.90,-3.54,-3.54,0.19,0.19,0.19,451,425,436,336,380
4.77,-2.98,-2.98,0.26,0.26,0.26,450,425,436,335,380
4.95,-2.94,-2.94,0.50,0.50,0.50,449,425,434,334,378
5.08,-2.31,-2.31,0.51,0.51,0.51,449,425,433,333,378
5.06,-1.87,-1.87,0.35,0.35,0.35,448,426,433,333,377
4.46,-1.67,-1.67,0.31,0.31,0.31,448,426,433,333,376
4.50,-1.34,-1.34,0.35,0.35,0.35,448,427,432,332,374
5.08,-0.84,-0.84,0.04,0.04,0.04,448,426,431,332,372
5.69,-0.86,-0.86,0.03,0.03,0.03,448,425,430,332,373
4.52,-1.23,-1.23,0.28,0.28,0.28,448,425,430,332,373
4.95,-1.50,-1.50,0.02,0.02,0.02,447,424,430,332,373
3.58,-0.76,-0.76,0.08,0.08,0.08,448,424,430,332,373
4.59,-0.60,-0.60,0.08,0.08,0.08,448,424,430,332,373
3.14,-0.42,-0.42,0.07,0.07,0.07,447,424,430,332,373
3.58,-0.27,-0.27,0.10,0.10,0.10,446,423,429,331,372
4.43,-0.78,-0.78,0.33,0.33,0.33,446,423,429,331,371
3.07,-1.67,-1.67,0.13,0.13,0.13,446,424,428,331,370
2.67,-0.73,-0.73,-0.04,-0.04,-0.04,446,424,428,331,370
2.04,-0.43,-0.43,0.00,0.00,0.00,446,424,428,331,370
2.64,-0.16,-0.16,0.06,0.06,0.06,446,423,428,331,371
3.04,-0.43,-0.43,0.02,0.02,0.02,446,423,428,331,371
3.01,-0.39,-0.39,0.08,0.08,0.08,446,423,428,331,371
2.99,-0.47,-0.47,0.03,0.03,0.03,446,423,428,331,371
3.63,-0.47,-0.47,0.02,0.02,0.02,446,423,428,331,370
3.22,-0.48,-0.48,0.05,0.05,0.05,447,423,427,331,371
3.08,-0.60,-0.60,0.01,0.01,0.01,446,423,427,331,370
3.72,-0.40,-0.40,0.02,0.02,0.02,446,423,427,330,370
3.53,-0.32,-0.32,0.01,0.01,0.01,446,423,427,330,371
3.30,-0.34,-0.34,0.03,0.03,0.03,446,423,427,330,371
3.37,-0.31,-0.31,0.02,0.02,0.02,446,423,427,331,371
END
3.07,-0.31,-0.31,0.02,0.02,0.02,446,425,422,335,377
6.04,-4.56,-4.56,0.14,0.14,0.14,447,425,422,335,377
6.36,-4.39,-4.39,0.14,0.14,0.14,446,425,422,335,377
6.25,-4.42,-4.42,0.07,0.07,0.07,446,425,422,335,377
6.14,-4.19,-4.19,0.06,0.06,0.06,446,424,422,335,377
5.69,-4.27,-4.27,0.09,0.09,0.09,446,424,422,335,375
5.64,-3.89,-3.89,0.20,0.20,0.20,446,424,422,334,375
6.31,-3.65,-3.65,0.32,0.32,0.32,446,424,423,334,374
4.51,-3.42,-3.42,0.26,0.26,0.26,446,424,424,333,372
5.86,-3.16,-3.16,0.59,0.59,0.59,445,424,424,333,367
6.04,-3.07,-3.07,0.44,0.44,0.44,445,424,423,333,363
5.49,-2.73,-2.73,0.43,0.43,0.43,445,424,423,333,363
5.69,-2.51,-2.51,0.43,0.43,0.43,445,423,424,333,364
5.10,-2.49,-2.49,0.19,0.19,0.19,445,423,424,332,364
5.84,-2.35,-2.35,0.16,0.16,0.16,444,422,424,332,364
3.45,-1.87,-1.87,0.21,0.21,0.21,443,421,426,332,366
4.87,-1.97,-1.97,0.29,0.29,0.29,442,420,424,331,372
3.42,-1.35,-1.35,0.19,0.19,0.19,442,420,423,330,375
4.76,-1.46,-1.46,0.09,0.09,0.09,442,420,423,330,374
3.78,-0.94,-0.94,-0.04,-0.04,-0.04,442,420,423,330,372
4.40,-0.93,-0.93,0.18,0.18,0.18,442,420,423,330,371
4.02,-1.14,-1.14,-0.05,-0.05,-0.05,442,420,423,330,370
3.69,-1.08,-1.08,0.10,0.10,0.10,442,420,423,330,370
3.52,-1.07,-1.07,0.04,0.04,0.04,442,420,423,330,369
4.10,-1.12,-1.12,-0.00,-0.00,-0.00,442,420,423,330,367
4.19,-0.75,-0.75,-0.03,-0.03,-0.03,442,420,423,330,367
3.79,-0.52,-0.52,0.01,0.01,0.01,441,420,423,330,366
3.46,-0.55,-0.55,0.07,0.07,0.07,441,420,423,330,366
3.07,-0.50,-0.50,0.05,0.05,0.05,441,420,423,330,365
3.61,-0.33,-0.33,0.06,0.06,0.06,441,420,422,330,365
3.45,-0.06,-0.06,0.09,0.09,0.09,441,420,422,330,364
4.25,0.11,0.11,0.12,0.12,0.12,441,420,422,330,364
3.35,-0.01,-0.01,0.06,0.06,0.06,441,420,422,330,363
3.10,-0.14,-0.14,0.09,0.09,0.09,441,420,422,330,363
3.37,-0.08,-0.08,0.05,0.05,0.05,441,420,422,330,363
2.83,-0.08,-0.08,0.06,0.06,0.06,441,420,422,330,362
3.18,-0.10,-0.10,0.06,0.06,0.06,441,420,422,330,362
3.12,0.00,0.00,0.05,0.05,0.05,441,420,422,330,362
3.08,0.04,0.04,0.02,0.02,0.02,441,420,422,330,362
3.31,0.08,0.08,0.04,0.04,0.04,440,420,422,330,362
3.06,0.18,0.18,0.01,0.01,0.01,441,419,422,330,362
END
3.36,0.04,0.04,0.04,0.04,0.04,446,423,422,339,378
5.53,-4.32,-4.32,0.20,0.20,0.20,446,424,423,340,379
6.12,-4.72,-4.72,0.11,0.11,0.11,446,424,423,340,379
5.53,-4.75,-4.75,0.02,0.02,0.02,446,424,423,340,379
5.58,-4.47,-4.47,0.04,0.04,0.04,446,424,423,340,378
4.93,-4.08,-4.08,0.08,0.08,0.08,446,423,424,340,379
4.40,-4.13,-4.13,0.07,0.07,0.07,446,423,425,339,378
4.44,-3.75,-3.75,0.01,0.01,0.01,444,423,426,338,377
4.39,-3.38,-3.38,-0.01,-0.01,-0.01,444,422,427,338,375
5.97,-3.39,-3.39,0.46,0.46,0.46,443,422,426,337,374
4.97,-3.37,-3.37,0.41,0.41,0.41,443,422,426,337,373
7.31,-2.68,-2.68,0.49,0.49,0.49,442,421,426,337,373
5.41,-2.67,-2.67,0.03,0.03,0.03,442,421,426,337,374
4.27,-2.36,-2.36,0.02,0.02,0.02,442,421,427,337,376
7.11,-2.45,-2.45,0.25,0.25,0.25,442,421,427,337,377
5.18,-2.54,-2.54,0.19,0.19,0.19,442,421,427,337,376
5.41,-2.61,-2.61,0.24,0.24,0.24,442,420,427,336,376
4.71,-2.46,-2.46,0.31,0.31,0.31,441,420,427,335,375
4.31,-2.30,-2.30,0.21,0.21,0.21,441,420,427,335,374
3.68,-1.87,-1.87,0.18,0.18,0.18,441,420,426,335,374
3.34,-1.89,-1.89,0.15,0.15,0.15,441,420,426,334,374
4.24,-1.99,-1.99,0.05,0.05,0.05,440,421,425,334,372
3.42,-1.83,-1.83,-0.06,-0.06,-0.06,440,420,425,334,372
3.09,-1.77,-1.77,0.02,0.02,0.02,439,420,425,334,371
2.94,-1.64,-1.64,0.14,0.14,0.14,439,420,425,334,371
3.16,-1.78,-1.78,0.19,0.19,0.19,439,420,425,334,370
3.25,-1.75,-1.75,0.07,0.07,0.07,439,420,425,334,370
3.44,-1.54,-1.54,0.05,0.05,0.05,439,420,424,334,370
3.19,-1.51,-1.51,0.04,0.04,0.04,439,420,425,334,369
2.99,-1.34,-1.34,-0.07,-0.07,-0.07,438,420,424,334,369
3.15,-1.28,-1.28,0.04,0.04,0.04,438,420,424,334,369
2.60,-1.39,-1.39,0.04,0.04,0.04,438,420,424,334,369
2.76,-1.34,-1.34,0.03,0.03,0.03,438,420,424,333,369
2.85,-1.49,-1.49,0.10,0.10,0.10,438,420,424,334,369
2.97,-1.43,-1.43,0.04,0.04,0.04,439,420,424,334,369
2.99,-1.34,-1.34,-0.02,-0.02,-0.02,439,420,424,334,369
3.14,-1.30,-1.30,-0.04,-0.04,-0.04,439,420,424,334,369
3.13,-1.32,-1.32,0.01,0.01,0.01,438,420,424,334,369
3.32,-1.46,-1.46,0.02,0.02,0.02,438,419,424,334,369
2.79,-1.42,-1.42,-0.01,-0.01,-0.01,438,420,424,335,369
3.66,-1.53,-1.53,0.02,0.02,0.02,438,419,424,334,369
END
3.19,-1.49,-1.49,-0.02,-0.02,-0.02,444,423,425,342,380
6.46,-5.17,-5.17,0.05,0.05,0.05,444,423,425,342,380
5.75,-5.01,-5.01,0.07,0.07,0.07,444,423,425,342,379
6.34,-5.23,-5.23,0.09,0.09,0.09,444,423,425,342,380
6.17,-5.03,-5.03,0.08,0.08,0.08,444,423,425,342,379
6.29,-5.07,-5.07,0.06,0.06,0.06,444,423,425,342,379
5.58,-4.95,-4.95,0.02,0.02,0.02,444,423,425,341,379
4.94,-4.62,-4.62,0.16,0.16,0.16,444,423,425,340,379
4.97,-4.62,-4.62,0.22,0.22,0.22,444,423,425,339,379
5.41,-4.71,-4.71,0.29,0.29,0.29,444,422,425,339,379
5.43,-4.60,-4.60,0.30,0.30,0.30,443,423,426,337,377
4.67,-4.47,-4.47,0.18,0.18,0.18,443,422,427,336,377
3.50,-3.54,-3.54,0.24,0.24,0.24,443,422,427,336,377
4.26,-3.25,-3.25,0.32,0.32,0.32,443,422,427,335,377
4.49,-3.08,-3.08,0.45,0.45,0.45,442,422,427,334,376
5.57,-2.94,-2.94,0.53,0.53,0.53,441,422,427,333,374
5.13,-2.42,-2.42,0.29,0.29,0.29,441,421,427,332,374
4.11,-2.02,-2.02,0.29,0.29,0.29,441,421,427,332,374
3.84,-1.48,-1.48,0.39,0.39,0.39,440,420,427,331,374
3.51,-1.39,-1.39,0.31,0.31,0.31,440,420,427,331,373
3.22,-1.06,-1.06,0.37,0.37,0.37,440,420,426,331,372
4.83,-0.40,-0.40,0.13,0.13,0.13,439,420,426,330,370
5.01,-0.13,-0.13,0.23,0.23,0.23,439,420,426,331,370
3.98,-0.21,-0.21,0.11,0.11,0.11,439,420,426,330,370
2.95,-0.47,-0.47,0.03,0.03,0.03,439,420,426,330,370
3.56,-0.24,-0.24,0.00,0.00,0.00,439,420,426,330,369
3.15,-0.49,-0.49,-0.15,-0.15,-0.15,439,421,425,330,369
3.47,-0.14,-0.14,-0.08,-0.08,-0.08,439,420,425,330,368
4.13,-0.51,-0.51,0.04,0.04,0.04,439,420,425,330,368
2.86,-0.29,-0.29,0.12,0.12,0.12,439,420,425,330,367
3.64,-0.28,-0.28,0.28,0.28,0.28,439,420,425,330,367
3.12,-0.13,-0.13,0.06,0.06,0.06,439,420,425,330,367
1.95,0.36,0.36,0.04,0.04,0.04,439,420,425,330,367
1.97,0.43,0.43,0.07,0.07,0.07,439,420,425,330,367
2.24,0.42,0.42,0.15,0.15,0.15,439,420,425,330,367
2.53,0.34,0.34,0.12,0.12,0.12,439,420,424,330,367
2.47,0.16,0.16,0.12,0.12,0.12,439,420,425,330,367
2.46,-0.02,-0.02,0.10,0.10,0.10,439,420,425,330,367
2.31,-0.04,-0.04,0.04,0.04,0.04,439,420,425,330,367
2.43,0.15,0.15,0.06,0.06,0.06,439,420,425,330,367
3.27,0.21,0.21,0.08,0.08,0.08,439,420,425,330,367
END
3.15,0.51,0.51,-0.02,-0.02,-0.02,440,421,426,343,377
5.81,-6.93,-6.93,0.05,0.05,0.05,440,421,426,342,377
5.61,-6.78,-6.78,0.14,0.14,0.14,440,421,426,342,378
5.83,-6.90,-6.90,0.11,0.11,0.11,440,421,426,342,378
5.96,-7.11,-7.11,0.10,0.10,0.10,440,421,426,342,379
5.93,-7.10,-7.10,0.09,0.09,0.09,440,421,426,342,379
5.26,-6.80,-6.80,0.08,0.08,0.08,440,421,426,341,379
4.74,-5.94,-5.94,0.23,0.23,0.23,441,421,426,341,380
4.47,-5.76,-5.76,0.51,0.51,0.51,441,421,426,341,381
4.64,-5.50,-5.50,0.71,0.71,0.71,441,421,426,341,381
6.20,-5.08,-5.08,0.64,0.64,0.64,440,421,426,341,379
3.85,-4.57,-4.57,0.44,0.44,0.44,440,420,427,341,379
6.97,-4.67,-4.67,0.67,0.67,0.67,439,420,426,339,378
5.00,-3.64,-3.64,0.63,0.63,0.63,439,420,427,339,378
6.93,-4.03,-4.03,0.34,0.34,0.34,439,420,427,337,378
3.98,-3.46,-3.46,0.22,0.22,0.22,440,420,428,337,380
3.35,-3.46,-3.46,0.26,0.26,0.26,440,420,429,336,382
3.88,-3.31,-3.31,0.58,0.58,0.58,440,419,430,335,382
4.37,-3.37,-3.37,0.19,0.19,0.19,440,419,430,334,381
3.54,-2.87,-2.87,0.42,0.42,0.42,439,419,430,333,380
4.42,-3.00,-3.00,0.28,0.28,0.28,439,419,430,333,379
3.99,-2.66,-2.66,0.32,0.32,0.32,439,419,430,332,378
4.65,-3.27,-3.27,-0.14,-0.14,-0.14,439,419,429,332,377
3.78,-2.23,-2.23,-0.14,-0.14,-0.14,440,419,429,332,377
4.68,-2.51,-2.51,0.03,0.03,0.03,440,418,429,332,377
3.94,-2.26,-2.26,0.02,0.02,0.02,440,418,429,331,377
4.31,-2.25,-2.25,0.14,0.14,0.14,440,418,429,331,377
2.81,-1.90,-1.90,0.17,0.17,0.17,440,418,429,331,377
4.69,-1.82,-1.82,0.19,0.19,0.19,440,419,429,331,376
2.57,-1.17,-1.17,0.30,0.30,0.30,441,419,429,331,376
4.42,-1.34,-1.34,0.30,0.30,0.30,441,420,429,331,375
3.95,-0.91,-0.91,0.08,0.08,0.08,441,420,429,331,374
3.70,-0.73,-0.73,0.16,0.16,0.16,441,420,429,331,374
3.84,-0.69,-0.69,0.03,0.03,0.03,441,420,428,331,374
3.63,-0.56,-0.56,0.10,0.10,0.10,441,420,429,331,374
3.69,-0.63,-0.63,0.00,0.00,0.00,441,420,429,331,374
3.28,-0.24,-0.24,0.00,0.00,0.00,441,420,429,331,374
3.96,-0.57,-0.57,0.01,0.01,0.01,441,419,429,331,374
3.60,-0.48,-0.48,0.06,0.06,0.06,441,419,429,331,375
3.44,-0.60,-0.60,0.22,0.22,0.22,442,417,428,331,376
3.73,-0.52,-0.52,0.05,0.05,0.05,441,416,428,331,376
END
3.52,-0.51,-0.51,0.01,0.01,0.01,444,420,420,344,370
5.95,-6.93,-6.93,-0.04,-0.04,-0.04,444,419,420,344,370
5.47,-6.88,-6.88,-0.01,-0.01,-0.01,444,419,420,344,370
5.77,-6.97,-6.97,-0.01,-0.01,-0.01,443,420,420,345,370
5.98,-6.76,-6.76,-0.00,-0.00,-0.00,443,420,420,344,370
6.30,-6.56,-6.56,0.04,0.04,0.04,443,420,420,345,370
5.21,-6.24,-6.24,0.11,0.11,0.11,444,420,420,345,370
5.23,-5.94,-5.94,0.38,0.38,0.38,444,420,420,345,370
6.01,-5.82,-5.82,0.45,0.45,0.45,443,420,421,344,371
3.56,-6.27,-6.27,-0.00,-0.00,-0.00,443,421,421,345,371
3.39,-5.94,-5.94,0.39,0.39,0.39,443,421,422,345,371
5.71,-5.84,-5.84,0.45,0.45,0.45,442,420,423,345,371
5.37,-5.56,-5.56,0.19,0.19,0.19,442,421,423,343,371
5.72,-5.03,-5.03,0.16,0.16,0.16,441,420,424,341,372
5.35,-4.92,-4.92,0.50,0.50,0.50,441,420,424,341,372
4.74,-4.77,-4.77,0.62,0.62,0.62,441,420,424,340,372
5.37,-3.67,-3.67,0.73,0.73,0.73,440,418,425,339,372
6.55,-3.84,-3.84,0.26,0.26,0.26,440,418,424,339,372
4.83,-3.09,-3.09,0.41,0.41,0.41,441,417,425,339,372
5.54,-3.35,-3.35,0.44,0.44,0.44,440,416,425,338,372
3.60,-2.76,-2.76,0.64,0.64,0.64,440,416,425,338,372
4.08,-2.40,-2.40,0.24,0.24,0.24,440,416,425,338,371
4.92,-5.47,-5.47,-0.03,-0.03,-0.03,440,416,425,337,371
3.87,-3.04,-3.04,0.56,0.56,0.56,440,416,425,336,371
3.46,-3.59,-3.59,-0.15,-0.15,-0.15,439,416,424,335,371
3.79,-2.46,-2.46,-0.23,-0.23,-0.23,439,416,425,335,371
3.70,-3.33,-3.33,-0.28,-0.28,-0.28,438,416,424,336,371
3.35,-3.47,-3.47,0.04,0.04,0.04,438,416,424,335,371
4.02,-3.85,-3.85,0.12,0.12,0.12,438,416,424,335,371
4.07,-3.59,-3.59,-0.02,-0.02,-0.02,439,416,424,335,371
5.00,-3.00,-3.00,-0.01,-0.01,-0.01,438,416,424,335,371
3.60,-2.63,-2.63,0.11,0.11,0.11,439,416,424,335,372
3.90,-2.94,-2.94,0.02,0.02,0.02,440,416,424,335,372
3.73,-2.71,-2.71,0.06,0.06,0.06,441,417,424,334,372
4.13,-2.84,-2.84,0.03,0.03,0.03,441,417,424,334,372
4.36,-2.92,-2.92,0.03,0.03,0.03,441,417,424,334,372
3.54,-2.59,-2.59,0.08,0.08,0.08,440,417,424,334,372
3.83,-2.69,-2.69,0.09,0.09,0.09,439,417,424,334,371
4.54,-2.56,-2.56,0.09,0.09,0.09,439,417,424,334,371
3.61,-2.43,-2.43,0.02,0.02,0.02,438,417,424,334,371
3.80,-2.32,-2.32,0.09,0.09,0.09,438,418,424,334,372
END
4.40,-2.33,-2.33,0.09,0.09,0.09,442,420,424,338,383
5.04,-6.84,-6.84,0.05,0.05,0.05,442,420,424,338,383
5.94,-6.75,-6.75,0.24,0.24,0.24,442,419,424,338,383
6.02,-6.54,-6.54,0.12,0.12,0.12,441,419,423,338,382
6.16,-6.89,-6.89,0.18,0.18,0.18,441,419,423,338,382
5.22,-6.41,-6.41,0.05,0.05,0.05,441,419,423,337,381
4.87,-5.86,-5.86,0.14,0.14,0.14,441,419,423,337,381
4.67,-5.08,-5.08,0.34,0.34,0.34,441,419,424,337,381
3.90,-5.10,-5.10,0.42,0.42,0.42,441,419,424,337,380
6.30,-4.99,-4.99,0.53,0.53,0.53,441,419,424,336,380
6.19,-4.92,-4.92,0.42,0.42,0.42,441,419,423,335,379
6.50,-4.58,-4.58,0.42,0.42,0.42,440,419,424,334,378
5.68,-4.37,-4.37,0.34,0.34,0.34,440,418,424,333,377
5.38,-3.88,-3.88,0.27,0.27,0.27,439,418,424,333,377
6.33,-3.96,-3.96,0.36,0.36,0.36,439,417,423,332,377
5.94,-3.42,-3.42,0.15,0.15,0.15,439,416,423,332,377
6.12,-3.30,-3.30,0.06,0.06,0.06,438,416,422,332,377
5.30,-3.06,-3.06,0.16,0.16,0.16,438,416,422,332,377
5.53,-3.42,-3.42,0.38,0.38,0.38,438,417,422,332,372
5.32,-3.17,-3.17,0.31,0.31,0.31,438,416,422,332,372
4.15,-2.68,-2.68,0.11,0.11,0.11,438,416,422,332,371
3.28,-2.26,-2.26,0.10,0.10,0.10,438,416,422,332,371
3.94,-2.46,-2.46,0.17,0.17,0.17,438,416,422,332,371
3.59,-2.46,-2.46,0.19,0.19,0.19,438,416,422,332,372
4.25,-3.14,-3.14,0.05,0.05,0.05,438,416,422,332,371
4.40,-2.63,-2.63,0.02,0.02,0.02,437,415,422,332,371
3.52,-2.41,-2.41,-0.04,-0.04,-0.04,438,416,422,332,370
3.63,-2.37,-2.37,-0.05,-0.05,-0.05,437,415,422,332,369
3.50,-2.63,-2.63,0.00,0.00,0.00,437,415,422,332,369
3.22,-2.10,-2.10,0.29,0.29,0.29,438,415,424,332,375
3.83,-2.48,-2.48,0.34,0.34,0.34,438,414,424,332,376
3.08,-2.39,-2.39,-0.02,-0.02,-0.02,439,414,424,332,375
3.88,-2.37,-2.37,0.03,0.03,0.03,438,414,424,332,374
2.90,-2.35,-2.35,-0.01,-0.01,-0.01,438,415,423,332,374
2.96,-1.86,-1.86,0.08,0.08,0.08,438,414,424,332,374
4.09,-2.07,-2.07,0.22,0.22,0.22,439,414,424,332,374
2.81,-1.69,-1.69,-0.02,-0.02,-0.02,438,414,424,332,374
3.30,-1.85,-1.85,0.08,0.08,0.08,438,414,424,332,374
2.89,-1.77,-1.77,0.01,0.01,0.01,438,414,424,333,374
3.39,-2.03,-2.03,0.05,0.05,0.05,438,414,424,333,374
3.54,-1.68,-1.68,0.04,0.04,0.04,438,414,424,332,374
END
3.43,-1.92,-1.92,0.01,0.01,0.01,443,417,417,339,382
5.10,-6.68,-6.68,0.14,0.14,0.14,442,417,417,339,382
4.73,-6.21,-6.21,0.21,0.21,0.21,442,417,418,338,381
5.41,-6.35,-6.35,0.40,0.40,0.40,442,418,419,337,380
6.73,-6.14,-6.14,0.57,0.57,0.57,442,419,423,336,380
4.90,-5.59,-5.59,0.23,0.23,0.23,442,420,424,335,379
5.58,-5.39,-5.39,0.39,0.39,0.39,441,419,424,335,379
4.85,-5.02,-5.02,0.34,0.34,0.34,441,419,425,334,379
5.69,-5.47,-5.47,0.57,0.57,0.57,441,419,426,334,378
5.48,-4.78,-4.78,0.44,0.44,0.44,440,419,426,333,377
5.58,-4.16,-4.16,0.37,0.37,0.37,439,418,426,333,376
5.93,-3.81,-3.81,0.39,0.39,0.39,439,418,426,333,376
4.58,-3.67,-3.67,0.24,0.24,0.24,439,417,425,332,375
6.27,-3.79,-3.79,0.34,0.34,0.34,438,417,423,332,374
4.64,-3.42,-3.42,-0.00,-0.00,-0.00,438,416,422,332,373
4.71,-3.09,-3.09,0.31,0.31,0.31,438,416,423,332,374
3.56,-2.63,-2.63,0.21,0.21,0.21,438,415,424,332,373
3.94,-2.28,-2.28,0.41,0.41,0.41,437,415,424,332,372
4.70,-2.08,-2.08,0.13,0.13,0.13,436,415,423,332,371
5.02,-2.00,-2.00,0.26,0.26,0.26,436,414,423,332,370
4.82,-1.70,-1.70,0.05,0.05,0.05,436,413,422,332,370
4.55,-1.98,-1.98,0.02,0.02,0.02,436,410,421,332,370
3.55,-1.92,-1.92,-0.01,-0.01,-0.01,436,409,421,332,369
3.60,-1.77,-1.77,-0.09,-0.09,-0.09,436,409,421,332,368
3.96,-1.59,-1.59,-0.06,-0.06,-0.06,435,409,420,332,367
5.39,-2.10,-2.10,0.07,0.07,0.07,435,409,420,331,367
3.68,-1.62,-1.62,0.11,0.11,0.11,435,408,420,331,367
4.11,-1.68,-1.68,0.17,0.17,0.17,435,408,420,331,367
3.31,-1.34,-1.34,0.00,0.00,0.00,435,408,420,331,366
3.27,-1.26,-1.26,0.03,0.03,0.03,435,408,419,331,367
3.97,-1.18,-1.18,0.06,0.06,0.06,435,408,419,331,366
3.13,-1.32,-1.32,0.06,0.06,0.06,435,408,419,331,366
3.07,-1.20,-1.20,0.04,0.04,0.04,435,408,420,331,365
2.84,-1.31,-1.31,0.00,0.00,0.00,435,408,420,331,366
3.37,-1.31,-1.31,0.05,0.05,0.05,435,408,420,331,366
3.05,-1.44,-1.44,0.03,0.03,0.03,435,408,420,332,367
3.47,-1.35,-1.35,0.05,0.05,0.05,435,408,420,332,366
3.46,-1.36,-1.36,0.03,0.03,0.03,435,408,420,332,366
3.10,-1.29,-1.29,0.03,0.03,0.03,434,408,420,332,366
3.51,-1.31,-1.31,0.05,0.05,0.05,434,408,420,332,366
3.14,-1.42,-1.42,0.11,0.11,0.11,435,408,420,332,366
END
3.55,-1.53,-1.53,0.07,0.07,0.07,439,412,420,347,389
5.37,-6.65,-6.65,0.08,0.08,0.08,439,412,419,346,389
5.00,-6.33,-6.33,0.13,0.13,0.13,439,412,420,347,389
5.36,-6.40,-6.40,0.21,0.21,0.21,439,412,420,347,389
5.46,-6.37,-6.37,0.18,0.18,0.18,439,412,420,347,389
5.16,-5.79,-5.79,0.18,0.18,0.18,439,412,420,346,388
4.59,-5.41,-5.41,0.33,0.33,0.33,439,412,421,344,388
4.98,-5.64,-5.64,0.16,0.16,0.16,440,414,420,343,388
7.46,-5.84,-5.84,0.38,0.38,0.38,440,414,420,343,388
4.74,-5.97,-5.97,0.08,0.08,0.08,441,414,420,343,387
4.60,-5.69,-5.69,0.44,0.44,0.44,441,414,420,342,387
5.53,-5.28,-5.28,-0.08,-0.08,-0.08,441,413,420,340,385
5.76,-5.67,-5.67,0.21,0.21,0.21,440,414,420,337,383
5.71,-4.57,-4.57,0.26,0.26,0.26,440,413,420,337,382
5.89,-4.78,-4.78,0.33,0.33,0.33,439,413,420,336,382
5.15,-4.60,-4.60,0.32,0.32,0.32,439,412,420,336,381
6.70,-4.62,-4.62,0.06,0.06,0.06,438,412,419,336,380
7.63,-4.11,-4.11,0.08,0.08,0.08,437,412,419,336,380
6.84,-3.92,-3.92,0.12,0.12,0.12,437,411,419,336,379
5.60,-3.95,-3.95,0.04,0.04,0.04,437,412,418,336,378
6.17,-4.11,-4.11,0.10,0.10,0.10,436,411,418,336,378
5.32,-3.75,-3.75,-0.03,-0.03,-0.03,435,412,418,335,375
4.48,-4.35,-4.35,0.19,0.19,0.19,435,412,417,335,374
5.05,-5.05,-5.05,0.07,0.07,0.07,434,412,417,335,373
5.18,-4.31,-4.31,0.08,0.08,0.08,434,412,418,335,373
3.95,-4.60,-4.60,0.07,0.07,0.07,434,413,417,335,371
4.84,-4.69,-4.69,0.17,0.17,0.17,434,413,417,335,371
4.61,-4.44,-4.44,-0.15,-0.15,-0.15,434,413,417,335,370
5.00,-4.46,-4.46,0.09,0.09,0.09,434,413,417,335,370
3.96,-4.69,-4.69,0.06,0.06,0.06,433,412,417,335,370
4.06,-4.97,-4.97,0.01,0.01,0.01,432,412,416,335,370
4.34,-4.95,-4.95,0.07,0.07,0.07,432,412,416,335,369
4.43,-5.10,-5.10,0.04,0.04,0.04,432,412,416,335,370
4.73,-4.66,-4.66,0.01,0.01,0.01,431,411,416,335,369
4.66,-4.69,-4.69,0.01,0.01,0.01,432,411,416,335,369
3.93,-4.48,-4.48,-0.00,-0.00,-0.00,432,411,416,335,369
4.36,-4.48,-4.48,0.03,0.03,0.03,432,412,416,335,369
4.43,-4.47,-4.47,0.04,0.04,0.04,431,412,416,335,369
4.54,-4.41,-4.41,0.00,0.00,0.00,431,412,416,335,368
4.08,-4.57,-4.57,0.07,0.07,0.07,431,411,416,335,369
4.09,-4.70,-4.70,0.03,0.03,0.03,431,411,416,335,368
END
6.35,-7.04,-7.04,0.02,0.02,0.02,498,452,437,358,371
6.30,-7.83,-7.83,0.17,0.17,0.17,497,451,437,357,371
5.78,-7.47,-7.47,0.09,0.09,0.09,497,451,437,358,371
4.64,-7.05,-7.05,0.05,0.05,0.05,497,451,438,358,370
4.88,-7.11,-7.11,0.17,0.17,0.17,496,450,438,358,370
4.78,-6.61,-6.61,0.30,0.30,0.30,496,450,438,359,369
4.09,-5.62,-5.62,0.58,0.58,0.58,496,450,438,359,370
5.19,-5.89,-5.89,0.72,0.72,0.72,494,450,437,356,370
5.35,-5.68,-5.68,0.61,0.61,0.61,494,449,438,351,369
2.94,-5.46,-5.46,0.60,0.60,0.60,493,449,438,347,368
6.22,-5.29,-5.29,0.93,0.93,0.93,492,448,437,342,367
5.77,-5.18,-5.18,0.51,0.51,0.51,491,448,438,340,366
5.94,-5.04,-5.04,0.47,0.47,0.47,490,447,437,339,366
6.86,-4.15,-4.15,0.44,0.44,0.44,490,447,438,338,366
5.38,-3.75,-3.75,0.41,0.41,0.41,489,446,438,338,365
4.90,-3.50,-3.50,0.54,0.54,0.54,488,445,436,336,364
4.65,-2.69,-2.69,0.38,0.38,0.38,486,444,435,335,363
5.04,-2.10,-2.10,0.31,0.31,0.31,486,444,434,335,362
5.24,-1.56,-1.56,0.22,0.22,0.22,486,443,434,335,362
4.34,-1.67,-1.67,0.32,0.32,0.32,486,443,434,335,362
4.50,-1.56,-1.56,0.22,0.22,0.22,485,443,434,335,362
3.63,-3.61,-3.61,0.15,0.15,0.15,485,442,434,335,363
4.83,-1.74,-1.74,-0.05,-0.05,-0.05,485,442,434,335,363
4.03,-1.69,-1.69,-0.11,-0.11,-0.11,484,441,432,334,363
3.82,-1.67,-1.67,0.41,0.41,0.41,482,441,432,333,362
3.45,-1.49,-1.49,0.23,0.23,0.23,481,441,432,332,361
3.53,-1.41,-1.41,0.25,0.25,0.25,480,441,431,331,360
3.93,-0.89,-0.89,0.17,0.17,0.17,480,441,431,331,360
2.28,-1.34,-1.34,0.22,0.22,0.22,480,440,431,331,360
2.31,-1.59,-1.59,0.15,0.15,0.15,480,441,431,331,360
2.21,-1.79,-1.79,0.10,0.10,0.10,480,441,435,331,360
1.88,-1.36,-1.36,0.06,0.06,0.06,480,441,435,331,361
2.25,-1.03,-1.03,0.00,0.00,0.00,480,441,435,331,362
2.09,-0.76,-0.76,-0.03,-0.03,-0.03,479,441,435,331,362
2.67,-0.64,-0.64,-0.04,-0.04,-0.04,479,440,435,331,363
2.28,-0.65,-0.65,0.03,0.03,0.03,479,441,436,331,363
2.41,-0.67,-0.67,0.14,0.14,0.14,480,441,437,331,364
2.22,-0.68,-0.68,0.19,0.19,0.19,480,440,439,331,365
2.18,-0.62,-0.62,0.04,0.04,0.04,481,437,439,331,366
2.11,-1.04,-1.04,-0.03,-0.03,-0.03,481,275,440,331,366
2.46,-0.97,-0.97,-0.05,-0.05,-0.05,482,299,441,332,367
END
2.33,-0.90,-0.90,-0.02,-0.02,-0.02,476,438,442,351,365
5.43,-6.37,-6.37,0.08,0.08,0.08,476,442,442,351,365
5.64,-6.34,-6.34,0.06,0.06,0.06,476,442,441,351,364
5.74,-6.27,-6.27,0.07,0.07,0.07,476,442,441,350,364
6.09,-6.16,-6.16,0.08,0.08,0.08,475,442,441,349,364
5.02,-6.04,-6.04,0.08,0.08,0.08,475,442,441,348,364
5.50,-5.89,-5.89,0.17,0.17,0.17,475,441,441,348,364
5.14,-5.73,-5.73,0.18,0.18,0.18,475,441,441,347,364
4.24,-5.84,-5.84,0.21,0.21,0.21,475,441,441,347,364
4.39,-5.51,-5.51,0.28,0.28,0.28,475,441,441,347,364
4.05,-4.74,-4.74,0.35,0.35,0.35,475,441,441,347,364
4.87,-4.73,-4.73,0.54,0.54,0.54,475,441,442,346,364
5.18,-4.56,-4.56,0.50,0.50,0.50,475,440,442,345,363
4.02,-4.37,-4.37,0.44,0.44,0.44,474,440,441,341,362
6.65,-4.22,-4.22,0.62,0.62,0.62,473,439,440,340,362
4.89,-3.74,-3.74,0.28,0.28,0.28,473,439,440,339,362
4.41,-3.13,-3.13,0.22,0.22,0.22,472,439,441,339,362
4.40,-3.09,-3.09,0.14,0.14,0.14,473,439,442,339,364
4.17,-2.79,-2.79,0.34,0.34,0.34,472,439,443,339,365
3.40,-2.58,-2.58,0.17,0.17,0.17,472,438,443,339,366
3.70,-2.86,-2.86,0.19,0.19,0.19,472,438,443,339,366
3.44,-2.51,-2.51,0.14,0.14,0.14,472,437,443,339,366
3.49,-2.48,-2.48,0.17,0.17,0.17,472,435,443,340,367
3.54,-2.08,-2.08,-0.04,-0.04,-0.04,472,434,442,340,367
4.06,-1.73,-1.73,0.10,0.10,0.10,472,433,441,339,367
3.55,-1.71,-1.71,0.08,0.08,0.08,471,433,441,339,367
3.40,-1.65,-1.65,0.09,0.09,0.09,471,433,441,338,367
3.11,-1.00,-1.00,0.05,0.05,0.05,472,433,440,338,366
2.94,-1.37,-1.37,-0.13,-0.13,-0.13,471,433,440,338,366
3.16,-1.38,-1.38,-0.03,-0.03,-0.03,471,433,439,337,366
3.01,-1.83,-1.83,-0.22,-0.22,-0.22,471,433,439,338,366
3.40,-1.77,-1.77,-0.08,-0.08,-0.08,471,433,439,338,366
3.66,-2.23,-2.23,-0.06,-0.06,-0.06,471,433,439,337,366
3.30,-2.16,-2.16,-0.01,-0.01,-0.01,471,433,439,337,366
2.98,-2.02,-2.02,0.06,0.06,0.06,471,433,439,338,366
3.29,-1.88,-1.88,0.06,0.06,0.06,471,433,439,337,366
3.45,-1.73,-1.73,0.01,0.01,0.01,471,433,439,337,366
2.93,-1.72,-1.72,-0.03,-0.03,-0.03,471,433,439,337,366
3.28,-1.81,-1.81,0.05,0.05,0.05,471,433,439,337,366
3.50,-1.87,-1.87,0.05,0.05,0.05,471,433,439,338,366
3.60,-1.97,-1.97,0.09,0.09,0.09,470,433,439,338,366
END
3.28,-1.95,-1.95,0.09,0.09,0.09,469,437,438,350,361
3.84,-5.69,-5.69,0.20,0.20,0.20,469,437,438,350,361
5.08,-5.61,-5.61,0.24,0.24,0.24,469,437,438,349,361
6.09,-5.76,-5.76,0.27,0.27,0.27,468,436,438,349,361
6.20,-5.89,-5.89,0.20,0.20,0.20,468,436,437,348,360
5.08,-5.30,-5.30,0.06,0.06,0.06,468,436,437,348,360
4.67,-4.64,-4.64,0.13,0.13,0.13,468,436,437,348,360
3.94,-4.42,-4.42,0.29,0.29,0.29,468,436,437,348,360
3.45,-4.06,-4.06,0.50,0.50,0.50,468,436,437,347,361
4.93,-3.65,-3.65,0.63,0.63,0.63,467,435,437,347,361
4.79,-3.55,-3.55,0.27,0.27,0.27,467,435,438,347,361
5.74,-3.40,-3.40,0.48,0.48,0.48,467,435,438,346,362
3.78,-3.01,-3.01,0.06,0.06,0.06,467,435,439,346,363
5.15,-3.20,-3.20,0.15,0.15,0.15,466,434,439,345,367
4.64,-3.27,-3.27,-0.07,-0.07,-0.07,466,433,439,345,369
4.59,-3.80,-3.80,-0.11,-0.11,-0.11,466,432,438,344,369
4.31,-3.22,-3.22,0.19,0.19,0.19,465,432,437,343,367
4.57,-3.22,-3.22,0.03,0.03,0.03,465,432,436,341,366
3.86,-2.89,-2.89,0.27,0.27,0.27,465,432,436,340,366
4.03,-3.00,-3.00,0.04,0.04,0.04,464,432,436,338,365
4.01,-2.28,-2.28,-0.16,-0.16,-0.16,464,432,434,337,365
4.56,-2.60,-2.60,0.17,0.17,0.17,465,432,434,337,367
4.83,-2.53,-2.53,0.07,0.07,0.07,465,432,434,337,367
4.06,-2.53,-2.53,0.13,0.13,0.13,465,432,434,337,366
3.50,-2.51,-2.51,0.08,0.08,0.08,465,431,434,337,366
3.01,-2.57,-2.57,0.09,0.09,0.09,464,431,434,337,366
4.11,-2.33,-2.33,0.10,0.10,0.10,464,431,434,337,366
3.29,-2.38,-2.38,-0.04,-0.04,-0.04,464,431,434,337,366
3.35,-2.52,-2.52,0.09,0.09,0.09,464,431,434,337,365
3.69,-2.46,-2.46,0.10,0.10,0.10,464,431,434,337,365
3.63,-2.60,-2.60,0.04,0.04,0.04,464,431,434,337,365
3.31,-2.24,-2.24,0.07,0.07,0.07,464,431,434,337,365
3.50,-2.20,-2.20,0.02,0.02,0.02,464,431,434,337,365
3.78,-2.02,-2.02,0.05,0.05,0.05,464,431,434,337,365
3.65,-2.20,-2.20,-0.04,-0.04,-0.04,464,431,434,337,365
3.63,-2.18,-2.18,0.02,0.02,0.02,464,431,434,337,365
3.38,-2.10,-2.10,0.05,0.05,0.05,464,431,434,337,365
4.08,-2.10,-2.10,0.10,0.10,0.10,464,431,434,338,365
3.68,-2.26,-2.26,0.08,0.08,0.08,464,431,434,338,365
3.99,-2.28,-2.28,0.06,0.06,0.06,464,431,434,338,365
4.82,-2.35,-2.35,0.10,0.10,0.10,464,430,434,338,366
END
4.93,-2.52,-2.52,-0.24,-0.24,-0.24,465,433,428,352,361
4.82,-6.39,-6.39,0.10,0.10,0.10,464,432,429,349,361
3.36,-6.55,-6.55,0.14,0.14,0.14,464,432,428,348,360
4.56,-6.62,-6.62,0.39,0.39,0.39,464,432,429,347,360
4.56,-6.50,-6.50,0.28,0.28,0.28,463,432,429,347,360
4.24,-6.12,-6.12,0.31,0.31,0.31,463,432,429,347,360
3.65,-5.56,-5.56,0.18,0.18,0.18,463,431,429,346,360
4.36,-5.40,-5.40,0.26,0.26,0.26,462,431,429,345,360
3.78,-5.13,-5.13,0.14,0.14,0.14,462,431,429,344,359
2.98,-4.95,-4.95,0.12,0.12,0.12,460,430,429,345,358
4.36,-5.10,-5.10,0.39,0.39,0.39,458,429,428,344,357
3.29,-4.68,-4.68,0.17,0.17,0.17,458,429,428,343,357
3.39,-4.31,-4.31,0.34,0.34,0.34,457,429,428,342,357
3.80,-3.75,-3.75,0.18,0.18,0.18,456,428,427,342,356
5.03,-3.70,-3.70,0.48,0.48,0.48,451,426,424,341,354
5.04,-3.57,-3.57,0.35,0.35,0.35,446,423,420,341,352
4.49,-3.41,-3.41,0.30,0.30,0.30,444,422,419,340,351
5.01,-3.57,-3.57,0.13,0.13,0.13,442,421,418,340,350
4.72,-3.19,-3.19,0.01,0.01,0.01,442,421,418,340,351
3.17,-2.99,-2.99,0.10,0.10,0.10,442,421,418,340,351
3.51,-2.66,-2.66,0.12,0.12,0.12,442,421,417,339,351
4.17,-2.63,-2.63,0.14,0.14,0.14,441,421,417,339,351
2.53,-2.77,-2.77,0.22,0.22,0.22,441,421,417,339,351
4.13,-2.78,-2.78,0.19,0.19,0.19,441,421,417,339,351
4.74,-2.49,-2.49,-0.07,-0.07,-0.07,441,421,417,339,351
2.36,-2.07,-2.07,-0.15,-0.15,-0.15,441,420,417,340,351
3.98,-1.90,-1.90,0.13,0.13,0.13,440,420,417,340,351
3.49,-1.96,-1.96,0.12,0.12,0.12,440,420,417,340,351
3.64,-2.10,-2.10,0.08,0.08,0.08,440,420,417,340,351
3.37,-1.87,-1.87,0.03,0.03,0.03,440,420,417,340,351
3.92,-1.88,-1.88,0.05,0.05,0.05,439,420,417,341,351
3.37,-1.88,-1.88,0.01,0.01,0.01,440,420,417,340,351
3.70,-1.77,-1.77,-0.03,-0.03,-0.03,440,420,417,341,352
4.38,-1.28,-1.28,-0.02,-0.02,-0.02,439,420,417,340,351
4.46,-1.36,-1.36,0.04,0.04,0.04,440,420,417,341,352
3.81,-1.66,-1.66,0.00,0.00,0.00,440,420,417,341,352
3.97,-1.52,-1.52,0.05,0.05,0.05,440,420,417,341,352
4.22,-1.67,-1.67,0.08,0.08,0.08,440,420,417,341,352
3.71,-1.84,-1.84,-0.01,-0.01,-0.01,440,420,417,341,352
3.71,-1.84,-1.84,-0.00,-0.00,-0.00,440,420,417,341,352
4.27,-1.60,-1.60,0.05,0.05,0.05,439,420,417,341,352
END
4.19,-1.28,-1.28,0.03,0.03,0.03,449,428,429,351,362
5.12,-5.97,-5.97,0.11,0.11,0.11,448,428,429,350,362
5.38,-5.85,-5.85,0.20,0.20,0.20,448,428,429,350,361
6.03,-5.92,-5.92,0.09,0.09,0.09,448,428,428,349,361
4.85,-6.21,-6.21,-0.04,-0.04,-0.04,447,427,428,349,361
4.31,-6.02,-6.02,-0.08,-0.08,-0.08,447,427,427,349,361
4.11,-5.54,-5.54,0.09,0.09,0.09,447,427,428,349,361
4.72,-5.41,-5.41,0.22,0.22,0.22,447,427,427,349,361
4.91,-5.43,-5.43,0.20,0.20,0.20,446,427,427,347,361
3.14,-5.19,-5.19,0.18,0.18,0.18,446,426,427,347,360
5.41,-5.05,-5.05,0.38,0.38,0.38,446,426,428,346,360
5.77,-4.96,-4.96,0.30,0.30,0.30,445,426,427,346,361
4.77,-4.63,-4.63,0.42,0.42,0.42,445,425,427,346,360
5.09,-4.30,-4.30,0.56,0.56,0.56,444,425,427,343,360
5.18,-4.08,-4.08,0.40,0.40,0.40,444,425,428,340,359
5.58,-3.44,-3.44,0.46,0.46,0.46,443,425,427,338,359
5.20,-3.32,-3.32,0.29,0.29,0.29,444,425,428,337,359
4.86,-3.24,-3.24,0.11,0.11,0.11,444,425,428,336,359
4.39,-2.82,-2.82,0.23,0.23,0.23,444,425,428,336,360
4.34,-2.66,-2.66,0.21,0.21,0.21,443,425,428,336,360
3.77,-2.53,-2.53,0.22,0.22,0.22,443,425,427,336,359
3.48,-2.40,-2.40,0.14,0.14,0.14,443,424,427,335,359
2.99,-2.20,-2.20,0.24,0.24,0.24,442,424,427,335,359
2.68,-1.89,-1.89,0.12,0.12,0.12,441,424,426,334,359
2.84,-2.00,-2.00,-0.13,-0.13,-0.13,441,424,426,334,359
4.95,-2.39,-2.39,-0.22,-0.22,-0.22,445,425,427,334,362
2.42,-1.92,-1.92,0.01,0.01,0.01,451,424,428,334,367
3.71,-2.57,-2.57,-0.15,-0.15,-0.15,451,424,428,334,368
3.71,-2.44,-2.44,-0.02,-0.02,-0.02,451,423,428,334,368
3.40,-2.35,-2.35,0.03,0.03,0.03,451,423,428,334,367
2.69,-2.19,-2.19,0.06,0.06,0.06,451,423,428,334,367
3.16,-2.30,-2.30,0.14,0.14,0.14,451,424,428,334,367
3.10,-2.05,-2.05,-0.02,-0.02,-0.02,450,423,428,334,367
2.86,-1.91,-1.91,0.02,0.02,0.02,450,423,428,334,367
2.83,-2.18,-2.18,0.12,0.12,0.12,451,424,428,334,368
4.23,-2.03,-2.03,0.03,0.03,0.03,451,423,428,333,368
2.98,-1.90,-1.90,-0.07,-0.07,-0.07,451,424,428,334,368
3.35,-1.94,-1.94,-0.09,-0.09,-0.09,451,423,428,334,368
2.34,-1.78,-1.78,0.04,0.04,0.04,452,424,428,334,368
3.17,-1.87,-1.87,0.04,0.04,0.04,453,424,428,334,368
3.45,-1.78,-1.78,0.03,0.03,0.03,452,424,428,334,368
END
3.32,-1.95,-1.95,0.06,0.06,0.06,449,425,419,344,356
5.28,-5.89,-5.89,0.18,0.18,0.18,449,425,419,344,357
5.19,-5.61,-5.61,0.26,0.26,0.26,449,426,420,344,357
6.16,-5.45,-5.45,0.18,0.18,0.18,449,426,420,344,357
5.60,-5.65,-5.65,0.08,0.08,0.08,449,426,420,344,357
5.10,-5.76,-5.76,0.00,0.00,0.00,449,426,421,344,357
4.57,-5.25,-5.25,0.05,0.05,0.05,449,426,421,344,357
4.38,-5.04,-5.04,0.16,0.16,0.16,450,426,421,344,358
3.05,-4.64,-4.64,0.19,0.19,0.19,450,427,422,343,359
5.54,-4.36,-4.36,0.42,0.42,0.42,449,426,423,343,359
4.87,-3.88,-3.88,0.42,0.42,0.42,449,426,423,342,359
4.99,-3.94,-3.94,0.44,0.44,0.44,448,426,423,341,359
5.34,-3.64,-3.64,0.25,0.25,0.25,448,427,423,341,361
4.05,-3.36,-3.36,0.04,0.04,0.04,450,427,422,341,365
4.82,-2.97,-2.97,0.15,0.15,0.15,451,426,423,341,368
4.61,-3.17,-3.17,0.03,0.03,0.03,450,426,423,342,370
4.64,-3.07,-3.07,0.09,0.09,0.09,450,426,424,340,371
5.43,-3.01,-3.01,0.16,0.16,0.16,450,426,425,340,371
4.87,-3.06,-3.06,0.03,0.03,0.03,448,425,424,339,370
4.36,-3.04,-3.04,0.15,0.15,0.15,447,425,422,338,368
4.53,-3.23,-3.23,0.06,0.06,0.06,447,424,422,337,367
3.73,-3.18,-3.18,0.09,0.09,0.09,446,424,422,337,367
4.11,-2.57,-2.57,0.06,0.06,0.06,446,424,422,337,366
4.88,-1.89,-1.89,-0.46,-0.46,-0.46,447,425,424,337,368
3.40,-3.01,-3.01,0.05,0.05,0.05,448,426,425,337,371
4.47,-3.36,-3.36,0.24,0.24,0.24,449,426,425,337,371
7.59,-3.89,-3.89,0.14,0.14,0.14,448,426,424,336,370
4.29,-2.57,-2.57,-0.04,-0.04,-0.04,447,425,424,336,369
3.88,-2.68,-2.68,0.09,0.09,0.09,447,425,424,336,369
3.41,-3.17,-3.17,0.10,0.10,0.10,447,425,423,336,368
4.95,-4.13,-4.13,-0.21,-0.21,-0.21,447,425,424,336,369
2.28,-4.03,-4.03,-0.29,-0.29,-0.29,447,424,424,336,371
2.14,-4.58,-4.58,-0.05,-0.05,-0.05,446,424,424,336,371
3.75,-3.84,-3.84,-0.01,-0.01,-0.01,446,424,424,336,370
3.58,-3.49,-3.49,-0.04,-0.04,-0.04,446,424,424,337,370
3.79,-3.50,-3.50,-0.02,-0.02,-0.02,446,424,424,337,370
4.17,-3.47,-3.47,0.02,0.02,0.02,446,424,424,336,370
3.97,-3.80,-3.80,0.03,0.03,0.03,446,424,424,336,370
4.01,-3.81,-3.81,0.04,0.04,0.04,446,424,425,336,370
3.21,-3.65,-3.65,0.18,0.18,0.18,446,424,425,336,370
3.53,-3.73,-3.73,0.10,0.10,0.10,446,424,424,336,370
END
3.28,-3.67,-3.67,0.07,0.07,0.07,448,427,423,353,363
5.55,-6.28,-6.28,0.11,0.11,0.11,448,426,422,353,362
5.66,-6.17,-6.17,0.10,0.10,0.10,448,426,422,353,362
5.12,-5.94,-5.94,0.04,0.04,0.04,448,426,422,352,362
5.43,-6.20,-6.20,0.12,0.12,0.12,448,426,421,352,362
5.93,-6.14,-6.14,0.11,0.11,0.11,448,426,422,352,362
6.03,-6.32,-6.32,0.03,0.03,0.03,448,426,422,351,362
5.54,-6.08,-6.08,-0.01,-0.01,-0.01,448,427,422,350,362
4.52,-5.91,-5.91,0.05,0.05,0.05,448,427,422,351,362
5.00,-5.54,-5.54,0.12,0.12,0.12,448,427,422,351,362
4.51,-5.48,-5.48,0.09,0.09,0.09,448,427,423,349,362
5.20,-5.61,-5.61,0.24,0.24,0.24,447,426,424,348,361
5.31,-5.25,-5.25,0.02,0.02,0.02,447,426,426,344,361
5.16,-4.90,-4.90,0.41,0.41,0.41,447,426,426,342,361
5.56,-4.51,-4.51,0.54,0.54,0.54,447,425,426,341,361
5.91,-4.43,-4.43,0.53,0.53,0.53,447,425,426,341,361
5.55,-4.21,-4.21,0.45,0.45,0.45,446,425,425,341,360
3.77,-4.17,-4.17,0.26,0.26,0.26,446,425,425,342,360
4.42,-4.00,-4.00,0.22,0.22,0.22,445,425,425,342,360
3.90,-3.84,-3.84,0.30,0.30,0.30,445,425,425,342,360
4.45,-3.70,-3.70,0.08,0.08,0.08,443,423,424,342,359
5.00,-3.34,-3.34,0.08,0.08,0.08,442,422,423,341,359
3.31,-3.06,-3.06,-0.04,-0.04,-0.04,441,422,422,342,359
3.98,-2.60,-2.60,0.15,0.15,0.15,439,422,422,342,359
4.56,-2.32,-2.32,0.01,0.01,0.01,438,421,422,341,359
5.41,-2.03,-2.03,0.37,0.37,0.37,438,421,422,341,360
4.87,-2.25,-2.25,-0.05,-0.05,-0.05,438,421,422,340,360
5.84,-2.21,-2.21,0.15,0.15,0.15,437,420,422,340,360
4.73,-2.25,-2.25,-0.07,-0.07,-0.07,437,420,422,339,360
4.48,-2.38,-2.38,-0.05,-0.05,-0.05,437,420,422,339,360
3.92,-2.41,-2.41,0.12,0.12,0.12,437,420,421,339,359
4.70,-2.38,-2.38,-0.05,-0.05,-0.05,436,420,421,339,359
3.14,-2.07,-2.07,-0.01,-0.01,-0.01,437,420,421,339,359
3.27,-2.43,-2.43,0.17,0.17,0.17,436,420,421,339,359
2.38,-2.68,-2.68,0.18,0.18,0.18,436,420,421,339,359
2.55,-2.93,-2.93,0.02,0.02,0.02,436,419,421,339,359
2.48,-2.89,-2.89,-0.00,-0.00,-0.00,436,419,421,338,359
3.45,-2.78,-2.78,-0.02,-0.02,-0.02,436,419,421,338,359
3.23,-2.47,-2.47,-0.11,-0.11,-0.11,436,420,421,338,359
3.25,-2.61,-2.61,-0.02,-0.02,-0.02,436,419,421,338,359
2.99,-2.46,-2.46,-0.02,-0.02,-0.02,436,420,421,338,359
END
3.41,-2.62,-2.62,0.07,0.07,0.07,445,423,428,339,368
4.92,-5.06,-5.06,0.03,0.03,0.03,445,423,428,339,368
5.33,-5.47,-5.47,0.07,0.07,0.07,445,423,428,339,368
5.28,-5.39,-5.39,0.03,0.03,0.03,445,423,428,339,367
5.10,-5.22,-5.22,0.03,0.03,0.03,445,423,428,338,367
4.93,-5.10,-5.10,0.00,0.00,0.00,445,423,428,338,367
5.13,-5.10,-5.10,0.07,0.07,0.07,445,423,427,338,367
4.97,-5.08,-5.08,0.12,0.12,0.12,445,423,427,338,367
5.66,-5.15,-5.15,0.07,0.07,0.07,444,422,427,338,367
4.95,-4.80,-4.80,-0.13,-0.13,-0.13,444,422,426,338,366
4.43,-4.90,-4.90,0.12,0.12,0.12,443,422,426,338,365
5.31,-5.03,-5.03,0.21,0.21,0.21,443,421,426,338,366
4.57,-4.86,-4.86,0.05,0.05,0.05,442,421,425,338,365
5.18,-4.72,-4.72,0.23,0.23,0.23,442,421,425,338,365
5.62,-4.78,-4.78,0.02,0.02,0.02,441,420,424,337,364
4.78,-4.09,-4.09,0.36,0.36,0.36,440,420,423,336,364
4.72,-4.83,-4.83,0.35,0.35,0.35,439,419,422,335,364
4.70,-4.19,-4.19,0.09,0.09,0.09,439,419,422,335,364
4.44,-3.99,-3.99,0.15,0.15,0.15,439,419,423,335,364
4.74,-3.90,-3.90,0.28,0.28,0.28,439,419,423,335,365
5.62,-3.80,-3.80,0.33,0.33,0.33,438,419,422,335,365
3.59,-2.78,-2.78,0.31,0.31,0.31,437,418,421,334,364
3.44,-3.08,-3.08,0.16,0.16,0.16,437,418,420,334,364
3.44,-2.80,-2.80,-0.12,-0.12,-0.12,436,417,420,334,363
3.09,-2.75,-2.75,0.01,0.01,0.01,436,417,420,334,363
3.79,-3.14,-3.14,0.07,0.07,0.07,435,417,419,334,362
3.57,-3.11,-3.11,-0.33,-0.33,-0.33,435,417,419,334,361
3.07,-3.35,-3.35,0.02,0.02,0.02,435,416,418,334,361
3.86,-3.47,-3.47,-0.07,-0.07,-0.07,435,416,418,334,360
3.06,-3.24,-3.24,0.09,0.09,0.09,434,416,418,334,360
3.49,-3.19,-3.19,0.11,0.11,0.11,435,416,418,334,360
3.57,-3.83,-3.83,0.05,0.05,0.05,435,416,418,334,360
2.82,-3.25,-3.25,0.06,0.06,0.06,435,416,418,334,360
3.55,-3.01,-3.01,0.11,0.11,0.11,435,416,418,334,360
2.78,-2.99,-2.99,0.13,0.13,0.13,435,416,418,334,360
2.86,-2.88,-2.88,0.09,0.09,0.09,435,416,418,334,360
3.05,-2.91,-2.91,0.13,0.13,0.13,435,416,418,334,360
2.51,-3.16,-3.16,0.20,0.20,0.20,435,416,418,334,360
2.69,-2.81,-2.81,0.07,0.07,0.07,435,416,418,334,360
2.40,-2.61,-2.61,0.06,0.06,0.06,435,416,418,334,360
2.64,-2.18,-2.18,0.05,0.05,0.05,435,416,418,334,360
END
2.30,-1.96,-1.96,0.10,0.10,0.10,441,427,425,340,364
4.59,-4.72,-4.72,0.03,0.03,0.03,441,427,425,340,364
4.57,-4.47,-4.47,-0.01,-0.01,-0.01,441,426,425,340,364
4.52,-4.77,-4.77,0.04,0.04,0.04,441,426,425,340,363
4.34,-4.59,-4.59,0.01,0.01,0.01,440,426,425,340,364
4.39,-4.50,-4.50,0.05,0.05,0.05,440,426,425,340,363
4.19,-4.55,-4.55,0.07,0.07,0.07,440,426,425,340,363
3.93,-4.57,-4.57,0.14,0.14,0.14,440,426,425,339,364
3.69,-4.64,-4.64,0.01,0.01,0.01,440,425,425,339,365
3.50,-4.73,-4.73,0.05,0.05,0.05,440,425,425,339,365
3.85,-4.31,-4.31,-0.05,-0.05,-0.05,440,425,426,340,365
3.54,-4.10,-4.10,0.10,0.10,0.10,440,424,425,340,365
3.33,-4.10,-4.10,0.13,0.13,0.13,440,424,426,339,365
3.13,-4.03,-4.03,0.48,0.48,0.48,440,424,425,340,365
4.29,-3.67,-3.67,0.39,0.39,0.39,439,423,425,339,365
5.09,-3.41,-3.41,0.33,0.33,0.33,438,422,425,339,364
4.00,-2.79,-2.79,0.19,0.19,0.19,438,422,425,338,364
4.16,-2.63,-2.63,0.31,0.31,0.31,438,422,425,338,364
4.44,-2.78,-2.78,0.09,0.09,0.09,438,422,426,337,364
3.45,-2.57,-2.57,0.10,0.10,0.10,438,421,426,337,365
2.62,-2.72,-2.72,-0.09,-0.09,-0.09,438,421,425,336,365
1.67,-2.38,-2.38,-0.13,-0.13,-0.13,438,421,425,337,365
3.47,-2.71,-2.71,0.15,0.15,0.15,437,421,424,336,366
4.90,-2.87,-2.87,0.04,0.04,0.04,437,420,424,336,366
3.95,-2.45,-2.45,-0.18,-0.18,-0.18,437,420,423,336,366
3.37,-2.40,-2.40,0.06,0.06,0.06,436,421,420,335,365
4.33,-2.21,-2.21,0.10,0.10,0.10,436,419,414,335,365
3.10,-2.45,-2.45,0.05,0.05,0.05,435,419,411,335,364
3.09,-2.12,-2.12,0.06,0.06,0.06,435,419,411,335,363
2.81,-2.38,-2.38,-0.02,-0.02,-0.02,435,418,413,334,363
1.31,-1.72,-1.72,-0.12,-0.12,-0.12,435,417,412,334,364
3.97,-1.44,-1.44,0.21,0.21,0.21,435,417,413,333,364
3.52,-1.73,-1.73,0.26,0.26,0.26,435,417,417,334,364
3.65,-1.44,-1.44,0.15,0.15,0.15,435,417,417,335,364
3.72,-1.47,-1.47,0.09,0.09,0.09,435,417,418,334,364
3.35,-1.37,-1.37,0.20,0.20,0.20,435,417,418,334,363
2.57,-0.94,-0.94,0.06,0.06,0.06,436,418,418,334,363
2.78,-1.02,-1.02,0.13,0.13,0.13,436,417,418,334,363
3.45,-0.67,-0.67,0.06,0.06,0.06,435,417,418,334,363
3.22,-0.48,-0.48,0.13,0.13,0.13,435,417,418,335,363
2.30,-0.62,-0.62,0.09,0.09,0.09,435,417,419,335,363
END
3.83,-0.78,-0.78,0.05,0.05,0.05,437,422,419,342,359
4.52,-4.85,-4.85,0.29,0.29,0.29,437,422,420,342,360
5.22,-4.78,-4.78,0.38,0.38,0.38,437,421,420,342,360
4.12,-4.62,-4.62,-0.01,-0.01,-0.01,437,421,420,342,360
3.93,-4.58,-4.58,0.19,0.19,0.19,437,421,420,342,360
3.88,-3.88,-3.88,0.06,0.06,0.06,437,422,420,342,360
4.21,-3.83,-3.83,0.39,0.39,0.39,437,421,420,341,361
4.21,-3.46,-3.46,0.28,0.28,0.28,437,421,421,340,361
4.19,-3.42,-3.42,0.30,0.30,0.30,436,421,420,339,361
4.36,-3.29,-3.29,-0.12,-0.12,-0.12,434,419,419,338,359
3.17,-2.90,-2.90,0.52,0.52,0.52,433,419,418,338,359
3.75,-2.30,-2.30,0.19,0.19,0.19,433,419,418,337,359
4.36,-2.19,-2.19,0.54,0.54,0.54,432,418,418,337,359
3.73,-2.04,-2.04,0.08,0.08,0.08,432,418,418,336,358
3.96,-2.43,-2.43,0.13,0.13,0.13,431,418,417,336,359
3.24,-2.23,-2.23,0.02,0.02,0.02,431,417,417,336,359
4.21,-2.45,-2.45,0.23,0.23,0.23,431,417,417,336,359
4.74,-2.46,-2.46,0.07,0.07,0.07,432,418,418,336,359
4.25,-2.47,-2.47,-0.05,-0.05,-0.05,435,418,418,336,359
2.96,-2.07,-2.07,-0.18,-0.18,-0.18,438,419,418,336,359
3.20,-2.11,-2.11,-0.03,-0.03,-0.03,439,421,418,336,360
2.81,-1.72,-1.72,-0.04,-0.04,-0.04,439,422,418,336,360
3.17,-1.39,-1.39,0.17,0.17,0.17,437,422,418,335,360
2.73,-1.72,-1.72,0.08,0.08,0.08,435,420,417,336,360
2.96,-2.00,-2.00,0.13,0.13,0.13,434,419,417,336,360
3.43,-1.96,-1.96,0.09,0.09,0.09,434,419,417,335,360
3.56,-1.59,-1.59,0.31,0.31,0.31,434,419,417,336,359
2.70,-1.46,-1.46,0.18,0.18,0.18,434,419,417,336,360
2.28,-1.49,-1.49,-0.03,-0.03,-0.03,433,419,417,336,359
2.98,-1.54,-1.54,0.03,0.03,0.03,433,418,416,336,359
2.62,-1.58,-1.58,-0.03,-0.03,-0.03,433,418,416,336,359
2.65,-1.49,-1.49,0.02,0.02,0.02,433,418,416,336,359
2.36,-1.49,-1.49,-0.03,-0.03,-0.03,433,418,416,336,360
2.73,-1.39,-1.39,0.01,0.01,0.01,433,418,416,336,359
2.60,-1.59,-1.59,0.01,0.01,0.01,433,418,416,336,359
2.56,-1.72,-1.72,0.01,0.01,0.01,433,418,416,336,359
2.76,-1.62,-1.62,0.01,0.01,0.01,433,418,416,336,359
2.61,-1.57,-1.57,0.03,0.03,0.03,433,418,416,336,359
3.07,-1.65,-1.65,0.05,0.05,0.05,433,418,416,336,359
2.66,-1.55,-1.55,0.01,0.01,0.01,433,418,416,336,359
3.06,-1.66,-1.66,-0.09,-0.09,-0.09,433,418,416,336,360
END
2.55,-1.69,-1.69,-0.10,-0.10,-0.10,442,424,424,343,366
4.51,-6.33,-6.33,0.04,0.04,0.04,442,424,424,344,366
4.63,-6.14,-6.14,0.10,0.10,0.10,442,424,424,344,366
4.52,-5.92,-5.92,0.07,0.07,0.07,442,424,424,344,366
4.75,-5.81,-5.81,0.15,0.15,0.15,442,424,424,344,366
4.26,-6.04,-6.04,0.05,0.05,0.05,441,424,423,344,366
4.49,-5.84,-5.84,0.17,0.17,0.17,441,424,423,344,366
4.16,-5.43,-5.43,0.17,0.17,0.17,441,423,423,343,366
3.62,-4.73,-4.73,0.38,0.38,0.38,441,424,423,342,366
5.28,-4.94,-4.94,0.71,0.71,0.71,437,423,421,340,363
3.40,-4.47,-4.47,0.28,0.28,0.28,437,422,420,338,362
4.71,-3.81,-3.81,0.38,0.38,0.38,436,421,420,336,362
6.02,-3.71,-3.71,0.57,0.57,0.57,435,420,420,336,362
3.78,-3.33,-3.33,0.49,0.49,0.49,434,420,420,335,362
4.72,-3.61,-3.61,0.28,0.28,0.28,433,420,420,335,362
4.55,-3.60,-3.60,-0.04,-0.04,-0.04,431,419,419,335,361
2.92,-3.18,-3.18,0.08,0.08,0.08,430,418,418,335,360
3.41,-3.48,-3.48,0.09,0.09,0.09,429,417,417,335,359
4.35,-3.34,-3.34,0.10,0.10,0.10,428,417,416,334,358
3.24,-2.99,-2.99,0.20,0.20,0.20,428,417,416,334,358
3.04,-3.05,-3.05,0.03,0.03,0.03,427,417,416,334,357
4.72,-2.85,-2.85,0.02,0.02,0.02,426,416,415,334,358
3.15,-2.76,-2.76,0.13,0.13,0.13,426,416,415,334,357
2.28,-2.75,-2.75,0.07,0.07,0.07,426,416,415,334,358
3.59,-2.91,-2.91,0.09,0.09,0.09,426,416,415,334,358
3.28,-2.51,-2.51,0.02,0.02,0.02,426,416,415,334,358
3.17,-2.40,-2.40,0.02,0.02,0.02,426,416,415,334,357
3.35,-2.38,-2.38,0.11,0.11,0.11,426,416,415,334,357
3.26,-2.28,-2.28,-0.02,-0.02,-0.02,426,416,414,334,357
3.37,-2.39,-2.39,0.07,0.07,0.07,426,416,415,334,357
3.41,-2.37,-2.37,0.01,0.01,0.01,426,416,415,334,357
3.26,-2.30,-2.30,0.06,0.06,0.06,426,416,414,334,357
3.76,-2.36,-2.36,0.05,0.05,0.05,425,416,414,334,357
3.12,-2.48,-2.48,0.04,0.04,0.04,426,415,414,334,357
3.20,-2.30,-2.30,0.04,0.04,0.04,426,415,414,335,357
3.00,-2.28,-2.28,0.03,0.03,0.03,426,415,414,335,357
3.67,-2.30,-2.30,0.05,0.05,0.05,426,415,414,335,357
3.81,-1.92,-1.92,0.05,0.05,0.05,426,416,415,335,357
3.29,-2.51,-2.51,0.13,0.13,0.13,426,416,415,335,357
3.45,-2.37,-2.37,0.01,0.01,0.01,426,416,415,335,357
3.57,-2.38,-2.38,0.10,0.10,0.10,428,418,418,335,359
END
2.63,-2.34,-2.34,0.16,0.16,0.16,437,423,418,348,371
5.00,-6.74,-6.74,0.05,0.05,0.05,437,422,418,348,371
5.38,-6.75,-6.75,0.05,0.05,0.05,437,423,418,348,371
4.82,-6.94,-6.94,0.05,0.05,0.05,437,422,418,348,371
4.70,-6.93,-6.93,0.07,0.07,0.07,437,423,418,348,370
5.08,-6.73,-6.73,0.06,0.06,0.06,437,423,417,348,370
4.97,-6.62,-6.62,0.07,0.07,0.07,437,423,418,348,371
5.00,-6.31,-6.31,0.11,0.11,0.11,437,423,417,348,370
4.39,-5.85,-5.85,0.12,0.12,0.12,437,422,417,347,370
3.20,-5.46,-5.46,0.18,0.18,0.18,437,422,417,346,370
4.61,-5.66,-5.66,0.31,0.31,0.31,436,423,417,346,370
3.37,-5.81,-5.81,0.20,0.20,0.20,435,422,418,346,368
3.99,-5.99,-5.99,0.29,0.29,0.29,435,421,418,346,368
4.02,-6.18,-6.18,0.17,0.17,0.17,434,421,418,345,368
2.25,-5.88,-5.88,0.46,0.46,0.46,434,420,418,343,368
4.04,-5.84,-5.84,0.54,0.54,0.54,433,419,417,343,367
3.80,-5.86,-5.86,-0.03,-0.03,-0.03,432,419,417,342,367
3.59,-5.71,-5.71,0.50,0.50,0.50,432,419,417,341,367
3.31,-5.06,-5.06,-0.08,-0.08,-0.08,431,419,416,340,366
4.31,-5.66,-5.66,0.33,0.33,0.33,430,419,415,340,364
4.06,-5.29,-5.29,-0.11,-0.11,-0.11,429,419,414,340,362
3.75,-5.13,-5.13,-0.10,-0.10,-0.10,428,419,414,340,361
5.20,-5.07,-5.07,-0.09,-0.09,-0.09,427,419,414,339,360
4.67,-5.05,-5.05,-0.04,-0.04,-0.04,427,418,413,339,361
5.05,-5.01,-5.01,-0.03,-0.03,-0.03,426,418,413,339,360
5.15,-4.81,-4.81,-0.05,-0.05,-0.05,426,418,413,339,359
4.90,-4.74,-4.74,-0.07,-0.07,-0.07,425,418,413,339,359
4.63,-4.95,-4.95,0.04,0.04,0.04,425,418,413,339,359
4.25,-5.00,-5.00,0.06,0.06,0.06,425,418,413,339,359
4.20,-4.91,-4.91,0.02,0.02,0.02,425,417,413,339,359
4.42,-4.55,-4.55,-0.05,-0.05,-0.05,425,417,413,339,360
4.44,-4.81,-4.81,0.08,0.08,0.08,425,417,412,339,360
4.47,-4.46,-4.46,-0.01,-0.01,-0.01,425,417,413,339,360
4.45,-4.69,-4.69,0.01,0.01,0.01,425,417,412,339,359
4.25,-4.84,-4.84,-0.07,-0.07,-0.07,425,417,413,339,359
4.49,-4.56,-4.56,-0.06,-0.06,-0.06,425,417,412,339,359
4.68,-4.69,-4.69,0.09,0.09,0.09,425,417,412,339,359
4.72,-4.54,-4.54,0.07,0.07,0.07,425,417,412,339,359
4.40,-4.58,-4.58,0.10,0.10,0.10,425,417,413,339,360
4.62,-4.92,-4.92,-0.08,-0.08,-0.08,426,417,413,339,360
4.14,-4.77,-4.77,-0.02,-0.02,-0.02,426,416,413,339,360
END
4.67,-4.48,-4.48,0.06,0.06,0.06,437,425,423,349,368
5.14,-6.02,-6.02,0.07,0.07,0.07,437,425,422,349,368
5.33,-6.04,-6.04,0.05,0.05,0.05,437,425,422,349,368
5.20,-6.05,-6.05,0.06,0.06,0.06,437,424,423,349,368
4.79,-6.04,-6.04,0.05,0.05,0.05,437,424,422,349,368
4.80,-5.92,-5.92,0.11,0.11,0.11,437,424,422,349,368
4.29,-5.94,-5.94,0.08,0.08,0.08,437,424,422,349,368
4.82,-5.45,-5.45,0.19,0.19,0.19,437,424,423,349,368
4.56,-5.65,-5.65,0.17,0.17,0.17,437,424,423,348,368
3.40,-5.15,-5.15,0.25,0.25,0.25,437,424,423,346,369
2.90,-4.93,-4.93,0.35,0.35,0.35,437,424,423,344,369
4.56,-4.72,-4.72,0.46,0.46,0.46,436,423,423,342,369
2.89,-4.62,-4.62,0.19,0.19,0.19,437,422,425,342,370
4.50,-4.67,-4.67,0.48,0.48,0.48,440,418,429,341,375
4.57,-4.28,-4.28,0.04,0.04,0.04,441,415,429,340,376
5.08,-4.94,-4.94,0.09,0.09,0.09,440,411,427,339,377
2.99,-4.75,-4.75,0.08,0.08,0.08,440,410,427,339,376
4.24,-4.34,-4.34,0.03,0.03,0.03,439,411,426,338,375
4.49,-4.17,-4.17,0.10,0.10,0.10,437,411,426,338,372
4.18,-4.15,-4.15,0.07,0.07,0.07,437,412,426,338,371
2.98,-3.99,-3.99,0.08,0.08,0.08,437,412,425,338,371
3.09,-4.00,-4.00,0.22,0.22,0.22,436,412,425,338,370
3.47,-3.75,-3.75,-0.04,-0.04,-0.04,436,412,425,337,370
3.41,-3.80,-3.80,0.17,0.17,0.17,436,412,425,337,369
2.92,-3.82,-3.82,0.02,0.02,0.02,435,412,425,337,369
2.77,-4.31,-4.31,0.04,0.04,0.04,435,413,424,337,368
2.76,-4.19,-4.19,0.07,0.07,0.07,435,414,423,337,367
4.05,-3.90,-3.90,0.07,0.07,0.07,434,413,423,337,367
2.60,-4.28,-4.28,-0.00,-0.00,-0.00,434,413,423,337,367
2.70,-3.98,-3.98,0.01,0.01,0.01,434,414,423,336,366
3.04,-3.50,-3.50,0.04,0.04,0.04,433,416,421,336,366
3.22,-3.04,-3.04,0.17,0.17,0.17,433,417,419,335,366
3.06,-3.34,-3.34,0.12,0.12,0.12,432,417,418,335,365
2.94,-3.66,-3.66,0.06,0.06,0.06,432,417,418,335,365
3.14,-3.56,-3.56,-0.04,-0.04,-0.04,431,417,418,335,365
2.76,-3.40,-3.40,0.05,0.05,0.05,431,416,418,335,365
2.73,-3.21,-3.21,0.04,0.04,0.04,431,417,417,335,365
2.79,-3.46,-3.46,0.10,0.10,0.10,431,417,417,335,365
3.14,-3.42,-3.42,0.02,0.02,0.02,431,416,418,335,365
3.07,-3.32,-3.32,0.03,0.03,0.03,431,416,417,335,365
3.01,-3.35,-3.35,0.04,0.04,0.04,431,416,417,335,365
END
3.18,-3.20,-3.20,0.01,0.01,0.01,442,421,414,339,370
5.35,-6.30,-6.30,0.07,0.07,0.07,443,421,415,338,370
5.63,-6.37,-6.37,-0.01,-0.01,-0.01,442,421,415,339,370
5.48,-6.30,-6.30,0.03,0.03,0.03,442,420,415,339,370
5.29,-6.13,-6.13,0.03,0.03,0.03,442,420,414,339,370
5.37,-6.15,-6.15,0.02,0.02,0.02,442,421,414,339,370
5.40,-6.10,-6.10,0.14,0.14,0.14,442,420,414,340,370
5.58,-5.91,-5.91,0.09,0.09,0.09,442,420,414,341,370
5.46,-5.81,-5.81,0.06,0.06,0.06,441,420,415,341,370
3.08,-5.76,-5.76,0.12,0.12,0.12,442,420,415,341,370
4.43,-5.97,-5.97,0.43,0.43,0.43,442,420,415,340,370
4.13,-6.00,-6.00,0.28,0.28,0.28,441,420,415,340,370
4.86,-6.33,-6.33,0.23,0.23,0.23,441,420,415,340,370
3.85,-5.65,-5.65,-0.04,-0.04,-0.04,441,419,416,340,370
3.63,-5.63,-5.63,0.18,0.18,0.18,440,418,416,340,369
3.26,-5.28,-5.28,0.45,0.45,0.45,440,418,417,340,370
4.73,-5.31,-5.31,0.14,0.14,0.14,438,417,417,340,369
5.20,-5.50,-5.50,0.26,0.26,0.26,437,417,417,339,369
3.96,-5.36,-5.36,-0.22,-0.22,-0.22,436,416,416,339,368
4.48,-5.25,-5.25,0.28,0.28,0.28,435,416,416,339,368
5.13,-4.73,-4.73,-0.13,-0.13,-0.13,435,416,416,339,368
4.46,-5.38,-5.38,0.13,0.13,0.13,434,416,416,339,368
4.69,-4.95,-4.95,0.32,0.32,0.32,433,415,416,339,367
4.81,-5.12,-5.12,0.24,0.24,0.24,432,416,415,339,367
4.43,-5.10,-5.10,0.15,0.15,0.15,432,416,415,339,366
3.55,-5.03,-5.03,0.00,0.00,0.00,432,416,414,338,365
3.54,-5.01,-5.01,-0.12,-0.12,-0.12,431,416,414,338,365
4.64,-5.11,-5.11,0.00,0.00,0.00,431,415,414,339,365
3.39,-4.96,-4.96,-0.08,-0.08,-0.08,431,414,414,339,365
4.14,-5.31,-5.31,-0.06,-0.06,-0.06,430,414,414,338,365
5.70,-5.33,-5.33,0.04,0.04,0.04,430,414,413,338,365
3.93,-5.39,-5.39,0.01,0.01,0.01,430,414,414,339,365
4.08,-5.08,-5.08,-0.01,-0.01,-0.01,430,414,414,339,365
3.50,-5.15,-5.15,0.06,0.06,0.06,430,414,414,339,365
3.42,-4.83,-4.83,0.01,0.01,0.01,430,414,413,339,365
5.81,-4.61,-4.61,0.02,0.02,0.02,430,414,413,339,365
3.63,-4.36,-4.36,0.02,0.02,0.02,430,414,413,339,365
5.26,-4.47,-4.47,0.06,0.06,0.06,429,414,413,339,364
5.24,-4.68,-4.68,0.17,0.17,0.17,429,414,413,339,364
5.00,-4.77,-4.77,0.07,0.07,0.07,429,414,413,339,364
4.06,-4.60,-4.60,0.06,0.06,0.06,429,414,413,339,365
END
4.64,-4.41,-4.41,0.10,0.10,0.10,433,418,421,341,365
5.18,-6.03,-6.03,0.03,0.03,0.03,433,418,421,341,365
5.13,-6.26,-6.26,0.07,0.07,0.07,433,418,421,341,365
5.02,-6.23,-6.23,0.08,0.08,0.08,433,418,421,341,365
4.59,-6.10,-6.10,0.05,0.05,0.05,433,418,421,341,365
5.12,-5.97,-5.97,0.10,0.10,0.10,433,418,421,341,365
4.73,-5.63,-5.63,0.00,0.00,0.00,433,417,421,341,365
5.01,-5.67,-5.67,0.07,0.07,0.07,433,417,421,341,365
5.10,-6.02,-6.02,0.21,0.21,0.21,433,417,421,340,365
3.28,-6.36,-6.36,0.19,0.19,0.19,433,417,421,342,365
3.36,-5.54,-5.54,0.13,0.13,0.13,433,418,421,342,366
3.37,-5.53,-5.53,0.09,0.09,0.09,433,418,421,343,367
2.45,-5.53,-5.53,0.23,0.23,0.23,433,417,421,343,367
3.75,-5.46,-5.46,0.38,0.38,0.38,432,416,420,342,367
5.11,-5.49,-5.49,0.41,0.41,0.41,431,416,420,342,368
4.79,-5.37,-5.37,0.03,0.03,0.03,430,415,418,341,368
4.60,-5.00,-5.00,0.13,0.13,0.13,429,414,417,340,368
5.16,-4.65,-4.65,0.08,0.08,0.08,428,413,416,341,368
5.32,-5.28,-5.28,0.01,0.01,0.01,427,413,415,339,367
3.96,-4.67,-4.67,-0.04,-0.04,-0.04,427,413,415,339,367
4.81,-4.74,-4.74,0.02,0.02,0.02,427,413,415,339,366
4.47,-4.63,-4.63,0.10,0.10,0.10,427,413,414,339,366
4.64,-4.64,-4.64,0.47,0.47,0.47,427,413,414,338,364
4.75,-4.85,-4.85,0.20,0.20,0.20,426,414,414,337,364
4.26,-4.33,-4.33,0.09,0.09,0.09,426,414,415,337,363
4.70,-4.22,-4.22,-0.04,-0.04,-0.04,425,413,414,336,363
3.83,-4.12,-4.12,-0.09,-0.09,-0.09,425,412,412,336,362
4.35,-4.56,-4.56,0.05,0.05,0.05,424,411,411,336,362
4.74,-4.32,-4.32,0.04,0.04,0.04,424,411,411,336,361
4.41,-4.07,-4.07,0.14,0.14,0.14,423,411,411,336,361
4.20,-4.00,-4.00,0.13,0.13,0.13,423,411,411,336,361
4.11,-3.86,-3.86,0.03,0.03,0.03,423,411,411,336,361
4.06,-3.71,-3.71,0.04,0.04,0.04,423,411,411,336,361
3.77,-4.04,-4.04,0.04,0.04,0.04,424,411,411,336,361
4.31,-3.92,-3.92,0.01,0.01,0.01,423,411,411,336,361
4.24,-3.95,-3.95,0.02,0.02,0.02,423,411,411,336,361
4.01,-3.75,-3.75,0.03,0.03,0.03,424,412,412,336,361
3.96,-3.87,-3.87,0.05,0.05,0.05,424,413,413,336,362
3.73,-3.79,-3.79,0.04,0.04,0.04,424,413,413,336,362
3.98,-3.71,-3.71,0.02,0.02,0.02,424,412,413,336,362
4.49,-3.70,-3.70,0.03,0.03,0.03,424,412,413,336,362
END
4.06,-3.94,-3.94,0.04,0.04,0.04,431,419,418,346,365
3.60,-7.59,-7.59,0.11,0.11,0.11,431,418,418,346,365
4.33,-7.55,-7.55,0.05,0.05,0.05,430,418,418,346,365
3.56,-7.43,-7.43,0.02,0.02,0.02,431,418,418,346,365
3.73,-7.41,-7.41,0.03,0.03,0.03,430,418,418,346,365
3.44,-7.04,-7.04,-0.00,-0.00,-0.00,430,418,418,346,365
3.75,-6.84,-6.84,0.11,0.11,0.11,431,418,418,346,365
3.95,-6.88,-6.88,0.21,0.21,0.21,430,418,418,345,364
3.38,-6.56,-6.56,0.24,0.24,0.24,430,418,417,345,363
3.08,-6.63,-6.63,0.38,0.38,0.38,429,417,418,345,361
3.17,-6.42,-6.42,0.19,0.19,0.19,428,417,417,344,361
3.43,-6.36,-6.36,0.20,0.20,0.20,427,416,416,343,361
3.67,-6.61,-6.61,0.36,0.36,0.36,426,415,415,341,360
3.98,-6.93,-6.93,0.36,0.36,0.36,425,414,415,340,359
2.84,-6.53,-6.53,0.00,0.00,0.00,422,411,414,339,360
1.97,-5.84,-5.84,-0.02,-0.02,-0.02,418,406,413,339,361
3.23,-5.75,-5.75,0.26,0.26,0.26,416,403,410,338,361
2.65,-5.76,-5.76,0.24,0.24,0.24,416,403,409,338,361
2.79,-5.36,-5.36,0.34,0.34,0.34,416,406,408,338,360
3.69,-5.38,-5.38,0.17,0.17,0.17,417,407,408,337,360
3.90,-5.32,-5.32,0.17,0.17,0.17,417,405,408,337,359
3.73,-4.91,-4.91,0.12,0.12,0.12,417,403,408,337,359
3.77,-5.15,-5.15,0.35,0.35,0.35,418,403,408,336,360
4.08,-5.24,-5.24,0.08,0.08,0.08,418,403,408,336,360
3.90,-4.97,-4.97,0.11,0.11,0.11,418,403,408,336,360
3.68,-5.06,-5.06,0.03,0.03,0.03,417,402,408,336,360
3.22,-5.15,-5.15,0.14,0.14,0.14,416,400,408,336,361
2.92,-4.92,-4.92,0.08,0.08,0.08,416,400,409,336,363
3.11,-4.55,-4.55,0.31,0.31,0.31,418,405,410,336,363
4.43,-4.52,-4.52,0.10,0.10,0.10,420,408,411,336,363
4.34,-4.30,-4.30,0.00,0.00,0.00,419,407,410,336,363
3.99,-4.17,-4.17,-0.03,-0.03,-0.03,419,406,410,336,363
3.32,-3.93,-3.93,0.07,0.07,0.07,419,405,410,336,363
3.24,-4.24,-4.24,0.20,0.20,0.20,417,403,409,336,362
3.88,-4.29,-4.29,0.02,0.02,0.02,417,402,409,336,362
3.29,-4.29,-4.29,0.03,0.03,0.03,416,402,409,336,362
3.42,-4.39,-4.39,0.05,0.05,0.05,416,401,409,336,362
3.36,-4.19,-4.19,0.06,0.06,0.06,415,401,409,336,362
3.07,-3.73,-3.73,-0.02,-0.02,-0.02,415,401,409,336,362
2.73,-3.57,-3.57,-0.04,-0.04,-0.04,416,402,409,335,361
3.17,-3.98,-3.98,0.01,0.01,0.01,415,402,408,335,361
END
3.09,-3.75,-3.75,0.09,0.09,0.09,423,413,419,345,370
5.57,-6.88,-6.88,0.11,0.11,0.11,423,413,419,344,370
5.71,-6.77,-6.77,0.10,0.10,0.10,423,413,418,344,370
5.59,-6.91,-6.91,0.10,0.10,0.10,423,413,418,344,370
5.38,-6.75,-6.75,0.04,0.04,0.04,423,413,417,344,370
5.40,-6.40,-6.40,0.11,0.11,0.11,423,413,416,343,370
5.35,-5.99,-5.99,0.09,0.09,0.09,423,413,416,343,370
4.39,-6.00,-6.00,0.20,0.20,0.20,423,413,416,343,370
3.71,-6.49,-6.49,0.33,0.33,0.33,423,412,416,343,370
5.70,-6.40,-6.40,0.35,0.35,0.35,422,412,416,343,370
4.12,-6.11,-6.11,0.02,0.02,0.02,422,412,416,343,371
5.57,-6.37,-6.37,0.07,0.07,0.07,422,411,415,342,371
6.10,-6.77,-6.77,0.18,0.18,0.18,421,410,414,342,371
4.06,-6.53,-6.53,0.02,0.02,0.02,422,410,413,343,370
4.15,-6.12,-6.12,0.41,0.41,0.41,422,410,413,343,370
4.41,-5.57,-5.57,0.25,0.25,0.25,422,412,414,343,370
5.75,-5.69,-5.69,0.43,0.43,0.43,422,412,414,343,370
6.29,-5.71,-5.71,0.21,0.21,0.21,422,411,414,343,369
5.66,-5.56,-5.56,0.21,0.21,0.21,421,411,413,343,369
5.46,-5.24,-5.24,0.02,0.02,0.02,421,410,412,342,368
4.29,-4.65,-4.65,0.17,0.17,0.17,421,410,412,341,367
5.58,-4.39,-4.39,0.52,0.52,0.52,421,411,412,340,367
5.36,-4.69,-4.69,0.45,0.45,0.45,421,411,412,339,367
6.27,-4.64,-4.64,0.35,0.35,0.35,421,411,413,337,366
4.93,-4.58,-4.58,0.12,0.12,0.12,421,411,413,336,366
4.97,-4.22,-4.22,0.05,0.05,0.05,421,411,413,336,365
4.95,-4.25,-4.25,0.07,0.07,0.07,421,411,413,336,365
4.75,-4.52,-4.52,-0.05,-0.05,-0.05,420,410,413,336,364
4.54,-5.05,-5.05,-0.42,-0.42,-0.42,420,410,413,336,365
5.16,-4.56,-4.56,-0.38,-0.38,-0.38,420,410,413,337,365
4.82,-4.64,-4.64,-0.07,-0.07,-0.07,420,410,413,337,365
4.57,-4.24,-4.24,-0.00,-0.00,-0.00,420,410,413,337,365
4.91,-4.31,-4.31,0.06,0.06,0.06,419,410,413,337,365
4.86,-4.22,-4.22,0.12,0.12,0.12,419,410,413,338,365
4.66,-4.69,-4.69,0.15,0.15,0.15,420,410,413,338,365
5.26,-4.85,-4.85,0.16,0.16,0.16,419,410,412,338,364
4.77,-5.01,-5.01,0.05,0.05,0.05,419,410,412,338,364
4.44,-4.87,-4.87,0.04,0.04,0.04,419,410,412,338,364
4.77,-4.69,-4.69,0.00,0.00,0.00,419,411,412,338,364
4.50,-4.39,-4.39,0.05,0.05,0.05,419,410,412,338,364
4.67,-4.44,-4.44,0.05,0.05,0.05,419,411,412,338,364
END
4.53,-4.40,-4.40,0.06,0.06,0.06,426,415,417,342,364
4.28,-6.20,-6.20,0.08,0.08,0.08,426,415,416,342,363
5.05,-6.24,-6.24,0.17,0.17,0.17,426,415,417,342,363
5.15,-6.11,-6.11,0.07,0.07,0.07,425,415,416,342,363
5.89,-6.09,-6.09,0.07,0.07,0.07,425,414,416,341,363
4.23,-6.28,-6.28,0.07,0.07,0.07,428,415,416,342,364
4.59,-5.78,-5.78,0.05,0.05,0.05,430,416,417,342,365
4.11,-5.61,-5.61,0.05,0.05,0.05,430,416,417,341,365
3.85,-5.69,-5.69,0.18,0.18,0.18,430,416,417,341,365
3.33,-5.67,-5.67,0.14,0.14,0.14,428,415,416,341,365
4.01,-5.55,-5.55,0.48,0.48,0.48,428,414,416,341,365
4.99,-5.28,-5.28,0.25,0.25,0.25,426,414,416,340,365
4.19,-5.45,-5.45,0.20,0.20,0.20,427,413,416,340,365
4.76,-5.36,-5.36,0.29,0.29,0.29,427,413,416,339,364
3.17,-4.53,-4.53,0.00,0.00,0.00,427,413,415,339,364
7.91,-5.21,-5.21,0.08,0.08,0.08,426,412,414,338,363
3.82,-4.50,-4.50,0.14,0.14,0.14,426,411,414,337,364
5.18,-4.73,-4.73,0.11,0.11,0.11,425,411,413,337,363
5.36,-4.34,-4.34,0.09,0.09,0.09,425,411,413,336,362
4.61,-4.21,-4.21,0.19,0.19,0.19,425,411,413,336,362
4.95,-3.74,-3.74,0.06,0.06,0.06,425,411,413,336,362
3.99,-3.48,-3.48,0.03,0.03,0.03,425,411,413,336,362
5.16,-3.83,-3.83,0.04,0.04,0.04,424,410,412,336,362
3.97,-3.88,-3.88,-0.07,-0.07,-0.07,424,410,412,336,361
4.39,-4.20,-4.20,-0.22,-0.22,-0.22,424,410,411,336,361
4.11,-3.96,-3.96,-0.15,-0.15,-0.15,424,410,410,337,360
4.67,-4.34,-4.34,0.13,0.13,0.13,424,409,410,337,361
4.65,-4.39,-4.39,0.13,0.13,0.13,424,409,410,337,360
5.43,-4.15,-4.15,-0.03,-0.03,-0.03,423,409,410,337,360
4.41,-3.98,-3.98,0.02,0.02,0.02,423,409,410,337,360
4.49,-3.99,-3.99,-0.04,-0.04,-0.04,423,409,410,338,360
5.00,-3.80,-3.80,0.02,0.02,0.02,423,409,410,337,360
4.17,-3.91,-3.91,0.05,0.05,0.05,423,409,410,338,360
4.92,-3.89,-3.89,0.11,0.11,0.11,423,409,410,337,360
4.35,-4.01,-4.01,0.07,0.07,0.07,423,409,410,337,359
4.26,-3.78,-3.78,0.07,0.07,0.07,423,409,410,338,360
4.31,-3.78,-3.78,0.04,0.04,0.04,423,409,410,337,360
3.97,-3.69,-3.69,0.11,0.11,0.11,423,409,410,338,360
3.90,-3.75,-3.75,0.02,0.02,0.02,423,409,410,338,360
4.21,-3.52,-3.52,0.23,0.23,0.23,423,409,410,338,360
4.34,-3.63,-3.63,0.12,0.12,0.12,423,409,410,338,360
END
4.33,-3.60,-3.60,0.06,0.06,0.06,428,416,415,339,362
4.00,-6.76,-6.76,0.11,0.11,0.11,427,415,415,339,362
4.78,-7.14,-7.14,0.11,0.11,0.11,427,415,414,339,361
4.01,-6.65,-6.65,-0.05,-0.05,-0.05,427,415,414,339,361
4.26,-6.55,-6.55,0.04,0.04,0.04,427,415,414,340,361
3.61,-6.36,-6.36,-0.03,-0.03,-0.03,427,414,414,339,361
4.27,-5.81,-5.81,0.08,0.08,0.08,427,415,413,339,361
3.37,-4.53,-4.53,-0.00,-0.00,-0.00,427,415,414,339,362
3.79,-5.19,-5.19,0.46,0.46,0.46,427,414,414,339,362
4.29,-5.91,-5.91,-0.03,-0.03,-0.03,425,413,413,339,362
1.92,-5.78,-5.78,0.24,0.24,0.24,426,412,414,339,363
5.02,-6.36,-6.36,0.14,0.14,0.14,426,412,413,339,363
3.19,-6.09,-6.09,0.21,0.21,0.21,426,412,413,339,363
5.07,-5.92,-5.92,0.19,0.19,0.19,425,411,413,338,363
5.48,-5.44,-5.44,-0.06,-0.06,-0.06,424,410,412,338,362
4.97,-5.38,-5.38,0.27,0.27,0.27,423,410,412,338,362
4.57,-5.37,-5.37,0.01,0.01,0.01,422,410,411,338,362
3.47,-5.41,-5.41,0.06,0.06,0.06,422,409,411,338,362
4.68,-5.31,-5.31,-0.01,-0.01,-0.01,421,409,411,338,362
4.64,-5.55,-5.55,0.02,0.02,0.02,421,409,411,338,362
4.62,-5.15,-5.15,-0.23,-0.23,-0.23,422,409,412,338,362
4.67,-4.96,-4.96,0.05,0.05,0.05,421,409,412,339,362
4.49,-5.13,-5.13,0.03,0.03,0.03,421,409,411,339,362
4.26,-5.13,-5.13,-0.04,-0.04,-0.04,421,409,411,339,362
3.80,-5.20,-5.20,0.13,0.13,0.13,420,408,409,339,361
4.03,-5.93,-5.93,0.15,0.15,0.15,420,408,408,338,361
4.84,-5.77,-5.77,0.04,0.04,0.04,420,408,408,339,360
4.93,-5.06,-5.06,0.06,0.06,0.06,419,408,408,339,360
4.51,-5.12,-5.12,0.06,0.06,0.06,419,408,408,339,360
4.04,-4.64,-4.64,0.03,0.03,0.03,419,408,408,341,360
4.59,-4.60,-4.60,0.10,0.10,0.10,420,408,408,341,360
4.32,-4.68,-4.68,-0.04,-0.04,-0.04,419,408,408,341,360
4.21,-4.59,-4.59,0.01,0.01,0.01,419,408,408,341,360
3.65,-4.82,-4.82,0.10,0.10,0.10,419,408,409,341,361
3.70,-4.85,-4.85,0.02,0.02,0.02,419,407,409,341,361
3.45,-4.74,-4.74,0.01,0.01,0.01,419,407,409,341,361
3.97,-4.36,-4.36,-0.08,-0.08,-0.08,419,407,409,341,361
4.47,-4.16,-4.16,0.04,0.04,0.04,419,407,408,342,360
4.46,-4.49,-4.49,0.01,0.01,0.01,419,407,408,342,360
4.49,-4.78,-4.78,0.09,0.09,0.09,419,407,408,342,360
4.41,-4.74,-4.74,0.10,0.10,0.10,419,407,409,342,360
END