5.38,-6.90,-6.90,-0.02,-0.02,-0.02,471,441,439,332,365
6.02,-6.81,-6.81,-0.04,-0.04,-0.04,471,441,439,332,365
6.52,-6.88,-6.88,0.00,0.00,0.00,471,440,439,332,365
6.14,-6.91,-6.91,0.02,0.02,0.02,470,440,438,332,365
5.44,-6.92,-6.92,0.02,0.02,0.02,470,440,438,332,365
5.48,-6.78,-6.78,0.03,0.03,0.03,470,440,438,332,365
5.10,-6.98,-6.98,0.02,0.02,0.02,470,440,438,332,366
4.98,-7.19,-7.19,-0.03,-0.03,-0.03,470,440,438,332,366
5.44,-7.16,-7.16,-0.12,-0.12,-0.12,469,440,438,332,366
5.28,-6.87,-6.87,-0.14,-0.14,-0.14,469,440,438,332,366
5.33,-7.39,-7.39,-0.12,-0.12,-0.12,469,440,438,332,366
4.96,-7.31,-7.31,-0.24,-0.24,-0.24,469,440,438,333,366
5.61,-7.13,-7.13,-0.26,-0.26,-0.26,469,440,438,332,366
5.72,-7.15,-7.15,-0.28,-0.28,-0.28,469,439,438,332,366
5.83,-7.49,-7.49,-0.23,-0.23,-0.23,469,439,438,331,366
5.65,-7.72,-7.72,-0.30,-0.30,-0.30,469,439,438,333,366
5.38,-7.17,-7.17,-0.46,-0.46,-0.46,469,439,438,333,366
4.57,-7.35,-7.35,-0.45,-0.45,-0.45,469,439,438,333,367
4.83,-7.45,-7.45,-0.41,-0.41,-0.41,468,439,438,333,367
6.04,-7.73,-7.73,-0.50,-0.50,-0.50,468,439,438,333,367
5.05,-7.47,-7.47,-0.56,-0.56,-0.56,468,439,438,333,367
5.36,-7.32,-7.32,-0.42,-0.42,-0.42,468,438,438,333,367
4.41,-7.25,-7.25,-0.40,-0.40,-0.40,468,438,438,333,367
4.82,-7.46,-7.46,-0.36,-0.36,-0.36,468,438,438,333,367
4.99,-7.80,-7.80,-0.35,-0.35,-0.35,467,438,438,333,367
5.65,-7.57,-7.57,-0.31,-0.31,-0.31,467,438,438,333,367
5.56,-7.61,-7.61,-0.23,-0.23,-0.23,467,438,438,333,367
4.72,-7.80,-7.80,-0.18,-0.18,-0.18,467,438,438,333,367
4.49,-7.90,-7.90,-0.24,-0.24,-0.24,467,437,438,333,367
4.81,-8.04,-8.04,-0.25,-0.25,-0.25,467,437,438,333,367
4.87,-7.93,-7.93,-0.31,-0.31,-0.31,467,438,438,333,368
5.45,-8.31,-8.31,-0.25,-0.25,-0.25,467,438,437,333,367
5.05,-8.32,-8.32,-0.29,-0.29,-0.29,467,438,437,333,367
5.26,-8.31,-8.31,-0.30,-0.30,-0.30,467,438,437,333,367
4.82,-8.00,-8.00,-0.31,-0.31,-0.31,467,438,437,333,367
4.36,-7.58,-7.58,-0.27,-0.27,-0.27,466,437,437,333,367
4.97,-7.85,-7.85,-0.25,-0.25,-0.25,466,437,437,333,367
4.24,-7.99,-7.99,-0.24,-0.24,-0.24,466,437,437,333,367
5.69,-7.52,-7.52,-0.12,-0.12,-0.12,465,437,437,334,367
5.51,-7.79,-7.79,-0.10,-0.10,-0.10,465,437,437,334,367
4.92,-7.95,-7.95,-0.14,-0.14,-0.14,465,437,437,335,368
END
4.51,-8.04,-8.04,-0.12,-0.12,-0.12,463,437,443,334,370
5.00,-7.50,-7.50,-0.00,-0.00,-0.00,463,437,442,334,370
5.15,-7.45,-7.45,-0.00,-0.00,-0.00,463,436,441,334,370
5.02,-7.35,-7.35,0.01,0.01,0.01,463,436,440,334,369
5.26,-7.75,-7.75,0.05,0.05,0.05,462,436,439,334,369
4.34,-8.06,-8.06,0.01,0.01,0.01,462,436,438,333,369
4.18,-8.15,-8.15,-0.04,-0.04,-0.04,462,436,438,334,369
3.29,-8.43,-8.43,-0.13,-0.13,-0.13,462,435,439,333,370
3.55,-8.52,-8.52,-0.22,-0.22,-0.22,462,435,439,333,370
2.68,-8.66,-8.66,-0.31,-0.31,-0.31,461,435,438,333,370
3.03,-7.81,-7.81,-0.49,-0.49,-0.49,461,435,439,334,371
3.78,-7.66,-7.66,-0.34,-0.34,-0.34,461,435,439,334,371
5.64,-7.88,-7.88,-0.31,-0.31,-0.31,461,435,439,334,371
5.62,-7.54,-7.54,-0.44,-0.44,-0.44,460,435,439,334,371
6.11,-7.27,-7.27,-0.65,-0.65,-0.65,460,435,439,334,371
5.84,-7.24,-7.24,-0.46,-0.46,-0.46,460,435,439,333,370
5.60,-7.31,-7.31,-0.57,-0.57,-0.57,460,435,440,334,371
6.46,-7.00,-7.00,-0.50,-0.50,-0.50,459,435,440,333,370
5.51,-6.55,-6.55,-0.43,-0.43,-0.43,459,435,440,333,370
6.09,-7.06,-7.06,-0.33,-0.33,-0.33,459,435,440,334,371
5.12,-7.40,-7.40,-0.37,-0.37,-0.37,459,435,439,334,370
4.44,-8.31,-8.31,-0.37,-0.37,-0.37,459,435,439,334,370
5.43,-7.82,-7.82,-0.45,-0.45,-0.45,459,435,439,334,370
4.57,-7.97,-7.97,-0.50,-0.50,-0.50,459,435,439,334,370
5.69,-7.50,-7.50,-0.50,-0.50,-0.50,459,435,439,334,370
6.93,-7.54,-7.54,-0.45,-0.45,-0.45,459,435,439,333,370
6.75,-7.23,-7.23,-0.45,-0.45,-0.45,459,435,439,334,370
5.84,-7.14,-7.14,-0.46,-0.46,-0.46,459,434,439,333,370
5.25,-7.14,-7.14,-0.36,-0.36,-0.36,459,434,438,333,370
6.73,-7.65,-7.65,-0.36,-0.36,-0.36,459,434,438,333,370
6.17,-6.75,-6.75,-0.41,-0.41,-0.41,459,434,438,333,370
6.55,-6.17,-6.17,-0.28,-0.28,-0.28,459,434,438,333,370
6.44,-6.07,-6.07,-0.22,-0.22,-0.22,459,434,438,333,370
6.38,-6.50,-6.50,-0.11,-0.11,-0.11,459,434,437,333,370
5.56,-6.98,-6.98,-0.01,-0.01,-0.01,459,434,437,333,370
5.69,-7.50,-7.50,0.04,0.04,0.04,459,434,437,333,370
5.95,-7.60,-7.60,0.04,0.04,0.04,459,434,436,333,370
6.25,-7.39,-7.39,-0.01,-0.01,-0.01,458,434,436,333,370
6.04,-7.78,-7.78,0.08,0.08,0.08,458,434,436,333,370
5.92,-7.87,-7.87,0.02,0.02,0.02,458,433,436,333,370
5.74,-7.62,-7.62,0.02,0.02,0.02,458,434,436,333,370
END
5.35,-7.64,-7.64,0.05,0.05,0.05,455,432,438,333,377
4.11,-8.99,-8.99,0.04,0.04,0.04,455,432,438,333,377
3.63,-8.51,-8.51,0.06,0.06,0.06,455,432,438,334,377
3.29,-8.17,-8.17,0.03,0.03,0.03,455,432,438,333,377
3.51,-8.36,-8.36,0.11,0.11,0.11,455,432,437,334,377
3.66,-8.54,-8.54,0.11,0.11,0.11,455,432,437,333,377
2.92,-8.77,-8.77,0.06,0.06,0.06,455,432,437,334,377
2.47,-9.03,-9.03,0.05,0.05,0.05,455,432,437,333,377
2.12,-9.06,-9.06,-0.04,-0.04,-0.04,455,432,437,333,377
2.38,-8.76,-8.76,-0.11,-0.11,-0.11,455,432,437,333,376
2.80,-8.26,-8.26,-0.35,-0.35,-0.35,455,432,437,333,376
2.61,-8.14,-8.14,-0.17,-0.17,-0.17,455,432,437,333,376
3.24,-8.62,-8.62,-0.05,-0.05,-0.05,455,432,437,334,376
3.01,-8.80,-8.80,-0.19,-0.19,-0.19,455,432,437,333,376
3.68,-8.49,-8.49,-0.32,-0.32,-0.32,455,432,437,334,376
6.16,-8.07,-8.07,-0.48,-0.48,-0.48,455,432,437,334,376
4.80,-7.90,-7.90,-0.45,-0.45,-0.45,455,432,437,334,376
5.52,-7.79,-7.79,-0.39,-0.39,-0.39,455,432,437,333,376
4.95,-8.48,-8.48,-0.29,-0.29,-0.29,455,432,437,333,376
4.66,-7.86,-7.86,-0.41,-0.41,-0.41,455,431,437,334,376
5.43,-7.42,-7.42,-0.50,-0.50,-0.50,455,432,437,334,376
5.36,-7.70,-7.70,-0.46,-0.46,-0.46,455,432,437,334,376
6.03,-7.98,-7.98,-0.53,-0.53,-0.53,454,432,437,334,376
6.97,-7.48,-7.48,-0.57,-0.57,-0.57,454,432,437,334,376
6.45,-6.65,-6.65,-0.49,-0.49,-0.49,454,432,437,334,376
5.76,-6.98,-6.98,-0.32,-0.32,-0.32,454,432,437,334,376
5.56,-7.73,-7.73,-0.34,-0.34,-0.34,454,432,437,334,375
4.61,-7.72,-7.72,-0.47,-0.47,-0.47,454,432,437,334,375
4.99,-7.57,-7.57,-0.41,-0.41,-0.41,454,432,437,334,376
6.04,-7.19,-7.19,-0.39,-0.39,-0.39,454,432,437,334,375
6.73,-7.77,-7.77,-0.28,-0.28,-0.28,454,431,437,334,375
6.12,-7.57,-7.57,-0.29,-0.29,-0.29,454,431,437,334,375
6.79,-7.27,-7.27,-0.29,-0.29,-0.29,454,431,437,334,375
6.44,-6.81,-6.81,-0.25,-0.25,-0.25,454,431,437,334,375
5.88,-7.25,-7.25,-0.17,-0.17,-0.17,454,432,437,334,375
5.41,-7.29,-7.29,-0.19,-0.19,-0.19,454,432,437,334,375
6.01,-7.24,-7.24,-0.19,-0.19,-0.19,454,431,437,334,375
6.65,-6.83,-6.83,-0.15,-0.15,-0.15,454,431,437,334,375
6.55,-6.36,-6.36,0.04,0.04,0.04,454,432,437,335,375
6.20,-7.65,-7.65,0.08,0.08,0.08,453,431,437,335,375
6.11,-7.74,-7.74,-0.02,-0.02,-0.02,453,431,437,335,375
END
5.81,-7.32,-7.32,0.02,0.02,0.02,456,432,436,333,374
4.01,-8.48,-8.48,-0.02,-0.02,-0.02,456,431,436,333,374
3.45,-8.07,-8.07,-0.06,-0.06,-0.06,456,431,436,333,374
3.78,-8.11,-8.11,-0.02,-0.02,-0.02,456,432,436,333,374
4.21,-8.21,-8.21,0.04,0.04,0.04,456,431,436,333,374
3.42,-8.47,-8.47,0.03,0.03,0.03,456,431,436,333,374
3.43,-8.46,-8.46,0.00,0.00,0.00,456,431,436,333,374
2.58,-8.62,-8.62,-0.08,-0.08,-0.08,455,431,436,333,374
2.97,-8.56,-8.56,-0.13,-0.13,-0.13,455,431,436,333,374
3.81,-8.09,-8.09,-0.07,-0.07,-0.07,455,431,436,332,374
4.55,-8.72,-8.72,-0.09,-0.09,-0.09,455,431,436,332,374
3.70,-8.44,-8.44,-0.24,-0.24,-0.24,455,431,436,333,374
3.51,-8.03,-8.03,-0.34,-0.34,-0.34,455,431,436,333,375
3.35,-7.92,-7.92,-0.20,-0.20,-0.20,456,428,440,333,382
4.22,-8.04,-8.04,-0.26,-0.26,-0.26,457,427,443,333,385
4.14,-7.83,-7.83,-0.31,-0.31,-0.31,457,426,444,333,386
5.03,-8.08,-8.08,-0.40,-0.40,-0.40,457,426,443,333,385
4.41,-7.93,-7.93,-0.35,-0.35,-0.35,457,426,443,333,385
5.95,-7.79,-7.79,-0.46,-0.46,-0.46,457,425,442,333,385
5.56,-7.86,-7.86,-0.42,-0.42,-0.42,456,425,442,333,384
5.22,-7.58,-7.58,-0.46,-0.46,-0.46,456,425,442,332,384
6.19,-7.80,-7.80,-0.41,-0.41,-0.41,456,425,442,333,384
4.74,-7.77,-7.77,-0.39,-0.39,-0.39,456,425,442,333,384
5.48,-7.70,-7.70,-0.45,-0.45,-0.45,456,425,442,333,384
4.98,-7.81,-7.81,-0.43,-0.43,-0.43,456,425,442,333,384
5.05,-7.42,-7.42,-0.47,-0.47,-0.47,456,425,442,333,385
6.11,-7.75,-7.75,-0.46,-0.46,-0.46,456,425,442,333,384
5.26,-7.60,-7.60,-0.47,-0.47,-0.47,456,425,442,333,384
5.17,-7.43,-7.43,-0.46,-0.46,-0.46,456,425,442,333,384
5.47,-7.11,-7.11,-0.37,-0.37,-0.37,456,425,442,333,384
6.31,-7.11,-7.11,-0.14,-0.14,-0.14,455,425,441,333,383
7.25,-7.53,-7.53,-0.20,-0.20,-0.20,455,425,442,333,383
6.10,-7.16,-7.16,-0.25,-0.25,-0.25,455,425,442,333,383
5.64,-7.40,-7.40,-0.28,-0.28,-0.28,455,425,441,333,383
5.83,-7.32,-7.32,-0.26,-0.26,-0.26,455,425,441,333,383
6.59,-7.21,-7.21,-0.20,-0.20,-0.20,455,425,441,333,383
6.70,-7.08,-7.08,-0.14,-0.14,-0.14,455,425,441,333,383
5.90,-7.08,-7.08,-0.08,-0.08,-0.08,455,425,441,333,383
7.57,-7.26,-7.26,-0.06,-0.06,-0.06,455,425,441,333,383
6.24,-6.99,-6.99,-0.09,-0.09,-0.09,455,425,441,333,383
6.30,-6.82,-6.82,-0.04,-0.04,-0.04,455,425,441,333,383
END
5.90,-7.23,-7.23,0.03,0.03,0.03,454,426,436,334,379
4.77,-8.38,-8.38,-0.01,-0.01,-0.01,453,426,436,334,378
4.19,-8.42,-8.42,-0.02,-0.02,-0.02,453,426,436,334,378
4.06,-8.33,-8.33,-0.04,-0.04,-0.04,453,426,436,335,378
4.21,-8.34,-8.34,-0.04,-0.04,-0.04,453,426,436,335,379
4.67,-8.26,-8.26,-0.02,-0.02,-0.02,453,426,436,335,379
3.96,-8.41,-8.41,-0.01,-0.01,-0.01,453,426,436,335,379
2.74,-8.61,-8.61,-0.13,-0.13,-0.13,453,426,436,335,379
2.94,-8.46,-8.46,-0.22,-0.22,-0.22,453,426,436,335,379
3.27,-8.03,-8.03,-0.17,-0.17,-0.17,453,425,436,335,379
4.92,-8.08,-8.08,-0.22,-0.22,-0.22,453,426,436,335,379
4.30,-8.46,-8.46,-0.29,-0.29,-0.29,453,425,436,335,379
4.97,-8.57,-8.57,-0.24,-0.24,-0.24,453,425,436,335,379
5.10,-8.74,-8.74,-0.33,-0.33,-0.33,453,425,436,334,379
5.18,-8.08,-8.08,-0.41,-0.41,-0.41,453,425,436,335,379
6.31,-7.77,-7.77,-0.34,-0.34,-0.34,453,425,436,335,379
5.28,-7.94,-7.94,-0.27,-0.27,-0.27,453,425,436,335,379
5.61,-8.01,-8.01,-0.38,-0.38,-0.38,453,425,436,335,379
5.12,-7.54,-7.54,-0.39,-0.39,-0.39,453,426,436,335,379
5.22,-7.59,-7.59,-0.40,-0.40,-0.40,453,425,436,335,379
5.38,-7.43,-7.43,-0.35,-0.35,-0.35,453,425,436,335,379
6.27,-7.93,-7.93,-0.32,-0.32,-0.32,453,425,436,335,379
5.04,-8.06,-8.06,-0.42,-0.42,-0.42,452,425,436,335,379
5.89,-7.59,-7.59,-0.53,-0.53,-0.53,452,425,436,335,379
6.28,-6.96,-6.96,-0.55,-0.55,-0.55,452,425,436,335,379
5.53,-6.69,-6.69,-0.52,-0.52,-0.52,452,425,436,335,378
6.13,-6.78,-6.78,-0.41,-0.41,-0.41,453,425,436,334,379
6.35,-7.24,-7.24,-0.32,-0.32,-0.32,453,425,436,335,380
6.48,-7.58,-7.58,-0.33,-0.33,-0.33,453,425,436,335,379
5.88,-7.52,-7.52,-0.31,-0.31,-0.31,453,425,436,335,379
6.81,-7.19,-7.19,-0.32,-0.32,-0.32,453,425,436,335,379
7.56,-6.45,-6.45,-0.23,-0.23,-0.23,453,425,436,335,379
5.42,-7.13,-7.13,-0.02,-0.02,-0.02,452,425,436,335,379
4.52,-8.23,-8.23,-0.03,-0.03,-0.03,452,425,436,335,379
4.22,-8.13,-8.13,-0.18,-0.18,-0.18,452,425,436,335,379
5.53,-7.38,-7.38,-0.25,-0.25,-0.25,452,425,436,335,379
6.44,-7.44,-7.44,-0.29,-0.29,-0.29,452,425,436,334,379
7.46,-7.67,-7.67,-0.28,-0.28,-0.28,452,425,436,334,380
5.91,-7.03,-7.03,-0.15,-0.15,-0.15,452,425,436,334,380
5.71,-6.80,-6.80,0.00,0.00,0.00,452,425,436,334,380
5.84,-7.06,-7.06,0.06,0.06,0.06,452,425,436,334,379
END
5.85,-7.29,-7.29,0.11,0.11,0.11,454,424,434,335,381
5.30,-8.47,-8.47,0.07,0.07,0.07,454,424,434,335,381
4.69,-8.42,-8.42,0.01,0.01,0.01,454,424,434,335,380
4.59,-8.34,-8.34,0.00,0.00,0.00,454,424,434,334,380
4.17,-8.48,-8.48,-0.03,-0.03,-0.03,453,424,434,335,380
3.70,-8.54,-8.54,-0.08,-0.08,-0.08,454,424,434,335,380
3.96,-8.41,-8.41,-0.17,-0.17,-0.17,454,424,434,335,380
3.78,-8.52,-8.52,-0.17,-0.17,-0.17,454,424,434,335,380
4.08,-8.29,-8.29,-0.19,-0.19,-0.19,454,424,434,335,380
3.42,-8.37,-8.37,-0.23,-0.23,-0.23,454,424,434,335,380
4.01,-8.45,-8.45,-0.30,-0.30,-0.30,453,424,434,335,380
4.97,-8.00,-8.00,-0.36,-0.36,-0.36,453,424,434,335,380
4.83,-8.00,-8.00,-0.33,-0.33,-0.33,453,424,434,335,380
5.38,-7.44,-7.44,-0.34,-0.34,-0.34,453,424,434,335,380
5.84,-7.68,-7.68,-0.27,-0.27,-0.27,453,424,434,335,381
5.35,-7.72,-7.72,-0.44,-0.44,-0.44,453,424,434,335,381
5.73,-7.15,-7.15,-0.52,-0.52,-0.52,453,424,435,335,381
6.47,-6.82,-6.82,-0.50,-0.50,-0.50,453,423,435,335,380
7.32,-6.86,-6.86,-0.41,-0.41,-0.41,453,424,435,335,380
7.23,-7.21,-7.21,-0.36,-0.36,-0.36,453,423,435,335,380
6.18,-7.77,-7.77,-0.35,-0.35,-0.35,453,424,435,335,380
6.18,-7.75,-7.75,-0.49,-0.49,-0.49,453,423,435,335,380
5.41,-7.67,-7.67,-0.60,-0.60,-0.60,453,424,435,335,380
6.09,-7.22,-7.22,-0.57,-0.57,-0.57,452,423,435,335,380
6.12,-6.99,-6.99,-0.53,-0.53,-0.53,452,423,435,335,380
6.30,-7.09,-7.09,-0.45,-0.45,-0.45,452,423,435,335,380
6.08,-7.30,-7.30,-0.43,-0.43,-0.43,452,423,435,335,380
6.04,-7.04,-7.04,-0.44,-0.44,-0.44,452,423,435,335,380
5.74,-6.91,-6.91,-0.40,-0.40,-0.40,452,423,435,335,380
6.22,-7.49,-7.49,-0.45,-0.45,-0.45,452,423,435,335,381
5.97,-7.14,-7.14,-0.47,-0.47,-0.47,452,423,435,335,380
6.70,-6.74,-6.74,-0.25,-0.25,-0.25,452,424,435,335,380
7.38,-7.05,-7.05,-0.28,-0.28,-0.28,452,423,435,335,380
6.97,-7.46,-7.46,-0.33,-0.33,-0.33,452,423,435,335,380
5.69,-7.23,-7.23,-0.34,-0.34,-0.34,451,423,434,334,380
6.16,-7.03,-7.03,-0.18,-0.18,-0.18,451,423,435,334,380
6.55,-7.39,-7.39,-0.12,-0.12,-0.12,451,423,435,334,381
6.76,-7.21,-7.21,-0.09,-0.09,-0.09,451,423,435,335,380
6.12,-7.27,-7.27,-0.11,-0.11,-0.11,451,423,434,335,380
5.30,-7.47,-7.47,-0.09,-0.09,-0.09,451,423,435,335,380
5.48,-7.33,-7.33,-0.07,-0.07,-0.07,451,423,435,335,380
END
6.09,-7.14,-7.14,-0.03,-0.03,-0.03,456,426,432,332,379
4.11,-8.40,-8.40,-0.01,-0.01,-0.01,456,426,432,332,379
3.88,-8.57,-8.57,-0.02,-0.02,-0.02,455,426,432,332,379
4.24,-8.58,-8.58,0.01,0.01,0.01,455,425,432,332,379
3.74,-8.55,-8.55,0.03,0.03,0.03,455,425,432,332,379
4.25,-8.60,-8.60,0.03,0.03,0.03,455,425,432,332,379
3.44,-8.51,-8.51,-0.02,-0.02,-0.02,455,425,432,332,378
3.56,-8.32,-8.32,-0.04,-0.04,-0.04,455,425,432,332,378
3.29,-8.42,-8.42,-0.06,-0.06,-0.06,455,425,433,332,378
3.27,-9.07,-9.07,-0.13,-0.13,-0.13,454,425,433,332,378
3.70,-8.71,-8.71,-0.19,-0.19,-0.19,454,425,433,332,378
3.95,-8.36,-8.36,-0.20,-0.20,-0.20,454,425,433,332,378
3.58,-8.71,-8.71,-0.22,-0.22,-0.22,454,425,433,332,378
3.09,-8.28,-8.28,-0.47,-0.47,-0.47,453,424,433,332,379
2.94,-7.95,-7.95,-0.33,-0.33,-0.33,452,424,433,332,380
4.88,-8.54,-8.54,-0.36,-0.36,-0.36,452,424,433,332,379
5.48,-7.77,-7.77,-0.38,-0.38,-0.38,452,423,433,332,379
6.22,-7.67,-7.67,-0.51,-0.51,-0.51,452,423,433,332,378
4.85,-7.77,-7.77,-0.41,-0.41,-0.41,451,423,434,332,380
4.64,-8.37,-8.37,-0.24,-0.24,-0.24,451,423,434,333,380
5.41,-8.68,-8.68,-0.23,-0.23,-0.23,451,423,434,333,379
5.36,-8.33,-8.33,-0.37,-0.37,-0.37,451,423,434,333,379
4.84,-7.95,-7.95,-0.36,-0.36,-0.36,451,423,434,332,379
5.15,-8.07,-8.07,-0.44,-0.44,-0.44,451,423,434,333,379
5.94,-8.08,-8.08,-0.44,-0.44,-0.44,451,423,434,333,379
5.40,-8.19,-8.19,-0.53,-0.53,-0.53,450,422,433,333,379
5.24,-8.35,-8.35,-0.54,-0.54,-0.54,450,423,434,333,379
4.22,-7.53,-7.53,-0.73,-0.73,-0.73,450,422,433,333,379
5.13,-7.55,-7.55,-0.78,-0.78,-0.78,450,422,433,333,379
6.64,-7.04,-7.04,-0.77,-0.77,-0.77,449,422,433,333,378
6.63,-6.76,-6.76,-0.51,-0.51,-0.51,450,424,433,333,378
7.54,-7.30,-7.30,-0.36,-0.36,-0.36,449,423,434,333,378
4.94,-7.59,-7.59,-0.30,-0.30,-0.30,449,423,433,333,378
7.16,-7.84,-7.84,-0.33,-0.33,-0.33,449,424,433,333,378
7.67,-7.41,-7.41,-0.42,-0.42,-0.42,449,424,433,333,378
5.95,-7.14,-7.14,-0.43,-0.43,-0.43,448,423,433,333,379
5.41,-6.68,-6.68,-0.36,-0.36,-0.36,447,423,433,333,379
4.80,-6.35,-6.35,-0.24,-0.24,-0.24,447,423,433,333,378
5.67,-6.45,-6.45,-0.11,-0.11,-0.11,447,423,433,333,378
7.25,-6.08,-6.08,-0.03,-0.03,-0.03,447,423,433,333,378
7.82,-6.47,-6.47,0.06,0.06,0.06,447,423,433,333,378
END
4.97,-7.77,-7.77,0.06,0.06,0.06,451,424,430,335,374
4.26,-8.81,-8.81,0.18,0.18,0.18,450,423,430,335,376
3.85,-9.00,-9.00,0.08,0.08,0.08,450,424,429,334,375
4.50,-8.57,-8.57,0.01,0.01,0.01,448,424,428,334,375
4.45,-8.33,-8.33,0.06,0.06,0.06,448,424,427,334,374
3.67,-8.56,-8.56,0.10,0.10,0.10,449,425,428,334,375
4.05,-8.43,-8.43,-0.04,-0.04,-0.04,451,424,428,334,376
3.62,-8.59,-8.59,-0.30,-0.30,-0.30,450,423,428,334,379
2.70,-8.70,-8.70,-0.08,-0.08,-0.08,449,422,427,334,381
2.99,-8.65,-8.65,-0.12,-0.12,-0.12,449,421,427,334,381
3.46,-8.88,-8.88,-0.11,-0.11,-0.11,449,421,427,334,380
3.85,-8.65,-8.65,-0.02,-0.02,-0.02,448,423,428,334,379
3.35,-8.48,-8.48,-0.17,-0.17,-0.17,449,422,428,334,379
4.67,-8.30,-8.30,-0.22,-0.22,-0.22,449,423,430,334,380
4.15,-7.94,-7.94,-0.23,-0.23,-0.23,451,423,434,334,383
6.09,-8.08,-8.08,-0.36,-0.36,-0.36,454,424,439,334,387
5.27,-7.97,-7.97,-0.28,-0.28,-0.28,455,424,440,334,388
6.45,-8.46,-8.46,-0.25,-0.25,-0.25,455,424,439,333,388
5.20,-8.20,-8.20,-0.39,-0.39,-0.39,454,423,439,334,387
4.66,-8.06,-8.06,-0.30,-0.30,-0.30,453,423,438,333,386
5.02,-8.28,-8.28,-0.20,-0.20,-0.20,453,423,440,333,386
5.01,-8.30,-8.30,-0.41,-0.41,-0.41,453,423,441,334,386
5.80,-8.05,-8.05,-0.56,-0.56,-0.56,453,423,441,333,386
5.61,-7.98,-7.98,-0.49,-0.49,-0.49,452,423,441,333,386
5.24,-8.52,-8.52,-0.47,-0.47,-0.47,452,423,440,333,386
5.31,-8.10,-8.10,-0.39,-0.39,-0.39,452,423,440,333,386
5.78,-7.41,-7.41,-0.44,-0.44,-0.44,452,423,440,333,386
6.22,-7.38,-7.38,-0.36,-0.36,-0.36,451,422,439,334,386
5.76,-7.11,-7.11,-0.41,-0.41,-0.41,451,423,439,333,386
5.74,-7.28,-7.28,-0.34,-0.34,-0.34,451,422,439,333,385
5.10,-7.44,-7.44,-0.24,-0.24,-0.24,451,422,439,333,385
5.78,-7.81,-7.81,-0.21,-0.21,-0.21,451,422,438,333,385
5.01,-7.64,-7.64,-0.23,-0.23,-0.23,451,422,439,333,385
6.27,-7.58,-7.58,-0.25,-0.25,-0.25,451,422,440,333,385
5.52,-8.18,-8.18,-0.11,-0.11,-0.11,451,423,446,333,385
4.52,-8.66,-8.66,-0.09,-0.09,-0.09,452,423,448,334,385
4.18,-8.43,-8.43,-0.23,-0.23,-0.23,451,422,447,333,385
5.18,-8.29,-8.29,-0.16,-0.16,-0.16,451,422,446,334,384
3.29,-8.23,-8.23,-0.21,-0.21,-0.21,450,422,446,334,384
4.01,-8.55,-8.55,-0.17,-0.17,-0.17,449,422,449,333,384
4.09,-8.51,-8.51,-0.19,-0.19,-0.19,449,422,449,333,384
END
4.11,-8.04,-8.04,-0.20,-0.20,-0.20,453,422,440,333,383
4.01,-8.03,-8.03,0.05,0.05,0.05,453,422,440,333,383
4.31,-8.13,-8.13,0.06,0.06,0.06,453,423,440,334,383
4.56,-8.45,-8.45,0.07,0.07,0.07,453,422,439,333,383
4.65,-8.75,-8.75,0.05,0.05,0.05,453,422,439,333,383
4.08,-8.81,-8.81,0.02,0.02,0.02,453,422,439,334,383
4.13,-8.72,-8.72,-0.03,-0.03,-0.03,453,422,439,333,383
3.28,-8.66,-8.66,-0.09,-0.09,-0.09,453,422,439,333,383
4.07,-9.17,-9.17,-0.11,-0.11,-0.11,452,422,439,333,383
3.10,-8.73,-8.73,-0.18,-0.18,-0.18,452,422,439,333,383
4.24,-8.76,-8.76,-0.15,-0.15,-0.15,452,422,439,333,383
3.24,-8.19,-8.19,-0.27,-0.27,-0.27,452,422,439,333,383
4.30,-8.26,-8.26,-0.23,-0.23,-0.23,452,422,439,333,383
3.40,-8.26,-8.26,-0.22,-0.22,-0.22,452,422,439,333,383
5.44,-8.66,-8.66,-0.28,-0.28,-0.28,452,422,438,333,383
4.49,-8.22,-8.22,-0.26,-0.26,-0.26,452,422,438,333,383
4.49,-7.93,-7.93,-0.23,-0.23,-0.23,452,421,438,333,383
3.34,-8.13,-8.13,-0.14,-0.14,-0.14,452,422,438,333,383
3.49,-8.20,-8.20,-0.20,-0.20,-0.20,452,421,438,334,383
5.04,-8.76,-8.76,-0.22,-0.22,-0.22,451,422,438,334,383
4.27,-8.47,-8.47,-0.24,-0.24,-0.24,452,421,438,334,383
4.52,-8.47,-8.47,-0.29,-0.29,-0.29,451,421,437,334,383
5.19,-8.37,-8.37,-0.30,-0.30,-0.30,451,421,437,334,383
5.56,-8.32,-8.32,-0.37,-0.37,-0.37,451,421,438,334,383
5.25,-7.93,-7.93,-0.38,-0.38,-0.38,451,421,438,334,383
4.95,-7.67,-7.67,-0.39,-0.39,-0.39,451,421,438,334,383
3.98,-8.19,-8.19,-0.26,-0.26,-0.26,451,421,438,334,383
4.78,-8.21,-8.21,-0.28,-0.28,-0.28,451,421,437,334,383
5.71,-8.43,-8.43,-0.31,-0.31,-0.31,451,421,437,333,383
4.92,-8.38,-8.38,-0.28,-0.28,-0.28,451,421,437,334,383
4.47,-8.61,-8.61,-0.32,-0.32,-0.32,451,421,437,334,383
4.52,-8.71,-8.71,-0.37,-0.37,-0.37,450,421,437,334,383
4.97,-8.35,-8.35,-0.42,-0.42,-0.42,450,421,437,334,383
5.11,-8.14,-8.14,-0.42,-0.42,-0.42,450,421,437,334,382
6.25,-8.08,-8.08,-0.40,-0.40,-0.40,450,421,437,334,383
5.78,-7.85,-7.85,-0.39,-0.39,-0.39,450,421,437,334,382
5.23,-7.77,-7.77,-0.39,-0.39,-0.39,450,421,437,334,382
5.39,-7.30,-7.30,-0.35,-0.35,-0.35,450,421,437,334,382
6.35,-6.97,-6.97,-0.25,-0.25,-0.25,450,422,437,334,382
6.69,-7.10,-7.10,-0.15,-0.15,-0.15,450,422,437,334,382
5.67,-7.43,-7.43,-0.09,-0.09,-0.09,449,422,437,334,381
END
5.16,-7.23,-7.23,-0.02,-0.02,-0.02,450,422,435,334,380
2.91,-8.55,-8.55,0.02,0.02,0.02,450,422,435,334,380
2.81,-8.41,-8.41,0.01,0.01,0.01,449,422,435,334,380
3.82,-8.68,-8.68,0.03,0.03,0.03,449,422,435,335,381
3.78,-9.08,-9.08,-0.01,-0.01,-0.01,448,421,434,335,381
3.00,-9.12,-9.12,-0.08,-0.08,-0.08,448,420,433,335,381
2.43,-8.66,-8.66,-0.14,-0.14,-0.14,448,420,432,334,381
3.09,-8.68,-8.68,-0.15,-0.15,-0.15,447,419,432,334,381
3.04,-8.89,-8.89,-0.19,-0.19,-0.19,447,419,431,334,381
3.16,-8.59,-8.59,-0.25,-0.25,-0.25,447,419,431,334,382
4.56,-8.03,-8.03,-0.29,-0.29,-0.29,448,418,432,334,383
2.64,-7.76,-7.76,-0.36,-0.36,-0.36,451,416,434,334,386
4.08,-8.40,-8.40,-0.17,-0.17,-0.17,450,416,434,334,387
5.20,-9.06,-9.06,-0.23,-0.23,-0.23,449,415,433,334,386
5.02,-8.96,-8.96,-0.39,-0.39,-0.39,449,415,433,334,386
5.76,-8.42,-8.42,-0.25,-0.25,-0.25,449,415,433,334,386
4.06,-8.91,-8.91,-0.26,-0.26,-0.26,449,415,433,334,386
3.98,-8.70,-8.70,-0.36,-0.36,-0.36,449,415,433,334,386
3.60,-8.04,-8.04,-0.40,-0.40,-0.40,449,415,433,334,386
4.25,-7.84,-7.84,-0.39,-0.39,-0.39,448,415,433,334,386
4.80,-7.96,-7.96,-0.19,-0.19,-0.19,448,414,433,334,386
3.63,-8.52,-8.52,-0.16,-0.16,-0.16,447,415,433,334,385
3.53,-8.79,-8.79,-0.24,-0.24,-0.24,447,415,433,334,385
4.41,-9.10,-9.10,-0.36,-0.36,-0.36,447,415,432,334,385
3.35,-8.61,-8.61,-0.36,-0.36,-0.36,447,414,433,334,385
4.41,-8.13,-8.13,-0.34,-0.34,-0.34,447,415,433,334,385
4.33,-8.09,-8.09,-0.29,-0.29,-0.29,447,415,433,334,385
3.63,-8.40,-8.40,-0.24,-0.24,-0.24,447,416,433,334,385
4.12,-8.54,-8.54,-0.24,-0.24,-0.24,447,416,433,334,385
4.85,-8.64,-8.64,-0.38,-0.38,-0.38,447,416,433,334,384
5.82,-8.16,-8.16,-0.45,-0.45,-0.45,447,416,432,334,384
6.19,-8.45,-8.45,-0.42,-0.42,-0.42,447,416,432,334,384
5.61,-7.91,-7.91,-0.40,-0.40,-0.40,447,416,432,334,384
5.94,-7.06,-7.06,-0.43,-0.43,-0.43,447,415,433,334,384
6.50,-6.99,-6.99,-0.29,-0.29,-0.29,447,416,432,334,384
5.86,-6.47,-6.47,-0.26,-0.26,-0.26,447,415,433,334,383
6.27,-7.85,-7.85,-0.28,-0.28,-0.28,446,416,433,334,383
7.11,-7.25,-7.25,-0.32,-0.32,-0.32,445,415,433,334,384
5.76,-7.42,-7.42,-0.06,-0.06,-0.06,445,416,432,334,383
5.30,-7.98,-7.98,-0.04,-0.04,-0.04,445,416,432,334,383
5.61,-7.58,-7.58,-0.05,-0.05,-0.05,445,416,432,334,383
END
5.74,-7.48,-7.48,-0.09,-0.09,-0.09,446,420,430,334,379
4.28,-8.48,-8.48,-0.03,-0.03,-0.03,446,421,429,334,380
4.44,-9.22,-9.22,-0.06,-0.06,-0.06,446,420,429,334,379
4.12,-8.65,-8.65,-0.12,-0.12,-0.12,446,421,429,334,379
4.08,-8.48,-8.48,-0.11,-0.11,-0.11,446,421,429,334,379
3.50,-8.37,-8.37,-0.15,-0.15,-0.15,446,421,430,334,379
3.24,-8.32,-8.32,-0.17,-0.17,-0.17,446,421,430,334,379
3.78,-8.54,-8.54,-0.18,-0.18,-0.18,445,421,430,334,379
3.47,-8.66,-8.66,-0.20,-0.20,-0.20,445,420,429,334,379
3.63,-8.57,-8.57,-0.27,-0.27,-0.27,445,420,430,334,378
4.06,-7.93,-7.93,-0.28,-0.28,-0.28,445,420,429,334,379
4.97,-8.51,-8.51,-0.28,-0.28,-0.28,445,420,430,334,378
5.32,-8.15,-8.15,-0.42,-0.42,-0.42,445,421,429,334,378
5.74,-7.99,-7.99,-0.32,-0.32,-0.32,445,420,429,334,378
5.90,-7.80,-7.80,-0.50,-0.50,-0.50,444,420,429,334,378
6.22,-7.76,-7.76,-0.34,-0.34,-0.34,444,420,429,334,378
5.74,-8.19,-8.19,-0.49,-0.49,-0.49,444,420,429,334,378
5.66,-7.83,-7.83,-0.50,-0.50,-0.50,444,420,429,334,378
6.04,-7.29,-7.29,-0.45,-0.45,-0.45,444,420,430,334,378
4.95,-7.24,-7.24,-0.44,-0.44,-0.44,444,420,430,334,378
5.04,-7.50,-7.50,-0.38,-0.38,-0.38,444,420,430,335,378
5.00,-7.73,-7.73,-0.36,-0.36,-0.36,444,419,429,334,378
5.12,-7.77,-7.77,-0.43,-0.43,-0.43,444,419,429,334,378
6.38,-7.44,-7.44,-0.42,-0.42,-0.42,444,419,429,335,378
4.68,-7.64,-7.64,-0.42,-0.42,-0.42,444,419,429,335,378
5.90,-7.98,-7.98,-0.38,-0.38,-0.38,444,419,430,334,378
5.23,-8.13,-8.13,-0.43,-0.43,-0.43,444,419,429,334,378
6.34,-8.00,-8.00,-0.34,-0.34,-0.34,444,419,430,335,378
6.07,-7.79,-7.79,-0.30,-0.30,-0.30,444,419,430,335,378
4.84,-7.84,-7.84,-0.28,-0.28,-0.28,444,419,430,334,378
4.97,-7.89,-7.89,-0.32,-0.32,-0.32,444,419,430,334,378
5.51,-7.80,-7.80,-0.41,-0.41,-0.41,444,419,430,334,378
6.25,-7.71,-7.71,-0.41,-0.41,-0.41,444,419,429,334,378
6.20,-7.87,-7.87,-0.55,-0.55,-0.55,443,418,430,334,378
5.36,-7.24,-7.24,-0.37,-0.37,-0.37,443,419,429,334,378
6.36,-7.01,-7.01,-0.23,-0.23,-0.23,443,419,430,334,378
6.63,-7.14,-7.14,-0.15,-0.15,-0.15,443,419,430,334,378
6.08,-7.40,-7.40,-0.07,-0.07,-0.07,443,419,429,334,378
6.08,-7.06,-7.06,-0.12,-0.12,-0.12,443,418,430,334,379
3.60,-8.02,-8.02,0.03,0.03,0.03,443,418,432,335,381
4.60,-8.28,-8.28,-0.12,-0.12,-0.12,443,418,432,334,382
END
5.17,-7.86,-7.86,-0.07,-0.07,-0.07,453,420,433,335,380
4.24,-8.63,-8.63,-0.02,-0.02,-0.02,453,420,432,335,380
4.11,-8.51,-8.51,-0.14,-0.14,-0.14,452,420,432,334,380
4.45,-7.98,-7.98,-0.20,-0.20,-0.20,452,420,433,335,380
4.35,-7.95,-7.95,-0.16,-0.16,-0.16,453,420,433,335,380
5.30,-8.19,-8.19,-0.25,-0.25,-0.25,452,420,433,335,380
4.95,-8.10,-8.10,-0.22,-0.22,-0.22,452,420,434,335,380
4.53,-8.06,-8.06,-0.33,-0.33,-0.33,452,420,434,335,380
5.04,-8.03,-8.03,-0.34,-0.34,-0.34,452,420,434,335,380
5.41,-7.67,-7.67,-0.40,-0.40,-0.40,451,420,434,335,380
7.27,-7.62,-7.62,-0.35,-0.35,-0.35,451,419,434,335,380
3.50,-8.19,-8.19,-0.27,-0.27,-0.27,451,420,434,335,380
4.79,-8.48,-8.48,-0.32,-0.32,-0.32,450,419,433,335,380
4.42,-8.15,-8.15,-0.41,-0.41,-0.41,450,420,434,335,381
6.46,-8.08,-8.08,-0.38,-0.38,-0.38,450,420,434,335,380
6.14,-7.77,-7.77,-0.35,-0.35,-0.35,450,420,437,335,380
4.82,-7.72,-7.72,-0.40,-0.40,-0.40,450,421,439,335,380
5.94,-7.71,-7.71,-0.43,-0.43,-0.43,450,420,439,335,380
4.49,-8.76,-8.76,-0.46,-0.46,-0.46,450,420,439,335,380
4.28,-8.88,-8.88,-0.59,-0.59,-0.59,449,420,439,335,380
5.99,-8.53,-8.53,-0.67,-0.67,-0.67,449,420,438,335,380
6.20,-7.75,-7.75,-0.66,-0.66,-0.66,449,419,437,335,380
6.15,-7.19,-7.19,-0.52,-0.52,-0.52,448,420,436,335,380
4.81,-7.26,-7.26,-0.40,-0.40,-0.40,448,419,436,335,380
4.64,-7.78,-7.78,-0.38,-0.38,-0.38,448,419,436,335,380
4.22,-8.29,-8.29,-0.39,-0.39,-0.39,448,419,436,335,379
4.72,-8.78,-8.78,-0.49,-0.49,-0.49,448,419,437,335,379
6.07,-7.94,-7.94,-0.52,-0.52,-0.52,448,419,437,335,379
5.61,-7.35,-7.35,-0.44,-0.44,-0.44,448,419,436,335,379
6.42,-6.78,-6.78,-0.37,-0.37,-0.37,448,419,436,335,379
5.66,-7.28,-7.28,-0.24,-0.24,-0.24,448,419,436,335,379
5.64,-7.24,-7.24,-0.17,-0.17,-0.17,448,419,436,335,379
6.16,-6.82,-6.82,-0.13,-0.13,-0.13,448,419,436,335,380
6.40,-7.80,-7.80,-0.01,-0.01,-0.01,448,419,436,335,380
6.25,-8.01,-8.01,-0.07,-0.07,-0.07,448,419,436,335,380
6.15,-7.57,-7.57,-0.12,-0.12,-0.12,448,419,436,334,380
5.84,-7.28,-7.28,-0.04,-0.04,-0.04,447,418,436,335,380
6.23,-7.25,-7.25,0.04,0.04,0.04,448,419,435,335,380
5.51,-8.18,-8.18,-0.01,-0.01,-0.01,448,418,435,335,381
5.41,-7.77,-7.77,0.01,0.01,0.01,448,418,435,335,381
5.89,-7.64,-7.64,-0.00,-0.00,-0.00,448,418,434,335,381
END
5.32,-7.87,-7.87,0.07,0.07,0.07,447,419,432,335,382
4.14,-8.19,-8.19,-0.03,-0.03,-0.03,447,419,432,335,382
4.49,-8.53,-8.53,-0.04,-0.04,-0.04,447,418,432,335,382
3.88,-8.49,-8.49,-0.06,-0.06,-0.06,446,417,432,335,381
4.27,-8.32,-8.32,-0.11,-0.11,-0.11,446,417,432,335,381
4.14,-8.17,-8.17,-0.13,-0.13,-0.13,446,417,431,335,381
4.50,-8.24,-8.24,-0.13,-0.13,-0.13,446,417,431,335,381
3.98,-8.41,-8.41,-0.19,-0.19,-0.19,446,418,431,335,381
4.38,-8.48,-8.48,-0.25,-0.25,-0.25,446,418,432,335,381
4.83,-8.23,-8.23,-0.33,-0.33,-0.33,446,418,432,335,381
4.77,-8.00,-8.00,-0.29,-0.29,-0.29,446,417,432,335,381
4.81,-8.07,-8.07,-0.33,-0.33,-0.33,445,418,432,335,381
6.64,-7.67,-7.67,-0.37,-0.37,-0.37,445,417,432,335,381
6.04,-7.59,-7.59,-0.34,-0.34,-0.34,445,418,432,335,381
5.66,-7.64,-7.64,-0.41,-0.41,-0.41,445,417,431,335,381
6.07,-7.54,-7.54,-0.40,-0.40,-0.40,445,417,431,335,381
5.25,-7.38,-7.38,-0.42,-0.42,-0.42,445,417,431,335,381
5.94,-7.33,-7.33,-0.38,-0.38,-0.38,445,417,431,335,380
6.94,-7.43,-7.43,-0.40,-0.40,-0.40,445,417,431,335,381
5.99,-7.08,-7.08,-0.44,-0.44,-0.44,445,417,431,334,381
6.37,-7.21,-7.21,-0.39,-0.39,-0.39,445,417,432,335,381
6.58,-6.93,-6.93,-0.38,-0.38,-0.38,445,417,431,335,381
6.11,-7.24,-7.24,-0.37,-0.37,-0.37,445,417,432,335,381
6.53,-7.10,-7.10,-0.37,-0.37,-0.37,445,417,432,335,381
6.28,-6.82,-6.82,-0.35,-0.35,-0.35,445,417,432,335,381
5.97,-7.15,-7.15,-0.28,-0.28,-0.28,445,417,431,335,381
6.43,-7.39,-7.39,-0.27,-0.27,-0.27,445,417,431,335,380
5.69,-7.38,-7.38,-0.27,-0.27,-0.27,445,417,431,335,380
6.04,-7.63,-7.63,-0.28,-0.28,-0.28,445,417,431,335,380
5.23,-8.00,-8.00,-0.35,-0.35,-0.35,445,416,431,335,380
5.05,-8.58,-8.58,-0.47,-0.47,-0.47,445,417,431,335,380
4.64,-8.24,-8.24,-0.67,-0.67,-0.67,445,417,432,335,381
6.43,-6.79,-6.79,-0.76,-0.76,-0.76,445,417,431,335,380
6.76,-5.76,-5.76,-0.50,-0.50,-0.50,445,417,432,335,380
7.29,-6.55,-6.55,-0.29,-0.29,-0.29,445,417,431,335,380
6.78,-6.73,-6.73,-0.23,-0.23,-0.23,445,417,431,335,380
6.58,-6.78,-6.78,-0.22,-0.22,-0.22,445,417,431,335,380
6.40,-6.95,-6.95,-0.32,-0.32,-0.32,445,417,431,335,380
6.54,-6.93,-6.93,-0.85,-0.85,-0.85,445,417,432,334,380
5.51,-7.01,-7.01,-0.86,-0.86,-0.86,444,416,431,335,380
7.04,-6.47,-6.47,-0.72,-0.72,-0.72,444,416,430,335,380
END
6.25,-5.99,-5.99,-0.48,-0.48,-0.48,444,418,427,336,377
4.47,-8.18,-8.18,0.02,0.02,0.02,444,417,427,336,377
5.16,-8.23,-8.23,0.02,0.02,0.02,444,418,427,336,377
5.18,-8.30,-8.30,-0.02,-0.02,-0.02,444,417,427,336,377
6.14,-8.23,-8.23,-0.08,-0.08,-0.08,444,417,427,336,377
4.31,-8.11,-8.11,-0.03,-0.03,-0.03,444,417,426,336,376
4.13,-8.41,-8.41,-0.06,-0.06,-0.06,444,417,426,336,377
3.21,-8.34,-8.34,-0.13,-0.13,-0.13,444,417,426,336,377
4.53,-8.08,-8.08,-0.14,-0.14,-0.14,444,417,427,336,377
5.15,-8.58,-8.58,-0.18,-0.18,-0.18,444,417,427,336,377
4.88,-8.44,-8.44,-0.28,-0.28,-0.28,444,417,427,336,377
4.16,-7.84,-7.84,-0.33,-0.33,-0.33,444,417,427,336,377
4.49,-7.75,-7.75,-0.36,-0.36,-0.36,444,416,428,336,378
5.27,-7.98,-7.98,-0.42,-0.42,-0.42,444,416,427,336,378
5.94,-7.24,-7.24,-0.39,-0.39,-0.39,444,416,428,336,378
6.70,-7.44,-7.44,-0.35,-0.35,-0.35,444,417,427,336,378
6.27,-7.63,-7.63,-0.39,-0.39,-0.39,443,416,427,336,377
5.30,-7.71,-7.71,-0.37,-0.37,-0.37,444,417,427,336,378
6.61,-7.66,-7.66,-0.46,-0.46,-0.46,443,416,427,337,377
5.73,-7.75,-7.75,-0.47,-0.47,-0.47,443,416,427,336,377
6.69,-7.13,-7.13,-0.51,-0.51,-0.51,443,416,427,336,378
6.25,-7.11,-7.11,-0.46,-0.46,-0.46,443,417,427,336,378
5.92,-7.34,-7.34,-0.48,-0.48,-0.48,443,416,427,336,378
6.05,-7.31,-7.31,-0.48,-0.48,-0.48,443,416,427,336,378
6.19,-7.03,-7.03,-0.49,-0.49,-0.49,443,416,427,336,378
6.30,-6.91,-6.91,-0.47,-0.47,-0.47,443,416,427,336,377
7.28,-7.21,-7.21,-0.47,-0.47,-0.47,443,416,427,336,377
5.85,-7.05,-7.05,-0.46,-0.46,-0.46,443,416,427,336,377
7.07,-7.42,-7.42,-0.41,-0.41,-0.41,443,416,427,336,378
6.16,-7.42,-7.42,-0.38,-0.38,-0.38,443,416,427,336,377
6.78,-7.56,-7.56,-0.40,-0.40,-0.40,443,416,427,336,378
6.02,-7.39,-7.39,-0.43,-0.43,-0.43,443,416,427,336,377
5.83,-7.13,-7.13,-0.44,-0.44,-0.44,443,416,427,336,377
7.17,-6.78,-6.78,-0.43,-0.43,-0.43,443,416,427,336,377
6.12,-6.75,-6.75,-0.37,-0.37,-0.37,443,416,427,336,377
5.88,-6.86,-6.86,-0.31,-0.31,-0.31,443,416,427,336,377
6.58,-7.44,-7.44,-0.29,-0.29,-0.29,443,416,427,336,377
5.73,-7.03,-7.03,-0.33,-0.33,-0.33,443,416,427,336,377
6.24,-7.16,-7.16,-0.32,-0.32,-0.32,443,416,427,336,377
6.04,-6.83,-6.83,-0.38,-0.38,-0.38,443,416,427,336,377
6.27,-6.12,-6.12,-0.31,-0.31,-0.31,443,416,428,336,380
END
6.65,-6.32,-6.32,-0.25,-0.25,-0.25,444,417,428,335,379
5.00,-8.12,-8.12,-0.09,-0.09,-0.09,444,417,428,335,378
5.26,-8.09,-8.09,-0.11,-0.11,-0.11,444,416,428,335,379
5.25,-7.82,-7.82,-0.16,-0.16,-0.16,444,416,427,335,379
5.28,-7.95,-7.95,-0.22,-0.22,-0.22,444,416,427,335,379
5.28,-8.03,-8.03,-0.23,-0.23,-0.23,444,415,427,335,379
4.97,-7.85,-7.85,-0.22,-0.22,-0.22,444,416,427,335,379
4.31,-7.70,-7.70,-0.20,-0.20,-0.20,443,415,426,335,379
3.47,-7.75,-7.75,-0.21,-0.21,-0.21,443,415,426,334,379
4.26,-8.40,-8.40,-0.21,-0.21,-0.21,443,415,426,335,379
4.98,-8.45,-8.45,-0.33,-0.33,-0.33,443,416,426,334,379
5.25,-8.00,-8.00,-0.43,-0.43,-0.43,443,415,427,335,378
6.37,-7.41,-7.41,-0.44,-0.44,-0.44,443,416,427,334,379
6.31,-7.37,-7.37,-0.50,-0.50,-0.50,443,415,427,335,379
5.66,-7.30,-7.30,-0.53,-0.53,-0.53,443,416,427,335,379
6.42,-7.17,-7.17,-0.48,-0.48,-0.48,443,415,427,334,379
6.65,-7.04,-7.04,-0.43,-0.43,-0.43,443,415,427,335,379
6.43,-7.48,-7.48,-0.39,-0.39,-0.39,443,415,427,335,379
6.65,-7.56,-7.56,-0.42,-0.42,-0.42,443,415,427,335,379
6.48,-7.74,-7.74,-0.48,-0.48,-0.48,443,415,426,334,379
5.93,-7.51,-7.51,-0.67,-0.67,-0.67,443,415,427,334,379
6.47,-6.83,-6.83,-0.76,-0.76,-0.76,443,416,427,335,378
7.00,-7.08,-7.08,-0.67,-0.67,-0.67,443,415,427,335,378
6.98,-6.91,-6.91,-0.56,-0.56,-0.56,443,416,427,335,379
5.99,-7.01,-7.01,-0.48,-0.48,-0.48,443,415,427,335,379
6.05,-7.15,-7.15,-0.48,-0.48,-0.48,443,416,427,335,379
5.93,-6.74,-6.74,-0.53,-0.53,-0.53,443,415,427,335,379
6.30,-6.09,-6.09,-0.50,-0.50,-0.50,443,416,427,335,379
7.63,-6.32,-6.32,-0.42,-0.42,-0.42,443,415,427,335,378
6.76,-6.09,-6.09,-0.39,-0.39,-0.39,443,415,427,335,378
7.21,-6.92,-6.92,-0.24,-0.24,-0.24,443,415,427,335,378
6.27,-7.54,-7.54,-0.24,-0.24,-0.24,443,416,427,335,378
6.51,-7.69,-7.69,-0.39,-0.39,-0.39,443,415,427,335,378
7.09,-6.84,-6.84,-0.41,-0.41,-0.41,443,415,427,335,378
7.95,-6.77,-6.77,-0.33,-0.33,-0.33,443,415,427,335,378
7.71,-6.46,-6.46,-0.28,-0.28,-0.28,443,415,427,335,378
6.21,-6.29,-6.29,-0.21,-0.21,-0.21,443,416,427,335,378
6.88,-6.05,-6.05,-0.15,-0.15,-0.15,443,415,427,335,378
6.55,-6.20,-6.20,-0.03,-0.03,-0.03,443,415,427,335,378
7.44,-6.39,-6.39,0.09,0.09,0.09,443,415,427,335,378
6.36,-6.42,-6.42,0.12,0.12,0.12,442,416,427,335,378
END
5.91,-6.72,-6.72,0.16,0.16,0.16,453,422,432,333,373
4.03,-8.29,-8.29,-0.34,-0.34,-0.34,452,423,431,333,373
3.19,-7.65,-7.65,-0.33,-0.33,-0.33,452,422,431,333,373
4.74,-7.67,-7.67,-0.20,-0.20,-0.20,452,422,431,333,373
4.78,-7.60,-7.60,-0.34,-0.34,-0.34,452,422,431,333,373
5.35,-7.82,-7.82,-0.33,-0.33,-0.33,452,422,431,333,373
5.31,-7.19,-7.19,-0.58,-0.58,-0.58,451,422,431,332,373
7.15,-7.80,-7.80,-0.41,-0.41,-0.41,451,422,431,333,373
6.09,-6.83,-6.83,-0.77,-0.77,-0.77,450,422,431,333,374
6.96,-6.53,-6.53,-0.62,-0.62,-0.62,450,421,431,333,374
7.04,-6.53,-6.53,-0.59,-0.59,-0.59,450,421,431,334,375
7.11,-6.68,-6.68,-0.57,-0.57,-0.57,449,420,431,334,375
6.87,-6.27,-6.27,-0.58,-0.58,-0.58,449,421,431,334,375
6.44,-6.60,-6.60,-0.44,-0.44,-0.44,449,420,431,334,375
6.27,-6.67,-6.67,-0.50,-0.50,-0.50,449,420,431,334,376
6.34,-6.81,-6.81,-0.46,-0.46,-0.46,449,420,431,334,376
6.61,-6.60,-6.60,-0.52,-0.52,-0.52,449,420,431,334,376
6.21,-5.79,-5.79,-0.48,-0.48,-0.48,449,419,431,334,377
7.97,-6.19,-6.19,-0.39,-0.39,-0.39,449,420,432,334,377
6.47,-6.68,-6.68,-0.40,-0.40,-0.40,449,419,431,334,377
7.46,-7.53,-7.53,-0.52,-0.52,-0.52,448,419,431,334,377
7.16,-6.53,-6.53,-0.62,-0.62,-0.62,448,418,431,334,377
7.66,-6.37,-6.37,-0.17,-0.17,-0.17,448,418,430,333,378
7.21,-6.58,-6.58,-0.09,-0.09,-0.09,447,418,429,332,378
6.20,-7.15,-7.15,-0.30,-0.30,-0.30,447,417,429,330,378
6.28,-7.14,-7.14,-0.50,-0.50,-0.50,447,418,429,332,378
6.06,-6.47,-6.47,-0.41,-0.41,-0.41,447,417,429,332,378
6.98,-6.21,-6.21,-0.33,-0.33,-0.33,447,418,429,332,379
6.29,-6.47,-6.47,-0.22,-0.22,-0.22,446,417,429,332,378
6.73,-6.22,-6.22,-0.10,-0.10,-0.10,446,417,429,332,378
6.96,-6.18,-6.18,-0.05,-0.05,-0.05,446,417,429,332,378
6.67,-6.11,-6.11,0.10,0.10,0.10,446,417,429,332,378
6.26,-6.90,-6.90,0.24,0.24,0.24,446,417,428,332,378
6.66,-7.31,-7.31,0.17,0.17,0.17,446,417,428,332,378
6.65,-7.29,-7.29,0.08,0.08,0.08,446,416,428,331,378
6.78,-7.56,-7.56,0.04,0.04,0.04,445,417,428,332,378
6.15,-7.75,-7.75,0.03,0.03,0.03,446,417,428,332,378
6.73,-7.29,-7.29,0.02,0.02,0.02,446,417,428,332,378
5.82,-6.90,-6.90,0.03,0.03,0.03,445,417,428,332,378
5.91,-6.89,-6.89,-0.00,-0.00,-0.00,446,417,428,332,378
5.81,-7.08,-7.08,0.01,0.01,0.01,446,417,428,332,378
END
5.87,-7.07,-7.07,0.01,0.01,0.01,457,423,425,333,371
3.45,-8.13,-8.13,0.03,0.03,0.03,456,423,425,333,372
3.28,-8.26,-8.26,0.02,0.02,0.02,456,423,425,333,372
3.60,-8.73,-8.73,0.02,0.02,0.02,456,423,425,333,371
3.87,-8.82,-8.82,-0.02,-0.02,-0.02,456,423,425,333,372
3.10,-9.05,-9.05,-0.05,-0.05,-0.05,456,423,425,333,372
3.28,-8.72,-8.72,-0.21,-0.21,-0.21,456,423,425,333,372
3.01,-8.42,-8.42,-0.28,-0.28,-0.28,456,423,425,333,372
2.69,-7.87,-7.87,-0.36,-0.36,-0.36,455,423,425,333,372
4.36,-7.70,-7.70,-0.26,-0.26,-0.26,455,423,425,333,372
4.49,-7.87,-7.87,-0.31,-0.31,-0.31,454,422,424,333,371
5.15,-8.03,-8.03,-0.30,-0.30,-0.30,454,422,425,333,372
5.49,-8.41,-8.41,-0.40,-0.40,-0.40,454,422,424,333,372
5.84,-8.71,-8.71,-0.50,-0.50,-0.50,454,422,424,333,372
6.02,-8.14,-8.14,-0.58,-0.58,-0.58,453,422,424,332,372
5.05,-7.87,-7.87,-0.53,-0.53,-0.53,453,421,424,332,372
6.18,-7.50,-7.50,-0.52,-0.52,-0.52,453,422,424,333,372
5.77,-7.29,-7.29,-0.47,-0.47,-0.47,452,421,424,333,372
4.64,-7.22,-7.22,-0.44,-0.44,-0.44,452,421,424,333,372
5.76,-7.34,-7.34,-0.38,-0.38,-0.38,452,421,424,333,372
6.18,-7.86,-7.86,-0.38,-0.38,-0.38,452,421,424,333,372
6.78,-8.30,-8.30,-0.44,-0.44,-0.44,452,421,424,333,372
6.85,-8.18,-8.18,-0.37,-0.37,-0.37,451,421,425,333,372
4.51,-7.51,-7.51,-0.57,-0.57,-0.57,451,421,424,333,372
4.13,-7.45,-7.45,-0.44,-0.44,-0.44,451,421,424,333,372
3.68,-7.57,-7.57,-0.36,-0.36,-0.36,450,421,424,332,372
3.83,-8.26,-8.26,-0.25,-0.25,-0.25,450,420,424,333,372
5.72,-8.66,-8.66,-0.33,-0.33,-0.33,450,421,424,333,372
6.01,-8.29,-8.29,-0.31,-0.31,-0.31,450,420,424,333,372
5.20,-8.14,-8.14,-0.33,-0.33,-0.33,449,421,424,332,372
5.31,-7.71,-7.71,-0.17,-0.17,-0.17,449,420,424,333,373
4.83,-7.70,-7.70,-0.19,-0.19,-0.19,449,421,424,333,372
4.95,-7.41,-7.41,-0.24,-0.24,-0.24,449,420,424,333,372
5.05,-7.21,-7.21,-0.11,-0.11,-0.11,448,420,424,333,373
5.36,-7.78,-7.78,0.18,0.18,0.18,448,419,424,333,372
4.72,-8.61,-8.61,0.26,0.26,0.26,448,420,423,333,372
4.41,-8.95,-8.95,0.10,0.10,0.10,448,419,423,333,372
4.43,-8.52,-8.52,0.00,0.00,0.00,448,420,423,333,372
4.45,-8.20,-8.20,0.05,0.05,0.05,448,419,423,333,372
5.13,-8.31,-8.31,0.10,0.10,0.10,448,420,423,333,372
4.49,-8.11,-8.11,0.06,0.06,0.06,448,419,423,333,372
END
4.50,-7.91,-7.91,0.10,0.10,0.10,447,421,426,333,373
4.63,-8.42,-8.42,-0.08,-0.08,-0.08,447,420,425,333,374
4.22,-8.41,-8.41,-0.29,-0.29,-0.29,447,419,425,333,374
4.22,-8.20,-8.20,-0.21,-0.21,-0.21,447,419,424,333,374
5.51,-8.04,-8.04,-0.14,-0.14,-0.14,447,419,424,333,374
4.77,-8.04,-8.04,-0.17,-0.17,-0.17,447,419,424,333,374
4.77,-7.78,-7.78,-0.19,-0.19,-0.19,447,418,424,333,374
5.46,-8.07,-8.07,-0.20,-0.20,-0.20,447,419,424,333,374
4.62,-8.23,-8.23,-0.31,-0.31,-0.31,447,419,424,333,374
4.26,-7.59,-7.59,-0.43,-0.43,-0.43,446,419,425,333,374
5.05,-7.06,-7.06,-0.44,-0.44,-0.44,446,418,425,333,374
5.43,-6.80,-6.80,-0.26,-0.26,-0.26,447,419,425,333,374
5.80,-7.55,-7.55,-0.36,-0.36,-0.36,447,419,426,333,376
6.34,-7.59,-7.59,-0.38,-0.38,-0.38,447,419,427,333,376
7.16,-6.96,-6.96,-0.55,-0.55,-0.55,447,419,427,333,376
6.22,-6.56,-6.56,-0.49,-0.49,-0.49,446,419,427,333,376
6.28,-6.35,-6.35,-0.40,-0.40,-0.40,446,419,426,333,376
7.61,-6.31,-6.31,-0.51,-0.51,-0.51,446,418,426,333,376
6.54,-6.21,-6.21,-0.59,-0.59,-0.59,446,419,426,333,376
7.11,-6.50,-6.50,-0.53,-0.53,-0.53,446,418,426,333,376
7.39,-6.72,-6.72,-0.51,-0.51,-0.51,446,419,426,333,376
6.93,-6.42,-6.42,-0.60,-0.60,-0.60,446,418,426,333,376
7.61,-6.39,-6.39,-0.49,-0.49,-0.49,446,419,428,333,377
6.95,-6.59,-6.59,-0.45,-0.45,-0.45,446,418,429,333,378
5.74,-7.45,-7.45,-0.44,-0.44,-0.44,446,418,429,333,378
6.58,-6.93,-6.93,-0.60,-0.60,-0.60,446,418,429,333,378
7.03,-6.52,-6.52,-0.65,-0.65,-0.65,445,418,429,333,378
7.13,-5.48,-5.48,-0.55,-0.55,-0.55,445,417,429,333,378
7.65,-5.42,-5.42,-0.28,-0.28,-0.28,445,418,428,333,378
7.05,-6.40,-6.40,-0.40,-0.40,-0.40,445,417,428,333,378
6.44,-6.88,-6.88,-0.51,-0.51,-0.51,445,417,428,333,377
6.42,-7.02,-7.02,-0.62,-0.62,-0.62,445,416,428,333,377
6.50,-6.88,-6.88,-0.49,-0.49,-0.49,444,416,428,333,378
7.12,-6.48,-6.48,-0.21,-0.21,-0.21,444,416,428,333,379
7.39,-6.44,-6.44,-0.06,-0.06,-0.06,445,415,428,333,380
7.69,-6.63,-6.63,0.00,0.00,0.00,444,415,427,333,380
6.67,-6.50,-6.50,0.02,0.02,0.02,444,414,427,333,379
6.53,-6.69,-6.69,0.04,0.04,0.04,444,415,427,333,379
7.02,-6.71,-6.71,0.12,0.12,0.12,444,414,427,333,379
5.89,-7.16,-7.16,0.10,0.10,0.10,444,415,427,333,379
5.82,-7.36,-7.36,0.14,0.14,0.14,444,415,427,333,380
END
6.09,-7.66,-7.66,0.19,0.19,0.19,447,418,422,334,375
5.08,-8.76,-8.76,-0.15,-0.15,-0.15,447,417,422,334,375
5.35,-8.32,-8.32,-0.17,-0.17,-0.17,447,418,422,334,375
5.15,-8.08,-8.08,-0.11,-0.11,-0.11,446,417,422,335,375
4.78,-7.94,-7.94,-0.08,-0.08,-0.08,446,418,422,334,375
4.24,-8.15,-8.15,-0.13,-0.13,-0.13,446,418,422,334,375
4.04,-8.06,-8.06,-0.20,-0.20,-0.20,446,417,422,334,375
3.88,-8.20,-8.20,-0.29,-0.29,-0.29,446,417,422,333,375
4.99,-8.29,-8.29,-0.27,-0.27,-0.27,446,417,422,333,375
4.49,-8.26,-8.26,-0.29,-0.29,-0.29,446,418,422,334,375
4.54,-8.19,-8.19,-0.31,-0.31,-0.31,446,417,423,334,375
4.94,-8.07,-8.07,-0.44,-0.44,-0.44,446,418,423,334,375
5.75,-8.47,-8.47,-0.39,-0.39,-0.39,446,417,422,334,375
5.78,-8.18,-8.18,-0.45,-0.45,-0.45,446,417,423,334,375
6.03,-7.71,-7.71,-0.48,-0.48,-0.48,445,417,422,334,374
5.94,-7.75,-7.75,-0.44,-0.44,-0.44,445,417,423,334,374
5.28,-8.29,-8.29,-0.47,-0.47,-0.47,445,417,423,334,374
5.27,-7.87,-7.87,-0.56,-0.56,-0.56,445,417,423,334,374
5.43,-7.78,-7.78,-0.54,-0.54,-0.54,445,417,422,334,374
5.16,-7.20,-7.20,-0.60,-0.60,-0.60,445,417,423,334,375
5.69,-7.11,-7.11,-0.50,-0.50,-0.50,445,417,423,334,374
6.38,-6.89,-6.89,-0.46,-0.46,-0.46,445,417,423,334,374
6.32,-7.16,-7.16,-0.41,-0.41,-0.41,445,417,423,334,374
5.30,-7.19,-7.19,-0.35,-0.35,-0.35,445,417,423,334,374
5.86,-7.59,-7.59,-0.37,-0.37,-0.37,445,417,423,334,375
7.47,-7.44,-7.44,-0.35,-0.35,-0.35,445,417,423,334,375
6.18,-6.73,-6.73,-0.41,-0.41,-0.41,445,417,423,334,374
6.83,-6.70,-6.70,-0.22,-0.22,-0.22,444,416,423,334,374
6.58,-7.39,-7.39,-0.15,-0.15,-0.15,444,417,423,334,374
5.76,-7.55,-7.55,-0.14,-0.14,-0.14,444,417,423,334,373
6.33,-7.21,-7.21,-0.23,-0.23,-0.23,444,417,423,334,374
6.79,-6.48,-6.48,-0.05,-0.05,-0.05,445,417,423,334,374
5.53,-7.55,-7.55,0.01,0.01,0.01,444,417,423,334,374
5.49,-7.79,-7.79,-0.07,-0.07,-0.07,444,417,423,334,375
5.45,-7.48,-7.48,-0.21,-0.21,-0.21,444,417,423,334,374
6.37,-7.41,-7.41,-0.14,-0.14,-0.14,444,416,423,334,375
6.19,-7.21,-7.21,-0.02,-0.02,-0.02,444,417,423,334,374
6.17,-7.27,-7.27,0.02,0.02,0.02,444,417,423,334,374
6.63,-7.27,-7.27,0.05,0.05,0.05,444,416,422,334,374
5.75,-7.37,-7.37,0.02,0.02,0.02,444,416,422,334,374
5.86,-7.52,-7.52,0.06,0.06,0.06,444,416,422,334,374
END
5.69,-7.22,-7.22,0.01,0.01,0.01,457,434,433,334,365
5.64,-7.28,-7.28,0.04,0.04,0.04,457,435,433,334,365
5.54,-7.21,-7.21,0.02,0.02,0.02,457,435,433,334,365
5.76,-7.09,-7.09,0.02,0.02,0.02,457,435,433,334,365
5.61,-7.19,-7.19,0.03,0.03,0.03,457,434,433,334,365
5.46,-7.20,-7.20,0.02,0.02,0.02,457,434,433,334,365
5.08,-7.36,-7.36,0.00,0.00,0.00,457,434,432,334,365
5.19,-7.44,-7.44,-0.11,-0.11,-0.11,456,434,433,334,365
4.77,-7.34,-7.34,-0.14,-0.14,-0.14,456,434,433,334,365
5.66,-7.41,-7.41,-0.19,-0.19,-0.19,456,434,433,334,365
3.47,-7.82,-7.82,-0.22,-0.22,-0.22,456,434,433,333,365
4.42,-7.97,-7.97,-0.33,-0.33,-0.33,456,434,433,334,366
4.45,-7.67,-7.67,-0.36,-0.36,-0.36,456,434,433,334,366
5.23,-7.82,-7.82,-0.38,-0.38,-0.38,456,433,433,334,366
5.06,-7.82,-7.82,-0.45,-0.45,-0.45,456,433,434,334,366
4.80,-7.28,-7.28,-0.56,-0.56,-0.56,455,433,434,334,366
5.66,-7.17,-7.17,-0.48,-0.48,-0.48,455,433,435,334,366
5.66,-7.20,-7.20,-0.55,-0.55,-0.55,455,433,435,334,366
6.41,-7.01,-7.01,-0.56,-0.56,-0.56,454,433,435,334,366
6.47,-6.88,-6.88,-0.64,-0.64,-0.64,454,433,435,334,366
6.75,-6.77,-6.77,-0.63,-0.63,-0.63,454,432,435,334,367
5.96,-6.59,-6.59,-0.63,-0.63,-0.63,454,432,435,334,366
7.95,-6.68,-6.68,-0.73,-0.73,-0.73,454,432,436,334,367
6.97,-6.45,-6.45,-0.66,-0.66,-0.66,454,433,436,334,367
6.58,-6.22,-6.22,-0.59,-0.59,-0.59,454,433,436,334,367
6.12,-6.55,-6.55,-0.38,-0.38,-0.38,454,433,436,334,367
6.58,-7.16,-7.16,-0.30,-0.30,-0.30,453,432,435,334,366
6.99,-7.00,-7.00,-0.46,-0.46,-0.46,453,432,435,335,366
6.07,-6.12,-6.12,-0.54,-0.54,-0.54,453,432,435,334,366
8.77,-5.79,-5.79,-0.43,-0.43,-0.43,453,432,436,334,366
7.06,-5.39,-5.39,-0.35,-0.35,-0.35,453,432,437,335,367
7.05,-6.14,-6.14,-0.16,-0.16,-0.16,453,432,437,335,367
6.47,-6.53,-6.53,-0.18,-0.18,-0.18,453,432,437,335,366
6.14,-6.70,-6.70,-0.51,-0.51,-0.51,453,432,436,335,367
8.94,-6.00,-6.00,-0.61,-0.61,-0.61,452,432,437,335,367
7.83,-5.21,-5.21,-0.41,-0.41,-0.41,451,431,436,335,367
8.09,-5.19,-5.19,-0.14,-0.14,-0.14,451,431,436,335,366
8.94,-5.17,-5.17,0.19,0.19,0.19,451,431,436,335,366
7.67,-6.19,-6.19,0.20,0.20,0.20,450,431,436,335,366
7.37,-6.45,-6.45,0.13,0.13,0.13,450,431,435,335,365
7.24,-6.26,-6.26,0.02,0.02,0.02,450,431,435,333,365
END
7.02,-6.00,-6.00,0.03,0.03,0.03,450,430,422,329,384
5.69,-7.59,-7.59,0.07,0.07,0.07,450,431,421,330,384
5.01,-7.97,-7.97,-0.06,-0.06,-0.06,449,430,421,330,384
4.68,-8.01,-8.01,0.05,0.05,0.05,448,431,420,330,383
6.30,-7.93,-7.93,-0.04,-0.04,-0.04,446,429,419,329,385
5.28,-7.60,-7.60,-0.11,-0.11,-0.11,444,428,419,330,385
4.35,-7.94,-7.94,-0.05,-0.05,-0.05,443,428,419,330,385
3.75,-8.08,-8.08,-0.11,-0.11,-0.11,443,427,419,330,385
3.97,-7.81,-7.81,-0.24,-0.24,-0.24,443,427,419,329,385
4.79,-7.19,-7.19,-0.20,-0.20,-0.20,443,426,420,329,386
5.56,-8.31,-8.31,0.02,0.02,0.02,442,427,422,330,386
4.69,-7.98,-7.98,-0.28,-0.28,-0.28,442,426,422,330,385
4.62,-7.67,-7.67,-0.28,-0.28,-0.28,442,426,421,329,384
4.87,-7.20,-7.20,-0.32,-0.32,-0.32,442,426,421,329,384
4.98,-7.01,-7.01,-0.37,-0.37,-0.37,442,426,422,329,384
6.53,-6.73,-6.73,-0.31,-0.31,-0.31,441,426,422,329,384
5.91,-7.59,-7.59,-0.46,-0.46,-0.46,441,426,422,329,384
6.07,-7.59,-7.59,-0.53,-0.53,-0.53,440,425,422,329,384
5.97,-7.34,-7.34,-0.57,-0.57,-0.57,439,425,422,330,385
6.92,-6.57,-6.57,-0.48,-0.48,-0.48,439,425,422,330,385
6.50,-6.88,-6.88,-0.53,-0.53,-0.53,439,425,423,330,385
7.29,-6.94,-6.94,-0.57,-0.57,-0.57,438,424,423,330,385
6.86,-6.75,-6.75,-0.64,-0.64,-0.64,438,424,423,330,385
6.29,-6.42,-6.42,-0.54,-0.54,-0.54,438,424,423,330,385
7.00,-6.30,-6.30,-0.49,-0.49,-0.49,438,424,423,330,385
6.55,-7.10,-7.10,-0.47,-0.47,-0.47,438,424,423,330,385
6.52,-6.65,-6.65,-0.52,-0.52,-0.52,438,424,423,330,385
6.10,-6.55,-6.55,-0.53,-0.53,-0.53,438,424,423,330,385
6.82,-6.32,-6.32,-0.47,-0.47,-0.47,438,424,424,330,385
6.87,-6.50,-6.50,-0.37,-0.37,-0.37,438,424,424,330,385
7.07,-6.91,-6.91,-0.33,-0.33,-0.33,438,424,423,330,385
6.63,-7.01,-7.01,-0.32,-0.32,-0.32,438,424,423,330,384
7.46,-6.55,-6.55,-0.33,-0.33,-0.33,438,424,423,330,384
8.12,-6.40,-6.40,-0.25,-0.25,-0.25,438,424,423,330,384
6.40,-6.91,-6.91,-0.13,-0.13,-0.13,438,424,423,330,384
6.42,-7.80,-7.80,-0.16,-0.16,-0.16,438,424,423,330,384
5.81,-7.16,-7.16,-0.25,-0.25,-0.25,438,423,423,330,384
5.31,-6.60,-6.60,-0.29,-0.29,-0.29,438,424,425,330,384
5.20,-6.33,-6.33,-0.16,-0.16,-0.16,438,424,429,330,383
5.95,-7.12,-7.12,-0.07,-0.07,-0.07,438,424,429,330,383
6.12,-7.49,-7.49,-0.01,-0.01,-0.01,438,424,429,329,383
END
6.82,-7.19,-7.19,-0.13,-0.13,-0.13,440,420,437,331,384
4.59,-8.05,-8.05,-0.03,-0.03,-0.03,440,420,438,331,384
4.04,-8.28,-8.28,0.01,0.01,0.01,439,421,442,331,383
5.07,-8.15,-8.15,-0.05,-0.05,-0.05,439,421,442,331,383
4.77,-8.25,-8.25,-0.05,-0.05,-0.05,440,421,442,331,383
5.08,-8.19,-8.19,-0.12,-0.12,-0.12,441,421,441,331,383
4.22,-8.05,-8.05,-0.16,-0.16,-0.16,441,421,440,331,383
4.19,-8.22,-8.22,-0.17,-0.17,-0.17,441,422,441,331,383
3.86,-7.93,-7.93,-0.22,-0.22,-0.22,442,422,440,331,383
4.11,-7.80,-7.80,-0.31,-0.31,-0.31,444,422,439,331,383
5.14,-7.55,-7.55,-0.27,-0.27,-0.27,446,422,438,331,384
6.03,-8.09,-8.09,-0.25,-0.25,-0.25,448,422,438,331,384
5.68,-7.79,-7.79,-0.32,-0.32,-0.32,449,422,439,331,384
6.38,-7.65,-7.65,-0.39,-0.39,-0.39,449,422,439,331,384
5.84,-7.87,-7.87,-0.48,-0.48,-0.48,448,422,439,331,384
6.97,-7.45,-7.45,-0.59,-0.59,-0.59,448,422,438,331,384
7.01,-6.80,-6.80,-0.56,-0.56,-0.56,448,421,438,331,384
6.42,-6.88,-6.88,-0.52,-0.52,-0.52,448,421,438,331,384
6.54,-7.06,-7.06,-0.52,-0.52,-0.52,447,421,438,331,384
6.56,-7.31,-7.31,-0.56,-0.56,-0.56,447,421,438,331,383
6.87,-6.77,-6.77,-0.54,-0.54,-0.54,447,421,438,331,383
6.55,-6.68,-6.68,-0.43,-0.43,-0.43,447,421,437,331,383
6.02,-7.33,-7.33,-0.30,-0.30,-0.30,447,421,437,331,384
5.56,-7.35,-7.35,-0.41,-0.41,-0.41,447,420,437,331,383
5.31,-7.19,-7.19,-0.38,-0.38,-0.38,447,420,437,331,384
5.87,-7.16,-7.16,-0.35,-0.35,-0.35,447,420,437,331,383
5.89,-7.53,-7.53,-0.28,-0.28,-0.28,447,421,437,331,383
5.58,-7.31,-7.31,-0.32,-0.32,-0.32,447,420,437,331,383
7.35,-7.18,-7.18,-0.22,-0.22,-0.22,447,420,437,331,383
5.40,-7.42,-7.42,-0.16,-0.16,-0.16,448,420,437,331,383
5.73,-7.72,-7.72,-0.16,-0.16,-0.16,448,421,437,331,383
5.59,-7.06,-7.06,-0.17,-0.17,-0.17,447,420,437,331,383
6.01,-7.26,-7.26,-0.23,-0.23,-0.23,446,420,437,331,383
9.12,-7.70,-7.70,-0.64,-0.64,-0.64,444,419,436,331,385
5.60,-7.53,-7.53,-0.46,-0.46,-0.46,443,418,436,331,386
6.32,-6.98,-6.98,-0.32,-0.32,-0.32,443,417,436,331,387
6.55,-6.68,-6.68,-0.07,-0.07,-0.07,442,417,436,331,387
6.78,-7.06,-7.06,-0.05,-0.05,-0.05,443,418,436,331,387
6.46,-7.11,-7.11,-0.10,-0.10,-0.10,443,417,436,331,387
5.92,-7.12,-7.12,-0.06,-0.06,-0.06,443,417,436,331,387
6.60,-6.93,-6.93,-0.02,-0.02,-0.02,443,417,436,331,386
END
6.02,-6.96,-6.96,0.00,0.00,0.00,446,417,429,332,385
4.52,-7.97,-7.97,-0.01,-0.01,-0.01,445,417,429,332,384
4.89,-8.03,-8.03,0.13,0.13,0.13,445,418,433,331,383
5.03,-7.93,-7.93,-0.02,-0.02,-0.02,445,418,434,331,383
5.41,-8.18,-8.18,-0.08,-0.08,-0.08,445,418,435,331,383
4.81,-8.37,-8.37,-0.18,-0.18,-0.18,444,418,434,331,382
4.42,-7.97,-7.97,-0.29,-0.29,-0.29,444,418,435,331,382
4.97,-7.77,-7.77,-0.33,-0.33,-0.33,444,418,435,331,382
4.05,-7.90,-7.90,-0.30,-0.30,-0.30,444,418,435,332,382
6.03,-7.96,-7.96,-0.31,-0.31,-0.31,444,418,434,331,382
5.47,-7.59,-7.59,-0.35,-0.35,-0.35,444,417,434,331,382
5.36,-8.23,-8.23,-0.29,-0.29,-0.29,444,417,433,331,382
5.12,-7.63,-7.63,-0.42,-0.42,-0.42,443,417,433,331,382
6.22,-7.80,-7.80,-0.44,-0.44,-0.44,443,417,433,331,381
6.50,-7.18,-7.18,-0.44,-0.44,-0.44,443,417,433,331,382
6.49,-7.42,-7.42,-0.31,-0.31,-0.31,443,417,433,331,381
5.75,-7.78,-7.78,-0.40,-0.40,-0.40,443,417,433,331,381
5.68,-7.67,-7.67,-0.48,-0.48,-0.48,443,417,434,331,381
5.77,-7.03,-7.03,-0.55,-0.55,-0.55,443,417,434,332,382
6.11,-6.88,-6.88,-0.52,-0.52,-0.52,444,417,434,332,382
6.22,-6.82,-6.82,-0.52,-0.52,-0.52,445,417,433,332,382
6.30,-7.44,-7.44,-0.42,-0.42,-0.42,445,417,433,332,382
6.37,-7.44,-7.44,-0.45,-0.45,-0.45,444,417,433,332,382
6.22,-7.29,-7.29,-0.46,-0.46,-0.46,444,417,433,332,381
6.73,-7.27,-7.27,-0.42,-0.42,-0.42,444,417,433,332,382
5.89,-7.43,-7.43,-0.41,-0.41,-0.41,444,417,433,332,382
6.17,-7.32,-7.32,-0.38,-0.38,-0.38,444,417,433,331,383
6.04,-7.06,-7.06,-0.37,-0.37,-0.37,444,416,433,332,382
6.22,-7.26,-7.26,-0.34,-0.34,-0.34,444,417,433,332,381
6.45,-7.41,-7.41,-0.31,-0.31,-0.31,444,417,433,332,382
6.77,-6.83,-6.83,-0.28,-0.28,-0.28,443,417,432,332,383
6.85,-6.81,-6.81,-0.25,-0.25,-0.25,442,417,431,331,382
6.32,-6.55,-6.55,-0.22,-0.22,-0.22,442,417,429,331,383
5.95,-6.79,-6.79,-0.16,-0.16,-0.16,442,417,428,331,383
5.83,-7.14,-7.14,-0.12,-0.12,-0.12,441,417,428,332,383
5.84,-7.13,-7.13,-0.18,-0.18,-0.18,441,417,428,331,383
6.60,-6.45,-6.45,-0.05,-0.05,-0.05,441,417,427,331,383
7.41,-6.32,-6.32,0.03,0.03,0.03,440,417,426,332,383
6.72,-7.30,-7.30,0.02,0.02,0.02,439,417,426,331,383
6.86,-6.69,-6.69,-0.06,-0.06,-0.06,439,417,426,331,383
6.69,-6.82,-6.82,0.01,0.01,0.01,439,417,426,331,383
END
6.57,-6.97,-6.97,0.03,0.03,0.03,444,416,423,331,383
5.99,-8.04,-8.04,-0.07,-0.07,-0.07,444,416,423,331,383
6.02,-7.99,-7.99,-0.09,-0.09,-0.09,444,416,423,330,383
5.49,-7.87,-7.87,-0.12,-0.12,-0.12,444,416,423,331,383
5.51,-7.57,-7.57,-0.16,-0.16,-0.16,444,416,423,330,383
5.12,-7.21,-7.21,-0.11,-0.11,-0.11,443,416,423,330,383
5.75,-7.53,-7.53,-0.03,-0.03,-0.03,443,416,423,330,383
4.71,-7.91,-7.91,-0.14,-0.14,-0.14,443,416,423,331,383
5.15,-7.74,-7.74,-0.30,-0.30,-0.30,443,416,423,331,383
4.87,-7.68,-7.68,-0.32,-0.32,-0.32,443,416,424,331,383
6.43,-7.08,-7.08,-0.30,-0.30,-0.30,443,416,424,331,383
6.81,-6.62,-6.62,-0.30,-0.30,-0.30,442,416,424,330,383
6.00,-6.78,-6.78,-0.23,-0.23,-0.23,442,416,424,330,383
6.86,-7.04,-7.04,-0.34,-0.34,-0.34,441,415,424,330,383
6.69,-6.47,-6.47,-0.38,-0.38,-0.38,441,416,424,330,383
6.41,-6.59,-6.59,-0.41,-0.41,-0.41,441,416,424,330,383
7.31,-6.73,-6.73,-0.42,-0.42,-0.42,441,416,424,330,383
7.61,-6.39,-6.39,-0.47,-0.47,-0.47,441,415,424,330,383
6.73,-6.34,-6.34,-0.51,-0.51,-0.51,441,416,424,330,383
7.35,-6.19,-6.19,-0.58,-0.58,-0.58,441,416,424,330,383
7.25,-6.41,-6.41,-0.57,-0.57,-0.57,441,415,425,330,383
6.68,-6.34,-6.34,-0.52,-0.52,-0.52,441,415,426,330,383
6.94,-6.27,-6.27,-0.50,-0.50,-0.50,441,415,426,330,383
7.24,-6.37,-6.37,-0.58,-0.58,-0.58,441,416,426,330,383
8.16,-6.23,-6.23,-0.58,-0.58,-0.58,441,415,425,330,383
6.99,-6.25,-6.25,-0.44,-0.44,-0.44,441,415,426,330,383
7.19,-6.82,-6.82,-0.37,-0.37,-0.37,441,414,426,330,383
5.84,-7.10,-7.10,-0.37,-0.37,-0.37,440,415,426,330,383
5.69,-7.19,-7.19,-0.40,-0.40,-0.40,440,414,426,330,383
6.42,-6.84,-6.84,-0.45,-0.45,-0.45,440,415,426,330,383
6.25,-6.68,-6.68,-0.37,-0.37,-0.37,441,414,426,330,383
6.58,-7.09,-7.09,-0.30,-0.30,-0.30,441,414,427,331,382
5.97,-7.66,-7.66,-0.34,-0.34,-0.34,441,414,429,330,382
6.32,-7.65,-7.65,-0.41,-0.41,-0.41,441,414,430,331,382
6.40,-6.84,-6.84,-0.40,-0.40,-0.40,441,414,429,331,382
6.04,-6.81,-6.81,-0.22,-0.22,-0.22,441,413,429,331,382
6.53,-7.17,-7.17,-0.16,-0.16,-0.16,441,413,428,330,382
6.03,-7.16,-7.16,-0.22,-0.22,-0.22,441,413,428,330,382
6.17,-7.03,-7.03,-0.22,-0.22,-0.22,441,413,428,330,382
6.31,-6.93,-6.93,-0.12,-0.12,-0.12,441,413,428,331,381
6.11,-7.21,-7.21,-0.04,-0.04,-0.04,440,414,428,330,382
END
6.12,-7.02,-7.02,-0.01,-0.01,-0.01,450,418,429,331,381
5.22,-8.12,-8.12,-0.10,-0.10,-0.10,454,417,431,331,382
4.24,-8.19,-8.19,-0.03,-0.03,-0.03,457,416,431,331,382
5.00,-8.24,-8.24,-0.04,-0.04,-0.04,458,416,430,331,382
3.89,-7.31,-7.31,-0.22,-0.22,-0.22,459,416,430,331,383
4.44,-7.66,-7.66,0.00,0.00,0.00,460,415,430,331,383
4.16,-9.10,-9.10,-0.04,-0.04,-0.04,461,414,430,331,384
4.54,-8.43,-8.43,-0.38,-0.38,-0.38,461,413,430,331,386
3.78,-8.15,-8.15,-0.54,-0.54,-0.54,460,410,430,331,388
4.24,-7.82,-7.82,-0.54,-0.54,-0.54,457,409,428,331,389
5.36,-7.77,-7.77,-0.42,-0.42,-0.42,456,409,428,331,390
6.06,-7.54,-7.54,-0.36,-0.36,-0.36,456,408,427,331,390
6.96,-7.27,-7.27,-0.47,-0.47,-0.47,455,408,428,331,390
6.63,-7.14,-7.14,-0.45,-0.45,-0.45,454,408,428,331,390
6.13,-6.91,-6.91,-0.45,-0.45,-0.45,453,408,428,331,390
6.97,-7.09,-7.09,-0.45,-0.45,-0.45,453,407,428,331,389
6.40,-7.03,-7.03,-0.41,-0.41,-0.41,452,408,428,331,389
6.61,-6.91,-6.91,-0.50,-0.50,-0.50,452,407,428,331,389
6.09,-6.77,-6.77,-0.38,-0.38,-0.38,451,407,429,331,389
6.25,-7.12,-7.12,-0.35,-0.35,-0.35,450,407,429,331,389
6.73,-7.19,-7.19,-0.36,-0.36,-0.36,450,407,429,331,389
5.60,-6.99,-6.99,-0.41,-0.41,-0.41,450,407,429,331,389
6.55,-7.36,-7.36,-0.39,-0.39,-0.39,449,407,430,331,389
5.94,-7.13,-7.13,-0.43,-0.43,-0.43,449,407,430,331,389
6.83,-6.97,-6.97,-0.45,-0.45,-0.45,449,407,430,331,388
7.24,-7.34,-7.34,-0.83,-0.83,-0.83,448,406,430,330,389
6.24,-7.57,-7.57,-1.11,-1.11,-1.11,448,405,430,330,389
5.25,-8.20,-8.20,-0.51,-0.51,-0.51,447,404,430,330,389
5.08,-8.10,-8.10,-0.47,-0.47,-0.47,447,403,429,330,389
6.09,-7.44,-7.44,-0.48,-0.48,-0.48,447,404,430,330,389
6.30,-7.61,-7.61,-0.29,-0.29,-0.29,446,404,429,330,388
6.72,-7.77,-7.77,-0.27,-0.27,-0.27,446,405,429,330,389
5.41,-7.82,-7.82,-0.40,-0.40,-0.40,446,405,429,330,388
5.61,-6.78,-6.78,-0.49,-0.49,-0.49,446,405,429,331,388
5.66,-6.47,-6.47,-0.49,-0.49,-0.49,445,404,429,331,388
6.92,-5.84,-5.84,-0.38,-0.38,-0.38,444,404,429,330,388
6.66,-6.04,-6.04,-0.21,-0.21,-0.21,443,404,428,330,389
6.25,-6.91,-6.91,-0.10,-0.10,-0.10,442,404,427,330,389
6.07,-7.52,-7.52,-0.07,-0.07,-0.07,441,405,427,330,389
6.40,-6.86,-6.86,-0.22,-0.22,-0.22,441,405,427,330,388
7.04,-6.02,-6.02,-0.06,-0.06,-0.06,441,405,427,330,388
END
7.16,-7.02,-7.02,0.14,0.14,0.14,446,411,427,331,383
5.48,-8.03,-8.03,-0.01,-0.01,-0.01,446,411,427,331,383
5.20,-8.07,-8.07,-0.04,-0.04,-0.04,446,411,427,331,383
4.43,-8.37,-8.37,-0.12,-0.12,-0.12,446,411,427,331,383
4.46,-8.23,-8.23,-0.18,-0.18,-0.18,445,411,427,331,383
4.64,-8.25,-8.25,-0.30,-0.30,-0.30,445,411,427,331,383
5.07,-7.57,-7.57,-0.38,-0.38,-0.38,445,411,427,331,383
5.56,-7.58,-7.58,-0.42,-0.42,-0.42,445,411,427,331,383
5.23,-7.25,-7.25,-0.41,-0.41,-0.41,445,411,427,330,383
4.79,-7.43,-7.43,-0.45,-0.45,-0.45,445,411,427,331,383
5.79,-6.93,-6.93,-0.43,-0.43,-0.43,445,410,427,331,383
6.27,-6.45,-6.45,-0.45,-0.45,-0.45,444,410,427,331,384
5.24,-6.47,-6.47,-0.33,-0.33,-0.33,445,410,427,331,384
7.54,-6.82,-6.82,-0.42,-0.42,-0.42,444,410,427,331,384
7.95,-6.64,-6.64,-0.48,-0.48,-0.48,444,410,427,331,384
8.40,-6.54,-6.54,-0.48,-0.48,-0.48,444,410,427,331,384
7.28,-5.48,-5.48,-0.56,-0.56,-0.56,444,409,427,331,384
9.20,-5.97,-5.97,-0.46,-0.46,-0.46,444,409,427,332,384
6.65,-5.97,-5.97,-0.51,-0.51,-0.51,443,409,427,331,384
6.95,-6.37,-6.37,-0.54,-0.54,-0.54,443,409,427,331,384
7.49,-6.17,-6.17,-0.59,-0.59,-0.59,443,409,427,331,384
7.14,-6.13,-6.13,-0.59,-0.59,-0.59,443,409,427,331,384
8.18,-6.27,-6.27,-0.47,-0.47,-0.47,443,409,427,331,384
6.12,-7.64,-7.64,-0.47,-0.47,-0.47,443,409,427,331,384
6.25,-7.25,-7.25,-0.71,-0.71,-0.71,442,409,427,331,385
7.11,-6.60,-6.60,-0.85,-0.85,-0.85,442,408,427,332,385
8.01,-6.06,-6.06,-0.84,-0.84,-0.84,442,409,427,332,385
8.76,-5.63,-5.63,-0.75,-0.75,-0.75,442,408,427,331,385
7.68,-5.58,-5.58,-0.61,-0.61,-0.61,442,408,427,331,384
6.81,-6.20,-6.20,-0.63,-0.63,-0.63,442,408,427,331,384
7.39,-6.01,-6.01,-0.64,-0.64,-0.64,441,408,427,332,385
7.92,-5.66,-5.66,-0.53,-0.53,-0.53,441,408,427,332,385
7.44,-5.51,-5.51,-0.37,-0.37,-0.37,441,408,427,332,385
6.86,-5.87,-5.87,-0.32,-0.32,-0.32,441,407,427,332,385
7.37,-5.45,-5.45,-0.23,-0.23,-0.23,441,408,427,332,385
8.41,-5.07,-5.07,-0.10,-0.10,-0.10,441,408,427,332,385
7.68,-5.28,-5.28,-0.01,-0.01,-0.01,441,408,427,332,385
7.26,-5.56,-5.56,-0.05,-0.05,-0.05,441,408,427,332,385
8.13,-5.51,-5.51,-0.05,-0.05,-0.05,441,408,427,332,385
7.83,-5.43,-5.43,0.03,0.03,0.03,441,408,427,332,385
7.68,-6.04,-6.04,0.07,0.07,0.07,441,407,427,332,385
END
6.97,-6.10,-6.10,0.07,0.07,0.07,445,415,427,331,381
4.34,-8.12,-8.12,-0.11,-0.11,-0.11,444,414,427,331,381
3.55,-7.77,-7.77,-0.04,-0.04,-0.04,444,415,427,331,381
4.04,-8.19,-8.19,0.02,0.02,0.02,443,414,427,331,381
5.05,-8.33,-8.33,-0.16,-0.16,-0.16,443,415,427,332,381
4.55,-8.22,-8.22,-0.38,-0.38,-0.38,444,414,427,332,381
4.36,-8.12,-8.12,-0.35,-0.35,-0.35,444,414,427,332,381
3.62,-7.97,-7.97,-0.34,-0.34,-0.34,444,413,427,332,381
4.79,-8.14,-8.14,-0.32,-0.32,-0.32,444,413,427,332,381
5.92,-8.22,-8.22,-0.40,-0.40,-0.40,444,413,427,332,381
5.61,-7.36,-7.36,-0.53,-0.53,-0.53,444,413,427,332,381
5.72,-7.59,-7.59,-0.55,-0.55,-0.55,444,413,427,332,381
6.16,-7.37,-7.37,-0.51,-0.51,-0.51,444,413,427,332,381
6.22,-7.16,-7.16,-0.56,-0.56,-0.56,443,413,427,332,382
5.98,-6.81,-6.81,-0.77,-0.77,-0.77,443,412,428,332,382
6.94,-6.18,-6.18,-0.60,-0.60,-0.60,442,412,428,332,383
7.09,-5.63,-5.63,-0.61,-0.61,-0.61,442,412,428,332,382
7.34,-5.48,-5.48,-0.62,-0.62,-0.62,442,412,428,332,382
7.30,-5.87,-5.87,-0.64,-0.64,-0.64,442,411,429,332,382
6.60,-6.50,-6.50,-0.76,-0.76,-0.76,441,411,429,333,382
6.98,-6.90,-6.90,-0.65,-0.65,-0.65,440,410,429,333,382
8.28,-6.37,-6.37,-0.55,-0.55,-0.55,440,411,429,333,382
7.24,-6.44,-6.44,-0.42,-0.42,-0.42,440,410,429,333,382
6.99,-6.92,-6.92,-0.48,-0.48,-0.48,440,410,429,333,382
5.89,-7.57,-7.57,-0.62,-0.62,-0.62,440,410,429,333,382
6.10,-7.35,-7.35,-0.81,-0.81,-0.81,440,410,429,333,382
7.51,-6.02,-6.02,-0.75,-0.75,-0.75,440,410,429,333,382
8.00,-5.24,-5.24,-0.43,-0.43,-0.43,440,410,429,333,382
7.39,-6.58,-6.58,-0.26,-0.26,-0.26,440,409,428,333,382
6.74,-6.82,-6.82,-0.44,-0.44,-0.44,440,409,428,333,382
7.11,-6.54,-6.54,-0.53,-0.53,-0.53,440,409,428,333,382
6.92,-6.38,-6.38,-0.38,-0.38,-0.38,439,408,428,333,382
7.19,-6.88,-6.88,-0.28,-0.28,-0.28,439,408,428,333,381
6.94,-6.52,-6.52,-0.26,-0.26,-0.26,439,408,430,333,381
6.07,-6.76,-6.76,-0.27,-0.27,-0.27,439,407,433,334,381
7.47,-6.21,-6.21,-0.26,-0.26,-0.26,439,406,434,334,381
6.91,-6.70,-6.70,-0.04,-0.04,-0.04,439,407,435,334,381
6.17,-6.93,-6.93,-0.02,-0.02,-0.02,439,406,433,334,381
6.94,-6.60,-6.60,-0.12,-0.12,-0.12,437,408,428,334,382
6.25,-6.53,-6.53,-0.05,-0.05,-0.05,436,407,426,333,383
6.21,-7.01,-7.01,0.02,0.02,0.02,436,406,426,333,383
END
5.56,-7.63,-7.63,0.01,0.01,0.01,442,408,424,332,382
4.11,-7.54,-7.54,-0.20,-0.20,-0.20,442,408,424,332,382
5.04,-8.03,-8.03,-0.16,-0.16,-0.16,441,408,424,332,382
5.64,-8.55,-8.55,-0.06,-0.06,-0.06,441,408,424,332,383
5.23,-8.46,-8.46,-0.26,-0.26,-0.26,441,409,425,332,383
4.91,-8.32,-8.32,-0.29,-0.29,-0.29,441,408,425,332,383
4.66,-7.91,-7.91,-0.39,-0.39,-0.39,441,409,425,332,382
5.30,-7.57,-7.57,-0.18,-0.18,-0.18,441,410,427,332,382
5.58,-7.20,-7.20,-0.26,-0.26,-0.26,441,411,428,332,383
5.65,-7.16,-7.16,-0.35,-0.35,-0.35,441,410,428,332,382
6.62,-7.31,-7.31,-0.46,-0.46,-0.46,440,410,428,332,382
6.40,-7.49,-7.49,-0.31,-0.31,-0.31,440,409,428,332,382
5.58,-7.20,-7.20,-0.38,-0.38,-0.38,439,410,428,332,382
6.68,-7.21,-7.21,-0.34,-0.34,-0.34,439,409,428,332,382
5.88,-7.71,-7.71,-0.37,-0.37,-0.37,439,409,428,332,382
6.30,-7.19,-7.19,-0.55,-0.55,-0.55,438,409,429,332,382
7.52,-6.61,-6.61,-0.47,-0.47,-0.47,438,409,428,332,382
5.58,-7.14,-7.14,-0.21,-0.21,-0.21,437,409,427,332,382
6.66,-7.07,-7.07,-0.36,-0.36,-0.36,437,409,427,332,381
5.57,-7.41,-7.41,-0.33,-0.33,-0.33,438,410,427,332,381
5.67,-6.87,-6.87,-0.47,-0.47,-0.47,437,409,427,332,381
6.58,-6.66,-6.66,-0.45,-0.45,-0.45,437,410,426,332,381
8.26,-6.88,-6.88,-0.35,-0.35,-0.35,437,409,426,332,382
6.13,-7.14,-7.14,-0.46,-0.46,-0.46,438,408,427,332,383
7.15,-7.20,-7.20,-0.28,-0.28,-0.28,439,408,427,332,383
5.90,-7.19,-7.19,-0.40,-0.40,-0.40,440,408,427,332,383
6.25,-7.01,-7.01,-0.62,-0.62,-0.62,442,407,427,332,383
6.63,-7.04,-7.04,-0.73,-0.73,-0.73,443,407,430,331,383
5.95,-6.93,-6.93,-0.47,-0.47,-0.47,442,406,430,330,383
6.45,-6.96,-6.96,-0.21,-0.21,-0.21,441,406,430,330,382
6.77,-7.59,-7.59,-0.22,-0.22,-0.22,440,406,429,330,382
6.31,-7.59,-7.59,-0.25,-0.25,-0.25,440,406,429,330,382
6.32,-7.01,-7.01,-0.39,-0.39,-0.39,439,406,429,330,382
6.09,-6.73,-6.73,-0.27,-0.27,-0.27,439,406,429,330,382
6.77,-6.73,-6.73,-0.17,-0.17,-0.17,439,405,429,330,382
6.18,-6.80,-6.80,-0.10,-0.10,-0.10,439,405,429,330,382
6.53,-6.78,-6.78,-0.07,-0.07,-0.07,439,405,429,330,382
6.10,-7.24,-7.24,-0.07,-0.07,-0.07,439,405,429,330,382
5.87,-7.34,-7.34,0.05,0.05,0.05,439,405,429,330,382
5.98,-7.54,-7.54,0.01,0.01,0.01,437,405,428,330,382
6.49,-7.23,-7.23,0.01,0.01,0.01,437,405,427,330,382
END
5.86,-7.25,-7.25,0.03,0.03,0.03,439,404,424,331,383
2.48,-9.30,-9.30,-0.08,-0.08,-0.08,439,405,423,331,383
3.10,-8.99,-8.99,-0.12,-0.12,-0.12,440,406,427,331,382
3.90,-8.43,-8.43,-0.24,-0.24,-0.24,442,407,429,331,382
5.53,-8.43,-8.43,-0.24,-0.24,-0.24,441,408,429,331,382
3.88,-8.38,-8.38,-0.26,-0.26,-0.26,441,407,428,332,382
3.58,-8.05,-8.05,-0.32,-0.32,-0.32,441,407,428,331,382
5.20,-7.91,-7.91,-0.36,-0.36,-0.36,441,407,428,331,382
4.08,-7.48,-7.48,-0.34,-0.34,-0.34,440,407,428,331,382
4.22,-6.78,-6.78,-0.41,-0.41,-0.41,440,407,428,331,382
5.66,-8.22,-8.22,-0.15,-0.15,-0.15,440,408,428,331,382
5.36,-8.03,-8.03,-0.30,-0.30,-0.30,440,407,428,331,382
7.78,-7.82,-7.82,-0.30,-0.30,-0.30,439,408,428,331,382
6.41,-7.93,-7.93,-0.36,-0.36,-0.36,439,407,427,331,382
7.16,-7.53,-7.53,-0.51,-0.51,-0.51,439,407,428,331,382
6.54,-7.29,-7.29,-0.53,-0.53,-0.53,439,407,428,331,382
6.37,-7.52,-7.52,-0.56,-0.56,-0.56,439,408,428,331,383
5.69,-7.42,-7.42,-0.57,-0.57,-0.57,438,407,428,332,382
5.97,-7.05,-7.05,-0.57,-0.57,-0.57,439,407,428,332,382
6.90,-6.60,-6.60,-0.52,-0.52,-0.52,439,407,428,332,382
5.62,-6.76,-6.76,-0.47,-0.47,-0.47,439,407,428,332,382
5.74,-7.30,-7.30,-0.40,-0.40,-0.40,439,407,428,332,382
6.07,-7.34,-7.34,-0.45,-0.45,-0.45,439,407,428,332,382
6.04,-7.48,-7.48,-0.49,-0.49,-0.49,438,407,428,332,382
6.24,-7.29,-7.29,-0.45,-0.45,-0.45,438,407,428,332,382
6.52,-6.94,-6.94,-0.41,-0.41,-0.41,439,407,428,332,383
6.65,-7.09,-7.09,-0.33,-0.33,-0.33,439,407,428,332,382
6.24,-7.39,-7.39,-0.35,-0.35,-0.35,439,407,428,332,382
6.57,-6.95,-6.95,-0.38,-0.38,-0.38,439,406,428,332,382
7.14,-6.31,-6.31,-0.29,-0.29,-0.29,439,406,428,332,382
6.85,-7.13,-7.13,-0.23,-0.23,-0.23,439,406,428,332,382
5.83,-7.39,-7.39,-0.25,-0.25,-0.25,438,406,428,332,382
6.31,-7.01,-7.01,-0.25,-0.25,-0.25,438,405,428,332,382
6.63,-6.84,-6.84,-0.20,-0.20,-0.20,438,406,428,332,382
6.98,-6.34,-6.34,-0.18,-0.18,-0.18,438,405,428,332,382
7.31,-6.14,-6.14,-0.03,-0.03,-0.03,438,405,428,332,383
7.45,-6.04,-6.04,0.19,0.19,0.19,438,404,427,332,383
6.75,-6.83,-6.83,0.15,0.15,0.15,438,405,427,332,383
5.84,-7.44,-7.44,0.04,0.04,0.04,438,405,427,331,383
6.75,-7.16,-7.16,0.05,0.05,0.05,438,405,427,332,383
6.44,-7.08,-7.08,0.03,0.03,0.03,438,405,427,332,383
END
6.22,-6.81,-6.81,0.14,0.14,0.14,441,405,424,332,382
3.75,-8.68,-8.68,-0.13,-0.13,-0.13,441,405,424,332,382
3.93,-8.50,-8.50,-0.20,-0.20,-0.20,441,405,425,332,382
3.68,-8.23,-8.23,-0.13,-0.13,-0.13,441,406,424,332,381
4.49,-8.31,-8.31,-0.20,-0.20,-0.20,441,405,424,331,381
3.75,-8.67,-8.67,-0.14,-0.14,-0.14,441,406,425,331,381
3.77,-9.16,-9.16,-0.33,-0.33,-0.33,441,406,425,331,381
4.18,-8.54,-8.54,-0.46,-0.46,-0.46,440,406,425,331,381
3.92,-8.06,-8.06,-0.50,-0.50,-0.50,440,406,425,332,382
4.80,-8.05,-8.05,-0.51,-0.51,-0.51,440,406,425,332,382
4.13,-8.29,-8.29,-0.50,-0.50,-0.50,440,405,425,331,381
5.23,-8.05,-8.05,-0.49,-0.49,-0.49,440,405,424,332,382
5.08,-8.36,-8.36,-0.50,-0.50,-0.50,440,404,424,332,382
5.28,-7.76,-7.76,-0.56,-0.56,-0.56,440,404,424,332,382
6.43,-7.21,-7.21,-0.52,-0.52,-0.52,440,404,424,332,382
5.96,-7.39,-7.39,-0.47,-0.47,-0.47,440,404,425,332,382
6.12,-7.62,-7.62,-0.46,-0.46,-0.46,440,404,424,332,382
6.36,-7.67,-7.67,-0.53,-0.53,-0.53,440,404,424,332,382
6.40,-7.80,-7.80,-0.59,-0.59,-0.59,439,404,424,332,382
6.81,-7.26,-7.26,-0.50,-0.50,-0.50,440,404,424,332,382
5.61,-7.00,-7.00,-0.47,-0.47,-0.47,439,404,424,332,383
5.90,-6.91,-6.91,-0.40,-0.40,-0.40,439,404,424,332,383
5.54,-6.81,-6.81,-0.38,-0.38,-0.38,439,404,424,332,382
5.15,-7.21,-7.21,-0.28,-0.28,-0.28,439,404,424,332,382
6.35,-7.87,-7.87,-0.28,-0.28,-0.28,439,404,425,332,382
5.85,-7.72,-7.72,-0.35,-0.35,-0.35,439,404,424,332,382
6.15,-7.56,-7.56,-0.37,-0.37,-0.37,439,404,424,332,382
6.82,-7.47,-7.47,-0.34,-0.34,-0.34,439,404,424,332,382
6.94,-7.29,-7.29,-0.32,-0.32,-0.32,439,404,424,332,382
6.91,-7.06,-7.06,-0.27,-0.27,-0.27,439,404,425,331,382
6.77,-6.66,-6.66,-0.23,-0.23,-0.23,439,404,424,332,382
6.68,-6.84,-6.84,-0.06,-0.06,-0.06,440,405,424,332,383
6.40,-7.15,-7.15,-0.15,-0.15,-0.15,440,405,424,332,383
5.35,-7.17,-7.17,-0.19,-0.19,-0.19,440,405,424,331,383
5.92,-7.01,-7.01,-0.18,-0.18,-0.18,439,404,424,332,383
6.41,-6.81,-6.81,-0.07,-0.07,-0.07,439,404,424,332,383
6.89,-6.94,-6.94,0.02,0.02,0.02,439,404,424,331,383
6.82,-7.33,-7.33,0.05,0.05,0.05,439,404,424,331,383
5.60,-7.15,-7.15,0.05,0.05,0.05,439,404,424,331,383
6.02,-7.31,-7.31,0.04,0.04,0.04,439,404,424,331,383
6.53,-7.28,-7.28,0.04,0.04,0.04,439,404,424,331,383
END
6.00,-7.41,-7.41,0.07,0.07,0.07,441,408,427,332,381
4.60,-8.28,-8.28,-0.11,-0.11,-0.11,441,408,427,332,381
5.33,-8.29,-8.29,-0.01,-0.01,-0.01,441,408,426,332,380
4.69,-8.27,-8.27,-0.07,-0.07,-0.07,441,408,425,332,380
4.52,-8.27,-8.27,-0.07,-0.07,-0.07,441,408,425,332,380
3.59,-8.05,-8.05,-0.07,-0.07,-0.07,441,408,425,332,380
3.91,-8.26,-8.26,-0.07,-0.07,-0.07,441,407,425,332,380
3.70,-8.64,-8.64,-0.16,-0.16,-0.16,440,408,425,332,380
4.65,-8.68,-8.68,-0.24,-0.24,-0.24,441,407,425,332,380
4.68,-8.54,-8.54,-0.29,-0.29,-0.29,441,408,425,332,381
4.58,-8.25,-8.25,-0.32,-0.32,-0.32,440,407,425,332,380
4.09,-7.74,-7.74,-0.39,-0.39,-0.39,440,408,425,332,380
6.09,-7.36,-7.36,-0.37,-0.37,-0.37,440,407,425,332,380
5.74,-7.34,-7.34,-0.34,-0.34,-0.34,440,407,425,332,380
6.34,-7.27,-7.27,-0.37,-0.37,-0.37,440,407,425,333,381
5.75,-7.47,-7.47,-0.42,-0.42,-0.42,440,407,425,332,380
5.77,-7.26,-7.26,-0.48,-0.48,-0.48,440,407,425,332,381
5.80,-7.59,-7.59,-0.59,-0.59,-0.59,440,407,425,332,381
5.39,-7.46,-7.46,-0.59,-0.59,-0.59,439,406,425,332,381
7.22,-8.08,-8.08,-0.52,-0.52,-0.52,439,406,425,333,381
6.35,-7.45,-7.45,-0.66,-0.66,-0.66,439,406,425,332,381
7.50,-7.06,-7.06,-0.73,-0.73,-0.73,438,406,425,332,381
7.39,-6.67,-6.67,-0.69,-0.69,-0.69,438,406,425,332,381
6.82,-6.93,-6.93,-0.55,-0.55,-0.55,438,405,425,333,381
6.15,-7.32,-7.32,-0.44,-0.44,-0.44,438,406,424,333,382
6.75,-7.34,-7.34,-0.50,-0.50,-0.50,438,405,424,333,382
5.85,-7.19,-7.19,-0.50,-0.50,-0.50,438,406,425,333,382
5.56,-7.01,-7.01,-0.51,-0.51,-0.51,438,405,424,332,382
5.86,-7.31,-7.31,-0.55,-0.55,-0.55,438,405,425,333,381
7.03,-6.78,-6.78,-0.61,-0.61,-0.61,437,405,425,332,381
6.43,-5.84,-5.84,-0.43,-0.43,-0.43,437,405,425,333,382
6.52,-5.75,-5.75,-0.19,-0.19,-0.19,437,404,424,332,382
6.47,-6.95,-6.95,-0.13,-0.13,-0.13,437,405,424,332,382
6.03,-7.55,-7.55,-0.27,-0.27,-0.27,437,405,424,332,382
6.38,-6.78,-6.78,-0.32,-0.32,-0.32,437,405,425,332,382
7.83,-6.12,-6.12,-0.17,-0.17,-0.17,437,405,425,332,382
7.04,-6.01,-6.01,-0.05,-0.05,-0.05,437,404,425,332,382
6.60,-6.65,-6.65,0.03,0.03,0.03,437,405,424,332,382
7.24,-7.34,-7.34,0.00,0.00,0.00,437,404,424,332,381
6.75,-6.89,-6.89,-0.15,-0.15,-0.15,437,405,424,332,381
7.03,-6.48,-6.48,0.05,0.05,0.05,437,404,425,332,382
END
7.14,-6.44,-6.44,-0.01,-0.01,-0.01,439,408,424,332,380
3.96,-8.15,-8.15,-0.22,-0.22,-0.22,439,408,424,332,380
5.34,-7.96,-7.96,-0.13,-0.13,-0.13,439,408,424,332,380
5.36,-8.20,-8.20,-0.04,-0.04,-0.04,438,408,424,332,380
3.65,-8.63,-8.63,-0.06,-0.06,-0.06,438,408,424,332,380
4.01,-8.74,-8.74,-0.14,-0.14,-0.14,438,408,424,332,380
3.55,-8.36,-8.36,-0.18,-0.18,-0.18,438,408,424,332,380
3.74,-8.70,-8.70,-0.23,-0.23,-0.23,438,408,424,332,380
3.42,-8.35,-8.35,-0.32,-0.32,-0.32,438,407,424,332,380
5.07,-8.08,-8.08,-0.37,-0.37,-0.37,438,408,424,332,380
4.84,-8.38,-8.38,-0.49,-0.49,-0.49,438,408,424,332,380
3.04,-8.22,-8.22,-0.50,-0.50,-0.50,438,408,425,332,380
5.63,-8.12,-8.12,-0.57,-0.57,-0.57,437,407,425,332,381
5.09,-7.73,-7.73,-0.57,-0.57,-0.57,437,407,425,332,381
5.88,-7.44,-7.44,-0.54,-0.54,-0.54,437,407,425,332,382
6.50,-7.25,-7.25,-0.57,-0.57,-0.57,437,407,425,332,381
6.54,-8.01,-8.01,-0.57,-0.57,-0.57,437,406,425,332,382
4.82,-7.89,-7.89,-0.67,-0.67,-0.67,437,407,425,332,382
5.46,-7.38,-7.38,-0.76,-0.76,-0.76,436,406,425,332,382
6.68,-6.74,-6.74,-0.68,-0.68,-0.68,436,406,424,333,383
7.45,-6.76,-6.76,-0.50,-0.50,-0.50,435,405,424,333,383
6.65,-7.95,-7.95,-0.45,-0.45,-0.45,436,405,425,333,382
4.99,-8.36,-8.36,-0.49,-0.49,-0.49,436,406,425,333,382
5.28,-8.02,-8.02,-0.63,-0.63,-0.63,436,406,425,333,382
6.16,-6.91,-6.91,-0.56,-0.56,-0.56,436,406,425,333,382
6.21,-6.81,-6.81,-0.46,-0.46,-0.46,436,406,425,333,382
6.81,-6.91,-6.91,-0.36,-0.36,-0.36,436,406,425,333,382
6.94,-6.92,-6.92,-0.31,-0.31,-0.31,436,405,425,333,382
6.97,-6.95,-6.95,-0.24,-0.24,-0.24,436,406,425,333,382
7.24,-6.87,-6.87,-0.17,-0.17,-0.17,436,405,425,333,381
6.82,-6.81,-6.81,-0.22,-0.22,-0.22,436,405,424,333,382
5.89,-6.43,-6.43,-0.17,-0.17,-0.17,435,405,424,333,382
6.21,-6.55,-6.55,-0.05,-0.05,-0.05,435,405,424,333,382
6.21,-6.65,-6.65,0.03,0.03,0.03,435,405,424,333,381
6.22,-6.60,-6.60,0.10,0.10,0.10,435,405,424,333,381
6.66,-6.75,-6.75,0.15,0.15,0.15,434,405,424,333,381
6.25,-7.10,-7.10,0.17,0.17,0.17,434,405,424,333,381
6.05,-7.81,-7.81,0.15,0.15,0.15,434,405,424,333,381
6.89,-8.05,-8.05,0.09,0.09,0.09,434,405,424,333,381
6.51,-7.54,-7.54,0.05,0.05,0.05,434,405,424,333,381
6.17,-7.52,-7.52,0.06,0.06,0.06,434,404,424,333,381
END
5.65,-7.57,-7.57,0.01,0.01,0.01,440,409,423,333,378
3.75,-8.74,-8.74,0.05,0.05,0.05,440,409,423,333,378
3.58,-9.02,-9.02,0.02,0.02,0.02,440,409,423,333,378
3.86,-8.64,-8.64,0.00,0.00,0.00,440,409,424,333,378
4.44,-8.35,-8.35,0.01,0.01,0.01,440,409,425,333,378
4.67,-8.78,-8.78,-0.01,-0.01,-0.01,440,409,425,333,379
4.15,-8.71,-8.71,-0.14,-0.14,-0.14,440,409,425,333,379
3.65,-8.57,-8.57,-0.19,-0.19,-0.19,440,409,425,333,380
4.01,-8.41,-8.41,-0.14,-0.14,-0.14,440,409,424,333,379
3.48,-8.07,-8.07,-0.20,-0.20,-0.20,439,409,424,333,378
5.36,-8.11,-8.11,-0.12,-0.12,-0.12,439,408,424,333,380
4.13,-8.41,-8.41,-0.13,-0.13,-0.13,439,408,425,333,379
4.47,-8.40,-8.40,-0.16,-0.16,-0.16,439,408,424,333,379
4.63,-8.59,-8.59,-0.18,-0.18,-0.18,439,409,424,333,379
4.06,-8.23,-8.23,-0.29,-0.29,-0.29,439,408,424,333,379
5.02,-8.01,-8.01,-0.35,-0.35,-0.35,439,409,424,333,379
4.66,-7.90,-7.90,-0.30,-0.30,-0.30,439,408,424,333,379
4.43,-7.12,-7.12,-0.39,-0.39,-0.39,439,409,424,333,380
5.23,-7.49,-7.49,-0.32,-0.32,-0.32,439,408,424,333,380
5.99,-8.01,-8.01,-0.33,-0.33,-0.33,439,409,424,333,379
5.92,-7.59,-7.59,-0.48,-0.48,-0.48,438,408,424,333,379
6.83,-7.43,-7.43,-0.55,-0.55,-0.55,438,408,424,333,379
5.23,-7.66,-7.66,-0.72,-0.72,-0.72,437,407,424,332,380
5.45,-7.59,-7.59,-0.75,-0.75,-0.75,437,407,424,333,381
6.37,-6.83,-6.83,-0.72,-0.72,-0.72,436,406,425,333,382
8.13,-6.27,-6.27,-0.57,-0.57,-0.57,436,406,425,333,382
7.09,-6.55,-6.55,-0.55,-0.55,-0.55,436,406,425,333,382
6.61,-6.59,-6.59,-0.52,-0.52,-0.52,436,406,425,333,382
6.63,-7.01,-7.01,-0.50,-0.50,-0.50,436,406,425,333,382
6.04,-6.91,-6.91,-0.49,-0.49,-0.49,436,406,425,333,381
6.41,-7.11,-7.11,-0.41,-0.41,-0.41,436,406,425,333,381
6.09,-7.31,-7.31,-0.41,-0.41,-0.41,436,406,425,333,381
5.97,-7.51,-7.51,-0.40,-0.40,-0.40,436,406,425,333,381
6.56,-7.16,-7.16,-0.40,-0.40,-0.40,435,406,425,333,381
6.12,-6.79,-6.79,-0.38,-0.38,-0.38,435,406,425,333,381
6.54,-6.51,-6.51,-0.31,-0.31,-0.31,436,406,425,333,381
7.29,-7.24,-7.24,-0.24,-0.24,-0.24,436,406,425,334,382
6.75,-7.60,-7.60,-0.28,-0.28,-0.28,436,406,425,334,382
6.20,-6.96,-6.96,-0.35,-0.35,-0.35,436,406,425,333,381
6.22,-6.66,-6.66,-0.28,-0.28,-0.28,436,406,426,333,381
6.47,-6.55,-6.55,-0.12,-0.12,-0.12,437,407,426,333,381
END
6.55,-6.73,-6.73,-0.12,-0.12,-0.12,442,410,425,332,379
4.08,-8.67,-8.67,0.04,0.04,0.04,442,409,425,332,379
3.41,-8.64,-8.64,-0.01,-0.01,-0.01,442,409,425,332,379
3.75,-8.54,-8.54,-0.09,-0.09,-0.09,442,409,425,332,379
4.46,-8.26,-8.26,-0.08,-0.08,-0.08,442,409,425,332,379
3.80,-8.43,-8.43,-0.02,-0.02,-0.02,442,409,426,332,380
5.50,-8.43,-8.43,-0.06,-0.06,-0.06,442,410,426,332,380
3.53,-8.46,-8.46,-0.16,-0.16,-0.16,442,409,426,332,380
4.31,-8.38,-8.38,-0.26,-0.26,-0.26,442,410,426,332,380
3.68,-8.03,-8.03,-0.26,-0.26,-0.26,442,409,425,332,380
4.58,-7.99,-7.99,-0.30,-0.30,-0.30,442,410,425,332,379
5.22,-7.90,-7.90,-0.31,-0.31,-0.31,441,409,425,332,379
5.10,-7.63,-7.63,-0.40,-0.40,-0.40,441,409,425,332,379
5.88,-7.80,-7.80,-0.37,-0.37,-0.37,441,409,425,332,379
5.98,-7.31,-7.31,-0.47,-0.47,-0.47,440,409,425,332,380
6.87,-7.25,-7.25,-0.40,-0.40,-0.40,440,408,425,332,379
6.11,-7.09,-7.09,-0.47,-0.47,-0.47,440,408,425,332,379
5.52,-6.90,-6.90,-0.44,-0.44,-0.44,439,409,425,332,379
6.30,-7.05,-7.05,-0.42,-0.42,-0.42,439,408,425,332,379
7.01,-6.91,-6.91,-0.43,-0.43,-0.43,439,408,425,333,380
7.03,-7.15,-7.15,-0.42,-0.42,-0.42,439,408,425,332,379
7.51,-6.88,-6.88,-0.40,-0.40,-0.40,439,408,425,332,379
5.64,-6.77,-6.77,-0.53,-0.53,-0.53,439,408,425,332,379
7.22,-6.83,-6.83,-0.55,-0.55,-0.55,439,408,424,332,379
6.63,-6.45,-6.45,-0.63,-0.63,-0.63,438,408,425,332,379
7.53,-6.22,-6.22,-0.64,-0.64,-0.64,438,408,424,332,379
7.33,-6.45,-6.45,-0.62,-0.62,-0.62,438,408,424,332,379
6.46,-6.44,-6.44,-0.55,-0.55,-0.55,438,408,424,332,379
6.36,-6.91,-6.91,-0.48,-0.48,-0.48,438,408,424,332,379
6.65,-6.96,-6.96,-0.49,-0.49,-0.49,438,408,424,332,379
7.98,-6.83,-6.83,-0.48,-0.48,-0.48,437,408,424,332,379
6.80,-6.57,-6.57,-0.47,-0.47,-0.47,437,408,424,332,379
7.10,-6.19,-6.19,-0.45,-0.45,-0.45,437,408,424,332,379
7.01,-6.38,-6.38,-0.39,-0.39,-0.39,437,408,424,332,379
7.34,-6.27,-6.27,-0.38,-0.38,-0.38,437,408,424,332,379
7.70,-6.02,-6.02,-0.41,-0.41,-0.41,437,408,424,332,378
7.79,-5.89,-5.89,-0.25,-0.25,-0.25,437,408,424,332,378
7.40,-6.10,-6.10,-0.18,-0.18,-0.18,437,407,424,332,379
7.06,-5.89,-5.89,-0.20,-0.20,-0.20,437,408,424,332,379
6.83,-6.07,-6.07,-0.05,-0.05,-0.05,437,407,424,332,379
6.60,-6.81,-6.81,0.08,0.08,0.08,436,407,424,332,379
END
5.92,-7.00,-7.00,0.01,0.01,0.01,436,407,424,333,377
3.88,-8.44,-8.44,-0.22,-0.22,-0.22,436,408,423,333,377
4.36,-8.32,-8.32,-0.19,-0.19,-0.19,436,407,423,333,377
4.16,-8.15,-8.15,-0.13,-0.13,-0.13,436,407,423,333,377
4.46,-8.10,-8.10,-0.19,-0.19,-0.19,436,407,423,333,377
4.05,-8.70,-8.70,-0.16,-0.16,-0.16,435,407,423,333,377
2.71,-8.11,-8.11,-0.36,-0.36,-0.36,435,407,423,333,377
3.59,-8.10,-8.10,-0.24,-0.24,-0.24,435,407,423,333,378
4.72,-8.19,-8.19,-0.31,-0.31,-0.31,435,408,423,333,378
5.33,-8.06,-8.06,-0.33,-0.33,-0.33,435,407,423,333,378
6.24,-8.12,-8.12,-0.31,-0.31,-0.31,435,407,423,333,378
5.92,-8.11,-8.11,-0.38,-0.38,-0.38,435,407,423,333,378
6.37,-7.86,-7.86,-0.48,-0.48,-0.48,435,408,423,333,377
6.35,-7.56,-7.56,-0.46,-0.46,-0.46,435,407,423,333,377
5.66,-7.36,-7.36,-0.51,-0.51,-0.51,435,407,423,333,377
5.83,-7.31,-7.31,-0.46,-0.46,-0.46,435,407,423,333,378
6.69,-7.19,-7.19,-0.44,-0.44,-0.44,435,407,423,333,378
6.17,-7.52,-7.52,-0.42,-0.42,-0.42,435,407,423,333,377
6.12,-7.45,-7.45,-0.40,-0.40,-0.40,435,407,423,333,377
6.02,-7.31,-7.31,-0.40,-0.40,-0.40,435,407,423,333,378
6.05,-7.17,-7.17,-0.40,-0.40,-0.40,435,407,423,333,378
5.27,-7.24,-7.24,-0.40,-0.40,-0.40,435,407,423,333,377
6.17,-7.21,-7.21,-0.36,-0.36,-0.36,435,407,423,333,377
6.45,-7.17,-7.17,-0.33,-0.33,-0.33,435,407,423,333,378
5.89,-7.37,-7.37,-0.27,-0.27,-0.27,435,406,423,333,377
6.37,-7.47,-7.47,-0.29,-0.29,-0.29,435,407,423,333,377
6.25,-7.47,-7.47,-0.24,-0.24,-0.24,435,407,423,333,377
5.71,-7.34,-7.34,-0.29,-0.29,-0.29,435,407,423,333,378
6.18,-7.01,-7.01,-0.28,-0.28,-0.28,435,407,423,333,378
5.71,-6.94,-6.94,-0.28,-0.28,-0.28,435,407,423,333,377
5.86,-6.98,-6.98,-0.31,-0.31,-0.31,435,407,423,333,377
7.39,-7.00,-7.00,-0.38,-0.38,-0.38,435,407,423,333,378
7.09,-6.86,-6.86,-0.28,-0.28,-0.28,435,407,423,333,378
6.75,-7.14,-7.14,-0.18,-0.18,-0.18,435,407,424,333,378
6.27,-7.29,-7.29,-0.17,-0.17,-0.17,435,406,423,333,378
6.98,-6.46,-6.46,-0.20,-0.20,-0.20,434,407,424,333,377
7.14,-5.41,-5.41,-0.03,-0.03,-0.03,434,407,424,333,377
6.15,-6.22,-6.22,0.18,0.18,0.18,434,406,424,333,377
6.19,-7.24,-7.24,0.13,0.13,0.13,434,407,424,333,378
6.83,-6.88,-6.88,0.06,0.06,0.06,434,406,423,333,377
6.85,-7.25,-7.25,0.14,0.14,0.14,435,407,424,333,377
END
6.55,-7.67,-7.67,0.13,0.13,0.13,438,407,422,333,377
4.85,-7.75,-7.75,-0.01,-0.01,-0.01,437,408,422,333,377
5.07,-7.93,-7.93,-0.01,-0.01,-0.01,437,407,422,333,377
5.33,-7.93,-7.93,-0.01,-0.01,-0.01,437,408,422,333,377
5.11,-8.13,-8.13,-0.03,-0.03,-0.03,437,407,422,333,377
5.24,-7.93,-7.93,-0.06,-0.06,-0.06,437,407,422,333,377
4.72,-8.07,-8.07,-0.10,-0.10,-0.10,437,407,422,333,377
4.54,-8.20,-8.20,-0.14,-0.14,-0.14,437,407,422,333,377
4.36,-8.24,-8.24,-0.20,-0.20,-0.20,437,407,422,333,376
3.69,-8.21,-8.21,-0.30,-0.30,-0.30,437,407,422,333,377
4.19,-8.15,-8.15,-0.32,-0.32,-0.32,437,408,422,333,377
4.40,-7.93,-7.93,-0.35,-0.35,-0.35,437,407,422,333,377
5.80,-7.94,-7.94,-0.43,-0.43,-0.43,437,407,422,333,377
6.25,-8.28,-8.28,-0.48,-0.48,-0.48,436,408,422,333,377
6.63,-7.87,-7.87,-0.58,-0.58,-0.58,435,408,421,333,378
5.44,-7.29,-7.29,-0.48,-0.48,-0.48,434,407,421,333,379
6.88,-7.07,-7.07,-0.56,-0.56,-0.56,434,407,421,333,379
6.73,-6.81,-6.81,-0.58,-0.58,-0.58,433,407,421,333,379
6.35,-6.63,-6.63,-0.64,-0.64,-0.64,433,407,421,333,378
6.73,-6.58,-6.58,-0.51,-0.51,-0.51,433,406,421,333,378
6.54,-6.70,-6.70,-0.44,-0.44,-0.44,433,408,421,333,378
6.82,-7.72,-7.72,-0.38,-0.38,-0.38,433,407,421,333,378
7.22,-7.62,-7.62,-0.46,-0.46,-0.46,433,408,421,333,378
6.06,-7.20,-7.20,-0.55,-0.55,-0.55,434,408,421,333,378
6.58,-6.70,-6.70,-0.45,-0.45,-0.45,434,409,421,333,378
6.04,-6.57,-6.57,-0.42,-0.42,-0.42,434,409,421,333,378
6.67,-6.86,-6.86,-0.33,-0.33,-0.33,434,409,421,333,378
6.94,-7.19,-7.19,-0.31,-0.31,-0.31,434,409,421,333,378
5.68,-6.94,-6.94,-0.32,-0.32,-0.32,434,408,421,333,378
6.36,-6.97,-6.97,-0.22,-0.22,-0.22,434,409,422,333,378
6.84,-7.59,-7.59,-0.13,-0.13,-0.13,434,408,421,333,378
5.73,-8.21,-8.21,-0.13,-0.13,-0.13,434,409,421,333,378
5.38,-8.11,-8.11,-0.26,-0.26,-0.26,434,408,422,333,378
5.85,-7.49,-7.49,-0.33,-0.33,-0.33,434,409,422,333,378
5.81,-7.38,-7.38,-0.33,-0.33,-0.33,434,408,422,333,379
6.39,-7.44,-7.44,-0.29,-0.29,-0.29,434,409,422,333,378
6.00,-9.17,-9.17,-0.29,-0.29,-0.29,434,408,422,333,378
6.08,-7.36,-7.36,-0.48,-0.48,-0.48,433,408,423,333,378
5.83,-7.77,-7.77,-0.37,-0.37,-0.37,433,407,423,333,379
5.43,-7.95,-7.95,-0.22,-0.22,-0.22,433,406,423,333,378
5.43,-7.69,-7.69,-0.20,-0.20,-0.20,432,406,423,333,379
END
6.40,-6.65,-6.65,-0.12,-0.12,-0.12,436,407,421,334,377
3.91,-8.36,-8.36,0.03,0.03,0.03,438,408,421,334,379
3.62,-8.81,-8.81,-0.02,-0.02,-0.02,438,407,421,334,379
4.26,-8.56,-8.56,-0.04,-0.04,-0.04,438,407,421,334,378
4.07,-8.50,-8.50,-0.06,-0.06,-0.06,437,407,421,334,379
3.75,-8.79,-8.79,-0.06,-0.06,-0.06,437,407,420,334,378
3.78,-8.66,-8.66,-0.11,-0.11,-0.11,437,407,420,334,378
3.54,-8.31,-8.31,-0.15,-0.15,-0.15,437,407,421,334,378
2.70,-9.30,-9.30,-0.20,-0.20,-0.20,437,407,421,334,378
4.19,-8.86,-8.86,-0.32,-0.32,-0.32,436,407,421,334,378
4.67,-8.15,-8.15,-0.50,-0.50,-0.50,436,406,421,333,379
3.55,-8.48,-8.48,-0.25,-0.25,-0.25,436,407,420,333,379
4.62,-8.23,-8.23,-0.30,-0.30,-0.30,436,406,420,333,379
4.18,-8.26,-8.26,-0.33,-0.33,-0.33,436,406,421,333,379
2.00,-8.42,-8.42,-0.49,-0.49,-0.49,436,406,421,333,379
4.41,-8.56,-8.56,-0.50,-0.50,-0.50,435,406,421,333,380
3.91,-8.61,-8.61,-0.48,-0.48,-0.48,434,406,421,333,380
5.73,-8.35,-8.35,-0.47,-0.47,-0.47,434,405,421,333,380
5.53,-8.19,-8.19,-0.44,-0.44,-0.44,434,406,421,333,380
5.59,-8.26,-8.26,-0.50,-0.50,-0.50,434,405,421,332,380
4.66,-8.14,-8.14,-0.64,-0.64,-0.64,433,406,421,333,380
5.52,-8.13,-8.13,-0.60,-0.60,-0.60,433,405,421,333,380
6.00,-7.58,-7.58,-0.54,-0.54,-0.54,433,406,421,333,380
6.14,-7.66,-7.66,-0.59,-0.59,-0.59,433,405,421,333,380
6.41,-6.82,-6.82,-0.60,-0.60,-0.60,433,406,421,333,379
5.70,-6.59,-6.59,-0.52,-0.52,-0.52,433,405,421,333,379
6.27,-6.37,-6.37,-0.41,-0.41,-0.41,433,406,421,333,379
5.97,-6.55,-6.55,-0.31,-0.31,-0.31,433,405,421,333,379
6.06,-6.95,-6.95,-0.24,-0.24,-0.24,433,405,421,333,379
5.44,-8.05,-8.05,-0.22,-0.22,-0.22,433,405,421,333,379
4.43,-8.47,-8.47,-0.43,-0.43,-0.43,433,405,420,333,379
6.97,-7.59,-7.59,-0.48,-0.48,-0.48,433,405,421,333,379
8.23,-6.56,-6.56,-0.44,-0.44,-0.44,433,405,421,333,379
7.29,-6.40,-6.40,-0.24,-0.24,-0.24,433,406,421,333,379
7.06,-6.44,-6.44,-0.16,-0.16,-0.16,433,405,421,333,379
7.01,-6.97,-6.97,-0.13,-0.13,-0.13,433,406,421,333,379
5.43,-7.29,-7.29,-0.09,-0.09,-0.09,433,405,421,333,379
6.39,-7.02,-7.02,-0.17,-0.17,-0.17,433,406,421,333,379
7.71,-6.68,-6.68,-0.03,-0.03,-0.03,433,405,420,333,379
6.87,-6.30,-6.30,0.06,0.06,0.06,433,406,420,333,378
6.50,-7.14,-7.14,0.10,0.10,0.10,433,405,420,333,379
END
6.03,-7.49,-7.49,0.06,0.06,0.06,437,410,420,333,375
4.90,-8.19,-8.19,-0.08,-0.08,-0.08,437,410,420,334,376
4.35,-8.17,-8.17,-0.08,-0.08,-0.08,437,410,420,333,376
4.36,-8.32,-8.32,-0.09,-0.09,-0.09,437,410,420,333,375
3.87,-8.54,-8.54,-0.10,-0.10,-0.10,437,410,420,334,376
4.34,-8.51,-8.51,-0.13,-0.13,-0.13,437,410,420,333,375
4.77,-8.13,-8.13,-0.20,-0.20,-0.20,437,409,420,333,376
4.29,-8.12,-8.12,-0.22,-0.22,-0.22,437,409,420,334,376
3.80,-8.08,-8.08,-0.19,-0.19,-0.19,437,409,420,333,376
5.32,-7.98,-7.98,-0.21,-0.21,-0.21,436,409,420,333,376
4.43,-8.18,-8.18,-0.27,-0.27,-0.27,436,409,420,333,376
4.74,-7.89,-7.89,-0.37,-0.37,-0.37,436,410,420,333,376
7.26,-7.35,-7.35,-0.46,-0.46,-0.46,436,409,420,333,376
6.01,-7.02,-7.02,-0.59,-0.59,-0.59,436,409,420,333,376
6.80,-6.81,-6.81,-0.55,-0.55,-0.55,436,409,420,333,376
6.41,-7.19,-7.19,-0.50,-0.50,-0.50,436,409,420,333,376
6.35,-7.17,-7.17,-0.52,-0.52,-0.52,436,409,420,333,376
6.98,-6.73,-6.73,-0.54,-0.54,-0.54,435,409,420,333,376
6.68,-6.78,-6.78,-0.48,-0.48,-0.48,435,409,420,333,376
7.39,-6.32,-6.32,-0.61,-0.61,-0.61,435,409,419,333,376
7.05,-6.42,-6.42,-0.56,-0.56,-0.56,435,409,420,333,376
6.58,-6.18,-6.18,-0.58,-0.58,-0.58,435,409,420,333,376
7.13,-6.50,-6.50,-0.48,-0.48,-0.48,435,409,420,333,376
5.69,-6.37,-6.37,-0.53,-0.53,-0.53,435,409,420,333,376
6.14,-5.70,-5.70,-0.53,-0.53,-0.53,435,409,420,333,376
7.96,-6.55,-6.55,-0.41,-0.41,-0.41,434,408,420,333,375
8.83,-6.63,-6.63,-0.63,-0.63,-0.63,434,409,420,333,375
6.91,-6.36,-6.36,-0.60,-0.60,-0.60,434,408,420,333,375
7.81,-6.67,-6.67,-0.50,-0.50,-0.50,434,409,420,333,375
7.43,-6.28,-6.28,-0.57,-0.57,-0.57,434,408,421,333,375
7.47,-6.42,-6.42,-0.45,-0.45,-0.45,434,409,420,333,375
7.00,-5.86,-5.86,-0.51,-0.51,-0.51,434,408,420,333,375
7.31,-5.56,-5.56,-0.37,-0.37,-0.37,434,408,420,333,375
5.86,-6.47,-6.47,-0.15,-0.15,-0.15,434,408,420,333,375
6.94,-6.60,-6.60,-0.23,-0.23,-0.23,434,408,420,333,375
7.16,-6.02,-6.02,-0.16,-0.16,-0.16,434,408,420,333,375
7.92,-6.07,-6.07,-0.02,-0.02,-0.02,434,408,420,333,375
7.42,-6.42,-6.42,0.03,0.03,0.03,433,408,420,333,375
6.74,-7.02,-7.02,0.00,0.00,0.00,433,408,420,333,375
6.69,-7.26,-7.26,0.08,0.08,0.08,433,408,420,333,375
6.35,-7.24,-7.24,0.02,0.02,0.02,433,407,420,333,375
END