4.38,-5.99,-5.99,-0.18,-0.18,-0.18,483,433,451,333,359
5.33,-7.06,-7.06,0.10,0.10,0.10,483,433,451,333,359
6.27,-7.24,-7.24,0.13,0.13,0.13,483,433,451,333,359
5.51,-7.11,-7.11,0.09,0.09,0.09,483,433,452,333,359
4.92,-6.88,-6.88,0.00,0.00,0.00,483,433,452,333,359
5.06,-7.10,-7.10,0.02,0.02,0.02,483,433,452,333,359
4.77,-8.08,-8.08,0.12,0.12,0.12,484,433,452,333,359
6.02,-8.56,-8.56,-0.02,-0.02,-0.02,484,433,452,333,359
5.39,-7.75,-7.75,-0.14,-0.14,-0.14,484,433,454,333,360
6.78,-7.15,-7.15,0.25,0.25,0.25,483,434,456,335,361
3.68,-6.51,-6.51,0.01,0.01,0.01,483,434,455,334,361
3.83,-6.94,-6.94,-0.07,-0.07,-0.07,483,434,455,333,361
6.91,-7.21,-7.21,-0.01,-0.01,-0.01,483,434,455,333,361
4.66,-7.33,-7.33,0.27,0.27,0.27,483,434,455,333,361
6.29,-7.37,-7.37,0.34,0.34,0.34,483,434,455,333,360
5.43,-6.33,-6.33,-0.04,-0.04,-0.04,483,434,455,333,360
4.40,-6.42,-6.42,0.17,0.17,0.17,482,434,455,333,360
6.14,-6.43,-6.43,0.17,0.17,0.17,482,433,455,333,360
3.13,-5.74,-5.74,-0.01,-0.01,-0.01,483,434,454,333,360
6.75,-6.02,-6.02,0.29,0.29,0.29,482,433,454,333,359
3.24,-5.63,-5.63,0.39,0.39,0.39,483,433,454,333,359
3.98,-5.41,-5.41,0.02,0.02,0.02,482,432,454,333,359
4.73,-5.46,-5.46,0.20,0.20,0.20,482,432,453,333,359
3.37,-5.81,-5.81,0.28,0.28,0.28,482,432,453,333,360
2.51,-5.84,-5.84,-0.11,-0.11,-0.11,482,432,453,333,359
2.71,-6.12,-6.12,0.09,0.09,0.09,482,432,453,333,359
5.28,-5.79,-5.79,0.17,0.17,0.17,482,432,453,333,360
2.95,-5.99,-5.99,0.03,0.03,0.03,482,432,453,333,359
3.27,-6.70,-6.70,-0.05,-0.05,-0.05,482,432,453,333,359
3.59,-5.70,-5.70,0.01,0.01,0.01,482,433,453,333,359
3.88,-6.07,-6.07,0.03,0.03,0.03,482,433,453,333,359
3.62,-5.81,-5.81,-0.02,-0.02,-0.02,482,433,453,333,359
3.25,-6.68,-6.68,-0.08,-0.08,-0.08,482,434,454,333,358
3.65,-6.03,-6.03,-0.09,-0.09,-0.09,482,434,454,333,358
3.19,-6.01,-6.01,-0.06,-0.06,-0.06,482,434,454,333,358
4.00,-5.76,-5.76,0.08,0.08,0.08,482,433,454,333,358
3.94,-5.84,-5.84,0.02,0.02,0.02,482,433,454,333,358
3.19,-6.10,-6.10,0.24,0.24,0.24,483,434,454,333,358
3.78,-5.73,-5.73,0.01,0.01,0.01,482,434,454,333,358
3.61,-5.56,-5.56,0.07,0.07,0.07,482,433,454,333,358
3.90,-6.05,-6.05,0.07,0.07,0.07,482,433,454,333,358
END
3.48,-6.09,-6.09,-0.00,-0.00,-0.00,477,428,450,333,355
5.38,-7.12,-7.12,0.07,0.07,0.07,477,428,450,333,355
5.46,-7.63,-7.63,0.15,0.15,0.15,477,428,450,333,355
6.67,-8.33,-8.33,0.17,0.17,0.17,477,428,450,333,355
4.06,-7.78,-7.78,-0.12,-0.12,-0.12,477,428,450,333,355
6.19,-7.89,-7.89,-0.11,-0.11,-0.11,477,429,451,333,356
3.33,-7.93,-7.93,0.11,0.11,0.11,477,429,451,333,356
3.35,-6.93,-6.93,0.14,0.14,0.14,477,429,451,333,356
5.61,-7.14,-7.14,0.38,0.38,0.38,477,429,450,333,355
5.26,-8.21,-8.21,0.74,0.74,0.74,477,429,450,333,354
4.81,-7.69,-7.69,0.00,0.00,0.00,477,429,450,333,354
4.29,-7.09,-7.09,0.39,0.39,0.39,477,429,450,333,354
2.51,-6.13,-6.13,-0.04,-0.04,-0.04,478,430,450,333,355
4.44,-4.95,-4.95,0.27,0.27,0.27,477,429,450,333,355
1.74,-5.66,-5.66,0.27,0.27,0.27,479,430,450,332,355
4.44,-4.91,-4.91,0.19,0.19,0.19,478,429,450,332,354
1.65,-6.71,-6.71,0.12,0.12,0.12,479,430,451,333,354
2.00,-6.32,-6.32,-0.02,-0.02,-0.02,479,430,451,333,355
4.87,-5.97,-5.97,-0.18,-0.18,-0.18,478,429,451,333,355
1.06,-5.77,-5.77,0.03,0.03,0.03,478,429,451,333,355
3.73,-6.47,-6.47,0.27,0.27,0.27,478,429,450,333,355
1.62,-6.96,-6.96,0.03,0.03,0.03,478,429,450,333,355
4.24,-6.17,-6.17,0.23,0.23,0.23,477,429,450,333,355
2.40,-6.55,-6.55,-0.09,-0.09,-0.09,477,429,450,333,355
4.25,-6.75,-6.75,0.16,0.16,0.16,477,429,450,332,355
3.07,-6.42,-6.42,0.03,0.03,0.03,477,429,450,333,355
2.35,-6.45,-6.45,-0.11,-0.11,-0.11,477,429,450,332,354
2.60,-6.55,-6.55,0.21,0.21,0.21,478,429,450,333,355
3.65,-6.07,-6.07,0.15,0.15,0.15,478,430,450,333,355
2.59,-6.52,-6.52,-0.09,-0.09,-0.09,478,431,450,333,355
3.73,-6.40,-6.40,0.01,0.01,0.01,478,431,450,333,355
2.96,-6.05,-6.05,0.03,0.03,0.03,478,430,450,333,355
3.21,-6.36,-6.36,0.05,0.05,0.05,478,430,450,332,355
2.62,-6.31,-6.31,0.00,0.00,0.00,478,430,450,332,354
3.84,-5.95,-5.95,0.10,0.10,0.10,478,430,450,333,355
2.98,-6.23,-6.23,-0.07,-0.07,-0.07,478,430,450,333,355
2.89,-6.52,-6.52,0.03,0.03,0.03,477,430,450,333,354
3.35,-5.97,-5.97,0.11,0.11,0.11,477,430,450,332,355
2.30,-6.35,-6.35,0.05,0.05,0.05,478,430,450,333,355
3.04,-6.23,-6.23,0.08,0.08,0.08,478,430,450,333,355
3.53,-5.73,-5.73,0.10,0.10,0.10,478,430,450,333,355
END
2.56,-6.55,-6.55,-0.16,-0.16,-0.16,474,427,447,333,352
4.90,-7.72,-7.72,0.14,0.14,0.14,474,427,447,333,352
5.16,-8.13,-8.13,0.12,0.12,0.12,474,427,447,333,352
5.90,-8.18,-8.18,0.19,0.19,0.19,474,426,447,333,352
2.97,-7.95,-7.95,0.02,0.02,0.02,473,427,447,333,352
3.56,-7.93,-7.93,0.40,0.40,0.40,473,427,446,333,352
5.29,-8.76,-8.76,0.25,0.25,0.25,472,427,446,333,352
5.13,-8.28,-8.28,0.33,0.33,0.33,472,427,446,333,352
6.10,-6.51,-6.51,0.30,0.30,0.30,471,426,446,333,352
3.96,-5.81,-5.81,0.32,0.32,0.32,471,425,446,333,353
4.24,-3.56,-3.56,-0.49,-0.49,-0.49,469,424,446,333,353
5.71,-4.64,-4.64,0.44,0.44,0.44,469,424,445,333,353
1.50,-6.02,-6.02,0.74,0.74,0.74,470,424,445,333,353
1.69,-6.32,-6.32,-0.06,-0.06,-0.06,470,424,445,333,353
5.22,-5.96,-5.96,-0.01,-0.01,-0.01,469,424,445,333,354
2.92,-7.47,-7.47,0.18,0.18,0.18,471,425,445,333,354
5.02,-8.48,-8.48,0.18,0.18,0.18,470,425,445,333,354
-0.55,-6.82,-6.82,-0.19,-0.19,-0.19,472,425,445,333,354
6.54,-6.94,-6.94,0.06,0.06,0.06,470,425,445,333,354
1.08,-6.16,-6.16,-0.01,-0.01,-0.01,472,425,445,333,354
4.03,-7.01,-7.01,0.09,0.09,0.09,471,425,445,332,354
2.43,-6.83,-6.83,0.03,0.03,0.03,471,425,445,333,354
3.35,-6.57,-6.57,0.03,0.03,0.03,471,425,445,333,354
3.36,-6.70,-6.70,-0.02,-0.02,-0.02,470,425,445,333,354
3.47,-7.01,-7.01,0.08,0.08,0.08,470,425,445,333,354
2.68,-6.86,-6.86,0.00,0.00,0.00,470,424,445,333,354
3.68,-6.84,-6.84,-0.01,-0.01,-0.01,470,425,445,333,354
4.07,-6.70,-6.70,0.07,0.07,0.07,471,425,446,333,354
3.12,-6.73,-6.73,-0.01,-0.01,-0.01,472,426,446,333,354
2.30,-7.15,-7.15,0.03,0.03,0.03,473,426,446,333,354
3.20,-6.85,-6.85,0.06,0.06,0.06,472,426,446,333,354
3.00,-6.81,-6.81,-0.02,-0.02,-0.02,472,426,446,333,354
2.63,-6.68,-6.68,0.08,0.08,0.08,472,426,446,333,354
3.72,-6.41,-6.41,0.06,0.06,0.06,472,426,446,333,354
2.97,-6.99,-6.99,0.02,0.02,0.02,472,426,446,333,354
2.89,-6.63,-6.63,0.13,0.13,0.13,472,426,446,333,353
3.73,-6.62,-6.62,0.08,0.08,0.08,472,425,446,333,353
2.97,-7.03,-7.03,-0.03,-0.03,-0.03,472,426,446,333,354
2.94,-6.47,-6.47,0.07,0.07,0.07,472,425,446,332,354
2.72,-6.69,-6.69,-0.09,-0.09,-0.09,471,425,445,333,354
2.81,-6.70,-6.70,0.03,0.03,0.03,472,425,446,333,354
END
2.89,-6.50,-6.50,0.05,0.05,0.05,471,425,445,333,351
5.55,-7.05,-7.05,0.16,0.16,0.16,471,425,445,333,351
5.43,-7.25,-7.25,0.36,0.36,0.36,471,425,445,333,351
4.16,-7.64,-7.64,0.02,0.02,0.02,470,425,445,332,351
5.38,-9.53,-9.53,0.51,0.51,0.51,470,425,445,333,351
6.22,-10.09,-10.09,-0.12,-0.12,-0.12,470,425,445,333,352
4.08,-8.31,-8.31,-0.18,-0.18,-0.18,470,425,445,333,352
8.33,-6.66,-6.66,0.52,0.52,0.52,467,423,445,333,352
1.68,-5.36,-5.36,0.04,0.04,0.04,467,424,446,333,354
3.57,-3.40,-3.40,-0.28,-0.28,-0.28,467,423,446,333,354
9.07,-5.60,-5.60,0.65,0.65,0.65,466,423,445,333,353
-2.73,-6.14,-6.14,0.63,0.63,0.63,468,424,445,333,353
4.50,-5.79,-5.79,-0.25,-0.25,-0.25,466,423,444,333,353
1.34,-6.14,-6.14,0.09,0.09,0.09,467,423,444,333,353
4.44,-7.12,-7.12,0.24,0.24,0.24,466,423,444,333,353
1.78,-6.62,-6.62,-0.01,-0.01,-0.01,467,423,444,333,353
3.29,-6.79,-6.79,-0.16,-0.16,-0.16,466,423,444,332,353
5.10,-7.03,-7.03,0.25,0.25,0.25,466,423,444,332,353
2.46,-6.79,-6.79,0.19,0.19,0.19,467,423,444,333,353
3.73,-6.89,-6.89,-0.17,-0.17,-0.17,466,423,444,333,353
4.13,-6.67,-6.67,0.03,0.03,0.03,466,423,444,333,353
4.54,-6.38,-6.38,0.10,0.10,0.10,467,423,444,333,354
4.76,-6.00,-6.00,0.33,0.33,0.33,468,423,445,333,354
3.00,-7.03,-7.03,-0.10,-0.10,-0.10,468,423,444,333,354
3.37,-6.59,-6.59,0.10,0.10,0.10,468,423,444,333,354
4.44,-6.28,-6.28,0.13,0.13,0.13,468,423,444,333,354
3.27,-6.31,-6.31,0.04,0.04,0.04,468,423,444,333,354
4.17,-6.55,-6.55,-0.08,-0.08,-0.08,468,423,444,333,354
3.34,-6.58,-6.58,0.05,0.05,0.05,469,423,445,333,355
3.47,-6.63,-6.63,0.02,0.02,0.02,468,423,444,333,355
4.20,-6.66,-6.66,-0.02,-0.02,-0.02,468,423,444,333,356
3.56,-6.78,-6.78,0.17,0.17,0.17,469,423,444,333,356
3.57,-6.39,-6.39,0.03,0.03,0.03,469,423,444,333,356
3.68,-6.55,-6.55,-0.01,-0.01,-0.01,469,423,444,333,356
4.03,-6.49,-6.49,0.07,0.07,0.07,468,423,444,333,356
4.21,-6.34,-6.34,0.07,0.07,0.07,468,423,444,333,356
3.70,-6.70,-6.70,-0.00,-0.00,-0.00,468,423,444,332,356
3.80,-6.60,-6.60,0.08,0.08,0.08,468,423,444,333,355
4.49,-6.56,-6.56,-0.03,-0.03,-0.03,468,423,444,333,356
3.34,-6.79,-6.79,0.03,0.03,0.03,468,423,444,333,356
3.67,-6.38,-6.38,0.01,0.01,0.01,468,423,444,333,355
END
3.91,-6.37,-6.37,-0.00,-0.00,-0.00,468,424,444,333,352
5.28,-7.24,-7.24,0.08,0.08,0.08,467,424,445,333,352
3.42,-7.85,-7.85,-0.16,-0.16,-0.16,467,423,445,333,352
2.15,-8.41,-8.41,-0.04,-0.04,-0.04,467,423,445,333,352
6.99,-8.43,-8.43,0.58,0.58,0.58,466,423,445,333,352
4.66,-7.44,-7.44,0.04,0.04,0.04,465,422,445,333,352
4.14,-7.43,-7.43,-0.23,-0.23,-0.23,465,422,445,333,352
2.72,-5.19,-5.19,0.10,0.10,0.10,465,421,444,333,352
6.02,-7.14,-7.14,1.03,1.03,1.03,463,420,444,333,352
-2.97,-7.68,-7.68,0.16,0.16,0.16,465,421,445,333,352
9.79,-7.16,-7.16,-0.03,-0.03,-0.03,463,420,444,333,352
2.38,-5.50,-5.50,-0.16,-0.16,-0.16,468,422,444,333,354
3.46,-6.40,-6.40,0.11,0.11,0.11,467,421,444,333,353
2.76,-6.78,-6.78,-0.02,-0.02,-0.02,466,421,444,333,353
2.09,-6.75,-6.75,0.17,0.17,0.17,466,421,444,333,353
3.09,-6.94,-6.94,-0.07,-0.07,-0.07,465,421,444,333,353
4.35,-7.19,-7.19,0.06,0.06,0.06,465,421,444,333,353
5.15,-6.68,-6.68,0.16,0.16,0.16,465,422,444,333,353
4.06,-7.02,-7.02,0.14,0.14,0.14,465,422,444,333,353
3.55,-7.15,-7.15,-0.10,-0.10,-0.10,465,422,444,333,353
4.08,-6.63,-6.63,0.02,0.02,0.02,465,421,444,333,354
4.81,-6.59,-6.59,-0.10,-0.10,-0.10,465,421,444,333,354
4.39,-6.76,-6.76,0.04,0.04,0.04,464,421,444,333,354
3.71,-6.55,-6.55,0.02,0.02,0.02,464,421,444,333,354
4.07,-6.40,-6.40,-0.04,-0.04,-0.04,464,421,444,333,354
4.54,-6.70,-6.70,0.11,0.11,0.11,464,421,444,333,354
3.75,-6.51,-6.51,0.03,0.03,0.03,464,421,444,333,354
3.91,-6.96,-6.96,-0.00,-0.00,-0.00,464,421,444,333,354
4.72,-6.78,-6.78,0.18,0.18,0.18,464,421,444,333,354
3.33,-6.88,-6.88,-0.07,-0.07,-0.07,464,421,444,333,354
3.89,-6.96,-6.96,0.07,0.07,0.07,464,421,444,333,354
4.06,-6.65,-6.65,0.02,0.02,0.02,464,421,444,333,353
4.10,-6.70,-6.70,0.02,0.02,0.02,464,421,444,333,354
3.55,-6.88,-6.88,0.05,0.05,0.05,464,421,444,333,354
4.01,-6.81,-6.81,0.01,0.01,0.01,464,421,444,333,354
4.05,-6.67,-6.67,0.05,0.05,0.05,464,421,444,333,354
3.59,-6.76,-6.76,0.08,0.08,0.08,464,421,444,333,354
4.05,-6.69,-6.69,-0.07,-0.07,-0.07,464,421,444,333,354
3.80,-6.95,-6.95,0.06,0.06,0.06,464,421,444,333,354
3.93,-6.65,-6.65,0.04,0.04,0.04,464,421,444,333,354
3.99,-6.91,-6.91,-0.06,-0.06,-0.06,464,421,444,332,354
END
3.77,-6.50,-6.50,0.06,0.06,0.06,462,420,445,333,358
5.16,-7.54,-7.54,-0.01,-0.01,-0.01,462,420,444,333,358
6.28,-7.80,-7.80,0.16,0.16,0.16,462,419,444,333,357
5.02,-7.19,-7.19,0.03,0.03,0.03,462,419,445,333,357
6.58,-8.28,-8.28,0.24,0.24,0.24,462,419,445,333,357
5.19,-8.20,-8.20,0.08,0.08,0.08,462,419,445,333,356
5.84,-8.11,-8.11,0.24,0.24,0.24,462,419,445,333,356
4.28,-7.86,-7.86,0.18,0.18,0.18,461,420,445,333,358
6.84,-6.96,-6.96,0.45,0.45,0.45,461,420,446,333,358
3.01,-6.58,-6.58,0.39,0.39,0.39,461,420,446,333,357
3.06,-6.17,-6.17,0.32,0.32,0.32,460,419,446,333,357
5.36,-2.15,-2.15,-0.35,-0.35,-0.35,459,418,444,333,357
7.37,-5.18,-5.18,-0.15,-0.15,-0.15,459,418,444,333,356
4.86,-5.61,-5.61,0.37,0.37,0.37,460,419,444,333,356
0.05,-6.18,-6.18,-0.21,-0.21,-0.21,461,420,445,333,356
3.65,-5.72,-5.72,-0.25,-0.25,-0.25,460,420,445,333,356
2.79,-6.73,-6.73,0.04,0.04,0.04,461,420,444,333,356
5.53,-7.14,-7.14,0.18,0.18,0.18,460,420,444,333,356
2.97,-7.71,-7.71,-0.06,-0.06,-0.06,460,419,444,333,355
4.27,-6.70,-6.70,0.05,0.05,0.05,459,419,444,333,355
3.80,-6.15,-6.15,0.07,0.07,0.07,459,419,444,333,356
4.88,-6.45,-6.45,0.05,0.05,0.05,460,419,444,332,356
2.84,-7.07,-7.07,0.05,0.05,0.05,460,419,444,333,355
6.17,-7.08,-7.08,0.10,0.10,0.10,460,419,444,333,355
3.91,-7.09,-7.09,0.08,0.08,0.08,461,421,444,333,355
3.65,-7.03,-7.03,0.04,0.04,0.04,463,421,444,333,355
4.26,-6.60,-6.60,0.01,0.01,0.01,463,421,443,333,355
3.13,-7.43,-7.43,-0.11,-0.11,-0.11,463,421,443,333,356
4.19,-6.62,-6.62,0.12,0.12,0.12,462,421,443,333,356
3.88,-6.65,-6.65,0.06,0.06,0.06,462,420,443,333,356
3.00,-7.37,-7.37,0.02,0.02,0.02,462,420,443,333,355
4.42,-7.13,-7.13,0.10,0.10,0.10,462,420,443,333,355
3.96,-6.68,-6.68,0.03,0.03,0.03,461,420,443,333,355
3.19,-7.16,-7.16,0.05,0.05,0.05,462,420,443,333,355
4.59,-6.65,-6.65,0.00,0.00,0.00,461,420,443,333,356
3.93,-6.77,-6.77,0.06,0.06,0.06,461,420,443,333,355
3.97,-6.81,-6.81,0.04,0.04,0.04,461,420,443,333,355
3.77,-7.21,-7.21,0.06,0.06,0.06,461,420,443,333,355
4.59,-6.85,-6.85,0.06,0.06,0.06,461,420,443,333,355
4.24,-7.12,-7.12,-0.03,-0.03,-0.03,461,420,443,333,355
3.31,-7.09,-7.09,-0.00,-0.00,-0.00,461,420,443,333,355
END
4.08,-6.98,-6.98,0.01,0.01,0.01,462,422,445,333,356
6.17,-8.48,-8.48,0.07,0.07,0.07,462,422,444,333,356
6.30,-8.14,-8.14,-0.00,-0.00,-0.00,462,422,444,333,356
4.25,-7.73,-7.73,0.07,0.07,0.07,462,422,444,333,355
4.67,-7.61,-7.61,0.14,0.14,0.14,462,422,443,333,355
4.67,-7.80,-7.80,0.30,0.30,0.30,462,422,443,333,355
6.00,-8.15,-8.15,0.32,0.32,0.32,462,422,443,333,355
3.27,-7.17,-7.17,-0.19,-0.19,-0.19,462,423,444,333,355
1.85,-4.13,-4.13,0.65,0.65,0.65,462,424,444,333,355
13.59,-2.61,-2.61,0.78,0.78,0.78,459,421,444,334,355
-0.92,-7.54,-7.54,0.13,0.13,0.13,463,423,444,333,354
3.37,-5.07,-5.07,-0.13,-0.13,-0.13,462,422,444,333,354
8.21,-5.67,-5.67,0.05,0.05,0.05,461,422,444,333,354
2.73,-5.97,-5.97,-0.07,-0.07,-0.07,462,422,443,334,354
1.74,-7.75,-7.75,-0.04,-0.04,-0.04,461,422,444,333,354
4.92,-7.00,-7.00,-0.15,-0.15,-0.15,460,422,444,333,354
4.01,-6.93,-6.93,0.15,0.15,0.15,461,422,443,333,354
6.20,-6.85,-6.85,0.14,0.14,0.14,460,422,443,333,354
3.29,-7.72,-7.72,-0.12,-0.12,-0.12,461,422,444,333,354
4.41,-7.24,-7.24,0.04,0.04,0.04,460,422,444,333,354
5.78,-6.63,-6.63,0.03,0.03,0.03,460,422,443,333,354
3.35,-7.11,-7.11,0.07,0.07,0.07,460,422,444,333,354
4.49,-7.19,-7.19,0.06,0.06,0.06,460,422,444,333,354
3.91,-6.98,-6.98,0.02,0.02,0.02,460,422,444,333,354
5.51,-7.04,-7.04,0.02,0.02,0.02,460,422,444,333,354
3.61,-7.27,-7.27,-0.00,-0.00,-0.00,460,422,444,333,354
3.82,-7.07,-7.07,0.06,0.06,0.06,460,422,444,333,354
4.81,-6.92,-6.92,0.01,0.01,0.01,460,422,444,333,354
4.57,-7.02,-7.02,-0.00,-0.00,-0.00,460,422,444,333,354
3.45,-7.12,-7.12,-0.06,-0.06,-0.06,460,422,444,333,354
4.97,-7.08,-7.08,0.03,0.03,0.03,460,422,444,333,354
4.62,-6.94,-6.94,0.01,0.01,0.01,460,422,444,333,354
5.50,-7.11,-7.11,0.02,0.02,0.02,460,422,444,333,354
5.16,-7.11,-7.11,0.00,0.00,0.00,459,421,444,333,354
4.52,-6.96,-6.96,0.03,0.03,0.03,459,421,443,333,354
4.16,-6.97,-6.97,0.01,0.01,0.01,459,421,443,333,354
4.01,-7.28,-7.28,0.06,0.06,0.06,459,421,444,333,354
4.59,-7.11,-7.11,0.01,0.01,0.01,459,421,444,333,354
4.11,-7.11,-7.11,0.00,0.00,0.00,459,421,443,333,354
3.88,-7.11,-7.11,0.06,0.06,0.06,459,421,443,333,354
4.03,-7.02,-7.02,0.01,0.01,0.01,459,421,443,333,354
END
4.36,-6.93,-6.93,-0.00,-0.00,-0.00,463,423,442,333,352
4.87,-7.35,-7.35,0.11,0.11,0.11,463,422,443,333,353
5.77,-7.63,-7.63,0.29,0.29,0.29,463,423,444,333,353
5.34,-8.08,-8.08,0.09,0.09,0.09,462,423,445,333,354
5.09,-8.30,-8.30,0.14,0.14,0.14,462,422,444,333,354
4.82,-8.58,-8.58,0.11,0.11,0.11,462,422,444,333,354
6.02,-9.20,-9.20,0.26,0.26,0.26,462,423,444,333,354
4.20,-8.20,-8.20,-0.00,-0.00,-0.00,462,423,444,333,353
3.19,-7.87,-7.87,0.45,0.45,0.45,462,423,444,333,353
4.98,-7.16,-7.16,-0.00,-0.00,-0.00,460,422,443,333,353
6.06,-5.36,-5.36,0.14,0.14,0.14,461,422,443,334,352
4.97,-5.32,-5.32,0.05,0.05,0.05,460,421,443,334,352
2.58,-4.50,-4.50,0.21,0.21,0.21,463,423,443,334,351
6.85,-6.16,-6.16,0.11,0.11,0.11,462,422,443,334,351
0.44,-7.04,-7.04,-0.20,-0.20,-0.20,464,423,443,334,351
0.97,-6.94,-6.94,-0.16,-0.16,-0.16,463,422,443,334,351
5.28,-6.21,-6.21,-0.01,-0.01,-0.01,462,422,443,334,351
5.30,-6.92,-6.92,0.06,0.06,0.06,462,422,443,334,351
2.79,-8.00,-8.00,0.03,0.03,0.03,462,422,443,334,351
4.50,-7.16,-7.16,-0.13,-0.13,-0.13,461,422,443,334,351
4.30,-6.98,-6.98,0.02,0.02,0.02,461,422,443,334,351
4.65,-7.01,-7.01,0.08,0.08,0.08,461,422,443,334,351
3.27,-7.50,-7.50,-0.12,-0.12,-0.12,461,422,443,334,350
5.01,-7.08,-7.08,0.03,0.03,0.03,461,422,443,334,351
4.36,-6.91,-6.91,0.06,0.06,0.06,462,422,443,334,350
2.88,-7.67,-7.67,0.02,0.02,0.02,462,422,443,334,350
4.26,-7.58,-7.58,0.00,0.00,0.00,461,422,443,334,350
3.63,-7.38,-7.38,0.01,0.01,0.01,461,422,443,334,351
3.55,-7.17,-7.17,0.13,0.13,0.13,461,422,443,334,351
3.70,-7.42,-7.42,0.00,0.00,0.00,461,422,443,334,351
3.73,-7.24,-7.24,-0.04,-0.04,-0.04,461,422,443,334,351
4.40,-7.07,-7.07,0.17,0.17,0.17,461,422,443,334,351
3.40,-7.52,-7.52,-0.08,-0.08,-0.08,461,422,443,334,351
3.76,-6.84,-6.84,0.06,0.06,0.06,461,422,443,334,351
4.36,-6.81,-6.81,0.03,0.03,0.03,461,422,443,334,351
3.60,-7.53,-7.53,0.01,0.01,0.01,461,422,443,333,351
4.06,-7.37,-7.37,0.03,0.03,0.03,462,422,443,334,351
3.52,-7.33,-7.33,0.05,0.05,0.05,461,422,442,333,351
4.07,-7.19,-7.19,0.07,0.07,0.07,461,422,443,334,351
3.77,-7.14,-7.14,-0.04,-0.04,-0.04,461,422,442,333,351
3.28,-7.21,-7.21,-0.00,-0.00,-0.00,461,422,442,333,351
END
5.13,-7.00,-7.00,-0.01,-0.01,-0.01,459,420,440,333,348
6.02,-7.41,-7.41,0.06,0.06,0.06,459,419,439,333,348
5.13,-7.83,-7.83,0.10,0.10,0.10,459,420,439,333,348
4.92,-7.63,-7.63,-0.01,-0.01,-0.01,459,420,439,333,348
5.10,-7.65,-7.65,0.06,0.06,0.06,459,420,439,333,348
5.94,-7.81,-7.81,0.08,0.08,0.08,459,419,439,333,348
5.46,-8.76,-8.76,0.05,0.05,0.05,460,420,439,333,348
5.15,-9.00,-9.00,0.11,0.11,0.11,460,420,440,333,348
5.24,-10.38,-10.38,-0.05,-0.05,-0.05,460,420,440,333,348
2.05,-9.24,-9.24,-0.02,-0.02,-0.02,461,421,441,333,348
7.51,-6.94,-6.94,0.65,0.65,0.65,459,420,440,333,347
4.56,-6.59,-6.59,0.35,0.35,0.35,459,419,440,333,347
2.02,-5.27,-5.27,0.09,0.09,0.09,459,419,440,333,347
3.22,-5.28,-5.28,0.37,0.37,0.37,458,419,440,333,347
4.39,-5.03,-5.03,0.47,0.47,0.47,459,420,440,333,347
3.19,-6.63,-6.63,-0.13,-0.13,-0.13,460,421,440,333,348
4.11,-6.09,-6.09,-0.28,-0.28,-0.28,459,420,440,333,348
2.46,-7.39,-7.39,-0.01,-0.01,-0.01,460,420,440,333,348
4.13,-7.62,-7.62,0.14,0.14,0.14,460,420,440,333,348
1.79,-8.05,-8.05,-0.04,-0.04,-0.04,460,420,440,333,348
4.95,-6.50,-6.50,0.04,0.04,0.04,459,420,440,334,348
3.98,-7.47,-7.47,0.17,0.17,0.17,460,420,441,334,348
3.43,-7.33,-7.33,0.05,0.05,0.05,460,420,441,333,348
3.57,-7.89,-7.89,-0.01,-0.01,-0.01,460,420,441,334,348
4.13,-7.59,-7.59,0.06,0.06,0.06,459,420,440,333,348
3.74,-7.26,-7.26,0.05,0.05,0.05,459,420,440,334,348
3.04,-7.47,-7.47,0.01,0.01,0.01,459,420,440,334,348
4.22,-7.56,-7.56,0.04,0.04,0.04,459,420,440,333,349
3.80,-7.52,-7.52,-0.02,-0.02,-0.02,459,420,440,335,348
4.67,-7.39,-7.39,-0.01,-0.01,-0.01,459,420,440,333,348
4.44,-7.09,-7.09,-0.00,-0.00,-0.00,459,420,440,333,348
4.09,-7.20,-7.20,-0.01,-0.01,-0.01,459,420,440,334,348
4.21,-7.22,-7.22,0.06,0.06,0.06,459,420,440,333,348
3.29,-7.21,-7.21,0.07,0.07,0.07,459,420,440,333,348
4.08,-7.07,-7.07,0.14,0.14,0.14,459,420,440,333,348
4.34,-7.54,-7.54,-0.04,-0.04,-0.04,459,420,440,333,348
3.78,-7.65,-7.65,0.15,0.15,0.15,459,420,440,332,348
4.22,-7.30,-7.30,0.03,0.03,0.03,459,420,440,333,348
3.85,-7.62,-7.62,-0.03,-0.03,-0.03,459,420,440,333,348
4.24,-7.16,-7.16,0.12,0.12,0.12,459,420,440,333,349
3.53,-7.47,-7.47,-0.01,-0.01,-0.01,460,421,440,333,349
END
3.61,-7.50,-7.50,-0.04,-0.04,-0.04,459,421,440,334,349
5.35,-7.86,-7.86,0.03,0.03,0.03,459,421,440,333,349
5.43,-7.92,-7.92,0.04,0.04,0.04,459,421,440,333,349
5.59,-7.51,-7.51,0.00,0.00,0.00,459,421,439,333,349
5.39,-7.22,-7.22,0.08,0.08,0.08,459,421,439,333,349
5.51,-7.48,-7.48,0.07,0.07,0.07,459,420,439,333,349
5.84,-8.28,-8.28,0.17,0.17,0.17,459,421,439,333,349
5.24,-8.84,-8.84,-0.03,-0.03,-0.03,459,420,438,333,349
5.49,-9.20,-9.20,0.18,0.18,0.18,458,420,440,333,348
3.16,-8.94,-8.94,0.28,0.28,0.28,459,421,442,333,345
5.48,-7.82,-7.82,0.68,0.68,0.68,459,421,441,333,345
5.53,-8.42,-8.42,0.44,0.44,0.44,459,421,440,333,345
4.70,-7.68,-7.68,0.00,0.00,0.00,458,420,439,333,345
5.33,-5.38,-5.38,0.08,0.08,0.08,458,421,439,334,345
4.72,-4.44,-4.44,0.78,0.78,0.78,458,421,438,334,345
2.53,-4.83,-4.83,0.03,0.03,0.03,459,421,438,334,345
2.69,-6.80,-6.80,-0.30,-0.30,-0.30,460,421,438,334,346
-1.48,-6.74,-6.74,-0.04,-0.04,-0.04,464,422,438,334,345
4.27,-5.14,-5.14,0.06,0.06,0.06,462,422,438,334,346
3.73,-7.01,-7.01,0.08,0.08,0.08,462,422,438,333,345
3.39,-7.65,-7.65,0.12,0.12,0.12,461,422,438,334,346
2.24,-7.80,-7.80,-0.00,-0.00,-0.00,461,422,438,334,346
4.45,-7.03,-7.03,0.02,0.02,0.02,461,421,438,334,346
3.65,-7.51,-7.51,0.15,0.15,0.15,461,421,438,334,346
3.52,-7.43,-7.43,-0.06,-0.06,-0.06,460,421,438,334,346
2.38,-7.53,-7.53,-0.05,-0.05,-0.05,460,421,438,334,346
4.69,-6.52,-6.52,0.06,0.06,0.06,460,421,437,334,346
2.49,-7.52,-7.52,-0.01,-0.01,-0.01,460,421,437,334,346
3.19,-7.64,-7.64,-0.01,-0.01,-0.01,460,421,437,334,346
3.26,-6.96,-6.96,0.01,0.01,0.01,460,421,437,334,346
4.03,-7.18,-7.18,0.02,0.02,0.02,460,421,437,333,346
2.83,-7.43,-7.43,0.05,0.05,0.05,460,421,437,334,346
3.97,-7.47,-7.47,-0.02,-0.02,-0.02,459,421,438,334,346
2.79,-7.42,-7.42,0.01,0.01,0.01,459,420,437,334,346
3.89,-7.26,-7.26,0.04,0.04,0.04,459,421,437,334,346
2.67,-7.38,-7.38,0.03,0.03,0.03,459,421,437,334,346
3.13,-7.40,-7.40,-0.01,-0.01,-0.01,459,421,438,334,346
3.75,-7.03,-7.03,0.03,0.03,0.03,459,421,437,333,346
2.97,-7.07,-7.07,0.02,0.02,0.02,459,421,437,333,346
3.37,-7.13,-7.13,0.04,0.04,0.04,459,421,437,333,346
3.46,-6.81,-6.81,0.16,0.16,0.16,459,422,437,332,346
END
3.26,-8.30,-8.30,-0.16,-0.16,-0.16,460,421,436,333,344
5.21,-7.82,-7.82,-0.01,-0.01,-0.01,460,421,436,333,344
5.25,-7.70,-7.70,0.04,0.04,0.04,460,421,436,333,344
5.16,-7.82,-7.82,0.05,0.05,0.05,460,421,435,333,344
5.16,-7.81,-7.81,0.02,0.02,0.02,460,421,435,333,344
5.30,-7.62,-7.62,0.08,0.08,0.08,459,421,435,333,344
5.54,-7.65,-7.65,0.04,0.04,0.04,459,421,435,333,344
5.33,-7.93,-7.93,0.19,0.19,0.19,460,421,435,333,345
5.45,-8.36,-8.36,0.08,0.08,0.08,459,421,435,333,344
4.26,-8.89,-8.89,0.12,0.12,0.12,460,421,436,333,344
3.61,-8.66,-8.66,0.05,0.05,0.05,459,421,436,333,344
5.74,-8.25,-8.25,0.34,0.34,0.34,459,421,436,333,344
4.64,-8.76,-8.76,-0.03,-0.03,-0.03,459,421,436,333,344
5.58,-8.03,-8.03,0.48,0.48,0.48,459,421,436,333,344
4.51,-7.29,-7.29,0.21,0.21,0.21,458,420,437,333,344
2.18,-6.40,-6.40,-0.26,-0.26,-0.26,459,420,436,333,345
0.57,-4.76,-4.76,0.22,0.22,0.22,461,421,437,333,345
9.56,-4.42,-4.42,0.49,0.49,0.49,457,419,436,333,345
4.79,-6.07,-6.07,0.50,0.50,0.50,459,420,436,333,345
0.83,-5.86,-5.86,-0.71,-0.71,-0.71,459,420,436,333,346
3.12,-6.49,-6.49,0.47,0.47,0.47,462,421,436,333,346
2.99,-8.19,-8.19,0.17,0.17,0.17,460,420,436,333,346
3.10,-8.03,-8.03,0.13,0.13,0.13,460,420,436,333,346
2.77,-8.36,-8.36,0.02,0.02,0.02,460,420,436,333,346
4.62,-7.71,-7.71,-0.01,-0.01,-0.01,459,420,436,333,346
3.16,-8.05,-8.05,0.01,0.01,0.01,459,420,436,333,345
3.04,-7.46,-7.46,-0.03,-0.03,-0.03,459,420,436,333,346
4.40,-7.26,-7.26,0.07,0.07,0.07,459,420,436,332,345
3.20,-7.25,-7.25,0.07,0.07,0.07,459,420,435,333,345
3.19,-7.70,-7.70,0.01,0.01,0.01,459,420,435,333,345
3.81,-7.85,-7.85,-0.00,-0.00,-0.00,458,420,435,333,345
3.76,-7.24,-7.24,-0.00,-0.00,-0.00,458,420,435,333,345
2.30,-7.54,-7.54,0.00,0.00,0.00,458,419,435,333,345
3.73,-7.49,-7.49,0.01,0.01,0.01,458,420,435,333,345
3.67,-7.52,-7.52,0.06,0.06,0.06,458,419,435,333,345
2.81,-7.53,-7.53,-0.00,-0.00,-0.00,458,419,435,333,345
4.54,-7.57,-7.57,0.03,0.03,0.03,458,419,435,333,345
3.80,-7.41,-7.41,0.03,0.03,0.03,458,419,435,333,345
3.73,-7.33,-7.33,-0.02,-0.02,-0.02,458,419,435,333,345
4.09,-7.28,-7.28,0.05,0.05,0.05,458,419,435,333,345
3.65,-7.16,-7.16,0.02,0.02,0.02,458,419,435,333,345
END
3.77,-7.79,-7.79,0.06,0.06,0.06,457,419,434,333,344
5.16,-8.42,-8.42,0.13,0.13,0.13,457,421,434,333,344
5.81,-8.49,-8.49,0.12,0.12,0.12,457,421,435,333,344
4.69,-8.10,-8.10,0.05,0.05,0.05,457,421,435,333,345
5.49,-7.85,-7.85,0.05,0.05,0.05,457,421,435,333,345
3.19,-8.58,-8.58,0.14,0.14,0.14,458,421,436,333,345
4.31,-8.30,-8.30,0.18,0.18,0.18,457,421,436,333,346
3.34,-7.70,-7.70,0.11,0.11,0.11,457,421,435,333,346
5.93,-8.81,-8.81,0.36,0.36,0.36,457,421,436,333,346
2.31,-8.39,-8.39,-0.27,-0.27,-0.27,457,421,436,333,348
2.87,-7.02,-7.02,-0.09,-0.09,-0.09,456,421,435,333,351
8.53,-5.18,-5.18,0.53,0.53,0.53,455,420,435,334,352
3.77,-7.26,-7.26,0.64,0.64,0.64,458,421,435,333,350
0.18,-8.59,-8.59,-0.35,-0.35,-0.35,456,420,435,333,351
4.02,-5.46,-5.46,-0.07,-0.07,-0.07,457,420,435,333,350
6.90,-6.68,-6.68,0.23,0.23,0.23,456,420,435,333,350
-0.70,-7.77,-7.77,0.02,0.02,0.02,458,421,434,333,350
3.02,-6.98,-6.98,-0.25,-0.25,-0.25,456,420,434,333,350
4.16,-7.42,-7.42,0.12,0.12,0.12,456,420,434,333,350
2.34,-7.81,-7.81,0.10,0.10,0.10,456,420,434,333,351
2.85,-8.43,-8.43,-0.11,-0.11,-0.11,456,420,434,333,350
3.37,-8.10,-8.10,-0.04,-0.04,-0.04,456,420,434,333,350
3.32,-7.40,-7.40,-0.01,-0.01,-0.01,456,420,435,333,350
3.29,-8.07,-8.07,0.04,0.04,0.04,456,420,434,333,350
2.97,-8.04,-8.04,0.00,0.00,0.00,456,420,435,333,351
3.15,-7.63,-7.63,-0.04,-0.04,-0.04,456,420,435,333,351
4.79,-7.21,-7.21,0.09,0.09,0.09,456,420,435,333,351
2.84,-7.92,-7.92,0.07,0.07,0.07,456,420,435,333,351
3.52,-7.86,-7.86,0.05,0.05,0.05,456,420,435,333,351
3.69,-7.95,-7.95,0.00,0.00,0.00,455,420,435,333,350
3.42,-8.02,-8.02,0.03,0.03,0.03,456,420,435,333,350
3.31,-7.84,-7.84,0.01,0.01,0.01,456,420,435,333,350
3.57,-7.65,-7.65,-0.02,-0.02,-0.02,456,420,435,333,350
3.27,-7.69,-7.69,0.04,0.04,0.04,456,420,435,333,350
3.31,-7.67,-7.67,-0.01,-0.01,-0.01,455,420,435,333,350
2.86,-7.98,-7.98,0.04,0.04,0.04,456,420,435,333,350
3.65,-7.83,-7.83,0.05,0.05,0.05,456,420,435,333,350
3.18,-7.94,-7.94,0.02,0.02,0.02,455,420,435,333,350
3.30,-8.10,-8.10,0.05,0.05,0.05,456,420,435,333,350
3.54,-7.76,-7.76,0.01,0.01,0.01,456,420,435,333,350
3.15,-7.90,-7.90,0.01,0.01,0.01,455,420,434,333,350
END
3.24,-7.90,-7.90,0.05,0.05,0.05,455,419,435,333,347
5.02,-8.22,-8.22,0.08,0.08,0.08,455,419,435,334,347
5.46,-8.31,-8.31,0.09,0.09,0.09,455,419,435,333,348
4.95,-8.14,-8.14,-0.01,-0.01,-0.01,455,420,436,333,348
4.34,-7.37,-7.37,0.15,0.15,0.15,456,420,435,333,349
4.90,-8.21,-8.21,0.27,0.27,0.27,456,420,435,333,349
4.69,-8.41,-8.41,0.23,0.23,0.23,456,420,435,333,348
6.02,-7.85,-7.85,0.23,0.23,0.23,456,420,435,333,348
8.27,-8.13,-8.13,0.22,0.22,0.22,456,419,435,333,349
5.19,-7.50,-7.50,0.29,0.29,0.29,456,419,435,333,349
3.52,-7.90,-7.90,0.21,0.21,0.21,457,419,436,333,351
3.99,-6.63,-6.63,-0.09,-0.09,-0.09,459,421,436,333,352
3.72,-6.19,-6.19,0.21,0.21,0.21,460,421,436,333,353
6.08,-5.99,-5.99,0.33,0.33,0.33,459,421,436,333,353
5.61,-6.94,-6.94,0.37,0.37,0.37,458,421,436,333,352
2.53,-5.79,-5.79,0.44,0.44,0.44,459,421,436,333,352
2.77,-6.11,-6.11,-0.12,-0.12,-0.12,458,421,436,333,352
6.47,-7.19,-7.19,0.02,0.02,0.02,458,421,436,333,352
2.49,-6.78,-6.78,0.21,0.21,0.21,459,421,436,333,352
6.17,-6.99,-6.99,0.00,0.00,0.00,457,421,436,333,352
-0.12,-8.56,-8.56,-0.13,-0.13,-0.13,458,421,436,333,352
5.18,-7.14,-7.14,-0.02,-0.02,-0.02,456,420,436,333,352
4.24,-7.27,-7.27,-0.02,-0.02,-0.02,456,420,436,333,351
4.31,-7.92,-7.92,-0.08,-0.08,-0.08,456,420,436,333,352
2.58,-7.82,-7.82,-0.08,-0.08,-0.08,456,420,436,333,351
5.48,-7.40,-7.40,0.02,0.02,0.02,456,420,436,333,351
2.97,-7.26,-7.26,-0.17,-0.17,-0.17,456,420,436,333,352
3.78,-7.00,-7.00,0.05,0.05,0.05,456,420,436,333,351
2.99,-7.59,-7.59,0.02,0.02,0.02,456,420,436,333,351
4.49,-7.40,-7.40,0.06,0.06,0.06,455,420,436,333,351
2.69,-7.72,-7.72,-0.09,-0.09,-0.09,455,420,436,332,351
4.45,-7.77,-7.77,0.09,0.09,0.09,455,420,436,333,351
3.65,-7.34,-7.34,-0.05,-0.05,-0.05,455,419,435,332,351
3.29,-7.99,-7.99,0.02,0.02,0.02,455,420,436,333,351
3.85,-7.68,-7.68,0.06,0.06,0.06,455,420,436,333,351
3.55,-7.61,-7.61,0.02,0.02,0.02,455,420,436,332,351
3.63,-7.98,-7.98,0.05,0.05,0.05,455,419,435,333,351
3.88,-7.72,-7.72,0.02,0.02,0.02,455,420,436,333,351
3.12,-7.59,-7.59,-0.02,-0.02,-0.02,455,420,436,333,351
4.21,-7.74,-7.74,0.03,0.03,0.03,455,419,435,333,351
3.25,-7.64,-7.64,0.00,0.00,0.00,455,419,435,333,351
END
2.84,-7.93,-7.93,0.08,0.08,0.08,455,418,434,333,347
5.25,-8.03,-8.03,0.10,0.10,0.10,455,419,434,333,347
5.84,-8.13,-8.13,0.05,0.05,0.05,455,418,434,333,347
5.12,-7.75,-7.75,0.09,0.09,0.09,455,418,434,333,347
5.27,-7.90,-7.90,0.20,0.20,0.20,455,418,435,333,347
4.60,-8.00,-8.00,0.06,0.06,0.06,455,418,435,333,347
4.69,-8.32,-8.32,0.24,0.24,0.24,455,418,435,333,347
4.74,-9.19,-9.19,-0.08,-0.08,-0.08,455,418,435,333,347
6.39,-8.32,-8.32,0.14,0.14,0.14,455,418,435,333,347
7.72,-8.69,-8.69,-0.07,-0.07,-0.07,456,420,435,333,348
3.53,-7.57,-7.57,0.17,0.17,0.17,458,421,435,333,348
3.31,-7.38,-7.38,-0.18,-0.18,-0.18,457,421,435,333,349
2.73,-6.66,-6.66,0.36,0.36,0.36,459,422,435,333,348
3.72,-6.83,-6.83,0.21,0.21,0.21,459,422,436,333,349
4.39,-6.56,-6.56,0.05,0.05,0.05,459,422,436,333,349
3.94,-6.84,-6.84,0.05,0.05,0.05,461,423,436,333,349
4.54,-5.71,-5.71,0.20,0.20,0.20,461,423,436,333,349
4.88,-7.33,-7.33,0.37,0.37,0.37,462,423,436,333,349
2.68,-6.61,-6.61,-0.10,-0.10,-0.10,462,423,436,333,349
4.01,-7.15,-7.15,-0.14,-0.14,-0.14,461,423,436,333,349
3.08,-7.55,-7.55,0.25,0.25,0.25,462,423,436,333,349
4.51,-8.79,-8.79,0.15,0.15,0.15,461,423,435,333,349
1.68,-8.47,-8.47,0.06,0.06,0.06,461,422,435,333,349
5.21,-7.51,-7.51,-0.01,-0.01,-0.01,460,422,435,333,349
3.23,-7.29,-7.29,0.04,0.04,0.04,460,422,435,333,349
3.94,-7.61,-7.61,0.03,0.03,0.03,460,422,435,333,349
3.14,-7.93,-7.93,-0.08,-0.08,-0.08,460,422,435,333,349
4.77,-7.24,-7.24,-0.01,-0.01,-0.01,459,422,435,333,349
3.10,-7.80,-7.80,0.02,0.02,0.02,459,422,435,333,349
3.41,-8.02,-8.02,0.02,0.02,0.02,459,421,435,333,349
3.56,-7.90,-7.90,0.02,0.02,0.02,459,422,435,333,349
3.78,-7.32,-7.32,0.05,0.05,0.05,459,421,435,333,349
2.82,-7.75,-7.75,0.03,0.03,0.03,459,421,435,333,349
4.44,-7.48,-7.48,0.01,0.01,0.01,458,421,435,333,349
3.57,-7.59,-7.59,-0.01,-0.01,-0.01,458,421,435,333,349
3.50,-7.66,-7.66,0.08,0.08,0.08,458,421,435,333,349
4.10,-8.10,-8.10,0.00,0.00,0.00,458,421,435,334,348
4.26,-7.59,-7.59,0.03,0.03,0.03,458,421,435,333,349
3.19,-7.76,-7.76,0.02,0.02,0.02,458,421,435,333,349
3.68,-7.70,-7.70,0.04,0.04,0.04,458,421,435,333,349
4.04,-7.45,-7.45,-0.00,-0.00,-0.00,458,421,435,333,349
END
3.54,-7.73,-7.73,0.06,0.06,0.06,456,420,436,333,347
5.84,-8.18,-8.18,0.17,0.17,0.17,456,420,436,333,347
5.38,-8.48,-8.48,0.17,0.17,0.17,455,420,436,333,347
4.74,-8.01,-8.01,0.01,0.01,0.01,456,419,436,333,347
4.65,-8.19,-8.19,0.05,0.05,0.05,455,419,435,333,347
5.00,-8.07,-8.07,0.21,0.21,0.21,455,420,435,333,347
5.17,-8.81,-8.81,0.20,0.20,0.20,456,419,435,333,347
5.48,-9.02,-9.02,0.25,0.25,0.25,456,419,435,333,347
3.57,-7.88,-7.88,0.11,0.11,0.11,457,419,435,333,347
2.86,-7.09,-7.09,0.45,0.45,0.45,457,420,434,333,348
7.77,-8.51,-8.51,0.19,0.19,0.19,453,418,436,333,351
1.28,-8.08,-8.08,-0.16,-0.16,-0.16,453,417,436,333,352
3.46,-8.55,-8.55,0.28,0.28,0.28,452,417,436,333,352
5.52,-7.59,-7.59,-0.08,-0.08,-0.08,451,416,435,333,352
3.46,-8.33,-8.33,-0.00,-0.00,-0.00,452,416,435,333,352
6.36,-8.85,-8.85,-0.08,-0.08,-0.08,451,415,434,333,351
1.59,-7.98,-7.98,0.14,0.14,0.14,453,416,434,333,351
0.75,-5.78,-5.78,-0.12,-0.12,-0.12,452,415,434,333,351
0.62,-5.64,-5.64,-0.05,-0.05,-0.05,452,415,434,332,351
7.10,-6.11,-6.11,0.65,0.65,0.65,452,415,434,333,351
1.05,-7.39,-7.39,-0.00,-0.00,-0.00,454,416,434,333,351
2.92,-7.58,-7.58,-0.27,-0.27,-0.27,453,416,435,333,351
3.24,-7.99,-7.99,0.45,0.45,0.45,456,417,435,333,351
2.77,-7.97,-7.97,-0.02,-0.02,-0.02,455,418,435,333,351
1.53,-8.37,-8.37,-0.27,-0.27,-0.27,454,417,435,333,351
4.35,-8.56,-8.56,0.18,0.18,0.18,454,417,435,333,351
3.14,-7.37,-7.37,-0.01,-0.01,-0.01,454,417,435,333,351
2.85,-7.78,-7.78,-0.07,-0.07,-0.07,454,417,435,333,351
2.68,-7.68,-7.68,0.06,0.06,0.06,454,417,435,333,351
2.89,-7.86,-7.86,-0.02,-0.02,-0.02,455,417,435,333,351
4.42,-7.43,-7.43,0.03,0.03,0.03,454,417,436,333,351
2.54,-7.66,-7.66,0.04,0.04,0.04,455,417,435,333,351
2.68,-8.00,-8.00,0.04,0.04,0.04,455,417,436,333,351
3.42,-8.10,-8.10,-0.05,-0.05,-0.05,454,417,435,333,351
3.45,-7.77,-7.77,0.22,0.22,0.22,455,417,435,333,351
2.91,-7.61,-7.61,0.00,0.00,0.00,454,417,435,333,351
3.07,-8.06,-8.06,-0.08,-0.08,-0.08,454,417,435,333,351
3.63,-7.53,-7.53,0.15,0.15,0.15,454,417,435,333,351
3.19,-7.41,-7.41,0.01,0.01,0.01,454,417,435,333,351
2.38,-8.21,-8.21,0.01,0.01,0.01,454,417,435,333,350
3.55,-8.10,-8.10,0.07,0.07,0.07,454,417,435,333,351
END
3.40,-7.46,-7.46,0.02,0.02,0.02,454,419,434,333,348
5.75,-7.57,-7.57,-0.01,-0.01,-0.01,454,419,434,333,348
5.72,-7.52,-7.52,0.09,0.09,0.09,454,419,434,333,348
5.81,-7.98,-7.98,0.07,0.07,0.07,454,419,434,333,348
5.78,-8.00,-8.00,0.07,0.07,0.07,454,418,434,333,348
5.49,-8.09,-8.09,0.10,0.10,0.10,454,418,434,333,348
5.07,-8.23,-8.23,0.13,0.13,0.13,454,418,433,334,348
4.63,-8.10,-8.10,0.01,0.01,0.01,453,418,433,333,348
5.50,-8.23,-8.23,0.31,0.31,0.31,454,418,433,333,348
4.79,-8.13,-8.13,-0.01,-0.01,-0.01,454,418,434,333,348
3.22,-7.36,-7.36,0.26,0.26,0.26,454,419,434,333,348
6.95,-8.82,-8.82,-0.06,-0.06,-0.06,454,420,434,333,348
6.62,-7.45,-7.45,0.11,0.11,0.11,454,420,434,333,349
3.41,-8.00,-8.00,0.07,0.07,0.07,455,421,434,334,349
0.88,-6.02,-6.02,0.04,0.04,0.04,456,421,434,333,349
7.02,-3.83,-3.83,0.68,0.68,0.68,454,420,433,333,349
3.80,-6.97,-6.97,0.60,0.60,0.60,457,421,434,333,349
2.02,-7.24,-7.24,-0.03,-0.03,-0.03,457,421,434,333,349
2.73,-6.56,-6.56,-0.21,-0.21,-0.21,457,421,434,333,349
2.60,-6.58,-6.58,0.17,0.17,0.17,458,421,434,333,349
4.41,-8.05,-8.05,0.18,0.18,0.18,457,421,433,333,349
0.95,-8.25,-8.25,0.12,0.12,0.12,457,421,434,333,349
2.79,-8.52,-8.52,-0.04,-0.04,-0.04,456,421,433,333,349
3.47,-7.54,-7.54,-0.04,-0.04,-0.04,457,422,433,333,349
3.63,-7.48,-7.48,0.11,0.11,0.11,457,423,434,333,349
2.88,-7.35,-7.35,0.04,0.04,0.04,457,423,434,333,349
3.76,-7.80,-7.80,0.01,0.01,0.01,457,423,434,333,349
2.63,-7.72,-7.72,-0.12,-0.12,-0.12,457,422,434,333,348
4.01,-7.35,-7.35,0.03,0.03,0.03,456,422,434,333,348
2.84,-7.77,-7.77,0.04,0.04,0.04,457,422,434,333,348
3.03,-7.80,-7.80,0.05,0.05,0.05,457,422,434,333,348
3.81,-7.58,-7.58,0.01,0.01,0.01,457,422,434,333,348
2.62,-7.63,-7.63,0.05,0.05,0.05,457,422,434,333,348
3.42,-7.93,-7.93,0.00,0.00,0.00,457,422,435,333,348
3.22,-7.57,-7.57,0.01,0.01,0.01,457,422,434,333,348
3.41,-7.64,-7.64,0.02,0.02,0.02,457,422,435,333,348
3.52,-7.68,-7.68,0.06,0.06,0.06,457,422,435,333,348
3.17,-7.36,-7.36,0.04,0.04,0.04,457,422,435,333,348
3.30,-7.68,-7.68,-0.02,-0.02,-0.02,457,422,435,333,348
2.92,-7.77,-7.77,0.07,0.07,0.07,457,422,435,333,348
3.54,-7.57,-7.57,0.02,0.02,0.02,457,422,434,333,348
END
3.11,-7.90,-7.90,0.03,0.03,0.03,454,419,434,333,347
5.93,-7.49,-7.49,0.04,0.04,0.04,454,419,434,333,347
4.68,-7.44,-7.44,0.05,0.05,0.05,455,419,434,333,347
5.25,-7.42,-7.42,0.02,0.02,0.02,455,419,434,333,347
6.08,-8.14,-8.14,0.08,0.08,0.08,454,419,434,333,347
5.33,-8.46,-8.46,-0.07,-0.07,-0.07,455,419,434,333,347
6.63,-9.14,-9.14,0.07,0.07,0.07,455,419,434,333,347
6.36,-8.69,-8.69,0.15,0.15,0.15,455,419,434,333,347
5.42,-8.37,-8.37,0.12,0.12,0.12,455,419,434,333,347
0.52,-6.28,-6.28,-0.01,-0.01,-0.01,457,420,435,333,347
4.70,-6.58,-6.58,0.34,0.34,0.34,454,418,434,333,348
7.03,-7.70,-7.70,0.55,0.55,0.55,453,417,434,333,348
1.48,-6.24,-6.24,0.22,0.22,0.22,453,418,434,333,348
2.32,-5.05,-5.05,-0.09,-0.09,-0.09,454,418,434,333,348
7.03,-6.16,-6.16,0.45,0.45,0.45,453,417,433,333,348
1.06,-7.05,-7.05,0.64,0.64,0.64,453,417,434,333,348
1.92,-6.91,-6.91,-0.46,-0.46,-0.46,453,417,434,333,348
2.38,-7.19,-7.19,-0.10,-0.10,-0.10,455,418,433,333,348
3.17,-8.38,-8.38,0.28,0.28,0.28,454,418,433,333,348
1.52,-7.95,-7.95,-0.03,-0.03,-0.03,454,418,433,333,348
3.42,-7.47,-7.47,0.04,0.04,0.04,454,417,433,333,348
1.48,-7.75,-7.75,0.11,0.11,0.11,454,418,433,333,348
3.32,-7.64,-7.64,-0.01,-0.01,-0.01,454,418,433,333,348
2.46,-7.29,-7.29,-0.05,-0.05,-0.05,454,418,433,333,348
4.48,-7.23,-7.23,0.04,0.04,0.04,454,418,433,333,348
2.23,-7.31,-7.31,0.13,0.13,0.13,455,418,434,333,348
3.80,-8.15,-8.15,-0.01,-0.01,-0.01,454,418,434,333,348
3.80,-7.35,-7.35,0.01,0.01,0.01,453,418,434,333,348
3.24,-7.14,-7.14,0.06,0.06,0.06,453,418,434,334,348
3.18,-7.03,-7.03,0.01,0.01,0.01,453,418,434,333,348
3.07,-7.61,-7.61,0.06,0.06,0.06,453,418,434,333,348
2.71,-7.29,-7.29,0.00,0.00,0.00,453,418,434,333,347
3.37,-7.78,-7.78,0.07,0.07,0.07,453,418,434,333,348
2.66,-7.82,-7.82,0.04,0.04,0.04,453,418,434,333,348
3.00,-7.34,-7.34,0.03,0.03,0.03,453,418,434,333,348
2.40,-7.35,-7.35,0.02,0.02,0.02,454,418,434,333,348
3.61,-7.18,-7.18,-0.01,-0.01,-0.01,454,418,434,333,348
3.35,-7.39,-7.39,0.07,0.07,0.07,454,418,434,333,348
3.02,-7.24,-7.24,0.03,0.03,0.03,453,418,434,333,348
3.19,-7.33,-7.33,0.01,0.01,0.01,453,418,434,333,348
3.65,-7.64,-7.64,0.07,0.07,0.07,453,418,434,333,348
END
2.95,-7.32,-7.32,-0.00,-0.00,-0.00,453,417,433,333,347
5.49,-7.66,-7.66,0.08,0.08,0.08,453,417,432,333,347
5.69,-7.88,-7.88,0.13,0.13,0.13,453,417,433,333,347
5.42,-8.00,-8.00,0.12,0.12,0.12,453,417,433,333,347
6.01,-8.34,-8.34,0.20,0.20,0.20,453,417,433,333,347
4.64,-7.90,-7.90,0.01,0.01,0.01,454,417,433,333,347
6.60,-8.55,-8.55,0.65,0.65,0.65,456,418,434,333,346
4.24,-8.61,-8.61,0.34,0.34,0.34,457,418,435,333,346
4.86,-9.65,-9.65,0.33,0.33,0.33,456,418,435,334,346
4.46,-8.46,-8.46,0.25,0.25,0.25,455,418,434,333,346
0.47,-6.20,-6.20,-0.32,-0.32,-0.32,455,419,435,333,347
5.80,-4.13,-4.13,0.01,0.01,0.01,452,418,434,333,349
1.88,-5.66,-5.66,1.28,1.28,1.28,455,419,435,333,348
1.49,-5.95,-5.95,0.19,0.19,0.19,453,419,434,333,349
6.24,-6.58,-6.58,-0.07,-0.07,-0.07,453,418,434,333,349
1.05,-6.81,-6.81,0.26,0.26,0.26,456,419,434,333,348
2.06,-7.31,-7.31,0.05,0.05,0.05,455,419,434,333,348
2.66,-7.62,-7.62,-0.12,-0.12,-0.12,455,419,434,333,348
3.19,-7.44,-7.44,0.17,0.17,0.17,455,419,434,333,348
1.86,-7.98,-7.98,-0.01,-0.01,-0.01,454,418,434,333,348
2.14,-8.18,-8.18,-0.10,-0.10,-0.10,454,418,434,333,348
4.42,-7.33,-7.33,0.09,0.09,0.09,454,418,433,333,348
2.89,-7.49,-7.49,0.04,0.04,0.04,454,418,433,333,348
2.98,-7.85,-7.85,-0.08,-0.08,-0.08,453,418,434,333,348
4.29,-7.06,-7.06,0.07,0.07,0.07,453,418,434,333,348
3.10,-7.65,-7.65,0.02,0.02,0.02,454,419,434,333,348
3.06,-7.54,-7.54,0.03,0.03,0.03,454,418,434,333,348
3.36,-7.42,-7.42,-0.00,-0.00,-0.00,453,418,434,333,348
2.75,-7.69,-7.69,0.06,0.06,0.06,453,418,434,333,348
3.63,-7.70,-7.70,0.00,0.00,0.00,453,418,434,333,348
3.25,-7.39,-7.39,0.01,0.01,0.01,453,418,433,333,348
2.98,-7.84,-7.84,-0.03,-0.03,-0.03,453,418,433,333,348
4.03,-6.98,-6.98,0.06,0.06,0.06,453,418,433,333,348
2.82,-8.05,-8.05,-0.07,-0.07,-0.07,454,418,433,333,348
3.14,-7.56,-7.56,0.09,0.09,0.09,453,418,433,333,348
3.07,-7.37,-7.37,0.05,0.05,0.05,454,418,433,333,348
3.16,-7.78,-7.78,0.00,0.00,0.00,454,418,433,333,348
2.95,-7.62,-7.62,0.09,0.09,0.09,454,418,434,333,348
3.73,-7.62,-7.62,0.07,0.07,0.07,454,418,433,333,348
3.28,-7.87,-7.87,0.09,0.09,0.09,454,418,433,333,348
3.60,-7.37,-7.37,0.02,0.02,0.02,454,418,433,333,348
END
3.37,-7.90,-7.90,-0.00,-0.00,-0.00,453,418,433,333,347
6.28,-8.60,-8.60,0.10,0.10,0.10,453,418,432,333,347
5.27,-8.43,-8.43,-0.00,-0.00,-0.00,453,417,433,333,347
6.19,-8.48,-8.48,0.16,0.16,0.16,453,418,433,333,347
5.17,-7.72,-7.72,0.07,0.07,0.07,453,418,433,333,347
4.49,-7.94,-7.94,0.18,0.18,0.18,453,418,433,333,347
3.80,-8.41,-8.41,0.26,0.26,0.26,454,418,433,333,346
4.75,-8.10,-8.10,0.30,0.30,0.30,454,418,433,333,346
2.38,-8.21,-8.21,0.29,0.29,0.29,454,418,433,333,346
4.11,-7.14,-7.14,0.41,0.41,0.41,454,418,433,333,346
3.42,-5.86,-5.86,0.50,0.50,0.50,453,417,433,333,346
1.41,-6.64,-6.64,0.27,0.27,0.27,456,418,433,333,346
1.08,-5.97,-5.97,0.00,0.00,0.00,457,419,433,333,346
4.21,-6.07,-6.07,0.08,0.08,0.08,457,419,433,333,346
2.65,-6.93,-6.93,-0.29,-0.29,-0.29,457,419,433,333,346
1.43,-7.21,-7.21,0.13,0.13,0.13,459,420,433,333,346
1.35,-7.52,-7.52,0.03,0.03,0.03,459,420,433,333,346
1.30,-7.63,-7.63,0.03,0.03,0.03,458,419,433,333,346
3.48,-7.27,-7.27,0.06,0.06,0.06,458,419,433,333,346
2.23,-8.07,-8.07,0.11,0.11,0.11,458,419,433,333,346
3.24,-8.08,-8.08,-0.01,-0.01,-0.01,457,419,433,333,346
2.81,-7.60,-7.60,0.00,0.00,0.00,457,419,433,333,346
3.54,-7.31,-7.31,0.08,0.08,0.08,457,419,433,333,346
2.57,-7.72,-7.72,0.00,0.00,0.00,457,419,433,333,346
2.73,-7.67,-7.67,-0.01,-0.01,-0.01,457,419,433,333,346
3.12,-7.21,-7.21,0.08,0.08,0.08,457,419,433,333,346
2.40,-7.86,-7.86,0.02,0.02,0.02,457,419,433,333,346
2.53,-7.55,-7.55,0.02,0.02,0.02,457,419,433,333,346
3.17,-7.57,-7.57,0.05,0.05,0.05,457,419,433,333,346
2.40,-7.79,-7.79,0.03,0.03,0.03,457,418,433,333,346
2.69,-7.57,-7.57,0.06,0.06,0.06,456,418,433,333,346
2.81,-7.75,-7.75,0.01,0.01,0.01,456,418,433,333,346
2.64,-7.65,-7.65,0.05,0.05,0.05,456,418,433,333,346
2.61,-7.29,-7.29,0.00,0.00,0.00,456,418,433,333,346
2.73,-7.27,-7.27,-0.00,-0.00,-0.00,456,418,433,333,346
2.23,-7.51,-7.51,0.05,0.05,0.05,456,418,433,333,346
2.73,-7.43,-7.43,0.02,0.02,0.02,456,418,433,333,347
2.83,-7.54,-7.54,0.04,0.04,0.04,456,418,433,333,346
2.64,-7.57,-7.57,0.04,0.04,0.04,456,418,433,333,346
2.86,-7.90,-7.90,0.03,0.03,0.03,456,418,433,333,347
2.84,-7.47,-7.47,0.04,0.04,0.04,456,418,433,333,346
END
3.10,-6.85,-6.85,-0.02,-0.02,-0.02,457,433,433,334,372
6.62,-7.09,-7.09,0.13,0.13,0.13,456,433,433,334,372
6.77,-7.03,-7.03,-0.16,-0.16,-0.16,456,433,432,333,371
6.45,-6.83,-6.83,0.04,0.04,0.04,456,433,432,334,371
6.34,-7.20,-7.20,0.17,0.17,0.17,456,433,432,334,372
5.20,-7.85,-7.85,0.03,0.03,0.03,456,433,432,334,371
7.27,-7.87,-7.87,0.02,0.02,0.02,456,433,432,333,371
6.97,-7.25,-7.25,0.30,0.30,0.30,456,433,432,334,371
2.10,-7.30,-7.30,0.07,0.07,0.07,457,434,433,334,371
6.83,-7.52,-7.52,0.08,0.08,0.08,456,434,434,334,370
7.55,-6.83,-6.83,0.37,0.37,0.37,456,435,434,333,370
5.01,-7.25,-7.25,0.24,0.24,0.24,457,435,434,333,370
6.87,-5.71,-5.71,0.06,0.06,0.06,457,435,434,333,370
6.27,-5.36,-5.36,0.24,0.24,0.24,457,435,434,333,370
-1.34,-6.21,-6.21,0.39,0.39,0.39,461,436,435,333,369
8.01,-3.84,-3.84,0.08,0.08,0.08,458,435,434,333,369
3.37,-7.49,-7.49,-0.12,-0.12,-0.12,459,435,434,333,369
4.16,-6.53,-6.53,0.06,0.06,0.06,458,435,434,333,369
4.81,-7.32,-7.32,0.24,0.24,0.24,458,435,434,332,369
4.19,-7.13,-7.13,-0.31,-0.31,-0.31,458,434,434,333,369
3.08,-6.20,-6.20,-0.06,-0.06,-0.06,458,434,434,333,368
3.78,-6.03,-6.03,0.04,0.04,0.04,458,434,434,333,369
3.35,-6.72,-6.72,0.06,0.06,0.06,458,434,434,333,369
3.99,-7.36,-7.36,-0.02,-0.02,-0.02,458,434,434,333,369
4.42,-7.46,-7.46,0.04,0.04,0.04,458,434,434,333,369
5.15,-6.70,-6.70,0.08,0.08,0.08,458,434,434,333,369
3.75,-6.83,-6.83,-0.07,-0.07,-0.07,458,434,434,333,369
3.91,-7.10,-7.10,-0.02,-0.02,-0.02,458,434,434,333,369
4.83,-6.43,-6.43,0.04,0.04,0.04,458,434,434,333,369
5.28,-6.67,-6.67,0.05,0.05,0.05,458,434,434,333,369
4.36,-7.09,-7.09,-0.06,-0.06,-0.06,458,434,433,334,369
5.24,-7.10,-7.10,0.04,0.04,0.04,458,434,434,334,368
5.14,-6.48,-6.48,0.06,0.06,0.06,458,434,434,334,369
4.05,-7.03,-7.03,-0.10,-0.10,-0.10,458,434,434,334,369
4.06,-7.22,-7.22,-0.04,-0.04,-0.04,458,434,434,334,368
4.68,-6.35,-6.35,0.10,0.10,0.10,458,434,434,333,368
3.96,-6.87,-6.87,-0.05,-0.05,-0.05,458,434,434,333,368
4.36,-7.19,-7.19,-0.04,-0.04,-0.04,458,434,433,333,368
5.16,-6.91,-6.91,0.13,0.13,0.13,458,434,433,333,368
3.82,-6.93,-6.93,-0.00,-0.00,-0.00,458,434,433,333,368
4.21,-7.07,-7.07,0.09,0.09,0.09,458,434,433,333,368
END
4.94,-6.91,-6.91,0.14,0.14,0.14,456,430,433,332,368
6.70,-6.57,-6.57,0.06,0.06,0.06,457,430,433,332,368
7.10,-6.80,-6.80,0.10,0.10,0.10,456,430,433,332,368
6.69,-6.85,-6.85,0.03,0.03,0.03,456,430,433,332,368
6.51,-6.70,-6.70,0.11,0.11,0.11,457,430,433,332,368
6.34,-6.63,-6.63,0.03,0.03,0.03,456,430,433,332,368
6.78,-6.68,-6.68,0.12,0.12,0.12,456,430,433,332,368
7.27,-7.44,-7.44,0.33,0.33,0.33,456,430,433,332,368
7.04,-8.28,-8.28,0.46,0.46,0.46,456,430,433,332,368
4.11,-7.80,-7.80,0.21,0.21,0.21,457,431,433,332,368
1.94,-7.06,-7.06,-0.06,-0.06,-0.06,457,431,433,333,368
10.03,-7.77,-7.77,0.66,0.66,0.66,455,430,433,333,367
8.22,-7.14,-7.14,-0.11,-0.11,-0.11,454,430,432,333,368
2.65,-6.61,-6.61,-0.65,-0.65,-0.65,454,430,431,333,368
10.72,-5.94,-5.94,0.46,0.46,0.46,452,429,431,333,367
1.42,-6.15,-6.15,0.45,0.45,0.45,452,429,431,333,367
-0.47,-4.92,-4.92,-0.24,-0.24,-0.24,458,432,431,333,368
12.50,-4.65,-4.65,0.08,0.08,0.08,452,429,432,333,368
1.60,-7.89,-7.89,0.48,0.48,0.48,454,430,431,333,367
0.44,-6.75,-6.75,-0.24,-0.24,-0.24,453,429,431,333,367
9.04,-5.33,-5.33,0.15,0.15,0.15,453,429,431,333,367
2.99,-6.14,-6.14,0.23,0.23,0.23,453,429,431,333,367
3.57,-8.46,-8.46,0.08,0.08,0.08,453,429,431,333,367
3.66,-7.73,-7.73,-0.08,-0.08,-0.08,453,429,431,333,367
5.22,-7.45,-7.45,0.07,0.07,0.07,453,429,431,333,367
6.50,-6.62,-6.62,0.05,0.05,0.05,453,429,431,333,367
3.97,-7.40,-7.40,-0.05,-0.05,-0.05,453,429,431,333,367
3.81,-7.14,-7.14,0.05,0.05,0.05,453,429,431,333,367
5.23,-7.06,-7.06,0.04,0.04,0.04,452,429,431,333,367
3.78,-7.22,-7.22,0.01,0.01,0.01,452,429,431,333,367
5.53,-7.30,-7.30,0.04,0.04,0.04,452,429,431,333,367
3.65,-6.79,-6.79,-0.02,-0.02,-0.02,453,429,431,333,367
4.13,-7.26,-7.26,0.01,0.01,0.01,452,429,431,333,367
4.85,-7.31,-7.31,0.03,0.03,0.03,452,429,431,333,367
4.59,-7.22,-7.22,0.06,0.06,0.06,453,429,431,333,367
4.90,-7.30,-7.30,0.02,0.02,0.02,453,429,431,333,367
4.12,-7.24,-7.24,0.02,0.02,0.02,453,429,431,333,367
3.71,-7.13,-7.13,-0.02,-0.02,-0.02,453,429,431,333,367
4.78,-7.00,-7.00,0.08,0.08,0.08,453,429,431,333,367
4.77,-7.27,-7.27,0.13,0.13,0.13,454,429,430,333,368
4.11,-7.07,-7.07,-0.11,-0.11,-0.11,454,429,430,333,368
END
5.10,-7.01,-7.01,-0.02,-0.02,-0.02,452,427,432,333,368
8.20,-7.05,-7.05,0.14,0.14,0.14,452,428,431,332,368
6.11,-5.71,-5.71,0.41,0.41,0.41,452,428,431,333,370
6.61,-5.86,-5.86,0.01,0.01,0.01,451,427,430,333,369
6.17,-6.00,-6.00,0.05,0.05,0.05,451,427,430,333,369
7.87,-7.73,-7.73,0.26,0.26,0.26,451,427,430,333,369
6.74,-8.01,-8.01,0.11,0.11,0.11,451,427,429,333,369
5.36,-7.98,-7.98,-0.05,-0.05,-0.05,451,427,429,333,369
4.67,-6.37,-6.37,0.03,0.03,0.03,451,427,428,333,369
8.64,-6.68,-6.68,-0.02,-0.02,-0.02,449,426,428,333,369
6.37,-6.25,-6.25,0.08,0.08,0.08,449,426,428,333,369
1.19,-6.74,-6.74,0.09,0.09,0.09,450,426,428,332,368
5.84,-6.35,-6.35,0.13,0.13,0.13,449,425,428,333,369
8.28,-6.82,-6.82,0.35,0.35,0.35,449,425,428,332,369
4.61,-7.11,-7.11,-0.34,-0.34,-0.34,448,425,429,333,370
1.58,-7.37,-7.37,-0.27,-0.27,-0.27,449,426,429,333,370
9.15,-6.96,-6.96,0.32,0.32,0.32,448,426,430,333,370
4.02,-7.80,-7.80,0.36,0.36,0.36,448,426,430,333,370
3.09,-5.69,-5.69,-0.00,-0.00,-0.00,449,426,430,333,370
6.23,-5.20,-5.20,-0.23,-0.23,-0.23,449,426,430,333,370
8.60,-4.80,-4.80,0.30,0.30,0.30,449,425,429,333,369
2.87,-6.06,-6.06,-0.13,-0.13,-0.13,448,425,429,333,370
5.43,-6.59,-6.59,0.05,0.05,0.05,449,425,429,333,369
6.57,-6.72,-6.72,0.16,0.16,0.16,448,425,429,333,368
3.28,-7.21,-7.21,0.16,0.16,0.16,449,425,429,333,368
4.70,-7.75,-7.75,-0.14,-0.14,-0.14,449,425,429,333,369
5.19,-7.57,-7.57,0.05,0.05,0.05,449,425,429,333,368
5.04,-6.53,-6.53,0.05,0.05,0.05,449,425,429,333,368
3.94,-6.91,-6.91,-0.06,-0.06,-0.06,450,425,429,333,368
4.34,-7.10,-7.10,0.01,0.01,0.01,449,425,429,333,368
5.12,-6.47,-6.47,0.10,0.10,0.10,449,425,429,333,368
4.49,-6.55,-6.55,0.02,0.02,0.02,449,425,429,333,368
4.62,-6.97,-6.97,0.00,0.00,0.00,449,425,429,333,368
4.64,-7.10,-7.10,0.03,0.03,0.03,449,425,429,333,368
5.57,-6.91,-6.91,0.03,0.03,0.03,449,425,429,333,368
4.77,-6.62,-6.62,-0.00,-0.00,-0.00,449,425,428,333,368
4.34,-7.09,-7.09,0.13,0.13,0.13,450,425,428,333,368
4.55,-6.83,-6.83,0.05,0.05,0.05,450,425,428,333,368
4.74,-6.55,-6.55,0.03,0.03,0.03,450,425,428,333,368
4.62,-6.86,-6.86,0.06,0.06,0.06,451,425,428,333,368
4.49,-6.93,-6.93,0.04,0.04,0.04,451,425,428,333,368
END
5.28,-7.04,-7.04,-0.03,-0.03,-0.03,458,422,432,333,364
6.32,-6.88,-6.88,0.18,0.18,0.18,459,422,431,333,369
6.43,-7.80,-7.80,-0.11,-0.11,-0.11,459,422,429,333,374
6.86,-6.46,-6.46,0.16,0.16,0.16,459,422,428,333,375
6.50,-6.79,-6.79,0.27,0.27,0.27,459,423,427,333,374
7.13,-7.72,-7.72,-0.17,-0.17,-0.17,458,423,426,333,374
5.38,-7.84,-7.84,0.29,0.29,0.29,457,423,425,333,373
7.09,-8.13,-8.13,0.43,0.43,0.43,456,423,425,333,372
8.45,-8.80,-8.80,0.31,0.31,0.31,455,422,425,333,372
1.06,-6.50,-6.50,0.04,0.04,0.04,455,422,426,333,370
8.51,-5.79,-5.79,-0.02,-0.02,-0.02,452,421,425,333,370
4.27,-6.73,-6.73,0.19,0.19,0.19,452,421,425,333,370
6.15,-7.17,-7.17,0.20,0.20,0.20,452,421,425,333,370
3.05,-7.97,-7.97,-0.05,-0.05,-0.05,452,421,425,333,369
5.79,-6.71,-6.71,0.19,0.19,0.19,452,422,425,333,369
6.98,-7.95,-7.95,0.30,0.30,0.30,451,422,426,333,369
3.97,-7.40,-7.40,0.41,0.41,0.41,454,422,426,333,369
3.27,-4.95,-4.95,-0.42,-0.42,-0.42,452,421,426,333,369
19.02,-7.04,-7.04,0.45,0.45,0.45,450,421,427,333,369
-4.78,-8.25,-8.25,-0.32,-0.32,-0.32,453,421,426,333,369
0.24,-5.93,-5.93,-0.01,-0.01,-0.01,455,422,427,333,368
6.00,-6.14,-6.14,0.16,0.16,0.16,453,421,427,332,368
3.88,-7.70,-7.70,0.12,0.12,0.12,453,421,427,332,367
4.45,-8.27,-8.27,0.03,0.03,0.03,452,421,427,332,367
4.81,-7.89,-7.89,0.07,0.07,0.07,452,421,427,333,367
6.04,-7.38,-7.38,0.08,0.08,0.08,452,421,427,333,367
4.40,-7.87,-7.87,-0.01,-0.01,-0.01,453,421,427,333,367
4.82,-7.37,-7.37,0.03,0.03,0.03,452,421,428,333,367
5.32,-7.12,-7.12,0.03,0.03,0.03,452,421,428,332,367
4.24,-7.76,-7.76,-0.06,-0.06,-0.06,452,421,428,333,367
6.07,-6.96,-6.96,0.02,0.02,0.02,452,421,428,333,367
4.59,-7.46,-7.46,-0.01,-0.01,-0.01,452,421,428,333,367
4.89,-6.93,-6.93,0.04,0.04,0.04,452,421,427,333,367
4.80,-7.26,-7.26,0.04,0.04,0.04,452,421,428,333,366
4.76,-7.29,-7.29,0.04,0.04,0.04,452,421,428,333,366
5.45,-7.02,-7.02,0.06,0.06,0.06,452,421,427,333,367
4.43,-7.62,-7.62,0.01,0.01,0.01,452,421,427,333,366
5.88,-7.16,-7.16,0.08,0.08,0.08,452,421,427,333,366
3.99,-7.62,-7.62,0.02,0.02,0.02,452,421,428,333,367
5.23,-7.22,-7.22,0.06,0.06,0.06,452,421,428,333,366
4.52,-7.33,-7.33,0.04,0.04,0.04,452,421,428,333,366
END
4.74,-7.18,-7.18,-0.00,-0.00,-0.00,451,421,429,333,368
6.58,-7.11,-7.11,0.11,0.11,0.11,449,421,428,333,367
6.19,-7.04,-7.04,0.07,0.07,0.07,449,421,428,333,367
4.55,-6.60,-6.60,0.24,0.24,0.24,449,421,429,333,367
5.42,-6.97,-6.97,0.31,0.31,0.31,449,421,429,333,367
6.42,-7.93,-7.93,0.23,0.23,0.23,449,421,428,331,367
8.35,-8.60,-8.60,0.27,0.27,0.27,448,421,428,332,366
7.02,-8.15,-8.15,0.09,0.09,0.09,448,422,428,333,366
2.56,-5.66,-5.66,0.03,0.03,0.03,449,422,429,332,366
3.34,-5.64,-5.64,-0.33,-0.33,-0.33,447,424,428,332,368
9.22,-6.82,-6.82,0.00,0.00,0.00,446,423,427,332,368
4.90,-8.26,-8.26,0.30,0.30,0.30,446,423,427,332,369
5.60,-8.10,-8.10,-0.09,-0.09,-0.09,447,423,426,332,369
5.22,-9.18,-9.18,0.22,0.22,0.22,447,423,426,332,369
5.99,-6.83,-6.83,0.07,0.07,0.07,446,423,426,332,369
2.77,-4.04,-4.04,-0.17,-0.17,-0.17,448,422,426,332,368
17.33,-5.72,-5.72,0.17,0.17,0.17,446,421,427,333,368
-0.28,-6.19,-6.19,0.03,0.03,0.03,449,422,427,332,367
3.72,-6.53,-6.53,-0.06,-0.06,-0.06,447,421,427,332,367
5.29,-6.93,-6.93,-0.04,-0.04,-0.04,447,421,427,332,367
5.88,-6.65,-6.65,0.11,0.11,0.11,447,421,427,332,367
3.14,-7.26,-7.26,0.04,0.04,0.04,447,421,427,332,367
4.19,-8.09,-8.09,0.07,0.07,0.07,447,421,427,332,367
5.49,-7.28,-7.28,0.02,0.02,0.02,446,421,427,332,367
6.00,-7.18,-7.18,0.02,0.02,0.02,446,421,427,332,367
4.82,-7.44,-7.44,0.06,0.06,0.06,446,421,427,332,366
5.28,-7.25,-7.25,-0.03,-0.03,-0.03,447,421,427,332,367
5.39,-7.37,-7.37,0.08,0.08,0.08,447,421,428,332,367
4.84,-7.31,-7.31,0.06,0.06,0.06,448,421,428,332,367
4.63,-7.39,-7.39,-0.00,-0.00,-0.00,448,421,428,332,367
3.85,-7.62,-7.62,0.08,0.08,0.08,448,421,428,332,367
5.97,-7.06,-7.06,0.01,0.01,0.01,448,421,427,332,367
4.16,-7.59,-7.59,0.02,0.02,0.02,448,421,428,332,367
4.41,-7.70,-7.70,0.08,0.08,0.08,448,421,427,333,367
4.85,-7.98,-7.98,-0.03,-0.03,-0.03,447,421,427,332,367
4.75,-7.62,-7.62,0.02,0.02,0.02,447,421,427,332,367
3.88,-7.47,-7.47,0.01,0.01,0.01,448,421,427,332,367
4.89,-7.32,-7.32,-0.00,-0.00,-0.00,447,421,427,332,367
4.52,-7.46,-7.46,0.03,0.03,0.03,447,421,427,332,367
4.56,-7.40,-7.40,0.02,0.02,0.02,447,421,427,332,368
4.52,-7.57,-7.57,-0.02,-0.02,-0.02,447,421,427,332,367
END
4.82,-7.37,-7.37,0.03,0.03,0.03,450,425,426,333,369
8.02,-6.70,-6.70,0.21,0.21,0.21,450,424,426,333,369
5.98,-6.20,-6.20,0.22,0.22,0.22,450,424,426,333,368
6.37,-6.45,-6.45,0.25,0.25,0.25,449,423,425,333,368
6.63,-6.73,-6.73,0.16,0.16,0.16,449,422,425,333,367
3.41,-7.06,-7.06,0.13,0.13,0.13,449,422,425,333,367
7.90,-6.29,-6.29,0.31,0.31,0.31,448,422,425,333,367
4.72,-6.75,-6.75,0.07,0.07,0.07,448,421,426,332,367
4.35,-7.06,-7.06,-0.19,-0.19,-0.19,447,421,427,333,366
8.28,-6.27,-6.27,0.75,0.75,0.75,447,421,429,333,366
4.14,-7.11,-7.11,0.16,0.16,0.16,447,420,429,333,365
5.34,-7.52,-7.52,-0.52,-0.52,-0.52,446,420,428,333,365
6.84,-6.15,-6.15,0.11,0.11,0.11,446,420,429,333,365
2.05,-6.82,-6.82,-0.03,-0.03,-0.03,447,420,429,333,365
0.75,-6.21,-6.21,-0.27,-0.27,-0.27,447,420,428,333,365
9.22,-6.88,-6.88,0.08,0.08,0.08,446,420,428,333,365
1.50,-5.89,-5.89,-0.03,-0.03,-0.03,448,420,428,333,365
2.88,-6.40,-6.40,-0.21,-0.21,-0.21,447,420,428,333,365
4.85,-6.93,-6.93,0.08,0.08,0.08,447,420,429,333,365
4.48,-6.64,-6.64,0.14,0.14,0.14,448,420,428,333,365
2.94,-7.77,-7.77,-0.00,-0.00,-0.00,448,421,428,333,365
4.74,-8.19,-8.19,0.05,0.05,0.05,447,421,428,333,366
5.00,-7.10,-7.10,0.11,0.11,0.11,448,421,428,333,366
4.44,-6.86,-6.86,-0.01,-0.01,-0.01,448,421,428,333,366
4.34,-7.15,-7.15,-0.09,-0.09,-0.09,448,421,428,333,366
4.47,-6.67,-6.67,0.07,0.07,0.07,448,420,428,333,365
5.06,-6.62,-6.62,0.02,0.02,0.02,448,421,428,333,365
4.37,-7.46,-7.46,0.12,0.12,0.12,448,421,428,333,365
4.26,-6.87,-6.87,0.00,0.00,0.00,448,420,428,332,365
5.42,-7.09,-7.09,-0.00,-0.00,-0.00,448,420,429,332,365
4.08,-7.08,-7.08,-0.00,-0.00,-0.00,448,420,429,333,365
4.71,-6.98,-6.98,0.04,0.04,0.04,448,421,429,333,365
4.98,-7.09,-7.09,0.01,0.01,0.01,448,421,429,333,365
4.56,-7.20,-7.20,0.08,0.08,0.08,448,421,429,333,365
4.74,-7.11,-7.11,0.04,0.04,0.04,448,421,429,333,365
4.66,-7.06,-7.06,-0.01,-0.01,-0.01,448,421,429,333,365
4.90,-7.16,-7.16,0.06,0.06,0.06,448,421,429,332,365
4.96,-7.16,-7.16,-0.01,-0.01,-0.01,448,420,429,332,365
4.82,-7.30,-7.30,-0.11,-0.11,-0.11,448,420,429,332,364
4.49,-6.72,-6.72,0.12,0.12,0.12,448,420,429,332,364
4.31,-7.39,-7.39,0.05,0.05,0.05,448,420,429,332,364
END
4.99,-7.26,-7.26,0.06,0.06,0.06,446,419,428,332,365
7.32,-7.28,-7.28,0.14,0.14,0.14,446,419,428,332,365
7.28,-7.49,-7.49,0.17,0.17,0.17,445,419,428,332,365
6.74,-7.26,-7.26,0.16,0.16,0.16,445,419,428,332,364
5.56,-6.48,-6.48,0.10,0.10,0.10,445,419,428,332,364
6.76,-6.70,-6.70,0.22,0.22,0.22,445,419,427,332,364
5.66,-6.68,-6.68,0.20,0.20,0.20,445,419,427,332,364
6.91,-7.43,-7.43,0.22,0.22,0.22,445,419,427,332,364
6.17,-7.16,-7.16,-0.10,-0.10,-0.10,444,419,427,332,363
6.20,-6.56,-6.56,0.08,0.08,0.08,444,419,427,332,363
6.57,-6.67,-6.67,0.30,0.30,0.30,444,419,427,332,363
5.21,-7.53,-7.53,0.15,0.15,0.15,444,419,427,332,364
8.28,-6.98,-6.98,0.15,0.15,0.15,444,419,427,332,363
3.55,-7.85,-7.85,0.12,0.12,0.12,445,419,428,332,363
4.46,-6.73,-6.73,0.13,0.13,0.13,446,420,428,332,364
4.80,-6.09,-6.09,0.10,0.10,0.10,446,420,428,332,363
8.35,-4.23,-4.23,0.03,0.03,0.03,445,419,428,332,363
4.19,-7.55,-7.55,-0.15,-0.15,-0.15,445,419,428,332,364
2.25,-6.41,-6.41,0.10,0.10,0.10,445,419,428,332,364
2.55,-6.58,-6.58,-0.15,-0.15,-0.15,445,419,427,332,364
3.79,-7.42,-7.42,0.11,0.11,0.11,445,419,427,332,363
4.60,-7.71,-7.71,0.17,0.17,0.17,445,419,428,332,364
5.18,-8.03,-8.03,0.07,0.07,0.07,445,419,428,332,363
4.77,-8.18,-8.18,0.07,0.07,0.07,445,419,428,332,363
4.06,-7.97,-7.97,0.23,0.23,0.23,446,419,428,332,364
4.80,-7.31,-7.31,-0.04,-0.04,-0.04,446,419,428,332,364
4.66,-7.69,-7.69,-0.03,-0.03,-0.03,446,419,427,332,364
4.71,-7.16,-7.16,0.05,0.05,0.05,446,420,427,332,364
4.70,-7.21,-7.21,-0.05,-0.05,-0.05,446,420,427,332,364
5.35,-7.41,-7.41,-0.00,-0.00,-0.00,446,420,427,332,364
4.73,-7.14,-7.14,0.03,0.03,0.03,446,420,427,332,363
4.37,-7.42,-7.42,0.02,0.02,0.02,446,420,427,332,363
4.81,-7.54,-7.54,0.00,0.00,0.00,446,420,427,332,363
4.26,-7.65,-7.65,0.03,0.03,0.03,446,420,427,332,363
4.40,-7.49,-7.49,-0.01,-0.01,-0.01,446,420,427,332,363
4.42,-7.54,-7.54,0.00,0.00,0.00,446,420,427,332,363
4.24,-7.32,-7.32,0.02,0.02,0.02,446,420,427,332,363
4.41,-7.54,-7.54,0.01,0.01,0.01,446,419,427,332,363
4.99,-7.57,-7.57,0.02,0.02,0.02,445,419,427,332,363
4.67,-7.70,-7.70,0.04,0.04,0.04,446,419,427,332,363
4.64,-7.49,-7.49,0.00,0.00,0.00,446,419,427,332,364
END
4.51,-7.87,-7.87,0.02,0.02,0.02,441,416,423,332,369
6.25,-6.43,-6.43,-0.18,-0.18,-0.18,441,416,423,332,369
7.72,-6.41,-6.41,0.27,0.27,0.27,441,416,423,332,369
7.16,-6.92,-6.92,0.11,0.11,0.11,441,416,423,332,369
6.15,-6.60,-6.60,-0.11,-0.11,-0.11,441,415,423,332,369
6.22,-6.93,-6.93,0.17,0.17,0.17,441,415,423,332,368
6.99,-7.80,-7.80,0.22,0.22,0.22,440,415,423,332,368
6.14,-7.11,-7.11,0.08,0.08,0.08,440,415,423,332,368
6.96,-6.58,-6.58,0.13,0.13,0.13,440,415,423,332,367
4.58,-6.50,-6.50,0.79,0.79,0.79,441,416,425,332,367
3.33,-7.12,-7.12,-0.07,-0.07,-0.07,441,416,425,332,365
5.13,-7.94,-7.94,-0.25,-0.25,-0.25,441,416,425,332,365
5.66,-7.06,-7.06,0.91,0.91,0.91,443,417,425,332,365
3.70,-7.39,-7.39,0.26,0.26,0.26,441,417,424,332,366
5.10,-7.41,-7.41,-0.34,-0.34,-0.34,441,416,424,332,366
-0.18,-5.86,-5.86,0.50,0.50,0.50,446,418,425,332,365
1.50,-5.81,-5.81,0.30,0.30,0.30,445,418,425,332,365
7.85,-7.42,-7.42,-0.75,-0.75,-0.75,443,417,426,332,365
8.74,-6.60,-6.60,0.20,0.20,0.20,444,416,426,332,365
0.01,-7.67,-7.67,0.24,0.24,0.24,444,416,426,332,365
4.09,-7.88,-7.88,0.09,0.09,0.09,443,416,426,332,364
3.31,-7.18,-7.18,0.09,0.09,0.09,444,416,426,333,364
5.50,-7.05,-7.05,0.16,0.16,0.16,443,416,425,333,364
3.95,-8.05,-8.05,0.01,0.01,0.01,444,417,426,333,364
4.36,-8.24,-8.24,0.06,0.06,0.06,444,417,425,332,364
6.21,-7.46,-7.46,0.02,0.02,0.02,444,416,425,332,365
4.02,-7.50,-7.50,-0.04,-0.04,-0.04,444,417,425,333,365
4.31,-7.48,-7.48,-0.04,-0.04,-0.04,444,417,425,332,365
4.48,-7.07,-7.07,0.08,0.08,0.08,444,417,425,332,365
4.39,-7.34,-7.34,-0.04,-0.04,-0.04,443,417,425,332,364
3.66,-7.56,-7.56,0.09,0.09,0.09,443,417,425,332,364
4.80,-7.03,-7.03,0.03,0.03,0.03,443,417,425,332,364
4.69,-7.04,-7.04,0.04,0.04,0.04,444,417,425,332,364
3.29,-7.90,-7.90,-0.00,-0.00,-0.00,444,417,425,332,364
3.50,-7.97,-7.97,0.06,0.06,0.06,444,417,425,332,364
4.49,-8.00,-8.00,-0.01,-0.01,-0.01,444,417,425,332,364
3.68,-8.00,-8.00,0.04,0.04,0.04,444,417,425,332,364
3.38,-8.13,-8.13,0.03,0.03,0.03,444,417,425,332,364
4.08,-7.36,-7.36,0.05,0.05,0.05,444,417,425,332,364
3.37,-7.70,-7.70,0.12,0.12,0.12,446,418,425,332,364
3.64,-7.88,-7.88,0.06,0.06,0.06,446,418,425,332,364
END
4.50,-7.55,-7.55,0.10,0.10,0.10,448,417,427,332,362
6.07,-7.02,-7.02,0.11,0.11,0.11,448,417,427,332,363
6.69,-6.81,-6.81,0.07,0.07,0.07,447,417,427,332,363
6.23,-7.21,-7.21,0.21,0.21,0.21,447,417,427,332,363
7.35,-7.59,-7.59,0.18,0.18,0.18,447,417,427,332,362
5.71,-6.88,-6.88,0.15,0.15,0.15,447,417,427,332,362
6.58,-7.71,-7.71,0.25,0.25,0.25,447,418,428,332,362
5.09,-6.73,-6.73,0.18,0.18,0.18,447,418,428,332,362
4.52,-6.09,-6.09,0.14,0.14,0.14,447,418,428,332,362
4.01,-7.49,-7.49,0.33,0.33,0.33,447,418,428,332,361
7.06,-7.80,-7.80,0.19,0.19,0.19,447,417,428,333,361
7.96,-8.89,-8.89,0.36,0.36,0.36,446,417,428,332,361
4.53,-7.59,-7.59,0.06,0.06,0.06,446,418,428,332,361
4.96,-6.98,-6.98,-0.03,-0.03,-0.03,447,418,428,332,361
5.92,-5.71,-5.71,-0.02,-0.02,-0.02,446,418,428,332,361
4.36,-6.28,-6.28,-0.07,-0.07,-0.07,447,418,428,332,362
4.86,-5.33,-5.33,0.17,0.17,0.17,447,417,428,332,362
2.47,-7.08,-7.08,-0.09,-0.09,-0.09,447,417,427,332,361
4.82,-6.68,-6.68,0.07,0.07,0.07,447,417,428,332,361
2.02,-7.10,-7.10,0.03,0.03,0.03,448,418,427,332,362
2.78,-8.20,-8.20,0.04,0.04,0.04,447,418,427,332,362
3.68,-7.86,-7.86,0.13,0.13,0.13,447,417,427,332,362
4.05,-7.57,-7.57,0.08,0.08,0.08,448,418,427,332,362
4.03,-7.71,-7.71,0.00,0.00,0.00,448,418,427,332,362
3.60,-8.51,-8.51,0.16,0.16,0.16,448,417,427,332,362
4.40,-7.81,-7.81,-0.00,-0.00,-0.00,447,418,427,332,361
4.64,-7.65,-7.65,0.02,0.02,0.02,447,418,427,332,362
3.37,-7.39,-7.39,0.12,0.12,0.12,448,418,427,332,362
3.85,-7.71,-7.71,0.03,0.03,0.03,448,418,427,332,362
4.18,-7.68,-7.68,-0.04,-0.04,-0.04,448,418,427,332,362
3.74,-7.59,-7.59,0.02,0.02,0.02,448,418,427,332,362
3.93,-7.42,-7.42,0.10,0.10,0.10,447,418,427,332,362
3.78,-7.72,-7.72,-0.02,-0.02,-0.02,447,417,427,332,361
3.76,-7.87,-7.87,-0.03,-0.03,-0.03,447,418,427,332,362
3.91,-7.75,-7.75,0.10,0.10,0.10,447,418,427,332,361
3.68,-7.47,-7.47,-0.03,-0.03,-0.03,447,417,427,332,361
3.80,-7.68,-7.68,-0.00,-0.00,-0.00,448,418,427,332,362
3.65,-7.37,-7.37,0.09,0.09,0.09,448,418,427,333,362
3.90,-7.65,-7.65,0.02,0.02,0.02,448,418,427,332,362
3.65,-7.87,-7.87,0.06,0.06,0.06,448,418,427,332,362
4.31,-7.63,-7.63,0.06,0.06,0.06,448,418,427,332,362
END
3.37,-8.04,-8.04,0.04,0.04,0.04,448,416,424,332,364
6.68,-6.83,-6.83,0.04,0.04,0.04,448,416,425,332,363
6.68,-6.76,-6.76,0.18,0.18,0.18,448,416,424,332,363
6.57,-7.24,-7.24,0.24,0.24,0.24,449,416,425,332,363
6.37,-7.39,-7.39,-0.01,-0.01,-0.01,449,417,425,332,363
5.74,-7.34,-7.34,0.14,0.14,0.14,449,417,426,332,363
6.91,-8.31,-8.31,0.10,0.10,0.10,449,417,426,332,363
5.12,-7.51,-7.51,0.08,0.08,0.08,450,418,426,332,363
7.36,-7.83,-7.83,0.25,0.25,0.25,449,417,426,332,363
5.67,-7.87,-7.87,0.05,0.05,0.05,449,417,426,332,363
7.39,-8.48,-8.48,-0.24,-0.24,-0.24,449,418,427,332,362
1.44,-6.00,-6.00,0.42,0.42,0.42,453,420,428,332,362
5.99,-6.96,-6.96,0.36,0.36,0.36,451,419,428,332,362
2.99,-8.37,-8.37,0.16,0.16,0.16,451,419,428,332,362
4.54,-5.58,-5.58,-0.47,-0.47,-0.47,451,418,426,332,362
11.00,-7.52,-7.52,0.56,0.56,0.56,450,417,426,332,362
-0.18,-7.70,-7.70,0.34,0.34,0.34,453,418,426,332,362
5.83,-7.07,-7.07,-0.38,-0.38,-0.38,451,418,426,332,363
2.43,-6.09,-6.09,0.32,0.32,0.32,452,418,426,332,363
2.56,-7.75,-7.75,0.01,0.01,0.01,451,418,426,332,363
3.47,-7.87,-7.87,0.15,0.15,0.15,452,418,426,332,362
4.41,-7.98,-7.98,0.06,0.06,0.06,451,417,426,332,362
4.57,-8.00,-8.00,0.12,0.12,0.12,451,418,426,332,362
3.30,-8.18,-8.18,0.08,0.08,0.08,451,418,426,332,362
4.13,-7.98,-7.98,0.03,0.03,0.03,451,418,426,332,362
4.44,-7.95,-7.95,0.08,0.08,0.08,451,417,426,332,362
3.75,-7.87,-7.87,0.06,0.06,0.06,452,417,426,332,362
2.48,-7.71,-7.71,-0.00,-0.00,-0.00,452,418,426,332,362
4.54,-8.05,-8.05,-0.08,-0.08,-0.08,452,419,426,332,362
4.79,-7.57,-7.57,0.06,0.06,0.06,452,419,426,332,362
3.26,-7.72,-7.72,0.00,0.00,0.00,452,419,426,332,362
3.80,-8.18,-8.18,0.01,0.01,0.01,452,419,426,332,362
4.06,-7.96,-7.96,0.10,0.10,0.10,452,418,426,332,362
3.27,-7.90,-7.90,-0.09,-0.09,-0.09,452,418,425,332,362
3.32,-7.83,-7.83,0.08,0.08,0.08,451,418,425,332,362
4.24,-7.79,-7.79,0.10,0.10,0.10,451,418,425,333,362
3.91,-7.73,-7.73,0.01,0.01,0.01,451,418,426,332,362
3.00,-7.69,-7.69,0.01,0.01,0.01,451,418,425,332,362
5.27,-7.58,-7.58,0.10,0.10,0.10,451,418,425,332,363
3.96,-7.64,-7.64,-0.01,-0.01,-0.01,451,418,425,332,363
3.49,-7.98,-7.98,0.05,0.05,0.05,451,418,425,332,363
END
4.78,-7.79,-7.79,0.05,0.05,0.05,447,416,426,332,363
6.06,-6.94,-6.94,0.10,0.10,0.10,447,416,426,332,365
7.04,-8.43,-8.43,-0.07,-0.07,-0.07,447,416,426,332,365
4.85,-7.87,-7.87,0.31,0.31,0.31,447,416,425,332,365
7.58,-8.38,-8.38,0.01,0.01,0.01,446,416,425,332,364
5.04,-8.29,-8.29,0.18,0.18,0.18,447,416,425,332,364
3.28,-7.49,-7.49,-0.09,-0.09,-0.09,447,417,425,332,363
5.32,-7.42,-7.42,0.32,0.32,0.32,448,418,426,332,364
4.65,-6.53,-6.53,0.19,0.19,0.19,449,418,425,332,364
4.54,-7.07,-7.07,-0.18,-0.18,-0.18,448,418,425,332,364
5.98,-9.87,-9.87,0.16,0.16,0.16,448,418,425,332,364
5.73,-7.11,-7.11,0.29,0.29,0.29,448,418,425,332,364
2.37,-6.57,-6.57,-0.47,-0.47,-0.47,450,418,425,332,364
4.41,-6.34,-6.34,0.01,0.01,0.01,450,417,425,332,364
-0.04,-8.63,-8.63,0.42,0.42,0.42,450,417,424,332,364
3.04,-8.85,-8.85,-0.10,-0.10,-0.10,449,417,425,332,363
3.80,-8.41,-8.41,-0.08,-0.08,-0.08,449,417,424,332,363
4.52,-8.48,-8.48,0.17,0.17,0.17,449,417,424,332,363
2.22,-8.04,-8.04,0.12,0.12,0.12,450,417,425,332,363
3.73,-8.87,-8.87,0.05,0.05,0.05,449,417,425,332,363
3.34,-8.52,-8.52,0.14,0.14,0.14,449,417,425,332,363
4.35,-8.26,-8.26,0.07,0.07,0.07,450,417,425,332,363
2.81,-8.06,-8.06,-0.01,-0.01,-0.01,450,417,425,332,363
5.30,-7.93,-7.93,0.12,0.12,0.12,450,417,425,332,363
3.44,-8.13,-8.13,0.02,0.02,0.02,450,417,424,333,363
3.87,-8.23,-8.23,0.02,0.02,0.02,450,417,425,332,363
4.35,-7.98,-7.98,0.03,0.03,0.03,450,417,425,332,363
4.24,-8.10,-8.10,0.07,0.07,0.07,450,417,425,332,363
3.20,-8.13,-8.13,0.08,0.08,0.08,450,417,425,332,363
4.14,-8.01,-8.01,0.03,0.03,0.03,450,417,425,332,363
4.04,-8.21,-8.21,0.05,0.05,0.05,450,417,425,332,363
3.78,-8.18,-8.18,0.05,0.05,0.05,450,417,425,332,363
3.66,-8.31,-8.31,0.06,0.06,0.06,450,417,425,332,363
3.95,-7.79,-7.79,0.06,0.06,0.06,450,417,425,332,363
3.64,-8.42,-8.42,0.01,0.01,0.01,450,417,424,332,363
3.59,-8.24,-8.24,0.06,0.06,0.06,450,417,424,332,363
4.05,-8.09,-8.09,0.04,0.04,0.04,450,416,424,332,363
3.88,-8.03,-8.03,0.03,0.03,0.03,450,416,424,332,363
3.66,-8.43,-8.43,0.05,0.05,0.05,450,416,424,332,363
4.01,-7.90,-7.90,0.03,0.03,0.03,450,417,424,333,363
3.85,-8.18,-8.18,0.06,0.06,0.06,450,416,425,332,363
END
4.24,-7.94,-7.94,-0.01,-0.01,-0.01,448,416,426,332,364
6.05,-7.21,-7.21,0.09,0.09,0.09,448,416,426,332,364
6.24,-7.25,-7.25,0.11,0.11,0.11,449,416,426,332,364
7.17,-7.29,-7.29,0.07,0.07,0.07,448,416,426,332,364
7.07,-7.57,-7.57,0.21,0.21,0.21,448,416,425,332,364
5.72,-7.42,-7.42,0.05,0.05,0.05,448,416,425,332,363
5.08,-7.36,-7.36,0.23,0.23,0.23,448,416,425,332,363
5.08,-6.82,-6.82,0.10,0.10,0.10,448,416,426,332,363
6.25,-7.65,-7.65,0.29,0.29,0.29,448,416,426,332,363
3.61,-6.27,-6.27,-0.15,-0.15,-0.15,449,417,426,332,364
6.20,-7.89,-7.89,0.39,0.39,0.39,449,417,425,332,364
7.47,-7.41,-7.41,0.05,0.05,0.05,448,417,425,332,364
7.36,-7.19,-7.19,0.09,0.09,0.09,448,417,425,332,364
5.74,-6.67,-6.67,0.06,0.06,0.06,448,417,425,332,364
5.75,-6.79,-6.79,0.04,0.04,0.04,449,417,425,332,364
1.62,-7.15,-7.15,0.17,0.17,0.17,451,418,425,332,364
3.24,-6.41,-6.41,0.19,0.19,0.19,452,418,425,332,364
8.36,-6.63,-6.63,0.29,0.29,0.29,453,418,426,332,364
4.89,-7.37,-7.37,0.09,0.09,0.09,453,418,426,332,364
2.74,-7.64,-7.64,0.00,0.00,0.00,453,419,426,332,364
4.24,-7.30,-7.30,-0.01,-0.01,-0.01,453,419,426,332,364
4.12,-7.64,-7.64,0.01,0.01,0.01,453,418,426,332,364
3.64,-8.23,-8.23,-0.02,-0.02,-0.02,453,418,426,332,364
4.54,-7.79,-7.79,0.02,0.02,0.02,452,418,426,332,364
4.12,-7.74,-7.74,-0.03,-0.03,-0.03,453,418,426,332,364
5.10,-7.42,-7.42,-0.00,-0.00,-0.00,452,418,426,332,363
4.54,-7.48,-7.48,0.03,0.03,0.03,452,418,426,332,364
4.49,-7.30,-7.30,0.05,0.05,0.05,452,418,426,332,363
4.64,-7.14,-7.14,0.24,0.24,0.24,452,418,426,332,360
4.00,-7.90,-7.90,-0.04,-0.04,-0.04,452,418,427,332,360
4.65,-7.62,-7.62,0.04,0.04,0.04,451,418,426,332,360
4.42,-7.65,-7.65,0.01,0.01,0.01,452,418,426,332,361
3.86,-7.67,-7.67,0.03,0.03,0.03,451,418,426,332,361
4.28,-7.39,-7.39,0.05,0.05,0.05,451,417,426,332,361
4.82,-7.20,-7.20,0.04,0.04,0.04,451,418,426,332,361
4.05,-7.74,-7.74,0.02,0.02,0.02,451,418,426,332,361
3.98,-7.43,-7.43,0.06,0.06,0.06,451,418,426,332,361
3.99,-7.68,-7.68,0.01,0.01,0.01,451,418,426,332,361
4.37,-7.98,-7.98,0.06,0.06,0.06,451,417,426,332,361
4.19,-7.47,-7.47,-0.08,-0.08,-0.08,451,417,426,332,361
4.16,-7.67,-7.67,0.06,0.06,0.06,450,417,426,332,361
END
3.94,-7.38,-7.38,-0.09,-0.09,-0.09,447,418,426,332,361
6.88,-7.05,-7.05,0.01,0.01,0.01,447,418,426,332,362
5.53,-6.89,-6.89,0.23,0.23,0.23,447,418,426,332,362
6.54,-7.07,-7.07,0.11,0.11,0.11,447,417,426,332,362
7.55,-7.73,-7.73,0.06,0.06,0.06,447,417,426,332,362
5.92,-7.66,-7.66,0.30,0.30,0.30,447,417,426,332,362
6.02,-8.35,-8.35,0.11,0.11,0.11,447,417,426,332,362
3.37,-7.95,-7.95,-0.01,-0.01,-0.01,447,417,426,333,361
4.40,-6.96,-6.96,0.11,0.11,0.11,446,417,426,333,361
3.14,-6.93,-6.93,0.23,0.23,0.23,447,417,426,333,361
5.33,-7.39,-7.39,0.02,0.02,0.02,446,418,426,333,361
3.91,-8.54,-8.54,-0.13,-0.13,-0.13,446,418,426,333,361
9.58,-9.10,-9.10,-0.31,-0.31,-0.31,446,417,426,333,361
-0.73,-6.51,-6.51,0.81,0.81,0.81,449,418,426,333,361
4.57,-5.05,-5.05,-0.16,-0.16,-0.16,447,417,426,333,361
8.22,-5.53,-5.53,0.19,0.19,0.19,447,417,426,333,361
-2.11,-6.63,-6.63,-0.10,-0.10,-0.10,449,418,426,333,361
6.08,-7.62,-7.62,-0.20,-0.20,-0.20,448,418,425,333,362
0.44,-7.44,-7.44,0.31,0.31,0.31,452,418,425,333,361
3.98,-8.95,-8.95,0.02,0.02,0.02,450,418,425,333,361
2.37,-8.68,-8.68,-0.06,-0.06,-0.06,450,418,425,333,362
5.41,-8.27,-8.27,0.07,0.07,0.07,449,418,425,333,362
3.59,-8.18,-8.18,0.04,0.04,0.04,450,419,426,333,362
4.02,-8.82,-8.82,-0.02,-0.02,-0.02,450,418,426,333,362
4.08,-7.95,-7.95,0.01,0.01,0.01,449,418,426,333,362
4.81,-7.76,-7.76,-0.04,-0.04,-0.04,449,418,426,333,362
3.57,-8.04,-8.04,0.02,0.02,0.02,449,418,426,333,362
3.18,-8.50,-8.50,0.07,0.07,0.07,449,418,426,333,362
4.59,-8.16,-8.16,-0.09,-0.09,-0.09,449,418,427,333,364
4.38,-7.90,-7.90,-0.11,-0.11,-0.11,449,418,427,333,366
4.19,-7.77,-7.77,0.08,0.08,0.08,449,418,427,333,366
3.95,-8.04,-8.04,0.06,0.06,0.06,449,418,427,333,366
4.08,-8.39,-8.39,0.04,0.04,0.04,449,418,427,333,365
4.58,-7.74,-7.74,0.08,0.08,0.08,449,418,427,333,365
4.55,-7.99,-7.99,-0.00,-0.00,-0.00,449,418,427,333,365
3.42,-8.43,-8.43,0.06,0.06,0.06,449,418,426,333,365
4.90,-7.76,-7.76,0.05,0.05,0.05,449,418,427,333,365
3.70,-7.82,-7.82,-0.05,-0.05,-0.05,448,418,426,333,365
3.68,-8.16,-8.16,0.07,0.07,0.07,448,418,426,333,365
4.69,-7.97,-7.97,0.06,0.06,0.06,448,418,426,333,365
3.98,-8.32,-8.32,0.07,0.07,0.07,448,418,426,333,365
END
4.16,-8.08,-8.08,0.01,0.01,0.01,445,416,426,333,363
6.65,-6.90,-6.90,-0.00,-0.00,-0.00,445,416,426,333,363
6.86,-6.69,-6.69,0.02,0.02,0.02,445,416,426,333,363
6.73,-6.50,-6.50,0.03,0.03,0.03,445,416,426,333,363
6.78,-6.75,-6.75,0.12,0.12,0.12,445,416,426,333,363
6.34,-6.22,-6.22,0.11,0.11,0.11,445,416,426,333,362
7.14,-7.06,-7.06,0.25,0.25,0.25,445,416,427,333,362
5.90,-7.26,-7.26,0.31,0.31,0.31,445,416,427,332,362
6.77,-7.64,-7.64,0.30,0.30,0.30,445,416,426,333,362
8.08,-6.93,-6.93,-0.14,-0.14,-0.14,446,416,427,332,362
7.83,-6.93,-6.93,-0.09,-0.09,-0.09,449,419,427,333,362
5.99,-6.88,-6.88,0.33,0.33,0.33,452,421,428,333,362
7.77,-7.54,-7.54,-0.08,-0.08,-0.08,451,422,427,333,362
5.97,-7.70,-7.70,-0.01,-0.01,-0.01,451,422,427,333,362
5.50,-7.42,-7.42,0.25,0.25,0.25,452,421,427,333,362
3.56,-6.58,-6.58,0.11,0.11,0.11,454,422,428,333,362
2.61,-5.85,-5.85,0.07,0.07,0.07,456,424,428,333,362
3.60,-6.81,-6.81,0.62,0.62,0.62,460,426,431,333,361
7.85,-6.67,-6.67,-0.22,-0.22,-0.22,458,425,431,333,360
7.20,-7.70,-7.70,-0.02,-0.02,-0.02,458,424,431,333,360
5.49,-6.48,-6.48,0.24,0.24,0.24,458,424,430,333,360
4.90,-8.57,-8.57,0.12,0.12,0.12,459,424,429,333,360
3.83,-7.84,-7.84,0.08,0.08,0.08,457,425,427,332,363
5.86,-6.81,-6.81,0.26,0.26,0.26,453,425,427,333,366
6.32,-7.04,-7.04,0.01,0.01,0.01,452,425,427,333,367
4.56,-8.17,-8.17,0.07,0.07,0.07,452,425,427,333,367
6.03,-7.18,-7.18,0.09,0.09,0.09,451,424,427,333,367
5.11,-7.70,-7.70,-0.07,-0.07,-0.07,451,424,427,333,366
5.98,-7.18,-7.18,-0.05,-0.05,-0.05,451,424,427,333,366
5.02,-7.15,-7.15,-0.02,-0.02,-0.02,450,423,426,333,366
4.61,-6.99,-6.99,-0.04,-0.04,-0.04,450,423,427,333,367
5.79,-7.32,-7.32,-0.00,-0.00,-0.00,450,423,426,333,366
7.03,-7.30,-7.30,0.05,0.05,0.05,449,423,427,333,366
5.18,-7.49,-7.49,0.01,0.01,0.01,450,423,427,333,366
5.74,-7.37,-7.37,0.03,0.03,0.03,449,423,427,333,366
5.43,-6.78,-6.78,0.02,0.02,0.02,449,423,427,333,366
5.19,-7.21,-7.21,0.06,0.06,0.06,449,423,427,333,366
5.56,-7.25,-7.25,0.06,0.06,0.06,449,423,427,333,366
5.22,-7.07,-7.07,0.01,0.01,0.01,449,422,427,333,366
5.50,-7.24,-7.24,0.04,0.04,0.04,449,422,427,333,366
5.21,-7.42,-7.42,0.07,0.07,0.07,449,422,426,333,366
END
5.00,-7.26,-7.26,0.03,0.03,0.03,448,420,429,332,362
6.67,-6.82,-6.82,0.08,0.08,0.08,448,420,429,332,362
7.51,-6.68,-6.68,0.08,0.08,0.08,447,420,429,332,362
6.40,-7.30,-7.30,0.15,0.15,0.15,447,420,429,333,362
4.97,-7.90,-7.90,0.11,0.11,0.11,447,420,429,333,363
7.21,-7.77,-7.77,0.21,0.21,0.21,447,420,429,332,363
5.53,-6.92,-6.92,-0.05,-0.05,-0.05,446,420,429,332,363
5.69,-7.65,-7.65,0.05,0.05,0.05,446,420,428,333,363
5.38,-7.27,-7.27,0.00,0.00,0.00,445,420,428,333,363
6.96,-7.46,-7.46,0.05,0.05,0.05,445,419,427,333,363
7.00,-7.03,-7.03,0.25,0.25,0.25,445,419,427,332,363
3.60,-7.26,-7.26,-0.01,-0.01,-0.01,446,420,427,332,363
2.50,-6.50,-6.50,0.05,0.05,0.05,447,420,428,333,363
2.04,-5.71,-5.71,0.64,0.64,0.64,447,420,428,332,363
3.01,-8.77,-8.77,0.75,0.75,0.75,448,420,428,332,363
4.70,-7.73,-7.73,-0.33,-0.33,-0.33,448,420,428,332,363
6.12,-7.19,-7.19,0.25,0.25,0.25,447,420,428,332,362
1.97,-7.84,-7.84,-0.14,-0.14,-0.14,448,420,428,332,363
3.29,-7.32,-7.32,0.13,0.13,0.13,449,420,428,333,362
1.98,-8.03,-8.03,-0.06,-0.06,-0.06,449,420,428,333,362
4.29,-7.66,-7.66,0.04,0.04,0.04,449,420,428,334,362
3.37,-7.66,-7.66,0.06,0.06,0.06,449,420,428,332,362
5.07,-8.15,-8.15,0.05,0.05,0.05,448,420,428,333,362
2.15,-8.40,-8.40,-0.00,-0.00,-0.00,448,420,428,333,362
4.23,-7.89,-7.89,-0.01,-0.01,-0.01,448,420,428,332,362
2.09,-8.18,-8.18,-0.00,-0.00,-0.00,448,420,428,332,362
3.32,-8.11,-8.11,0.21,0.21,0.21,448,420,428,332,362
3.04,-7.99,-7.99,-0.00,-0.00,-0.00,449,420,429,333,364
3.53,-8.34,-8.34,0.14,0.14,0.14,449,421,429,332,365
2.96,-8.02,-8.02,0.05,0.05,0.05,449,421,429,333,365
3.20,-8.31,-8.31,0.05,0.05,0.05,449,421,429,333,365
3.44,-8.40,-8.40,-0.01,-0.01,-0.01,449,420,428,332,364
3.60,-8.19,-8.19,0.05,0.05,0.05,449,420,428,332,364
2.75,-7.98,-7.98,-0.05,-0.05,-0.05,448,420,428,332,364
2.38,-7.57,-7.57,-0.02,-0.02,-0.02,448,420,428,332,364
1.54,-7.26,-7.26,-0.06,-0.06,-0.06,448,420,428,332,364
6.50,-7.75,-7.75,-0.05,-0.05,-0.05,448,420,428,332,364
0.84,-7.59,-7.59,0.19,0.19,0.19,448,420,428,332,364
3.93,-8.36,-8.36,-0.06,-0.06,-0.06,448,420,428,333,364
2.34,-8.39,-8.39,0.06,0.06,0.06,448,420,428,333,364
3.70,-8.26,-8.26,0.03,0.03,0.03,448,420,428,333,363
END
2.91,-7.90,-7.90,0.04,0.04,0.04,444,418,427,333,362
7.00,-6.81,-6.81,0.15,0.15,0.15,444,418,427,332,362
7.71,-7.01,-7.01,0.29,0.29,0.29,443,419,426,332,363
7.77,-7.75,-7.75,0.19,0.19,0.19,441,420,423,332,365
6.77,-7.54,-7.54,0.05,0.05,0.05,441,419,422,332,367
6.58,-7.46,-7.46,0.17,0.17,0.17,440,419,421,332,367
5.92,-7.10,-7.10,0.02,0.02,0.02,440,419,421,333,367
6.48,-6.81,-6.81,0.15,0.15,0.15,440,418,421,333,368
2.62,-5.92,-5.92,0.31,0.31,0.31,442,419,421,332,368
5.61,-6.73,-6.73,0.42,0.42,0.42,441,419,420,332,370
7.44,-7.44,-7.44,0.54,0.54,0.54,441,419,420,332,371
3.03,-6.68,-6.68,0.14,0.14,0.14,442,419,419,332,372
4.87,-6.30,-6.30,0.15,0.15,0.15,444,419,420,332,372
9.63,-6.08,-6.08,0.78,0.78,0.78,443,419,420,333,372
1.30,-7.93,-7.93,0.02,0.02,0.02,445,419,420,334,372
8.92,-6.65,-6.65,-0.17,-0.17,-0.17,443,418,420,333,372
2.78,-6.31,-6.31,-0.01,-0.01,-0.01,444,418,420,333,372
3.32,-7.01,-7.01,-0.08,-0.08,-0.08,443,418,420,333,372
4.23,-7.07,-7.07,-0.14,-0.14,-0.14,443,418,420,333,372
5.64,-6.65,-6.65,0.07,0.07,0.07,443,418,420,333,372
4.16,-7.36,-7.36,0.03,0.03,0.03,443,417,420,333,372
3.82,-7.95,-7.95,-0.04,-0.04,-0.04,442,417,420,333,371
4.41,-7.86,-7.86,-0.01,-0.01,-0.01,442,417,420,333,371
5.44,-7.23,-7.23,0.05,0.05,0.05,442,417,420,333,371
4.10,-7.24,-7.24,-0.02,-0.02,-0.02,442,417,421,333,371
4.51,-7.48,-7.48,0.00,0.00,0.00,442,417,420,333,371
4.79,-7.37,-7.37,0.03,0.03,0.03,442,417,420,333,371
4.79,-7.27,-7.27,0.05,0.05,0.05,442,417,420,333,371
4.26,-7.42,-7.42,0.03,0.03,0.03,442,417,421,333,371
4.60,-7.54,-7.54,0.01,0.01,0.01,442,417,421,333,371
4.93,-7.42,-7.42,-0.05,-0.05,-0.05,442,417,421,333,371
4.83,-7.51,-7.51,0.06,0.06,0.06,442,417,421,333,371
4.09,-7.44,-7.44,0.03,0.03,0.03,442,417,421,333,371
5.57,-7.37,-7.37,0.00,0.00,0.00,442,416,421,333,371
4.54,-7.54,-7.54,0.04,0.04,0.04,442,416,420,332,371
4.33,-7.42,-7.42,0.03,0.03,0.03,442,416,421,332,371
5.25,-7.53,-7.53,0.00,0.00,0.00,442,416,420,333,371
4.68,-7.39,-7.39,-0.00,-0.00,-0.00,442,416,420,333,371
4.52,-7.41,-7.41,0.03,0.03,0.03,441,416,420,333,371
4.88,-7.47,-7.47,0.01,0.01,0.01,441,416,420,333,371
4.30,-7.68,-7.68,0.02,0.02,0.02,441,416,420,333,371
END
5.05,-7.01,-7.01,0.05,0.05,0.05,445,419,429,332,367
6.30,-6.79,-6.79,0.07,0.07,0.07,445,419,429,332,366
6.28,-6.81,-6.81,0.13,0.13,0.13,444,419,428,332,366
6.35,-7.24,-7.24,0.13,0.13,0.13,444,420,427,332,366
6.93,-7.48,-7.48,0.14,0.14,0.14,443,420,426,333,366
5.87,-7.15,-7.15,0.26,0.26,0.26,443,419,425,333,367
6.93,-7.57,-7.57,0.02,0.02,0.02,443,419,424,333,367
6.64,-7.32,-7.32,0.25,0.25,0.25,443,418,424,333,367
4.23,-6.47,-6.47,0.28,0.28,0.28,443,418,424,333,367
3.28,-5.89,-5.89,-0.06,-0.06,-0.06,444,418,424,333,367
5.23,-7.66,-7.66,0.54,0.54,0.54,444,418,424,333,367
3.69,-9.07,-9.07,0.32,0.32,0.32,444,419,423,333,367
7.14,-7.18,-7.18,0.11,0.11,0.11,443,419,424,333,368
8.99,-5.74,-5.74,-0.04,-0.04,-0.04,443,418,423,332,368
4.52,-5.86,-5.86,0.25,0.25,0.25,447,420,424,333,369
1.69,-5.66,-5.66,0.30,0.30,0.30,451,421,424,333,369
3.96,-6.20,-6.20,-0.27,-0.27,-0.27,450,421,424,332,370
6.64,-6.63,-6.63,0.02,0.02,0.02,449,421,424,333,371
2.58,-8.02,-8.02,0.04,0.04,0.04,450,421,424,333,371
4.58,-7.90,-7.90,0.03,0.03,0.03,448,420,424,333,371
4.31,-7.93,-7.93,0.02,0.02,0.02,448,420,424,333,371
5.04,-7.85,-7.85,0.09,0.09,0.09,448,420,424,333,370
4.95,-7.75,-7.75,0.04,0.04,0.04,448,420,424,333,370
4.47,-7.67,-7.67,-0.07,-0.07,-0.07,448,420,424,333,370
4.68,-7.47,-7.47,-0.01,-0.01,-0.01,447,419,424,333,370
5.49,-7.07,-7.07,0.01,0.01,0.01,447,419,424,333,370
4.77,-7.09,-7.09,0.05,0.05,0.05,447,420,424,333,370
5.07,-7.65,-7.65,-0.01,-0.01,-0.01,447,419,424,333,370
5.30,-7.44,-7.44,0.03,0.03,0.03,447,419,424,333,370
4.80,-7.17,-7.17,-0.01,-0.01,-0.01,447,419,424,333,370
5.25,-7.13,-7.13,0.06,0.06,0.06,447,419,424,333,370
4.05,-7.31,-7.31,0.06,0.06,0.06,447,419,424,333,370
4.66,-7.37,-7.37,-0.02,-0.02,-0.02,447,419,424,333,369
5.46,-7.27,-7.27,0.14,0.14,0.14,447,419,424,333,369
4.09,-7.29,-7.29,0.04,0.04,0.04,447,419,424,333,369
5.77,-7.61,-7.61,-0.01,-0.01,-0.01,446,419,424,332,369
4.77,-7.38,-7.38,0.07,0.07,0.07,446,419,424,333,369
4.85,-7.29,-7.29,0.01,0.01,0.01,446,418,424,333,369
4.79,-7.44,-7.44,0.03,0.03,0.03,446,419,424,333,369
4.89,-7.26,-7.26,0.03,0.03,0.03,446,419,424,333,369
4.62,-7.13,-7.13,0.03,0.03,0.03,446,419,424,333,369
END
4.53,-7.56,-7.56,0.08,0.08,0.08,442,416,427,332,364
6.25,-6.55,-6.55,0.08,0.08,0.08,443,416,427,332,363
6.04,-6.67,-6.67,0.17,0.17,0.17,442,416,427,332,364
6.44,-6.79,-6.79,0.12,0.12,0.12,442,416,427,332,363
7.29,-6.88,-6.88,0.19,0.19,0.19,443,416,427,332,363
6.91,-7.15,-7.15,0.04,0.04,0.04,442,416,427,332,363
7.50,-7.52,-7.52,0.26,0.26,0.26,443,417,426,332,363
6.04,-7.80,-7.80,-0.05,-0.05,-0.05,442,416,425,332,363
4.74,-6.52,-6.52,0.17,0.17,0.17,442,416,425,332,366
7.09,-6.40,-6.40,0.18,0.18,0.18,441,417,424,332,370
6.54,-7.57,-7.57,0.30,0.30,0.30,441,417,423,332,370
5.86,-7.41,-7.41,-0.03,-0.03,-0.03,441,417,423,332,370
5.53,-6.73,-6.73,0.16,0.16,0.16,441,417,423,332,370
3.11,-4.50,-4.50,0.22,0.22,0.22,442,417,423,332,370
0.52,-3.91,-3.91,-0.08,-0.08,-0.08,445,418,423,332,369
16.08,-4.59,-4.59,0.61,0.61,0.61,440,416,422,332,369
1.67,-8.33,-8.33,0.04,0.04,0.04,443,417,422,332,368
3.76,-6.17,-6.17,-0.08,-0.08,-0.08,443,417,422,332,368
5.19,-6.20,-6.20,0.06,0.06,0.06,442,417,422,332,368
5.23,-7.54,-7.54,0.10,0.10,0.10,442,417,422,332,368
3.55,-7.50,-7.50,0.06,0.06,0.06,442,417,422,332,368
5.47,-7.48,-7.48,0.06,0.06,0.06,442,417,422,332,368
6.09,-7.39,-7.39,0.22,0.22,0.22,442,417,422,332,368
6.04,-7.16,-7.16,0.13,0.13,0.13,443,417,422,332,368
4.69,-7.62,-7.62,-0.05,-0.05,-0.05,443,417,422,332,367
5.76,-7.01,-7.01,-0.03,-0.03,-0.03,442,417,422,332,366
5.76,-6.75,-6.75,0.02,0.02,0.02,442,417,422,332,366
3.93,-7.23,-7.23,0.07,0.07,0.07,442,417,422,332,366
5.06,-6.87,-6.87,0.00,0.00,0.00,442,417,422,332,366
5.51,-7.41,-7.41,-0.04,-0.04,-0.04,442,417,422,332,367
4.21,-7.21,-7.21,0.10,0.10,0.10,443,417,423,332,368
4.77,-6.99,-6.99,0.03,0.03,0.03,443,417,423,332,368
5.44,-7.61,-7.61,-0.11,-0.11,-0.11,443,417,422,332,368
5.59,-7.44,-7.44,0.10,0.10,0.10,445,417,422,332,368
5.32,-7.01,-7.01,-0.03,-0.03,-0.03,445,418,422,332,368
5.10,-7.39,-7.39,-0.00,-0.00,-0.00,445,418,422,332,368
5.49,-7.03,-7.03,0.01,0.01,0.01,445,417,422,332,368
5.32,-6.85,-6.85,0.05,0.05,0.05,445,417,422,332,368
5.51,-7.09,-7.09,0.00,0.00,0.00,445,417,422,332,367
5.15,-6.84,-6.84,0.05,0.05,0.05,445,417,421,332,368
5.72,-6.93,-6.93,0.04,0.04,0.04,445,417,421,332,368
END
5.01,-7.20,-7.20,0.03,0.03,0.03,445,417,426,332,363
6.55,-6.30,-6.30,0.02,0.02,0.02,445,417,426,332,363
6.84,-6.17,-6.17,0.11,0.11,0.11,445,417,427,332,363
7.47,-6.65,-6.65,0.17,0.17,0.17,445,417,426,332,363
6.72,-6.57,-6.57,0.09,0.09,0.09,445,417,427,332,363
7.04,-7.01,-7.01,0.13,0.13,0.13,445,417,427,332,363
6.88,-7.25,-7.25,0.11,0.11,0.11,445,417,427,332,363
6.27,-7.14,-7.14,0.14,0.14,0.14,445,417,427,332,363
5.20,-7.07,-7.07,0.21,0.21,0.21,445,417,427,332,363
7.72,-7.56,-7.56,0.15,0.15,0.15,444,417,427,332,363
7.13,-7.14,-7.14,0.15,0.15,0.15,445,418,427,332,363
4.87,-6.22,-6.22,0.32,0.32,0.32,445,418,427,333,363
8.14,-7.24,-7.24,0.01,0.01,0.01,444,418,427,332,364
6.75,-7.50,-7.50,0.18,0.18,0.18,444,419,427,332,364
4.11,-5.58,-5.58,0.25,0.25,0.25,447,419,427,332,364
6.88,-6.91,-6.91,0.47,0.47,0.47,448,419,427,333,364
1.20,-7.78,-7.78,0.12,0.12,0.12,450,420,427,333,364
4.95,-7.11,-7.11,-0.01,-0.01,-0.01,450,420,427,333,364
8.24,-7.73,-7.73,0.08,0.08,0.08,449,420,427,333,364
4.29,-6.69,-6.69,-0.12,-0.12,-0.12,450,420,427,333,364
2.17,-9.44,-9.44,0.09,0.09,0.09,451,420,428,333,363
3.98,-7.77,-7.77,-0.01,-0.01,-0.01,450,420,428,333,362
4.23,-7.03,-7.03,-0.01,-0.01,-0.01,451,420,428,333,363
5.02,-6.92,-6.92,0.07,0.07,0.07,451,420,428,332,362
4.82,-7.44,-7.44,0.02,0.02,0.02,450,420,428,333,362
4.32,-7.99,-7.99,0.09,0.09,0.09,450,420,428,333,362
5.97,-8.03,-8.03,0.05,0.05,0.05,450,420,427,333,363
5.38,-8.21,-8.21,0.07,0.07,0.07,451,420,427,333,363
4.67,-7.77,-7.77,0.01,0.01,0.01,450,419,427,333,362
5.10,-7.76,-7.76,0.00,0.00,0.00,450,419,427,333,363
4.74,-7.66,-7.66,0.07,0.07,0.07,450,420,427,333,363
4.54,-7.34,-7.34,0.01,0.01,0.01,450,420,427,333,363
5.25,-7.95,-7.95,0.08,0.08,0.08,450,420,427,333,363
4.67,-7.75,-7.75,0.04,0.04,0.04,451,420,427,333,363
5.05,-7.84,-7.84,0.01,0.01,0.01,450,420,427,333,363
5.23,-7.50,-7.50,0.04,0.04,0.04,450,420,427,333,363
4.42,-7.70,-7.70,0.03,0.03,0.03,451,420,427,333,363
5.28,-7.59,-7.59,0.02,0.02,0.02,450,420,427,332,363
5.02,-7.80,-7.80,0.03,0.03,0.03,450,420,427,333,363
4.61,-7.98,-7.98,0.02,0.02,0.02,450,419,427,332,363
5.08,-7.66,-7.66,0.02,0.02,0.02,450,419,427,333,363
END