6.02,-7.36,-7.36,0.05,0.05,0.05,471,431,450,337,395
5.69,-7.29,-7.29,0.06,0.06,0.06,471,431,450,337,395
5.83,-7.26,-7.26,0.05,0.05,0.05,471,431,450,337,394
6.04,-7.10,-7.10,0.08,0.08,0.08,471,431,450,337,394
5.41,-7.50,-7.50,0.03,0.03,0.03,471,431,450,337,394
5.71,-7.16,-7.16,0.11,0.11,0.11,471,431,450,337,394
5.33,-7.80,-7.80,0.06,0.06,0.06,472,431,450,337,394
4.94,-7.90,-7.90,-0.07,-0.07,-0.07,471,431,450,337,394
5.50,-7.72,-7.72,-0.03,-0.03,-0.03,471,431,450,337,394
4.87,-7.31,-7.31,-0.14,-0.14,-0.14,471,431,450,337,394
5.25,-6.98,-6.98,-0.17,-0.17,-0.17,471,431,450,337,394
5.20,-7.00,-7.00,-0.15,-0.15,-0.15,470,431,450,337,394
5.10,-6.86,-6.86,-0.12,-0.12,-0.12,470,431,450,337,394
5.58,-7.11,-7.11,-0.12,-0.12,-0.12,470,431,450,337,394
5.71,-7.29,-7.29,-0.18,-0.18,-0.18,469,431,450,337,394
5.74,-6.87,-6.87,-0.27,-0.27,-0.27,468,431,450,337,393
5.86,-6.71,-6.71,-0.28,-0.28,-0.28,467,430,450,337,393
6.04,-6.76,-6.76,-0.39,-0.39,-0.39,467,430,450,337,393
6.25,-6.09,-6.09,-0.38,-0.38,-0.38,466,430,449,337,393
5.41,-6.28,-6.28,-0.34,-0.34,-0.34,466,430,449,336,393
6.05,-5.68,-5.68,-0.34,-0.34,-0.34,465,430,449,336,393
5.88,-6.23,-6.23,-0.32,-0.32,-0.32,465,430,449,336,393
6.81,-6.12,-6.12,-0.37,-0.37,-0.37,465,429,448,336,392
7.07,-6.12,-6.12,-0.21,-0.21,-0.21,465,430,448,336,393
5.84,-5.69,-5.69,-0.27,-0.27,-0.27,464,429,448,336,392
5.37,-5.94,-5.94,-0.44,-0.44,-0.44,463,429,448,336,392
6.35,-6.14,-6.14,-0.36,-0.36,-0.36,463,429,448,336,392
5.99,-6.07,-6.07,-0.40,-0.40,-0.40,463,429,448,336,392
6.89,-5.74,-5.74,-0.36,-0.36,-0.36,462,428,448,336,392
7.27,-5.73,-5.73,-0.41,-0.41,-0.41,462,429,448,336,392
6.57,-5.78,-5.78,-0.35,-0.35,-0.35,462,428,447,336,392
6.98,-5.53,-5.53,-0.31,-0.31,-0.31,462,428,448,336,392
6.87,-5.50,-5.50,-0.31,-0.31,-0.31,462,429,448,336,392
6.76,-5.82,-5.82,-0.37,-0.37,-0.37,462,429,448,336,392
7.03,-5.48,-5.48,-0.25,-0.25,-0.25,462,428,448,336,392
6.09,-5.79,-5.79,-0.52,-0.52,-0.52,461,428,448,336,392
6.51,-6.12,-6.12,-0.49,-0.49,-0.49,460,428,448,335,392
6.50,-5.61,-5.61,-0.31,-0.31,-0.31,460,428,447,335,391
6.82,-5.88,-5.88,-0.36,-0.36,-0.36,459,428,447,335,391
6.51,-6.12,-6.12,-0.33,-0.33,-0.33,459,428,447,335,390
6.44,-5.97,-5.97,-0.28,-0.28,-0.28,459,428,447,335,390
END
7.37,-5.96,-5.96,-0.20,-0.20,-0.20,468,432,448,335,381
6.86,-7.20,-7.20,0.13,0.13,0.13,469,432,449,335,381
6.02,-7.14,-7.14,-0.00,-0.00,-0.00,469,432,449,335,381
5.98,-7.57,-7.57,0.00,0.00,0.00,469,432,448,335,381
5.97,-7.56,-7.56,-0.05,-0.05,-0.05,469,432,448,335,381
5.41,-8.99,-8.99,0.06,0.06,0.06,469,432,448,335,381
5.17,-7.29,-7.29,0.01,0.01,0.01,469,432,448,335,380
5.19,-7.50,-7.50,-0.02,-0.02,-0.02,469,432,447,335,380
4.97,-7.54,-7.54,-0.04,-0.04,-0.04,468,432,447,335,380
5.23,-7.74,-7.74,-0.01,-0.01,-0.01,468,432,447,335,380
5.68,-7.48,-7.48,-0.12,-0.12,-0.12,468,432,447,335,380
5.73,-7.61,-7.61,-0.24,-0.24,-0.24,468,431,447,335,380
6.04,-7.64,-7.64,-0.26,-0.26,-0.26,467,431,447,335,380
5.87,-7.40,-7.40,-0.31,-0.31,-0.31,467,431,447,335,380
5.82,-7.17,-7.17,-0.41,-0.41,-0.41,466,431,447,336,380
5.49,-6.88,-6.88,-0.44,-0.44,-0.44,466,431,447,335,380
5.83,-6.67,-6.67,-0.40,-0.40,-0.40,465,431,447,335,380
5.40,-6.68,-6.68,-0.43,-0.43,-0.43,464,430,446,336,379
5.96,-6.60,-6.60,-0.52,-0.52,-0.52,464,430,447,335,379
5.99,-6.40,-6.40,-0.49,-0.49,-0.49,463,430,446,335,379
6.03,-6.40,-6.40,-0.54,-0.54,-0.54,463,429,446,335,379
6.14,-6.23,-6.23,-0.63,-0.63,-0.63,463,429,446,335,379
6.26,-6.22,-6.22,-0.70,-0.70,-0.70,462,429,446,335,379
6.92,-6.07,-6.07,-0.82,-0.82,-0.82,461,428,446,335,379
7.86,-6.25,-6.25,-0.82,-0.82,-0.82,460,428,446,336,379
9.00,-5.07,-5.07,-0.90,-0.90,-0.90,459,428,446,335,379
6.53,-4.62,-4.62,-0.87,-0.87,-0.87,458,428,446,335,379
8.31,-5.34,-5.34,-0.59,-0.59,-0.59,458,427,446,335,379
8.54,-4.64,-4.64,-0.64,-0.64,-0.64,457,427,445,335,378
7.49,-5.14,-5.14,-0.60,-0.60,-0.60,457,427,445,335,378
8.10,-5.33,-5.33,-0.66,-0.66,-0.66,456,426,445,335,377
7.73,-5.48,-5.48,-0.61,-0.61,-0.61,455,426,445,335,378
8.03,-5.84,-5.84,-0.48,-0.48,-0.48,454,426,445,335,378
7.78,-5.97,-5.97,-0.61,-0.61,-0.61,454,426,445,335,378
6.42,-5.05,-5.05,-0.49,-0.49,-0.49,453,426,446,335,378
6.91,-5.51,-5.51,-0.32,-0.32,-0.32,453,426,446,335,378
8.57,-5.53,-5.53,-0.34,-0.34,-0.34,453,426,446,335,378
7.93,-4.76,-4.76,-0.22,-0.22,-0.22,453,426,446,335,378
10.20,-5.97,-5.97,-0.07,-0.07,-0.07,452,426,445,335,379
7.75,-4.87,-4.87,-0.13,-0.13,-0.13,452,426,445,335,379
7.49,-5.27,-5.27,-0.14,-0.14,-0.14,452,425,445,335,379
END
7.21,-6.65,-6.65,-0.02,-0.02,-0.02,471,433,447,334,387
6.09,-7.28,-7.28,0.04,0.04,0.04,470,433,447,334,387
6.00,-7.27,-7.27,-0.00,-0.00,-0.00,469,432,446,334,386
5.91,-7.56,-7.56,0.02,0.02,0.02,469,432,446,334,386
5.90,-8.67,-8.67,-0.16,-0.16,-0.16,468,432,446,334,385
4.58,-6.96,-6.96,-0.25,-0.25,-0.25,468,432,445,334,385
4.38,-7.62,-7.62,-0.23,-0.23,-0.23,467,431,445,334,384
4.79,-8.58,-8.58,-0.31,-0.31,-0.31,466,431,445,334,384
5.74,-7.86,-7.86,-0.48,-0.48,-0.48,465,430,444,334,383
6.76,-7.03,-7.03,-0.50,-0.50,-0.50,465,430,444,334,383
7.31,-6.73,-6.73,-0.51,-0.51,-0.51,464,430,444,334,384
6.41,-6.50,-6.50,-0.59,-0.59,-0.59,464,430,444,334,383
7.18,-6.25,-6.25,-0.58,-0.58,-0.58,463,430,444,334,383
7.11,-6.36,-6.36,-0.57,-0.57,-0.57,463,429,444,334,383
7.10,-5.75,-5.75,-0.47,-0.47,-0.47,463,429,444,334,383
7.79,-5.56,-5.56,-0.42,-0.42,-0.42,462,429,444,334,383
7.02,-5.95,-5.95,-0.58,-0.58,-0.58,461,429,444,334,383
7.15,-6.06,-6.06,-0.49,-0.49,-0.49,461,429,444,334,383
7.16,-6.13,-6.13,-0.49,-0.49,-0.49,460,428,444,333,382
7.59,-5.84,-5.84,-0.36,-0.36,-0.36,459,428,443,334,382
7.04,-5.69,-5.69,-0.55,-0.55,-0.55,458,427,443,333,381
7.12,-6.16,-6.16,-0.53,-0.53,-0.53,458,427,443,333,381
7.31,-5.38,-5.38,-0.40,-0.40,-0.40,458,427,443,333,381
7.93,-4.97,-4.97,-0.21,-0.21,-0.21,457,426,443,333,381
6.41,-4.91,-4.91,-0.32,-0.32,-0.32,457,426,443,334,381
6.91,-5.36,-5.36,-0.41,-0.41,-0.41,457,426,443,333,381
8.12,-5.23,-5.23,-0.39,-0.39,-0.39,456,426,443,334,381
8.40,-5.38,-5.38,-0.40,-0.40,-0.40,455,426,443,334,380
8.30,-5.61,-5.61,-0.35,-0.35,-0.35,455,426,443,333,380
7.34,-5.68,-5.68,-0.33,-0.33,-0.33,455,426,443,334,380
7.31,-6.27,-6.27,-0.28,-0.28,-0.28,454,426,443,333,380
7.11,-6.11,-6.11,-0.29,-0.29,-0.29,454,425,443,333,380
6.70,-5.94,-5.94,-0.21,-0.21,-0.21,454,425,443,334,380
5.80,-5.72,-5.72,-0.12,-0.12,-0.12,454,425,443,334,380
7.47,-5.55,-5.55,-0.08,-0.08,-0.08,454,425,443,334,379
7.26,-5.64,-5.64,-0.02,-0.02,-0.02,454,425,443,334,380
7.07,-5.98,-5.98,0.10,0.10,0.10,454,425,443,334,380
7.41,-6.30,-6.30,0.11,0.11,0.11,454,425,443,334,380
6.22,-6.54,-6.54,0.16,0.16,0.16,454,426,443,334,380
6.55,-6.29,-6.29,0.04,0.04,0.04,453,426,444,334,379
7.06,-6.54,-6.54,0.03,0.03,0.03,453,426,443,334,379
END
6.71,-6.45,-6.45,0.01,0.01,0.01,470,432,447,333,373
5.56,-7.77,-7.77,0.27,0.27,0.27,470,433,448,334,373
4.92,-7.72,-7.72,0.04,0.04,0.04,471,433,448,334,374
5.36,-7.68,-7.68,-0.02,-0.02,-0.02,471,433,448,334,373
5.16,-7.88,-7.88,-0.00,-0.00,-0.00,471,433,448,334,373
5.03,-7.84,-7.84,0.08,0.08,0.08,470,433,447,334,373
3.60,-7.92,-7.92,-0.00,-0.00,-0.00,470,433,447,334,372
1.64,-8.61,-8.61,-0.13,-0.13,-0.13,469,432,447,334,372
3.26,-8.69,-8.69,-0.29,-0.29,-0.29,467,432,446,334,372
4.30,-8.06,-8.06,-0.26,-0.26,-0.26,466,431,446,334,372
3.73,-7.36,-7.36,-0.35,-0.35,-0.35,464,430,446,334,371
5.93,-7.89,-7.89,-0.52,-0.52,-0.52,462,429,446,334,371
5.28,-7.75,-7.75,-0.61,-0.61,-0.61,461,429,446,334,370
4.68,-6.98,-6.98,-0.71,-0.71,-0.71,461,428,446,334,370
5.58,-6.78,-6.78,-0.76,-0.76,-0.76,460,428,446,334,370
5.80,-6.62,-6.62,-0.80,-0.80,-0.80,459,428,446,334,370
6.24,-6.11,-6.11,-0.80,-0.80,-0.80,458,428,446,334,371
6.04,-5.70,-5.70,-0.67,-0.67,-0.67,457,427,446,334,370
5.92,-5.84,-5.84,-0.68,-0.68,-0.68,456,427,445,334,371
5.62,-5.64,-5.64,-0.71,-0.71,-0.71,456,427,445,334,371
4.70,-5.63,-5.63,-0.72,-0.72,-0.72,455,426,445,334,370
6.45,-5.41,-5.41,-0.66,-0.66,-0.66,455,426,445,334,370
8.76,-4.87,-4.87,-0.80,-0.80,-0.80,453,426,445,334,371
8.24,-4.52,-4.52,-0.69,-0.69,-0.69,453,426,445,334,370
9.02,-3.16,-3.16,-0.47,-0.47,-0.47,452,425,445,334,371
8.33,-3.00,-3.00,-0.10,-0.10,-0.10,451,423,444,334,371
9.61,-4.40,-4.40,-0.54,-0.54,-0.54,449,422,443,334,372
8.02,-5.58,-5.58,-0.26,-0.26,-0.26,449,421,443,334,372
9.07,-5.30,-5.30,-0.18,-0.18,-0.18,448,421,443,334,372
7.47,-5.37,-5.37,-0.09,-0.09,-0.09,448,421,443,334,372
6.57,-5.55,-5.55,-0.29,-0.29,-0.29,448,421,442,334,372
7.38,-5.15,-5.15,-0.11,-0.11,-0.11,448,420,442,334,372
7.15,-4.77,-4.77,0.11,0.11,0.11,447,420,442,334,372
6.93,-5.16,-5.16,-0.04,-0.04,-0.04,448,421,442,334,373
7.37,-5.68,-5.68,-0.08,-0.08,-0.08,447,420,442,334,372
6.58,-5.88,-5.88,0.02,0.02,0.02,447,420,442,334,372
6.91,-5.62,-5.62,0.00,0.00,0.00,447,420,442,334,372
7.74,-5.69,-5.69,-0.00,-0.00,-0.00,447,421,442,334,373
6.79,-5.75,-5.75,0.12,0.12,0.12,447,420,442,334,373
7.16,-5.50,-5.50,0.11,0.11,0.11,447,420,442,334,373
7.13,-5.01,-5.01,-0.08,-0.08,-0.08,447,420,442,334,373
END
7.08,-5.75,-5.75,0.06,0.06,0.06,470,433,450,334,365
4.79,-7.97,-7.97,0.07,0.07,0.07,469,433,450,334,365
5.13,-8.18,-8.18,0.01,0.01,0.01,469,433,450,334,365
5.01,-8.13,-8.13,-0.12,-0.12,-0.12,469,432,450,334,366
4.50,-7.77,-7.77,0.08,0.08,0.08,469,432,450,334,366
2.71,-7.68,-7.68,-0.11,-0.11,-0.11,468,432,450,335,366
1.16,-7.90,-7.90,-0.21,-0.21,-0.21,467,432,450,335,367
2.72,-8.87,-8.87,-0.20,-0.20,-0.20,465,432,450,335,366
2.46,-8.52,-8.52,-0.55,-0.55,-0.55,463,431,450,335,365
5.10,-6.71,-6.71,-0.60,-0.60,-0.60,461,430,450,335,365
7.09,-6.28,-6.28,-0.69,-0.69,-0.69,460,430,449,335,365
5.51,-7.21,-7.21,-0.62,-0.62,-0.62,460,430,449,335,365
5.75,-6.49,-6.49,-0.67,-0.67,-0.67,459,430,449,335,366
6.08,-5.71,-5.71,-0.72,-0.72,-0.72,459,429,449,335,365
6.02,-5.31,-5.31,-0.63,-0.63,-0.63,458,429,448,335,365
6.16,-5.76,-5.76,-0.69,-0.69,-0.69,457,429,448,335,366
7.08,-6.09,-6.09,-0.73,-0.73,-0.73,457,429,447,335,366
9.20,-7.28,-7.28,-0.65,-0.65,-0.65,455,428,447,335,366
6.31,-5.92,-5.92,-0.36,-0.36,-0.36,455,428,447,335,367
7.16,-5.32,-5.32,-0.76,-0.76,-0.76,454,428,447,335,367
7.37,-5.38,-5.38,-0.68,-0.68,-0.68,453,427,447,335,367
8.03,-5.80,-5.80,-0.57,-0.57,-0.57,453,427,447,335,367
5.78,-5.53,-5.53,-0.52,-0.52,-0.52,453,427,447,335,367
5.95,-5.53,-5.53,-0.59,-0.59,-0.59,452,427,446,334,367
5.69,-5.51,-5.51,-0.35,-0.35,-0.35,452,427,446,335,367
8.52,-5.94,-5.94,-0.36,-0.36,-0.36,452,426,446,335,367
8.32,-4.82,-4.82,-0.47,-0.47,-0.47,452,426,446,335,367
8.96,-5.05,-5.05,-0.33,-0.33,-0.33,451,426,447,335,367
7.65,-4.77,-4.77,-0.22,-0.22,-0.22,451,426,446,335,367
7.46,-4.90,-4.90,-0.10,-0.10,-0.10,451,426,446,335,367
6.64,-5.30,-5.30,-0.09,-0.09,-0.09,451,426,446,335,367
7.02,-6.14,-6.14,0.04,0.04,0.04,450,426,446,335,366
9.19,-6.37,-6.37,-0.01,-0.01,-0.01,450,425,446,335,366
6.71,-6.26,-6.26,0.01,0.01,0.01,450,425,446,335,366
6.74,-6.06,-6.06,0.01,0.01,0.01,449,425,446,335,366
6.40,-5.46,-5.46,0.06,0.06,0.06,449,425,446,334,366
6.89,-6.23,-6.23,0.01,0.01,0.01,449,425,446,335,366
7.53,-6.14,-6.14,0.02,0.02,0.02,449,425,446,334,367
5.90,-5.76,-5.76,0.01,0.01,0.01,449,425,446,334,366
7.07,-5.46,-5.46,-0.04,-0.04,-0.04,449,425,446,335,366
6.91,-5.84,-5.84,0.10,0.10,0.10,449,425,446,335,366
END
7.09,-5.38,-5.38,0.05,0.05,0.05,470,432,444,334,379
6.38,-7.26,-7.26,0.00,0.00,0.00,469,432,443,334,382
4.15,-7.63,-7.63,-0.39,-0.39,-0.39,467,431,442,334,381
4.03,-7.75,-7.75,-0.46,-0.46,-0.46,465,429,441,334,380
10.56,-7.14,-7.14,-0.03,-0.03,-0.03,461,428,441,334,380
3.07,-7.26,-7.26,-0.42,-0.42,-0.42,460,428,440,335,379
3.73,-7.32,-7.32,-0.32,-0.32,-0.32,458,428,440,334,378
6.90,-8.27,-8.27,-0.24,-0.24,-0.24,457,427,439,334,379
4.77,-7.33,-7.33,-0.23,-0.23,-0.23,457,427,439,334,379
5.37,-7.43,-7.43,-0.68,-0.68,-0.68,456,426,437,334,380
5.47,-7.11,-7.11,-0.52,-0.52,-0.52,455,426,437,334,380
4.74,-6.99,-6.99,-0.54,-0.54,-0.54,454,425,437,334,380
7.06,-6.06,-6.06,-0.55,-0.55,-0.55,454,425,436,334,381
7.19,-5.84,-5.84,-0.50,-0.50,-0.50,454,425,437,334,381
6.82,-6.00,-6.00,-0.71,-0.71,-0.71,453,423,436,334,381
7.70,-5.44,-5.44,-0.56,-0.56,-0.56,452,423,436,335,381
7.46,-5.75,-5.75,-0.57,-0.57,-0.57,451,423,436,334,381
7.18,-5.64,-5.64,-0.68,-0.68,-0.68,451,423,436,334,381
7.44,-5.64,-5.64,-0.57,-0.57,-0.57,451,423,436,334,382
7.13,-5.85,-5.85,-0.50,-0.50,-0.50,450,422,436,334,381
6.59,-5.69,-5.69,-0.71,-0.71,-0.71,449,422,436,334,381
6.91,-6.21,-6.21,-0.66,-0.66,-0.66,449,422,436,334,381
6.62,-5.93,-5.93,-0.47,-0.47,-0.47,448,422,436,334,381
6.72,-6.53,-6.53,-0.69,-0.69,-0.69,447,421,436,334,381
6.18,-6.08,-6.08,-0.67,-0.67,-0.67,447,421,436,334,380
6.63,-5.92,-5.92,-0.70,-0.70,-0.70,446,421,436,334,380
8.48,-5.83,-5.83,-0.57,-0.57,-0.57,445,420,437,334,380
6.07,-5.24,-5.24,-0.52,-0.52,-0.52,444,420,438,334,380
8.15,-4.47,-4.47,-0.76,-0.76,-0.76,444,419,438,334,379
9.02,-3.34,-3.34,-0.45,-0.45,-0.45,443,419,438,334,379
8.87,-3.83,-3.83,-0.20,-0.20,-0.20,443,419,438,334,379
5.94,-4.79,-4.79,-0.31,-0.31,-0.31,443,419,438,334,379
8.06,-5.64,-5.64,-0.24,-0.24,-0.24,443,419,438,334,379
11.25,-5.02,-5.02,-0.02,-0.02,-0.02,443,419,438,334,379
7.25,-6.35,-6.35,0.03,0.03,0.03,442,419,438,334,378
7.35,-6.65,-6.65,-0.02,-0.02,-0.02,442,419,438,334,378
7.47,-5.86,-5.86,-0.03,-0.03,-0.03,442,418,437,334,378
7.44,-5.94,-5.94,0.03,0.03,0.03,442,418,437,334,378
6.45,-5.58,-5.58,-0.06,-0.06,-0.06,442,418,437,334,378
7.41,-5.58,-5.58,0.11,0.11,0.11,442,418,437,334,378
6.66,-6.18,-6.18,0.21,0.21,0.21,441,418,437,334,378
END
6.70,-6.21,-6.21,0.05,0.05,0.05,462,429,443,334,371
5.90,-7.45,-7.45,0.02,0.02,0.02,462,429,443,334,371
5.36,-7.52,-7.52,0.02,0.02,0.02,463,429,443,334,371
5.51,-7.66,-7.66,0.02,0.02,0.02,463,429,443,334,371
5.81,-7.50,-7.50,0.04,0.04,0.04,463,429,443,333,370
3.94,-7.33,-7.33,-0.06,-0.06,-0.06,465,429,445,333,371
3.24,-8.21,-8.21,-0.19,-0.19,-0.19,463,429,444,334,371
3.41,-8.87,-8.87,-0.20,-0.20,-0.20,461,428,444,334,370
4.40,-8.74,-8.74,-0.55,-0.55,-0.55,458,427,443,334,370
5.43,-8.11,-8.11,-0.66,-0.66,-0.66,455,426,443,334,370
5.13,-7.06,-7.06,-0.70,-0.70,-0.70,455,425,442,335,370
5.81,-6.12,-6.12,-0.76,-0.76,-0.76,454,425,442,335,369
5.32,-5.91,-5.91,-0.79,-0.79,-0.79,453,425,443,335,370
5.70,-6.65,-6.65,-0.83,-0.83,-0.83,451,424,443,335,369
4.66,-5.48,-5.48,-0.83,-0.83,-0.83,450,424,443,335,370
5.71,-6.14,-6.14,-0.90,-0.90,-0.90,449,424,442,335,368
6.05,-7.03,-7.03,-0.97,-0.97,-0.97,448,423,442,335,368
6.80,-4.58,-4.58,-1.25,-1.25,-1.25,446,423,443,335,368
8.61,-3.25,-3.25,-1.19,-1.19,-1.19,446,423,442,334,367
7.94,-4.26,-4.26,-1.10,-1.10,-1.10,444,422,443,335,367
10.33,-2.80,-2.80,-0.76,-0.76,-0.76,443,422,443,335,368
8.99,-2.42,-2.42,-0.86,-0.86,-0.86,443,422,443,335,368
7.66,-3.32,-3.32,-0.67,-0.67,-0.67,443,422,443,335,368
6.63,-3.50,-3.50,-0.69,-0.69,-0.69,442,422,442,334,368
10.70,-4.82,-4.82,-0.18,-0.18,-0.18,442,421,443,334,368
7.81,-3.38,-3.38,-0.46,-0.46,-0.46,441,421,442,334,367
10.72,-4.76,-4.76,-0.23,-0.23,-0.23,440,421,443,334,367
8.08,-4.81,-4.81,-0.17,-0.17,-0.17,440,421,442,334,367
8.51,-5.05,-5.05,-0.13,-0.13,-0.13,440,421,442,334,367
9.90,-4.93,-4.93,-0.01,-0.01,-0.01,440,421,442,334,367
8.00,-5.51,-5.51,-0.00,-0.00,-0.00,440,421,442,334,367
6.68,-5.45,-5.45,-0.04,-0.04,-0.04,440,421,442,334,367
8.23,-5.71,-5.71,0.14,0.14,0.14,440,421,442,334,368
8.28,-5.56,-5.56,0.07,0.07,0.07,440,420,442,334,368
6.18,-4.92,-4.92,-0.05,-0.05,-0.05,440,420,441,334,368
7.17,-5.74,-5.74,-0.05,-0.05,-0.05,440,420,441,334,368
8.01,-5.81,-5.81,0.05,0.05,0.05,439,420,441,334,369
8.22,-5.23,-5.23,0.04,0.04,0.04,439,420,441,334,369
6.37,-5.40,-5.40,0.00,0.00,0.00,439,420,441,334,369
7.31,-5.00,-5.00,0.02,0.02,0.02,439,420,441,334,369
7.06,-5.47,-5.47,0.08,0.08,0.08,439,420,441,334,369
END
6.73,-5.63,-5.63,0.05,0.05,0.05,461,427,445,334,366
2.86,-8.36,-8.36,-0.24,-0.24,-0.24,461,427,445,334,366
4.40,-8.09,-8.09,-0.35,-0.35,-0.35,459,426,445,334,366
4.44,-7.71,-7.71,-0.34,-0.34,-0.34,458,426,444,334,366
5.65,-7.67,-7.67,-0.40,-0.40,-0.40,456,425,444,334,366
4.03,-8.06,-8.06,-0.55,-0.55,-0.55,455,425,443,334,366
3.66,-7.83,-7.83,-0.59,-0.59,-0.59,453,424,443,334,366
4.99,-7.55,-7.55,-0.58,-0.58,-0.58,451,423,442,334,366
3.93,-7.52,-7.52,-0.61,-0.61,-0.61,450,422,442,334,366
4.90,-7.29,-7.29,-0.69,-0.69,-0.69,448,422,442,334,366
5.64,-6.93,-6.93,-0.67,-0.67,-0.67,448,422,442,334,366
8.30,-6.42,-6.42,-0.76,-0.76,-0.76,446,421,442,334,366
6.07,-5.92,-5.92,-0.79,-0.79,-0.79,446,421,442,334,366
6.75,-5.58,-5.58,-0.69,-0.69,-0.69,445,421,442,334,366
7.84,-5.38,-5.38,-0.77,-0.77,-0.77,444,421,442,334,366
6.07,-6.10,-6.10,-0.76,-0.76,-0.76,444,421,442,334,366
6.12,-6.46,-6.46,-0.82,-0.82,-0.82,443,421,442,334,366
6.68,-6.07,-6.07,-0.68,-0.68,-0.68,442,420,442,334,366
5.53,-6.03,-6.03,-0.74,-0.74,-0.74,441,420,441,334,366
6.98,-4.78,-4.78,-0.93,-0.93,-0.93,440,420,441,334,366
8.75,-4.41,-4.41,-0.77,-0.77,-0.77,439,419,441,334,366
8.87,-4.79,-4.79,-0.70,-0.70,-0.70,438,419,441,334,366
11.26,-2.80,-2.80,-0.59,-0.59,-0.59,438,419,441,334,366
9.18,-2.78,-2.78,-0.32,-0.32,-0.32,437,419,441,334,367
8.59,-4.41,-4.41,-0.20,-0.20,-0.20,437,419,440,334,367
8.42,-4.22,-4.22,-0.11,-0.11,-0.11,437,419,440,334,367
9.93,-5.64,-5.64,0.05,0.05,0.05,436,419,440,334,367
7.07,-6.11,-6.11,0.06,0.06,0.06,437,418,440,334,367
8.20,-5.88,-5.88,-0.02,-0.02,-0.02,436,418,440,334,367
7.81,-5.33,-5.33,0.01,0.01,0.01,436,418,440,334,367
7.44,-6.25,-6.25,0.05,0.05,0.05,436,418,440,334,366
7.50,-5.55,-5.55,0.03,0.03,0.03,436,418,440,334,367
6.80,-5.67,-5.67,0.07,0.07,0.07,437,418,440,334,366
7.47,-5.82,-5.82,0.07,0.07,0.07,436,418,440,334,367
7.10,-5.81,-5.81,0.05,0.05,0.05,437,418,440,334,367
7.26,-5.59,-5.59,0.03,0.03,0.03,437,418,440,334,367
6.50,-6.32,-6.32,0.06,0.06,0.06,437,418,440,334,366
7.57,-5.92,-5.92,0.04,0.04,0.04,437,418,440,334,367
7.07,-6.09,-6.09,0.03,0.03,0.03,436,418,440,334,367
7.34,-5.62,-5.62,0.01,0.01,0.01,436,418,440,334,367
7.49,-5.82,-5.82,0.05,0.05,0.05,436,418,439,334,367
END
6.39,-5.89,-5.89,0.04,0.04,0.04,464,427,441,334,369
6.60,-7.44,-7.44,0.07,0.07,0.07,462,426,441,334,369
4.49,-7.52,-7.52,-0.08,-0.08,-0.08,461,425,440,334,369
3.65,-7.62,-7.62,-0.16,-0.16,-0.16,460,425,440,334,369
3.63,-7.73,-7.73,-0.26,-0.26,-0.26,458,424,440,334,369
2.07,-7.91,-7.91,-0.33,-0.33,-0.33,457,424,440,334,369
5.82,-9.42,-9.42,-0.20,-0.20,-0.20,453,422,439,334,369
3.81,-8.14,-8.14,-0.78,-0.78,-0.78,451,421,439,334,369
4.07,-7.64,-7.64,-0.84,-0.84,-0.84,449,420,438,334,368
5.55,-7.34,-7.34,-0.48,-0.48,-0.48,448,420,438,335,369
5.74,-6.53,-6.53,-0.53,-0.53,-0.53,447,420,438,335,369
5.02,-6.58,-6.58,-0.70,-0.70,-0.70,446,419,438,335,368
6.42,-7.47,-7.47,-0.44,-0.44,-0.44,446,419,437,335,369
5.52,-6.79,-6.79,-0.51,-0.51,-0.51,445,419,437,335,368
4.98,-6.42,-6.42,-0.60,-0.60,-0.60,445,419,437,335,368
6.79,-6.75,-6.75,-0.74,-0.74,-0.74,444,419,437,335,368
6.29,-6.74,-6.74,-0.73,-0.73,-0.73,444,418,437,335,368
4.62,-6.65,-6.65,-0.86,-0.86,-0.86,443,418,437,335,369
5.40,-5.43,-5.43,-1.16,-1.16,-1.16,442,418,437,335,368
7.09,-6.24,-6.24,-1.04,-1.04,-1.04,440,417,437,335,368
5.58,-4.62,-4.62,-0.91,-0.91,-0.91,440,417,437,335,368
5.21,-3.05,-3.05,-1.11,-1.11,-1.11,439,416,437,335,368
10.93,-1.60,-1.60,-0.87,-0.87,-0.87,438,416,437,335,368
12.33,-3.35,-3.35,-0.48,-0.48,-0.48,437,416,438,335,368
9.02,-2.15,-2.15,-0.19,-0.19,-0.19,436,416,438,335,368
9.35,-3.83,-3.83,-0.12,-0.12,-0.12,436,415,438,335,368
9.73,-5.47,-5.47,-0.03,-0.03,-0.03,436,416,437,335,368
10.20,-5.79,-5.79,0.06,0.06,0.06,436,415,437,335,368
7.03,-5.79,-5.79,0.05,0.05,0.05,436,416,438,335,368
7.01,-5.97,-5.97,-0.09,-0.09,-0.09,436,416,437,335,368
7.92,-5.15,-5.15,-0.01,-0.01,-0.01,436,415,437,335,368
7.52,-5.58,-5.58,0.02,0.02,0.02,436,415,437,335,369
6.41,-5.27,-5.27,-0.01,-0.01,-0.01,436,415,437,335,368
7.01,-5.11,-5.11,0.03,0.03,0.03,436,415,437,335,368
8.18,-5.62,-5.62,0.13,0.13,0.13,436,415,437,335,368
7.47,-6.04,-6.04,0.03,0.03,0.03,436,415,437,335,368
7.25,-5.51,-5.51,-0.02,-0.02,-0.02,436,415,437,335,369
7.27,-5.79,-5.79,-0.01,-0.01,-0.01,436,415,437,335,369
6.93,-5.86,-5.86,0.09,0.09,0.09,436,415,437,335,369
6.96,-5.18,-5.18,0.00,0.00,0.00,436,415,437,335,369
7.44,-5.33,-5.33,0.02,0.02,0.02,436,415,437,335,369
END
7.36,-5.42,-5.42,0.07,0.07,0.07,462,425,442,334,367
4.93,-8.43,-8.43,-0.07,-0.07,-0.07,461,424,442,334,367
4.28,-8.20,-8.20,-0.21,-0.21,-0.21,460,424,441,334,367
4.31,-7.97,-7.97,-0.24,-0.24,-0.24,458,423,441,334,368
4.37,-7.90,-7.90,-0.22,-0.22,-0.22,456,422,440,334,368
5.89,-8.00,-8.00,-0.11,-0.11,-0.11,455,422,440,335,368
4.54,-8.13,-8.13,-0.31,-0.31,-0.31,453,422,440,334,368
3.35,-8.31,-8.31,-0.39,-0.39,-0.39,452,421,439,334,368
2.86,-8.19,-8.19,-0.44,-0.44,-0.44,450,420,439,335,368
3.53,-8.10,-8.10,-0.50,-0.50,-0.50,449,420,439,335,369
5.94,-7.66,-7.66,-0.64,-0.64,-0.64,448,419,439,335,369
6.53,-7.31,-7.31,-0.62,-0.62,-0.62,447,419,438,335,369
5.07,-6.27,-6.27,-0.67,-0.67,-0.67,446,419,438,335,369
6.97,-6.40,-6.40,-0.63,-0.63,-0.63,445,419,437,335,369
7.36,-6.76,-6.76,-0.59,-0.59,-0.59,444,419,437,335,370
4.48,-6.59,-6.59,-0.70,-0.70,-0.70,444,418,436,335,370
4.88,-6.55,-6.55,-0.97,-0.97,-0.97,443,418,437,335,370
7.88,-7.05,-7.05,-0.81,-0.81,-0.81,441,417,436,335,370
7.18,-6.31,-6.31,-0.91,-0.91,-0.91,440,417,436,335,370
3.53,-6.69,-6.69,-1.29,-1.29,-1.29,439,416,435,335,370
3.68,-4.01,-4.01,-1.38,-1.38,-1.38,437,416,435,335,370
10.89,-2.38,-2.38,-1.14,-1.14,-1.14,436,415,434,335,371
8.47,-2.72,-2.72,-0.86,-0.86,-0.86,435,415,434,335,371
6.62,-2.22,-2.22,-0.73,-0.73,-0.73,434,415,434,335,372
9.32,-1.51,-1.51,-0.84,-0.84,-0.84,433,414,434,334,371
14.73,-1.92,-1.92,-0.66,-0.66,-0.66,432,414,434,334,371
14.43,-3.57,-3.57,-0.32,-0.32,-0.32,431,413,434,335,371
10.90,-3.46,-3.46,-0.16,-0.16,-0.16,431,414,434,335,372
7.98,-3.82,-3.82,-0.17,-0.17,-0.17,431,413,434,335,371
8.12,-3.73,-3.73,-0.13,-0.13,-0.13,431,413,434,335,371
9.16,-5.47,-5.47,0.09,0.09,0.09,431,413,434,335,371
6.06,-4.14,-4.14,0.08,0.08,0.08,431,413,434,335,371
7.37,-4.29,-4.29,-0.18,-0.18,-0.18,430,413,433,334,372
8.79,-4.20,-4.20,0.09,0.09,0.09,430,413,433,335,371
8.66,-5.30,-5.30,0.22,0.22,0.22,430,413,433,335,371
6.98,-5.18,-5.18,0.06,0.06,0.06,430,413,433,335,372
8.41,-5.35,-5.35,0.12,0.12,0.12,430,413,433,334,371
7.67,-5.11,-5.11,0.08,0.08,0.08,430,413,433,334,371
8.57,-5.38,-5.38,0.05,0.05,0.05,430,413,433,334,372
7.49,-5.19,-5.19,0.02,0.02,0.02,430,413,433,334,372
7.67,-4.75,-4.75,0.04,0.04,0.04,430,413,433,335,371
END
8.48,-5.07,-5.07,0.06,0.06,0.06,459,424,442,334,366
5.28,-7.56,-7.56,0.03,0.03,0.03,457,423,442,334,366
5.80,-8.24,-8.24,-0.10,-0.10,-0.10,455,423,442,334,366
4.52,-8.13,-8.13,-0.21,-0.21,-0.21,453,422,441,334,366
5.14,-8.09,-8.09,-0.13,-0.13,-0.13,452,422,441,334,366
3.30,-8.05,-8.05,-0.37,-0.37,-0.37,450,421,440,335,365
3.01,-8.54,-8.54,-0.46,-0.46,-0.46,449,421,440,335,365
3.56,-9.12,-9.12,-0.59,-0.59,-0.59,447,420,439,335,365
3.55,-8.93,-8.93,-0.63,-0.63,-0.63,446,420,439,335,365
5.27,-8.05,-8.05,-0.96,-0.96,-0.96,443,419,438,335,365
6.20,-6.84,-6.84,-0.86,-0.86,-0.86,442,419,438,335,365
5.66,-6.11,-6.11,-0.80,-0.80,-0.80,442,418,437,335,365
7.57,-5.79,-5.79,-0.91,-0.91,-0.91,440,418,437,335,366
8.25,-5.88,-5.88,-0.77,-0.77,-0.77,440,418,437,334,365
6.80,-5.46,-5.46,-0.94,-0.94,-0.94,439,418,437,334,365
8.31,-5.18,-5.18,-0.75,-0.75,-0.75,439,418,437,334,365
6.97,-6.01,-6.01,-0.73,-0.73,-0.73,439,418,437,333,365
5.20,-5.86,-5.86,-0.78,-0.78,-0.78,438,417,437,334,365
9.38,-5.71,-5.71,-0.69,-0.69,-0.69,438,418,437,334,366
6.75,-5.81,-5.81,-0.63,-0.63,-0.63,438,417,437,334,365
6.72,-5.57,-5.57,-0.58,-0.58,-0.58,437,417,437,334,366
7.78,-5.48,-5.48,-0.56,-0.56,-0.56,437,417,437,334,366
7.24,-6.42,-6.42,-0.49,-0.49,-0.49,437,417,437,334,366
8.49,-5.30,-5.30,-0.53,-0.53,-0.53,437,417,437,334,365
7.09,-5.38,-5.38,-0.44,-0.44,-0.44,437,417,437,334,366
8.69,-4.72,-4.72,-0.45,-0.45,-0.45,437,417,436,334,367
9.87,-4.95,-4.95,-0.31,-0.31,-0.31,437,417,437,334,366
9.76,-5.52,-5.52,-0.13,-0.13,-0.13,437,417,437,334,366
6.73,-5.27,-5.27,-0.09,-0.09,-0.09,437,417,437,334,366
6.85,-5.41,-5.41,-0.15,-0.15,-0.15,437,417,437,334,367
4.82,-4.79,-4.79,-0.21,-0.21,-0.21,437,417,437,334,366
7.70,-7.90,-7.90,0.06,0.06,0.06,436,417,436,334,366
8.22,-6.42,-6.42,-0.05,-0.05,-0.05,436,417,436,334,366
5.58,-6.88,-6.88,0.07,0.07,0.07,436,417,436,334,366
6.40,-6.28,-6.28,0.02,0.02,0.02,436,417,436,334,366
6.82,-6.49,-6.49,0.10,0.10,0.10,436,417,436,335,366
6.78,-6.82,-6.82,0.10,0.10,0.10,436,417,436,334,366
5.79,-6.32,-6.32,0.04,0.04,0.04,436,417,436,334,367
6.20,-6.88,-6.88,0.04,0.04,0.04,436,417,436,334,367
6.63,-6.88,-6.88,0.05,0.05,0.05,436,417,436,334,367
6.27,-6.98,-6.98,0.08,0.08,0.08,437,417,436,334,367
END
6.37,-6.68,-6.68,-0.00,-0.00,-0.00,461,425,440,334,369
4.45,-7.99,-7.99,-0.13,-0.13,-0.13,458,424,439,334,369
6.63,-8.50,-8.50,-0.26,-0.26,-0.26,455,423,438,335,370
5.94,-7.67,-7.67,-0.31,-0.31,-0.31,452,422,438,336,370
6.10,-8.22,-8.22,-0.37,-0.37,-0.37,450,421,438,336,370
2.33,-8.23,-8.23,-0.52,-0.52,-0.52,449,421,437,336,370
4.54,-7.22,-7.22,-0.31,-0.31,-0.31,448,421,437,337,370
5.63,-7.39,-7.39,-0.37,-0.37,-0.37,446,420,436,337,369
4.24,-8.12,-8.12,-0.58,-0.58,-0.58,446,420,436,337,370
5.84,-7.37,-7.37,-0.47,-0.47,-0.47,444,420,436,337,370
5.33,-6.96,-6.96,-0.47,-0.47,-0.47,444,420,436,337,370
4.49,-7.34,-7.34,-0.61,-0.61,-0.61,443,419,435,337,369
4.62,-6.98,-6.98,-0.70,-0.70,-0.70,442,419,435,337,370
6.37,-6.40,-6.40,-0.68,-0.68,-0.68,442,419,435,337,370
5.48,-6.75,-6.75,-0.74,-0.74,-0.74,441,419,435,337,369
6.24,-6.44,-6.44,-0.85,-0.85,-0.85,440,418,434,337,370
6.24,-6.16,-6.16,-0.84,-0.84,-0.84,439,418,434,337,370
7.52,-5.34,-5.34,-1.06,-1.06,-1.06,438,418,434,336,369
5.16,-5.05,-5.05,-0.86,-0.86,-0.86,438,418,434,336,368
9.93,-4.36,-4.36,-0.84,-0.84,-0.84,436,417,435,336,368
7.86,-3.23,-3.23,-0.82,-0.82,-0.82,435,417,435,336,368
7.44,-4.04,-4.04,-0.65,-0.65,-0.65,435,416,434,336,368
6.72,-3.91,-3.91,-0.65,-0.65,-0.65,435,416,434,336,368
7.60,-4.62,-4.62,-0.58,-0.58,-0.58,435,416,434,336,368
9.98,-5.29,-5.29,-0.43,-0.43,-0.43,434,416,434,336,368
7.34,-3.29,-3.29,-0.32,-0.32,-0.32,434,416,433,336,368
9.93,-4.08,-4.08,-0.31,-0.31,-0.31,433,415,433,336,368
11.10,-4.62,-4.62,-0.00,-0.00,-0.00,433,415,433,336,368
9.14,-5.32,-5.32,0.03,0.03,0.03,433,415,433,336,368
8.40,-5.73,-5.73,0.09,0.09,0.09,433,415,433,336,368
8.43,-5.80,-5.80,0.04,0.04,0.04,433,415,433,336,368
6.94,-5.99,-5.99,0.12,0.12,0.12,433,415,433,336,368
6.93,-5.55,-5.55,0.11,0.11,0.11,433,415,433,336,368
7.31,-5.83,-5.83,0.16,0.16,0.16,433,415,433,336,368
7.31,-5.78,-5.78,0.10,0.10,0.10,433,415,433,336,368
7.35,-6.14,-6.14,0.16,0.16,0.16,433,415,433,336,368
7.32,-5.82,-5.82,0.11,0.11,0.11,433,415,433,336,368
7.21,-6.22,-6.22,0.11,0.11,0.11,433,415,433,336,368
6.55,-6.07,-6.07,0.08,0.08,0.08,433,415,433,336,368
7.28,-6.01,-6.01,0.08,0.08,0.08,433,415,433,336,368
7.26,-6.17,-6.17,0.11,0.11,0.11,433,415,433,336,369
END
7.01,-6.15,-6.15,0.06,0.06,0.06,455,423,439,336,366
4.06,-9.01,-9.01,-0.62,-0.62,-0.62,453,422,438,336,366
4.55,-8.07,-8.07,-0.74,-0.74,-0.74,451,422,437,336,365
5.00,-7.64,-7.64,-0.54,-0.54,-0.54,449,421,437,336,365
4.34,-7.24,-7.24,-0.61,-0.61,-0.61,447,421,437,336,365
4.20,-7.38,-7.38,-0.63,-0.63,-0.63,446,420,437,336,365
4.04,-7.56,-7.56,-0.66,-0.66,-0.66,446,420,437,336,365
5.64,-7.15,-7.15,-0.57,-0.57,-0.57,444,420,437,336,365
5.12,-5.99,-5.99,-0.61,-0.61,-0.61,444,420,436,336,365
5.76,-5.86,-5.86,-0.53,-0.53,-0.53,443,420,436,336,365
8.82,-6.11,-6.11,-0.57,-0.57,-0.57,443,419,436,336,365
6.25,-5.89,-5.89,-0.67,-0.67,-0.67,443,419,436,336,365
8.95,-5.07,-5.07,-0.69,-0.69,-0.69,442,419,436,336,366
6.81,-6.04,-6.04,-0.67,-0.67,-0.67,442,419,436,336,366
6.27,-5.29,-5.29,-0.66,-0.66,-0.66,441,419,436,336,367
8.26,-5.43,-5.43,-0.65,-0.65,-0.65,441,419,436,336,366
7.45,-4.90,-4.90,-0.54,-0.54,-0.54,440,419,436,336,365
6.19,-4.75,-4.75,-0.51,-0.51,-0.51,440,418,436,336,366
6.64,-4.54,-4.54,-0.49,-0.49,-0.49,439,418,435,336,366
8.26,-4.37,-4.37,-0.50,-0.50,-0.50,439,418,435,336,366
9.50,-3.86,-3.86,-0.33,-0.33,-0.33,439,418,435,336,366
9.66,-3.92,-3.92,-0.29,-0.29,-0.29,439,418,435,336,366
10.06,-3.91,-3.91,-0.13,-0.13,-0.13,439,418,435,336,366
7.17,-4.65,-4.65,-0.08,-0.08,-0.08,438,418,435,336,366
7.83,-4.87,-4.87,-0.09,-0.09,-0.09,438,418,435,336,366
8.48,-5.61,-5.61,-0.02,-0.02,-0.02,438,418,435,336,366
7.81,-5.79,-5.79,-0.11,-0.11,-0.11,438,418,435,336,367
7.09,-5.35,-5.35,-0.14,-0.14,-0.14,438,418,435,336,366
7.26,-5.01,-5.01,-0.12,-0.12,-0.12,437,418,435,336,367
9.02,-5.08,-5.08,-0.00,-0.00,-0.00,437,417,435,336,366
7.01,-5.43,-5.43,0.02,0.02,0.02,437,418,434,336,366
7.60,-5.06,-5.06,-0.05,-0.05,-0.05,437,417,434,336,367
8.59,-5.41,-5.41,0.03,0.03,0.03,437,418,435,336,367
7.57,-5.28,-5.28,0.05,0.05,0.05,437,418,435,336,367
7.75,-5.53,-5.53,-0.02,-0.02,-0.02,437,418,435,336,367
7.85,-5.38,-5.38,0.01,0.01,0.01,437,417,435,336,367
8.10,-5.13,-5.13,0.03,0.03,0.03,437,417,435,336,367
7.11,-5.33,-5.33,0.06,0.06,0.06,437,417,434,336,367
7.93,-5.20,-5.20,0.04,0.04,0.04,437,417,434,336,366
7.73,-5.51,-5.51,0.06,0.06,0.06,437,417,434,335,366
7.93,-5.16,-5.16,0.05,0.05,0.05,437,417,434,336,366
END
7.59,-5.48,-5.48,0.05,0.05,0.05,460,425,437,334,369
5.99,-7.41,-7.41,0.03,0.03,0.03,460,426,437,335,370
6.30,-7.24,-7.24,0.05,0.05,0.05,460,426,436,335,371
6.67,-7.46,-7.46,0.03,0.03,0.03,459,426,436,335,372
7.02,-7.54,-7.54,0.04,0.04,0.04,459,425,436,335,372
4.06,-8.57,-8.57,-0.05,-0.05,-0.05,458,425,436,334,372
2.37,-9.44,-9.44,-0.17,-0.17,-0.17,457,425,436,335,372
0.75,-8.75,-8.75,-0.45,-0.45,-0.45,455,423,435,335,371
2.09,-8.05,-8.05,-0.75,-0.75,-0.75,452,422,434,335,371
5.40,-8.05,-8.05,-0.67,-0.67,-0.67,449,422,433,335,371
2.94,-7.67,-7.67,-0.77,-0.77,-0.77,447,421,433,335,370
4.59,-6.65,-6.65,-0.96,-0.96,-0.96,446,421,433,335,370
8.30,-6.25,-6.25,-0.77,-0.77,-0.77,443,420,433,336,371
6.37,-5.79,-5.79,-0.72,-0.72,-0.72,443,420,433,336,371
5.85,-5.71,-5.71,-0.86,-0.86,-0.86,442,419,432,336,371
7.66,-6.04,-6.04,-0.80,-0.80,-0.80,441,419,432,336,371
7.08,-5.66,-5.66,-0.76,-0.76,-0.76,440,419,432,336,370
6.67,-5.67,-5.67,-0.87,-0.87,-0.87,439,418,432,336,371
7.00,-5.92,-5.92,-0.77,-0.77,-0.77,438,418,432,336,370
7.75,-5.15,-5.15,-0.80,-0.80,-0.80,437,418,432,336,371
6.90,-4.74,-4.74,-0.80,-0.80,-0.80,437,417,432,335,370
7.97,-4.97,-4.97,-0.58,-0.58,-0.58,436,417,432,335,370
7.50,-5.41,-5.41,-0.63,-0.63,-0.63,436,417,432,335,370
8.76,-4.32,-4.32,-0.57,-0.57,-0.57,435,417,432,335,370
7.24,-4.57,-4.57,-0.52,-0.52,-0.52,435,417,432,335,371
8.05,-3.74,-3.74,-0.42,-0.42,-0.42,434,416,432,335,370
8.15,-2.40,-2.40,-0.19,-0.19,-0.19,433,416,432,335,371
10.60,-5.78,-5.78,0.12,0.12,0.12,433,416,432,335,370
10.92,-5.54,-5.54,0.16,0.16,0.16,433,416,432,335,370
8.13,-5.49,-5.49,0.04,0.04,0.04,433,416,432,335,370
6.98,-7.57,-7.57,0.08,0.08,0.08,433,416,431,335,370
6.34,-6.80,-6.80,0.02,0.02,0.02,433,416,432,335,370
5.87,-6.01,-6.01,-0.01,-0.01,-0.01,433,416,432,335,370
6.96,-5.84,-5.84,-0.03,-0.03,-0.03,433,416,432,335,370
6.80,-5.61,-5.61,0.06,0.06,0.06,433,415,432,335,370
7.58,-5.86,-5.86,0.09,0.09,0.09,433,416,432,335,370
7.26,-6.09,-6.09,0.09,0.09,0.09,433,416,432,335,370
4.59,-5.41,-5.41,0.06,0.06,0.06,433,416,432,335,370
8.91,-6.33,-6.33,0.13,0.13,0.13,433,416,432,335,370
6.44,-5.63,-5.63,0.15,0.15,0.15,433,416,432,335,370
6.38,-6.25,-6.25,0.05,0.05,0.05,433,415,432,335,370
END
6.11,-5.66,-5.66,0.01,0.01,0.01,456,423,438,334,370
5.81,-7.68,-7.68,0.05,0.05,0.05,456,423,438,334,369
5.83,-8.01,-8.01,-0.01,-0.01,-0.01,456,423,438,334,369
5.38,-7.71,-7.71,-0.08,-0.08,-0.08,456,423,438,334,369
4.85,-7.64,-7.64,-0.06,-0.06,-0.06,455,423,439,334,368
3.54,-7.78,-7.78,0.03,0.03,0.03,456,423,438,334,368
2.48,-8.32,-8.32,0.04,0.04,0.04,456,423,438,333,367
3.32,-9.04,-9.04,-0.19,-0.19,-0.19,454,423,438,334,367
2.23,-9.73,-9.73,-0.72,-0.72,-0.72,451,421,438,334,367
4.05,-9.05,-9.05,-0.69,-0.69,-0.69,449,421,437,334,366
4.10,-7.00,-7.00,-0.81,-0.81,-0.81,447,420,437,334,366
5.57,-6.45,-6.45,-0.91,-0.91,-0.91,445,420,437,334,366
6.07,-6.42,-6.42,-0.86,-0.86,-0.86,444,419,436,334,366
7.21,-6.81,-6.81,-0.73,-0.73,-0.73,443,418,436,334,366
4.16,-6.19,-6.19,-0.71,-0.71,-0.71,442,418,436,334,366
6.24,-6.63,-6.63,-0.90,-0.90,-0.90,440,418,436,334,366
7.92,-5.79,-5.79,-0.75,-0.75,-0.75,439,418,436,334,366
5.88,-5.54,-5.54,-0.76,-0.76,-0.76,439,418,436,334,366
7.59,-4.99,-4.99,-0.75,-0.75,-0.75,438,418,436,334,366
8.13,-4.84,-4.84,-0.76,-0.76,-0.76,438,417,436,334,366
5.82,-5.13,-5.13,-0.70,-0.70,-0.70,437,417,435,334,365
7.75,-5.14,-5.14,-0.51,-0.51,-0.51,437,417,435,334,366
9.08,-5.08,-5.08,-0.63,-0.63,-0.63,436,417,436,334,366
4.90,-5.23,-5.23,-0.62,-0.62,-0.62,436,417,436,334,365
4.84,-4.38,-4.38,-0.51,-0.51,-0.51,436,417,435,334,365
5.15,-4.08,-4.08,-0.67,-0.67,-0.67,435,416,435,334,366
13.53,-5.98,-5.98,-0.51,-0.51,-0.51,433,416,435,334,367
10.32,-2.72,-2.72,-0.12,-0.12,-0.12,432,415,434,334,368
7.44,-4.74,-4.74,-0.30,-0.30,-0.30,433,416,434,334,367
9.28,-5.51,-5.51,-0.05,-0.05,-0.05,432,415,434,334,367
6.20,-4.94,-4.94,0.01,0.01,0.01,432,415,434,334,367
6.47,-5.99,-5.99,-0.05,-0.05,-0.05,432,415,434,334,367
7.65,-6.25,-6.25,0.07,0.07,0.07,432,415,434,334,367
6.60,-5.41,-5.41,0.11,0.11,0.11,432,415,434,334,366
6.81,-5.67,-5.67,0.04,0.04,0.04,432,415,434,334,366
7.63,-5.51,-5.51,0.05,0.05,0.05,432,415,434,334,366
6.71,-5.43,-5.43,0.12,0.12,0.12,432,415,434,334,366
7.76,-5.83,-5.83,0.08,0.08,0.08,432,415,434,334,366
7.10,-5.99,-5.99,0.12,0.12,0.12,432,415,435,334,366
5.96,-5.56,-5.56,0.06,0.06,0.06,432,415,434,334,366
7.31,-5.97,-5.97,0.06,0.06,0.06,432,415,434,334,366
END
8.20,-5.88,-5.88,0.11,0.11,0.11,448,421,436,334,372
6.46,-6.85,-6.85,0.04,0.04,0.04,448,421,436,335,372
6.43,-6.81,-6.81,0.04,0.04,0.04,448,421,436,334,372
6.26,-6.98,-6.98,0.03,0.03,0.03,448,421,436,334,371
5.94,-7.01,-7.01,0.10,0.10,0.10,450,421,436,334,371
7.39,-7.49,-7.49,0.08,0.08,0.08,449,421,436,334,371
4.49,-7.84,-7.84,-0.17,-0.17,-0.17,448,420,436,334,370
4.17,-8.13,-8.13,-0.29,-0.29,-0.29,447,420,436,334,370
4.01,-8.26,-8.26,-0.37,-0.37,-0.37,446,419,436,334,370
4.69,-7.74,-7.74,-0.39,-0.39,-0.39,444,419,435,334,370
5.20,-7.37,-7.37,-0.40,-0.40,-0.40,443,418,434,334,369
3.87,-7.80,-7.80,-0.80,-0.80,-0.80,442,417,434,334,369
5.22,-7.72,-7.72,-0.83,-0.83,-0.83,441,417,434,334,369
7.65,-6.78,-6.78,-0.83,-0.83,-0.83,439,416,433,334,369
5.02,-6.58,-6.58,-1.04,-1.04,-1.04,438,416,433,334,369
6.74,-6.62,-6.62,-1.08,-1.08,-1.08,437,416,433,334,369
7.15,-5.48,-5.48,-0.85,-0.85,-0.85,437,416,433,334,369
5.15,-5.76,-5.76,-0.76,-0.76,-0.76,436,415,432,335,369
7.47,-4.85,-4.85,-0.89,-0.89,-0.89,435,415,432,335,368
7.93,-5.70,-5.70,-0.86,-0.86,-0.86,435,415,432,335,368
6.60,-5.83,-5.83,-0.83,-0.83,-0.83,435,415,432,335,368
6.93,-4.90,-4.90,-0.91,-0.91,-0.91,434,415,432,335,368
7.54,-3.97,-3.97,-0.91,-0.91,-0.91,434,414,431,335,369
9.45,-3.55,-3.55,-0.83,-0.83,-0.83,433,414,431,334,369
7.80,-4.13,-4.13,-0.70,-0.70,-0.70,433,414,430,334,369
9.44,-4.15,-4.15,-0.61,-0.61,-0.61,432,413,430,335,369
8.46,-5.08,-5.08,-0.51,-0.51,-0.51,432,413,430,335,370
9.37,-4.69,-4.69,-0.39,-0.39,-0.39,432,413,430,335,370
8.53,-4.90,-4.90,-0.29,-0.29,-0.29,432,413,430,335,369
10.15,-4.67,-4.67,-0.27,-0.27,-0.27,432,413,430,335,369
6.77,-3.60,-3.60,-0.04,-0.04,-0.04,431,413,430,335,370
10.06,-4.36,-4.36,0.01,0.01,0.01,431,413,430,335,370
6.90,-5.25,-5.25,0.06,0.06,0.06,431,413,430,335,370
6.50,-6.87,-6.87,0.02,0.02,0.02,431,413,430,335,370
8.33,-6.50,-6.50,0.08,0.08,0.08,431,413,430,334,369
6.94,-5.87,-5.87,0.04,0.04,0.04,431,413,430,334,369
7.05,-5.24,-5.24,-0.01,-0.01,-0.01,431,413,430,334,369
8.34,-5.58,-5.58,0.03,0.03,0.03,431,412,430,335,369
7.71,-5.81,-5.81,0.14,0.14,0.14,431,412,430,334,370
6.72,-5.32,-5.32,-0.01,-0.01,-0.01,431,412,430,334,370
6.90,-5.43,-5.43,0.11,0.11,0.11,431,412,431,334,370
END
7.14,-5.21,-5.21,0.10,0.10,0.10,455,422,439,334,367
5.02,-8.03,-8.03,0.02,0.02,0.02,455,421,439,334,367
3.34,-7.63,-7.63,-0.09,-0.09,-0.09,454,421,439,334,367
4.66,-7.67,-7.67,-0.17,-0.17,-0.17,451,420,438,334,367
5.15,-7.85,-7.85,-0.23,-0.23,-0.23,448,419,437,334,367
5.29,-8.16,-8.16,-0.26,-0.26,-0.26,447,419,437,334,367
4.04,-8.50,-8.50,-0.46,-0.46,-0.46,445,418,436,334,367
3.28,-8.61,-8.61,-0.62,-0.62,-0.62,444,418,436,335,368
4.80,-6.83,-6.83,-0.48,-0.48,-0.48,442,417,435,335,367
4.41,-6.22,-6.22,-0.24,-0.24,-0.24,441,417,435,334,366
5.34,-7.82,-7.82,-0.55,-0.55,-0.55,440,417,435,335,366
7.95,-6.35,-6.35,-0.65,-0.65,-0.65,439,416,435,334,365
5.69,-7.31,-7.31,-0.57,-0.57,-0.57,439,416,434,334,364
5.48,-7.26,-7.26,-0.70,-0.70,-0.70,438,416,434,335,364
5.37,-6.63,-6.63,-0.83,-0.83,-0.83,438,416,434,334,364
4.97,-6.45,-6.45,-0.81,-0.81,-0.81,438,416,434,334,364
6.07,-5.67,-5.67,-0.75,-0.75,-0.75,437,416,434,334,365
6.41,-5.43,-5.43,-0.79,-0.79,-0.79,436,415,434,334,365
5.96,-5.85,-5.85,-0.74,-0.74,-0.74,435,415,434,334,365
6.47,-5.77,-5.77,-0.79,-0.79,-0.79,434,415,434,334,365
6.04,-5.05,-5.05,-0.86,-0.86,-0.86,433,415,434,334,365
6.15,-4.09,-4.09,-0.79,-0.79,-0.79,433,415,434,334,365
9.27,-3.99,-3.99,-0.72,-0.72,-0.72,432,414,434,334,365
5.90,-4.90,-4.90,-0.75,-0.75,-0.75,431,414,433,334,365
9.10,-3.51,-3.51,-0.60,-0.60,-0.60,431,414,434,334,365
10.76,-2.90,-2.90,-0.39,-0.39,-0.39,430,413,434,334,365
12.22,-3.63,-3.63,-0.39,-0.39,-0.39,430,413,433,334,365
10.63,-4.87,-4.87,-0.13,-0.13,-0.13,429,413,433,333,366
8.05,-3.13,-3.13,-0.28,-0.28,-0.28,429,413,433,334,366
6.63,-4.68,-4.68,-0.26,-0.26,-0.26,430,414,433,334,365
8.57,-6.04,-6.04,-0.05,-0.05,-0.05,429,413,433,334,366
11.41,-4.56,-4.56,0.11,0.11,0.11,429,413,433,334,366
6.14,-4.82,-4.82,0.07,0.07,0.07,429,413,433,334,366
7.76,-5.69,-5.69,0.02,0.02,0.02,429,413,433,334,366
8.24,-5.52,-5.52,0.13,0.13,0.13,429,413,433,334,366
7.28,-5.52,-5.52,0.03,0.03,0.03,429,413,433,334,366
6.86,-5.10,-5.10,0.03,0.03,0.03,429,413,433,334,366
8.18,-4.90,-4.90,0.09,0.09,0.09,429,413,433,334,366
7.27,-5.31,-5.31,0.06,0.06,0.06,429,413,433,334,366
6.93,-5.79,-5.79,0.11,0.11,0.11,429,413,433,334,366
7.66,-5.63,-5.63,0.08,0.08,0.08,429,413,433,334,366
END
7.57,-5.57,-5.57,0.06,0.06,0.06,458,424,439,334,367
6.09,-7.24,-7.24,0.01,0.01,0.01,457,424,439,334,367
5.98,-7.29,-7.29,-0.02,-0.02,-0.02,456,423,439,334,367
5.68,-7.47,-7.47,-0.05,-0.05,-0.05,455,423,439,334,366
4.24,-7.49,-7.49,-0.05,-0.05,-0.05,454,423,438,334,366
2.48,-7.98,-7.98,-0.27,-0.27,-0.27,453,423,438,334,366
5.63,-8.15,-8.15,-0.33,-0.33,-0.33,450,421,437,334,366
4.97,-7.30,-7.30,-0.47,-0.47,-0.47,448,421,436,334,366
6.11,-7.21,-7.21,-0.61,-0.61,-0.61,446,419,436,334,365
6.14,-6.83,-6.83,-0.72,-0.72,-0.72,444,419,436,334,365
5.62,-6.52,-6.52,-0.71,-0.71,-0.71,443,419,435,334,365
6.68,-5.94,-5.94,-0.56,-0.56,-0.56,442,418,435,334,365
7.76,-6.19,-6.19,-0.57,-0.57,-0.57,441,418,435,334,365
5.48,-6.63,-6.63,-0.57,-0.57,-0.57,441,418,435,334,365
5.43,-6.62,-6.62,-0.51,-0.51,-0.51,440,417,435,334,365
6.99,-6.91,-6.91,-0.41,-0.41,-0.41,440,417,436,334,365
8.53,-6.96,-6.96,-0.62,-0.62,-0.62,439,417,436,334,364
7.02,-6.37,-6.37,-0.88,-0.88,-0.88,439,417,436,334,364
4.98,-6.00,-6.00,-0.81,-0.81,-0.81,439,417,436,334,364
7.65,-5.33,-5.33,-0.77,-0.77,-0.77,438,417,435,334,364
5.57,-5.69,-5.69,-0.81,-0.81,-0.81,438,417,436,334,365
5.61,-4.83,-4.83,-0.72,-0.72,-0.72,438,417,435,334,365
5.86,-5.33,-5.33,-0.77,-0.77,-0.77,437,417,435,334,365
8.23,-3.96,-3.96,-0.80,-0.80,-0.80,437,417,435,334,365
7.97,-2.58,-2.58,-0.69,-0.69,-0.69,436,417,435,334,365
8.45,-4.12,-4.12,-0.59,-0.59,-0.59,436,416,435,334,365
9.07,-4.39,-4.39,-0.49,-0.49,-0.49,436,416,435,334,365
9.99,-4.82,-4.82,-0.46,-0.46,-0.46,435,416,435,334,365
6.60,-4.03,-4.03,-0.53,-0.53,-0.53,435,416,434,333,366
9.45,-4.34,-4.34,-0.62,-0.62,-0.62,433,415,434,333,367
8.59,-4.21,-4.21,-0.65,-0.65,-0.65,431,415,433,333,366
9.38,-3.60,-3.60,-0.71,-0.71,-0.71,428,414,433,334,366
7.82,-3.88,-3.88,-0.43,-0.43,-0.43,427,413,433,334,367
9.76,-5.12,-5.12,-0.15,-0.15,-0.15,426,413,432,334,367
7.00,-5.50,-5.50,0.23,0.23,0.23,426,412,432,334,367
7.24,-5.65,-5.65,0.06,0.06,0.06,426,412,432,334,367
8.23,-5.13,-5.13,0.05,0.05,0.05,426,412,432,334,367
8.36,-5.38,-5.38,0.09,0.09,0.09,426,412,431,334,367
7.03,-5.33,-5.33,0.00,0.00,0.00,426,412,432,334,366
8.61,-5.33,-5.33,0.02,0.02,0.02,426,412,432,334,367
8.06,-5.09,-5.09,-0.02,-0.02,-0.02,426,412,432,333,367
END
6.53,-4.58,-4.58,-0.06,-0.06,-0.06,454,423,438,334,365
6.46,-6.88,-6.88,0.02,0.02,0.02,453,423,438,334,365
5.99,-7.11,-7.11,0.00,0.00,0.00,453,423,438,334,365
6.21,-7.59,-7.59,-0.01,-0.01,-0.01,452,422,437,334,365
5.20,-7.70,-7.70,-0.08,-0.08,-0.08,451,421,437,334,365
3.51,-7.56,-7.56,-0.18,-0.18,-0.18,449,421,436,334,365
3.65,-8.14,-8.14,-0.22,-0.22,-0.22,448,420,436,334,365
4.19,-8.29,-8.29,-0.30,-0.30,-0.30,445,419,436,334,365
3.37,-8.79,-8.79,-0.53,-0.53,-0.53,443,418,435,335,364
6.28,-7.77,-7.77,-0.51,-0.51,-0.51,441,418,435,336,364
5.47,-7.40,-7.40,-0.53,-0.53,-0.53,440,417,434,336,364
6.25,-6.96,-6.96,-0.50,-0.50,-0.50,440,417,435,336,364
6.12,-6.55,-6.55,-0.60,-0.60,-0.60,439,417,434,335,364
6.60,-6.93,-6.93,-0.52,-0.52,-0.52,438,417,434,336,364
5.76,-6.72,-6.72,-0.58,-0.58,-0.58,438,417,434,335,364
4.58,-6.80,-6.80,-0.56,-0.56,-0.56,437,416,434,335,364
5.48,-6.78,-6.78,-0.45,-0.45,-0.45,437,416,433,335,364
5.99,-7.09,-7.09,-0.54,-0.54,-0.54,437,416,434,335,364
5.83,-7.36,-7.36,-0.61,-0.61,-0.61,437,416,434,335,364
5.27,-6.93,-6.93,-0.64,-0.64,-0.64,436,416,433,335,365
5.82,-6.68,-6.68,-0.65,-0.65,-0.65,435,416,434,335,365
5.85,-6.32,-6.32,-0.75,-0.75,-0.75,435,416,433,335,364
5.81,-6.34,-6.34,-0.77,-0.77,-0.77,435,416,433,335,365
8.16,-5.91,-5.91,-0.64,-0.64,-0.64,434,416,433,335,364
7.08,-5.20,-5.20,-0.74,-0.74,-0.74,434,416,433,335,364
6.63,-4.79,-4.79,-0.83,-0.83,-0.83,434,415,433,335,364
7.26,-4.36,-4.36,-0.77,-0.77,-0.77,433,415,433,335,364
6.74,-3.25,-3.25,-0.61,-0.61,-0.61,433,415,433,335,364
8.63,-4.04,-4.04,-0.63,-0.63,-0.63,431,415,432,335,365
13.60,-3.17,-3.17,-0.79,-0.79,-0.79,429,414,432,335,365
7.70,-3.71,-3.71,-0.60,-0.60,-0.60,428,413,432,335,365
8.66,-3.96,-3.96,-0.47,-0.47,-0.47,427,413,431,335,366
12.51,-3.04,-3.04,-0.29,-0.29,-0.29,427,413,431,335,366
8.92,-3.43,-3.43,-0.24,-0.24,-0.24,427,413,431,335,366
9.04,-4.22,-4.22,-0.08,-0.08,-0.08,426,413,431,335,366
8.14,-4.31,-4.31,0.02,0.02,0.02,426,413,431,335,366
8.29,-5.08,-5.08,-0.01,-0.01,-0.01,426,413,431,335,366
7.86,-4.81,-4.81,0.06,0.06,0.06,426,413,431,335,365
8.28,-4.62,-4.62,0.06,0.06,0.06,426,413,431,335,366
8.51,-4.44,-4.44,0.04,0.04,0.04,426,413,431,335,365
7.85,-4.44,-4.44,0.10,0.10,0.10,426,413,431,335,366
END
6.52,-5.66,-5.66,0.12,0.12,0.12,463,433,445,340,374
4.62,-7.82,-7.82,-0.59,-0.59,-0.59,463,433,445,340,374
6.40,-7.64,-7.64,-0.44,-0.44,-0.44,462,432,445,340,373
5.94,-6.78,-6.78,-0.35,-0.35,-0.35,461,432,445,340,372
6.81,-6.36,-6.36,-0.38,-0.38,-0.38,460,432,444,340,372
5.61,-6.72,-6.72,-0.38,-0.38,-0.38,460,432,444,340,373
5.66,-7.34,-7.34,-0.43,-0.43,-0.43,459,432,444,340,372
7.22,-6.38,-6.38,-0.44,-0.44,-0.44,459,431,444,340,372
5.51,-6.53,-6.53,-0.42,-0.42,-0.42,458,431,444,340,372
6.03,-6.67,-6.67,-0.50,-0.50,-0.50,458,431,444,340,372
7.53,-6.54,-6.54,-0.42,-0.42,-0.42,458,431,444,340,371
6.45,-5.79,-5.79,-0.36,-0.36,-0.36,458,431,444,339,371
6.27,-6.14,-6.14,-0.47,-0.47,-0.47,457,431,444,339,371
6.55,-6.22,-6.22,-0.41,-0.41,-0.41,457,431,444,339,371
5.43,-6.20,-6.20,-0.34,-0.34,-0.34,457,431,444,339,371
6.78,-6.08,-6.08,-0.42,-0.42,-0.42,457,431,444,339,371
6.00,-6.64,-6.64,-0.38,-0.38,-0.38,457,431,444,339,371
6.75,-5.77,-5.77,-0.37,-0.37,-0.37,456,431,443,339,371
5.78,-5.99,-5.99,-0.38,-0.38,-0.38,456,431,443,339,371
6.84,-5.93,-5.93,-0.36,-0.36,-0.36,455,431,443,339,371
5.33,-6.50,-6.50,-0.38,-0.38,-0.38,455,430,442,338,371
4.89,-6.54,-6.54,-0.33,-0.33,-0.33,455,430,442,338,371
4.25,-6.35,-6.35,-0.46,-0.46,-0.46,455,430,442,338,371
5.66,-5.89,-5.89,-0.59,-0.59,-0.59,454,430,442,338,371
8.87,-4.58,-4.58,-0.54,-0.54,-0.54,453,430,442,338,371
9.99,-4.26,-4.26,-0.34,-0.34,-0.34,453,430,442,338,372
9.69,-3.78,-3.78,-0.29,-0.29,-0.29,452,430,442,338,372
10.90,-5.02,-5.02,-0.02,-0.02,-0.02,452,429,442,338,372
4.36,-5.23,-5.23,-0.12,-0.12,-0.12,452,429,441,338,372
9.10,-6.05,-6.05,-0.11,-0.11,-0.11,451,429,441,338,372
8.66,-7.37,-7.37,0.22,0.22,0.22,450,428,441,338,372
3.22,-5.63,-5.63,-0.01,-0.01,-0.01,451,428,441,338,372
7.69,-6.46,-6.46,0.03,0.03,0.03,450,428,441,338,372
6.36,-5.81,-5.81,0.08,0.08,0.08,450,428,441,338,372
6.86,-6.32,-6.32,0.10,0.10,0.10,450,428,441,338,372
6.93,-6.05,-6.05,0.07,0.07,0.07,450,428,441,338,372
6.38,-6.59,-6.59,0.03,0.03,0.03,450,428,441,337,372
6.07,-5.81,-5.81,0.05,0.05,0.05,450,428,441,337,372
5.86,-6.25,-6.25,0.09,0.09,0.09,450,428,441,337,372
6.27,-6.33,-6.33,0.02,0.02,0.02,450,428,440,337,372
6.40,-6.02,-6.02,0.06,0.06,0.06,449,428,440,337,372
END
6.72,-5.99,-5.99,0.04,0.04,0.04,469,433,442,334,369
6.35,-6.81,-6.81,0.08,0.08,0.08,469,433,441,334,369
6.55,-6.99,-6.99,0.03,0.03,0.03,468,433,441,334,369
5.92,-6.99,-6.99,-0.08,-0.08,-0.08,467,433,440,334,370
4.89,-7.03,-7.03,-0.03,-0.03,-0.03,467,433,439,334,371
6.93,-6.96,-6.96,-0.09,-0.09,-0.09,465,434,438,334,371
0.29,-8.26,-8.26,-0.40,-0.40,-0.40,464,433,437,334,371
2.37,-8.14,-8.14,-0.45,-0.45,-0.45,461,432,437,334,371
3.42,-7.54,-7.54,-0.81,-0.81,-0.81,458,431,436,333,371
5.80,-7.98,-7.98,-0.84,-0.84,-0.84,456,430,436,334,371
5.88,-6.77,-6.77,-0.90,-0.90,-0.90,454,429,436,333,371
8.38,-5.55,-5.55,-1.18,-1.18,-1.18,452,428,435,333,371
10.93,-5.63,-5.63,-1.08,-1.08,-1.08,451,428,435,333,371
7.98,-5.61,-5.61,-0.94,-0.94,-0.94,450,427,435,333,371
7.45,-4.45,-4.45,-0.83,-0.83,-0.83,450,427,435,334,371
9.02,-4.01,-4.01,-0.85,-0.85,-0.85,449,427,435,334,372
7.03,-4.72,-4.72,-0.72,-0.72,-0.72,449,427,435,333,371
9.03,-5.17,-5.17,-0.64,-0.64,-0.64,449,427,435,334,371
6.72,-4.26,-4.26,-0.63,-0.63,-0.63,448,427,434,333,371
4.91,-5.21,-5.21,-0.63,-0.63,-0.63,448,427,434,333,371
8.15,-5.46,-5.46,-0.65,-0.65,-0.65,447,427,434,333,371
5.88,-6.84,-6.84,-0.66,-0.66,-0.66,447,426,434,334,371
5.21,-6.07,-6.07,-0.84,-0.84,-0.84,447,426,434,333,371
5.37,-4.08,-4.08,-0.85,-0.85,-0.85,447,426,434,333,371
8.99,-3.16,-3.16,-0.66,-0.66,-0.66,446,426,434,334,371
12.46,-1.52,-1.52,-0.51,-0.51,-0.51,445,426,434,333,372
8.61,-1.87,-1.87,-0.34,-0.34,-0.34,444,425,434,334,372
8.10,-2.73,-2.73,-0.19,-0.19,-0.19,444,425,434,334,373
10.55,-3.83,-3.83,-0.02,-0.02,-0.02,443,425,434,334,372
9.86,-5.74,-5.74,0.12,0.12,0.12,444,425,433,334,372
9.58,-5.33,-5.33,0.03,0.03,0.03,443,425,433,334,372
6.10,-4.87,-4.87,-0.06,-0.06,-0.06,443,425,433,334,372
8.03,-5.15,-5.15,-0.00,-0.00,-0.00,443,425,433,334,372
8.56,-4.44,-4.44,0.04,0.04,0.04,443,425,433,334,372
7.87,-5.09,-5.09,0.04,0.04,0.04,443,425,433,334,372
7.98,-5.29,-5.29,0.10,0.10,0.10,443,425,433,334,372
6.33,-5.12,-5.12,-0.04,-0.04,-0.04,443,425,433,334,372
8.41,-5.61,-5.61,0.09,0.09,0.09,443,425,433,334,372
8.15,-4.96,-4.96,0.05,0.05,0.05,443,424,433,334,372
7.09,-5.27,-5.27,0.09,0.09,0.09,443,424,433,334,372
8.82,-5.37,-5.37,-0.01,-0.01,-0.01,442,424,433,334,372
END
7.42,-4.96,-4.96,0.04,0.04,0.04,458,427,438,334,365
6.81,-6.76,-6.76,0.00,0.00,0.00,458,427,438,334,365
7.38,-6.64,-6.64,-0.01,-0.01,-0.01,458,427,438,334,365
6.58,-6.86,-6.86,-0.02,-0.02,-0.02,458,427,439,334,365
5.18,-7.03,-7.03,-0.09,-0.09,-0.09,458,428,441,334,366
6.04,-7.10,-7.10,0.12,0.12,0.12,458,428,443,334,365
2.06,-7.57,-7.57,-0.16,-0.16,-0.16,458,428,443,335,364
4.82,-7.69,-7.69,-0.26,-0.26,-0.26,456,428,443,335,363
4.74,-8.36,-8.36,-0.37,-0.37,-0.37,454,427,443,336,363
4.84,-8.16,-8.16,-0.43,-0.43,-0.43,453,427,442,336,362
5.49,-6.63,-6.63,-0.66,-0.66,-0.66,451,426,442,336,362
7.21,-6.73,-6.73,-0.58,-0.58,-0.58,450,425,442,336,362
6.65,-6.90,-6.90,-0.61,-0.61,-0.61,450,426,441,336,363
7.72,-6.48,-6.48,-0.69,-0.69,-0.69,449,425,441,336,363
5.56,-5.82,-5.82,-0.67,-0.67,-0.67,448,425,441,336,363
6.43,-5.93,-5.93,-0.73,-0.73,-0.73,448,425,441,336,363
5.03,-6.21,-6.21,-0.82,-0.82,-0.82,447,425,441,336,363
6.33,-6.49,-6.49,-0.82,-0.82,-0.82,447,425,441,336,364
6.22,-5.81,-5.81,-0.95,-0.95,-0.95,446,424,441,336,363
5.39,-5.77,-5.77,-0.93,-0.93,-0.93,445,424,440,336,363
7.52,-4.64,-4.64,-0.90,-0.90,-0.90,444,424,440,336,364
7.48,-4.55,-4.55,-0.92,-0.92,-0.92,444,424,439,336,364
6.68,-3.71,-3.71,-0.94,-0.94,-0.94,443,423,439,336,364
8.89,-4.27,-4.27,-0.61,-0.61,-0.61,442,423,438,336,365
6.90,-3.60,-3.60,-0.69,-0.69,-0.69,442,423,438,336,365
5.15,-2.40,-2.40,-0.74,-0.74,-0.74,441,423,438,335,365
13.89,-4.46,-4.46,-0.48,-0.48,-0.48,440,422,438,336,365
6.43,-2.25,-2.25,-0.32,-0.32,-0.32,440,422,437,336,365
9.12,-4.37,-4.37,-0.37,-0.37,-0.37,440,422,437,335,365
8.64,-3.42,-3.42,-0.30,-0.30,-0.30,440,422,437,336,365
8.62,-6.97,-6.97,0.20,0.20,0.20,439,422,437,336,365
8.95,-4.88,-4.88,-0.08,-0.08,-0.08,439,422,437,335,365
5.96,-6.10,-6.10,0.08,0.08,0.08,439,422,437,336,365
8.94,-5.11,-5.11,-0.08,-0.08,-0.08,438,421,437,335,365
6.22,-5.66,-5.66,0.18,0.18,0.18,438,421,436,336,365
8.67,-4.01,-4.01,-0.15,-0.15,-0.15,436,420,436,336,366
7.03,-5.36,-5.36,-0.13,-0.13,-0.13,436,420,436,336,365
6.92,-5.53,-5.53,0.04,0.04,0.04,436,420,436,335,365
8.01,-5.51,-5.51,0.06,0.06,0.06,436,420,436,336,366
6.47,-5.13,-5.13,-0.03,-0.03,-0.03,436,420,436,336,366
7.49,-5.37,-5.37,-0.01,-0.01,-0.01,436,420,436,335,366
END
7.55,-5.23,-5.23,0.05,0.05,0.05,470,432,443,335,363
6.53,-6.70,-6.70,0.04,0.04,0.04,469,432,443,335,363
6.50,-7.15,-7.15,0.02,0.02,0.02,468,432,442,335,363
6.60,-7.30,-7.30,0.11,0.11,0.11,468,432,442,335,363
5.51,-7.25,-7.25,0.01,0.01,0.01,464,432,441,335,364
5.60,-7.67,-7.67,0.03,0.03,0.03,459,431,440,334,366
5.08,-7.70,-7.70,-0.18,-0.18,-0.18,455,430,439,334,367
1.77,-8.79,-8.79,-0.49,-0.49,-0.49,453,429,438,334,368
4.69,-8.23,-8.23,-0.42,-0.42,-0.42,449,427,437,334,368
7.29,-7.14,-7.14,-0.54,-0.54,-0.54,447,426,437,334,369
7.34,-6.76,-6.76,-0.57,-0.57,-0.57,445,426,436,334,369
5.55,-6.28,-6.28,-0.48,-0.48,-0.48,445,425,436,334,369
4.11,-7.09,-7.09,-0.53,-0.53,-0.53,444,425,436,334,369
8.07,-7.11,-7.11,-0.38,-0.38,-0.38,442,424,436,335,369
2.79,-7.06,-7.06,-0.63,-0.63,-0.63,442,424,435,335,368
6.07,-7.11,-7.11,-0.72,-0.72,-0.72,441,423,435,336,368
5.23,-6.44,-6.44,-0.65,-0.65,-0.65,440,423,435,336,368
5.76,-6.13,-6.13,-0.65,-0.65,-0.65,440,422,435,336,367
7.07,-6.02,-6.02,-0.77,-0.77,-0.77,439,422,435,336,368
7.67,-6.05,-6.05,-0.65,-0.65,-0.65,439,422,435,336,368
6.25,-6.25,-6.25,-0.84,-0.84,-0.84,438,422,435,336,368
6.58,-5.23,-5.23,-0.79,-0.79,-0.79,438,422,435,336,368
6.76,-4.26,-4.26,-0.98,-0.98,-0.98,437,421,434,336,369
5.22,-3.57,-3.57,-1.00,-1.00,-1.00,437,421,434,336,369
7.43,-4.47,-4.47,-0.91,-0.91,-0.91,435,420,434,335,369
4.66,-4.07,-4.07,-1.01,-1.01,-1.01,435,420,434,335,369
7.08,-2.35,-2.35,-0.76,-0.76,-0.76,434,419,433,335,369
13.85,-2.84,-2.84,-0.65,-0.65,-0.65,433,420,433,335,369
9.39,-1.23,-1.23,-0.68,-0.68,-0.68,433,420,433,335,370
10.36,-1.52,-1.52,-0.58,-0.58,-0.58,432,419,433,335,371
11.36,-0.73,-0.73,-0.42,-0.42,-0.42,431,419,433,335,370
10.34,-3.68,-3.68,-0.19,-0.19,-0.19,431,419,433,335,370
8.67,-2.94,-2.94,-0.09,-0.09,-0.09,431,419,433,335,370
8.31,-3.12,-3.12,-0.05,-0.05,-0.05,431,419,433,335,370
7.65,-4.24,-4.24,-0.18,-0.18,-0.18,430,419,432,335,370
12.15,-4.85,-4.85,-0.10,-0.10,-0.10,430,418,432,335,370
9.81,-5.06,-5.06,0.07,0.07,0.07,430,418,432,335,370
6.90,-3.88,-3.88,-0.06,-0.06,-0.06,430,418,432,335,370
7.70,-4.26,-4.26,0.00,0.00,0.00,430,418,432,335,370
8.71,-4.31,-4.31,0.03,0.03,0.03,430,418,432,335,370
9.35,-4.55,-4.55,0.10,0.10,0.10,430,418,432,335,370
END
6.20,-4.62,-4.62,0.02,0.02,0.02,459,430,440,335,369
7.01,-6.77,-6.77,0.17,0.17,0.17,458,430,439,335,370
6.85,-7.12,-7.12,0.00,0.00,0.00,457,429,438,335,371
6.09,-7.13,-7.13,-0.01,-0.01,-0.01,455,428,438,335,372
5.44,-9.14,-9.14,-0.04,-0.04,-0.04,453,427,437,335,372
4.21,-7.75,-7.75,-0.19,-0.19,-0.19,451,427,437,335,372
3.73,-8.36,-8.36,-0.31,-0.31,-0.31,450,426,437,335,372
2.18,-8.72,-8.72,-0.32,-0.32,-0.32,449,425,436,335,371
4.80,-8.05,-8.05,-0.61,-0.61,-0.61,445,424,436,335,371
4.31,-7.38,-7.38,-0.50,-0.50,-0.50,444,423,435,336,371
4.57,-6.93,-6.93,-0.42,-0.42,-0.42,442,423,435,336,371
4.22,-5.98,-5.98,-0.38,-0.38,-0.38,442,422,434,336,371
7.47,-6.32,-6.32,-0.38,-0.38,-0.38,440,422,433,338,371
6.55,-6.69,-6.69,-0.43,-0.43,-0.43,440,421,433,339,370
5.17,-6.59,-6.59,-0.56,-0.56,-0.56,439,421,432,339,370
6.40,-6.61,-6.61,-0.63,-0.63,-0.63,438,421,432,339,370
5.10,-6.87,-6.87,-0.56,-0.56,-0.56,438,421,432,339,370
6.78,-6.41,-6.41,-0.61,-0.61,-0.61,437,420,432,339,370
4.91,-5.87,-5.87,-0.75,-0.75,-0.75,437,420,431,339,370
5.89,-5.41,-5.41,-0.71,-0.71,-0.71,437,420,431,339,370
6.25,-5.84,-5.84,-0.63,-0.63,-0.63,436,420,431,339,371
6.30,-5.46,-5.46,-0.67,-0.67,-0.67,435,420,431,339,371
5.10,-4.86,-4.86,-0.75,-0.75,-0.75,435,420,431,339,371
5.87,-6.35,-6.35,-0.65,-0.65,-0.65,435,420,431,338,371
6.33,-5.49,-5.49,-0.61,-0.61,-0.61,434,419,431,338,371
4.31,-5.05,-5.05,-0.82,-0.82,-0.82,433,419,431,338,371
4.38,-5.36,-5.36,-0.80,-0.80,-0.80,433,419,431,338,371
10.54,-1.50,-1.50,-0.82,-0.82,-0.82,431,418,430,338,371
8.77,-2.99,-2.99,-0.72,-0.72,-0.72,430,418,430,338,371
10.64,-1.49,-1.49,-0.33,-0.33,-0.33,430,418,430,338,372
8.43,-3.41,-3.41,-0.32,-0.32,-0.32,429,418,430,339,371
7.70,-1.72,-1.72,-0.16,-0.16,-0.16,430,418,431,338,372
12.01,-6.03,-6.03,0.12,0.12,0.12,429,418,431,338,371
14.51,-5.92,-5.92,0.11,0.11,0.11,429,417,431,338,372
5.55,-5.38,-5.38,-0.03,-0.03,-0.03,430,418,431,338,371
8.29,-5.40,-5.40,-0.14,-0.14,-0.14,429,417,430,338,371
8.60,-4.86,-4.86,0.04,0.04,0.04,428,417,430,338,371
4.90,-4.42,-4.42,-0.00,-0.00,-0.00,429,417,430,338,371
7.13,-4.87,-4.87,-0.01,-0.01,-0.01,429,417,431,337,371
7.12,-5.54,-5.54,0.12,0.12,0.12,429,417,430,337,371
6.33,-4.91,-4.91,0.04,0.04,0.04,429,417,430,337,371
END
8.13,-5.58,-5.58,0.18,0.18,0.18,458,429,437,335,372
4.16,-7.37,-7.37,-0.20,-0.20,-0.20,456,429,437,335,372
5.56,-7.99,-7.99,-0.11,-0.11,-0.11,454,428,436,335,371
5.18,-8.51,-8.51,-0.24,-0.24,-0.24,453,427,435,335,371
9.32,-6.83,-6.83,-0.45,-0.45,-0.45,450,426,435,335,371
4.26,-6.49,-6.49,-0.42,-0.42,-0.42,450,426,435,334,370
3.36,-6.86,-6.86,-0.61,-0.61,-0.61,449,425,435,334,370
6.15,-6.08,-6.08,-0.80,-0.80,-0.80,446,424,434,335,369
7.24,-6.85,-6.85,-0.75,-0.75,-0.75,444,423,434,334,369
7.37,-6.61,-6.61,-0.60,-0.60,-0.60,442,423,434,334,368
7.55,-6.96,-6.96,-0.73,-0.73,-0.73,442,422,433,334,369
9.58,-5.45,-5.45,-0.78,-0.78,-0.78,441,423,433,334,369
6.01,-4.99,-4.99,-0.82,-0.82,-0.82,441,422,433,334,369
7.72,-5.25,-5.25,-0.77,-0.77,-0.77,440,422,433,334,369
7.33,-5.32,-5.32,-0.68,-0.68,-0.68,439,422,433,334,368
5.57,-5.44,-5.44,-0.68,-0.68,-0.68,439,422,433,334,369
6.85,-5.70,-5.70,-0.76,-0.76,-0.76,438,422,432,334,368
6.17,-5.63,-5.63,-0.66,-0.66,-0.66,438,421,432,334,368
7.45,-5.98,-5.98,-0.62,-0.62,-0.62,437,421,432,334,369
6.21,-5.93,-5.93,-0.57,-0.57,-0.57,437,421,432,334,368
7.21,-5.56,-5.56,-0.64,-0.64,-0.64,436,421,431,334,369
6.32,-6.46,-6.46,-0.59,-0.59,-0.59,436,421,431,334,369
6.40,-5.37,-5.37,-0.85,-0.85,-0.85,435,421,431,334,370
8.32,-5.97,-5.97,-0.95,-0.95,-0.95,435,421,431,334,370
9.00,-4.76,-4.76,-0.85,-0.85,-0.85,434,421,431,334,370
7.18,-5.15,-5.15,-0.86,-0.86,-0.86,434,421,431,334,370
8.64,-3.45,-3.45,-0.80,-0.80,-0.80,433,421,430,334,370
7.82,-3.07,-3.07,-0.66,-0.66,-0.66,433,420,430,334,370
4.16,-3.17,-3.17,-0.59,-0.59,-0.59,433,420,430,335,370
16.56,-5.05,-5.05,-0.57,-0.57,-0.57,431,419,429,335,370
6.13,-3.87,-3.87,-0.34,-0.34,-0.34,430,418,429,334,370
8.56,-5.02,-5.02,-0.45,-0.45,-0.45,430,418,429,335,370
8.79,-5.13,-5.13,-0.07,-0.07,-0.07,430,418,429,334,370
6.76,-3.70,-3.70,-0.24,-0.24,-0.24,429,418,429,334,370
8.29,-4.34,-4.34,-0.08,-0.08,-0.08,429,418,429,335,370
9.42,-4.12,-4.12,0.03,0.03,0.03,429,417,429,334,370
8.93,-4.30,-4.30,0.03,0.03,0.03,429,417,429,334,370
7.46,-5.81,-5.81,0.20,0.20,0.20,429,417,429,334,369
8.18,-5.81,-5.81,0.09,0.09,0.09,429,417,428,334,369
7.03,-6.02,-6.02,0.14,0.14,0.14,429,417,428,334,369
7.13,-5.57,-5.57,0.14,0.14,0.14,429,417,428,334,369
END
7.99,-5.53,-5.53,0.14,0.14,0.14,455,428,436,334,373
7.95,-6.84,-6.84,0.16,0.16,0.16,454,428,436,334,374
5.25,-7.27,-7.27,0.07,0.07,0.07,454,428,435,334,375
5.22,-7.22,-7.22,-0.05,-0.05,-0.05,453,428,434,334,375
6.88,-6.59,-6.59,0.05,0.05,0.05,453,427,434,334,374
5.10,-7.57,-7.57,-0.05,-0.05,-0.05,452,427,434,334,373
4.00,-7.97,-7.97,-0.53,-0.53,-0.53,450,427,434,334,373
5.88,-7.80,-7.80,-0.45,-0.45,-0.45,448,425,434,334,372
6.61,-7.39,-7.39,-0.36,-0.36,-0.36,447,425,433,335,372
6.82,-7.05,-7.05,-0.71,-0.71,-0.71,444,424,433,335,371
7.49,-6.70,-6.70,-0.59,-0.59,-0.59,443,423,433,335,371
6.99,-5.90,-5.90,-0.44,-0.44,-0.44,442,423,433,335,371
6.77,-5.99,-5.99,-0.51,-0.51,-0.51,441,422,432,335,371
5.95,-6.12,-6.12,-0.65,-0.65,-0.65,441,422,432,335,371
8.08,-6.53,-6.53,-0.51,-0.51,-0.51,439,422,432,335,371
6.00,-6.52,-6.52,-0.49,-0.49,-0.49,439,422,432,335,371
5.88,-6.12,-6.12,-0.58,-0.58,-0.58,439,421,432,335,371
6.77,-6.66,-6.66,-0.58,-0.58,-0.58,438,421,432,334,371
6.34,-6.22,-6.22,-0.64,-0.64,-0.64,437,421,431,334,371
6.14,-5.62,-5.62,-0.65,-0.65,-0.65,437,421,431,334,371
6.30,-6.24,-6.24,-0.73,-0.73,-0.73,436,421,431,334,371
6.83,-6.15,-6.15,-0.72,-0.72,-0.72,435,420,430,334,371
4.87,-5.39,-5.39,-0.93,-0.93,-0.93,434,420,430,334,372
6.81,-5.66,-5.66,-0.82,-0.82,-0.82,433,419,430,334,372
6.47,-5.68,-5.68,-0.91,-0.91,-0.91,432,419,430,334,372
5.29,-4.76,-4.76,-1.13,-1.13,-1.13,431,419,429,334,372
8.67,-4.56,-4.56,-0.96,-0.96,-0.96,430,418,429,334,373
9.66,-4.95,-4.95,-1.15,-1.15,-1.15,428,418,428,334,373
7.37,-5.99,-5.99,-1.21,-1.21,-1.21,427,416,428,334,373
6.52,-2.96,-2.96,-1.14,-1.14,-1.14,425,415,427,334,372
10.05,-2.72,-2.72,-1.02,-1.02,-1.02,423,415,426,334,372
9.00,-3.13,-3.13,-0.94,-0.94,-0.94,422,414,425,334,372
7.90,-3.09,-3.09,-0.64,-0.64,-0.64,421,414,425,334,372
9.48,-3.13,-3.13,-0.35,-0.35,-0.35,421,414,425,334,372
8.18,-4.08,-4.08,-0.30,-0.30,-0.30,421,414,425,334,372
9.30,-3.53,-3.53,-0.16,-0.16,-0.16,421,414,425,334,372
11.77,-4.89,-4.89,-0.10,-0.10,-0.10,420,413,425,334,373
9.86,-5.56,-5.56,0.10,0.10,0.10,420,413,425,334,372
8.73,-5.34,-5.34,0.05,0.05,0.05,420,413,425,334,372
7.72,-5.74,-5.74,0.09,0.09,0.09,420,413,425,334,373
6.52,-5.47,-5.47,0.13,0.13,0.13,420,413,425,334,372
END
7.94,-5.58,-5.58,0.12,0.12,0.12,456,428,439,333,363
5.99,-6.73,-6.73,0.08,0.08,0.08,457,428,439,334,363
5.68,-6.87,-6.87,0.15,0.15,0.15,456,428,439,334,363
5.10,-7.11,-7.11,0.03,0.03,0.03,455,428,438,334,363
3.75,-8.19,-8.19,-0.47,-0.47,-0.47,451,427,437,333,364
4.49,-8.84,-8.84,-0.05,-0.05,-0.05,448,425,436,334,364
2.17,-8.86,-8.86,-0.28,-0.28,-0.28,445,424,435,334,363
2.30,-8.74,-8.74,-0.81,-0.81,-0.81,442,422,433,335,364
4.02,-8.65,-8.65,-0.55,-0.55,-0.55,439,421,432,336,364
3.62,-7.28,-7.28,-0.57,-0.57,-0.57,437,420,431,336,363
6.40,-6.83,-6.83,-0.55,-0.55,-0.55,435,419,431,336,363
5.94,-6.34,-6.34,-0.63,-0.63,-0.63,435,419,431,337,363
6.27,-6.81,-6.81,-0.68,-0.68,-0.68,434,419,431,336,363
7.49,-5.97,-5.97,-0.67,-0.67,-0.67,433,419,431,337,363
5.84,-6.79,-6.79,-0.84,-0.84,-0.84,432,418,430,338,363
5.87,-6.85,-6.85,-0.63,-0.63,-0.63,430,418,431,336,364
7.26,-6.50,-6.50,-0.58,-0.58,-0.58,430,418,430,337,364
4.47,-6.27,-6.27,-0.72,-0.72,-0.72,429,418,430,336,363
5.82,-6.25,-6.25,-0.67,-0.67,-0.67,429,417,430,336,364
6.34,-5.88,-5.88,-0.64,-0.64,-0.64,428,417,430,336,363
4.20,-5.58,-5.58,-0.95,-0.95,-0.95,428,417,430,336,363
5.97,-6.96,-6.96,-0.78,-0.78,-0.78,427,416,430,336,364
7.49,-5.78,-5.78,-0.84,-0.84,-0.84,426,416,430,336,364
4.63,-5.70,-5.70,-1.11,-1.11,-1.11,425,416,429,336,364
10.55,-6.07,-6.07,-1.13,-1.13,-1.13,424,415,429,336,364
4.02,-3.99,-3.99,-1.11,-1.11,-1.11,423,415,429,336,364
6.78,-4.92,-4.92,-1.04,-1.04,-1.04,423,415,429,336,364
10.55,-2.14,-2.14,-0.99,-0.99,-0.99,422,415,428,336,365
8.87,-2.10,-2.10,-0.60,-0.60,-0.60,422,415,428,336,365
10.57,-3.10,-3.10,-0.48,-0.48,-0.48,422,415,428,336,366
11.85,-2.63,-2.63,-0.28,-0.28,-0.28,422,414,428,336,366
9.12,-5.13,-5.13,-0.01,-0.01,-0.01,422,414,428,336,366
9.78,-3.44,-3.44,0.06,0.06,0.06,421,414,428,336,365
7.16,-6.19,-6.19,0.07,0.07,0.07,421,414,428,336,365
7.57,-6.32,-6.32,0.06,0.06,0.06,421,414,428,336,365
8.62,-6.02,-6.02,0.13,0.13,0.13,421,414,428,336,365
7.01,-5.40,-5.40,0.05,0.05,0.05,421,414,428,336,365
8.05,-6.26,-6.26,0.09,0.09,0.09,422,414,428,336,366
6.73,-5.35,-5.35,0.13,0.13,0.13,422,414,428,336,366
7.27,-5.92,-5.92,0.11,0.11,0.11,422,414,428,336,366
7.07,-6.42,-6.42,0.17,0.17,0.17,422,414,428,336,366
END
7.03,-6.10,-6.10,0.01,0.01,0.01,447,422,434,335,365
5.30,-7.82,-7.82,0.04,0.04,0.04,447,422,434,335,365
4.87,-8.00,-8.00,0.04,0.04,0.04,447,422,434,335,364
3.50,-8.63,-8.63,0.07,0.07,0.07,448,423,434,335,364
3.20,-8.41,-8.41,-0.13,-0.13,-0.13,448,422,434,335,364
2.38,-8.51,-8.51,0.09,0.09,0.09,448,423,435,335,364
0.76,-8.98,-8.98,0.03,0.03,0.03,448,423,434,335,364
1.18,-9.58,-9.58,-0.30,-0.30,-0.30,445,422,433,335,363
6.51,-9.29,-9.29,-0.65,-0.65,-0.65,441,420,432,335,364
5.74,-8.00,-8.00,-0.43,-0.43,-0.43,440,420,432,335,364
5.02,-8.29,-8.29,-0.62,-0.62,-0.62,438,419,431,335,364
5.09,-7.89,-7.89,-0.60,-0.60,-0.60,437,419,431,335,363
4.50,-7.93,-7.93,-0.43,-0.43,-0.43,436,418,430,335,363
4.38,-7.47,-7.47,-0.57,-0.57,-0.57,435,418,430,335,363
5.54,-7.01,-7.01,-0.69,-0.69,-0.69,434,418,430,335,363
8.45,-7.98,-7.98,-0.61,-0.61,-0.61,433,418,430,335,364
4.24,-6.68,-6.68,-0.82,-0.82,-0.82,433,418,430,335,365
5.60,-6.26,-6.26,-0.74,-0.74,-0.74,433,418,429,335,365
6.84,-5.92,-5.92,-0.73,-0.73,-0.73,432,418,429,335,365
4.44,-6.53,-6.53,-0.74,-0.74,-0.74,431,418,429,335,365
3.42,-6.54,-6.54,-0.85,-0.85,-0.85,429,417,428,335,365
7.82,-7.75,-7.75,-0.97,-0.97,-0.97,426,416,427,335,365
4.75,-4.78,-4.78,-1.13,-1.13,-1.13,425,415,425,335,366
8.98,-6.62,-6.62,-1.08,-1.08,-1.08,423,414,424,334,366
6.47,-6.42,-6.42,-0.69,-0.69,-0.69,422,413,423,334,367
6.45,-4.40,-4.40,-1.14,-1.14,-1.14,421,412,423,334,367
10.93,-5.99,-5.99,-0.94,-0.94,-0.94,420,411,422,336,367
6.05,-6.81,-6.81,-0.48,-0.48,-0.48,419,411,422,335,367
8.14,-5.62,-5.62,-0.71,-0.71,-0.71,419,411,422,335,367
6.15,-4.51,-4.51,-0.45,-0.45,-0.45,419,411,422,334,367
8.97,-4.32,-4.32,-0.35,-0.35,-0.35,419,411,422,334,367
9.40,-3.84,-3.84,-0.25,-0.25,-0.25,419,411,422,334,367
19.30,-8.43,-8.43,-0.21,-0.21,-0.21,418,410,422,335,367
6.50,-2.90,-2.90,0.27,0.27,0.27,418,410,422,334,366
8.61,-6.65,-6.65,-0.36,-0.36,-0.36,418,410,421,334,367
4.85,-4.92,-4.92,0.13,0.13,0.13,418,410,422,334,367
9.31,-8.05,-8.05,-0.04,-0.04,-0.04,418,410,422,334,367
6.80,-5.80,-5.80,0.10,0.10,0.10,418,410,422,335,367
7.39,-7.23,-7.23,0.01,0.01,0.01,418,410,421,334,367
6.04,-5.41,-5.41,0.06,0.06,0.06,418,410,422,335,367
7.98,-6.61,-6.61,0.12,0.12,0.12,418,410,422,335,367
END
6.60,-5.92,-5.92,0.08,0.08,0.08,448,424,434,335,366
5.18,-8.33,-8.33,-0.01,-0.01,-0.01,445,424,433,335,366
4.48,-8.00,-8.00,-0.08,-0.08,-0.08,444,423,433,335,366
5.82,-8.75,-8.75,-0.12,-0.12,-0.12,442,423,432,334,367
5.19,-8.52,-8.52,-0.12,-0.12,-0.12,440,422,432,334,367
3.60,-8.20,-8.20,-0.09,-0.09,-0.09,439,422,431,334,367
3.78,-8.07,-8.07,-0.29,-0.29,-0.29,438,421,431,334,367
4.97,-7.90,-7.90,-0.30,-0.30,-0.30,437,421,431,334,367
3.47,-7.90,-7.90,-0.34,-0.34,-0.34,436,421,431,334,367
3.55,-8.31,-8.31,-0.39,-0.39,-0.39,436,420,430,334,367
5.61,-8.20,-8.20,-0.35,-0.35,-0.35,435,420,430,335,367
5.46,-7.57,-7.57,-0.43,-0.43,-0.43,434,419,430,335,367
6.02,-7.59,-7.59,-0.43,-0.43,-0.43,433,419,430,335,366
5.74,-7.66,-7.66,-0.40,-0.40,-0.40,432,419,430,334,366
6.24,-6.91,-6.91,-0.49,-0.49,-0.49,432,419,430,334,366
4.38,-6.99,-6.99,-0.57,-0.57,-0.57,431,419,430,335,366
6.24,-7.27,-7.27,-0.64,-0.64,-0.64,431,419,429,335,366
2.15,-8.22,-8.22,-0.59,-0.59,-0.59,430,418,429,334,366
4.84,-7.36,-7.36,-0.69,-0.69,-0.69,430,418,429,335,366
5.53,-6.70,-6.70,-0.78,-0.78,-0.78,429,418,429,335,366
5.97,-6.43,-6.43,-0.78,-0.78,-0.78,428,418,429,334,366
5.64,-7.54,-7.54,-0.77,-0.77,-0.77,427,417,428,334,366
5.08,-6.42,-6.42,-0.98,-0.98,-0.98,426,417,428,334,366
5.71,-6.15,-6.15,-0.88,-0.88,-0.88,426,416,427,334,366
7.17,-5.30,-5.30,-0.82,-0.82,-0.82,424,416,427,334,366
7.47,-5.06,-5.06,-0.74,-0.74,-0.74,424,416,427,334,366
7.49,-4.08,-4.08,-0.75,-0.75,-0.75,423,416,427,334,367
9.40,-4.24,-4.24,-0.57,-0.57,-0.57,423,416,426,334,367
9.29,-4.06,-4.06,-0.49,-0.49,-0.49,423,415,426,334,367
8.80,-4.56,-4.56,-0.38,-0.38,-0.38,422,415,427,334,367
8.76,-4.41,-4.41,-0.33,-0.33,-0.33,422,414,426,334,367
8.07,-4.88,-4.88,-0.23,-0.23,-0.23,421,414,426,334,367
8.52,-5.30,-5.30,-0.19,-0.19,-0.19,421,414,426,334,367
7.85,-3.91,-3.91,-0.15,-0.15,-0.15,421,414,426,334,367
6.98,-6.00,-6.00,-0.04,-0.04,-0.04,420,413,425,334,367
6.37,-5.63,-5.63,-0.05,-0.05,-0.05,420,413,425,334,366
11.54,-7.69,-7.69,0.05,0.05,0.05,419,413,425,334,367
8.42,-5.48,-5.48,-0.01,-0.01,-0.01,419,412,425,334,367
7.44,-6.30,-6.30,0.07,0.07,0.07,419,413,425,334,367
8.10,-6.16,-6.16,0.06,0.06,0.06,419,412,425,334,367
6.97,-6.13,-6.13,0.09,0.09,0.09,419,412,425,334,367
END
6.60,-6.25,-6.25,0.07,0.07,0.07,456,429,435,334,365
5.62,-7.57,-7.57,0.03,0.03,0.03,455,428,435,334,365
6.13,-7.47,-7.47,0.05,0.05,0.05,455,428,435,334,366
6.88,-8.25,-8.25,-0.01,-0.01,-0.01,453,427,434,334,366
4.90,-8.20,-8.20,-0.10,-0.10,-0.10,452,427,434,334,366
1.95,-7.93,-7.93,-0.10,-0.10,-0.10,452,427,433,334,365
0.75,-8.18,-8.18,-0.17,-0.17,-0.17,451,426,433,334,365
0.76,-8.56,-8.56,-0.32,-0.32,-0.32,450,425,432,334,365
3.57,-9.12,-9.12,-0.23,-0.23,-0.23,447,424,431,334,365
5.39,-8.18,-8.18,-0.39,-0.39,-0.39,444,423,431,334,365
7.12,-8.13,-8.13,-0.40,-0.40,-0.40,441,422,430,334,365
6.73,-7.72,-7.72,-0.48,-0.48,-0.48,439,421,430,334,366
3.12,-6.81,-6.81,-0.53,-0.53,-0.53,438,421,430,334,366
5.54,-7.77,-7.77,-0.36,-0.36,-0.36,436,420,430,335,367
4.74,-7.24,-7.24,-0.48,-0.48,-0.48,434,420,429,335,367
4.63,-6.88,-6.88,-0.48,-0.48,-0.48,433,419,429,335,367
5.67,-8.57,-8.57,-0.40,-0.40,-0.40,431,419,428,336,367
5.71,-6.68,-6.68,-0.65,-0.65,-0.65,429,418,428,336,368
3.31,-7.92,-7.92,-0.60,-0.60,-0.60,428,418,427,336,368
6.39,-7.16,-7.16,-0.53,-0.53,-0.53,427,417,427,336,368
3.35,-7.08,-7.08,-0.76,-0.76,-0.76,426,416,426,336,368
5.50,-7.26,-7.26,-0.86,-0.86,-0.86,425,416,426,336,368
6.24,-7.61,-7.61,-0.82,-0.82,-0.82,424,415,426,336,368
6.14,-5.81,-5.81,-1.01,-1.01,-1.01,423,415,425,336,368
5.56,-6.78,-6.78,-1.04,-1.04,-1.04,422,415,425,336,368
8.40,-4.76,-4.76,-0.99,-0.99,-0.99,420,414,425,336,369
5.46,-4.38,-4.38,-1.00,-1.00,-1.00,419,413,424,335,368
10.94,-4.25,-4.25,-0.76,-0.76,-0.76,418,413,424,336,368
7.29,-4.48,-4.48,-0.65,-0.65,-0.65,417,412,424,335,368
6.98,-3.75,-3.75,-0.68,-0.68,-0.68,417,412,424,336,367
9.68,-3.25,-3.25,-0.66,-0.66,-0.66,417,412,424,336,368
8.18,-2.86,-2.86,-0.33,-0.33,-0.33,417,412,424,336,367
8.06,-2.39,-2.39,-0.26,-0.26,-0.26,416,412,424,336,368
9.66,-4.84,-4.84,-0.08,-0.08,-0.08,416,412,424,336,367
9.15,-4.76,-4.76,-0.05,-0.05,-0.05,416,412,424,336,367
10.98,-5.79,-5.79,0.05,0.05,0.05,416,412,424,336,367
10.69,-5.11,-5.11,0.01,0.01,0.01,416,411,424,336,367
9.16,-5.32,-5.32,0.03,0.03,0.03,416,411,424,336,367
8.49,-5.39,-5.39,0.09,0.09,0.09,416,411,424,336,367
8.28,-5.18,-5.18,0.06,0.06,0.06,416,411,424,336,367
7.77,-5.43,-5.43,0.10,0.10,0.10,416,411,424,335,367
END
7.28,-5.54,-5.54,0.09,0.09,0.09,449,426,434,334,369
5.70,-7.57,-7.57,0.09,0.09,0.09,449,426,434,334,370
5.84,-7.28,-7.28,-0.00,-0.00,-0.00,449,426,433,334,370
6.56,-7.04,-7.04,0.08,0.08,0.08,448,426,433,334,370
5.46,-7.34,-7.34,0.01,0.01,0.01,449,426,432,334,370
3.88,-8.13,-8.13,-0.01,-0.01,-0.01,448,426,432,334,370
5.01,-9.00,-9.00,-0.00,-0.00,-0.00,446,425,430,334,371
-1.87,-9.62,-9.62,-0.25,-0.25,-0.25,448,426,429,334,369
5.32,-8.59,-8.59,-0.25,-0.25,-0.25,440,423,428,334,370
1.41,-8.23,-8.23,-0.75,-0.75,-0.75,438,422,427,334,370
6.16,-7.51,-7.51,-0.58,-0.58,-0.58,435,421,426,334,370
4.46,-7.27,-7.27,-0.54,-0.54,-0.54,434,420,425,334,370
4.57,-6.98,-6.98,-0.64,-0.64,-0.64,432,419,425,334,371
4.71,-7.19,-7.19,-0.58,-0.58,-0.58,431,419,425,334,370
4.97,-6.86,-6.86,-0.43,-0.43,-0.43,431,419,425,334,371
5.64,-5.47,-5.47,-0.49,-0.49,-0.49,430,419,424,334,371
7.65,-7.30,-7.30,-0.72,-0.72,-0.72,429,419,424,334,371
3.75,-7.52,-7.52,-0.86,-0.86,-0.86,429,418,424,334,370
6.40,-6.96,-6.96,-0.87,-0.87,-0.87,428,418,424,334,371
4.11,-5.84,-5.84,-0.94,-0.94,-0.94,427,418,423,334,370
7.28,-6.22,-6.22,-0.87,-0.87,-0.87,426,417,423,334,371
5.16,-5.46,-5.46,-1.03,-1.03,-1.03,426,417,423,334,371
4.14,-6.79,-6.79,-0.89,-0.89,-0.89,426,417,423,334,371
7.00,-4.55,-4.55,-0.86,-0.86,-0.86,423,416,423,334,372
5.38,-2.90,-2.90,-0.87,-0.87,-0.87,422,416,422,334,372
7.48,-3.91,-3.91,-0.74,-0.74,-0.74,421,415,422,334,372
8.27,-2.93,-2.93,-0.78,-0.78,-0.78,421,415,422,334,372
8.41,-3.68,-3.68,-0.50,-0.50,-0.50,421,415,422,334,372
12.66,-3.78,-3.78,-0.47,-0.47,-0.47,420,414,422,334,373
9.87,-4.02,-4.02,-0.29,-0.29,-0.29,419,414,422,334,372
10.81,-4.76,-4.76,-0.16,-0.16,-0.16,419,414,422,334,372
8.58,-4.50,-4.50,-0.15,-0.15,-0.15,419,414,422,334,372
8.30,-4.90,-4.90,-0.01,-0.01,-0.01,419,414,422,334,372
6.98,-5.08,-5.08,-0.02,-0.02,-0.02,419,414,422,334,372
7.72,-6.42,-6.42,0.12,0.12,0.12,420,414,422,334,372
6.70,-5.77,-5.77,0.03,0.03,0.03,419,414,422,334,372
7.39,-6.10,-6.10,0.01,0.01,0.01,420,414,422,335,372
7.02,-6.14,-6.14,0.07,0.07,0.07,420,414,422,334,372
6.80,-6.08,-6.08,0.09,0.09,0.09,420,414,422,334,372
6.86,-5.79,-5.79,0.09,0.09,0.09,420,414,422,334,372
7.23,-6.35,-6.35,0.07,0.07,0.07,420,414,422,333,372
END
6.98,-6.42,-6.42,0.09,0.09,0.09,444,422,430,334,369
6.42,-7.82,-7.82,-0.00,-0.00,-0.00,440,422,429,334,369
5.19,-7.48,-7.48,0.01,0.01,0.01,439,421,429,334,369
5.07,-7.77,-7.77,-0.12,-0.12,-0.12,438,421,428,334,369
2.64,-8.36,-8.36,-0.14,-0.14,-0.14,438,421,428,334,369
3.56,-8.71,-8.71,-0.19,-0.19,-0.19,436,420,427,334,369
2.17,-9.12,-9.12,-0.40,-0.40,-0.40,436,420,427,335,369
6.19,-8.69,-8.69,-0.44,-0.44,-0.44,433,419,426,335,369
4.26,-8.27,-8.27,-0.51,-0.51,-0.51,432,418,425,335,370
4.77,-7.04,-7.04,-0.65,-0.65,-0.65,431,418,425,336,369
5.24,-6.70,-6.70,-0.36,-0.36,-0.36,429,417,425,335,369
3.83,-7.29,-7.29,-0.41,-0.41,-0.41,429,417,425,335,368
3.75,-8.44,-8.44,-0.46,-0.46,-0.46,428,417,424,335,368
4.86,-7.90,-7.90,-0.54,-0.54,-0.54,427,416,424,335,368
4.21,-8.00,-8.00,-0.69,-0.69,-0.69,426,416,424,335,368
3.97,-8.07,-8.07,-0.64,-0.64,-0.64,425,416,423,335,368
5.12,-7.19,-7.19,-0.65,-0.65,-0.65,425,415,423,335,369
5.74,-7.52,-7.52,-0.60,-0.60,-0.60,424,414,423,335,369
5.82,-7.08,-7.08,-0.70,-0.70,-0.70,424,414,422,335,369
5.74,-6.98,-6.98,-0.71,-0.71,-0.71,423,414,422,335,369
6.22,-7.56,-7.56,-0.75,-0.75,-0.75,423,414,422,335,370
6.42,-5.92,-5.92,-0.76,-0.76,-0.76,422,413,421,335,370
6.49,-6.32,-6.32,-0.69,-0.69,-0.69,422,413,421,334,370
5.04,-5.91,-5.91,-0.68,-0.68,-0.68,421,413,421,335,370
4.15,-6.17,-6.17,-0.54,-0.54,-0.54,421,413,421,335,370
7.89,-7.22,-7.22,-0.48,-0.48,-0.48,421,413,421,335,371
10.39,-8.05,-8.05,-0.11,-0.11,-0.11,420,413,421,335,371
4.44,-2.15,-2.15,-0.66,-0.66,-0.66,419,412,421,335,371
8.76,-7.49,-7.49,-0.40,-0.40,-0.40,419,412,420,334,371
6.93,-5.82,-5.82,-0.32,-0.32,-0.32,419,412,420,334,371
5.84,-5.61,-5.61,-0.48,-0.48,-0.48,418,412,420,334,371
9.35,-4.62,-4.62,-0.42,-0.42,-0.42,418,412,420,334,371
9.88,-5.53,-5.53,-0.09,-0.09,-0.09,418,412,420,334,371
8.12,-5.47,-5.47,-0.19,-0.19,-0.19,418,411,420,334,371
6.22,-6.12,-6.12,0.02,0.02,0.02,418,411,421,334,370
7.77,-5.81,-5.81,-0.13,-0.13,-0.13,418,411,420,334,371
7.34,-6.78,-6.78,0.10,0.10,0.10,418,411,420,334,370
6.62,-6.54,-6.54,0.05,0.05,0.05,418,411,420,334,370
6.61,-6.28,-6.28,-0.01,-0.01,-0.01,418,411,420,334,370
6.51,-6.50,-6.50,0.10,0.10,0.10,418,411,420,334,371
6.25,-6.73,-6.73,0.12,0.12,0.12,418,411,420,334,371
END
6.14,-6.32,-6.32,0.07,0.07,0.07,451,426,435,335,363
3.16,-7.75,-7.75,0.13,0.13,0.13,452,427,434,335,364
0.38,-7.16,-7.16,-0.14,-0.14,-0.14,450,426,434,334,362
2.42,-7.39,-7.39,-0.02,-0.02,-0.02,448,425,433,335,362
5.12,-7.90,-7.90,-0.11,-0.11,-0.11,444,423,432,335,363
3.09,-8.36,-8.36,-0.25,-0.25,-0.25,443,423,431,335,363
3.96,-9.07,-9.07,-0.35,-0.35,-0.35,441,422,431,335,363
4.48,-8.94,-8.94,-0.21,-0.21,-0.21,440,422,430,335,363
3.80,-7.47,-7.47,-0.01,-0.01,-0.01,439,422,430,335,363
6.23,-8.08,-8.08,-0.16,-0.16,-0.16,438,421,429,336,363
4.21,-7.62,-7.62,-0.49,-0.49,-0.49,437,421,428,335,363
3.77,-7.15,-7.15,-0.54,-0.54,-0.54,437,420,428,335,363
3.02,-6.87,-6.87,-0.62,-0.62,-0.62,436,420,428,335,364
4.19,-6.75,-6.75,-0.48,-0.48,-0.48,435,420,427,335,364
3.69,-6.93,-6.93,-0.53,-0.53,-0.53,434,420,427,335,364
5.05,-7.08,-7.08,-0.53,-0.53,-0.53,434,419,427,335,364
4.34,-7.01,-7.01,-0.61,-0.61,-0.61,433,419,427,335,364
4.01,-6.02,-6.02,-0.61,-0.61,-0.61,432,419,427,335,364
6.65,-6.67,-6.67,-0.50,-0.50,-0.50,432,419,427,335,364
5.26,-7.32,-7.32,-0.58,-0.58,-0.58,431,419,427,335,364
4.27,-7.16,-7.16,-0.75,-0.75,-0.75,431,418,427,335,364
8.19,-7.49,-7.49,-0.63,-0.63,-0.63,430,418,427,335,364
4.98,-7.11,-7.11,-0.57,-0.57,-0.57,430,418,427,335,364
5.03,-5.09,-5.09,-0.80,-0.80,-0.80,429,418,426,335,364
6.88,-6.40,-6.40,-0.71,-0.71,-0.71,429,418,426,335,364
3.37,-5.15,-5.15,-0.83,-0.83,-0.83,429,417,426,334,364
4.15,-3.97,-3.97,-0.66,-0.66,-0.66,428,417,426,334,365
6.86,-4.19,-4.19,-0.58,-0.58,-0.58,427,417,426,335,365
11.13,-4.34,-4.34,-0.43,-0.43,-0.43,426,417,426,334,365
8.63,-3.96,-3.96,-0.17,-0.17,-0.17,426,417,425,334,365
10.09,-4.07,-4.07,-0.42,-0.42,-0.42,425,417,425,334,366
10.36,-5.46,-5.46,-0.08,-0.08,-0.08,425,416,425,334,366
9.88,-7.28,-7.28,-0.08,-0.08,-0.08,425,416,425,334,365
5.60,-5.40,-5.40,-0.11,-0.11,-0.11,425,416,425,334,365
8.38,-6.35,-6.35,-0.12,-0.12,-0.12,425,417,425,334,366
4.92,-5.56,-5.56,0.04,0.04,0.04,425,416,425,334,366
7.69,-6.30,-6.30,-0.02,-0.02,-0.02,425,416,425,334,366
5.77,-6.01,-6.01,-0.01,-0.01,-0.01,425,416,424,334,366
5.78,-6.81,-6.81,0.01,0.01,0.01,425,416,425,334,366
7.34,-6.86,-6.86,0.05,0.05,0.05,425,416,424,334,366
6.55,-6.63,-6.63,0.05,0.05,0.05,425,416,425,334,366
END
6.03,-6.66,-6.66,0.08,0.08,0.08,452,426,434,335,364
5.15,-7.44,-7.44,0.03,0.03,0.03,452,426,434,335,365
6.14,-7.41,-7.41,0.16,0.16,0.16,453,426,434,334,365
4.97,-7.84,-7.84,0.03,0.03,0.03,453,426,434,335,365
5.43,-7.98,-7.98,0.08,0.08,0.08,453,425,434,335,365
3.55,-8.22,-8.22,0.10,0.10,0.10,453,425,433,335,365
-0.31,-8.54,-8.54,-0.20,-0.20,-0.20,450,425,432,334,365
-2.45,-9.12,-9.12,-0.21,-0.21,-0.21,447,424,431,335,366
3.21,-9.74,-9.74,-0.28,-0.28,-0.28,441,422,429,335,365
5.47,-8.76,-8.76,-0.48,-0.48,-0.48,438,421,428,335,365
3.10,-8.45,-8.45,-0.41,-0.41,-0.41,437,420,428,335,366
3.95,-8.22,-8.22,-0.46,-0.46,-0.46,435,419,427,335,364
5.97,-8.31,-8.31,-0.48,-0.48,-0.48,434,418,427,335,365
3.58,-7.62,-7.62,-0.56,-0.56,-0.56,433,418,427,335,365
5.75,-8.00,-8.00,-0.51,-0.51,-0.51,432,418,426,335,365
3.60,-8.31,-8.31,-0.50,-0.50,-0.50,431,417,426,335,365
4.16,-8.08,-8.08,-0.65,-0.65,-0.65,430,417,426,335,365
4.04,-7.27,-7.27,-0.76,-0.76,-0.76,429,417,426,335,365
4.08,-8.03,-8.03,-0.87,-0.87,-0.87,429,416,425,335,365
3.96,-8.29,-8.29,-0.77,-0.77,-0.77,428,416,425,335,365
6.72,-6.21,-6.21,-1.11,-1.11,-1.11,427,416,425,335,365
8.46,-5.41,-5.41,-1.07,-1.07,-1.07,427,416,425,335,366
4.47,-5.01,-5.01,-0.84,-0.84,-0.84,427,416,424,335,366
6.46,-6.17,-6.17,-0.88,-0.88,-0.88,426,416,424,335,366
7.30,-4.77,-4.77,-0.95,-0.95,-0.95,426,416,424,334,366
7.24,-4.31,-4.31,-0.80,-0.80,-0.80,425,415,423,334,366
7.35,-3.91,-3.91,-0.75,-0.75,-0.75,424,415,423,334,366
9.31,-4.35,-4.35,-0.54,-0.54,-0.54,424,415,423,334,366
10.04,-4.55,-4.55,-0.43,-0.43,-0.43,424,415,423,334,366
5.94,-5.41,-5.41,-0.40,-0.40,-0.40,424,415,423,334,365
8.13,-5.16,-5.16,-0.33,-0.33,-0.33,424,415,423,334,366
10.47,-6.00,-6.00,-0.29,-0.29,-0.29,424,415,423,334,366
8.46,-6.61,-6.61,-0.22,-0.22,-0.22,423,415,423,334,366
8.27,-6.86,-6.86,-0.16,-0.16,-0.16,423,415,423,334,366
7.57,-4.38,-4.38,-0.20,-0.20,-0.20,423,415,423,334,366
6.77,-3.00,-3.00,-0.09,-0.09,-0.09,423,415,423,334,366
9.78,-7.08,-7.08,0.06,0.06,0.06,423,415,423,334,365
8.23,-5.63,-5.63,0.17,0.17,0.17,423,415,423,334,366
5.69,-5.51,-5.51,0.08,0.08,0.08,423,415,423,335,365
7.52,-7.59,-7.59,0.11,0.11,0.11,423,415,423,334,366
6.84,-5.13,-5.13,0.07,0.07,0.07,423,415,423,334,366
END
6.87,-6.83,-6.83,0.07,0.07,0.07,449,425,432,334,363
7.70,-8.11,-8.11,0.09,0.09,0.09,448,425,433,334,363
3.99,-9.23,-9.23,0.09,0.09,0.09,448,425,433,335,363
3.06,-8.80,-8.80,-0.20,-0.20,-0.20,447,424,432,335,363
2.77,-7.69,-7.69,-0.27,-0.27,-0.27,445,424,431,336,363
0.68,-7.52,-7.52,-0.19,-0.19,-0.19,444,424,431,336,362
3.75,-8.15,-8.15,-0.34,-0.34,-0.34,441,422,430,337,363
4.21,-7.61,-7.61,-0.36,-0.36,-0.36,439,421,430,337,362
5.02,-6.65,-6.65,-0.17,-0.17,-0.17,438,421,430,337,362
4.52,-7.17,-7.17,-0.59,-0.59,-0.59,435,420,429,337,363
6.14,-8.10,-8.10,-0.27,-0.27,-0.27,434,420,429,337,363
3.02,-8.07,-8.07,-0.46,-0.46,-0.46,434,419,428,337,363
6.98,-8.05,-8.05,-0.46,-0.46,-0.46,433,419,428,337,363
6.09,-7.00,-7.00,-0.54,-0.54,-0.54,432,419,427,337,363
2.95,-7.98,-7.98,-0.76,-0.76,-0.76,431,418,427,337,363
5.22,-8.19,-8.19,-0.70,-0.70,-0.70,430,418,427,337,363
4.06,-6.81,-6.81,-0.64,-0.64,-0.64,430,418,427,337,363
5.43,-8.24,-8.24,-0.93,-0.93,-0.93,428,417,426,337,363
3.90,-5.81,-5.81,-0.74,-0.74,-0.74,427,417,426,337,363
5.41,-6.60,-6.60,-0.61,-0.61,-0.61,427,417,426,337,363
5.52,-6.92,-6.92,-0.69,-0.69,-0.69,427,416,426,337,363
4.67,-6.42,-6.42,-0.80,-0.80,-0.80,427,416,426,337,363
5.97,-5.57,-5.57,-0.74,-0.74,-0.74,426,416,426,337,363
6.06,-6.37,-6.37,-0.71,-0.71,-0.71,426,416,426,337,363
3.83,-6.08,-6.08,-0.80,-0.80,-0.80,425,415,425,337,363
6.60,-5.96,-5.96,-0.66,-0.66,-0.66,425,415,425,336,363
10.77,-4.05,-4.05,-0.76,-0.76,-0.76,423,415,425,336,363
11.35,-5.39,-5.39,-0.22,-0.22,-0.22,422,415,425,337,363
7.08,-2.44,-2.44,0.12,0.12,0.12,421,415,424,336,364
12.02,-5.15,-5.15,-0.07,-0.07,-0.07,421,414,424,336,365
12.24,-6.36,-6.36,-0.03,-0.03,-0.03,421,415,424,336,365
9.30,-5.57,-5.57,0.04,0.04,0.04,421,414,424,336,365
4.93,-5.89,-5.89,0.02,0.02,0.02,421,415,423,336,366
6.58,-5.74,-5.74,-0.12,-0.12,-0.12,421,414,422,336,367
10.08,-6.74,-6.74,0.05,0.05,0.05,421,414,422,336,368
4.87,-5.69,-5.69,0.05,0.05,0.05,421,414,421,336,368
6.76,-6.37,-6.37,-0.07,-0.07,-0.07,421,414,421,336,368
8.20,-6.12,-6.12,0.06,0.06,0.06,421,414,420,336,368
6.15,-6.14,-6.14,0.03,0.03,0.03,421,414,420,336,368
7.42,-5.90,-5.90,0.07,0.07,0.07,420,413,421,336,368
7.15,-6.39,-6.39,0.09,0.09,0.09,420,413,420,336,368
END
6.71,-6.65,-6.65,0.17,0.17,0.17,447,424,432,335,364
5.97,-7.67,-7.67,0.09,0.09,0.09,448,424,432,334,364
5.84,-7.48,-7.48,0.10,0.10,0.10,448,424,432,334,364
5.60,-7.72,-7.72,0.01,0.01,0.01,448,424,432,334,363
5.76,-7.67,-7.67,0.05,0.05,0.05,449,424,431,334,364
4.32,-7.92,-7.92,-0.03,-0.03,-0.03,449,424,431,334,364
2.63,-8.71,-8.71,0.05,0.05,0.05,449,424,432,334,363
0.71,-9.06,-9.06,-0.15,-0.15,-0.15,447,424,431,335,363
1.44,-9.68,-9.68,-0.33,-0.33,-0.33,444,422,430,335,363
3.53,-9.25,-9.25,-0.53,-0.53,-0.53,440,421,429,335,363
3.78,-8.01,-8.01,-0.72,-0.72,-0.72,438,420,428,335,363
3.55,-7.87,-7.87,-0.78,-0.78,-0.78,436,420,427,335,363
6.73,-8.03,-8.03,-0.71,-0.71,-0.71,434,419,427,335,363
4.70,-7.76,-7.76,-0.85,-0.85,-0.85,433,419,427,335,363
5.33,-8.02,-8.02,-0.99,-0.99,-0.99,432,418,426,335,363
5.17,-7.49,-7.49,-1.05,-1.05,-1.05,431,419,424,335,367
7.09,-6.98,-6.98,-1.03,-1.03,-1.03,430,418,423,335,368
6.84,-5.58,-5.58,-0.69,-0.69,-0.69,429,417,423,334,367
7.26,-6.25,-6.25,-0.84,-0.84,-0.84,429,417,423,334,367
5.17,-5.41,-5.41,-0.73,-0.73,-0.73,428,417,423,335,367
5.36,-4.33,-4.33,-0.82,-0.82,-0.82,427,417,422,335,368
6.42,-4.55,-4.55,-0.86,-0.86,-0.86,427,417,423,335,373
3.70,-5.64,-5.64,-0.60,-0.60,-0.60,426,418,426,335,383
9.55,-4.49,-4.49,-0.55,-0.55,-0.55,425,418,425,335,387
9.20,-4.64,-4.64,-0.64,-0.64,-0.64,425,417,424,335,386
8.73,-4.64,-4.64,-0.62,-0.62,-0.62,425,417,423,335,385
8.18,-4.80,-4.80,-0.52,-0.52,-0.52,425,417,423,335,384
8.83,-5.78,-5.78,-0.45,-0.45,-0.45,425,416,422,335,383
7.25,-5.84,-5.84,-0.53,-0.53,-0.53,425,416,422,334,382
9.22,-6.73,-6.73,-0.42,-0.42,-0.42,424,416,422,335,382
9.43,-5.08,-5.08,-0.32,-0.32,-0.32,424,416,421,335,381
8.54,-4.75,-4.75,-0.30,-0.30,-0.30,424,416,421,335,381
11.00,-5.43,-5.43,-0.18,-0.18,-0.18,424,416,421,335,380
10.98,-6.99,-6.99,0.06,0.06,0.06,424,415,421,335,379
2.10,-4.26,-4.26,-0.03,-0.03,-0.03,424,415,421,335,378
5.48,-5.33,-5.33,-0.24,-0.24,-0.24,423,415,420,335,379
9.60,-6.92,-6.92,0.01,0.01,0.01,423,415,420,335,378
6.09,-5.37,-5.37,0.08,0.08,0.08,423,415,420,335,377
5.56,-6.00,-6.00,0.01,0.01,0.01,423,415,420,335,376
8.47,-6.97,-6.97,0.10,0.10,0.10,423,414,420,335,376
5.83,-6.43,-6.43,0.08,0.08,0.08,423,414,420,335,376
END
6.15,-6.52,-6.52,0.05,0.05,0.05,446,424,430,334,369
2.73,-8.43,-8.43,-0.38,-0.38,-0.38,444,423,429,334,369
3.32,-8.78,-8.78,-0.33,-0.33,-0.33,442,422,428,334,369
4.57,-7.84,-7.84,-0.19,-0.19,-0.19,441,421,428,334,369
4.41,-8.36,-8.36,-0.19,-0.19,-0.19,440,421,427,334,368
2.66,-8.43,-8.43,-0.31,-0.31,-0.31,439,421,427,334,368
3.16,-8.63,-8.63,-0.40,-0.40,-0.40,438,420,427,334,368
6.10,-8.99,-8.99,-0.28,-0.28,-0.28,437,420,426,335,368
4.77,-9.02,-9.02,-0.23,-0.23,-0.23,437,421,426,334,368
4.53,-8.33,-8.33,-0.40,-0.40,-0.40,436,420,426,334,368
4.47,-8.24,-8.24,-0.38,-0.38,-0.38,435,420,426,334,368
3.83,-6.96,-6.96,-0.51,-0.51,-0.51,434,420,426,335,369
2.29,-9.67,-9.67,-0.62,-0.62,-0.62,434,420,426,334,368
7.70,-8.70,-8.70,-0.59,-0.59,-0.59,432,419,426,335,369
3.75,-7.33,-7.33,-0.68,-0.68,-0.68,431,419,425,334,369
3.77,-6.12,-6.12,-0.90,-0.90,-0.90,431,419,425,335,369
6.14,-5.92,-5.92,-0.69,-0.69,-0.69,430,418,425,334,369
4.37,-6.83,-6.83,-0.60,-0.60,-0.60,430,418,425,335,368
4.36,-6.30,-6.30,-0.76,-0.76,-0.76,429,418,425,334,368
6.03,-5.42,-5.42,-0.63,-0.63,-0.63,429,417,424,334,368
7.75,-5.66,-5.66,-0.60,-0.60,-0.60,428,417,424,334,368
4.79,-6.34,-6.34,-0.72,-0.72,-0.72,427,417,425,334,369
6.88,-5.50,-5.50,-0.92,-0.92,-0.92,426,417,425,334,370
11.32,-3.97,-3.97,-0.77,-0.77,-0.77,426,417,425,334,370
6.46,-4.14,-4.14,-0.68,-0.68,-0.68,425,417,425,335,371
7.67,-3.10,-3.10,-0.81,-0.81,-0.81,425,417,425,334,371
10.37,-3.83,-3.83,-0.52,-0.52,-0.52,425,417,425,334,371
11.57,-4.44,-4.44,-0.31,-0.31,-0.31,424,416,424,334,371
7.39,-4.83,-4.83,-0.15,-0.15,-0.15,424,416,424,334,371
6.74,-2.99,-2.99,-0.52,-0.52,-0.52,423,416,424,334,371
9.32,-5.15,-5.15,-0.00,-0.00,-0.00,423,416,424,334,371
8.97,-4.65,-4.65,-0.07,-0.07,-0.07,422,415,424,334,371
6.12,-5.75,-5.75,0.06,0.06,0.06,422,415,424,334,370
9.78,-5.32,-5.32,-0.08,-0.08,-0.08,422,415,424,334,370
8.27,-6.30,-6.30,0.16,0.16,0.16,422,415,424,334,370
6.65,-6.15,-6.15,0.07,0.07,0.07,422,415,424,334,370
7.11,-5.95,-5.95,0.06,0.06,0.06,422,415,424,334,371
8.66,-6.09,-6.09,0.02,0.02,0.02,422,416,424,334,373
6.68,-6.28,-6.28,0.11,0.11,0.11,423,416,424,334,373
6.77,-5.80,-5.80,0.02,0.02,0.02,422,416,424,334,373
7.36,-6.45,-6.45,0.12,0.12,0.12,423,416,424,334,373
END
6.15,-5.97,-5.97,0.06,0.06,0.06,444,423,434,334,365
5.25,-7.39,-7.39,-0.01,-0.01,-0.01,444,422,433,334,365
4.19,-8.14,-8.14,-0.06,-0.06,-0.06,445,423,433,334,365
4.14,-7.69,-7.69,-0.11,-0.11,-0.11,445,423,433,334,365
3.41,-8.52,-8.52,0.29,0.29,0.29,448,425,432,334,365
5.20,-9.91,-9.91,-0.21,-0.21,-0.21,444,423,432,335,365
3.55,-8.17,-8.17,-0.45,-0.45,-0.45,443,422,431,335,364
3.26,-7.07,-7.07,-0.54,-0.54,-0.54,441,422,430,335,364
3.65,-7.24,-7.24,-0.50,-0.50,-0.50,439,421,430,335,364
7.56,-7.31,-7.31,-0.52,-0.52,-0.52,437,420,429,335,364
5.25,-7.67,-7.67,-0.57,-0.57,-0.57,436,420,429,335,364
6.03,-7.13,-7.13,-0.85,-0.85,-0.85,434,419,428,336,364
6.60,-7.75,-7.75,-0.54,-0.54,-0.54,432,419,428,336,365
6.08,-6.74,-6.74,-0.42,-0.42,-0.42,430,418,427,336,365
7.27,-7.45,-7.45,-0.48,-0.48,-0.48,428,418,426,336,367
5.43,-7.37,-7.37,-0.46,-0.46,-0.46,428,417,425,336,368
3.83,-7.04,-7.04,-0.65,-0.65,-0.65,427,417,424,337,368
6.02,-7.01,-7.01,-0.53,-0.53,-0.53,426,416,424,337,368
3.64,-6.78,-6.78,-0.55,-0.55,-0.55,426,416,423,337,368
5.24,-7.39,-7.39,-0.61,-0.61,-0.61,425,415,423,337,368
7.74,-6.92,-6.92,-0.59,-0.59,-0.59,425,415,423,337,368
4.84,-8.71,-8.71,-0.71,-0.71,-0.71,425,415,423,337,368
6.13,-5.85,-5.85,-0.57,-0.57,-0.57,424,415,422,337,368
5.93,-6.25,-6.25,-0.68,-0.68,-0.68,425,415,422,337,368
4.84,-5.72,-5.72,-0.61,-0.61,-0.61,424,415,422,337,368
6.27,-5.43,-5.43,-0.55,-0.55,-0.55,424,415,422,337,368
6.40,-5.56,-5.56,-0.57,-0.57,-0.57,424,415,422,336,368
6.74,-4.69,-4.69,-0.61,-0.61,-0.61,423,415,421,336,368
7.82,-6.55,-6.55,-0.26,-0.26,-0.26,422,414,421,335,368
7.59,-4.87,-4.87,-0.53,-0.53,-0.53,421,413,421,335,368
7.30,-6.09,-6.09,-0.60,-0.60,-0.60,420,413,420,335,369
6.40,-5.45,-5.45,-0.61,-0.61,-0.61,420,412,420,335,369
9.79,-5.51,-5.51,-0.45,-0.45,-0.45,419,412,419,335,369
8.04,-5.28,-5.28,-0.38,-0.38,-0.38,419,412,420,335,369
7.06,-3.80,-3.80,-0.53,-0.53,-0.53,419,412,420,335,369
8.25,-4.85,-4.85,-0.64,-0.64,-0.64,419,412,419,335,369
15.13,-7.64,-7.64,0.04,0.04,0.04,418,411,420,334,369
2.87,-1.83,-1.83,-0.22,-0.22,-0.22,418,412,419,335,370
9.17,-6.64,-6.64,-0.35,-0.35,-0.35,417,411,419,335,369
7.80,-4.52,-4.52,-0.01,-0.01,-0.01,417,411,419,335,370
8.11,-5.40,-5.40,0.05,0.05,0.05,417,411,419,335,369
END