1.40,0.98,0.98,0.03,0.03,0.03,449,402,406,340,371
1.96,1.30,1.30,0.03,0.03,0.03,449,402,406,340,371
1.75,1.21,1.21,0.02,0.02,0.02,449,402,406,341,371
1.85,1.36,1.36,0.04,0.04,0.04,449,402,406,340,371
1.86,1.32,1.32,0.06,0.06,0.06,449,402,406,340,371
2.02,1.24,1.24,0.05,0.05,0.05,448,402,406,340,371
1.78,1.18,1.18,0.04,0.04,0.04,449,402,406,340,372
1.89,1.27,1.27,0.04,0.04,0.04,448,402,406,340,371
1.92,1.18,1.18,0.03,0.03,0.03,448,402,406,340,371
1.78,1.31,1.31,0.02,0.02,0.02,448,402,406,340,371
1.98,1.36,1.36,0.03,0.03,0.03,448,402,406,340,371
1.86,1.32,1.32,0.04,0.04,0.04,449,402,406,341,371
1.71,1.23,1.23,0.02,0.02,0.02,448,402,406,341,371
1.81,1.26,1.26,0.04,0.04,0.04,449,402,406,341,371
1.78,1.23,1.23,0.03,0.03,0.03,448,402,406,341,371
1.81,1.30,1.30,0.03,0.03,0.03,448,402,406,341,371
1.66,1.27,1.27,0.02,0.02,0.02,448,402,406,340,371
1.87,1.31,1.31,0.03,0.03,0.03,448,402,406,340,372
1.79,1.39,1.39,0.02,0.02,0.02,448,402,406,340,371
1.76,1.28,1.28,0.04,0.04,0.04,447,402,405,340,371
1.87,1.23,1.23,0.03,0.03,0.03,447,401,405,340,371
1.74,1.23,1.23,0.02,0.02,0.02,447,401,405,340,371
1.82,1.25,1.25,0.01,0.01,0.01,447,401,405,340,371
1.83,1.21,1.21,0.03,0.03,0.03,447,402,406,340,371
1.86,1.23,1.23,0.03,0.03,0.03,447,401,406,340,371
1.90,1.14,1.14,0.02,0.02,0.02,447,402,405,340,371
1.94,1.24,1.24,-0.00,-0.00,-0.00,447,401,406,340,371
1.72,1.29,1.29,0.00,0.00,0.00,447,401,406,340,371
1.92,1.39,1.39,0.03,0.03,0.03,447,401,405,340,371
2.03,1.40,1.40,0.05,0.05,0.05,447,401,405,340,371
1.98,1.44,1.44,0.05,0.05,0.05,447,401,405,340,371
1.90,1.32,1.32,0.05,0.05,0.05,447,401,405,340,371
1.80,1.39,1.39,0.03,0.03,0.03,447,401,405,340,371
1.70,1.45,1.45,0.03,0.03,0.03,447,401,405,340,371
1.99,1.47,1.47,0.03,0.03,0.03,447,401,405,340,371
1.90,1.46,1.46,0.03,0.03,0.03,447,401,405,340,371
1.87,1.54,1.54,0.05,0.05,0.05,447,401,405,340,372
1.96,1.56,1.56,0.03,0.03,0.03,447,401,405,340,371
2.21,1.40,1.40,0.04,0.04,0.04,447,401,405,340,371
1.69,1.44,1.44,0.02,0.02,0.02,447,401,405,340,371
1.59,1.49,1.49,0.03,0.03,0.03,447,401,405,340,371
END
1.84,1.42,1.42,0.03,0.03,0.03,447,404,411,340,376
1.44,1.13,1.13,0.06,0.06,0.06,447,405,413,341,377
1.64,1.31,1.31,0.07,0.07,0.07,448,407,416,341,378
2.11,1.26,1.26,0.10,0.10,0.10,448,407,416,341,378
2.18,1.20,1.20,0.08,0.08,0.08,448,408,416,341,378
2.15,1.06,1.06,0.03,0.03,0.03,448,408,416,341,378
1.80,1.27,1.27,0.01,0.01,0.01,448,408,416,341,378
1.93,1.25,1.25,0.02,0.02,0.02,448,408,416,341,378
1.95,1.09,1.09,0.03,0.03,0.03,448,408,417,341,379
1.90,1.17,1.17,0.02,0.02,0.02,448,409,417,341,378
1.94,1.13,1.13,0.02,0.02,0.02,449,409,418,341,379
1.92,1.06,1.06,0.03,0.03,0.03,449,410,419,341,379
2.07,1.17,1.17,0.03,0.03,0.03,449,410,419,341,380
1.99,1.20,1.20,0.04,0.04,0.04,449,411,420,341,380
2.20,1.13,1.13,0.02,0.02,0.02,449,411,421,341,381
1.95,1.14,1.14,0.03,0.03,0.03,449,412,421,341,382
1.93,1.23,1.23,0.01,0.01,0.01,449,411,421,341,381
2.10,1.21,1.21,0.00,0.00,0.00,450,412,421,341,381
2.21,1.34,1.34,0.01,0.01,0.01,450,412,421,341,381
2.13,1.31,1.31,0.01,0.01,0.01,449,412,421,340,381
2.20,1.48,1.48,0.05,0.05,0.05,449,411,421,340,381
1.92,1.40,1.40,0.04,0.04,0.04,450,412,421,341,381
2.18,1.39,1.39,0.01,0.01,0.01,450,412,421,341,381
1.87,1.34,1.34,0.01,0.01,0.01,450,412,421,340,381
1.92,1.31,1.31,0.02,0.02,0.02,450,412,422,340,382
2.09,1.33,1.33,0.02,0.02,0.02,450,412,422,341,382
1.95,1.23,1.23,0.01,0.01,0.01,450,412,422,341,381
1.88,1.33,1.33,0.02,0.02,0.02,450,412,421,341,381
1.92,1.46,1.46,0.03,0.03,0.03,450,412,421,341,381
1.94,1.50,1.50,0.02,0.02,0.02,450,412,421,341,381
1.90,1.48,1.48,0.04,0.04,0.04,449,412,421,341,381
1.96,1.37,1.37,0.04,0.04,0.04,449,412,421,340,381
1.87,1.31,1.31,0.03,0.03,0.03,449,412,421,341,381
1.80,1.34,1.34,0.05,0.05,0.05,449,412,421,341,381
1.90,1.26,1.26,0.03,0.03,0.03,449,412,421,340,381
2.03,1.40,1.40,0.04,0.04,0.04,450,412,421,341,381
2.00,1.39,1.39,0.03,0.03,0.03,454,413,421,341,381
2.05,1.51,1.51,0.03,0.03,0.03,455,413,421,341,381
1.96,1.39,1.39,0.03,0.03,0.03,455,413,421,341,381
1.83,1.34,1.34,0.03,0.03,0.03,454,413,421,341,381
1.98,1.46,1.46,0.02,0.02,0.02,454,413,421,341,381
END
2.05,1.36,1.36,0.02,0.02,0.02,450,411,419,341,380
1.93,1.47,1.47,0.03,0.03,0.03,450,411,419,341,380
1.94,1.53,1.53,0.04,0.04,0.04,450,411,419,340,380
2.05,1.55,1.55,0.03,0.03,0.03,450,411,419,341,380
2.13,1.58,1.58,0.02,0.02,0.02,451,412,419,341,380
1.90,1.59,1.59,0.02,0.02,0.02,450,411,420,341,380
2.22,1.56,1.56,0.03,0.03,0.03,451,411,419,341,380
2.08,1.62,1.62,0.04,0.04,0.04,450,411,419,341,380
2.02,1.51,1.51,0.03,0.03,0.03,450,411,419,341,380
1.95,1.45,1.45,0.03,0.03,0.03,451,411,419,341,380
2.19,1.67,1.67,0.02,0.02,0.02,451,411,419,341,380
2.12,1.56,1.56,0.04,0.04,0.04,451,411,419,341,380
1.96,1.56,1.56,0.03,0.03,0.03,451,411,419,341,380
1.95,1.48,1.48,-0.02,-0.02,-0.02,456,413,419,341,379
1.93,1.58,1.58,-0.02,-0.02,-0.02,465,420,419,343,379
1.89,1.74,1.74,-0.01,-0.01,-0.01,467,421,419,344,379
1.87,1.71,1.71,0.02,0.02,0.02,469,422,418,344,378
2.30,1.62,1.62,0.04,0.04,0.04,471,424,418,344,378
2.17,1.64,1.64,0.05,0.05,0.05,471,424,417,344,377
2.18,1.56,1.56,0.03,0.03,0.03,471,424,417,345,376
2.12,1.63,1.63,0.05,0.05,0.05,472,426,417,345,375
1.98,1.64,1.64,0.04,0.04,0.04,472,426,416,345,373
2.46,1.64,1.64,0.06,0.06,0.06,471,426,416,345,368
2.13,1.39,1.39,0.07,0.07,0.07,470,426,416,347,362
2.39,1.43,1.43,0.06,0.06,0.06,471,428,416,348,356
2.30,1.21,1.21,0.11,0.11,0.11,472,430,416,347,351
2.47,1.21,1.21,0.04,0.04,0.04,476,435,419,347,348
2.61,1.49,1.49,0.12,0.12,0.12,479,439,422,349,345
2.41,1.26,1.26,0.06,0.06,0.06,481,443,426,354,344
2.52,1.02,1.02,-0.01,-0.01,-0.01,483,447,429,360,342
2.19,0.98,0.98,-0.02,-0.02,-0.02,488,450,433,365,342
2.29,1.21,1.21,-0.09,-0.09,-0.09,491,452,435,369,341
2.19,1.56,1.56,-0.02,-0.02,-0.02,495,452,435,372,341
2.35,1.55,1.55,0.02,0.02,0.02,496,451,434,369,340
1.99,1.44,1.44,0.03,0.03,0.03,496,450,432,360,339
2.07,1.40,1.40,0.08,0.08,0.08,495,450,430,351,339
2.25,1.49,1.49,0.03,0.03,0.03,495,450,428,347,340
2.16,1.49,1.49,0.00,0.00,0.00,493,449,425,345,342
2.17,1.41,1.41,0.04,0.04,0.04,492,449,423,343,347
2.06,1.48,1.48,0.02,0.02,0.02,490,448,420,341,353
2.16,1.62,1.62,0.06,0.06,0.06,489,447,418,340,359
END
2.40,1.38,1.38,0.02,0.02,0.02,480,439,419,337,393
2.12,1.74,1.74,0.04,0.04,0.04,479,439,419,337,392
2.11,1.80,1.80,0.05,0.05,0.05,479,439,419,337,393
2.07,1.67,1.67,0.06,0.06,0.06,479,439,420,337,394
2.13,1.55,1.55,0.05,0.05,0.05,479,439,419,337,394
1.95,1.71,1.71,0.05,0.05,0.05,479,439,419,337,394
2.05,1.79,1.79,0.05,0.05,0.05,480,440,419,337,394
2.07,1.72,1.72,0.07,0.07,0.07,482,440,419,338,394
2.07,1.56,1.56,0.06,0.06,0.06,483,440,418,338,394
2.02,1.62,1.62,0.03,0.03,0.03,483,440,418,338,395
1.90,1.64,1.64,0.03,0.03,0.03,484,439,418,338,396
1.85,1.70,1.70,0.04,0.04,0.04,487,437,418,338,397
1.90,1.82,1.82,0.01,0.01,0.01,490,436,417,337,398
1.85,1.91,1.91,0.03,0.03,0.03,491,435,417,337,398
1.84,1.79,1.79,0.03,0.03,0.03,491,435,416,338,398
1.78,1.74,1.74,0.02,0.02,0.02,490,435,416,337,397
1.91,1.73,1.73,0.03,0.03,0.03,489,435,417,338,397
2.09,1.82,1.82,0.04,0.04,0.04,488,435,416,338,397
2.03,1.75,1.75,0.04,0.04,0.04,488,435,416,337,397
1.81,1.79,1.79,0.06,0.06,0.06,487,435,416,337,397
1.90,1.72,1.72,0.03,0.03,0.03,487,435,416,337,396
2.17,1.66,1.66,0.05,0.05,0.05,487,435,416,337,396
1.92,1.72,1.72,0.03,0.03,0.03,486,435,416,337,396
2.02,1.80,1.80,0.02,0.02,0.02,486,435,416,337,396
2.04,1.79,1.79,0.04,0.04,0.04,486,435,416,337,396
1.87,1.56,1.56,0.04,0.04,0.04,486,435,416,337,395
1.91,1.56,1.56,0.05,0.05,0.05,485,435,416,337,395
1.94,1.69,1.69,0.03,0.03,0.03,485,435,416,337,395
1.79,1.53,1.53,0.03,0.03,0.03,485,435,416,337,395
1.95,1.72,1.72,0.02,0.02,0.02,485,435,416,337,395
1.92,1.70,1.70,0.03,0.03,0.03,486,435,416,337,395
1.86,1.64,1.64,0.03,0.03,0.03,486,435,416,337,395
1.75,1.62,1.62,0.01,0.01,0.01,485,435,416,337,395
1.91,1.71,1.71,0.02,0.02,0.02,485,435,416,337,395
1.97,1.60,1.60,0.01,0.01,0.01,485,435,416,337,395
1.96,1.77,1.77,-0.01,-0.01,-0.01,485,435,416,337,395
1.82,1.90,1.90,0.03,0.03,0.03,484,435,416,337,394
1.74,1.64,1.64,0.03,0.03,0.03,484,435,416,337,394
1.87,1.69,1.69,0.03,0.03,0.03,484,435,416,337,394
1.89,1.68,1.68,0.01,0.01,0.01,484,435,416,337,394
1.94,1.79,1.79,0.03,0.03,0.03,484,435,416,337,394
END
2.08,1.86,1.86,0.04,0.04,0.04,481,434,417,337,392
1.66,1.92,1.92,0.03,0.03,0.03,481,434,417,338,392
2.01,1.95,1.95,0.05,0.05,0.05,481,434,417,337,392
2.00,1.73,1.73,0.08,0.08,0.08,481,433,417,337,392
1.88,1.66,1.66,0.03,0.03,0.03,481,433,417,337,392
1.96,1.77,1.77,0.03,0.03,0.03,481,433,417,338,392
1.92,1.85,1.85,0.04,0.04,0.04,480,433,417,337,392
1.90,1.82,1.82,0.04,0.04,0.04,480,433,417,338,392
2.04,1.66,1.66,0.05,0.05,0.05,480,433,417,338,392
2.07,1.72,1.72,0.04,0.04,0.04,480,433,417,338,392
2.07,1.79,1.79,0.04,0.04,0.04,480,433,417,338,392
1.84,1.74,1.74,0.03,0.03,0.03,480,433,417,338,392
2.14,1.81,1.81,0.05,0.05,0.05,480,433,417,338,392
2.02,1.68,1.68,0.04,0.04,0.04,480,433,417,338,392
2.00,1.70,1.70,0.04,0.04,0.04,479,433,417,338,392
2.00,1.68,1.68,0.05,0.05,0.05,480,433,417,338,392
1.84,1.85,1.85,0.05,0.05,0.05,479,434,417,338,392
2.19,1.92,1.92,0.10,0.10,0.10,479,434,417,337,392
1.95,1.41,1.41,0.10,0.10,0.10,478,433,417,338,392
1.76,1.37,1.37,0.02,0.02,0.02,478,433,417,338,392
1.88,1.51,1.51,-0.03,-0.03,-0.03,478,433,417,338,392
2.15,1.69,1.69,-0.04,-0.04,-0.04,478,433,417,338,392
2.00,1.66,1.66,-0.01,-0.01,-0.01,478,433,417,338,391
2.18,1.79,1.79,0.03,0.03,0.03,478,433,417,338,391
1.64,1.62,1.62,0.05,0.05,0.05,478,433,417,338,391
1.74,1.54,1.54,0.05,0.05,0.05,477,433,417,338,391
1.83,1.76,1.76,0.02,0.02,0.02,477,433,417,338,391
2.19,1.86,1.86,-0.01,-0.01,-0.01,477,433,417,338,391
2.40,1.84,1.84,0.00,0.00,0.00,476,433,417,338,391
2.10,1.87,1.87,0.02,0.02,0.02,476,433,417,338,391
1.82,1.84,1.84,0.03,0.03,0.03,476,433,417,338,391
1.92,1.92,1.92,0.03,0.03,0.03,476,433,417,338,391
1.96,1.82,1.82,0.05,0.05,0.05,476,433,417,338,391
2.03,1.67,1.67,0.02,0.02,0.02,475,433,417,338,391
2.02,1.74,1.74,-0.01,-0.01,-0.01,475,433,417,338,391
2.11,1.85,1.85,0.00,0.00,0.00,475,434,418,338,391
2.07,1.94,1.94,0.02,0.02,0.02,475,433,418,338,390
1.85,1.99,1.99,0.04,0.04,0.04,474,433,417,338,390
1.98,1.73,1.73,0.02,0.02,0.02,474,433,418,339,390
1.95,1.77,1.77,0.03,0.03,0.03,474,433,417,338,390
2.05,1.96,1.96,0.01,0.01,0.01,474,433,418,338,390
END
2.18,2.15,2.15,0.01,0.01,0.01,473,432,417,339,389
1.49,2.17,2.17,-0.01,-0.01,-0.01,473,432,416,339,389
2.08,2.53,2.53,-0.01,-0.01,-0.01,473,432,417,339,389
2.21,2.45,2.45,0.01,0.01,0.01,473,432,417,338,389
2.42,2.52,2.52,0.06,0.06,0.06,472,432,417,339,389
2.35,2.38,2.38,0.08,0.08,0.08,472,432,417,338,389
2.23,2.18,2.18,0.08,0.08,0.08,472,432,417,338,389
1.87,2.05,2.05,0.03,0.03,0.03,472,432,416,338,389
2.02,2.25,2.25,0.01,0.01,0.01,472,432,417,338,389
1.92,2.15,2.15,0.01,0.01,0.01,472,432,417,338,389
1.73,1.84,1.84,0.00,0.00,0.00,472,432,417,338,389
1.74,2.07,2.07,0.00,0.00,0.00,472,432,417,339,389
1.49,2.04,2.04,0.03,0.03,0.03,472,432,417,338,389
1.98,2.46,2.46,0.08,0.08,0.08,472,432,417,339,389
2.34,2.25,2.25,0.12,0.12,0.12,472,432,417,339,389
1.97,1.90,1.90,0.09,0.09,0.09,472,432,417,339,389
1.70,2.02,2.02,0.01,0.01,0.01,472,432,416,339,389
1.94,2.20,2.20,0.03,0.03,0.03,472,432,416,339,389
2.12,2.12,2.12,0.05,0.05,0.05,471,432,416,339,389
1.95,2.20,2.20,0.05,0.05,0.05,471,432,416,339,389
1.55,2.15,2.15,0.05,0.05,0.05,471,432,416,339,389
1.48,1.82,1.82,0.06,0.06,0.06,471,432,416,339,389
2.11,1.99,1.99,0.02,0.02,0.02,471,432,416,339,389
2.35,2.24,2.24,0.02,0.02,0.02,471,432,416,339,389
2.56,2.60,2.60,0.01,0.01,0.01,471,432,416,339,389
1.78,2.19,2.19,0.03,0.03,0.03,471,432,416,339,389
1.40,2.15,2.15,0.02,0.02,0.02,471,432,416,339,389
1.77,2.23,2.23,0.02,0.02,0.02,471,432,416,339,389
1.73,1.92,1.92,0.02,0.02,0.02,470,431,415,339,389
1.93,2.19,2.19,0.02,0.02,0.02,470,432,415,339,389
1.93,2.10,2.10,0.03,0.03,0.03,470,431,415,339,388
1.84,2.23,2.23,0.01,0.01,0.01,470,431,416,339,389
2.10,2.35,2.35,0.02,0.02,0.02,470,432,416,339,389
2.00,2.18,2.18,0.03,0.03,0.03,470,432,415,339,389
1.92,1.90,1.90,0.03,0.03,0.03,470,432,416,339,389
1.91,1.97,1.97,0.02,0.02,0.02,471,432,416,339,388
1.83,2.23,2.23,-0.01,-0.01,-0.01,470,432,415,339,388
1.79,2.34,2.34,-0.01,-0.01,-0.01,470,432,415,339,389
2.07,2.55,2.55,0.03,0.03,0.03,470,432,415,339,388
1.77,2.12,2.12,0.07,0.07,0.07,470,431,414,339,388
1.41,1.87,1.87,0.07,0.07,0.07,470,432,414,339,388
END
1.55,2.00,2.00,0.02,0.02,0.02,468,430,414,339,387
2.34,2.57,2.57,0.03,0.03,0.03,468,430,414,339,387
2.26,2.34,2.34,0.03,0.03,0.03,468,430,414,339,387
2.00,2.39,2.39,0.02,0.02,0.02,468,430,414,339,387
1.99,2.40,2.40,0.02,0.02,0.02,468,430,414,339,387
2.05,2.56,2.56,0.04,0.04,0.04,468,430,413,339,387
2.14,2.46,2.46,0.05,0.05,0.05,468,430,413,339,387
2.12,2.36,2.36,0.05,0.05,0.05,468,430,413,339,387
2.15,2.43,2.43,0.02,0.02,0.02,468,430,413,339,387
2.23,2.61,2.61,0.03,0.03,0.03,468,430,414,339,387
2.18,2.56,2.56,0.03,0.03,0.03,468,430,414,339,387
2.03,2.35,2.35,0.04,0.04,0.04,468,430,414,339,387
2.08,2.25,2.25,0.02,0.02,0.02,468,430,414,339,387
2.11,2.21,2.21,0.01,0.01,0.01,468,430,414,339,387
2.27,2.51,2.51,0.02,0.02,0.02,468,430,414,339,387
2.20,2.61,2.61,0.03,0.03,0.03,468,430,414,339,387
1.97,2.40,2.40,0.03,0.03,0.03,468,430,414,339,387
2.25,2.50,2.50,0.03,0.03,0.03,467,430,414,339,387
2.23,2.37,2.37,0.02,0.02,0.02,467,430,414,339,387
2.22,2.40,2.40,0.03,0.03,0.03,467,430,414,339,387
1.99,2.30,2.30,0.01,0.01,0.01,467,430,414,339,387
2.28,2.48,2.48,0.02,0.02,0.02,467,430,413,339,387
2.19,2.45,2.45,0.04,0.04,0.04,467,430,413,339,387
2.09,2.42,2.42,0.02,0.02,0.02,467,430,414,339,387
2.32,2.47,2.47,0.01,0.01,0.01,467,430,414,339,387
2.23,2.49,2.49,0.01,0.01,0.01,467,430,414,339,387
2.12,2.42,2.42,0.01,0.01,0.01,467,430,413,339,387
2.14,2.53,2.53,0.03,0.03,0.03,467,430,414,339,387
2.08,2.59,2.59,0.04,0.04,0.04,468,430,413,339,387
2.29,2.63,2.63,0.04,0.04,0.04,469,430,413,339,387
2.25,2.48,2.48,0.03,0.03,0.03,469,430,413,339,387
2.21,2.46,2.46,0.02,0.02,0.02,469,430,413,339,387
2.05,2.48,2.48,0.01,0.01,0.01,468,430,413,339,386
1.97,2.52,2.52,0.01,0.01,0.01,468,430,413,339,386
2.35,2.63,2.63,0.00,0.00,0.00,468,430,413,339,386
1.95,2.61,2.61,0.02,0.02,0.02,468,430,414,339,386
2.02,2.59,2.59,0.03,0.03,0.03,468,430,414,339,386
2.51,2.63,2.63,0.04,0.04,0.04,468,430,413,339,386
2.14,2.48,2.48,0.03,0.03,0.03,468,430,413,339,386
2.18,2.75,2.75,0.04,0.04,0.04,468,430,413,339,386
2.12,2.70,2.70,0.04,0.04,0.04,468,430,413,339,386
END
2.23,2.60,2.60,0.05,0.05,0.05,467,429,413,339,385
2.33,2.89,2.89,0.05,0.05,0.05,467,429,413,339,385
2.26,2.83,2.83,0.06,0.06,0.06,467,429,413,339,385
1.99,2.70,2.70,0.02,0.02,0.02,467,429,413,339,386
2.18,2.85,2.85,0.02,0.02,0.02,467,429,413,339,385
2.04,2.86,2.86,0.01,0.01,0.01,466,429,413,339,385
2.08,3.01,3.01,0.03,0.03,0.03,466,429,413,339,385
2.15,2.92,2.92,0.05,0.05,0.05,466,429,413,339,385
2.23,2.79,2.79,0.06,0.06,0.06,466,429,413,339,385
2.02,2.66,2.66,0.05,0.05,0.05,466,429,413,339,385
2.25,2.71,2.71,0.03,0.03,0.03,466,429,413,339,385
2.17,3.01,3.01,0.02,0.02,0.02,466,429,413,339,385
2.27,3.01,3.01,0.02,0.02,0.02,466,429,413,339,385
2.12,2.93,2.93,0.05,0.05,0.05,466,429,413,339,385
2.28,2.98,2.98,0.04,0.04,0.04,466,429,413,339,385
2.14,2.79,2.79,0.06,0.06,0.06,466,429,413,339,385
1.79,2.66,2.66,0.05,0.05,0.05,466,429,413,339,385
1.87,2.67,2.67,0.05,0.05,0.05,466,429,413,339,385
2.07,2.71,2.71,0.03,0.03,0.03,466,429,413,339,385
2.05,2.96,2.96,0.04,0.04,0.04,466,429,413,339,385
2.07,2.82,2.82,0.06,0.06,0.06,466,429,413,339,385
2.16,2.73,2.73,0.06,0.06,0.06,466,429,413,339,385
2.05,2.58,2.58,0.07,0.07,0.07,466,429,413,339,385
2.22,2.56,2.56,0.07,0.07,0.07,466,429,413,339,385
2.20,2.63,2.63,0.04,0.04,0.04,465,429,414,339,385
2.08,2.59,2.59,0.03,0.03,0.03,465,429,414,339,385
2.00,2.76,2.76,0.04,0.04,0.04,465,429,414,340,385
2.15,2.79,2.79,0.05,0.05,0.05,465,429,414,340,385
2.20,2.70,2.70,0.05,0.05,0.05,464,429,414,339,385
2.20,2.50,2.50,0.09,0.09,0.09,464,428,414,340,385
2.18,2.58,2.58,0.09,0.09,0.09,464,428,414,340,385
2.09,2.52,2.52,0.05,0.05,0.05,464,428,414,340,385
2.07,2.34,2.34,0.02,0.02,0.02,464,428,414,340,385
2.11,2.12,2.12,-0.02,-0.02,-0.02,463,428,414,339,385
2.10,2.58,2.58,0.01,0.01,0.01,463,428,414,339,385
2.33,2.65,2.65,0.04,0.04,0.04,463,428,414,339,385
2.16,2.34,2.34,0.09,0.09,0.09,463,428,414,340,385
2.10,2.34,2.34,0.12,0.12,0.12,463,428,414,340,385
2.28,2.07,2.07,0.10,0.10,0.10,463,428,414,340,385
2.23,2.08,2.08,0.08,0.08,0.08,463,428,414,340,385
2.27,2.01,2.01,0.04,0.04,0.04,463,428,414,340,385
END
2.26,2.36,2.36,0.02,0.02,0.02,462,428,413,339,384
3.01,1.59,1.59,0.06,0.06,0.06,461,427,413,339,384
2.94,1.36,1.36,0.03,0.03,0.03,461,428,413,340,384
2.51,1.55,1.55,0.00,0.00,0.00,461,427,413,339,384
2.23,1.44,1.44,-0.00,-0.00,-0.00,461,427,413,340,384
2.42,1.71,1.71,-0.00,-0.00,-0.00,461,427,413,340,384
2.80,1.82,1.82,0.04,0.04,0.04,461,428,413,340,384
2.95,1.60,1.60,0.06,0.06,0.06,461,428,413,340,384
3.14,1.26,1.26,0.07,0.07,0.07,461,428,413,340,384
2.80,1.47,1.47,0.00,0.00,0.00,461,427,413,340,384
1.34,1.72,1.72,0.06,0.06,0.06,461,427,413,340,384
2.56,1.45,1.45,0.06,0.06,0.06,461,427,413,340,384
3.31,1.44,1.44,0.04,0.04,0.04,461,428,413,340,384
3.35,1.58,1.58,0.05,0.05,0.05,461,428,413,340,384
2.90,1.49,1.49,0.03,0.03,0.03,461,428,413,340,384
2.51,1.34,1.34,-0.04,-0.04,-0.04,461,427,413,340,384
2.61,1.75,1.75,-0.00,-0.00,-0.00,461,427,413,340,384
2.79,1.65,1.65,0.04,0.04,0.04,461,427,413,340,384
2.65,1.40,1.40,0.02,0.02,0.02,461,427,413,340,384
2.79,1.92,1.92,0.01,0.01,0.01,461,427,413,340,384
2.84,1.45,1.45,0.06,0.06,0.06,461,427,413,340,384
3.00,1.39,1.39,0.03,0.03,0.03,461,427,413,340,384
2.98,1.58,1.58,0.02,0.02,0.02,461,427,413,340,384
2.99,1.91,1.91,0.01,0.01,0.01,461,427,413,340,384
2.36,1.77,1.77,0.07,0.07,0.07,461,427,413,340,384
2.61,1.47,1.47,0.04,0.04,0.04,461,427,413,340,384
2.52,1.46,1.46,0.01,0.01,0.01,461,427,413,340,384
2.44,1.65,1.65,-0.03,-0.03,-0.03,461,427,413,340,384
2.86,2.20,2.20,0.03,0.03,0.03,461,427,413,340,384
2.52,1.60,1.60,0.07,0.07,0.07,461,427,413,340,384
2.58,1.59,1.59,0.04,0.04,0.04,461,427,413,340,384
2.71,1.60,1.60,0.06,0.06,0.06,461,427,413,340,384
2.23,1.46,1.46,0.06,0.06,0.06,461,427,413,340,384
2.51,1.53,1.53,0.06,0.06,0.06,461,427,413,340,384
2.68,1.57,1.57,0.06,0.06,0.06,461,427,413,340,384
2.55,1.55,1.55,0.06,0.06,0.06,461,427,413,340,384
2.52,1.46,1.46,0.07,0.07,0.07,461,427,413,340,384
2.47,1.32,1.32,0.09,0.09,0.09,461,427,413,340,384
2.56,0.87,0.87,0.10,0.10,0.10,461,427,413,340,384
2.34,0.96,0.96,0.01,0.01,0.01,461,427,413,340,384
2.36,1.57,1.57,0.00,0.00,0.00,461,427,413,340,384
END
2.34,1.62,1.62,0.05,0.05,0.05,460,426,413,339,383
2.23,1.31,1.31,0.04,0.04,0.04,460,426,412,339,383
2.17,1.34,1.34,0.02,0.02,0.02,460,426,413,339,383
2.20,1.41,1.41,0.01,0.01,0.01,460,426,412,339,383
2.08,1.50,1.50,0.04,0.04,0.04,460,426,413,339,383
2.18,1.55,1.55,0.05,0.05,0.05,460,426,413,339,383
2.24,1.38,1.38,0.07,0.07,0.07,460,426,413,339,383
2.38,1.08,1.08,0.05,0.05,0.05,460,426,413,339,383
2.23,1.34,1.34,-0.01,-0.01,-0.01,460,426,413,339,384
2.29,1.57,1.57,0.00,0.00,0.00,460,426,413,339,384
2.40,1.64,1.64,0.02,0.02,0.02,460,426,413,339,384
2.28,1.59,1.59,0.04,0.04,0.04,460,425,413,339,384
2.34,1.60,1.60,0.04,0.04,0.04,460,425,412,339,384
2.14,1.36,1.36,0.03,0.03,0.03,460,425,412,339,384
2.33,1.27,1.27,0.01,0.01,0.01,460,425,413,339,384
2.21,1.47,1.47,-0.01,-0.01,-0.01,460,425,413,339,384
2.24,1.69,1.69,0.01,0.01,0.01,460,425,413,339,384
2.30,1.56,1.56,0.01,0.01,0.01,460,425,412,339,384
2.38,1.59,1.59,0.00,0.00,0.00,460,425,413,339,384
2.17,1.79,1.79,0.02,0.02,0.02,460,425,413,339,384
2.49,1.71,1.71,0.05,0.05,0.05,460,425,413,339,384
2.50,1.50,1.50,0.05,0.05,0.05,460,425,413,339,384
2.13,1.58,1.58,0.05,0.05,0.05,460,425,413,339,384
2.47,1.47,1.47,0.03,0.03,0.03,460,425,413,339,384
2.61,1.72,1.72,0.03,0.03,0.03,460,425,413,339,384
2.35,1.64,1.64,0.04,0.04,0.04,460,425,412,339,384
2.40,1.36,1.36,0.03,0.03,0.03,460,425,413,339,384
2.33,1.48,1.48,0.00,0.00,0.00,460,425,413,339,384
2.40,1.71,1.71,-0.02,-0.02,-0.02,460,425,413,339,382
2.04,1.87,1.87,0.01,0.01,0.01,460,425,413,339,384
2.26,1.79,1.79,0.09,0.09,0.09,460,425,413,339,384
2.12,1.21,1.21,0.07,0.07,0.07,460,425,413,339,384
2.66,1.49,1.49,0.01,0.01,0.01,460,425,413,339,384
2.68,1.67,1.67,-0.01,-0.01,-0.01,460,425,413,339,384
2.62,1.74,1.74,-0.01,-0.01,-0.01,459,425,412,339,384
2.52,1.81,1.81,0.02,0.02,0.02,460,425,412,339,384
2.76,1.69,1.69,0.04,0.04,0.04,460,425,413,339,384
2.34,1.83,1.83,0.03,0.03,0.03,459,425,413,339,384
2.19,1.79,1.79,0.03,0.03,0.03,460,425,413,339,384
2.44,1.74,1.74,0.03,0.03,0.03,459,425,412,339,384
2.66,1.59,1.59,0.02,0.02,0.02,460,425,413,339,384
END
2.46,1.58,1.58,0.01,0.01,0.01,459,426,412,340,383
2.64,1.70,1.70,0.03,0.03,0.03,459,426,412,340,383
2.40,1.87,1.87,0.01,0.01,0.01,459,426,412,340,383
2.51,1.96,1.96,0.00,0.00,0.00,458,426,412,340,383
2.26,2.00,2.00,0.00,0.00,0.00,459,426,412,340,382
2.56,2.27,2.27,0.04,0.04,0.04,459,426,412,339,383
2.37,1.92,1.92,0.08,0.08,0.08,458,426,412,340,382
2.35,1.71,1.71,0.07,0.07,0.07,459,426,412,340,383
2.09,1.70,1.70,0.03,0.03,0.03,459,426,412,340,382
2.41,1.87,1.87,0.01,0.01,0.01,459,426,412,340,383
2.34,1.90,1.90,0.01,0.01,0.01,459,426,412,340,383
2.51,1.99,1.99,0.01,0.01,0.01,459,426,412,340,382
2.48,1.85,1.85,0.02,0.02,0.02,459,426,412,340,382
2.65,1.98,1.98,0.00,0.00,0.00,459,426,412,340,382
2.57,2.15,2.15,0.03,0.03,0.03,459,426,412,340,382
2.31,1.90,1.90,0.04,0.04,0.04,459,426,412,340,382
2.53,1.98,1.98,0.05,0.05,0.05,458,426,412,340,382
2.51,1.79,1.79,0.06,0.06,0.06,459,426,412,340,382
2.65,1.88,1.88,0.04,0.04,0.04,458,426,412,340,382
2.65,2.05,2.05,0.03,0.03,0.03,458,425,412,341,382
2.38,1.95,1.95,0.03,0.03,0.03,459,426,412,340,382
2.52,1.77,1.77,0.04,0.04,0.04,458,426,412,340,382
2.46,1.72,1.72,0.01,0.01,0.01,459,426,412,340,382
2.64,1.86,1.86,0.01,0.01,0.01,459,426,412,340,382
2.33,1.92,1.92,0.01,0.01,0.01,458,426,412,340,382
2.58,2.02,2.02,0.03,0.03,0.03,458,426,412,340,382
2.37,1.82,1.82,0.04,0.04,0.04,458,426,412,340,382
2.40,1.62,1.62,0.00,0.00,0.00,458,426,412,340,382
2.40,1.97,1.97,-0.02,-0.02,-0.02,458,425,412,340,382
2.40,2.02,2.02,0.00,0.00,0.00,458,425,413,340,382
2.61,2.23,2.23,0.01,0.01,0.01,458,425,412,340,382
2.68,2.07,2.07,0.06,0.06,0.06,458,425,412,340,382
2.61,1.89,1.89,0.04,0.04,0.04,458,425,412,340,382
2.43,1.93,1.93,0.02,0.02,0.02,458,425,412,340,382
2.44,2.23,2.23,0.00,0.00,0.00,458,425,412,340,382
2.44,2.15,2.15,0.03,0.03,0.03,458,425,412,340,382
2.64,2.04,2.04,0.05,0.05,0.05,458,425,412,341,382
2.39,1.98,1.98,0.02,0.02,0.02,458,425,412,340,382
2.61,2.20,2.20,0.00,0.00,0.00,458,425,412,340,382
2.66,2.35,2.35,0.04,0.04,0.04,458,425,412,340,382
2.26,2.17,2.17,0.05,0.05,0.05,458,425,412,340,382
END
2.53,2.02,2.02,0.06,0.06,0.06,458,425,412,340,382
2.91,2.58,2.58,0.07,0.07,0.07,458,425,412,340,382
2.66,1.92,1.92,0.11,0.11,0.11,458,425,412,340,382
2.56,1.72,1.72,0.06,0.06,0.06,458,425,412,340,382
2.71,1.79,1.79,0.01,0.01,0.01,458,425,412,340,382
2.66,2.33,2.33,0.01,0.01,0.01,458,425,412,340,382
2.51,2.35,2.35,0.05,0.05,0.05,458,425,412,340,382
2.55,2.02,2.02,0.08,0.08,0.08,457,425,412,340,382
2.86,1.74,1.74,0.06,0.06,0.06,457,425,412,340,382
2.84,1.94,1.94,0.03,0.03,0.03,458,425,411,340,382
2.59,1.95,1.95,0.04,0.04,0.04,458,425,411,340,382
2.73,2.02,2.02,0.03,0.03,0.03,458,425,411,340,382
2.73,2.26,2.26,0.02,0.02,0.02,458,425,411,340,382
2.76,2.05,2.05,0.04,0.04,0.04,458,425,411,340,382
2.67,1.99,1.99,0.02,0.02,0.02,458,425,411,340,382
2.61,2.23,2.23,0.01,0.01,0.01,458,425,411,340,382
2.70,2.21,2.21,0.02,0.02,0.02,458,425,411,340,382
2.57,2.01,2.01,0.02,0.02,0.02,458,425,411,340,382
2.79,2.02,2.02,0.02,0.02,0.02,458,425,411,340,382
2.71,2.17,2.17,0.01,0.01,0.01,458,425,411,340,382
2.62,2.07,2.07,0.02,0.02,0.02,458,425,411,340,382
2.77,2.12,2.12,0.02,0.02,0.02,458,425,411,340,382
2.76,2.08,2.08,0.01,0.01,0.01,458,425,411,340,382
2.55,2.10,2.10,0.02,0.02,0.02,458,425,411,340,382
2.63,2.20,2.20,0.04,0.04,0.04,458,425,411,340,382
2.43,1.98,1.98,0.05,0.05,0.05,458,425,411,340,382
2.63,1.84,1.84,0.05,0.05,0.05,458,425,411,340,382
2.38,1.59,1.59,0.00,0.00,0.00,457,425,411,340,382
2.65,2.37,2.37,-0.02,-0.02,-0.02,458,425,411,340,382
2.51,2.61,2.61,0.01,0.01,0.01,457,425,411,340,382
2.38,2.05,2.05,0.07,0.07,0.07,457,425,411,340,382
2.81,1.87,1.87,0.05,0.05,0.05,458,425,411,341,382
2.60,1.91,1.91,0.02,0.02,0.02,457,425,411,340,382
2.66,2.23,2.23,0.01,0.01,0.01,458,425,411,340,382
2.60,2.25,2.25,0.03,0.03,0.03,458,425,411,340,382
2.51,1.98,1.98,0.04,0.04,0.04,458,425,411,340,382
2.66,1.94,1.94,0.04,0.04,0.04,457,425,411,340,382
2.50,1.99,1.99,0.04,0.04,0.04,458,425,411,340,382
2.38,2.07,2.07,0.04,0.04,0.04,457,425,411,340,382
2.61,2.18,2.18,0.04,0.04,0.04,457,425,411,340,381
2.76,1.99,1.99,0.04,0.04,0.04,457,425,411,340,381
END
2.75,1.98,1.98,0.03,0.03,0.03,456,423,413,340,382
2.71,2.28,2.28,0.03,0.03,0.03,456,424,413,340,382
2.74,2.35,2.35,0.04,0.04,0.04,456,423,413,340,382
2.51,2.12,2.12,0.03,0.03,0.03,456,424,413,340,382
2.61,2.25,2.25,0.01,0.01,0.01,456,423,413,340,383
2.79,2.39,2.39,0.02,0.02,0.02,456,423,413,340,383
2.64,2.13,2.13,0.03,0.03,0.03,457,423,414,341,385
2.81,2.33,2.33,0.03,0.03,0.03,456,422,414,341,385
2.68,2.13,2.13,0.03,0.03,0.03,456,422,413,340,385
2.66,2.32,2.32,0.04,0.04,0.04,456,422,413,340,385
2.57,2.30,2.30,0.04,0.04,0.04,456,422,413,340,385
2.49,2.23,2.23,0.05,0.05,0.05,456,422,413,340,385
2.51,2.25,2.25,0.05,0.05,0.05,456,422,413,341,385
2.79,2.37,2.37,0.04,0.04,0.04,456,422,413,340,385
2.71,2.36,2.36,0.05,0.05,0.05,456,422,413,340,385
2.40,2.07,2.07,0.04,0.04,0.04,456,422,413,340,385
2.73,2.33,2.33,0.01,0.01,0.01,456,422,413,341,385
2.69,2.46,2.46,0.02,0.02,0.02,456,422,413,341,384
2.73,2.35,2.35,0.03,0.03,0.03,456,422,413,340,384
2.57,2.18,2.18,0.01,0.01,0.01,456,422,413,340,384
2.68,2.51,2.51,-0.02,-0.02,-0.02,456,422,413,340,384
2.89,2.67,2.67,0.02,0.02,0.02,456,422,413,340,385
2.48,2.34,2.34,0.03,0.03,0.03,456,422,413,340,385
2.58,2.18,2.18,0.04,0.04,0.04,456,422,413,340,384
2.69,2.38,2.38,0.01,0.01,0.01,456,422,413,341,384
2.46,2.71,2.71,0.02,0.02,0.02,456,422,413,341,385
2.72,2.64,2.64,0.06,0.06,0.06,456,422,413,341,384
2.72,2.16,2.16,0.07,0.07,0.07,456,422,413,340,384
2.92,2.02,2.02,0.05,0.05,0.05,456,422,413,341,384
2.58,2.22,2.22,0.03,0.03,0.03,456,422,413,340,384
2.66,2.47,2.47,0.01,0.01,0.01,456,422,413,340,384
2.63,2.52,2.52,0.02,0.02,0.02,456,422,413,340,384
2.83,2.39,2.39,0.04,0.04,0.04,456,422,413,340,384
2.75,2.32,2.32,0.03,0.03,0.03,456,422,412,340,384
2.81,2.43,2.43,0.02,0.02,0.02,456,422,413,340,384
2.86,2.44,2.44,0.03,0.03,0.03,456,422,413,340,384
2.81,2.44,2.44,0.05,0.05,0.05,456,422,413,341,384
2.76,2.28,2.28,0.06,0.06,0.06,456,422,413,341,384
2.55,2.21,2.21,0.04,0.04,0.04,456,422,413,341,384
2.63,2.43,2.43,0.03,0.03,0.03,456,422,413,341,384
2.71,2.48,2.48,0.03,0.03,0.03,456,422,413,340,384
END
2.68,2.17,2.17,0.03,0.03,0.03,456,421,412,340,384
2.70,2.26,2.26,0.05,0.05,0.05,456,422,412,340,384
2.78,2.11,2.11,0.04,0.04,0.04,456,422,412,340,384
2.84,2.18,2.18,0.03,0.03,0.03,456,422,412,340,384
2.68,2.30,2.30,0.02,0.02,0.02,456,422,412,341,384
2.61,2.31,2.31,0.04,0.04,0.04,456,422,412,341,384
2.79,2.18,2.18,0.03,0.03,0.03,456,422,412,341,384
2.70,2.22,2.22,0.03,0.03,0.03,456,422,412,341,384
2.61,2.20,2.20,0.02,0.02,0.02,456,421,412,341,384
2.71,2.38,2.38,0.02,0.02,0.02,456,422,412,340,384
2.73,2.33,2.33,0.03,0.03,0.03,456,421,412,340,384
2.70,2.35,2.35,0.04,0.04,0.04,456,421,412,340,384
2.66,2.27,2.27,0.04,0.04,0.04,456,421,412,340,384
2.76,2.29,2.29,0.03,0.03,0.03,456,421,412,340,384
2.61,2.29,2.29,0.03,0.03,0.03,456,421,412,340,384
2.76,2.33,2.33,0.03,0.03,0.03,456,421,412,340,384
2.73,2.47,2.47,0.04,0.04,0.04,456,421,412,340,384
2.71,2.26,2.26,0.06,0.06,0.06,456,422,412,340,384
2.79,2.22,2.22,0.04,0.04,0.04,456,422,412,340,384
2.78,2.40,2.40,0.03,0.03,0.03,456,422,412,340,384
2.65,2.33,2.33,0.03,0.03,0.03,456,421,412,340,384
2.62,2.28,2.28,0.04,0.04,0.04,456,421,412,340,384
2.84,2.33,2.33,0.03,0.03,0.03,456,421,412,340,384
2.66,2.28,2.28,0.02,0.02,0.02,456,421,412,340,384
2.75,2.37,2.37,0.03,0.03,0.03,456,421,412,340,384
2.71,2.43,2.43,0.04,0.04,0.04,456,421,412,340,384
2.89,2.43,2.43,0.04,0.04,0.04,456,421,412,340,384
2.67,2.08,2.08,0.08,0.08,0.08,456,421,412,340,384
2.68,2.07,2.07,0.04,0.04,0.04,456,421,412,340,384
2.64,2.20,2.20,0.02,0.02,0.02,456,421,412,340,384
2.86,2.31,2.31,0.02,0.02,0.02,456,421,412,341,384
2.76,2.22,2.22,0.04,0.04,0.04,456,421,412,340,384
2.81,2.10,2.10,0.03,0.03,0.03,456,421,412,340,384
2.85,2.25,2.25,0.02,0.02,0.02,456,421,412,340,384
2.84,2.28,2.28,0.03,0.03,0.03,456,421,412,340,384
2.74,2.09,2.09,0.03,0.03,0.03,456,421,412,340,384
2.61,2.09,2.09,0.03,0.03,0.03,456,421,412,340,384
2.77,2.31,2.31,0.02,0.02,0.02,456,421,412,340,384
2.92,2.32,2.32,0.04,0.04,0.04,456,421,412,340,384
2.62,2.19,2.19,0.05,0.05,0.05,456,421,412,340,384
2.76,2.22,2.22,0.04,0.04,0.04,456,421,412,340,384
END
2.73,2.15,2.15,0.04,0.04,0.04,455,421,412,340,384
2.91,2.04,2.04,0.03,0.03,0.03,456,421,412,341,384
2.84,2.06,2.06,0.04,0.04,0.04,456,421,412,340,384
2.94,1.94,1.94,0.03,0.03,0.03,455,421,412,340,384
3.22,2.00,2.00,0.02,0.02,0.02,455,421,412,341,384
3.14,1.97,1.97,0.02,0.02,0.02,455,421,412,340,384
3.03,2.12,2.12,0.02,0.02,0.02,456,421,412,341,384
2.96,2.07,2.07,0.02,0.02,0.02,456,421,412,341,384
2.98,2.01,2.01,0.04,0.04,0.04,456,421,412,341,384
3.00,2.20,2.20,0.03,0.03,0.03,455,421,412,341,384
2.94,2.14,2.14,0.03,0.03,0.03,456,421,412,341,384
3.06,2.02,2.02,0.03,0.03,0.03,455,421,412,341,384
3.25,2.20,2.20,0.01,0.01,0.01,455,421,412,341,384
3.10,2.33,2.33,0.03,0.03,0.03,455,421,412,341,384
3.17,2.25,2.25,0.05,0.05,0.05,455,421,412,340,384
2.84,2.13,2.13,0.02,0.02,0.02,455,421,412,341,384
3.07,2.20,2.20,0.02,0.02,0.02,455,421,412,341,384
3.12,2.03,2.03,0.03,0.03,0.03,456,421,412,341,384
2.95,2.25,2.25,0.01,0.01,0.01,456,421,412,341,384
3.12,2.33,2.33,0.04,0.04,0.04,455,421,412,341,384
2.92,2.04,2.04,0.02,0.02,0.02,455,421,412,341,384
2.99,2.16,2.16,0.03,0.03,0.03,455,421,412,341,384
2.85,2.18,2.18,0.03,0.03,0.03,455,421,412,341,384
2.93,2.39,2.39,0.02,0.02,0.02,455,421,411,341,384
2.89,2.23,2.23,0.04,0.04,0.04,455,421,412,340,384
2.84,1.99,1.99,0.03,0.03,0.03,455,421,412,341,384
3.11,2.23,2.23,-0.03,-0.03,-0.03,455,421,412,341,383
3.13,2.58,2.58,-0.02,-0.02,-0.02,455,421,412,341,384
3.12,2.56,2.56,0.02,0.02,0.02,455,421,412,341,384
2.71,2.15,2.15,0.04,0.04,0.04,455,421,412,341,384
2.81,2.23,2.23,0.04,0.04,0.04,455,421,412,341,384
2.63,2.12,2.12,0.04,0.04,0.04,455,421,412,341,384
3.02,2.28,2.28,0.02,0.02,0.02,455,421,412,341,384
3.12,2.58,2.58,0.02,0.02,0.02,455,421,412,340,384
3.06,2.28,2.28,0.05,0.05,0.05,455,421,412,341,384
3.01,2.33,2.33,0.05,0.05,0.05,455,421,412,340,384
2.82,2.37,2.37,0.04,0.04,0.04,455,421,412,341,384
2.78,2.28,2.28,0.05,0.05,0.05,455,421,412,340,384
2.99,2.24,2.24,0.03,0.03,0.03,455,421,411,340,385
3.03,2.33,2.33,0.02,0.02,0.02,456,421,412,340,385
2.84,2.50,2.50,0.04,0.04,0.04,456,421,412,340,385
END
3.05,2.37,2.37,0.05,0.05,0.05,459,421,411,340,388
2.84,2.29,2.29,0.03,0.03,0.03,460,421,411,341,388
2.74,2.11,2.11,0.00,0.00,0.00,460,422,411,340,388
2.74,2.27,2.27,0.01,0.01,0.01,459,421,411,340,387
2.53,2.14,2.14,0.03,0.03,0.03,459,421,411,340,388
2.53,2.28,2.28,0.03,0.03,0.03,459,421,411,340,388
2.67,2.28,2.28,0.02,0.02,0.02,460,422,411,340,388
2.65,2.23,2.23,0.04,0.04,0.04,460,422,411,340,387
2.51,2.25,2.25,0.03,0.03,0.03,460,422,411,340,387
2.67,2.37,2.37,0.03,0.03,0.03,460,422,411,340,388
2.63,2.25,2.25,0.03,0.03,0.03,460,422,411,340,387
2.81,2.46,2.46,0.02,0.02,0.02,459,422,411,340,388
2.63,2.39,2.39,0.04,0.04,0.04,459,422,411,340,387
2.57,2.32,2.32,0.05,0.05,0.05,459,422,410,340,388
2.51,2.07,2.07,0.06,0.06,0.06,462,423,410,340,387
2.48,2.17,2.17,0.05,0.05,0.05,464,424,410,340,387
2.80,2.41,2.41,0.01,0.01,0.01,464,423,409,340,387
2.45,2.30,2.30,0.02,0.02,0.02,463,423,410,340,387
2.46,2.37,2.37,0.04,0.04,0.04,463,423,410,340,387
2.48,2.22,2.22,0.04,0.04,0.04,463,424,410,340,387
2.56,2.28,2.28,0.02,0.02,0.02,462,423,410,340,387
2.48,2.25,2.25,0.02,0.02,0.02,462,423,410,340,387
2.55,2.38,2.38,0.03,0.03,0.03,461,423,410,340,387
2.89,2.30,2.30,0.03,0.03,0.03,461,423,410,340,387
2.65,2.09,2.09,0.02,0.02,0.02,461,423,410,340,387
2.84,2.62,2.62,-0.01,-0.01,-0.01,461,423,410,340,387
2.72,2.51,2.51,0.06,0.06,0.06,461,423,409,340,387
2.55,2.28,2.28,0.07,0.07,0.07,461,423,410,340,387
2.89,2.19,2.19,0.03,0.03,0.03,461,423,410,340,387
2.75,2.47,2.47,0.03,0.03,0.03,461,423,410,339,387
2.53,2.37,2.37,0.02,0.02,0.02,461,423,410,340,387
2.47,2.29,2.29,0.04,0.04,0.04,461,423,410,340,387
2.65,2.22,2.22,0.04,0.04,0.04,461,423,410,340,387
2.64,2.23,2.23,0.03,0.03,0.03,461,423,410,340,387
2.61,2.37,2.37,0.01,0.01,0.01,461,423,410,340,387
2.66,2.44,2.44,0.01,0.01,0.01,461,423,410,340,387
2.61,2.66,2.66,0.01,0.01,0.01,460,423,410,340,387
2.61,2.33,2.33,0.05,0.05,0.05,460,422,410,340,387
2.67,2.35,2.35,0.04,0.04,0.04,460,423,410,340,387
2.63,2.30,2.30,0.04,0.04,0.04,460,423,410,340,387
2.44,2.30,2.30,0.01,0.01,0.01,460,423,410,340,387
END
2.75,2.45,2.45,0.03,0.03,0.03,458,422,413,340,387
2.68,2.22,2.22,0.02,0.02,0.02,457,422,413,340,387
2.62,2.11,2.11,0.03,0.03,0.03,457,422,413,340,387
2.49,2.20,2.20,0.02,0.02,0.02,457,421,413,340,387
2.84,2.15,2.15,0.02,0.02,0.02,457,422,413,340,387
2.75,2.17,2.17,0.02,0.02,0.02,457,421,412,340,387
2.71,2.02,2.02,0.03,0.03,0.03,457,421,412,340,387
2.64,2.15,2.15,0.02,0.02,0.02,457,421,413,340,387
2.74,2.17,2.17,0.03,0.03,0.03,457,421,413,340,387
2.78,2.12,2.12,0.05,0.05,0.05,457,421,413,340,387
2.79,1.99,1.99,0.02,0.02,0.02,457,421,413,340,387
2.83,1.77,1.77,-0.01,-0.01,-0.01,457,421,413,340,387
2.83,2.48,2.48,-0.01,-0.01,-0.01,457,421,413,340,387
2.69,2.57,2.57,0.02,0.02,0.02,457,421,413,340,387
2.76,2.18,2.18,0.05,0.05,0.05,457,421,413,340,387
2.91,2.23,2.23,0.03,0.03,0.03,456,421,413,340,387
2.53,2.34,2.34,0.02,0.02,0.02,456,421,413,340,387
2.58,2.34,2.34,0.03,0.03,0.03,456,421,413,340,387
2.79,2.23,2.23,0.04,0.04,0.04,456,421,413,340,387
2.76,2.25,2.25,0.03,0.03,0.03,456,421,413,340,387
2.77,2.20,2.20,0.04,0.04,0.04,456,421,413,340,387
2.57,2.28,2.28,0.03,0.03,0.03,456,421,413,340,387
2.74,2.38,2.38,0.02,0.02,0.02,456,421,413,340,387
2.91,2.30,2.30,0.04,0.04,0.04,455,421,413,340,387
2.83,2.23,2.23,0.03,0.03,0.03,455,421,413,340,386
2.79,2.23,2.23,0.04,0.04,0.04,455,421,413,340,387
2.83,2.17,2.17,0.05,0.05,0.05,455,421,413,340,386
2.80,2.25,2.25,0.03,0.03,0.03,455,421,413,340,386
2.79,2.33,2.33,0.04,0.04,0.04,455,421,412,340,386
2.92,2.20,2.20,0.04,0.04,0.04,455,421,412,340,386
2.68,1.95,1.95,0.04,0.04,0.04,455,421,412,340,386
2.97,2.14,2.14,0.02,0.02,0.02,455,421,413,340,386
2.84,2.50,2.50,0.05,0.05,0.05,456,421,412,340,386
2.72,2.24,2.24,0.06,0.06,0.06,459,422,412,340,386
2.73,2.20,2.20,0.04,0.04,0.04,460,423,412,340,386
2.86,2.12,2.12,0.01,0.01,0.01,459,422,412,340,386
2.68,2.27,2.27,0.01,0.01,0.01,457,422,412,340,385
2.76,2.35,2.35,0.01,0.01,0.01,457,422,412,340,385
2.54,2.30,2.30,0.04,0.04,0.04,457,422,412,340,385
2.77,2.10,2.10,0.04,0.04,0.04,457,422,412,340,385
2.76,2.07,2.07,0.02,0.02,0.02,457,422,412,340,385
END
2.72,2.25,2.25,0.03,0.03,0.03,456,421,412,340,385
2.41,1.84,1.84,0.02,0.02,0.02,456,421,412,340,385
2.53,1.78,1.78,-0.01,-0.01,-0.01,455,421,412,340,385
2.63,1.97,1.97,-0.02,-0.02,-0.02,455,421,412,340,385
2.85,2.05,2.05,0.03,0.03,0.03,455,420,412,340,385
2.88,2.12,2.12,0.06,0.06,0.06,455,421,412,341,385
3.06,1.70,1.70,0.07,0.07,0.07,455,420,411,340,385
2.82,1.62,1.62,0.04,0.04,0.04,455,420,411,340,385
3.14,1.85,1.85,0.01,0.01,0.01,455,421,411,340,385
3.01,1.90,1.90,0.00,0.00,0.00,455,420,411,340,385
2.63,1.73,1.73,0.00,0.00,0.00,455,421,411,340,385
2.91,1.82,1.82,-0.04,-0.04,-0.04,455,421,411,340,385
2.90,1.84,1.84,0.00,0.00,0.00,455,421,411,340,385
3.07,1.89,1.89,0.03,0.03,0.03,455,421,411,340,385
3.04,1.77,1.77,0.02,0.02,0.02,455,421,411,340,385
3.05,1.97,1.97,0.03,0.03,0.03,455,421,411,340,385
3.12,2.00,2.00,0.03,0.03,0.03,455,421,411,340,385
3.27,2.02,2.02,0.02,0.02,0.02,455,420,411,340,385
3.37,1.91,1.91,0.01,0.01,0.01,455,420,411,340,385
3.08,1.59,1.59,0.01,0.01,0.01,455,421,411,340,385
3.06,1.85,1.85,-0.00,-0.00,-0.00,454,421,411,340,385
2.74,2.00,2.00,-0.01,-0.01,-0.01,455,421,411,340,385
2.96,2.07,2.07,0.03,0.03,0.03,455,421,411,340,385
2.91,1.92,1.92,0.04,0.04,0.04,455,421,412,340,385
2.89,1.87,1.87,0.02,0.02,0.02,454,421,411,340,385
2.81,1.91,1.91,0.04,0.04,0.04,454,421,411,340,385
3.12,1.96,1.96,0.07,0.07,0.07,454,421,411,340,385
3.05,1.75,1.75,0.05,0.05,0.05,454,421,411,340,385
2.99,1.71,1.71,0.02,0.02,0.02,454,421,411,340,385
3.04,1.73,1.73,-0.02,-0.02,-0.02,454,421,411,340,385
2.84,1.91,1.91,-0.03,-0.03,-0.03,454,420,411,340,385
2.91,1.92,1.92,-0.01,-0.01,-0.01,454,421,411,340,385
3.05,2.19,2.19,0.02,0.02,0.02,454,420,411,341,385
3.22,2.30,2.30,0.07,0.07,0.07,454,421,411,340,385
3.04,1.87,1.87,0.07,0.07,0.07,454,420,411,340,385
3.02,1.73,1.73,0.03,0.03,0.03,454,421,411,341,385
3.37,1.97,1.97,-0.00,-0.00,-0.00,454,421,412,341,385
3.45,2.11,2.11,0.04,0.04,0.04,454,420,411,341,385
3.17,1.89,1.89,0.03,0.03,0.03,454,421,411,340,385
3.10,1.74,1.74,0.01,0.01,0.01,454,420,411,340,384
3.04,1.93,1.93,0.01,0.01,0.01,454,421,411,340,384
END
3.18,2.23,2.23,0.03,0.03,0.03,453,420,411,341,384
3.09,2.03,2.03,-0.05,-0.05,-0.05,453,421,411,342,384
2.88,1.87,1.87,-0.05,-0.05,-0.05,453,421,411,341,384
2.91,2.18,2.18,-0.07,-0.07,-0.07,453,421,411,342,384
2.76,2.67,2.67,-0.07,-0.07,-0.07,453,421,411,341,384
2.98,2.53,2.53,0.02,0.02,0.02,453,421,411,341,384
3.29,2.71,2.71,0.09,0.09,0.09,453,420,411,341,384
2.90,2.44,2.44,0.10,0.10,0.10,453,421,411,341,384
2.98,2.10,2.10,0.08,0.08,0.08,453,420,411,341,384
2.89,2.07,2.07,0.05,0.05,0.05,453,420,411,341,384
2.92,2.25,2.25,0.03,0.03,0.03,453,420,411,342,384
2.63,2.15,2.15,0.05,0.05,0.05,453,420,411,341,384
2.73,2.05,2.05,0.05,0.05,0.05,453,420,411,341,384
3.07,2.30,2.30,0.02,0.02,0.02,453,420,411,341,384
2.81,2.31,2.31,0.04,0.04,0.04,453,421,411,342,384
2.60,1.99,1.99,0.02,0.02,0.02,453,420,411,342,384
3.21,2.33,2.33,0.02,0.02,0.02,453,421,411,342,384
3.66,2.46,2.46,0.06,0.06,0.06,453,420,411,342,384
3.32,2.37,2.37,0.10,0.10,0.10,453,421,411,342,384
2.63,1.97,1.97,0.05,0.05,0.05,452,420,411,341,384
2.69,2.33,2.33,0.01,0.01,0.01,453,421,411,342,384
3.04,2.47,2.47,0.00,0.00,0.00,453,420,411,341,384
3.40,2.20,2.20,-0.00,-0.00,-0.00,452,421,411,341,384
3.09,1.89,1.89,-0.02,-0.02,-0.02,452,421,411,341,384
3.43,2.82,2.82,-0.04,-0.04,-0.04,453,421,411,342,384
3.27,2.73,2.73,0.01,0.01,0.01,453,421,411,342,384
3.08,2.18,2.18,0.03,0.03,0.03,453,421,411,342,384
2.80,2.17,2.17,0.00,0.00,0.00,453,421,411,341,384
2.77,2.53,2.53,0.00,0.00,0.00,452,421,411,342,384
3.10,2.70,2.70,0.01,0.01,0.01,453,421,411,342,383
3.24,2.81,2.81,0.03,0.03,0.03,452,421,411,341,383
3.25,2.70,2.70,0.03,0.03,0.03,452,421,411,341,383
3.22,2.62,2.62,0.01,0.01,0.01,452,421,411,342,383
2.90,2.61,2.61,0.00,0.00,0.00,452,421,411,341,383
2.63,2.60,2.60,0.02,0.02,0.02,452,421,411,342,383
2.62,2.64,2.64,0.02,0.02,0.02,452,421,411,342,383
2.68,2.55,2.55,0.03,0.03,0.03,452,421,411,342,383
2.64,2.51,2.51,0.02,0.02,0.02,452,421,411,342,383
2.63,2.67,2.67,0.03,0.03,0.03,452,421,411,341,383
2.68,2.63,2.63,0.04,0.04,0.04,452,422,411,342,383
2.66,2.65,2.65,0.05,0.05,0.05,452,422,411,342,383
END
2.83,0.22,0.22,0.08,0.08,0.08,452,430,430,335,388
2.84,0.24,0.24,0.05,0.05,0.05,452,430,430,335,388
2.65,0.17,0.17,0.02,0.02,0.02,452,430,430,335,388
2.72,0.31,0.31,0.00,0.00,0.00,452,430,430,335,388
2.63,0.49,0.49,0.02,0.02,0.02,452,430,430,335,388
2.84,0.32,0.32,0.03,0.03,0.03,452,431,430,335,388
2.71,0.38,0.38,0.03,0.03,0.03,452,431,430,335,388
2.62,0.36,0.36,0.01,0.01,0.01,452,431,430,335,388
2.63,0.47,0.47,0.04,0.04,0.04,452,431,430,335,388
2.70,0.57,0.57,0.04,0.04,0.04,452,431,430,335,388
2.56,0.35,0.35,0.04,0.04,0.04,452,432,430,335,388
2.62,0.37,0.37,0.05,0.05,0.05,454,432,431,335,388
2.68,0.41,0.41,0.03,0.03,0.03,461,432,431,334,388
2.63,0.44,0.44,0.03,0.03,0.03,479,433,431,334,388
2.68,0.60,0.60,0.02,0.02,0.02,491,433,431,334,388
2.47,0.39,0.39,-0.01,-0.01,-0.01,496,434,431,335,388
2.68,0.61,0.61,-0.01,-0.01,-0.01,495,434,431,335,388
2.53,0.60,0.60,0.03,0.03,0.03,493,434,431,335,388
2.63,0.64,0.64,0.06,0.06,0.06,491,434,431,335,388
2.49,0.47,0.47,0.07,0.07,0.07,489,434,431,335,388
2.49,0.43,0.43,0.05,0.05,0.05,488,433,430,335,388
2.58,0.42,0.42,0.03,0.03,0.03,487,433,431,335,388
2.65,0.48,0.48,-0.00,-0.00,-0.00,486,433,431,335,388
2.58,0.53,0.53,0.00,0.00,0.00,486,434,431,335,388
2.56,0.44,0.44,0.02,0.02,0.02,486,433,431,335,388
2.48,0.56,0.56,0.05,0.05,0.05,485,434,431,335,389
2.63,0.56,0.56,0.04,0.04,0.04,485,434,431,335,389
2.77,0.46,0.46,0.04,0.04,0.04,484,434,431,335,389
2.67,0.66,0.66,0.04,0.04,0.04,484,434,431,335,389
2.58,0.50,0.50,0.06,0.06,0.06,484,434,431,335,389
2.55,0.60,0.60,0.04,0.04,0.04,483,434,432,335,389
2.76,0.39,0.39,0.03,0.03,0.03,483,434,432,335,389
2.61,0.47,0.47,0.03,0.03,0.03,483,433,431,335,389
2.54,0.61,0.61,0.03,0.03,0.03,483,434,431,335,389
2.58,0.62,0.62,0.03,0.03,0.03,483,434,431,335,389
2.73,0.39,0.39,0.02,0.02,0.02,482,433,431,335,389
2.42,0.52,0.52,0.03,0.03,0.03,481,433,431,335,389
2.28,0.57,0.57,0.01,0.01,0.01,481,433,431,336,389
2.36,0.63,0.63,0.03,0.03,0.03,480,433,431,335,388
2.71,0.62,0.62,0.06,0.06,0.06,479,433,433,335,389
2.58,0.50,0.50,0.05,0.05,0.05,479,433,433,335,389
END
2.33,0.35,0.35,0.01,0.01,0.01,457,421,415,332,393
2.32,0.93,0.93,0.04,0.04,0.04,457,423,415,332,392
2.48,0.85,0.85,0.01,0.01,0.01,457,423,415,332,391
2.45,1.03,1.03,-0.01,-0.01,-0.01,457,425,416,333,390
2.49,1.07,1.07,-0.01,-0.01,-0.01,457,426,416,333,389
2.61,1.10,1.10,-0.02,-0.02,-0.02,457,425,416,333,388
2.51,1.25,1.25,0.03,0.03,0.03,457,425,416,333,388
2.30,1.26,1.26,0.01,0.01,0.01,458,426,416,333,388
2.48,1.13,1.13,0.03,0.03,0.03,458,426,418,333,387
2.13,1.30,1.30,0.02,0.02,0.02,458,426,418,333,387
2.16,1.34,1.34,0.02,0.02,0.02,458,426,418,333,387
2.44,1.28,1.28,0.05,0.05,0.05,458,426,418,333,387
2.51,1.26,1.26,0.04,0.04,0.04,457,426,418,333,387
2.18,1.16,1.16,0.03,0.03,0.03,457,426,418,333,387
2.48,1.10,1.10,0.01,0.01,0.01,457,425,418,333,387
2.17,1.22,1.22,0.03,0.03,0.03,456,425,418,333,387
2.28,1.26,1.26,0.04,0.04,0.04,456,425,417,333,387
2.19,1.24,1.24,0.07,0.07,0.07,456,425,417,333,387
2.16,1.14,1.14,0.06,0.06,0.06,457,425,417,333,387
2.49,1.25,1.25,0.05,0.05,0.05,457,425,417,333,387
2.56,1.17,1.17,0.01,0.01,0.01,457,425,416,333,387
2.18,1.19,1.19,-0.03,-0.03,-0.03,456,425,415,333,387
2.32,1.34,1.34,0.02,0.02,0.02,456,424,414,333,387
2.42,1.34,1.34,0.04,0.04,0.04,455,424,414,333,387
2.24,1.31,1.31,0.06,0.06,0.06,455,424,414,333,387
2.35,1.15,1.15,0.05,0.05,0.05,455,424,414,333,387
2.51,1.14,1.14,0.03,0.03,0.03,455,423,414,333,387
2.31,1.23,1.23,0.03,0.03,0.03,455,423,414,333,387
2.23,1.25,1.25,0.03,0.03,0.03,455,423,414,333,387
2.32,1.16,1.16,0.03,0.03,0.03,455,423,414,333,387
2.25,1.08,1.08,0.03,0.03,0.03,455,423,414,333,387
2.45,1.17,1.17,0.01,0.01,0.01,455,424,414,333,387
2.51,1.41,1.41,-0.00,-0.00,-0.00,455,424,414,333,387
2.30,1.31,1.31,0.02,0.02,0.02,454,424,414,333,387
2.35,1.34,1.34,0.02,0.02,0.02,454,424,413,333,387
2.20,1.08,1.08,0.06,0.06,0.06,453,423,413,333,386
2.53,1.21,1.21,0.03,0.03,0.03,453,423,413,333,387
2.51,1.28,1.28,0.04,0.04,0.04,453,423,414,333,387
2.41,1.48,1.48,0.02,0.02,0.02,453,423,414,333,386
2.41,1.21,1.21,0.05,0.05,0.05,453,423,414,333,387
2.50,1.08,1.08,0.05,0.05,0.05,453,423,414,333,387
END
2.61,1.13,1.13,0.04,0.04,0.04,450,422,414,333,386
2.43,1.23,1.23,0.03,0.03,0.03,450,422,415,334,386
2.51,1.31,1.31,0.01,0.01,0.01,449,422,414,333,386
2.38,1.26,1.26,0.03,0.03,0.03,449,422,414,333,385
2.57,1.30,1.30,0.04,0.04,0.04,449,422,414,333,385
2.44,1.21,1.21,0.06,0.06,0.06,449,421,414,333,386
2.41,1.23,1.23,0.06,0.06,0.06,449,421,414,333,386
2.49,1.21,1.21,0.04,0.04,0.04,449,421,414,334,386
2.36,1.19,1.19,0.03,0.03,0.03,449,421,414,333,385
2.65,1.29,1.29,0.03,0.03,0.03,449,421,414,333,386
2.33,1.09,1.09,0.02,0.02,0.02,449,421,414,333,386
2.61,1.26,1.26,0.03,0.03,0.03,449,421,414,333,386
2.51,1.24,1.24,0.03,0.03,0.03,449,421,414,333,386
2.32,1.17,1.17,0.04,0.04,0.04,449,420,414,333,386
2.35,1.16,1.16,0.02,0.02,0.02,449,420,414,334,386
2.43,1.26,1.26,0.02,0.02,0.02,449,420,414,333,385
2.48,1.17,1.17,0.04,0.04,0.04,449,420,414,333,385
2.28,0.90,0.90,0.02,0.02,0.02,449,420,414,333,385
2.71,1.42,1.42,-0.02,-0.02,-0.02,449,420,414,333,386
2.53,1.44,1.44,-0.01,-0.01,-0.01,449,420,414,333,386
2.53,1.36,1.36,0.04,0.04,0.04,449,420,415,333,386
2.67,1.33,1.33,0.06,0.06,0.06,449,420,414,333,386
2.28,1.22,1.22,0.05,0.05,0.05,449,420,414,333,386
2.48,1.27,1.27,0.05,0.05,0.05,449,420,414,333,386
2.63,1.13,1.13,0.06,0.06,0.06,449,420,414,333,386
2.62,1.16,1.16,0.04,0.04,0.04,449,420,414,333,387
2.66,1.18,1.18,0.04,0.04,0.04,449,419,414,334,387
2.67,1.18,1.18,0.05,0.05,0.05,449,419,414,334,387
2.57,1.05,1.05,0.05,0.05,0.05,448,419,414,334,386
2.46,1.13,1.13,0.03,0.03,0.03,448,419,414,334,387
2.48,1.18,1.18,0.03,0.03,0.03,448,419,414,334,387
2.63,1.10,1.10,0.05,0.05,0.05,448,419,415,334,387
2.59,0.95,0.95,0.03,0.03,0.03,448,419,415,334,387
2.58,1.09,1.09,0.05,0.05,0.05,449,419,415,334,387
2.56,1.21,1.21,0.05,0.05,0.05,448,419,414,334,387
2.47,1.04,1.04,0.04,0.04,0.04,448,419,414,334,386
2.57,1.03,1.03,0.02,0.02,0.02,448,419,414,334,386
2.72,1.04,1.04,0.02,0.02,0.02,448,419,414,333,386
2.72,1.22,1.22,0.01,0.01,0.01,448,419,414,334,386
2.44,1.09,1.09,0.03,0.03,0.03,448,419,414,333,386
2.74,1.19,1.19,0.03,0.03,0.03,448,419,414,334,386
END
2.56,1.11,1.11,0.01,0.01,0.01,446,418,415,335,386
2.73,1.17,1.17,0.03,0.03,0.03,446,418,415,335,386
2.76,1.18,1.18,0.03,0.03,0.03,446,418,415,335,386
2.80,1.18,1.18,0.02,0.02,0.02,446,417,415,335,386
2.71,1.28,1.28,0.03,0.03,0.03,445,417,414,335,386
3.11,1.23,1.23,0.04,0.04,0.04,445,417,414,335,386
2.79,1.08,1.08,0.01,0.01,0.01,445,417,414,335,386
2.73,1.03,1.03,0.00,0.00,0.00,445,417,414,334,386
2.66,1.13,1.13,-0.01,-0.01,-0.01,445,417,414,335,386
2.82,1.18,1.18,0.01,0.01,0.01,445,417,414,335,386
2.80,1.34,1.34,0.03,0.03,0.03,445,417,414,335,386
2.69,1.15,1.15,0.05,0.05,0.05,445,417,414,335,386
2.89,1.08,1.08,0.03,0.03,0.03,445,417,414,335,386
2.86,1.21,1.21,0.03,0.03,0.03,445,417,414,335,386
2.77,1.08,1.08,0.04,0.04,0.04,445,417,414,335,386
3.03,1.31,1.31,-0.01,-0.01,-0.01,445,417,414,335,385
2.84,1.29,1.29,0.02,0.02,0.02,445,417,414,335,385
2.94,1.24,1.24,0.05,0.05,0.05,444,417,414,335,385
2.69,1.01,1.01,0.05,0.05,0.05,444,417,414,335,385
2.76,1.30,1.30,0.02,0.02,0.02,444,417,413,335,385
2.96,1.48,1.48,0.02,0.02,0.02,445,417,413,335,385
3.03,1.36,1.36,0.03,0.03,0.03,445,417,413,335,385
3.26,1.13,1.13,0.02,0.02,0.02,445,417,413,335,386
2.94,1.31,1.31,0.00,0.00,0.00,444,417,412,335,385
3.04,1.33,1.33,0.03,0.03,0.03,444,417,412,335,385
3.12,1.44,1.44,0.03,0.03,0.03,444,418,412,335,385
2.89,1.26,1.26,0.03,0.03,0.03,444,417,412,335,385
2.96,1.25,1.25,-0.01,-0.01,-0.01,444,418,412,335,385
3.01,1.23,1.23,-0.03,-0.03,-0.03,444,417,412,335,385
2.71,1.54,1.54,0.00,0.00,0.00,444,418,412,335,385
2.78,1.68,1.68,0.01,0.01,0.01,444,418,412,335,385
2.74,1.61,1.61,0.08,0.08,0.08,444,418,411,335,385
2.58,1.41,1.41,0.09,0.09,0.09,444,418,412,335,385
2.51,1.46,1.46,0.10,0.10,0.10,444,418,412,335,385
2.88,1.51,1.51,0.09,0.09,0.09,444,418,412,335,385
3.20,1.08,1.08,0.07,0.07,0.07,444,418,412,335,385
3.17,1.06,1.06,0.02,0.02,0.02,444,418,412,335,384
2.71,1.23,1.23,-0.03,-0.03,-0.03,444,418,412,335,384
2.59,1.48,1.48,-0.03,-0.03,-0.03,444,418,411,335,384
2.61,1.42,1.42,-0.00,-0.00,-0.00,444,418,411,335,384
2.63,1.39,1.39,0.05,0.05,0.05,444,418,411,335,384
END
2.29,1.34,1.34,0.06,0.06,0.06,443,418,404,335,385
2.97,1.45,1.45,0.09,0.09,0.09,443,418,405,335,384
2.96,1.27,1.27,0.10,0.10,0.10,443,418,405,335,384
2.72,1.25,1.25,0.08,0.08,0.08,443,418,406,335,384
2.84,1.54,1.54,-0.02,-0.02,-0.02,442,417,406,335,384
2.89,1.55,1.55,0.05,0.05,0.05,442,417,406,335,384
3.19,1.56,1.56,0.02,0.02,0.02,442,417,406,334,384
3.44,1.69,1.69,0.07,0.07,0.07,442,417,406,334,384
2.83,1.16,1.16,0.05,0.05,0.05,442,417,406,334,384
2.68,1.25,1.25,0.00,0.00,0.00,442,417,406,334,384
3.40,2.00,2.00,0.03,0.03,0.03,442,417,407,335,384
3.26,1.66,1.66,0.08,0.08,0.08,442,417,407,335,384
3.12,1.24,1.24,0.05,0.05,0.05,442,417,407,335,384
2.53,1.06,1.06,0.01,0.01,0.01,442,417,407,335,384
2.35,1.39,1.39,-0.04,-0.04,-0.04,442,417,407,335,384
2.76,1.90,1.90,-0.03,-0.03,-0.03,442,417,407,335,384
2.84,1.76,1.76,0.03,0.03,0.03,442,417,407,335,384
3.01,1.64,1.64,0.04,0.04,0.04,442,418,406,335,384
3.00,1.56,1.56,0.03,0.03,0.03,442,417,406,335,384
2.84,1.63,1.63,0.02,0.02,0.02,442,417,405,335,384
2.96,1.47,1.47,0.05,0.05,0.05,441,416,405,335,384
2.89,1.34,1.34,0.02,0.02,0.02,442,416,406,335,384
2.95,1.57,1.57,0.03,0.03,0.03,441,417,406,335,384
3.13,1.59,1.59,0.03,0.03,0.03,442,416,406,335,384
3.37,1.75,1.75,0.06,0.06,0.06,441,417,407,335,384
3.07,1.72,1.72,0.07,0.07,0.07,441,417,408,335,384
2.97,1.49,1.49,0.04,0.04,0.04,441,417,407,336,384
2.63,1.38,1.38,0.03,0.03,0.03,441,417,407,336,384
2.49,1.49,1.49,-0.00,-0.00,-0.00,441,416,407,335,383
2.85,1.64,1.64,0.03,0.03,0.03,441,416,407,335,383
3.15,1.72,1.72,0.04,0.04,0.04,441,416,407,335,383
3.38,1.67,1.67,0.05,0.05,0.05,441,416,407,335,383
3.11,1.61,1.61,0.05,0.05,0.05,441,416,407,335,383
2.76,1.51,1.51,0.03,0.03,0.03,440,416,407,335,384
2.79,1.76,1.76,0.03,0.03,0.03,440,416,407,335,384
3.09,1.74,1.74,0.04,0.04,0.04,439,416,407,335,384
3.14,1.59,1.59,0.06,0.06,0.06,439,415,407,335,384
2.90,1.49,1.49,0.05,0.05,0.05,439,415,407,336,383
2.88,1.59,1.59,0.04,0.04,0.04,439,415,407,336,384
2.88,1.51,1.51,0.06,0.06,0.06,439,415,409,336,383
2.81,1.51,1.51,0.02,0.02,0.02,439,415,409,336,384
END
3.04,1.64,1.64,0.03,0.03,0.03,435,414,410,337,382
2.53,1.64,1.64,0.03,0.03,0.03,435,414,410,337,381
2.46,1.67,1.67,0.02,0.02,0.02,435,414,410,337,382
2.38,1.66,1.66,0.03,0.03,0.03,435,414,410,337,382
2.38,1.64,1.64,0.03,0.03,0.03,435,414,409,337,382
2.42,1.56,1.56,0.04,0.04,0.04,435,414,409,337,382
2.38,1.42,1.42,0.02,0.02,0.02,435,414,409,337,382
2.58,1.74,1.74,0.02,0.02,0.02,435,414,409,337,382
2.48,1.72,1.72,0.03,0.03,0.03,435,414,409,337,383
2.53,1.59,1.59,0.04,0.04,0.04,435,414,409,337,383
2.55,1.61,1.61,0.03,0.03,0.03,435,413,409,338,383
2.48,1.58,1.58,0.04,0.04,0.04,435,413,409,338,383
2.51,1.64,1.64,0.03,0.03,0.03,435,413,409,338,383
2.55,1.71,1.71,0.02,0.02,0.02,435,413,409,338,383
2.46,1.76,1.76,-0.00,-0.00,-0.00,435,413,409,338,383
2.61,1.66,1.66,0.06,0.06,0.06,435,413,409,338,383
2.54,1.47,1.47,0.06,0.06,0.06,435,413,409,338,383
2.43,1.51,1.51,0.05,0.05,0.05,435,413,408,338,383
2.50,1.52,1.52,0.01,0.01,0.01,435,413,409,338,383
2.51,1.64,1.64,0.03,0.03,0.03,435,413,408,338,383
2.77,1.76,1.76,0.02,0.02,0.02,435,413,408,338,383
2.73,1.63,1.63,0.02,0.02,0.02,435,413,408,338,383
2.40,1.54,1.54,0.09,0.09,0.09,435,413,409,338,383
2.51,1.34,1.34,0.07,0.07,0.07,435,413,408,339,383
2.40,1.30,1.30,0.03,0.03,0.03,435,413,409,339,383
2.46,1.43,1.43,0.03,0.03,0.03,435,413,408,339,383
2.53,1.67,1.67,0.02,0.02,0.02,435,413,408,339,383
2.81,1.69,1.69,0.04,0.04,0.04,435,413,408,339,383
2.52,1.43,1.43,0.06,0.06,0.06,435,413,408,339,383
2.38,1.32,1.32,0.04,0.04,0.04,435,413,408,339,383
2.56,1.52,1.52,0.05,0.05,0.05,435,413,408,338,383
2.48,1.51,1.51,0.06,0.06,0.06,435,413,409,339,383
2.60,1.42,1.42,0.05,0.05,0.05,435,413,409,339,383
2.40,1.41,1.41,0.03,0.03,0.03,435,413,409,339,383
2.63,1.37,1.37,0.02,0.02,0.02,435,413,409,339,383
2.43,1.21,1.21,0.03,0.03,0.03,435,413,409,339,383
2.78,1.44,1.44,0.02,0.02,0.02,435,413,409,339,383
2.62,1.60,1.60,0.03,0.03,0.03,435,413,409,339,383
2.75,1.48,1.48,0.03,0.03,0.03,435,413,409,339,383
2.53,1.44,1.44,0.03,0.03,0.03,435,413,409,339,383
2.56,1.45,1.45,0.03,0.03,0.03,435,413,409,339,383
END
2.55,1.41,1.41,0.03,0.03,0.03,434,412,409,339,383
2.73,1.31,1.31,0.05,0.05,0.05,434,412,409,339,383
2.61,1.40,1.40,0.04,0.04,0.04,434,412,409,339,383
2.80,1.60,1.60,0.02,0.02,0.02,434,412,408,339,383
2.56,1.39,1.39,0.03,0.03,0.03,434,412,409,339,383
2.62,1.36,1.36,0.03,0.03,0.03,434,412,409,339,383
2.68,1.46,1.46,0.03,0.03,0.03,434,412,409,339,383
2.51,1.54,1.54,0.02,0.02,0.02,434,412,409,339,383
2.39,1.39,1.39,0.02,0.02,0.02,434,412,409,339,383
2.63,1.53,1.53,0.02,0.02,0.02,434,412,409,339,383
2.59,1.43,1.43,0.04,0.04,0.04,434,411,409,339,383
2.53,1.51,1.51,0.03,0.03,0.03,434,412,409,339,383
2.76,1.60,1.60,0.01,0.01,0.01,434,412,409,339,383
2.56,1.59,1.59,0.01,0.01,0.01,434,411,409,339,383
2.61,1.53,1.53,0.02,0.02,0.02,434,411,409,339,383
2.56,1.49,1.49,0.03,0.03,0.03,434,411,409,339,383
2.70,1.54,1.54,0.02,0.02,0.02,434,412,409,339,383
2.43,1.51,1.51,0.03,0.03,0.03,434,411,409,339,383
2.37,1.59,1.59,0.02,0.02,0.02,434,412,408,339,383
2.46,1.53,1.53,0.03,0.03,0.03,434,411,408,339,383
2.54,1.60,1.60,0.01,0.01,0.01,434,412,408,339,383
2.61,1.51,1.51,0.03,0.03,0.03,434,411,408,339,383
2.64,1.51,1.51,0.03,0.03,0.03,434,412,408,339,383
2.67,1.66,1.66,0.04,0.04,0.04,434,412,408,339,383
2.51,1.69,1.69,0.05,0.05,0.05,434,412,408,339,383
2.48,1.60,1.60,0.05,0.05,0.05,434,412,408,339,383
2.53,1.61,1.61,0.05,0.05,0.05,434,412,408,339,383
2.58,1.46,1.46,0.02,0.02,0.02,434,412,408,339,383
2.79,1.69,1.69,0.03,0.03,0.03,434,412,408,339,383
2.61,1.65,1.65,0.07,0.07,0.07,434,412,408,339,383
2.48,1.41,1.41,0.05,0.05,0.05,434,412,408,339,383
2.46,1.43,1.43,0.04,0.04,0.04,434,412,408,339,383
2.62,1.51,1.51,0.04,0.04,0.04,434,411,407,339,383
2.46,1.49,1.49,0.03,0.03,0.03,434,411,407,339,383
2.71,1.39,1.39,0.02,0.02,0.02,434,411,407,338,383
2.44,1.21,1.21,0.02,0.02,0.02,434,411,407,339,383
2.71,1.62,1.62,0.02,0.02,0.02,434,411,407,339,383
2.60,1.69,1.69,0.03,0.03,0.03,434,412,407,339,383
2.44,1.51,1.51,0.06,0.06,0.06,434,412,407,339,383
2.69,1.32,1.32,0.04,0.04,0.04,434,412,407,338,383
2.72,1.38,1.38,0.02,0.02,0.02,434,412,407,338,383
END
2.94,1.51,1.51,0.01,0.01,0.01,433,410,411,338,383
2.62,1.45,1.45,0.05,0.05,0.05,433,410,411,338,383
2.44,1.40,1.40,0.05,0.05,0.05,433,410,411,338,383
2.56,1.66,1.66,0.05,0.05,0.05,433,410,411,338,383
2.58,1.56,1.56,0.06,0.06,0.06,433,410,411,338,383
2.85,1.36,1.36,0.05,0.05,0.05,433,410,411,338,383
2.54,1.24,1.24,0.02,0.02,0.02,433,410,411,338,383
2.73,1.48,1.48,0.00,0.00,0.00,433,410,411,338,383
2.35,1.46,1.46,-0.03,-0.03,-0.03,433,410,411,338,383
2.83,1.47,1.47,0.02,0.02,0.02,433,410,411,338,383
2.62,1.59,1.59,0.04,0.04,0.04,433,410,411,338,383
2.59,1.47,1.47,0.04,0.04,0.04,432,410,411,338,383
2.62,1.34,1.34,0.04,0.04,0.04,432,410,411,338,383
2.66,1.43,1.43,0.01,0.01,0.01,432,410,411,338,383
2.55,1.63,1.63,0.04,0.04,0.04,432,410,411,338,383
2.45,1.40,1.40,0.04,0.04,0.04,432,410,411,338,383
2.68,1.36,1.36,0.04,0.04,0.04,432,410,411,338,383
2.66,1.47,1.47,0.03,0.03,0.03,432,410,411,338,383
2.73,1.54,1.54,0.03,0.03,0.03,432,410,411,338,383
2.71,1.64,1.64,0.05,0.05,0.05,432,410,411,338,383
2.66,1.52,1.52,0.04,0.04,0.04,432,410,410,338,383
2.68,1.45,1.45,0.05,0.05,0.05,432,410,411,338,383
2.66,1.38,1.38,0.03,0.03,0.03,432,410,411,338,383
2.57,1.44,1.44,0.03,0.03,0.03,432,410,411,338,383
2.63,1.46,1.46,0.03,0.03,0.03,432,410,410,338,383
2.58,1.41,1.41,0.03,0.03,0.03,432,410,410,337,383
2.81,1.59,1.59,0.03,0.03,0.03,432,410,410,338,383
2.51,1.44,1.44,0.07,0.07,0.07,432,410,410,338,383
2.57,1.39,1.39,0.07,0.07,0.07,432,410,410,338,383
2.69,1.43,1.43,0.05,0.05,0.05,432,410,410,338,383
2.69,1.29,1.29,0.03,0.03,0.03,432,410,410,338,383
2.64,1.37,1.37,0.01,0.01,0.01,432,410,410,338,383
2.48,1.45,1.45,0.01,0.01,0.01,432,410,410,338,383
2.79,1.49,1.49,0.01,0.01,0.01,432,410,410,338,383
2.68,1.35,1.35,0.03,0.03,0.03,432,410,410,338,383
2.83,1.42,1.42,0.02,0.02,0.02,432,410,410,338,383
2.83,1.63,1.63,0.03,0.03,0.03,432,410,410,338,383
2.51,1.42,1.42,0.03,0.03,0.03,432,410,410,338,383
2.65,1.56,1.56,0.03,0.03,0.03,432,410,410,338,383
2.71,1.46,1.46,0.03,0.03,0.03,432,410,410,338,383
2.58,1.59,1.59,0.03,0.03,0.03,432,410,410,338,383
END
2.51,1.53,1.53,0.02,0.02,0.02,432,408,410,338,383
2.74,1.62,1.62,0.03,0.03,0.03,432,409,410,338,383
2.75,1.66,1.66,0.05,0.05,0.05,432,408,410,338,383
2.84,1.53,1.53,0.05,0.05,0.05,432,409,410,338,383
2.73,1.51,1.51,0.04,0.04,0.04,432,408,410,338,383
2.79,1.67,1.67,0.02,0.02,0.02,432,408,410,337,383
2.67,1.64,1.64,0.03,0.03,0.03,432,408,410,338,383
2.61,1.63,1.63,0.04,0.04,0.04,432,409,410,338,383
2.72,1.54,1.54,0.05,0.05,0.05,432,409,410,338,383
2.76,1.54,1.54,0.04,0.04,0.04,432,409,410,338,383
2.84,1.50,1.50,0.03,0.03,0.03,432,409,410,338,383
2.57,1.61,1.61,0.03,0.03,0.03,432,409,410,338,383
2.79,1.58,1.58,0.05,0.05,0.05,432,409,410,338,383
2.67,1.37,1.37,0.04,0.04,0.04,432,408,410,338,383
2.64,1.64,1.64,0.02,0.02,0.02,432,409,410,338,383
2.61,1.56,1.56,0.03,0.03,0.03,432,408,410,338,383
2.70,1.44,1.44,0.03,0.03,0.03,432,408,410,338,383
2.83,1.49,1.49,0.02,0.02,0.02,431,408,410,338,383
2.76,1.64,1.64,0.03,0.03,0.03,432,408,410,338,383
2.93,1.72,1.72,0.03,0.03,0.03,432,408,410,338,383
2.69,1.62,1.62,0.04,0.04,0.04,432,408,410,338,383
2.68,1.66,1.66,0.01,0.01,0.01,432,408,410,338,383
2.63,1.71,1.71,0.00,0.00,0.00,432,408,410,338,383
2.85,1.77,1.77,0.02,0.02,0.02,432,408,410,338,383
2.86,1.54,1.54,0.04,0.04,0.04,432,408,410,338,383
2.73,1.39,1.39,0.04,0.04,0.04,432,408,410,337,383
2.70,1.58,1.58,0.03,0.03,0.03,432,408,410,338,383
2.71,1.72,1.72,0.01,0.01,0.01,432,408,410,338,383
2.63,1.67,1.67,0.01,0.01,0.01,432,408,410,338,383
2.68,1.48,1.48,0.00,0.00,0.00,432,408,410,338,383
2.71,1.45,1.45,0.00,0.00,0.00,432,408,410,338,383
2.70,1.64,1.64,-0.00,-0.00,-0.00,432,409,410,338,383
3.01,1.64,1.64,0.02,0.02,0.02,432,408,410,338,383
2.76,1.75,1.75,0.03,0.03,0.03,432,409,410,338,383
2.50,1.62,1.62,0.04,0.04,0.04,432,409,410,338,383
2.38,1.39,1.39,0.04,0.04,0.04,432,409,410,338,383
2.71,1.46,1.46,-0.01,-0.01,-0.01,432,409,410,337,383
3.03,1.92,1.92,-0.01,-0.01,-0.01,432,409,410,338,383
3.12,1.75,1.75,0.03,0.03,0.03,431,409,410,338,383
2.79,1.61,1.61,0.04,0.04,0.04,431,409,410,338,383
2.50,1.51,1.51,0.03,0.03,0.03,431,409,410,338,383
END
2.65,1.77,1.77,0.01,0.01,0.01,432,409,410,338,383
2.64,1.61,1.61,0.04,0.04,0.04,432,409,410,338,383
2.75,1.62,1.62,0.04,0.04,0.04,431,409,410,338,383
2.71,1.54,1.54,0.04,0.04,0.04,431,409,410,338,383
2.68,1.69,1.69,0.03,0.03,0.03,431,408,410,338,383
2.64,1.63,1.63,0.04,0.04,0.04,431,409,410,338,383
2.58,1.62,1.62,0.03,0.03,0.03,431,408,410,338,383
2.71,1.61,1.61,0.02,0.02,0.02,431,409,410,338,383
2.71,1.51,1.51,0.03,0.03,0.03,431,408,410,338,383
2.68,1.57,1.57,0.03,0.03,0.03,431,408,410,338,383
2.73,1.62,1.62,0.04,0.04,0.04,431,409,410,338,383
2.66,1.71,1.71,0.05,0.05,0.05,432,409,410,338,383
2.71,1.59,1.59,0.07,0.07,0.07,431,409,410,338,383
2.73,1.33,1.33,0.05,0.05,0.05,431,409,410,338,383
2.67,1.49,1.49,0.04,0.04,0.04,431,409,410,338,383
2.66,1.67,1.67,0.03,0.03,0.03,431,408,410,338,382
2.66,1.65,1.65,0.04,0.04,0.04,431,408,410,338,383
2.66,1.46,1.46,0.04,0.04,0.04,431,408,410,338,383
2.48,1.49,1.49,0.03,0.03,0.03,431,409,410,338,382
2.74,1.60,1.60,0.02,0.02,0.02,431,408,410,338,382
2.77,1.52,1.52,0.04,0.04,0.04,431,409,410,338,383
2.66,1.60,1.60,0.02,0.02,0.02,431,408,410,338,382
2.75,1.45,1.45,0.02,0.02,0.02,431,408,410,338,383
2.74,1.57,1.57,0.03,0.03,0.03,431,408,410,338,383
2.58,1.60,1.60,0.04,0.04,0.04,431,408,410,338,383
2.78,1.49,1.49,0.02,0.02,0.02,431,408,410,338,383
2.57,1.49,1.49,0.02,0.02,0.02,432,408,409,338,383
2.57,1.69,1.69,0.04,0.04,0.04,431,408,408,338,383
2.53,1.58,1.58,0.04,0.04,0.04,431,408,408,337,383
2.77,1.65,1.65,0.02,0.02,0.02,431,408,408,337,383
2.82,1.59,1.59,0.02,0.02,0.02,431,408,409,337,383
2.82,1.57,1.57,0.04,0.04,0.04,431,408,409,338,383
2.63,1.51,1.51,0.03,0.03,0.03,431,408,409,338,383
2.74,1.56,1.56,0.02,0.02,0.02,431,408,409,338,383
2.45,1.66,1.66,0.02,0.02,0.02,431,408,408,338,383
2.79,1.74,1.74,0.03,0.03,0.03,431,409,408,338,383
2.77,1.59,1.59,0.02,0.02,0.02,431,408,408,338,383
2.69,1.52,1.52,0.04,0.04,0.04,431,408,408,338,383
2.64,1.55,1.55,0.04,0.04,0.04,431,409,408,338,383
2.61,1.47,1.47,0.02,0.02,0.02,431,408,408,338,382
2.51,1.72,1.72,0.02,0.02,0.02,431,408,408,338,383
END
2.73,1.66,1.66,0.01,0.01,0.01,431,409,407,338,382
2.76,1.67,1.67,0.03,0.03,0.03,431,409,408,338,382
2.76,1.63,1.63,0.03,0.03,0.03,431,409,408,338,382
2.84,1.63,1.63,0.03,0.03,0.03,431,409,408,338,382
2.73,1.64,1.64,0.04,0.04,0.04,431,409,408,338,382
2.71,1.51,1.51,0.04,0.04,0.04,431,409,408,338,382
2.76,1.56,1.56,0.02,0.02,0.02,431,409,407,338,382
2.79,1.62,1.62,0.03,0.03,0.03,430,409,408,338,382
2.81,1.71,1.71,0.03,0.03,0.03,431,408,407,338,382
2.61,1.49,1.49,0.05,0.05,0.05,431,409,407,338,382
2.73,1.59,1.59,0.03,0.03,0.03,431,408,407,338,382
2.48,1.42,1.42,0.02,0.02,0.02,431,409,407,338,382
2.66,1.70,1.70,0.03,0.03,0.03,431,409,408,338,382
2.62,1.54,1.54,0.03,0.03,0.03,431,409,408,338,382
2.77,1.59,1.59,0.04,0.04,0.04,431,409,408,338,382
2.69,1.71,1.71,0.05,0.05,0.05,431,409,408,338,382
2.46,1.56,1.56,0.03,0.03,0.03,431,409,408,338,382
2.62,1.58,1.58,0.04,0.04,0.04,431,408,408,338,382
2.78,1.41,1.41,0.02,0.02,0.02,431,409,408,338,382
2.76,1.57,1.57,0.02,0.02,0.02,431,409,408,338,382
2.70,1.72,1.72,0.02,0.02,0.02,431,409,408,338,382
2.48,1.67,1.67,0.04,0.04,0.04,431,408,408,338,382
2.52,1.49,1.49,0.05,0.05,0.05,431,408,408,338,382
2.71,1.44,1.44,0.04,0.04,0.04,431,408,408,338,382
2.65,1.56,1.56,0.03,0.03,0.03,431,409,408,338,382
2.63,1.67,1.67,0.04,0.04,0.04,431,408,408,338,382
2.74,1.62,1.62,0.03,0.03,0.03,431,408,408,338,382
2.56,1.43,1.43,0.03,0.03,0.03,431,409,408,338,382
2.59,1.51,1.51,0.01,0.01,0.01,431,408,408,338,382
2.74,1.70,1.70,0.01,0.01,0.01,431,408,408,338,381
2.69,1.60,1.60,0.05,0.05,0.05,431,408,407,338,382
2.66,1.49,1.49,0.05,0.05,0.05,431,408,407,338,382
2.66,1.46,1.46,0.04,0.04,0.04,431,408,408,337,382
2.56,1.58,1.58,0.06,0.06,0.06,431,408,408,337,382
2.91,1.26,1.26,0.01,0.01,0.01,431,408,408,338,382
3.01,1.47,1.47,-0.04,-0.04,-0.04,431,408,408,337,382
2.81,1.78,1.78,-0.03,-0.03,-0.03,431,408,408,338,382
2.53,1.71,1.71,0.02,0.02,0.02,431,408,408,338,382
2.75,1.47,1.47,0.04,0.04,0.04,431,408,408,338,382
2.74,1.58,1.58,0.03,0.03,0.03,431,408,408,338,382
2.65,1.56,1.56,0.03,0.03,0.03,430,407,408,337,382
END
2.64,1.67,1.67,0.04,0.04,0.04,431,407,407,338,382
2.53,2.20,2.20,0.03,0.03,0.03,430,407,407,338,383
2.55,2.63,2.63,0.10,0.10,0.10,431,407,407,338,383
2.66,1.99,1.99,0.12,0.12,0.12,431,407,407,338,383
2.63,1.66,1.66,0.07,0.07,0.07,431,407,407,338,383
2.53,1.86,1.86,0.00,0.00,0.00,431,408,407,337,382
2.29,2.14,2.14,-0.00,-0.00,-0.00,431,407,407,338,382
3.13,2.14,2.14,0.05,0.05,0.05,431,408,407,338,382
2.70,1.98,1.98,0.10,0.10,0.10,430,407,407,338,382
2.48,1.87,1.87,0.16,0.16,0.16,430,407,407,338,382
2.06,1.49,1.49,0.16,0.16,0.16,430,407,407,337,382
2.82,1.47,1.47,0.09,0.09,0.09,430,407,407,338,381
2.77,1.75,1.75,0.04,0.04,0.04,430,407,407,338,382
2.37,1.67,1.67,0.05,0.05,0.05,430,407,407,338,382
2.40,1.29,1.29,0.04,0.04,0.04,431,408,407,338,382
2.73,1.46,1.46,0.03,0.03,0.03,431,408,407,338,382
2.99,1.46,1.46,0.05,0.05,0.05,430,408,407,338,382
2.52,1.69,1.69,0.04,0.04,0.04,431,408,407,338,382
2.46,1.59,1.59,0.05,0.05,0.05,430,408,407,338,382
2.85,1.66,1.66,0.01,0.01,0.01,430,407,407,338,382
2.46,1.82,1.82,0.00,0.00,0.00,430,407,407,339,382
2.56,2.03,2.03,0.06,0.06,0.06,430,407,407,338,382
2.54,1.82,1.82,0.08,0.08,0.08,430,408,407,338,382
2.82,1.51,1.51,0.06,0.06,0.06,431,407,407,338,382
2.73,1.62,1.62,0.02,0.02,0.02,430,407,407,338,382
2.40,1.70,1.70,0.02,0.02,0.02,431,407,407,338,382
2.63,1.69,1.69,0.02,0.02,0.02,431,407,407,338,382
2.56,1.59,1.59,0.07,0.07,0.07,430,408,407,338,382
2.56,1.43,1.43,0.05,0.05,0.05,430,408,407,338,382
2.83,1.59,1.59,0.05,0.05,0.05,431,408,407,338,382
2.77,1.77,1.77,0.07,0.07,0.07,430,407,407,338,382
2.81,1.62,1.62,0.09,0.09,0.09,430,408,407,338,382
2.62,1.13,1.13,0.07,0.07,0.07,430,408,407,338,382
2.63,1.23,1.23,0.01,0.01,0.01,430,408,407,337,382
2.68,1.51,1.51,0.01,0.01,0.01,430,408,407,337,382
2.63,1.61,1.61,0.03,0.03,0.03,430,408,407,338,382
2.62,1.47,1.47,0.04,0.04,0.04,430,408,407,338,382
2.78,1.48,1.48,-0.00,-0.00,-0.00,430,408,407,338,382
2.59,1.49,1.49,0.03,0.03,0.03,430,408,407,338,382
2.53,1.49,1.49,0.03,0.03,0.03,430,408,407,338,382
2.67,1.58,1.58,0.06,0.06,0.06,430,408,407,338,382
END
2.71,1.30,1.30,0.04,0.04,0.04,430,408,409,338,381
2.51,1.69,1.69,0.03,0.03,0.03,430,408,408,338,381
2.66,1.78,1.78,0.04,0.04,0.04,430,407,408,338,381
2.33,1.58,1.58,0.03,0.03,0.03,430,407,408,338,381
2.40,1.60,1.60,0.03,0.03,0.03,430,407,408,338,381
2.28,1.67,1.67,0.01,0.01,0.01,430,408,409,338,381
2.53,1.69,1.69,0.02,0.02,0.02,430,407,408,339,381
2.43,1.71,1.71,0.04,0.04,0.04,430,408,408,339,381
2.49,1.66,1.66,0.02,0.02,0.02,430,407,408,339,381
2.22,1.64,1.64,0.03,0.03,0.03,430,407,407,339,381
2.36,1.66,1.66,0.04,0.04,0.04,430,407,407,338,381
2.33,1.65,1.65,0.05,0.05,0.05,430,407,407,339,381
2.46,1.68,1.68,0.04,0.04,0.04,430,407,407,338,381
2.39,1.70,1.70,0.03,0.03,0.03,430,407,407,339,381
2.49,1.63,1.63,0.04,0.04,0.04,430,407,407,338,381
2.31,1.70,1.70,0.03,0.03,0.03,430,407,407,338,381
2.48,1.69,1.69,0.03,0.03,0.03,430,407,407,339,381
2.55,1.69,1.69,0.03,0.03,0.03,430,407,407,339,381
2.38,1.71,1.71,0.03,0.03,0.03,430,407,407,339,381
2.41,1.76,1.76,0.03,0.03,0.03,430,407,407,338,381
2.40,1.77,1.77,0.03,0.03,0.03,430,407,407,339,381
2.40,1.62,1.62,0.03,0.03,0.03,430,407,407,338,381
2.52,1.64,1.64,0.02,0.02,0.02,430,407,407,338,381
2.41,1.67,1.67,0.02,0.02,0.02,429,407,407,338,381
2.33,1.68,1.68,0.03,0.03,0.03,430,407,407,338,381
2.52,1.77,1.77,0.03,0.03,0.03,430,407,407,338,381
2.41,1.79,1.79,0.03,0.03,0.03,429,407,407,338,381
2.56,1.81,1.81,0.03,0.03,0.03,430,407,407,338,381
2.62,1.76,1.76,0.05,0.05,0.05,430,407,407,338,381
2.71,1.47,1.47,0.05,0.05,0.05,430,408,407,338,381
2.51,1.62,1.62,0.04,0.04,0.04,430,407,407,338,381
2.39,1.59,1.59,0.04,0.04,0.04,430,408,407,338,381
2.41,1.67,1.67,0.02,0.02,0.02,429,407,407,338,381
2.56,1.71,1.71,0.02,0.02,0.02,430,408,407,338,381
2.52,1.58,1.58,0.02,0.02,0.02,429,407,407,338,381
2.51,1.57,1.57,0.03,0.03,0.03,430,408,407,338,381
2.38,1.66,1.66,0.04,0.04,0.04,429,407,407,338,381
2.38,1.67,1.67,0.05,0.05,0.05,430,407,407,339,381
2.40,1.73,1.73,0.05,0.05,0.05,430,407,407,338,381
2.51,1.54,1.54,0.04,0.04,0.04,429,408,407,338,381
2.48,1.56,1.56,0.02,0.02,0.02,430,407,407,338,381
END
2.50,1.59,1.59,0.01,0.01,0.01,429,407,407,338,381
2.32,1.72,1.72,0.01,0.01,0.01,429,407,406,338,381
2.46,1.72,1.72,0.03,0.03,0.03,429,407,406,338,381
2.51,1.62,1.62,0.03,0.03,0.03,429,407,406,338,381
2.63,1.68,1.68,0.03,0.03,0.03,429,407,406,338,381
2.43,1.71,1.71,0.02,0.02,0.02,429,407,406,338,381
2.51,1.69,1.69,0.02,0.02,0.02,429,407,407,338,381
2.40,1.67,1.67,0.03,0.03,0.03,429,407,406,338,381
2.38,1.59,1.59,0.04,0.04,0.04,429,407,406,338,381
2.57,1.59,1.59,0.03,0.03,0.03,429,407,406,338,381
2.33,1.61,1.61,0.04,0.04,0.04,429,407,406,338,381
2.48,1.67,1.67,0.02,0.02,0.02,429,407,406,338,381
2.39,1.62,1.62,0.04,0.04,0.04,429,407,406,338,381
2.49,1.62,1.62,0.03,0.03,0.03,429,407,406,338,381
2.48,1.64,1.64,0.02,0.02,0.02,429,407,406,338,381
2.38,1.59,1.59,0.03,0.03,0.03,429,407,406,338,381
2.62,1.81,1.81,0.03,0.03,0.03,429,407,406,338,381
2.51,1.64,1.64,0.04,0.04,0.04,429,407,406,338,381
2.61,1.61,1.61,0.03,0.03,0.03,429,407,406,338,381
2.44,1.73,1.73,0.03,0.03,0.03,429,407,406,338,381
2.58,1.69,1.69,0.04,0.04,0.04,429,407,406,338,381
2.59,1.61,1.61,0.03,0.03,0.03,429,407,406,338,381
2.35,1.57,1.57,0.02,0.02,0.02,429,407,406,338,381
2.53,1.64,1.64,0.02,0.02,0.02,429,407,406,338,381
2.40,1.69,1.69,0.03,0.03,0.03,429,407,406,338,381
2.43,1.66,1.66,0.03,0.03,0.03,429,407,406,338,381
2.43,1.64,1.64,0.03,0.03,0.03,429,407,406,338,381
2.48,1.69,1.69,0.03,0.03,0.03,429,407,406,338,381
2.63,1.69,1.69,0.04,0.04,0.04,429,407,406,338,381
2.46,1.66,1.66,0.03,0.03,0.03,429,407,406,338,381
2.48,1.61,1.61,0.03,0.03,0.03,429,407,406,338,381
2.29,1.62,1.62,0.00,0.00,0.00,429,406,406,338,382
2.47,1.77,1.77,0.03,0.03,0.03,428,405,406,338,382
2.38,1.67,1.67,0.04,0.04,0.04,428,406,405,338,381
2.48,1.64,1.64,0.03,0.03,0.03,428,406,405,338,381
2.46,1.69,1.69,0.03,0.03,0.03,428,406,405,338,381
2.40,1.51,1.51,0.04,0.04,0.04,428,405,405,338,381
2.53,1.67,1.67,0.03,0.03,0.03,428,406,405,338,381
2.36,1.69,1.69,0.04,0.04,0.04,428,406,405,338,381
2.48,1.67,1.67,0.03,0.03,0.03,428,406,405,338,381
2.35,1.71,1.71,0.03,0.03,0.03,428,406,405,338,381
END
2.40,1.63,1.63,0.03,0.03,0.03,428,407,404,338,381
2.71,1.65,1.65,0.06,0.06,0.06,428,407,404,338,381
2.54,1.51,1.51,0.04,0.04,0.04,428,407,404,338,381
2.51,1.82,1.82,0.02,0.02,0.02,428,407,404,338,381
2.48,1.82,1.82,0.02,0.02,0.02,428,406,404,338,381
2.51,1.75,1.75,0.03,0.03,0.03,428,407,404,338,381
2.69,1.63,1.63,0.04,0.04,0.04,428,406,404,338,381
2.68,1.61,1.61,0.02,0.02,0.02,428,407,404,338,381
2.51,1.79,1.79,0.02,0.02,0.02,428,406,404,338,381
2.46,1.78,1.78,0.04,0.04,0.04,428,407,404,338,381
2.56,1.64,1.64,0.05,0.05,0.05,428,406,404,338,381
2.58,1.62,1.62,0.03,0.03,0.03,428,407,404,338,381
2.50,1.65,1.65,0.02,0.02,0.02,428,407,404,338,381
2.57,1.77,1.77,0.03,0.03,0.03,428,407,404,338,381
2.51,1.69,1.69,0.03,0.03,0.03,428,407,404,338,381
2.65,1.74,1.74,0.04,0.04,0.04,428,406,404,338,381
2.62,1.83,1.83,0.02,0.02,0.02,428,406,404,338,381
2.44,1.69,1.69,0.04,0.04,0.04,428,406,404,338,381
2.48,1.69,1.69,0.03,0.03,0.03,428,407,404,338,381
2.58,1.74,1.74,0.03,0.03,0.03,428,406,405,338,381
2.56,1.69,1.69,0.05,0.05,0.05,428,407,404,338,381
2.61,1.67,1.67,0.02,0.02,0.02,428,406,404,338,381
2.37,1.67,1.67,0.02,0.02,0.02,428,407,404,338,381
2.61,1.82,1.82,0.03,0.03,0.03,428,406,404,338,381
2.63,1.67,1.67,0.04,0.04,0.04,428,407,404,338,381
2.60,1.65,1.65,0.03,0.03,0.03,428,406,404,338,381
2.57,1.75,1.75,0.02,0.02,0.02,427,406,404,338,381
2.63,1.78,1.78,0.04,0.04,0.04,428,407,404,337,381
2.46,1.59,1.59,0.04,0.04,0.04,428,407,404,338,381
2.53,1.67,1.67,0.04,0.04,0.04,428,407,404,338,381
2.33,1.75,1.75,0.03,0.03,0.03,428,407,404,338,381
2.62,1.79,1.79,0.03,0.03,0.03,428,407,404,338,381
2.58,1.79,1.79,0.03,0.03,0.03,428,407,404,338,381
2.60,1.70,1.70,0.04,0.04,0.04,428,407,404,338,381
2.56,1.79,1.79,0.02,0.02,0.02,428,407,404,338,381
2.53,1.76,1.76,0.02,0.02,0.02,428,407,404,338,381
2.68,1.77,1.77,0.04,0.04,0.04,428,406,405,338,381
2.58,1.52,1.52,0.03,0.03,0.03,428,407,404,338,381
2.47,1.67,1.67,0.04,0.04,0.04,428,406,404,338,381
2.67,1.85,1.85,0.04,0.04,0.04,428,407,404,338,381
2.52,1.69,1.69,0.04,0.04,0.04,428,406,404,338,381
END
2.59,1.54,1.54,0.04,0.04,0.04,428,406,403,338,381
2.68,1.50,1.50,0.06,0.06,0.06,428,406,403,338,381
2.40,1.61,1.61,0.03,0.03,0.03,428,406,403,338,381
2.26,1.50,1.50,0.02,0.02,0.02,428,406,403,338,381
2.43,1.69,1.69,0.01,0.01,0.01,428,406,403,338,381
2.53,1.55,1.55,0.07,0.07,0.07,428,405,403,338,381
2.63,1.41,1.41,0.10,0.10,0.10,428,406,402,338,381
2.49,1.36,1.36,0.07,0.07,0.07,428,406,403,338,381
2.46,1.41,1.41,0.05,0.05,0.05,427,406,403,338,381
2.45,1.41,1.41,0.02,0.02,0.02,427,406,403,338,381
2.51,1.47,1.47,0.02,0.02,0.02,428,406,403,338,381
2.48,1.65,1.65,0.03,0.03,0.03,428,406,403,338,381
2.51,1.74,1.74,0.05,0.05,0.05,428,406,403,338,381
2.49,1.33,1.33,0.05,0.05,0.05,428,406,403,338,381
2.59,1.56,1.56,0.03,0.03,0.03,428,406,403,338,381
2.56,1.46,1.46,0.02,0.02,0.02,428,406,403,338,381
2.53,1.56,1.56,0.04,0.04,0.04,427,406,403,338,381
2.59,1.54,1.54,0.03,0.03,0.03,427,406,403,338,381
2.54,1.61,1.61,0.03,0.03,0.03,428,406,403,338,381
2.40,1.60,1.60,0.04,0.04,0.04,427,406,403,338,381
2.58,1.63,1.63,0.05,0.05,0.05,427,406,403,338,381
2.48,1.54,1.54,0.02,0.02,0.02,427,406,403,338,382
2.59,1.64,1.64,0.02,0.02,0.02,428,406,403,338,381
2.53,1.66,1.66,0.02,0.02,0.02,428,406,403,338,381
2.49,1.66,1.66,0.03,0.03,0.03,428,406,403,338,381
2.56,1.48,1.48,0.04,0.04,0.04,427,406,403,338,381
2.56,1.52,1.52,0.03,0.03,0.03,428,406,403,338,381
2.61,1.57,1.57,0.03,0.03,0.03,427,406,403,338,381
2.60,1.68,1.68,0.04,0.04,0.04,427,406,403,338,381
2.68,1.62,1.62,0.03,0.03,0.03,427,406,403,338,381
2.56,1.40,1.40,0.03,0.03,0.03,428,406,403,338,381
2.50,1.47,1.47,0.01,0.01,0.01,428,406,403,338,381
2.40,1.50,1.50,0.00,0.00,0.00,427,406,403,338,381
2.69,1.79,1.79,0.02,0.02,0.02,428,406,403,338,381
2.51,1.79,1.79,0.04,0.04,0.04,428,406,403,338,381
2.63,1.66,1.66,0.04,0.04,0.04,427,406,403,338,381
2.56,1.44,1.44,0.02,0.02,0.02,428,406,403,338,381
2.43,1.71,1.71,-0.01,-0.01,-0.01,428,406,403,338,381
2.35,1.59,1.59,0.01,0.01,0.01,427,406,403,338,381
2.41,1.81,1.81,0.01,0.01,0.01,427,406,403,338,381
2.53,1.85,1.85,0.04,0.04,0.04,427,406,403,338,381
END
2.56,1.67,1.67,0.05,0.05,0.05,427,406,402,338,381
2.55,1.89,1.89,0.05,0.05,0.05,427,406,403,338,381
2.57,1.77,1.77,0.04,0.04,0.04,427,406,403,338,381
2.85,1.74,1.74,0.06,0.06,0.06,427,406,403,338,381
2.43,1.74,1.74,0.03,0.03,0.03,427,405,403,338,381
2.53,1.88,1.88,0.04,0.04,0.04,427,406,403,338,381
2.32,1.78,1.78,0.04,0.04,0.04,427,405,403,338,381
2.73,1.74,1.74,0.03,0.03,0.03,427,406,403,338,381
2.63,1.84,1.84,0.02,0.02,0.02,427,405,403,338,381
2.51,1.68,1.68,0.03,0.03,0.03,427,406,403,338,381
2.40,1.72,1.72,0.02,0.02,0.02,427,405,403,338,381
2.53,1.86,1.86,0.02,0.02,0.02,427,406,403,338,381
2.51,1.81,1.81,0.05,0.05,0.05,427,405,403,338,381
2.51,1.72,1.72,0.05,0.05,0.05,427,406,403,338,381
2.48,1.64,1.64,0.05,0.05,0.05,427,405,403,338,381
2.54,1.74,1.74,0.03,0.03,0.03,427,406,403,338,381
2.62,1.68,1.68,0.03,0.03,0.03,427,406,403,338,381
2.53,1.66,1.66,0.03,0.03,0.03,427,406,403,338,381
2.56,1.62,1.62,0.04,0.04,0.04,427,406,403,338,381
2.43,1.69,1.69,0.03,0.03,0.03,427,405,403,338,381
2.59,1.78,1.78,0.04,0.04,0.04,427,406,403,338,381
2.71,1.67,1.67,0.05,0.05,0.05,427,406,403,338,381
2.76,1.71,1.71,0.02,0.02,0.02,427,406,403,338,381
2.51,1.74,1.74,0.01,0.01,0.01,427,406,403,338,381
2.51,1.83,1.83,0.01,0.01,0.01,427,406,403,338,381
2.70,1.54,1.54,0.02,0.02,0.02,427,406,403,338,381
2.63,1.65,1.65,0.01,0.01,0.01,427,406,403,338,381
2.49,1.64,1.64,0.02,0.02,0.02,427,406,403,338,381
2.51,1.84,1.84,0.03,0.03,0.03,427,406,403,338,381
2.68,1.74,1.74,0.04,0.04,0.04,427,405,403,338,381
2.63,1.77,1.77,0.03,0.03,0.03,427,406,403,338,381
2.61,1.62,1.62,0.03,0.03,0.03,427,406,403,338,381
2.58,1.80,1.80,0.02,0.02,0.02,427,406,403,338,381
2.44,1.73,1.73,0.03,0.03,0.03,427,406,403,338,381
2.40,1.68,1.68,0.03,0.03,0.03,427,405,403,338,381
2.58,1.74,1.74,0.02,0.02,0.02,427,406,403,338,381
2.54,1.77,1.77,0.03,0.03,0.03,427,406,403,338,381
2.68,1.73,1.73,0.04,0.04,0.04,427,406,403,338,381
2.36,1.79,1.79,0.03,0.03,0.03,427,406,403,338,381
2.52,1.77,1.77,0.04,0.04,0.04,427,406,403,338,381
2.48,1.69,1.69,0.03,0.03,0.03,427,406,403,338,381
END
2.65,1.73,1.73,0.03,0.03,0.03,427,405,403,338,381
2.62,1.64,1.64,0.04,0.04,0.04,427,405,403,338,381
2.52,1.54,1.54,0.04,0.04,0.04,427,405,403,338,381
2.45,1.65,1.65,0.03,0.03,0.03,427,405,403,338,381
2.36,1.61,1.61,0.03,0.03,0.03,427,405,403,338,381
2.70,1.69,1.69,0.00,0.00,0.00,427,405,403,338,381
2.65,1.60,1.60,0.00,0.00,0.00,427,405,403,338,381
2.57,1.66,1.66,0.03,0.03,0.03,427,405,403,338,381
2.46,1.72,1.72,0.03,0.03,0.03,427,405,403,338,381
2.46,1.64,1.64,0.04,0.04,0.04,427,405,403,337,381
2.51,1.79,1.79,0.02,0.02,0.02,427,405,403,338,381
2.49,1.64,1.64,0.03,0.03,0.03,427,405,403,338,381
2.48,1.69,1.69,0.02,0.02,0.02,426,405,403,338,381
2.58,1.60,1.60,0.02,0.02,0.02,426,405,403,338,381
2.63,1.97,1.97,0.01,0.01,0.01,426,405,403,338,381
2.49,1.87,1.87,0.02,0.02,0.02,427,405,403,338,381
2.49,1.65,1.65,0.03,0.03,0.03,427,405,403,338,381
2.66,1.67,1.67,0.02,0.02,0.02,427,405,403,338,381
2.63,1.73,1.73,0.03,0.03,0.03,427,405,403,338,381
2.51,1.90,1.90,0.05,0.05,0.05,427,405,403,338,381
2.53,1.77,1.77,0.05,0.05,0.05,427,405,403,338,381
2.28,1.77,1.77,0.03,0.03,0.03,426,405,403,338,381
2.51,1.63,1.63,0.01,0.01,0.01,427,405,403,338,381
2.30,1.94,1.94,0.04,0.04,0.04,427,405,403,338,381
2.48,1.59,1.59,0.09,0.09,0.09,427,405,403,338,381
2.90,1.55,1.55,0.05,0.05,0.05,427,405,403,338,381
2.89,1.68,1.68,-0.00,-0.00,-0.00,427,405,403,338,381
2.73,1.94,1.94,-0.00,-0.00,-0.00,427,405,403,338,381
2.43,1.94,1.94,0.01,0.01,0.01,427,405,403,338,381
2.48,1.51,1.51,0.03,0.03,0.03,427,405,403,338,381
2.70,1.62,1.62,0.04,0.04,0.04,427,405,403,338,381
2.67,1.83,1.83,0.03,0.03,0.03,427,405,403,338,381
2.34,1.62,1.62,0.06,0.06,0.06,427,405,403,338,381
2.32,1.67,1.67,0.03,0.03,0.03,427,405,403,338,381
2.46,1.76,1.76,0.02,0.02,0.02,427,405,403,339,381
2.61,1.84,1.84,0.03,0.03,0.03,426,405,404,338,381
2.74,1.76,1.76,0.03,0.03,0.03,427,405,403,338,380
2.72,1.77,1.77,0.03,0.03,0.03,427,405,403,338,381
2.65,1.69,1.69,0.00,0.00,0.00,427,405,403,338,381
2.59,1.74,1.74,-0.01,-0.01,-0.01,427,405,403,338,381
2.85,1.69,1.69,-0.00,-0.00,-0.00,427,405,403,338,381
END
2.77,1.96,1.96,-0.00,-0.00,-0.00,426,405,403,338,381
2.96,1.49,1.49,0.03,0.03,0.03,426,405,403,338,381
2.79,1.54,1.54,0.02,0.02,0.02,426,405,403,338,381
2.90,1.80,1.80,0.02,0.02,0.02,426,405,402,338,381
2.98,1.64,1.64,0.04,0.04,0.04,426,404,403,338,381
2.94,1.40,1.40,0.04,0.04,0.04,427,405,403,338,381
3.05,1.65,1.65,0.03,0.03,0.03,426,405,403,338,381
2.96,1.60,1.60,0.04,0.04,0.04,426,405,403,338,381
2.91,1.60,1.60,0.04,0.04,0.04,426,405,403,338,381
3.07,1.63,1.63,0.02,0.02,0.02,426,405,403,338,381
3.02,1.41,1.41,0.04,0.04,0.04,426,404,403,338,381
3.01,1.66,1.66,0.03,0.03,0.03,426,405,403,338,381
3.07,1.64,1.64,0.03,0.03,0.03,426,404,402,338,381
3.21,1.81,1.81,0.03,0.03,0.03,426,405,403,338,381
2.99,1.52,1.52,0.05,0.05,0.05,426,404,403,338,381
2.73,1.43,1.43,0.02,0.02,0.02,426,405,402,338,381
2.91,1.62,1.62,0.02,0.02,0.02,426,405,403,338,381
3.09,1.70,1.70,0.03,0.03,0.03,426,405,403,338,381
2.76,1.56,1.56,0.02,0.02,0.02,426,405,403,338,381
2.84,1.47,1.47,0.05,0.05,0.05,426,405,403,338,381
3.07,1.85,1.85,0.03,0.03,0.03,426,405,403,338,381
3.12,1.92,1.92,0.05,0.05,0.05,426,405,403,338,381
2.62,1.43,1.43,0.05,0.05,0.05,426,405,402,338,381
2.53,1.23,1.23,0.02,0.02,0.02,426,404,402,338,381
2.99,1.46,1.46,0.01,0.01,0.01,426,405,403,338,381
2.84,1.63,1.63,0.03,0.03,0.03,426,404,402,338,381
2.71,1.72,1.72,0.04,0.04,0.04,426,405,402,338,381
2.45,1.49,1.49,0.04,0.04,0.04,426,404,403,338,381
2.94,1.73,1.73,0.03,0.03,0.03,426,405,403,338,381
2.92,1.75,1.75,0.04,0.04,0.04,426,404,403,338,381
2.94,1.59,1.59,0.03,0.03,0.03,426,405,403,338,381
2.85,1.60,1.60,0.02,0.02,0.02,426,405,403,338,381
2.73,1.59,1.59,0.00,0.00,0.00,426,405,403,338,381
2.81,1.62,1.62,-0.01,-0.01,-0.01,426,404,403,338,381
3.48,2.20,2.20,0.02,0.02,0.02,426,404,403,338,381
2.95,1.40,1.40,0.09,0.09,0.09,426,404,402,338,381
2.80,1.38,1.38,0.07,0.07,0.07,426,404,402,338,381
2.62,1.60,1.60,0.04,0.04,0.04,426,405,402,338,381
2.43,1.72,1.72,0.02,0.02,0.02,426,404,402,338,381
2.58,1.72,1.72,0.03,0.03,0.03,426,405,403,338,381
3.01,1.54,1.54,0.04,0.04,0.04,426,405,403,338,381
END