4.56,1.31,1.31,0.05,0.05,0.05,483,431,446,334,399
4.58,1.28,1.28,0.05,0.05,0.05,483,431,446,334,399
4.95,1.30,1.30,0.01,0.01,0.01,482,431,446,334,399
4.77,1.44,1.44,0.05,0.05,0.05,482,431,446,334,399
4.82,1.29,1.29,0.05,0.05,0.05,482,431,446,334,399
4.59,1.36,1.36,0.05,0.05,0.05,482,431,446,334,399
4.88,1.28,1.28,0.03,0.03,0.03,482,431,446,334,399
4.87,1.39,1.39,0.03,0.03,0.03,483,431,446,334,399
4.65,1.24,1.24,0.03,0.03,0.03,482,431,446,334,399
4.98,1.32,1.32,0.04,0.04,0.04,482,431,446,334,399
4.66,1.36,1.36,0.03,0.03,0.03,482,431,446,334,399
4.98,1.41,1.41,0.02,0.02,0.02,482,431,446,334,399
4.87,1.36,1.36,0.00,0.00,0.00,482,430,446,334,398
4.63,1.49,1.49,0.01,0.01,0.01,482,430,446,334,399
4.78,1.38,1.38,0.03,0.03,0.03,482,430,446,334,398
4.85,1.36,1.36,0.04,0.04,0.04,482,430,446,334,398
4.74,1.39,1.39,0.04,0.04,0.04,482,431,446,334,399
4.62,1.41,1.41,0.03,0.03,0.03,482,430,446,334,398
4.57,1.34,1.34,0.02,0.02,0.02,482,431,446,334,398
4.80,1.49,1.49,0.02,0.02,0.02,482,431,446,334,398
4.91,1.43,1.43,0.03,0.03,0.03,482,431,446,334,398
4.74,1.26,1.26,0.05,0.05,0.05,482,431,446,334,398
4.81,1.46,1.46,0.05,0.05,0.05,482,431,446,334,398
4.53,1.34,1.34,0.03,0.03,0.03,482,431,446,334,398
4.74,1.39,1.39,0.02,0.02,0.02,482,431,446,334,398
4.67,1.49,1.49,0.03,0.03,0.03,482,430,446,334,398
4.69,1.42,1.42,0.05,0.05,0.05,482,430,446,334,398
4.77,1.26,1.26,0.05,0.05,0.05,482,430,446,334,398
4.95,1.26,1.26,0.03,0.03,0.03,482,430,446,334,398
4.69,1.42,1.42,0.02,0.02,0.02,482,431,446,334,398
4.39,1.30,1.30,0.03,0.03,0.03,482,431,446,334,398
4.69,1.34,1.34,0.03,0.03,0.03,482,431,446,334,398
4.82,1.38,1.38,0.03,0.03,0.03,482,430,446,334,398
4.80,1.41,1.41,0.02,0.02,0.02,482,431,446,334,398
4.72,1.34,1.34,0.01,0.01,0.01,482,430,446,334,398
4.72,1.56,1.56,0.02,0.02,0.02,482,430,446,334,398
4.65,1.34,1.34,0.03,0.03,0.03,482,430,446,334,398
4.68,1.43,1.43,0.03,0.03,0.03,482,430,446,334,398
4.59,1.26,1.26,0.01,0.01,0.01,482,430,446,334,398
4.85,1.62,1.62,0.02,0.02,0.02,481,430,446,334,398
4.78,1.69,1.69,0.01,0.01,0.01,482,430,446,334,398
END
4.74,1.59,1.59,0.01,0.01,0.01,481,430,446,334,397
4.77,1.49,1.49,0.03,0.03,0.03,481,430,446,334,397
4.71,1.51,1.51,0.03,0.03,0.03,481,430,446,334,397
4.59,1.59,1.59,0.03,0.03,0.03,481,430,446,334,397
4.62,1.47,1.47,0.02,0.02,0.02,481,430,446,334,397
4.63,1.45,1.45,0.03,0.03,0.03,481,430,446,334,397
4.69,1.62,1.62,0.03,0.03,0.03,481,430,446,334,397
4.72,1.36,1.36,0.05,0.05,0.05,481,430,446,334,397
4.47,1.56,1.56,0.03,0.03,0.03,481,430,446,334,397
4.60,1.55,1.55,0.03,0.03,0.03,481,430,446,334,397
4.53,1.49,1.49,0.04,0.04,0.04,481,430,446,334,397
4.72,1.46,1.46,0.01,0.01,0.01,481,430,446,334,397
4.67,1.53,1.53,0.01,0.01,0.01,481,430,446,334,397
4.47,1.59,1.59,0.01,0.01,0.01,481,430,446,334,397
4.57,1.60,1.60,0.02,0.02,0.02,481,430,446,334,397
4.59,1.59,1.59,0.03,0.03,0.03,481,430,446,334,397
4.64,1.81,1.81,0.02,0.02,0.02,481,430,446,334,397
4.41,1.59,1.59,0.04,0.04,0.04,481,430,446,334,396
4.73,1.64,1.64,0.04,0.04,0.04,481,430,446,334,397
4.52,1.36,1.36,0.04,0.04,0.04,481,430,446,334,397
4.66,1.54,1.54,0.03,0.03,0.03,481,430,446,334,397
4.44,1.52,1.52,0.05,0.05,0.05,481,430,446,334,397
4.60,1.47,1.47,0.04,0.04,0.04,481,430,446,334,397
4.66,1.62,1.62,0.02,0.02,0.02,481,430,446,334,397
4.54,1.55,1.55,0.03,0.03,0.03,481,430,446,334,397
4.80,1.51,1.51,0.04,0.04,0.04,481,430,446,334,397
4.79,1.53,1.53,0.03,0.03,0.03,481,430,446,334,396
4.46,1.47,1.47,0.04,0.04,0.04,480,430,446,334,396
4.67,1.52,1.52,0.02,0.02,0.02,481,430,446,334,396
4.75,1.54,1.54,0.01,0.01,0.01,481,430,446,334,396
4.66,1.58,1.58,0.05,0.05,0.05,481,430,446,333,396
4.53,1.47,1.47,0.03,0.03,0.03,481,430,446,334,396
4.34,1.54,1.54,0.03,0.03,0.03,481,430,446,334,396
4.52,1.51,1.51,0.04,0.04,0.04,481,430,446,334,396
4.58,1.54,1.54,0.04,0.04,0.04,481,430,446,334,396
4.36,1.49,1.49,0.03,0.03,0.03,481,430,446,334,396
4.62,1.62,1.62,0.04,0.04,0.04,481,430,446,334,396
4.64,1.52,1.52,0.04,0.04,0.04,481,430,446,334,396
4.49,1.62,1.62,0.04,0.04,0.04,481,430,445,334,396
4.72,1.56,1.56,0.03,0.03,0.03,481,430,446,334,396
4.66,1.64,1.64,0.03,0.03,0.03,480,430,445,334,396
END
4.54,1.51,1.51,0.03,0.03,0.03,480,429,445,334,395
4.59,1.33,1.33,0.03,0.03,0.03,480,429,445,334,395
4.55,1.41,1.41,0.02,0.02,0.02,480,429,445,334,396
4.57,1.36,1.36,0.03,0.03,0.03,480,429,445,334,396
4.72,1.32,1.32,0.04,0.04,0.04,480,429,445,334,396
4.61,1.37,1.37,0.03,0.03,0.03,480,429,445,334,396
4.50,1.33,1.33,0.03,0.03,0.03,480,429,445,334,395
4.46,1.42,1.42,0.03,0.03,0.03,480,429,445,334,395
4.67,1.44,1.44,0.03,0.03,0.03,480,429,445,334,395
4.54,1.49,1.49,0.02,0.02,0.02,480,429,445,334,395
4.77,1.57,1.57,0.05,0.05,0.05,480,429,445,334,395
4.59,1.32,1.32,0.04,0.04,0.04,480,429,445,334,395
4.57,1.41,1.41,0.05,0.05,0.05,480,429,445,334,395
4.54,1.41,1.41,0.04,0.04,0.04,480,429,445,334,395
4.67,1.50,1.50,0.03,0.03,0.03,480,429,445,334,395
4.68,1.38,1.38,0.03,0.03,0.03,480,429,445,334,395
4.52,1.44,1.44,0.02,0.02,0.02,480,429,445,334,395
4.46,1.43,1.43,0.02,0.02,0.02,480,429,445,334,395
4.66,1.64,1.64,0.02,0.02,0.02,480,429,445,334,395
4.48,1.39,1.39,0.03,0.03,0.03,480,429,445,334,395
4.66,1.48,1.48,0.03,0.03,0.03,480,429,445,334,395
4.74,1.59,1.59,0.03,0.03,0.03,480,429,445,334,395
4.80,1.56,1.56,0.04,0.04,0.04,480,429,445,334,395
4.53,1.49,1.49,0.04,0.04,0.04,480,429,445,334,395
4.58,1.49,1.49,0.02,0.02,0.02,480,429,445,334,395
4.67,1.59,1.59,0.03,0.03,0.03,480,429,445,334,395
4.80,1.62,1.62,0.04,0.04,0.04,480,429,445,334,395
4.52,1.54,1.54,0.04,0.04,0.04,480,429,445,334,395
4.55,1.46,1.46,0.06,0.06,0.06,480,429,445,334,395
4.50,1.46,1.46,0.06,0.06,0.06,480,429,445,334,395
4.55,1.37,1.37,0.02,0.02,0.02,480,429,445,335,395
4.53,1.53,1.53,0.03,0.03,0.03,480,429,445,334,395
4.70,1.59,1.59,0.03,0.03,0.03,480,429,445,334,395
4.48,1.46,1.46,0.03,0.03,0.03,480,429,445,334,395
4.46,1.48,1.48,0.03,0.03,0.03,480,429,445,334,395
4.48,1.48,1.48,0.02,0.02,0.02,480,429,445,334,395
4.63,1.40,1.40,0.02,0.02,0.02,480,429,445,334,395
4.52,1.51,1.51,0.03,0.03,0.03,480,429,445,334,395
4.44,1.46,1.46,0.01,0.01,0.01,480,429,445,334,395
4.61,1.46,1.46,0.03,0.03,0.03,480,429,445,332,395
4.52,1.47,1.47,0.04,0.04,0.04,480,429,445,334,395
END
4.61,1.59,1.59,0.03,0.03,0.03,479,429,445,334,394
4.65,1.56,1.56,0.03,0.03,0.03,479,429,445,334,394
4.63,1.56,1.56,0.03,0.03,0.03,479,429,445,334,395
4.77,1.42,1.42,0.03,0.03,0.03,479,429,445,334,395
4.54,1.49,1.49,0.02,0.02,0.02,479,429,445,334,395
4.64,1.54,1.54,0.03,0.03,0.03,479,429,445,334,395
4.52,1.39,1.39,0.03,0.03,0.03,479,429,445,334,394
4.52,1.57,1.57,0.03,0.03,0.03,479,429,445,334,394
4.52,1.41,1.41,0.03,0.03,0.03,479,429,445,334,394
4.59,1.56,1.56,0.03,0.03,0.03,479,429,445,334,394
4.75,1.59,1.59,0.03,0.03,0.03,479,429,445,334,394
4.47,1.48,1.48,0.03,0.03,0.03,479,429,445,334,394
4.46,1.50,1.50,0.02,0.02,0.02,479,429,445,333,394
4.44,1.59,1.59,0.04,0.04,0.04,479,429,445,334,394
4.49,1.34,1.34,0.01,0.01,0.01,479,429,445,334,394
4.37,1.68,1.68,0.01,0.01,0.01,479,429,445,334,394
4.46,1.62,1.62,0.03,0.03,0.03,479,429,445,334,394
4.38,1.46,1.46,0.04,0.04,0.04,479,429,445,334,394
4.60,1.56,1.56,0.04,0.04,0.04,479,428,445,334,394
4.57,1.62,1.62,0.05,0.05,0.05,479,428,445,334,394
4.27,1.45,1.45,0.03,0.03,0.03,479,428,445,334,394
4.34,1.53,1.53,0.03,0.03,0.03,479,428,445,334,394
4.36,1.57,1.57,0.03,0.03,0.03,479,429,445,334,394
4.56,1.61,1.61,0.04,0.04,0.04,479,428,445,334,394
4.47,1.59,1.59,0.03,0.03,0.03,479,429,445,334,394
4.31,1.44,1.44,0.03,0.03,0.03,479,429,445,334,394
4.56,1.54,1.54,0.03,0.03,0.03,479,429,445,334,394
4.44,1.56,1.56,0.02,0.02,0.02,479,429,445,334,394
4.47,1.61,1.61,0.03,0.03,0.03,479,428,445,334,394
4.56,1.56,1.56,0.03,0.03,0.03,478,428,445,334,394
4.47,1.41,1.41,0.04,0.04,0.04,478,428,445,334,394
4.59,1.69,1.69,0.04,0.04,0.04,478,428,445,334,394
4.24,1.48,1.48,0.04,0.04,0.04,479,428,445,334,394
4.28,1.53,1.53,0.03,0.03,0.03,478,428,445,334,394
4.34,1.47,1.47,0.03,0.03,0.03,479,428,445,334,394
4.56,1.63,1.63,0.04,0.04,0.04,479,429,445,334,394
4.26,1.46,1.46,0.04,0.04,0.04,479,428,445,334,394
4.53,1.59,1.59,0.02,0.02,0.02,479,428,445,334,394
4.41,1.55,1.55,0.02,0.02,0.02,479,428,445,334,394
4.39,1.67,1.67,0.02,0.02,0.02,479,429,445,334,394
4.41,1.58,1.58,0.01,0.01,0.01,478,428,445,334,394
END
4.34,1.69,1.69,0.02,0.02,0.02,478,428,444,334,394
4.44,1.66,1.66,0.05,0.05,0.05,478,428,444,334,394
4.40,1.49,1.49,0.04,0.04,0.04,478,428,444,334,393
4.54,1.68,1.68,0.03,0.03,0.03,478,428,444,334,394
4.58,1.58,1.58,0.04,0.04,0.04,478,428,445,334,394
4.34,1.56,1.56,0.03,0.03,0.03,478,428,444,334,394
4.41,1.64,1.64,0.03,0.03,0.03,478,428,444,334,394
4.45,1.56,1.56,0.03,0.03,0.03,478,428,444,334,394
4.41,1.60,1.60,0.03,0.03,0.03,478,428,444,334,394
4.39,1.46,1.46,0.03,0.03,0.03,478,428,444,333,393
4.38,1.58,1.58,0.03,0.03,0.03,478,428,444,334,393
4.41,1.51,1.51,0.04,0.04,0.04,478,428,444,334,393
4.44,1.59,1.59,0.02,0.02,0.02,478,428,444,334,393
4.41,1.69,1.69,0.03,0.03,0.03,478,428,444,334,394
4.37,1.46,1.46,0.03,0.03,0.03,478,428,444,334,394
4.41,1.67,1.67,0.03,0.03,0.03,478,428,444,333,394
4.51,1.57,1.57,0.04,0.04,0.04,478,428,444,334,394
4.31,1.56,1.56,0.04,0.04,0.04,478,428,444,334,394
4.26,1.63,1.63,0.05,0.05,0.05,478,428,444,334,394
4.38,1.68,1.68,0.03,0.03,0.03,478,428,444,334,393
4.47,1.64,1.64,0.03,0.03,0.03,478,428,444,334,393
4.59,1.63,1.63,0.03,0.03,0.03,478,428,444,334,393
4.57,1.62,1.62,0.02,0.02,0.02,478,428,444,334,393
4.30,1.58,1.58,0.01,0.01,0.01,478,428,444,334,394
4.41,1.84,1.84,0.02,0.02,0.02,478,428,444,334,393
4.47,1.61,1.61,0.03,0.03,0.03,478,428,444,333,393
4.41,1.54,1.54,0.03,0.03,0.03,478,428,444,334,394
4.37,1.77,1.77,0.03,0.03,0.03,478,428,444,334,393
4.39,1.56,1.56,0.03,0.03,0.03,478,428,444,334,393
4.53,1.62,1.62,0.04,0.04,0.04,478,428,444,334,393
4.45,1.58,1.58,0.03,0.03,0.03,478,428,444,334,393
4.39,1.69,1.69,0.03,0.03,0.03,478,428,444,333,393
4.41,1.61,1.61,0.04,0.04,0.04,477,428,444,333,393
4.52,1.72,1.72,0.03,0.03,0.03,478,428,444,334,393
4.05,1.52,1.52,0.03,0.03,0.03,478,428,444,334,393
4.51,1.70,1.70,0.03,0.03,0.03,478,428,444,334,393
4.45,1.66,1.66,0.03,0.03,0.03,478,428,444,334,392
4.48,1.69,1.69,0.03,0.03,0.03,478,428,444,334,392
4.39,1.64,1.64,0.03,0.03,0.03,478,428,444,334,392
4.34,1.57,1.57,0.03,0.03,0.03,478,428,444,334,392
4.44,1.69,1.69,0.03,0.03,0.03,478,428,444,334,392
END
4.47,1.56,1.56,0.03,0.03,0.03,477,428,444,334,391
4.26,1.67,1.67,0.04,0.04,0.04,477,427,443,334,391
4.35,1.60,1.60,0.03,0.03,0.03,477,427,443,334,391
4.44,1.63,1.63,0.03,0.03,0.03,477,427,443,334,391
4.31,1.69,1.69,0.03,0.03,0.03,477,428,443,334,391
4.25,1.67,1.67,0.03,0.03,0.03,477,427,443,334,391
4.35,1.58,1.58,0.03,0.03,0.03,477,428,443,334,391
4.31,1.58,1.58,0.03,0.03,0.03,477,427,444,334,391
4.35,1.69,1.69,0.02,0.02,0.02,477,428,444,334,391
4.31,1.65,1.65,0.04,0.04,0.04,477,428,444,334,391
4.43,1.60,1.60,0.04,0.04,0.04,477,427,444,334,391
4.31,1.68,1.68,0.04,0.04,0.04,477,427,443,334,391
4.10,1.54,1.54,0.03,0.03,0.03,477,427,443,334,391
4.28,1.51,1.51,0.03,0.03,0.03,477,427,443,334,391
4.52,1.82,1.82,0.03,0.03,0.03,477,427,443,334,391
4.26,1.44,1.44,0.03,0.03,0.03,477,427,443,334,391
4.44,1.59,1.59,0.02,0.02,0.02,477,427,444,334,391
4.39,1.82,1.82,0.03,0.03,0.03,477,428,444,334,391
4.31,1.69,1.69,0.06,0.06,0.06,477,428,444,334,391
4.31,1.58,1.58,0.06,0.06,0.06,477,428,444,334,391
4.57,1.44,1.44,0.04,0.04,0.04,477,428,444,334,391
4.34,1.49,1.49,0.04,0.04,0.04,477,428,444,334,391
4.27,1.58,1.58,0.04,0.04,0.04,477,427,443,334,391
4.36,1.58,1.58,0.04,0.04,0.04,477,427,443,334,391
4.42,1.58,1.58,0.03,0.03,0.03,477,427,443,334,391
4.31,1.60,1.60,0.03,0.03,0.03,477,427,443,334,391
4.29,1.58,1.58,0.04,0.04,0.04,477,427,443,334,391
4.50,1.59,1.59,0.03,0.03,0.03,477,427,443,334,391
4.34,1.64,1.64,0.02,0.02,0.02,477,428,444,334,391
4.40,1.57,1.57,0.04,0.04,0.04,477,427,444,334,391
4.55,1.67,1.67,0.03,0.03,0.03,477,427,444,334,391
4.43,1.56,1.56,0.02,0.02,0.02,477,427,444,334,391
4.40,1.53,1.53,0.03,0.03,0.03,477,427,444,334,391
4.33,1.51,1.51,0.04,0.04,0.04,477,427,443,334,391
4.28,1.55,1.55,0.02,0.02,0.02,477,427,443,334,391
4.19,1.62,1.62,0.02,0.02,0.02,477,427,443,334,391
4.34,1.69,1.69,0.03,0.03,0.03,477,427,443,334,391
4.26,1.51,1.51,0.03,0.03,0.03,477,427,443,334,391
4.47,1.62,1.62,0.03,0.03,0.03,477,427,443,334,391
4.54,1.59,1.59,0.03,0.03,0.03,477,427,443,334,391
4.24,1.62,1.62,0.04,0.04,0.04,477,427,443,334,391
END
4.33,1.54,1.54,0.03,0.03,0.03,477,427,443,334,391
4.36,1.58,1.58,0.03,0.03,0.03,477,427,443,334,391
4.52,1.74,1.74,0.03,0.03,0.03,477,427,443,334,391
4.39,1.54,1.54,0.03,0.03,0.03,477,427,443,334,391
4.29,1.69,1.69,0.03,0.03,0.03,477,427,443,333,391
4.26,1.57,1.57,0.04,0.04,0.04,477,427,443,334,391
4.27,1.59,1.59,0.04,0.04,0.04,477,427,443,334,391
4.34,1.46,1.46,0.04,0.04,0.04,477,427,443,334,391
4.42,1.59,1.59,0.03,0.03,0.03,477,427,443,334,391
4.46,1.56,1.56,0.03,0.03,0.03,477,427,443,334,391
4.39,1.62,1.62,0.03,0.03,0.03,477,427,443,334,391
4.20,1.51,1.51,0.02,0.02,0.02,477,427,443,334,391
4.32,1.62,1.62,0.02,0.02,0.02,477,427,443,334,391
4.25,1.59,1.59,0.04,0.04,0.04,477,427,443,334,391
4.47,1.56,1.56,0.04,0.04,0.04,477,427,443,334,391
4.56,1.74,1.74,0.04,0.04,0.04,477,427,443,334,391
4.31,1.44,1.44,0.04,0.04,0.04,477,427,443,334,391
4.38,1.63,1.63,0.03,0.03,0.03,477,427,443,334,391
4.46,1.61,1.61,0.03,0.03,0.03,477,427,443,334,391
4.36,1.63,1.63,0.02,0.02,0.02,477,427,443,334,391
4.53,1.54,1.54,0.02,0.02,0.02,477,427,443,334,391
4.44,1.72,1.72,0.02,0.02,0.02,477,427,443,334,391
4.47,1.62,1.62,0.03,0.03,0.03,476,427,443,334,391
4.13,1.51,1.51,0.03,0.03,0.03,477,427,443,334,391
4.36,1.62,1.62,0.03,0.03,0.03,476,427,443,334,391
4.54,1.74,1.74,0.04,0.04,0.04,476,427,443,334,391
4.62,1.44,1.44,0.02,0.02,0.02,476,427,443,334,391
4.19,1.65,1.65,0.03,0.03,0.03,476,427,443,334,391
4.34,1.64,1.64,0.04,0.04,0.04,476,427,443,334,391
4.30,1.58,1.58,0.04,0.04,0.04,477,427,443,334,391
4.39,1.58,1.58,0.01,0.01,0.01,477,427,443,334,391
4.26,1.62,1.62,0.01,0.01,0.01,477,427,443,334,391
4.42,1.69,1.69,0.02,0.02,0.02,477,427,443,334,391
4.01,1.62,1.62,0.01,0.01,0.01,476,427,443,334,391
4.24,1.84,1.84,0.02,0.02,0.02,477,427,443,334,391
4.36,1.73,1.73,0.04,0.04,0.04,476,427,443,334,391
4.38,1.64,1.64,0.04,0.04,0.04,476,427,443,334,391
4.22,1.58,1.58,0.03,0.03,0.03,476,427,443,334,391
4.21,1.72,1.72,0.02,0.02,0.02,476,427,443,334,391
4.34,1.67,1.67,0.04,0.04,0.04,476,427,443,334,390
4.15,1.59,1.59,0.04,0.04,0.04,476,427,443,333,391
END
4.15,1.62,1.62,0.04,0.04,0.04,476,427,443,334,391
4.41,1.69,1.69,0.04,0.04,0.04,476,427,443,334,391
4.42,1.60,1.60,0.03,0.03,0.03,476,427,443,333,390
4.22,1.74,1.74,0.03,0.03,0.03,476,427,443,334,391
4.19,1.67,1.67,0.04,0.04,0.04,476,427,443,334,391
4.44,1.65,1.65,0.04,0.04,0.04,476,426,442,334,391
4.44,1.70,1.70,0.04,0.04,0.04,476,427,442,334,390
4.39,1.69,1.69,0.04,0.04,0.04,476,426,442,334,390
4.21,1.74,1.74,0.04,0.04,0.04,476,426,443,334,391
4.29,1.71,1.71,0.04,0.04,0.04,476,427,443,334,390
4.36,1.78,1.78,0.04,0.04,0.04,476,427,443,334,391
4.45,1.66,1.66,0.05,0.05,0.05,476,427,443,334,391
4.43,1.63,1.63,0.04,0.04,0.04,476,427,443,334,390
4.22,1.63,1.63,0.03,0.03,0.03,476,427,443,334,390
4.27,1.58,1.58,0.03,0.03,0.03,476,427,443,334,390
4.31,1.71,1.71,0.02,0.02,0.02,476,427,442,334,390
4.33,1.67,1.67,0.04,0.04,0.04,476,427,442,334,390
4.27,1.64,1.64,0.04,0.04,0.04,476,426,442,334,391
4.23,1.59,1.59,0.03,0.03,0.03,476,426,442,334,390
4.27,1.74,1.74,0.05,0.05,0.05,476,426,442,333,390
4.31,1.59,1.59,0.05,0.05,0.05,476,427,442,333,390
4.25,1.63,1.63,0.04,0.04,0.04,476,427,443,334,391
4.35,1.72,1.72,0.03,0.03,0.03,476,427,443,334,390
4.31,1.67,1.67,0.03,0.03,0.03,476,427,443,334,390
4.22,1.64,1.64,0.03,0.03,0.03,476,427,442,334,390
4.24,1.67,1.67,0.02,0.02,0.02,476,427,442,334,390
4.43,1.66,1.66,0.04,0.04,0.04,476,427,442,334,390
4.44,1.56,1.56,0.02,0.02,0.02,476,426,442,334,390
4.36,1.74,1.74,0.03,0.03,0.03,476,427,442,334,390
4.27,1.76,1.76,0.03,0.03,0.03,476,426,442,334,390
4.16,1.73,1.73,0.05,0.05,0.05,476,426,442,334,390
4.31,1.51,1.51,0.03,0.03,0.03,476,427,442,334,391
4.26,1.79,1.79,0.03,0.03,0.03,476,427,443,334,390
4.19,1.56,1.56,0.03,0.03,0.03,476,427,443,334,390
4.16,1.67,1.67,0.04,0.04,0.04,476,427,443,334,390
4.21,1.55,1.55,0.02,0.02,0.02,476,427,443,334,390
4.13,1.67,1.67,0.04,0.04,0.04,476,427,443,334,390
4.33,1.73,1.73,0.03,0.03,0.03,476,427,442,334,390
4.19,1.65,1.65,0.03,0.03,0.03,476,427,443,334,390
4.15,1.75,1.75,0.04,0.04,0.04,476,426,442,334,390
4.22,1.63,1.63,0.04,0.04,0.04,476,427,442,334,390
END
4.13,1.67,1.67,0.04,0.04,0.04,476,427,442,334,390
4.16,1.66,1.66,0.04,0.04,0.04,476,427,442,334,390
4.12,1.69,1.69,0.05,0.05,0.05,476,427,442,334,390
4.29,1.60,1.60,0.05,0.05,0.05,476,426,442,334,390
4.29,1.69,1.69,0.05,0.05,0.05,476,427,442,334,390
4.33,1.65,1.65,0.04,0.04,0.04,476,426,442,334,390
4.26,1.67,1.67,0.04,0.04,0.04,476,426,442,334,390
4.40,1.67,1.67,0.04,0.04,0.04,475,426,442,334,390
4.22,1.59,1.59,0.03,0.03,0.03,475,426,442,334,390
4.31,1.64,1.64,0.03,0.03,0.03,476,426,442,334,390
4.34,1.42,1.42,0.03,0.03,0.03,475,427,442,334,390
4.47,1.59,1.59,0.02,0.02,0.02,476,426,442,334,390
4.28,1.54,1.54,0.03,0.03,0.03,476,426,442,334,390
4.18,1.56,1.56,0.04,0.04,0.04,476,427,442,334,390
4.36,1.55,1.55,0.04,0.04,0.04,476,427,442,334,390
4.44,1.57,1.57,0.04,0.04,0.04,476,426,442,334,390
4.32,1.57,1.57,0.04,0.04,0.04,476,426,442,334,390
4.16,1.58,1.58,0.04,0.04,0.04,475,426,442,334,390
4.27,1.54,1.54,0.04,0.04,0.04,475,426,442,334,390
4.29,1.51,1.51,0.03,0.03,0.03,475,426,442,334,390
4.29,1.60,1.60,0.04,0.04,0.04,475,426,442,334,390
4.21,1.47,1.47,0.03,0.03,0.03,475,426,442,334,390
4.36,1.64,1.64,0.03,0.03,0.03,476,426,442,334,390
4.33,1.58,1.58,0.04,0.04,0.04,476,427,442,334,390
4.30,1.44,1.44,0.03,0.03,0.03,476,426,442,334,390
4.38,1.64,1.64,0.02,0.02,0.02,476,426,442,334,390
4.42,1.54,1.54,0.04,0.04,0.04,476,426,442,334,390
4.39,1.59,1.59,0.03,0.03,0.03,476,426,442,334,390
4.21,1.45,1.45,0.03,0.03,0.03,475,426,442,333,390
4.29,1.70,1.70,0.03,0.03,0.03,475,426,442,334,389
4.29,1.40,1.40,0.04,0.04,0.04,475,426,442,334,389
4.41,1.56,1.56,0.04,0.04,0.04,475,426,442,334,390
4.20,1.46,1.46,0.05,0.05,0.05,475,426,442,334,390
4.40,1.53,1.53,0.04,0.04,0.04,476,426,441,334,390
4.43,1.46,1.46,0.04,0.04,0.04,476,426,441,334,390
4.28,1.43,1.43,0.03,0.03,0.03,475,426,441,334,390
4.44,1.62,1.62,0.05,0.05,0.05,476,426,441,334,390
4.29,1.47,1.47,0.04,0.04,0.04,475,426,441,334,390
4.23,1.48,1.48,0.05,0.05,0.05,476,426,441,334,390
4.29,1.53,1.53,0.03,0.03,0.03,475,426,441,334,390
4.36,1.64,1.64,0.05,0.05,0.05,476,426,441,334,390
END
4.43,1.37,1.37,0.02,0.02,0.02,475,425,441,334,390
4.34,1.41,1.41,0.03,0.03,0.03,475,425,441,334,390
4.41,1.35,1.35,0.03,0.03,0.03,475,425,441,334,390
4.21,1.40,1.40,0.02,0.02,0.02,475,425,441,334,390
4.35,1.44,1.44,0.04,0.04,0.04,475,426,441,334,390
4.49,1.44,1.44,0.04,0.04,0.04,475,425,441,334,390
4.46,1.33,1.33,0.03,0.03,0.03,475,425,441,334,390
4.45,1.38,1.38,0.03,0.03,0.03,475,426,441,334,390
4.44,1.41,1.41,0.04,0.04,0.04,475,425,441,334,390
4.49,1.42,1.42,0.03,0.03,0.03,475,426,441,334,390
3.70,1.37,1.37,0.04,0.04,0.04,475,425,441,334,390
4.43,1.38,1.38,0.00,0.00,0.00,475,425,441,334,390
4.26,1.62,1.62,0.03,0.03,0.03,475,425,441,334,390
4.36,1.26,1.26,0.03,0.03,0.03,475,426,441,334,390
4.37,1.52,1.52,0.03,0.03,0.03,475,426,441,334,390
4.20,1.41,1.41,0.04,0.04,0.04,475,425,441,334,390
4.39,1.56,1.56,0.02,0.02,0.02,475,426,441,334,390
4.30,1.39,1.39,0.02,0.02,0.02,475,426,441,334,390
4.30,1.48,1.48,0.02,0.02,0.02,475,425,441,334,390
4.25,1.59,1.59,0.04,0.04,0.04,475,425,441,334,390
4.22,1.44,1.44,0.03,0.03,0.03,475,425,441,334,390
4.23,1.51,1.51,0.02,0.02,0.02,475,425,441,334,390
4.29,1.54,1.54,0.03,0.03,0.03,475,425,441,334,390
4.15,1.54,1.54,0.03,0.03,0.03,475,426,441,334,389
4.16,1.54,1.54,0.03,0.03,0.03,475,425,441,334,390
4.17,1.55,1.55,0.03,0.03,0.03,475,425,441,334,390
4.23,1.48,1.48,0.03,0.03,0.03,475,425,441,334,390
4.31,1.48,1.48,0.02,0.02,0.02,475,426,441,334,390
4.19,1.64,1.64,0.03,0.03,0.03,475,425,441,334,390
4.24,1.54,1.54,0.03,0.03,0.03,475,425,441,334,390
4.31,1.49,1.49,0.03,0.03,0.03,474,425,441,334,390
4.34,1.59,1.59,0.02,0.02,0.02,474,425,441,334,390
4.31,1.59,1.59,0.02,0.02,0.02,474,425,441,334,389
4.19,1.65,1.65,0.02,0.02,0.02,474,425,441,334,389
4.36,1.68,1.68,0.03,0.03,0.03,475,425,441,333,389
4.26,1.61,1.61,0.03,0.03,0.03,474,425,441,334,390
4.16,1.68,1.68,0.03,0.03,0.03,475,425,441,334,390
4.09,1.59,1.59,0.03,0.03,0.03,475,425,441,334,390
4.32,1.55,1.55,0.03,0.03,0.03,475,425,441,334,390
4.30,1.55,1.55,0.03,0.03,0.03,475,426,441,334,390
4.26,1.56,1.56,0.04,0.04,0.04,475,426,441,334,390
END
4.10,1.55,1.55,0.03,0.03,0.03,474,425,440,334,389
4.34,1.45,1.45,0.04,0.04,0.04,474,425,440,334,390
4.31,1.56,1.56,0.03,0.03,0.03,474,425,440,334,390
4.24,1.50,1.50,0.03,0.03,0.03,474,425,440,334,390
4.18,1.52,1.52,0.03,0.03,0.03,474,426,440,334,390
4.20,1.44,1.44,0.04,0.04,0.04,474,425,440,334,390
4.21,1.51,1.51,0.03,0.03,0.03,474,425,440,334,390
4.34,1.50,1.50,0.03,0.03,0.03,474,425,440,334,390
4.20,1.49,1.49,0.03,0.03,0.03,474,425,440,334,390
4.26,1.44,1.44,0.02,0.02,0.02,474,425,440,334,390
4.23,1.56,1.56,0.02,0.02,0.02,474,425,440,334,390
4.17,1.49,1.49,0.03,0.03,0.03,474,425,440,333,390
4.27,1.52,1.52,0.03,0.03,0.03,474,425,440,334,389
4.18,1.49,1.49,0.03,0.03,0.03,474,425,440,334,389
4.24,1.59,1.59,0.03,0.03,0.03,474,425,440,334,389
4.16,1.48,1.48,0.04,0.04,0.04,474,426,440,334,389
4.23,1.46,1.46,0.04,0.04,0.04,474,425,440,334,390
4.13,1.50,1.50,0.04,0.04,0.04,474,425,440,334,389
4.20,1.60,1.60,0.03,0.03,0.03,474,425,440,334,389
4.16,1.45,1.45,0.04,0.04,0.04,474,425,440,334,389
4.35,1.41,1.41,0.03,0.03,0.03,474,425,440,334,390
4.03,1.58,1.58,0.03,0.03,0.03,474,425,440,334,389
4.36,1.44,1.44,0.03,0.03,0.03,474,425,440,334,389
4.28,1.36,1.36,0.04,0.04,0.04,474,425,440,334,389
4.16,1.54,1.54,0.03,0.03,0.03,474,425,440,334,389
4.00,1.44,1.44,0.03,0.03,0.03,474,425,440,334,389
3.91,1.40,1.40,0.03,0.03,0.03,474,425,440,334,390
4.03,1.56,1.56,0.01,0.01,0.01,474,425,440,334,390
4.27,1.57,1.57,0.03,0.03,0.03,474,425,440,334,390
4.23,1.52,1.52,0.04,0.04,0.04,474,425,440,334,389
4.08,1.49,1.49,0.03,0.03,0.03,474,425,440,334,389
4.15,1.48,1.48,0.03,0.03,0.03,474,425,440,334,389
4.22,1.43,1.43,0.04,0.04,0.04,474,425,440,334,389
4.31,1.57,1.57,0.03,0.03,0.03,474,425,440,334,389
4.14,1.68,1.68,0.01,0.01,0.01,474,425,440,334,389
4.26,1.51,1.51,0.04,0.04,0.04,474,425,440,334,389
4.22,1.60,1.60,0.03,0.03,0.03,474,425,440,334,390
4.14,1.59,1.59,0.03,0.03,0.03,474,425,440,334,389
4.09,1.50,1.50,0.02,0.02,0.02,474,425,440,334,389
4.07,1.56,1.56,0.02,0.02,0.02,474,425,440,334,389
4.13,1.56,1.56,0.06,0.06,0.06,474,426,440,334,389
END
3.96,1.33,1.33,0.07,0.07,0.07,474,425,440,334,389
3.99,1.52,1.52,0.03,0.03,0.03,474,425,440,334,389
4.15,1.49,1.49,0.03,0.03,0.03,474,425,440,334,389
4.30,1.67,1.67,0.03,0.03,0.03,474,425,440,334,389
4.05,1.43,1.43,0.03,0.03,0.03,474,425,440,334,389
4.19,1.64,1.64,0.03,0.03,0.03,474,425,440,334,389
3.99,1.46,1.46,0.03,0.03,0.03,474,425,440,334,389
4.13,1.51,1.51,0.03,0.03,0.03,474,425,440,334,389
4.07,1.47,1.47,0.03,0.03,0.03,474,425,440,334,389
4.02,1.50,1.50,0.04,0.04,0.04,474,425,440,334,389
4.04,1.46,1.46,0.03,0.03,0.03,474,425,440,334,389
4.09,1.59,1.59,0.02,0.02,0.02,474,425,440,334,389
4.13,1.49,1.49,0.04,0.04,0.04,474,425,440,334,389
4.19,1.54,1.54,0.03,0.03,0.03,474,425,440,334,389
4.08,1.51,1.51,0.03,0.03,0.03,474,425,440,334,389
4.03,1.45,1.45,0.03,0.03,0.03,474,425,440,334,389
4.16,1.50,1.50,0.03,0.03,0.03,474,425,440,334,389
4.13,1.44,1.44,0.02,0.02,0.02,474,425,440,334,389
4.04,1.64,1.64,0.03,0.03,0.03,474,425,440,334,389
4.20,1.42,1.42,0.04,0.04,0.04,474,425,440,334,389
3.93,1.46,1.46,0.03,0.03,0.03,474,425,440,334,389
4.09,1.55,1.55,0.03,0.03,0.03,474,425,440,334,389
4.12,1.54,1.54,0.03,0.03,0.03,474,425,440,334,389
4.16,1.54,1.54,0.04,0.04,0.04,474,425,440,333,389
4.09,1.44,1.44,0.03,0.03,0.03,474,425,440,333,389
4.08,1.62,1.62,0.03,0.03,0.03,474,425,440,334,389
3.96,1.45,1.45,0.04,0.04,0.04,474,425,440,334,389
4.05,1.56,1.56,0.05,0.05,0.05,474,425,440,334,389
3.88,1.56,1.56,0.08,0.08,0.08,475,425,440,334,389
3.90,1.46,1.46,0.07,0.07,0.07,475,426,440,334,388
4.09,1.46,1.46,0.00,0.00,0.00,476,426,440,334,388
4.23,1.59,1.59,0.04,0.04,0.04,476,426,440,334,388
4.00,1.56,1.56,0.04,0.04,0.04,476,426,440,334,388
4.13,1.43,1.43,0.04,0.04,0.04,476,426,440,334,387
3.98,1.59,1.59,0.02,0.02,0.02,475,425,440,334,387
4.16,1.47,1.47,0.04,0.04,0.04,475,425,440,333,387
4.06,1.39,1.39,0.04,0.04,0.04,475,425,440,334,387
4.37,1.63,1.63,0.05,0.05,0.05,475,425,440,334,387
4.16,1.44,1.44,0.04,0.04,0.04,475,425,440,334,387
3.99,1.59,1.59,0.05,0.05,0.05,475,425,440,334,387
3.95,1.28,1.28,0.03,0.03,0.03,475,425,440,334,387
END
4.29,1.43,1.43,0.02,0.02,0.02,473,424,440,334,388
4.36,1.26,1.26,0.03,0.03,0.03,472,424,440,334,388
4.16,1.51,1.51,0.01,0.01,0.01,472,424,440,334,387
4.19,1.39,1.39,0.03,0.03,0.03,472,424,439,333,387
4.24,1.32,1.32,0.02,0.02,0.02,472,424,439,334,387
4.12,1.49,1.49,0.03,0.03,0.03,472,424,439,334,387
4.16,1.41,1.41,0.03,0.03,0.03,472,424,439,334,387
4.19,1.35,1.35,0.03,0.03,0.03,472,424,439,334,387
4.27,1.42,1.42,0.06,0.06,0.06,472,424,439,334,387
4.16,1.35,1.35,0.03,0.03,0.03,472,424,439,334,388
4.29,1.62,1.62,0.07,0.07,0.07,473,424,439,334,388
4.49,1.13,1.13,0.02,0.02,0.02,472,424,439,334,388
4.26,1.62,1.62,0.01,0.01,0.01,472,424,439,334,387
4.16,1.42,1.42,0.03,0.03,0.03,472,424,439,334,387
4.08,1.35,1.35,0.04,0.04,0.04,472,424,439,334,387
4.36,1.17,1.17,0.02,0.02,0.02,472,424,439,334,387
4.29,1.55,1.55,0.05,0.05,0.05,472,424,439,334,387
4.54,1.28,1.28,0.04,0.04,0.04,472,424,439,334,387
4.39,1.45,1.45,0.02,0.02,0.02,472,424,439,334,387
4.17,1.39,1.39,0.04,0.04,0.04,472,424,439,334,387
4.23,1.27,1.27,0.02,0.02,0.02,472,424,439,334,387
4.23,1.46,1.46,0.02,0.02,0.02,472,424,439,334,387
4.26,1.34,1.34,0.03,0.03,0.03,472,424,439,334,387
4.33,1.50,1.50,0.03,0.03,0.03,472,424,439,334,387
4.21,1.43,1.43,0.04,0.04,0.04,472,424,439,334,387
4.20,1.44,1.44,0.04,0.04,0.04,472,424,439,334,387
4.21,1.44,1.44,0.03,0.03,0.03,472,424,439,334,387
4.07,1.74,1.74,0.11,0.11,0.11,472,424,439,334,387
4.18,1.24,1.24,0.05,0.05,0.05,472,424,439,334,387
4.87,1.18,1.18,0.05,0.05,0.05,472,424,439,333,387
4.45,1.36,1.36,0.01,0.01,0.01,472,424,439,334,387
4.32,1.32,1.32,0.02,0.02,0.02,472,424,439,334,387
4.08,1.24,1.24,0.02,0.02,0.02,472,424,439,334,387
4.36,1.24,1.24,0.02,0.02,0.02,472,424,439,334,387
4.35,1.26,1.26,0.00,0.00,0.00,472,424,439,334,387
4.22,1.54,1.54,0.02,0.02,0.02,472,424,439,334,387
4.26,1.43,1.43,0.04,0.04,0.04,472,424,439,334,387
4.24,1.18,1.18,0.01,0.01,0.01,472,424,439,333,387
4.37,1.62,1.62,0.02,0.02,0.02,472,424,439,334,387
4.31,1.44,1.44,0.03,0.03,0.03,472,424,439,334,387
4.19,1.43,1.43,0.02,0.02,0.02,472,424,439,334,387
END
4.35,1.59,1.59,0.04,0.04,0.04,472,424,439,334,387
4.27,1.34,1.34,0.03,0.03,0.03,472,424,439,334,387
4.42,1.41,1.41,0.02,0.02,0.02,472,424,439,334,387
4.36,1.36,1.36,0.03,0.03,0.03,472,424,439,334,387
4.34,1.31,1.31,0.04,0.04,0.04,472,424,438,334,387
4.23,1.33,1.33,0.02,0.02,0.02,472,424,438,333,387
4.13,1.40,1.40,0.03,0.03,0.03,472,423,438,334,387
4.12,1.22,1.22,0.04,0.04,0.04,472,424,438,334,387
4.07,1.26,1.26,0.03,0.03,0.03,472,423,438,334,387
4.39,1.34,1.34,0.04,0.04,0.04,472,423,438,334,387
4.15,1.36,1.36,0.03,0.03,0.03,472,424,439,334,387
4.13,1.26,1.26,0.02,0.02,0.02,472,424,438,334,387
4.14,1.39,1.39,0.03,0.03,0.03,472,424,439,334,387
4.34,1.49,1.49,0.03,0.03,0.03,472,424,438,334,387
4.29,1.21,1.21,0.05,0.05,0.05,472,424,438,334,387
4.21,1.26,1.26,0.03,0.03,0.03,472,423,438,333,387
4.33,1.38,1.38,0.03,0.03,0.03,472,424,438,334,387
4.26,1.38,1.38,0.05,0.05,0.05,472,423,438,334,387
4.37,1.21,1.21,0.05,0.05,0.05,472,423,438,334,387
4.22,1.22,1.22,0.03,0.03,0.03,472,423,438,334,387
4.06,1.45,1.45,0.04,0.04,0.04,472,423,438,334,387
4.47,1.23,1.23,0.02,0.02,0.02,472,423,438,334,387
4.22,1.37,1.37,0.02,0.02,0.02,472,423,438,334,387
4.13,1.37,1.37,0.04,0.04,0.04,472,423,438,334,387
4.25,1.23,1.23,0.02,0.02,0.02,472,423,438,334,387
4.44,1.42,1.42,0.04,0.04,0.04,472,423,438,334,387
4.24,1.36,1.36,0.04,0.04,0.04,472,423,438,333,387
4.16,1.33,1.33,0.02,0.02,0.02,472,423,438,333,387
4.17,1.25,1.25,0.03,0.03,0.03,472,423,438,333,386
4.25,1.28,1.28,0.02,0.02,0.02,472,423,438,333,387
4.16,1.31,1.31,0.03,0.03,0.03,472,423,438,334,387
4.10,1.31,1.31,0.03,0.03,0.03,472,423,438,333,387
4.22,1.38,1.38,0.03,0.03,0.03,472,423,438,334,387
4.29,1.31,1.31,0.02,0.02,0.02,472,423,438,334,387
4.07,1.41,1.41,0.04,0.04,0.04,472,423,438,334,387
4.16,1.28,1.28,0.02,0.02,0.02,472,423,438,334,387
4.25,1.51,1.51,0.03,0.03,0.03,472,423,438,334,387
4.11,1.31,1.31,0.04,0.04,0.04,472,423,438,333,387
4.24,1.44,1.44,0.03,0.03,0.03,471,423,438,334,387
4.24,1.35,1.35,0.03,0.03,0.03,471,423,438,333,387
4.25,1.39,1.39,0.03,0.03,0.03,471,423,438,333,387
END
4.22,1.43,1.43,0.03,0.03,0.03,471,422,438,333,387
4.08,1.49,1.49,0.03,0.03,0.03,471,423,438,334,387
4.32,1.47,1.47,0.03,0.03,0.03,471,423,438,334,386
4.21,1.49,1.49,0.03,0.03,0.03,471,423,438,334,386
4.19,1.46,1.46,0.02,0.02,0.02,471,423,438,334,387
4.19,1.49,1.49,0.03,0.03,0.03,471,423,438,334,386
4.28,1.48,1.48,0.04,0.04,0.04,471,422,438,334,386
4.05,1.42,1.42,0.03,0.03,0.03,471,423,437,334,386
4.17,1.44,1.44,0.03,0.03,0.03,471,423,438,333,386
4.12,1.49,1.49,0.04,0.04,0.04,471,423,437,333,387
4.25,1.57,1.57,0.03,0.03,0.03,471,422,437,334,386
4.18,1.54,1.54,0.04,0.04,0.04,471,422,437,334,386
4.13,1.48,1.48,0.06,0.06,0.06,471,423,438,334,387
4.21,1.44,1.44,0.05,0.05,0.05,471,423,438,334,386
4.10,1.45,1.45,0.04,0.04,0.04,471,423,438,334,386
4.13,1.35,1.35,0.04,0.04,0.04,471,423,438,334,386
4.13,1.36,1.36,0.04,0.04,0.04,471,423,438,334,386
4.31,1.45,1.45,0.05,0.05,0.05,471,423,437,333,386
4.19,1.36,1.36,0.04,0.04,0.04,471,423,437,333,386
4.09,1.39,1.39,0.03,0.03,0.03,471,422,437,334,386
4.36,1.41,1.41,0.04,0.04,0.04,471,422,437,333,387
4.15,1.41,1.41,0.04,0.04,0.04,471,423,437,334,386
4.25,1.26,1.26,0.03,0.03,0.03,471,422,437,334,386
4.11,1.29,1.29,0.02,0.02,0.02,471,423,438,334,386
4.10,1.36,1.36,0.02,0.02,0.02,471,423,437,334,387
4.21,1.48,1.48,0.02,0.02,0.02,471,423,438,333,386
4.16,1.29,1.29,0.03,0.03,0.03,471,423,438,334,386
4.15,1.31,1.31,0.03,0.03,0.03,471,423,437,334,386
4.23,1.51,1.51,0.04,0.04,0.04,471,422,437,334,386
4.15,1.23,1.23,0.04,0.04,0.04,471,422,437,333,386
4.08,1.37,1.37,0.03,0.03,0.03,471,422,437,333,386
4.11,1.33,1.33,0.03,0.03,0.03,471,422,437,334,386
4.14,1.33,1.33,0.02,0.02,0.02,471,422,437,334,386
4.16,1.43,1.43,0.03,0.03,0.03,471,422,437,332,386
4.19,1.36,1.36,0.03,0.03,0.03,471,423,437,334,386
4.02,1.41,1.41,0.03,0.03,0.03,471,423,437,334,386
4.09,1.35,1.35,0.03,0.03,0.03,471,422,437,334,386
4.20,1.46,1.46,0.03,0.03,0.03,471,422,437,334,386
4.07,1.39,1.39,0.03,0.03,0.03,471,423,437,334,386
4.01,1.28,1.28,0.02,0.02,0.02,471,422,437,334,386
4.21,1.46,1.46,0.02,0.02,0.02,471,422,437,334,386
END
4.16,1.49,1.49,0.03,0.03,0.03,470,422,437,333,386
4.20,1.41,1.41,0.02,0.02,0.02,470,422,437,334,386
3.98,1.44,1.44,0.04,0.04,0.04,470,422,438,334,386
4.13,1.31,1.31,0.03,0.03,0.03,471,422,437,334,386
4.16,1.30,1.30,0.03,0.03,0.03,470,422,437,334,386
4.14,1.43,1.43,0.02,0.02,0.02,470,422,437,334,386
4.07,1.44,1.44,0.03,0.03,0.03,470,422,437,334,386
4.23,1.51,1.51,0.02,0.02,0.02,470,422,437,334,386
4.17,1.51,1.51,0.03,0.03,0.03,470,422,437,334,386
4.13,1.43,1.43,0.03,0.03,0.03,470,422,437,334,386
4.16,1.49,1.49,0.02,0.02,0.02,470,422,437,334,386
4.20,1.55,1.55,0.03,0.03,0.03,470,422,437,334,386
4.24,1.51,1.51,0.03,0.03,0.03,470,422,437,334,386
4.16,1.36,1.36,0.04,0.04,0.04,470,422,438,334,386
4.17,1.53,1.53,0.04,0.04,0.04,470,422,437,334,387
4.13,1.34,1.34,0.04,0.04,0.04,470,422,437,334,386
4.21,1.47,1.47,0.04,0.04,0.04,471,422,437,334,386
4.21,1.41,1.41,0.03,0.03,0.03,470,422,437,334,386
4.13,1.34,1.34,0.03,0.03,0.03,470,422,437,334,386
4.28,1.51,1.51,0.03,0.03,0.03,470,422,437,334,386
4.13,1.35,1.35,0.03,0.03,0.03,470,422,437,334,386
4.11,1.49,1.49,0.03,0.03,0.03,470,422,437,334,386
4.03,1.39,1.39,0.03,0.03,0.03,470,422,437,334,386
4.12,1.39,1.39,0.03,0.03,0.03,470,422,437,334,386
4.16,1.40,1.40,0.04,0.04,0.04,470,422,437,334,386
4.03,1.46,1.46,0.03,0.03,0.03,470,422,437,334,386
4.09,1.52,1.52,0.03,0.03,0.03,470,422,437,334,386
4.12,1.34,1.34,0.03,0.03,0.03,470,422,437,334,386
4.15,1.51,1.51,0.03,0.03,0.03,470,422,437,334,386
4.34,1.26,1.26,0.05,0.05,0.05,471,423,437,334,386
4.04,1.57,1.57,0.03,0.03,0.03,470,422,437,333,386
4.12,1.53,1.53,0.05,0.05,0.05,470,422,437,334,386
4.08,1.33,1.33,0.03,0.03,0.03,470,422,437,334,386
4.08,1.46,1.46,0.03,0.03,0.03,470,422,437,334,386
4.17,1.49,1.49,0.03,0.03,0.03,470,422,437,334,386
3.99,1.36,1.36,0.03,0.03,0.03,470,422,437,334,386
4.00,1.42,1.42,0.03,0.03,0.03,470,422,437,334,386
4.06,1.41,1.41,0.03,0.03,0.03,470,422,437,334,386
4.26,1.49,1.49,0.02,0.02,0.02,470,422,437,334,386
4.13,1.42,1.42,0.04,0.04,0.04,470,422,437,334,386
3.63,1.49,1.49,0.03,0.03,0.03,470,422,437,334,386
END
4.39,1.44,1.44,0.03,0.03,0.03,471,422,437,334,386
4.28,1.36,1.36,0.03,0.03,0.03,471,422,437,334,386
4.21,1.33,1.33,0.02,0.02,0.02,471,422,437,334,386
3.98,1.54,1.54,0.02,0.02,0.02,471,422,437,334,386
4.13,1.28,1.28,0.04,0.04,0.04,471,422,437,333,386
4.17,1.49,1.49,0.03,0.03,0.03,471,422,437,334,386
4.29,1.37,1.37,0.03,0.03,0.03,471,422,437,334,386
4.16,1.44,1.44,0.03,0.03,0.03,471,422,437,334,386
4.26,1.53,1.53,0.03,0.03,0.03,471,422,437,334,386
4.15,1.34,1.34,0.03,0.03,0.03,471,422,437,334,386
4.25,1.44,1.44,0.04,0.04,0.04,471,422,437,334,386
4.09,1.45,1.45,0.02,0.02,0.02,470,422,437,334,386
4.09,1.37,1.37,0.04,0.04,0.04,470,422,437,334,386
4.14,1.47,1.47,0.03,0.03,0.03,470,422,437,334,386
3.98,1.53,1.53,0.02,0.02,0.02,470,422,437,334,386
4.17,1.49,1.49,0.05,0.05,0.05,470,422,437,334,386
4.35,1.26,1.26,0.03,0.03,0.03,471,422,437,334,386
4.26,1.53,1.53,0.03,0.03,0.03,471,422,437,334,386
4.01,1.39,1.39,0.03,0.03,0.03,470,422,437,334,386
4.35,1.43,1.43,0.03,0.03,0.03,470,422,437,334,386
4.13,1.37,1.37,0.03,0.03,0.03,470,422,437,334,386
4.08,1.42,1.42,0.03,0.03,0.03,470,422,437,334,386
4.19,1.49,1.49,0.03,0.03,0.03,470,422,437,334,386
4.08,1.45,1.45,0.03,0.03,0.03,470,422,437,334,386
4.28,1.43,1.43,0.04,0.04,0.04,470,422,437,334,385
4.11,1.44,1.44,0.03,0.03,0.03,470,422,437,334,386
4.22,1.51,1.51,0.03,0.03,0.03,470,422,437,334,386
3.36,1.56,1.56,0.03,0.03,0.03,470,422,437,334,386
4.05,1.59,1.59,0.02,0.02,0.02,470,422,437,334,386
4.00,1.45,1.45,0.05,0.05,0.05,470,422,437,334,386
4.03,1.37,1.37,0.03,0.03,0.03,470,422,437,334,386
4.01,1.57,1.57,0.02,0.02,0.02,470,422,437,334,386
4.03,1.51,1.51,0.03,0.03,0.03,470,422,437,334,386
4.05,1.44,1.44,0.02,0.02,0.02,470,422,437,334,386
4.06,1.62,1.62,0.02,0.02,0.02,470,422,437,334,386
3.96,1.41,1.41,0.03,0.03,0.03,470,422,437,334,386
4.02,1.46,1.46,0.03,0.03,0.03,470,421,437,334,386
3.97,1.42,1.42,0.02,0.02,0.02,470,422,437,334,386
4.21,1.78,1.78,0.03,0.03,0.03,470,422,437,334,386
4.21,1.54,1.54,0.05,0.05,0.05,470,422,437,334,386
4.14,1.45,1.45,0.04,0.04,0.04,470,422,437,334,386
END
4.03,1.56,1.56,0.04,0.04,0.04,470,422,437,334,385
4.16,1.43,1.43,0.04,0.04,0.04,470,422,437,333,385
4.11,1.44,1.44,0.03,0.03,0.03,470,422,437,334,385
4.26,1.44,1.44,0.03,0.03,0.03,470,422,437,334,385
4.10,1.41,1.41,0.03,0.03,0.03,470,422,437,334,385
4.08,1.51,1.51,0.03,0.03,0.03,470,422,437,334,385
4.09,1.40,1.40,0.03,0.03,0.03,470,422,437,334,385
4.13,1.56,1.56,0.03,0.03,0.03,470,422,437,334,386
4.26,1.43,1.43,0.03,0.03,0.03,470,422,437,334,385
4.06,1.44,1.44,0.02,0.02,0.02,470,422,437,334,386
4.24,1.50,1.50,0.02,0.02,0.02,470,422,437,334,385
4.33,1.62,1.62,0.03,0.03,0.03,470,422,437,334,385
4.24,1.49,1.49,0.04,0.04,0.04,470,422,437,334,386
4.05,1.51,1.51,0.03,0.03,0.03,470,422,437,334,385
4.13,1.54,1.54,0.04,0.04,0.04,470,422,437,334,385
4.07,1.46,1.46,0.04,0.04,0.04,470,422,437,334,385
4.18,1.51,1.51,0.03,0.03,0.03,470,422,437,334,385
4.09,1.53,1.53,0.02,0.02,0.02,470,422,437,334,385
4.03,1.46,1.46,0.03,0.03,0.03,470,422,437,334,385
4.13,1.56,1.56,0.04,0.04,0.04,470,422,437,334,385
4.21,1.45,1.45,0.06,0.06,0.06,470,422,437,334,385
3.98,1.46,1.46,0.05,0.05,0.05,470,422,437,334,385
4.06,1.51,1.51,0.07,0.07,0.07,470,422,437,334,385
4.34,1.27,1.27,0.02,0.02,0.02,470,422,437,334,385
4.08,1.46,1.46,0.04,0.04,0.04,470,421,437,334,385
4.06,1.28,1.28,0.02,0.02,0.02,470,421,437,333,385
4.29,1.56,1.56,0.03,0.03,0.03,470,421,437,334,385
4.17,1.34,1.34,0.02,0.02,0.02,470,422,437,334,385
4.04,1.42,1.42,0.03,0.03,0.03,470,421,437,334,385
4.20,1.38,1.38,0.02,0.02,0.02,470,421,437,334,385
3.98,1.39,1.39,0.01,0.01,0.01,470,422,437,334,385
4.01,1.32,1.32,0.03,0.03,0.03,470,421,437,334,385
4.06,1.34,1.34,0.03,0.03,0.03,470,421,437,334,385
4.08,1.49,1.49,0.03,0.03,0.03,470,421,437,334,385
4.13,1.39,1.39,0.04,0.04,0.04,470,421,437,334,385
3.95,1.37,1.37,0.03,0.03,0.03,470,421,437,334,385
4.08,1.58,1.58,0.02,0.02,0.02,470,421,437,334,385
4.26,1.56,1.56,0.04,0.04,0.04,469,421,437,334,385
4.06,1.43,1.43,0.04,0.04,0.04,469,421,437,334,385
4.12,1.46,1.46,0.02,0.02,0.02,469,421,437,334,385
3.97,1.51,1.51,0.03,0.03,0.03,470,421,437,334,385
END
4.25,1.46,1.46,0.03,0.03,0.03,470,421,436,334,385
4.01,1.59,1.59,0.03,0.03,0.03,469,421,436,334,385
4.05,1.49,1.49,0.03,0.03,0.03,469,421,436,334,385
4.22,1.67,1.67,0.04,0.04,0.04,469,421,436,334,385
4.03,1.60,1.60,0.04,0.04,0.04,469,421,436,334,385
4.19,1.57,1.57,0.04,0.04,0.04,469,421,436,334,385
4.05,1.63,1.63,0.03,0.03,0.03,469,421,436,334,385
4.06,1.59,1.59,0.03,0.03,0.03,469,421,436,334,385
4.27,1.59,1.59,0.01,0.01,0.01,469,421,436,334,385
4.11,1.51,1.51,0.03,0.03,0.03,469,421,436,334,385
3.89,1.47,1.47,0.02,0.02,0.02,469,421,436,334,385
3.87,1.44,1.44,0.02,0.02,0.02,469,421,436,334,385
4.08,1.63,1.63,0.02,0.02,0.02,469,421,436,334,385
4.03,1.51,1.51,0.03,0.03,0.03,469,421,436,334,385
4.11,1.62,1.62,0.03,0.03,0.03,469,421,436,334,385
4.15,1.55,1.55,0.03,0.03,0.03,469,421,436,334,385
4.06,1.49,1.49,0.03,0.03,0.03,469,421,436,334,385
4.10,1.64,1.64,0.03,0.03,0.03,469,421,436,334,385
4.29,1.77,1.77,0.05,0.05,0.05,469,421,436,334,385
4.09,1.41,1.41,0.05,0.05,0.05,469,421,436,334,386
3.99,1.53,1.53,0.01,0.01,0.01,469,421,436,334,385
4.12,1.61,1.61,0.01,0.01,0.01,469,421,436,334,385
4.29,1.52,1.52,0.01,0.01,0.01,469,421,436,334,385
4.30,1.67,1.67,0.01,0.01,0.01,469,421,436,334,385
4.10,1.57,1.57,0.02,0.02,0.02,469,421,436,334,385
4.24,1.76,1.76,0.03,0.03,0.03,469,421,436,334,385
4.21,1.52,1.52,0.05,0.05,0.05,469,421,436,333,385
3.96,1.47,1.47,0.04,0.04,0.04,469,421,436,334,385
4.20,1.69,1.69,0.04,0.04,0.04,469,421,436,334,385
4.42,1.79,1.79,0.04,0.04,0.04,469,421,436,334,385
4.19,1.60,1.60,0.04,0.04,0.04,469,421,436,334,385
4.21,1.64,1.64,0.04,0.04,0.04,469,421,436,334,385
4.21,1.63,1.63,0.04,0.04,0.04,469,421,436,334,385
4.34,1.59,1.59,0.02,0.02,0.02,469,421,436,333,385
4.12,1.58,1.58,0.02,0.02,0.02,469,421,436,334,385
4.19,1.64,1.64,0.02,0.02,0.02,469,421,436,334,385
4.08,1.52,1.52,0.03,0.03,0.03,469,421,436,334,385
4.28,1.59,1.59,0.04,0.04,0.04,469,421,436,334,385
4.13,1.58,1.58,0.04,0.04,0.04,469,421,436,334,385
4.08,1.65,1.65,0.04,0.04,0.04,469,421,436,334,385
4.17,1.59,1.59,0.04,0.04,0.04,469,421,436,334,385
END
4.08,0.50,0.50,0.04,0.04,0.04,487,442,438,333,392
3.84,0.50,0.50,0.03,0.03,0.03,487,442,438,333,392
4.08,0.67,0.67,0.02,0.02,0.02,487,442,438,333,392
3.99,0.57,0.57,0.01,0.01,0.01,487,442,438,333,391
3.99,0.58,0.58,0.03,0.03,0.03,486,442,438,333,391
3.93,0.59,0.59,0.04,0.04,0.04,486,442,438,333,391
4.09,0.57,0.57,0.03,0.03,0.03,486,442,438,333,392
3.95,0.55,0.55,0.03,0.03,0.03,486,442,438,333,391
3.93,0.60,0.60,0.03,0.03,0.03,486,442,438,333,391
4.18,0.69,0.69,0.06,0.06,0.06,486,442,438,333,391
4.07,0.60,0.60,0.04,0.04,0.04,486,442,438,333,391
4.05,0.61,0.61,0.03,0.03,0.03,486,442,438,333,391
4.11,0.62,0.62,0.04,0.04,0.04,486,442,438,333,391
3.87,0.73,0.73,0.04,0.04,0.04,486,442,438,333,391
3.92,0.46,0.46,0.03,0.03,0.03,486,442,438,333,391
3.93,0.56,0.56,0.03,0.03,0.03,486,442,438,333,391
4.19,0.63,0.63,0.02,0.02,0.02,486,442,438,333,391
4.09,0.72,0.72,0.03,0.03,0.03,486,442,438,332,391
4.08,0.57,0.57,0.03,0.03,0.03,486,442,438,333,391
4.00,0.61,0.61,0.03,0.03,0.03,486,442,438,333,391
3.83,0.52,0.52,0.04,0.04,0.04,486,442,438,333,391
4.04,0.72,0.72,0.04,0.04,0.04,486,442,438,333,391
4.01,0.71,0.71,0.04,0.04,0.04,486,442,438,333,391
4.22,0.60,0.60,0.03,0.03,0.03,486,442,438,333,391
4.06,0.57,0.57,0.03,0.03,0.03,486,442,438,333,391
3.65,0.49,0.49,0.03,0.03,0.03,486,442,438,333,391
4.19,0.67,0.67,0.03,0.03,0.03,486,442,438,333,391
4.21,0.80,0.80,0.07,0.07,0.07,486,442,438,333,391
4.29,0.60,0.60,0.13,0.13,0.13,486,442,438,333,391
4.29,0.40,0.40,0.05,0.05,0.05,486,442,438,333,391
4.29,0.52,0.52,0.01,0.01,0.01,485,442,438,333,391
4.13,0.64,0.64,0.02,0.02,0.02,485,442,438,333,391
4.19,0.57,0.57,0.01,0.01,0.01,485,442,438,333,391
4.16,0.64,0.64,0.01,0.01,0.01,485,442,438,333,391
4.07,0.62,0.62,0.01,0.01,0.01,485,442,438,333,391
4.08,0.73,0.73,0.04,0.04,0.04,485,442,438,333,391
4.20,0.58,0.58,0.05,0.05,0.05,485,442,438,333,391
4.01,0.51,0.51,0.05,0.05,0.05,485,442,437,333,391
4.29,0.60,0.60,0.05,0.05,0.05,485,441,437,333,391
3.98,0.59,0.59,0.01,0.01,0.01,485,441,437,333,391
4.23,0.66,0.66,0.05,0.05,0.05,485,441,437,333,391
END
4.19,0.62,0.62,0.04,0.04,0.04,484,441,437,333,391
3.96,0.57,0.57,0.02,0.02,0.02,484,441,437,333,390
4.15,0.67,0.67,0.03,0.03,0.03,484,441,437,333,390
4.21,0.62,0.62,0.02,0.02,0.02,484,441,437,332,390
3.93,0.67,0.67,0.04,0.04,0.04,484,441,437,333,390
4.03,0.59,0.59,0.04,0.04,0.04,484,441,437,333,390
4.15,0.63,0.63,0.03,0.03,0.03,484,441,437,333,390
4.37,0.73,0.73,0.03,0.03,0.03,484,441,437,333,390
4.24,0.73,0.73,0.03,0.03,0.03,484,441,437,333,390
4.04,0.66,0.66,0.04,0.04,0.04,484,441,437,333,390
4.00,0.63,0.63,0.03,0.03,0.03,484,441,437,333,389
4.06,0.62,0.62,0.02,0.02,0.02,484,441,437,333,390
4.11,0.70,0.70,0.03,0.03,0.03,484,441,437,333,390
4.16,0.57,0.57,0.04,0.04,0.04,484,441,437,333,390
4.08,0.58,0.58,0.05,0.05,0.05,484,441,437,333,390
4.15,0.61,0.61,0.03,0.03,0.03,484,441,437,333,390
4.29,0.78,0.78,0.04,0.04,0.04,484,441,437,333,390
4.19,0.59,0.59,0.01,0.01,0.01,483,441,437,333,390
4.13,0.82,0.82,0.03,0.03,0.03,483,440,437,333,390
4.23,0.80,0.80,0.04,0.04,0.04,483,441,437,333,389
4.01,0.60,0.60,0.01,0.01,0.01,483,441,437,333,390
4.13,0.70,0.70,0.03,0.03,0.03,483,441,437,333,389
4.02,0.70,0.70,0.03,0.03,0.03,483,441,437,333,389
3.99,0.83,0.83,0.03,0.03,0.03,483,441,437,333,390
4.08,0.79,0.79,0.04,0.04,0.04,483,441,437,333,389
4.31,0.83,0.83,0.02,0.02,0.02,483,441,437,333,389
3.85,0.73,0.73,-0.01,-0.01,-0.01,483,441,437,333,390
3.93,0.78,0.78,0.03,0.03,0.03,483,441,437,333,389
3.97,0.61,0.61,0.03,0.03,0.03,483,440,437,333,389
4.19,0.72,0.72,0.02,0.02,0.02,483,440,436,333,389
3.96,0.78,0.78,0.03,0.03,0.03,483,440,437,333,389
4.16,0.74,0.74,0.04,0.04,0.04,483,440,437,333,389
4.24,0.72,0.72,0.00,0.00,0.00,483,440,436,333,389
3.73,0.84,0.84,0.03,0.03,0.03,483,440,436,333,389
3.88,0.80,0.80,0.01,0.01,0.01,483,440,437,333,389
4.13,0.81,0.81,0.03,0.03,0.03,483,440,437,333,389
4.05,0.65,0.65,0.03,0.03,0.03,483,440,437,333,389
4.01,0.67,0.67,0.01,0.01,0.01,483,440,436,333,389
3.91,0.80,0.80,0.02,0.02,0.02,483,440,436,333,390
3.93,0.67,0.67,0.04,0.04,0.04,483,440,436,333,389
3.98,0.76,0.76,0.03,0.03,0.03,483,440,436,333,389
END
3.70,0.67,0.67,0.03,0.03,0.03,483,440,435,333,390
4.19,0.56,0.56,0.03,0.03,0.03,483,440,435,333,390
4.12,0.84,0.84,0.04,0.04,0.04,483,440,435,333,390
4.16,0.71,0.71,0.01,0.01,0.01,483,440,435,333,390
4.05,0.67,0.67,0.01,0.01,0.01,483,440,435,333,390
4.21,0.87,0.87,0.02,0.02,0.02,483,440,435,333,389
4.02,0.83,0.83,0.03,0.03,0.03,483,440,435,333,389
4.16,0.75,0.75,0.02,0.02,0.02,483,440,435,333,389
4.19,0.79,0.79,0.02,0.02,0.02,483,439,435,333,388
4.21,0.83,0.83,0.04,0.04,0.04,483,439,435,333,388
4.13,0.66,0.66,0.03,0.03,0.03,482,439,435,333,388
4.16,0.75,0.75,0.04,0.04,0.04,482,440,435,333,388
3.99,0.75,0.75,0.04,0.04,0.04,483,439,435,333,388
4.11,0.73,0.73,0.03,0.03,0.03,482,439,435,333,388
4.15,0.80,0.80,0.03,0.03,0.03,483,439,435,333,388
4.26,0.85,0.85,0.03,0.03,0.03,483,439,435,333,388
4.11,0.77,0.77,0.03,0.03,0.03,482,439,435,333,388
4.33,0.83,0.83,0.04,0.04,0.04,482,440,435,333,388
4.16,0.82,0.82,0.04,0.04,0.04,482,439,435,333,388
4.35,0.77,0.77,0.03,0.03,0.03,482,439,435,333,388
4.11,0.91,0.91,0.03,0.03,0.03,482,439,435,333,387
4.11,0.80,0.80,0.03,0.03,0.03,482,439,435,332,387
3.85,0.68,0.68,0.02,0.02,0.02,482,439,435,333,387
4.20,0.92,0.92,0.01,0.01,0.01,482,439,435,333,387
4.13,1.13,1.13,0.04,0.04,0.04,482,439,435,333,387
4.21,0.96,0.96,0.05,0.05,0.05,482,439,435,333,387
4.21,0.70,0.70,0.04,0.04,0.04,482,439,435,333,387
3.81,0.61,0.61,-0.01,-0.01,-0.01,482,439,435,333,387
3.88,0.93,0.93,0.00,0.00,0.00,482,439,435,333,387
3.91,1.00,1.00,0.00,0.00,0.00,482,439,435,333,387
4.05,1.07,1.07,0.04,0.04,0.04,482,439,434,333,387
4.13,0.88,0.88,0.01,0.01,0.01,482,439,434,332,387
4.11,0.93,0.93,0.02,0.02,0.02,482,439,434,333,387
4.08,1.11,1.11,0.00,0.00,0.00,482,439,434,333,387
4.17,1.08,1.08,0.02,0.02,0.02,482,439,434,333,387
4.07,1.04,1.04,0.02,0.02,0.02,482,439,434,333,387
4.00,1.04,1.04,0.03,0.03,0.03,482,439,434,332,387
4.04,1.23,1.23,0.08,0.08,0.08,482,439,434,333,387
4.16,0.94,0.94,0.06,0.06,0.06,482,439,434,333,387
3.95,0.89,0.89,0.04,0.04,0.04,482,439,434,333,387
3.90,0.88,0.88,0.04,0.04,0.04,481,439,434,333,387
END
4.19,0.94,0.94,0.02,0.02,0.02,480,439,433,332,385
4.04,1.01,1.01,0.05,0.05,0.05,480,439,433,332,385
4.19,0.99,0.99,0.04,0.04,0.04,480,439,433,332,385
4.06,0.95,0.95,0.03,0.03,0.03,480,439,433,332,385
4.11,0.99,0.99,0.03,0.03,0.03,480,439,433,333,385
3.90,1.05,1.05,0.04,0.04,0.04,480,439,434,332,385
4.03,0.86,0.86,0.05,0.05,0.05,480,439,434,333,385
4.04,0.93,0.93,0.04,0.04,0.04,480,439,433,333,385
4.19,0.89,0.89,0.05,0.05,0.05,480,439,433,333,385
4.35,1.03,1.03,0.05,0.05,0.05,480,439,433,333,385
4.09,0.89,0.89,0.05,0.05,0.05,480,439,433,332,385
4.20,0.92,0.92,0.03,0.03,0.03,480,439,433,332,385
4.30,0.88,0.88,0.04,0.04,0.04,480,439,433,333,385
4.18,1.00,1.00,0.03,0.03,0.03,480,439,433,333,385
4.24,0.78,0.78,0.04,0.04,0.04,480,439,433,333,384
4.29,0.97,0.97,0.04,0.04,0.04,480,439,433,333,385
4.35,1.00,1.00,0.04,0.04,0.04,480,439,433,333,385
4.27,0.86,0.86,0.03,0.03,0.03,480,439,433,333,385
4.06,1.01,1.01,0.02,0.02,0.02,480,439,434,333,385
4.36,1.02,1.02,0.05,0.05,0.05,480,439,433,333,385
4.48,0.85,0.85,0.01,0.01,0.01,480,439,434,333,384
4.18,1.02,1.02,0.03,0.03,0.03,480,439,434,333,383
4.22,0.81,0.81,0.06,0.06,0.06,480,439,434,333,382
4.44,0.89,0.89,0.06,0.06,0.06,480,439,434,333,382
4.24,0.80,0.80,0.02,0.02,0.02,480,438,433,333,382
4.24,0.90,0.90,0.02,0.02,0.02,480,438,434,333,382
4.33,0.92,0.92,0.03,0.03,0.03,480,438,434,333,382
4.34,0.97,0.97,0.03,0.03,0.03,480,439,434,333,382
4.40,1.01,1.01,0.02,0.02,0.02,480,439,434,333,382
4.30,1.02,1.02,0.04,0.04,0.04,480,439,434,333,382
4.10,0.85,0.85,0.05,0.05,0.05,480,439,434,333,382
4.16,0.85,0.85,0.03,0.03,0.03,480,439,434,333,382
4.46,0.82,0.82,0.04,0.04,0.04,480,438,434,333,382
4.25,1.01,1.01,0.02,0.02,0.02,480,438,434,333,382
4.24,1.03,1.03,0.03,0.03,0.03,480,438,434,333,382
4.03,0.84,0.84,0.04,0.04,0.04,480,438,434,333,382
3.99,0.93,0.93,0.02,0.02,0.02,480,438,434,333,382
4.22,0.98,0.98,0.01,0.01,0.01,480,438,434,333,382
4.08,0.95,0.95,0.02,0.02,0.02,480,438,434,333,382
4.37,0.97,0.97,0.02,0.02,0.02,480,439,434,333,382
4.50,1.05,1.05,0.04,0.04,0.04,480,438,434,333,382
END
4.29,0.94,0.94,0.04,0.04,0.04,479,438,434,333,381
4.18,0.87,0.87,0.04,0.04,0.04,479,438,434,333,381
4.26,1.04,1.04,0.04,0.04,0.04,479,438,434,333,381
4.00,1.03,1.03,0.05,0.05,0.05,479,438,434,333,381
4.44,0.96,0.96,0.04,0.04,0.04,479,438,434,333,381
4.16,1.04,1.04,0.02,0.02,0.02,479,438,434,333,381
4.13,0.95,0.95,0.04,0.04,0.04,479,438,434,333,381
4.16,0.93,0.93,0.04,0.04,0.04,479,438,434,333,381
4.07,0.95,0.95,0.03,0.03,0.03,479,438,434,333,381
4.18,1.04,1.04,0.02,0.02,0.02,479,438,434,333,381
4.25,1.13,1.13,0.03,0.03,0.03,479,438,434,333,381
4.28,1.00,1.00,0.04,0.04,0.04,479,438,434,333,381
4.03,0.93,0.93,0.03,0.03,0.03,479,438,434,333,381
4.25,1.00,1.00,0.01,0.01,0.01,479,438,434,333,381
4.23,1.11,1.11,0.02,0.02,0.02,479,438,435,333,380
4.29,1.00,1.00,0.04,0.04,0.04,479,438,434,333,380
4.44,0.98,0.98,0.03,0.03,0.03,479,438,435,332,380
4.02,0.98,0.98,0.01,0.01,0.01,479,438,435,333,380
4.21,1.06,1.06,0.03,0.03,0.03,479,438,435,332,380
4.45,0.99,0.99,0.02,0.02,0.02,479,438,435,333,380
4.37,1.06,1.06,0.02,0.02,0.02,479,438,434,333,380
4.08,1.13,1.13,0.02,0.02,0.02,479,438,434,333,380
4.05,0.94,0.94,0.03,0.03,0.03,479,438,434,333,380
4.12,0.93,0.93,0.03,0.03,0.03,479,438,434,333,380
3.89,1.03,1.03,0.03,0.03,0.03,479,438,434,333,380
3.88,0.94,0.94,0.04,0.04,0.04,479,438,434,332,380
4.22,1.03,1.03,0.03,0.03,0.03,479,438,434,332,380
4.15,1.00,1.00,0.03,0.03,0.03,479,438,434,333,380
4.08,0.90,0.90,0.03,0.03,0.03,479,438,434,333,380
4.13,1.03,1.03,0.03,0.03,0.03,479,438,434,333,380
4.13,0.94,0.94,0.03,0.03,0.03,479,438,434,333,380
4.03,0.95,0.95,-0.03,-0.03,-0.03,479,438,434,333,380
4.24,1.16,1.16,0.02,0.02,0.02,479,438,434,332,380
4.29,0.89,0.89,0.03,0.03,0.03,479,438,434,333,380
4.19,0.95,0.95,0.03,0.03,0.03,479,438,434,332,380
4.17,1.04,1.04,0.02,0.02,0.02,478,437,434,333,380
4.05,1.07,1.07,0.03,0.03,0.03,479,437,434,332,380
4.09,0.96,0.96,0.03,0.03,0.03,479,438,434,332,380
4.09,1.00,1.00,0.03,0.03,0.03,479,437,434,332,380
4.24,1.10,1.10,0.04,0.04,0.04,479,437,434,332,380
4.32,1.17,1.17,0.04,0.04,0.04,479,438,434,333,380
END
4.04,1.00,1.00,0.03,0.03,0.03,478,437,434,333,380
4.21,0.94,0.94,0.03,0.03,0.03,478,437,434,333,380
4.23,0.90,0.90,0.03,0.03,0.03,478,437,434,333,380
4.26,0.84,0.84,0.05,0.05,0.05,477,437,434,333,379
4.36,0.83,0.83,0.04,0.04,0.04,477,437,434,333,380
4.19,0.97,0.97,0.04,0.04,0.04,478,437,434,332,380
4.23,0.90,0.90,0.06,0.06,0.06,477,437,434,333,380
4.31,0.95,0.95,0.03,0.03,0.03,477,437,434,332,380
4.06,0.85,0.85,0.04,0.04,0.04,478,437,434,333,380
4.13,0.83,0.83,0.02,0.02,0.02,478,437,434,333,380
4.41,1.02,1.02,0.03,0.03,0.03,478,437,434,333,380
4.14,0.88,0.88,0.02,0.02,0.02,477,437,434,333,380
4.03,0.87,0.87,0.03,0.03,0.03,477,437,434,333,380
4.39,0.93,0.93,0.02,0.02,0.02,477,437,434,333,380
4.13,0.98,0.98,0.03,0.03,0.03,477,437,433,333,379
4.08,0.87,0.87,0.03,0.03,0.03,477,437,433,333,380
4.21,1.05,1.05,0.04,0.04,0.04,477,437,433,332,380
4.08,0.95,0.95,0.02,0.02,0.02,477,436,433,332,380
4.22,1.06,1.06,0.02,0.02,0.02,477,436,433,333,380
3.98,1.03,1.03,0.03,0.03,0.03,477,436,433,333,380
4.14,0.91,0.91,0.03,0.03,0.03,477,437,433,332,380
4.12,0.98,0.98,0.02,0.02,0.02,477,436,433,333,380
4.08,0.90,0.90,0.03,0.03,0.03,477,436,433,333,380
3.98,1.09,1.09,0.03,0.03,0.03,477,437,433,333,380
4.08,0.99,0.99,0.02,0.02,0.02,477,436,433,333,380
4.06,1.06,1.06,0.03,0.03,0.03,477,436,433,332,380
4.26,1.02,1.02,0.04,0.04,0.04,477,436,433,332,380
4.05,1.06,1.06,0.05,0.05,0.05,477,436,433,332,380
4.02,0.91,0.91,0.03,0.03,0.03,477,437,433,332,380
4.06,0.91,0.91,0.02,0.02,0.02,477,436,433,333,380
4.08,1.18,1.18,0.02,0.02,0.02,477,436,433,333,380
4.19,0.99,0.99,0.02,0.02,0.02,477,436,433,333,379
4.13,1.00,1.00,0.03,0.03,0.03,477,436,433,333,380
4.09,1.08,1.08,0.02,0.02,0.02,477,436,433,333,379
4.18,1.11,1.11,0.02,0.02,0.02,477,436,433,333,380
4.13,1.16,1.16,0.03,0.03,0.03,477,436,433,333,380
4.06,1.10,1.10,0.02,0.02,0.02,477,436,433,332,379
4.17,1.10,1.10,0.03,0.03,0.03,477,436,433,333,380
4.20,1.03,1.03,0.05,0.05,0.05,477,436,433,333,379
4.07,1.01,1.01,0.04,0.04,0.04,477,436,433,332,380
3.96,1.00,1.00,0.04,0.04,0.04,477,436,433,333,379
END
3.93,1.11,1.11,0.03,0.03,0.03,477,436,433,333,380
4.24,1.18,1.18,0.01,0.01,0.01,477,436,433,333,380
4.03,1.21,1.21,0.04,0.04,0.04,477,436,433,333,379
4.14,1.00,1.00,0.05,0.05,0.05,477,436,433,333,379
3.91,1.11,1.11,0.04,0.04,0.04,477,436,433,333,379
4.18,1.22,1.22,0.04,0.04,0.04,477,436,432,333,380
4.13,1.04,1.04,0.03,0.03,0.03,476,436,432,333,379
4.12,1.26,1.26,0.03,0.03,0.03,476,436,432,333,379
4.08,1.11,1.11,0.03,0.03,0.03,476,436,432,332,379
4.27,1.04,1.04,0.03,0.03,0.03,476,436,432,333,379
4.18,1.14,1.14,0.04,0.04,0.04,476,436,432,333,379
4.26,1.16,1.16,0.03,0.03,0.03,476,436,432,332,380
3.79,1.11,1.11,0.04,0.04,0.04,476,436,432,333,379
4.26,1.13,1.13,0.04,0.04,0.04,476,436,432,333,379
4.16,1.31,1.31,0.05,0.05,0.05,476,436,432,333,380
4.08,1.04,1.04,0.05,0.05,0.05,476,436,432,333,379
4.29,1.08,1.08,0.05,0.05,0.05,476,436,432,333,379
4.11,1.08,1.08,0.03,0.03,0.03,476,436,432,332,379
4.21,1.15,1.15,0.04,0.04,0.04,476,436,432,333,379
4.29,1.16,1.16,0.03,0.03,0.03,476,436,432,333,379
4.13,1.02,1.02,0.04,0.04,0.04,476,436,432,332,379
4.10,1.00,1.00,0.03,0.03,0.03,476,436,432,333,379
4.14,1.14,1.14,0.02,0.02,0.02,476,436,432,333,379
4.06,1.08,1.08,0.03,0.03,0.03,476,436,432,333,379
4.19,1.06,1.06,0.02,0.02,0.02,476,436,432,333,379
4.36,1.18,1.18,0.04,0.04,0.04,476,436,432,333,379
4.23,1.09,1.09,0.04,0.04,0.04,476,436,432,333,379
4.16,1.10,1.10,0.04,0.04,0.04,476,436,432,333,379
4.09,1.10,1.10,0.03,0.03,0.03,476,436,432,333,379
4.01,1.21,1.21,0.04,0.04,0.04,476,436,432,333,379
4.26,1.06,1.06,0.04,0.04,0.04,476,436,432,333,379
4.24,1.06,1.06,0.03,0.03,0.03,476,436,432,333,379
4.15,1.12,1.12,0.03,0.03,0.03,476,436,432,333,379
4.03,1.13,1.13,0.03,0.03,0.03,476,436,432,333,379
3.97,0.98,0.98,0.03,0.03,0.03,476,436,432,333,379
3.98,1.21,1.21,0.05,0.05,0.05,476,436,432,333,379
4.12,1.10,1.10,0.06,0.06,0.06,476,436,432,333,379
3.91,0.95,0.95,0.04,0.04,0.04,476,436,432,333,379
3.95,1.15,1.15,0.03,0.03,0.03,476,436,432,333,379
4.15,1.14,1.14,0.03,0.03,0.03,476,436,432,332,379
4.03,1.04,1.04,0.03,0.03,0.03,476,436,432,333,379
END
4.11,1.09,1.09,0.04,0.04,0.04,476,435,431,332,377
3.98,0.98,0.98,0.03,0.03,0.03,476,435,431,332,378
4.04,1.14,1.14,0.04,0.04,0.04,476,435,431,332,378
4.07,0.99,0.99,0.03,0.03,0.03,476,435,431,332,378
4.00,1.18,1.18,0.03,0.03,0.03,476,435,431,333,378
3.94,0.98,0.98,0.03,0.03,0.03,476,435,431,332,378
4.09,1.12,1.12,0.03,0.03,0.03,476,435,431,332,378
3.92,1.10,1.10,0.03,0.03,0.03,476,435,431,332,378
3.93,1.17,1.17,0.04,0.04,0.04,476,435,431,332,378
4.01,1.04,1.04,0.04,0.04,0.04,476,435,431,332,378
3.98,1.16,1.16,0.04,0.04,0.04,476,435,431,333,378
4.01,1.06,1.06,0.04,0.04,0.04,476,435,431,332,378
4.16,1.11,1.11,0.04,0.04,0.04,476,435,431,333,378
3.85,1.01,1.01,0.03,0.03,0.03,476,435,431,332,378
4.00,1.09,1.09,0.03,0.03,0.03,476,435,431,333,378
4.02,1.09,1.09,0.04,0.04,0.04,476,435,431,333,378
3.93,1.10,1.10,0.02,0.02,0.02,476,435,431,333,378
4.03,1.17,1.17,0.03,0.03,0.03,476,435,431,333,378
3.91,0.96,0.96,0.03,0.03,0.03,475,435,431,332,378
3.91,1.08,1.08,0.03,0.03,0.03,475,435,431,332,378
4.11,1.07,1.07,0.03,0.03,0.03,475,435,431,332,378
3.88,1.00,1.00,0.03,0.03,0.03,475,435,431,332,378
4.29,1.00,1.00,0.03,0.03,0.03,475,434,431,332,378
3.86,1.18,1.18,0.02,0.02,0.02,476,435,431,333,378
4.08,1.06,1.06,0.03,0.03,0.03,476,435,431,333,378
4.00,0.97,0.97,0.03,0.03,0.03,475,435,431,333,378
3.95,1.03,1.03,0.03,0.03,0.03,476,435,431,333,378
4.17,1.16,1.16,0.03,0.03,0.03,475,435,431,332,378
4.09,1.07,1.07,0.03,0.03,0.03,475,435,431,333,378
4.06,1.06,1.06,0.03,0.03,0.03,475,435,431,332,378
4.08,1.16,1.16,0.03,0.03,0.03,475,435,431,332,378
4.07,1.19,1.19,0.03,0.03,0.03,475,434,431,332,378
3.98,1.06,1.06,0.05,0.05,0.05,475,435,431,332,378
4.06,1.12,1.12,0.04,0.04,0.04,475,435,431,332,378
3.93,1.10,1.10,0.04,0.04,0.04,475,435,431,332,378
4.04,1.05,1.05,0.04,0.04,0.04,475,435,431,333,378
3.78,1.05,1.05,0.04,0.04,0.04,475,435,431,333,378
3.83,1.16,1.16,0.03,0.03,0.03,475,435,431,332,378
3.91,1.21,1.21,0.03,0.03,0.03,475,435,431,333,378
4.17,1.13,1.13,0.03,0.03,0.03,475,435,431,332,378
4.02,1.08,1.08,0.03,0.03,0.03,475,435,431,332,377
END
3.85,1.03,1.03,0.04,0.04,0.04,475,435,431,333,377
4.02,1.12,1.12,0.03,0.03,0.03,475,435,431,333,377
3.94,1.06,1.06,0.04,0.04,0.04,475,435,431,332,377
3.98,1.02,1.02,0.05,0.05,0.05,475,435,431,333,377
4.13,1.04,1.04,0.06,0.06,0.06,475,435,431,332,377
4.22,0.96,0.96,0.09,0.09,0.09,475,435,431,332,376
4.26,0.91,0.91,0.04,0.04,0.04,475,435,431,332,376
4.04,0.89,0.89,0.02,0.02,0.02,475,435,431,332,376
4.18,0.99,0.99,0.04,0.04,0.04,475,435,431,332,376
4.01,0.97,0.97,0.02,0.02,0.02,475,435,431,333,376
4.01,0.98,0.98,0.03,0.03,0.03,475,435,431,333,376
4.16,1.10,1.10,0.01,0.01,0.01,475,435,431,333,376
3.87,0.95,0.95,0.03,0.03,0.03,475,434,431,332,376
3.99,0.98,0.98,0.04,0.04,0.04,475,434,431,332,376
3.84,1.08,1.08,0.04,0.04,0.04,475,435,431,332,376
4.01,1.12,1.12,0.05,0.05,0.05,475,435,431,332,376
4.00,0.88,0.88,0.04,0.04,0.04,475,435,431,332,376
4.14,0.98,0.98,0.04,0.04,0.04,475,435,431,332,376
3.97,0.85,0.85,0.04,0.04,0.04,475,435,431,332,376
3.98,0.97,0.97,0.03,0.03,0.03,475,435,431,332,376
3.96,1.06,1.06,0.03,0.03,0.03,475,435,431,333,376
4.00,1.08,1.08,0.03,0.03,0.03,475,435,431,332,376
4.04,1.03,1.03,0.03,0.03,0.03,475,434,431,332,376
4.22,1.00,1.00,0.03,0.03,0.03,475,435,431,332,376
3.96,1.07,1.07,0.03,0.03,0.03,475,435,431,332,376
4.03,1.13,1.13,0.03,0.03,0.03,475,435,431,332,376
3.85,0.88,0.88,0.03,0.03,0.03,475,435,431,332,376
3.93,1.01,1.01,0.04,0.04,0.04,475,435,431,332,376
4.00,1.00,1.00,0.02,0.02,0.02,475,435,431,332,376
3.94,0.95,0.95,0.02,0.02,0.02,475,435,431,332,376
3.91,1.13,1.13,0.02,0.02,0.02,475,435,431,332,376
4.13,1.11,1.11,0.02,0.02,0.02,474,435,431,332,376
3.92,1.05,1.05,0.03,0.03,0.03,474,434,431,332,376
4.22,1.07,1.07,0.04,0.04,0.04,474,434,431,332,375
3.94,0.98,0.98,0.03,0.03,0.03,474,435,431,332,375
4.01,1.11,1.11,0.02,0.02,0.02,474,435,431,332,376
4.03,1.16,1.16,0.04,0.04,0.04,475,435,431,332,376
3.93,0.98,0.98,0.03,0.03,0.03,475,435,431,332,376
4.23,1.16,1.16,0.03,0.03,0.03,475,435,431,332,376
3.89,1.10,1.10,0.03,0.03,0.03,475,435,431,332,376
3.88,1.10,1.10,0.03,0.03,0.03,475,435,431,332,376
END
3.75,1.04,1.04,0.01,0.01,0.01,474,434,431,332,375
4.08,1.13,1.13,0.03,0.03,0.03,474,434,431,332,375
3.99,1.02,1.02,0.03,0.03,0.03,474,435,431,332,375
4.08,1.21,1.21,0.03,0.03,0.03,474,434,431,332,375
3.80,1.00,1.00,0.03,0.03,0.03,474,434,431,332,375
3.88,1.16,1.16,0.04,0.04,0.04,474,434,431,332,375
3.88,0.90,0.90,0.03,0.03,0.03,474,434,431,332,375
4.19,1.16,1.16,0.02,0.02,0.02,474,434,431,332,375
3.76,1.19,1.19,0.02,0.02,0.02,474,435,431,332,375
3.93,1.17,1.17,0.03,0.03,0.03,474,434,431,332,375
4.26,1.21,1.21,0.03,0.03,0.03,474,434,431,332,375
3.96,1.23,1.23,0.03,0.03,0.03,474,434,431,332,375
3.82,1.02,1.02,0.03,0.03,0.03,474,434,431,332,375
3.93,1.14,1.14,0.03,0.03,0.03,474,434,431,332,375
4.08,1.09,1.09,0.04,0.04,0.04,474,434,431,332,375
3.94,0.99,0.99,0.04,0.04,0.04,474,434,431,332,375
4.15,1.21,1.21,0.04,0.04,0.04,474,434,431,332,375
4.08,1.04,1.04,0.03,0.03,0.03,474,434,431,332,375
4.04,1.12,1.12,0.03,0.03,0.03,474,434,431,332,375
4.06,1.21,1.21,0.03,0.03,0.03,474,434,431,332,375
3.88,1.26,1.26,0.03,0.03,0.03,474,434,431,332,375
4.10,1.19,1.19,0.03,0.03,0.03,474,434,431,332,375
3.83,1.21,1.21,0.02,0.02,0.02,474,434,431,332,375
3.89,1.14,1.14,0.02,0.02,0.02,474,434,431,332,375
4.03,1.22,1.22,0.03,0.03,0.03,474,434,431,332,375
3.98,1.17,1.17,0.02,0.02,0.02,474,434,431,332,375
4.05,1.27,1.27,0.03,0.03,0.03,474,434,431,332,375
4.05,1.24,1.24,0.05,0.05,0.05,474,434,431,333,375
4.08,1.21,1.21,0.05,0.05,0.05,474,434,431,333,375
3.75,1.15,1.15,0.05,0.05,0.05,474,434,431,332,375
3.52,1.07,1.07,0.06,0.06,0.06,474,434,431,332,375
4.03,1.00,1.00,0.04,0.04,0.04,474,434,431,332,375
4.24,1.27,1.27,0.04,0.04,0.04,474,434,431,332,375
3.88,1.12,1.12,0.05,0.05,0.05,474,434,431,332,375
3.98,1.08,1.08,0.05,0.05,0.05,474,434,430,332,375
3.75,1.07,1.07,0.03,0.03,0.03,474,434,430,332,375
3.83,1.06,1.06,0.04,0.04,0.04,474,434,431,332,375
3.93,0.98,0.98,0.01,0.01,0.01,474,434,431,332,375
4.03,1.26,1.26,0.03,0.03,0.03,474,434,431,332,375
3.94,1.14,1.14,0.02,0.02,0.02,474,434,431,333,375
3.88,1.18,1.18,0.04,0.04,0.04,474,434,431,332,375
END
3.83,1.00,1.00,0.03,0.03,0.03,474,434,431,332,375
3.93,1.26,1.26,0.03,0.03,0.03,474,434,431,332,375
4.01,1.31,1.31,0.03,0.03,0.03,473,434,431,332,375
3.86,1.18,1.18,0.04,0.04,0.04,474,433,431,332,375
3.87,1.23,1.23,0.03,0.03,0.03,473,434,430,332,375
3.75,1.17,1.17,0.05,0.05,0.05,473,434,431,332,375
3.96,1.36,1.36,0.05,0.05,0.05,473,434,431,332,375
3.91,1.11,1.11,0.05,0.05,0.05,474,434,431,332,375
3.88,1.09,1.09,0.03,0.03,0.03,474,434,431,332,375
3.79,1.20,1.20,0.03,0.03,0.03,474,434,431,333,375
3.85,1.08,1.08,0.03,0.03,0.03,474,434,431,333,375
3.73,1.16,1.16,0.04,0.04,0.04,473,434,431,332,375
3.95,1.16,1.16,0.03,0.03,0.03,473,434,431,332,375
3.83,1.14,1.14,0.03,0.03,0.03,473,434,431,333,375
4.03,1.23,1.23,0.04,0.04,0.04,473,434,430,332,375
3.98,1.18,1.18,0.03,0.03,0.03,473,434,431,332,375
3.97,1.16,1.16,0.03,0.03,0.03,473,434,430,332,375
3.98,1.24,1.24,0.03,0.03,0.03,473,434,431,332,375
4.00,1.24,1.24,0.03,0.03,0.03,474,434,431,332,375
4.01,1.20,1.20,0.03,0.03,0.03,474,434,431,332,375
3.96,1.20,1.20,0.04,0.04,0.04,474,434,431,332,375
4.03,1.19,1.19,0.02,0.02,0.02,474,434,431,333,375
3.93,1.24,1.24,0.02,0.02,0.02,474,434,431,332,375
3.85,1.17,1.17,0.03,0.03,0.03,473,434,431,332,375
4.08,1.18,1.18,0.02,0.02,0.02,473,434,430,332,375
3.91,1.23,1.23,0.03,0.03,0.03,473,434,430,332,375
3.85,1.13,1.13,0.04,0.04,0.04,473,434,431,332,375
4.01,1.23,1.23,0.02,0.02,0.02,473,434,431,332,375
4.05,1.23,1.23,0.03,0.03,0.03,473,434,430,332,375
3.88,1.18,1.18,0.04,0.04,0.04,473,434,431,333,375
4.03,1.22,1.22,0.03,0.03,0.03,473,434,431,332,375
3.92,1.26,1.26,0.03,0.03,0.03,473,434,431,332,375
3.96,1.22,1.22,0.03,0.03,0.03,473,434,431,332,375
3.98,1.21,1.21,0.02,0.02,0.02,473,434,431,333,375
4.01,1.18,1.18,0.03,0.03,0.03,473,434,431,333,375
3.96,1.39,1.39,0.02,0.02,0.02,473,434,430,332,375
3.90,1.27,1.27,0.04,0.04,0.04,473,434,430,332,375
3.93,1.21,1.21,0.03,0.03,0.03,473,434,430,332,375
3.99,1.28,1.28,0.03,0.03,0.03,473,434,430,332,375
4.03,1.36,1.36,0.03,0.03,0.03,473,434,430,333,375
3.97,1.26,1.26,0.03,0.03,0.03,473,434,430,332,375
END
3.91,1.17,1.17,-0.01,-0.01,-0.01,473,433,431,332,375
3.90,1.27,1.27,0.03,0.03,0.03,473,433,430,333,375
3.90,1.11,1.11,0.02,0.02,0.02,473,433,430,332,375
4.06,1.37,1.37,0.02,0.02,0.02,473,433,430,332,375
3.93,1.26,1.26,0.04,0.04,0.04,473,433,430,332,375
4.02,1.17,1.17,0.04,0.04,0.04,473,433,430,332,375
3.93,1.23,1.23,0.03,0.03,0.03,473,433,430,333,375
3.98,1.27,1.27,0.03,0.03,0.03,473,433,430,332,375
4.05,1.19,1.19,0.04,0.04,0.04,473,433,430,332,375
3.95,1.08,1.08,0.03,0.03,0.03,473,433,430,333,375
3.80,1.28,1.28,0.03,0.03,0.03,473,433,431,333,375
4.01,1.23,1.23,0.03,0.03,0.03,473,433,430,332,375
4.01,1.32,1.32,0.03,0.03,0.03,473,433,430,333,375
3.80,1.22,1.22,0.03,0.03,0.03,473,433,430,333,375
3.88,1.28,1.28,0.02,0.02,0.02,473,433,430,332,375
4.02,1.34,1.34,0.04,0.04,0.04,473,433,430,332,375
3.98,1.17,1.17,0.04,0.04,0.04,473,433,430,332,375
4.02,1.33,1.33,0.03,0.03,0.03,473,433,430,333,375
3.58,1.25,1.25,0.04,0.04,0.04,473,433,430,333,375
4.07,1.21,1.21,0.04,0.04,0.04,473,433,430,332,375
3.69,1.32,1.32,0.04,0.04,0.04,473,433,430,333,375
4.10,1.26,1.26,0.04,0.04,0.04,473,433,430,333,375
3.91,1.26,1.26,0.03,0.03,0.03,473,433,430,333,375
3.96,1.20,1.20,0.03,0.03,0.03,473,433,430,333,375
3.93,1.27,1.27,0.03,0.03,0.03,473,433,430,333,375
3.81,1.33,1.33,0.02,0.02,0.02,473,433,430,332,374
3.88,1.18,1.18,0.04,0.04,0.04,473,433,430,332,375
3.96,1.21,1.21,0.03,0.03,0.03,473,433,430,333,375
3.71,1.26,1.26,0.03,0.03,0.03,472,433,430,333,375
3.98,1.31,1.31,0.03,0.03,0.03,473,433,430,333,375
3.87,1.17,1.17,0.04,0.04,0.04,472,433,430,333,375
3.82,1.18,1.18,0.03,0.03,0.03,473,433,430,333,375
3.98,1.26,1.26,0.03,0.03,0.03,473,433,430,332,375
3.71,1.21,1.21,0.03,0.03,0.03,473,433,430,333,375
3.75,1.17,1.17,0.03,0.03,0.03,473,433,430,333,375
3.94,1.28,1.28,0.03,0.03,0.03,473,433,430,333,375
4.06,1.31,1.31,0.03,0.03,0.03,473,433,430,333,375
3.91,1.33,1.33,0.04,0.04,0.04,472,433,430,333,375
3.77,1.13,1.13,0.03,0.03,0.03,472,433,430,333,375
3.89,1.30,1.30,0.04,0.04,0.04,473,433,430,333,375
3.84,1.31,1.31,0.03,0.03,0.03,472,433,430,332,375
END
4.00,1.30,1.30,0.04,0.04,0.04,473,432,430,332,375
4.17,1.16,1.16,0.00,0.00,0.00,473,432,430,332,375
4.22,1.26,1.26,0.03,0.03,0.03,473,432,430,332,375
3.91,1.00,1.00,0.03,0.03,0.03,473,432,430,332,375
3.68,1.15,1.15,0.01,0.01,0.01,473,432,430,332,375
3.97,1.35,1.35,0.02,0.02,0.02,473,432,430,332,375
4.09,1.34,1.34,0.02,0.02,0.02,473,432,430,332,375
4.02,1.21,1.21,0.03,0.03,0.03,472,432,430,332,375
3.83,1.18,1.18,0.02,0.02,0.02,473,432,430,332,375
3.93,1.44,1.44,0.02,0.02,0.02,473,432,430,332,375
3.85,1.23,1.23,0.02,0.02,0.02,472,432,430,332,375
3.69,1.28,1.28,0.03,0.03,0.03,473,432,430,332,375
3.86,1.36,1.36,0.04,0.04,0.04,473,432,430,332,375
3.99,1.26,1.26,0.03,0.03,0.03,472,432,430,332,375
3.86,1.32,1.32,0.04,0.04,0.04,473,432,430,332,375
3.70,1.19,1.19,0.02,0.02,0.02,473,432,430,332,375
3.98,1.31,1.31,0.01,0.01,0.01,472,432,430,332,375
3.88,1.45,1.45,0.03,0.03,0.03,472,432,430,332,375
3.88,1.23,1.23,0.04,0.04,0.04,472,432,430,332,375
3.78,1.26,1.26,0.03,0.03,0.03,472,432,430,332,375
3.82,1.35,1.35,0.05,0.05,0.05,472,432,430,332,375
3.88,1.31,1.31,0.04,0.04,0.04,472,432,430,332,375
3.95,1.21,1.21,0.03,0.03,0.03,472,432,430,332,375
4.01,1.36,1.36,0.03,0.03,0.03,472,432,430,332,375
3.85,1.31,1.31,0.03,0.03,0.03,472,432,430,333,375
4.01,1.23,1.23,0.02,0.02,0.02,472,432,430,332,375
3.79,1.31,1.31,0.03,0.03,0.03,472,432,430,332,375
3.89,1.25,1.25,0.03,0.03,0.03,472,432,430,332,375
3.85,1.33,1.33,0.03,0.03,0.03,472,432,430,332,375
3.93,1.50,1.50,0.03,0.03,0.03,472,432,430,332,375
3.94,1.35,1.35,0.04,0.04,0.04,472,432,430,333,375
3.78,1.28,1.28,0.04,0.04,0.04,472,432,430,332,375
3.73,1.34,1.34,0.04,0.04,0.04,472,432,430,332,375
3.89,1.32,1.32,0.03,0.03,0.03,472,432,430,333,375
3.98,1.37,1.37,0.03,0.03,0.03,472,432,430,332,375
3.84,1.23,1.23,0.03,0.03,0.03,472,432,430,332,375
3.80,1.23,1.23,0.03,0.03,0.03,472,432,430,332,375
3.70,1.26,1.26,0.03,0.03,0.03,472,432,430,332,375
4.03,1.40,1.40,0.04,0.04,0.04,472,432,430,332,375
3.85,1.31,1.31,0.05,0.05,0.05,472,432,430,333,375
3.94,1.31,1.31,0.03,0.03,0.03,472,432,430,332,375
END
3.80,1.35,1.35,0.03,0.03,0.03,472,432,430,332,375
3.88,1.28,1.28,0.04,0.04,0.04,472,432,430,332,375
3.88,1.21,1.21,0.04,0.04,0.04,472,432,430,332,375
3.93,1.37,1.37,0.04,0.04,0.04,472,432,430,332,375
3.98,1.28,1.28,0.02,0.02,0.02,472,432,430,332,375
3.81,1.28,1.28,0.03,0.03,0.03,472,432,430,332,375
3.84,1.16,1.16,0.04,0.04,0.04,472,432,430,332,375
3.89,1.32,1.32,0.02,0.02,0.02,472,432,430,332,375
4.03,1.34,1.34,0.04,0.04,0.04,472,432,430,332,375
3.91,1.27,1.27,0.04,0.04,0.04,472,432,430,332,375
3.84,1.29,1.29,0.03,0.03,0.03,472,432,430,334,375
3.88,1.32,1.32,0.03,0.03,0.03,472,432,430,332,375
3.84,1.23,1.23,0.03,0.03,0.03,472,432,430,332,375
4.03,1.29,1.29,0.04,0.04,0.04,472,432,430,332,375
3.87,1.26,1.26,0.03,0.03,0.03,472,432,430,333,375
3.80,1.29,1.29,0.04,0.04,0.04,472,432,430,332,375
4.00,1.20,1.20,0.05,0.05,0.05,472,432,430,332,375
3.88,1.24,1.24,0.03,0.03,0.03,472,432,430,332,375
3.86,1.28,1.28,0.03,0.03,0.03,472,432,430,332,375
4.01,1.26,1.26,0.04,0.04,0.04,472,432,430,331,375
3.94,1.10,1.10,0.03,0.03,0.03,472,432,430,332,374
3.93,1.26,1.26,0.03,0.03,0.03,472,432,430,332,375
3.98,1.25,1.25,0.03,0.03,0.03,472,432,430,332,375
3.91,1.18,1.18,0.02,0.02,0.02,472,432,430,332,375
3.85,1.42,1.42,0.03,0.03,0.03,472,432,430,332,375
4.00,1.11,1.11,0.04,0.04,0.04,472,432,430,332,375
3.87,1.29,1.29,0.04,0.04,0.04,472,432,430,332,375
4.11,1.35,1.35,0.03,0.03,0.03,472,432,430,332,375
3.67,1.13,1.13,0.03,0.03,0.03,472,432,430,333,375
3.89,1.35,1.35,0.02,0.02,0.02,472,432,430,332,375
3.78,1.26,1.26,0.03,0.03,0.03,472,432,430,332,375
3.97,1.25,1.25,0.03,0.03,0.03,472,432,430,332,375
3.85,1.28,1.28,0.03,0.03,0.03,472,432,430,332,374
3.87,1.28,1.28,0.04,0.04,0.04,472,432,430,332,374
3.80,1.21,1.21,0.04,0.04,0.04,472,432,430,332,375
3.68,1.28,1.28,0.04,0.04,0.04,472,432,430,332,375
3.80,1.21,1.21,0.04,0.04,0.04,472,432,430,333,375
3.88,1.21,1.21,0.03,0.03,0.03,472,432,430,332,375
3.92,1.34,1.34,0.03,0.03,0.03,472,432,430,332,374
3.85,1.21,1.21,0.03,0.03,0.03,472,432,430,332,375
3.81,1.25,1.25,0.04,0.04,0.04,472,432,430,332,375
END
3.88,1.24,1.24,0.03,0.03,0.03,471,431,429,332,375
3.85,1.26,1.26,0.04,0.04,0.04,471,431,429,332,376
3.98,1.06,1.06,0.03,0.03,0.03,471,431,429,332,376
4.04,1.07,1.07,0.04,0.04,0.04,471,431,429,333,375
3.81,1.22,1.22,0.05,0.05,0.05,471,431,429,333,376
3.98,0.90,0.90,0.03,0.03,0.03,471,431,429,332,376
3.93,1.17,1.17,0.01,0.01,0.01,471,431,429,332,376
3.82,1.30,1.30,0.05,0.05,0.05,471,431,429,332,376
4.13,1.13,1.13,0.04,0.04,0.04,471,431,429,332,376
3.95,1.22,1.22,0.04,0.04,0.04,470,431,429,333,375
4.13,1.12,1.12,0.02,0.02,0.02,470,431,429,333,376
4.01,1.21,1.21,0.03,0.03,0.03,470,431,429,332,375
3.79,1.09,1.09,0.02,0.02,0.02,470,431,429,332,375
3.92,1.19,1.19,0.02,0.02,0.02,470,431,429,332,376
3.91,1.13,1.13,0.02,0.02,0.02,470,431,429,332,376
4.00,1.13,1.13,0.01,0.01,0.01,470,431,429,332,376
3.99,1.34,1.34,0.03,0.03,0.03,470,431,429,332,376
4.06,1.16,1.16,0.02,0.02,0.02,470,431,429,332,376
3.91,1.35,1.35,0.02,0.02,0.02,470,431,429,332,376
4.12,1.24,1.24,0.06,0.06,0.06,469,431,429,332,376
4.04,1.25,1.25,0.01,0.01,0.01,469,430,429,333,375
3.84,1.34,1.34,0.02,0.02,0.02,469,430,429,332,375
3.71,1.18,1.18,0.04,0.04,0.04,469,430,429,332,375
3.75,1.21,1.21,0.03,0.03,0.03,469,430,429,332,375
3.91,1.19,1.19,0.04,0.04,0.04,468,430,429,332,375
3.84,1.26,1.26,0.02,0.02,0.02,468,430,429,332,375
3.68,1.31,1.31,0.04,0.04,0.04,469,430,429,332,376
4.06,1.46,1.46,0.04,0.04,0.04,468,430,429,332,376
4.02,1.21,1.21,0.03,0.03,0.03,468,430,429,332,376
4.00,1.29,1.29,0.02,0.02,0.02,468,430,429,332,375
3.70,1.38,1.38,0.04,0.04,0.04,468,430,429,332,376
3.86,1.16,1.16,0.04,0.04,0.04,468,430,428,332,375
3.96,1.30,1.30,0.04,0.04,0.04,468,430,428,332,375
4.16,1.25,1.25,0.03,0.03,0.03,468,430,428,332,375
3.78,1.18,1.18,0.05,0.05,0.05,468,430,428,332,375
3.96,1.23,1.23,0.05,0.05,0.05,468,430,428,332,376
3.88,1.17,1.17,0.02,0.02,0.02,468,430,428,332,376
3.91,1.25,1.25,0.03,0.03,0.03,468,430,428,332,376
3.85,1.24,1.24,0.03,0.03,0.03,468,430,428,332,376
3.92,1.16,1.16,0.02,0.02,0.02,468,430,428,332,376
3.84,1.21,1.21,0.03,0.03,0.03,468,430,428,332,376
END
3.98,1.26,1.26,0.03,0.03,0.03,467,429,428,332,374
3.85,1.26,1.26,0.02,0.02,0.02,467,429,428,332,374
3.91,1.26,1.26,0.04,0.04,0.04,467,429,428,332,374
3.76,1.16,1.16,0.03,0.03,0.03,467,430,428,332,374
3.75,1.18,1.18,0.02,0.02,0.02,467,429,428,332,374
3.88,1.24,1.24,0.03,0.03,0.03,467,429,428,333,374
4.01,1.25,1.25,0.03,0.03,0.03,467,430,428,332,375
3.99,1.22,1.22,0.03,0.03,0.03,467,430,428,332,375
3.98,1.19,1.19,0.04,0.04,0.04,467,430,428,332,375
4.01,1.28,1.28,0.03,0.03,0.03,467,430,428,332,374
3.84,1.26,1.26,0.04,0.04,0.04,467,430,428,332,375
3.83,1.13,1.13,0.03,0.03,0.03,467,429,428,332,375
3.83,1.26,1.26,0.02,0.02,0.02,467,429,428,332,375
4.10,1.43,1.43,0.03,0.03,0.03,467,429,428,332,374
3.95,1.26,1.26,0.03,0.03,0.03,467,429,428,332,375
4.00,1.27,1.27,0.04,0.04,0.04,467,429,428,332,374
3.84,1.29,1.29,0.03,0.03,0.03,467,429,428,332,375
3.93,1.22,1.22,0.04,0.04,0.04,467,430,428,332,375
3.97,1.26,1.26,0.05,0.05,0.05,467,430,428,332,375
3.95,1.20,1.20,0.04,0.04,0.04,467,430,428,332,375
3.88,1.31,1.31,0.04,0.04,0.04,467,430,428,332,375
3.91,1.03,1.03,0.02,0.02,0.02,467,430,428,332,375
3.80,1.16,1.16,0.02,0.02,0.02,467,429,428,333,374
4.00,1.27,1.27,0.03,0.03,0.03,467,429,428,332,374
4.22,1.23,1.23,0.04,0.04,0.04,467,429,428,333,374
3.88,1.17,1.17,0.04,0.04,0.04,467,429,428,332,375
3.84,1.23,1.23,0.04,0.04,0.04,467,430,428,332,374
3.88,1.03,1.03,0.02,0.02,0.02,467,430,428,333,374
3.88,1.50,1.50,-0.00,-0.00,-0.00,467,430,428,332,374
3.58,1.49,1.49,-0.01,-0.01,-0.01,467,430,428,332,375
3.50,1.46,1.46,-0.00,-0.00,-0.00,467,430,428,332,375
4.19,1.10,1.10,0.01,0.01,0.01,467,430,428,332,375
4.18,1.12,1.12,0.00,0.00,0.00,467,430,428,332,374
3.85,1.45,1.45,0.03,0.03,0.03,467,429,428,332,374
3.71,1.21,1.21,0.05,0.05,0.05,467,429,428,332,374
3.75,1.16,1.16,0.03,0.03,0.03,467,429,428,332,374
3.87,1.17,1.17,0.02,0.02,0.02,467,429,428,332,374
4.08,1.36,1.36,0.03,0.03,0.03,467,429,428,332,374
4.06,1.17,1.17,0.04,0.04,0.04,467,429,428,332,374
3.95,1.21,1.21,0.05,0.05,0.05,467,430,428,332,375
3.86,1.22,1.22,0.05,0.05,0.05,467,429,428,332,374
END
3.84,1.21,1.21,0.05,0.05,0.05,467,429,428,332,374
4.03,1.29,1.29,0.04,0.04,0.04,467,429,428,332,374
3.88,1.26,1.26,0.02,0.02,0.02,466,429,428,332,374
3.96,1.36,1.36,0.03,0.03,0.03,467,429,428,332,374
4.08,1.26,1.26,0.04,0.04,0.04,466,429,428,332,374
3.78,1.23,1.23,0.04,0.04,0.04,466,429,428,332,374
3.82,1.19,1.19,0.03,0.03,0.03,467,429,428,332,374
4.26,1.23,1.23,0.03,0.03,0.03,467,429,428,332,374
3.95,1.24,1.24,0.03,0.03,0.03,467,429,428,333,375
3.90,1.24,1.24,0.02,0.02,0.02,467,429,428,332,374
3.82,1.23,1.23,0.03,0.03,0.03,467,429,428,332,374
4.08,1.25,1.25,0.03,0.03,0.03,467,429,428,332,374
3.92,1.27,1.27,0.03,0.03,0.03,467,429,428,332,374
3.91,1.31,1.31,0.03,0.03,0.03,467,429,428,332,374
4.03,1.37,1.37,0.03,0.03,0.03,466,429,428,332,374
4.05,1.38,1.38,0.03,0.03,0.03,467,429,428,332,374
3.88,1.21,1.21,0.03,0.03,0.03,467,429,428,332,374
3.85,1.39,1.39,0.03,0.03,0.03,467,429,428,332,375
4.13,1.41,1.41,0.03,0.03,0.03,466,429,428,332,374
3.98,1.33,1.33,0.02,0.02,0.02,467,429,428,332,374
4.08,1.34,1.34,0.04,0.04,0.04,467,429,428,332,374
4.06,1.23,1.23,0.03,0.03,0.03,467,429,428,332,374
3.97,1.35,1.35,0.02,0.02,0.02,467,429,428,333,374
3.98,1.32,1.32,0.02,0.02,0.02,467,429,428,332,374
3.89,1.27,1.27,0.03,0.03,0.03,466,429,428,332,375
3.89,1.34,1.34,0.02,0.02,0.02,466,429,427,332,374
4.03,1.36,1.36,0.04,0.04,0.04,466,429,428,332,374
3.78,1.30,1.30,0.03,0.03,0.03,466,429,428,332,374
4.03,1.51,1.51,0.02,0.02,0.02,466,429,428,332,374
3.80,1.28,1.28,0.03,0.03,0.03,466,429,428,332,374
4.01,1.31,1.31,0.03,0.03,0.03,467,429,428,332,374
4.03,1.39,1.39,0.03,0.03,0.03,467,429,428,332,374
3.91,1.40,1.40,0.04,0.04,0.04,467,429,428,332,374
3.83,1.27,1.27,0.04,0.04,0.04,467,429,428,332,374
4.03,1.44,1.44,0.04,0.04,0.04,467,429,428,332,374
3.79,1.32,1.32,0.03,0.03,0.03,466,429,428,332,374
3.92,1.36,1.36,0.03,0.03,0.03,466,429,428,333,374
4.12,1.34,1.34,0.03,0.03,0.03,466,429,428,332,374
4.06,1.41,1.41,0.04,0.04,0.04,466,429,428,332,374
3.86,1.34,1.34,0.04,0.04,0.04,466,429,428,332,374
3.91,1.38,1.38,0.04,0.04,0.04,466,429,428,332,374
END
4.11,1.31,1.31,0.03,0.03,0.03,466,429,428,332,374
3.84,1.29,1.29,0.03,0.03,0.03,466,429,428,332,374
3.87,1.31,1.31,0.01,0.01,0.01,466,429,428,332,374
3.90,1.26,1.26,0.03,0.03,0.03,466,429,428,332,374
4.05,1.21,1.21,0.04,0.04,0.04,466,429,427,332,375
4.15,1.41,1.41,0.04,0.04,0.04,466,429,427,332,374
3.94,1.31,1.31,0.04,0.04,0.04,466,429,427,332,374
3.92,1.25,1.25,0.03,0.03,0.03,466,429,428,332,374
3.85,1.25,1.25,0.03,0.03,0.03,466,429,428,332,374
3.98,1.28,1.28,0.04,0.04,0.04,466,429,428,333,374
4.00,1.27,1.27,0.04,0.04,0.04,466,429,428,332,374
3.98,1.41,1.41,0.03,0.03,0.03,466,429,428,332,374
3.87,1.39,1.39,0.02,0.02,0.02,466,429,428,333,374
3.86,1.18,1.18,0.02,0.02,0.02,466,429,428,332,374
4.01,1.42,1.42,0.02,0.02,0.02,466,429,428,332,374
4.18,1.49,1.49,0.04,0.04,0.04,466,429,428,332,374
3.84,1.24,1.24,0.03,0.03,0.03,466,429,428,332,374
3.82,1.38,1.38,0.02,0.02,0.02,466,429,428,332,374
4.01,1.36,1.36,0.03,0.03,0.03,466,429,427,332,374
4.01,1.38,1.38,0.03,0.03,0.03,466,429,428,332,374
3.89,1.27,1.27,0.04,0.04,0.04,466,429,428,332,374
4.03,1.36,1.36,0.03,0.03,0.03,466,429,428,333,374
3.99,1.31,1.31,0.04,0.04,0.04,466,429,428,333,374
3.96,1.43,1.43,0.03,0.03,0.03,466,429,428,332,374
4.01,1.42,1.42,0.03,0.03,0.03,466,429,428,332,374
4.08,1.33,1.33,0.03,0.03,0.03,466,429,428,332,374
3.85,1.37,1.37,0.04,0.04,0.04,466,429,428,332,374
3.96,1.26,1.26,0.04,0.04,0.04,466,429,427,332,373
3.96,1.36,1.36,0.03,0.03,0.03,466,429,427,332,374
4.11,1.36,1.36,0.03,0.03,0.03,466,429,427,332,374
3.87,1.28,1.28,0.04,0.04,0.04,466,429,428,332,374
3.93,1.40,1.40,0.04,0.04,0.04,466,429,428,332,374
3.93,1.39,1.39,0.04,0.04,0.04,466,429,428,333,374
3.92,1.31,1.31,0.03,0.03,0.03,466,429,428,332,374
3.95,1.39,1.39,0.03,0.03,0.03,466,429,428,332,374
3.96,1.37,1.37,0.02,0.02,0.02,466,429,428,333,374
3.93,1.31,1.31,0.02,0.02,0.02,466,429,428,332,374
4.05,1.39,1.39,0.03,0.03,0.03,466,429,428,332,374
4.18,1.41,1.41,0.05,0.05,0.05,466,429,428,332,374
3.83,1.41,1.41,0.03,0.03,0.03,466,429,428,332,374
3.74,1.44,1.44,0.03,0.03,0.03,466,429,428,332,374
END
4.10,1.42,1.42,0.03,0.03,0.03,466,429,428,332,374
3.85,1.26,1.26,0.03,0.03,0.03,466,429,428,333,374
4.08,1.39,1.39,0.04,0.04,0.04,466,429,427,332,374
4.08,1.27,1.27,0.02,0.02,0.02,466,429,427,332,374
4.18,1.34,1.34,0.03,0.03,0.03,466,429,428,333,374
4.06,1.28,1.28,0.03,0.03,0.03,466,429,428,332,374
4.12,1.34,1.34,0.04,0.04,0.04,466,429,427,333,374
4.08,1.26,1.26,0.03,0.03,0.03,466,429,427,332,374
4.13,1.25,1.25,0.03,0.03,0.03,466,429,427,332,374
4.11,1.31,1.31,0.04,0.04,0.04,466,429,427,332,374
4.11,1.28,1.28,0.03,0.03,0.03,466,429,427,332,374
4.11,1.31,1.31,0.03,0.03,0.03,466,429,428,333,374
4.04,1.31,1.31,0.03,0.03,0.03,466,429,428,332,374
3.96,1.23,1.23,0.03,0.03,0.03,466,429,428,332,374
4.12,1.34,1.34,0.03,0.03,0.03,466,429,428,333,374
4.16,1.37,1.37,0.04,0.04,0.04,466,429,428,332,374
4.16,1.31,1.31,0.03,0.03,0.03,466,429,427,332,374
4.03,1.39,1.39,0.03,0.03,0.03,466,429,428,332,373
4.02,1.26,1.26,0.02,0.02,0.02,466,429,428,332,374
4.03,1.45,1.45,0.02,0.02,0.02,466,429,428,332,374
4.16,1.34,1.34,0.02,0.02,0.02,466,429,428,333,374
4.06,1.26,1.26,0.02,0.02,0.02,466,429,428,332,374
4.01,1.52,1.52,0.04,0.04,0.04,466,429,428,332,374
4.16,1.34,1.34,0.05,0.05,0.05,466,429,428,332,374
4.17,1.34,1.34,0.04,0.04,0.04,466,429,428,332,374
3.96,1.38,1.38,0.03,0.03,0.03,466,429,428,332,374
3.88,1.40,1.40,0.02,0.02,0.02,466,429,428,332,374
4.12,1.62,1.62,0.03,0.03,0.03,466,429,428,333,374
4.16,1.46,1.46,0.02,0.02,0.02,466,429,427,332,374
4.19,1.40,1.40,0.02,0.02,0.02,466,429,428,332,374
4.07,1.48,1.48,0.03,0.03,0.03,466,429,427,332,373
4.02,1.56,1.56,0.04,0.04,0.04,466,429,427,332,374
3.98,1.43,1.43,0.04,0.04,0.04,466,429,427,332,374
4.24,1.37,1.37,0.05,0.05,0.05,466,429,427,332,374
4.08,1.53,1.53,0.05,0.05,0.05,466,429,428,332,374
4.24,1.45,1.45,0.06,0.06,0.06,466,429,428,333,374
3.88,1.23,1.23,0.06,0.06,0.06,466,429,428,332,374
4.11,1.45,1.45,0.07,0.07,0.07,466,429,428,333,374
4.24,1.15,1.15,0.03,0.03,0.03,466,429,428,332,374
4.08,1.41,1.41,0.02,0.02,0.02,466,429,427,332,374
4.03,1.25,1.25,0.02,0.02,0.02,466,429,427,332,374
END