4.13,-8.26,-2.58,0.03,-0.01,-0.04,510,470,464,340,360
3.91,-8.08,-3.27,0.02,-0.04,-0.03,510,470,464,340,360
3.99,-8.08,-3.42,0.01,-0.03,-0.01,509,470,464,340,360
3.90,-8.03,-3.34,0.04,-0.01,-0.05,509,470,464,340,360
3.84,-8.10,-3.38,0.04,0.00,-0.04,509,470,463,340,360
3.95,-8.42,-3.45,0.03,0.01,-0.02,509,470,463,340,360
4.03,-8.28,-3.47,-0.02,0.00,-0.02,509,470,463,340,360
3.39,-7.86,-3.47,-0.03,0.05,-0.00,509,470,464,340,360
2.28,-6.74,-3.14,0.04,0.15,-0.03,509,470,463,340,360
1.55,-5.81,-2.17,0.24,0.41,-0.08,509,470,463,340,360
2.53,-6.70,-1.77,0.49,0.66,-0.19,509,470,463,341,360
3.71,-7.98,-0.28,0.56,0.80,-0.31,509,470,463,340,360
5.47,-8.99,0.05,0.51,0.92,-0.29,509,470,463,340,360
6.96,-9.32,0.42,0.62,0.87,-0.52,509,470,464,340,360
6.98,-8.31,2.46,0.64,0.86,-0.31,508,470,464,341,360
7.02,-7.72,2.95,0.04,0.57,-0.43,508,470,464,341,360
6.53,-7.01,2.48,-0.11,0.40,-0.35,508,470,464,341,360
7.35,-7.85,2.30,-0.12,0.32,-0.27,508,470,464,342,359
7.06,-8.22,2.15,-0.15,0.18,-0.12,508,470,465,342,359
7.11,-8.73,2.25,-0.32,0.09,0.02,508,470,464,342,360
6.05,-8.07,1.92,-0.41,0.04,0.11,508,470,464,342,359
5.75,-8.16,1.82,-0.43,0.03,0.15,507,470,464,342,360
5.15,-7.59,1.03,-0.46,0.07,0.21,507,470,464,341,360
5.15,-8.38,1.38,-0.47,0.07,0.14,507,470,464,342,359
5.13,-8.69,1.20,-0.54,0.11,0.14,507,469,464,341,359
5.16,-9.07,0.93,-0.76,0.12,0.10,507,469,464,341,359
4.73,-9.26,0.22,-1.00,0.14,0.07,507,469,463,341,359
5.81,-8.44,-0.76,-1.50,0.03,0.07,507,469,463,341,359
5.75,-5.12,-3.01,-1.68,-0.15,-0.02,506,469,462,340,359
5.79,-3.07,-4.17,-0.91,-0.16,-0.03,506,469,462,341,359
4.64,-3.54,-4.57,-0.34,-0.09,0.11,506,469,462,341,360
3.73,-4.66,-5.40,0.05,0.01,0.02,506,469,462,340,359
4.30,-6.53,-5.71,0.17,0.07,-0.01,506,469,462,340,360
4.71,-7.55,-5.73,0.14,0.04,-0.06,506,469,462,340,360
4.90,-7.16,-5.77,0.00,0.02,-0.03,506,469,462,340,359
4.72,-6.75,-5.31,0.02,-0.01,-0.04,505,469,462,340,359
END
4.47,-6.32,-5.38,-0.00,-0.02,0.00,500,464,456,339,354
3.68,-7.59,-4.24,0.08,-0.08,-0.06,500,464,456,339,354
3.46,-8.12,-4.32,0.04,-0.07,-0.04,500,464,456,339,354
3.29,-8.23,-4.24,0.05,-0.04,-0.04,500,464,456,339,354
3.31,-7.90,-4.38,0.01,-0.02,-0.02,500,464,456,339,355
3.32,-7.65,-4.16,0.03,0.01,-0.04,500,464,456,339,354
2.49,-6.88,-4.16,0.08,0.07,-0.03,500,464,456,339,355
2.17,-6.49,-3.68,0.20,0.20,-0.15,500,464,456,339,355
1.13,-6.06,-3.04,0.34,0.53,-0.17,500,464,456,339,355
2.91,-6.88,-2.07,0.51,0.78,-0.27,500,464,456,338,354
4.34,-7.83,-0.51,0.61,0.91,-0.34,500,464,456,338,354
5.11,-8.17,-0.15,0.56,0.91,-0.29,500,464,456,339,354
5.85,-8.31,1.17,0.59,0.87,-0.26,499,464,459,339,355
6.54,-9.38,1.87,0.26,0.75,-0.19,499,465,462,340,357
8.11,-8.79,2.13,0.15,0.78,-0.27,499,465,463,341,358
8.28,-8.46,2.74,-0.07,0.52,-0.30,499,465,464,341,358
7.28,-7.82,1.77,-0.16,0.36,-0.18,499,465,464,342,358
6.53,-7.71,2.10,-0.28,0.26,-0.18,499,465,464,343,358
5.94,-7.58,1.69,-0.21,0.19,-0.19,499,465,464,343,358
5.99,-8.61,1.60,-0.27,0.17,-0.14,498,464,463,343,358
6.57,-9.30,1.95,-0.32,0.10,-0.19,498,464,463,343,358
6.63,-10.11,1.91,-0.55,0.04,0.00,498,464,463,343,357
7.24,-10.52,1.57,-0.76,-0.01,0.06,498,464,462,342,357
6.07,-9.65,1.16,-1.12,-0.06,0.23,497,464,462,342,357
6.09,-8.00,0.57,-1.34,-0.14,0.17,497,464,462,341,357
5.67,-5.88,-0.81,-1.48,-0.18,0.16,497,464,461,340,357
5.46,-3.55,-2.53,-1.47,-0.24,0.10,497,464,461,340,357
4.72,-2.48,-4.47,-0.99,-0.23,0.08,497,463,460,340,357
4.47,-2.29,-5.91,-0.49,-0.16,0.03,496,463,459,340,358
3.26,-3.91,-6.01,0.03,-0.04,-0.06,496,463,459,340,357
4.13,-5.46,-6.30,0.11,0.04,-0.09,496,463,459,340,357
4.41,-6.48,-6.14,0.09,0.11,-0.08,496,463,459,340,357
5.42,-6.45,-6.21,0.07,0.10,-0.06,496,463,458,340,356
5.23,-6.28,-5.99,0.03,0.06,-0.03,496,463,458,340,356
5.36,-6.06,-5.87,0.07,0.01,-0.01,496,463,458,340,356
5.16,-6.06,-6.04,0.01,-0.04,-0.02,496,463,458,340,356
END
4.90,-5.96,-5.74,0.03,-0.03,-0.03,491,460,451,339,354
4.36,-8.06,-3.32,0.10,0.01,-0.06,490,459,451,339,355
4.46,-8.15,-3.78,0.05,0.02,0.01,490,459,451,339,354
4.30,-8.31,-3.14,0.01,0.00,-0.03,490,459,451,339,354
4.44,-8.15,-3.32,-0.02,0.01,0.01,490,459,451,339,354
4.24,-7.85,-3.23,-0.02,0.00,-0.00,490,459,450,339,354
4.20,-7.80,-3.40,-0.00,0.01,0.01,490,459,450,339,354
2.80,-7.12,-3.34,-0.01,0.08,-0.04,490,459,451,339,354
1.37,-6.20,-2.72,0.14,0.31,-0.17,490,459,451,339,355
1.31,-6.09,-1.14,0.44,0.84,0.00,489,459,451,339,355
3.07,-6.81,0.26,0.40,1.00,-0.23,489,459,451,339,354
4.62,-7.82,1.18,0.47,1.11,-0.25,489,459,451,339,354
5.81,-8.54,1.63,0.42,1.15,-0.38,489,460,451,339,354
7.85,-7.87,2.83,0.34,1.09,-0.43,489,460,453,339,355
8.45,-7.80,3.28,0.16,0.78,-0.48,488,460,453,340,356
7.70,-7.80,3.18,-0.03,0.60,-0.40,488,460,453,340,356
8.38,-8.12,3.49,-0.12,0.38,-0.43,488,460,453,340,356
8.45,-7.99,3.00,-0.23,0.15,-0.26,488,460,453,340,356
8.31,-7.99,2.35,-0.37,-0.06,-0.11,488,460,453,340,356
7.42,-7.96,2.25,-0.41,-0.15,0.02,488,460,453,340,356
6.82,-8.23,1.75,-0.51,-0.27,0.07,488,460,453,340,356
6.08,-9.15,1.54,-0.59,-0.31,0.00,488,460,453,340,356
5.61,-9.36,0.90,-0.85,-0.22,0.24,488,460,453,340,356
6.31,-8.78,0.47,-0.99,-0.19,0.16,488,460,453,340,356
5.53,-7.51,-0.41,-1.17,-0.09,0.26,488,460,453,340,356
6.34,-5.74,-1.37,-1.14,-0.13,0.22,487,460,453,340,356
5.79,-4.64,-2.34,-1.03,-0.21,0.15,487,460,453,340,356
4.74,-3.82,-3.65,-0.74,-0.20,0.08,487,460,452,340,356
3.87,-3.70,-4.77,-0.46,-0.11,0.06,487,460,452,340,356
3.65,-3.84,-5.74,-0.20,0.00,0.00,487,460,452,340,356
4.30,-5.12,-5.87,0.06,0.06,-0.07,487,460,452,339,356
4.54,-6.31,-6.02,0.17,0.09,-0.05,487,460,452,340,356
5.33,-7.06,-5.64,0.11,0.06,-0.07,487,460,452,339,356
5.36,-6.87,-5.42,0.02,0.02,-0.02,487,460,452,339,356
5.13,-6.25,-5.45,0.01,-0.03,-0.02,487,460,452,339,356
4.77,-6.31,-5.47,0.05,-0.01,-0.01,487,460,452,339,356
END
4.49,-6.40,-5.41,0.04,-0.01,-0.02,495,460,452,339,355
3.49,-7.71,-3.91,0.04,-0.05,-0.02,494,460,452,339,355
3.44,-7.65,-3.95,0.07,0.03,-0.04,494,460,452,339,355
3.90,-7.96,-3.86,0.04,0.09,-0.02,494,460,452,339,355
4.62,-7.80,-3.59,0.06,0.10,-0.10,493,460,452,339,355
4.26,-7.51,-3.85,0.05,0.08,0.02,493,460,451,339,355
2.42,-6.92,-3.22,0.12,0.15,-0.05,493,460,451,339,355
1.33,-5.93,-2.37,0.24,0.42,-0.15,493,460,452,339,355
2.23,-6.50,-2.25,0.50,0.92,-0.12,493,460,451,339,355
4.17,-7.58,0.21,0.44,0.96,-0.36,492,459,452,339,355
5.91,-8.20,1.24,0.40,1.06,-0.24,492,459,452,339,354
8.03,-8.03,2.18,0.27,0.87,-0.41,491,459,452,339,355
6.86,-7.60,1.23,0.24,0.89,-0.24,491,459,452,339,354
8.02,-8.07,1.57,0.19,0.79,-0.27,491,459,452,339,354
8.25,-7.58,2.22,0.06,0.66,-0.34,491,459,452,339,354
8.31,-8.03,2.02,-0.05,0.40,-0.26,490,459,452,339,354
8.23,-8.45,2.12,-0.06,0.19,-0.19,490,459,452,339,355
8.28,-8.60,1.89,-0.25,-0.01,0.04,490,459,452,339,354
6.48,-9.46,2.68,-0.34,-0.15,-0.03,490,459,452,340,354
5.64,-9.17,2.00,-0.66,-0.04,0.18,490,459,452,340,354
5.50,-9.32,1.88,-0.82,-0.01,-0.02,490,459,452,340,355
5.89,-9.17,1.24,-0.99,0.05,0.12,490,459,452,340,354
7.13,-8.33,0.59,-1.18,-0.06,0.09,490,459,452,340,354
6.68,-7.02,-0.22,-1.32,-0.18,0.09,489,459,452,339,354
6.04,-5.08,-1.45,-1.29,-0.26,0.08,489,459,452,339,354
5.18,-3.12,-3.27,-1.13,-0.32,-0.01,489,459,452,339,354
4.94,-2.33,-4.94,-0.80,-0.33,-0.09,488,458,451,340,355
3.75,-3.51,-5.63,-0.18,-0.15,0.04,488,458,451,340,355
3.63,-4.52,-5.95,0.01,0.00,0.02,488,458,451,340,355
4.98,-5.58,-6.17,0.05,0.10,-0.11,488,458,451,340,355
5.29,-5.86,-6.50,0.08,0.12,-0.05,488,458,451,340,355
6.09,-6.13,-6.19,0.04,0.04,-0.05,488,458,450,340,355
5.34,-5.69,-6.11,0.01,0.00,0.00,488,458,450,340,355
5.43,-5.57,-6.12,0.07,-0.02,-0.03,488,458,450,340,355
4.91,-5.71,-5.78,0.08,-0.02,-0.02,488,458,450,340,355
5.00,-5.51,-5.80,0.10,-0.01,-0.11,488,458,450,340,355
END
5.81,-5.86,-5.82,0.11,-0.05,-0.11,485,458,451,340,355
4.41,-7.43,-3.98,0.05,-0.00,-0.03,485,458,451,340,355
4.49,-7.70,-3.88,0.04,-0.00,-0.03,485,458,451,340,355
4.52,-7.52,-4.26,0.03,0.01,-0.04,485,458,451,340,355
3.88,-7.31,-3.92,0.04,0.04,-0.01,485,458,451,340,355
4.09,-7.83,-3.43,0.07,0.10,-0.03,484,458,451,340,355
3.14,-7.06,-3.63,0.05,0.17,-0.08,484,458,451,340,355
1.69,-5.82,-2.24,0.12,0.43,-0.16,484,458,451,340,355
1.56,-5.75,-1.07,0.54,1.00,-0.13,484,458,451,340,355
3.87,-7.07,0.99,0.41,1.08,-0.30,483,458,451,340,354
6.08,-7.65,0.37,0.43,1.25,-0.34,483,458,451,340,354
8.06,-7.87,2.17,0.36,1.10,-0.31,483,458,451,340,354
7.95,-7.34,2.10,0.26,0.94,-0.30,483,458,451,340,354
8.28,-7.68,2.63,0.18,0.77,-0.28,482,458,451,340,354
8.09,-7.37,3.02,0.04,0.62,-0.28,482,458,451,340,354
8.41,-7.07,2.99,-0.03,0.46,-0.32,482,458,452,340,354
8.15,-7.10,3.17,-0.07,0.30,-0.22,482,458,452,340,355
7.39,-7.46,3.34,-0.15,0.12,-0.24,482,458,452,340,354
7.77,-8.42,3.11,-0.29,0.07,-0.15,482,458,452,340,355
7.91,-8.79,3.21,-0.57,-0.09,-0.17,481,458,452,340,354
7.72,-8.21,2.46,-0.75,-0.14,-0.15,481,457,452,340,354
7.29,-8.22,1.90,-0.80,-0.26,-0.03,481,457,452,340,354
7.44,-8.13,1.54,-0.99,-0.36,0.04,481,457,452,340,354
6.84,-7.57,0.57,-1.16,-0.39,0.08,481,457,452,340,354
6.64,-6.23,-0.77,-1.37,-0.42,0.04,480,457,452,340,354
6.07,-4.64,-1.62,-1.29,-0.38,0.08,480,457,452,340,354
6.05,-3.09,-3.28,-1.36,-0.47,0.07,480,457,452,340,355
4.70,-1.72,-4.86,-0.83,-0.35,0.07,480,457,451,340,355
4.31,-2.18,-6.21,-0.18,-0.18,0.01,480,457,451,340,355
4.45,-3.64,-5.68,0.21,0.04,-0.05,480,457,451,340,355
5.30,-5.23,-6.12,0.14,0.09,-0.09,480,457,451,340,355
5.83,-5.76,-6.16,0.12,0.12,-0.09,479,456,450,340,354
6.14,-5.87,-6.09,0.07,0.08,-0.05,479,456,450,340,355
6.14,-5.58,-5.82,0.04,0.04,-0.03,479,456,450,340,355
6.16,-5.27,-5.67,0.06,0.02,-0.02,479,456,450,340,354
6.00,-5.05,-5.62,0.04,-0.02,0.02,479,456,449,340,353
END
6.20,-5.06,-5.88,0.13,-0.04,-0.03,483,456,446,339,355
3.96,-7.57,-4.02,0.04,-0.02,-0.02,483,456,446,339,355
4.05,-7.47,-4.01,0.05,0.01,-0.03,483,456,446,339,355
3.98,-7.54,-3.87,0.07,0.04,-0.03,483,456,446,339,355
4.43,-7.77,-3.52,0.06,0.05,-0.03,483,456,446,339,355
4.61,-7.93,-4.00,0.06,0.06,-0.04,483,455,446,339,355
3.83,-7.55,-4.03,0.07,0.09,-0.00,483,455,446,339,355
2.99,-6.81,-2.91,0.21,0.25,-0.02,483,455,446,340,355
1.03,-5.71,-1.83,0.33,0.53,-0.03,483,455,447,340,355
2.46,-6.30,-1.47,0.59,0.94,-0.21,483,455,447,340,355
4.62,-7.37,0.70,0.48,0.92,-0.30,483,455,447,340,355
5.81,-8.03,0.84,0.47,0.99,-0.28,482,455,447,340,354
6.16,-8.28,1.69,0.36,0.90,-0.23,482,455,448,340,354
6.74,-8.18,1.90,0.36,0.91,-0.27,482,455,448,340,354
7.29,-7.62,3.41,0.24,0.77,-0.28,482,456,448,340,354
6.63,-7.74,3.32,0.14,0.66,-0.22,482,456,448,340,355
7.76,-7.91,3.38,0.18,0.51,-0.20,481,456,449,341,354
7.94,-8.89,3.69,-0.02,0.27,-0.18,481,455,449,340,353
6.66,-8.59,3.58,-0.29,0.15,-0.08,481,455,449,341,354
5.97,-8.33,3.33,-0.43,0.06,-0.13,480,455,449,341,354
5.83,-8.76,3.05,-0.50,0.06,-0.10,480,455,449,341,354
6.13,-8.66,3.03,-0.64,0.05,-0.07,480,455,449,341,354
5.76,-8.63,2.45,-0.77,-0.02,-0.04,480,455,449,342,354
5.77,-8.72,2.13,-0.92,-0.05,0.01,480,455,449,342,354
5.97,-8.20,1.06,-1.13,-0.16,-0.02,480,455,448,341,354
5.94,-7.85,0.75,-1.25,-0.20,-0.07,480,455,448,341,354
6.42,-6.63,-0.78,-1.57,-0.34,-0.05,480,455,447,340,354
5.91,-4.21,-2.83,-1.41,-0.31,0.03,479,455,447,340,354
5.01,-2.99,-4.34,-1.18,-0.31,0.02,479,455,447,340,355
4.36,-2.27,-5.63,-0.48,-0.17,-0.07,479,454,446,340,355
4.29,-3.14,-6.04,0.04,-0.08,-0.09,479,454,446,340,355
4.80,-4.61,-6.22,0.15,-0.02,-0.08,478,454,446,340,355
4.49,-5.81,-6.40,0.24,0.04,-0.10,479,454,446,340,354
5.17,-6.00,-6.44,0.16,0.05,-0.08,479,454,446,340,355
5.39,-6.09,-5.77,0.09,0.04,-0.09,479,454,446,340,355
5.54,-6.09,-5.56,0.06,0.02,-0.01,479,454,446,340,355
END
5.27,-5.64,-5.94,0.05,0.01,-0.02,477,452,442,341,353
4.84,-7.26,-4.18,0.01,-0.00,-0.01,477,452,442,341,354
4.98,-7.17,-4.41,0.02,0.01,-0.03,477,452,442,341,353
4.83,-7.11,-4.54,0.04,-0.00,-0.03,477,452,442,341,353
4.65,-7.18,-4.21,0.05,0.01,-0.01,477,452,442,341,353
4.91,-7.58,-4.30,0.05,0.01,-0.04,477,452,442,341,353
4.54,-7.16,-4.22,0.02,0.01,-0.03,477,453,443,341,354
3.49,-6.59,-3.91,0.08,0.13,-0.05,478,454,444,341,354
2.10,-5.55,-3.83,0.24,0.42,-0.05,478,454,445,341,355
1.80,-5.21,-1.21,0.85,1.02,-0.09,478,454,445,341,355
3.57,-6.25,-0.22,0.80,1.10,-0.19,478,454,446,341,355
3.91,-7.24,1.98,0.78,1.10,-0.58,478,454,445,340,354
7.61,-7.65,3.40,0.08,0.86,-0.60,477,454,445,340,354
7.98,-6.93,2.65,0.16,1.07,-0.53,477,454,445,340,354
8.18,-5.59,3.03,0.23,0.95,-0.40,477,454,445,340,355
9.48,-6.33,3.54,0.09,0.64,-0.36,476,454,445,340,354
8.64,-6.16,4.28,0.05,0.48,-0.26,476,454,445,340,354
8.20,-7.14,4.39,-0.18,0.24,-0.22,476,454,445,340,354
7.66,-7.72,4.47,-0.42,0.13,-0.21,476,454,445,340,354
7.42,-8.11,4.31,-0.69,0.01,-0.18,476,454,445,340,354
8.17,-7.90,4.11,-1.02,-0.13,-0.17,476,454,445,340,354
8.36,-7.65,3.24,-1.31,-0.33,-0.03,476,454,445,340,355
7.33,-7.01,1.83,-1.47,-0.38,-0.01,475,454,445,340,354
7.40,-5.97,-0.17,-1.68,-0.49,0.09,475,453,445,340,354
6.84,-5.13,-1.59,-1.59,-0.46,0.05,475,453,444,340,354
5.96,-3.42,-3.29,-1.25,-0.44,0.06,474,453,445,340,354
5.72,-2.25,-4.54,-0.76,-0.32,0.10,474,453,445,340,354
5.15,-2.17,-5.18,-0.33,-0.20,0.10,474,453,444,340,354
4.80,-3.36,-5.52,0.01,-0.09,0.04,474,453,444,340,354
5.71,-4.72,-5.81,0.13,-0.01,-0.02,474,453,444,340,354
5.97,-5.56,-5.59,0.10,0.02,-0.07,474,453,444,340,354
5.57,-5.41,-5.86,0.11,0.04,-0.06,474,453,444,340,354
5.84,-5.74,-5.69,0.10,0.01,-0.02,474,453,444,340,354
6.07,-5.74,-5.79,0.05,0.01,-0.01,474,453,444,340,354
6.05,-5.74,-5.25,0.03,-0.03,-0.04,474,453,444,340,354
5.58,-5.55,-5.70,0.02,-0.04,-0.00,474,452,444,340,354
END
5.61,-5.54,-5.48,0.05,0.00,-0.04,477,452,442,340,354
4.85,-7.39,-3.78,0.03,-0.01,-0.05,477,452,442,340,353
4.70,-7.22,-4.15,0.04,-0.02,-0.04,477,452,442,340,354
4.76,-7.47,-3.86,0.05,-0.01,-0.03,477,452,442,340,354
4.86,-7.42,-4.04,0.02,-0.01,-0.02,477,452,442,340,353
4.38,-7.07,-4.09,0.04,-0.00,-0.04,477,452,442,340,354
3.78,-6.98,-4.02,0.10,0.13,-0.07,477,452,442,340,354
2.23,-6.40,-3.75,0.13,0.29,-0.08,477,452,442,340,354
2.08,-5.91,-2.12,0.36,0.68,-0.05,476,452,442,340,353
4.05,-6.53,-0.83,0.45,0.80,-0.24,476,452,442,340,353
4.39,-7.37,0.01,0.64,1.17,-0.20,476,452,442,340,353
5.74,-7.53,1.69,0.42,1.13,-0.33,475,452,442,339,353
5.92,-7.19,1.71,0.52,1.28,-0.37,475,452,442,339,353
7.73,-7.30,4.06,0.39,1.03,-0.45,475,452,442,339,353
8.76,-6.99,5.49,0.26,0.86,-0.38,474,452,442,339,353
9.15,-7.62,4.87,0.05,0.51,-0.36,474,452,442,339,353
8.71,-7.72,4.52,-0.19,0.21,-0.28,474,452,442,339,353
7.44,-7.34,3.78,-0.48,0.05,-0.21,474,452,442,339,353
6.75,-7.63,3.64,-0.56,0.01,-0.21,474,452,442,339,353
6.86,-7.54,2.97,-0.73,-0.02,-0.13,474,452,442,340,352
7.08,-7.56,2.76,-0.85,-0.09,-0.09,474,452,442,339,353
6.95,-7.44,1.76,-1.02,-0.13,-0.01,473,452,441,339,352
7.05,-7.51,1.61,-1.02,-0.18,-0.03,473,452,441,339,352
6.95,-7.02,0.33,-1.26,-0.26,0.02,473,452,441,339,352
7.11,-6.43,-0.28,-1.39,-0.36,-0.04,473,452,441,339,353
6.82,-5.08,-1.59,-1.48,-0.42,0.02,473,452,442,340,353
6.25,-3.27,-3.78,-1.25,-0.40,-0.00,473,452,442,340,354
5.78,-2.35,-4.41,-0.86,-0.29,-0.00,473,452,442,339,354
4.59,-1.79,-5.69,-0.37,-0.12,0.02,473,452,442,340,354
4.80,-2.66,-6.73,-0.01,-0.01,-0.06,473,452,442,340,354
5.22,-3.98,-6.42,0.23,0.10,-0.04,473,452,442,340,354
6.32,-5.41,-6.21,0.20,0.12,-0.07,473,452,442,340,354
6.15,-5.38,-5.74,0.09,0.09,-0.03,473,451,441,340,354
6.49,-5.20,-6.00,0.10,0.08,-0.02,473,452,441,340,354
6.42,-5.15,-5.77,0.05,0.03,0.01,472,451,442,340,354
6.67,-4.99,-5.93,0.08,0.03,-0.03,472,451,441,340,354
END
6.31,-5.07,-5.41,0.06,-0.00,-0.02,473,451,440,340,353
4.22,-7.37,-3.98,0.01,-0.01,-0.03,473,451,440,340,353
4.50,-7.39,-3.88,0.03,0.00,-0.02,473,451,440,340,353
4.61,-7.56,-4.24,0.04,0.01,-0.04,473,451,440,340,353
4.49,-7.60,-3.85,0.00,-0.00,-0.01,472,451,440,340,353
4.59,-7.48,-4.27,-0.00,-0.01,-0.05,472,451,440,340,353
3.85,-7.01,-4.54,-0.01,0.02,-0.03,472,451,440,340,353
2.72,-6.53,-4.39,0.02,0.15,-0.07,472,451,440,340,353
1.18,-5.64,-4.29,0.15,0.56,-0.09,472,451,440,340,353
2.24,-5.86,-2.09,0.51,1.04,-0.12,472,451,440,340,353
4.47,-6.97,-0.30,0.43,1.04,-0.22,472,451,440,340,353
4.80,-7.01,0.39,0.44,1.22,-0.23,472,451,440,340,353
6.60,-8.00,2.75,0.31,1.28,-0.25,472,451,440,340,353
6.80,-7.12,2.51,0.32,1.21,-0.23,472,451,441,340,353
8.36,-8.61,4.28,0.34,1.00,-0.39,471,451,441,340,353
9.78,-8.46,4.03,-0.03,0.61,-0.45,471,451,440,340,352
9.78,-8.37,3.80,-0.23,0.32,-0.38,471,451,440,340,353
8.05,-7.85,2.58,-0.37,0.12,-0.24,471,451,441,340,352
7.79,-8.00,2.71,-0.52,-0.00,-0.15,471,451,440,340,352
7.51,-8.69,2.83,-0.67,-0.09,-0.16,471,451,440,340,352
6.79,-8.36,2.07,-0.97,-0.19,-0.08,470,451,440,340,352
7.52,-7.75,1.71,-1.30,-0.32,-0.11,471,451,441,340,352
6.63,-6.66,0.57,-1.46,-0.35,-0.10,470,451,441,340,352
7.13,-5.43,-0.81,-1.73,-0.45,-0.03,470,451,440,340,354
6.87,-3.18,-2.62,-1.49,-0.44,-0.00,470,451,441,340,353
6.45,-1.64,-4.83,-1.22,-0.50,0.03,470,451,440,340,354
5.10,-1.58,-5.74,-0.42,-0.29,0.07,470,451,440,340,354
5.02,-2.26,-6.17,-0.08,-0.12,0.04,470,450,440,340,354
4.94,-3.07,-6.48,0.12,0.01,-0.04,470,450,440,340,354
5.38,-4.04,-5.97,0.19,0.10,-0.03,470,451,440,340,355
5.88,-4.60,-6.27,0.29,0.13,-0.08,470,450,440,340,354
6.45,-5.34,-5.97,0.25,0.11,-0.08,470,450,440,340,354
6.55,-5.44,-5.79,0.16,0.07,-0.03,470,451,440,341,354
6.07,-4.96,-5.88,0.08,0.02,-0.03,470,451,440,341,354
6.45,-5.18,-5.59,0.13,0.05,-0.06,470,451,440,341,354
6.41,-5.09,-5.51,0.08,-0.01,-0.02,470,451,440,341,353
END
6.24,-5.05,-5.69,0.06,-0.01,-0.01,472,451,439,339,353
4.87,-7.43,-3.94,0.04,0.01,-0.04,472,451,439,339,353
5.02,-7.14,-4.23,0.05,0.01,-0.03,472,451,439,339,353
4.92,-7.29,-4.26,0.04,0.01,-0.04,472,451,439,339,353
4.65,-7.12,-3.98,0.03,0.01,-0.04,472,451,439,339,354
4.31,-7.16,-4.09,0.06,0.07,-0.02,472,451,439,339,353
3.25,-7.16,-3.81,0.08,0.20,-0.04,472,451,440,339,353
2.86,-6.96,-3.14,0.05,0.47,-0.11,472,451,439,339,353
2.20,-6.36,-1.77,0.17,0.81,-0.03,472,451,439,339,354
3.80,-6.61,-1.25,0.22,1.01,-0.20,472,451,439,339,353
5.95,-7.90,-1.33,0.29,1.22,-0.20,471,451,440,340,353
6.96,-7.31,0.95,0.19,1.15,-0.29,471,451,441,340,353
7.44,-6.83,1.87,0.22,1.10,-0.16,471,451,441,340,353
8.13,-6.58,2.68,0.14,0.84,-0.29,471,451,441,340,353
7.97,-6.77,3.52,0.16,0.76,-0.26,471,451,441,340,353
8.55,-6.88,3.55,0.05,0.55,-0.35,470,451,441,340,353
8.08,-6.83,3.02,-0.07,0.40,-0.27,470,451,441,340,353
8.46,-6.62,2.99,-0.14,0.19,-0.30,470,451,441,340,353
8.00,-6.95,2.81,-0.19,0.10,-0.14,470,451,441,340,353
8.20,-7.68,2.98,-0.32,-0.04,-0.16,470,451,440,340,353
7.57,-8.36,3.12,-0.47,-0.19,-0.14,470,451,440,340,353
7.77,-8.22,2.34,-0.80,-0.28,-0.07,470,451,440,340,353
7.98,-7.76,1.81,-1.05,-0.38,-0.13,470,451,440,339,353
7.49,-7.50,0.87,-1.21,-0.44,-0.08,470,450,440,339,353
7.00,-5.83,-1.05,-1.39,-0.46,-0.02,470,451,440,339,353
7.00,-4.70,-1.92,-1.36,-0.52,-0.02,470,450,440,339,353
6.32,-3.07,-3.50,-1.16,-0.45,0.07,470,450,440,340,353
5.96,-2.53,-4.05,-0.95,-0.43,0.09,470,450,440,340,353
4.74,-1.59,-5.69,-0.33,-0.17,0.09,470,450,440,340,353
4.82,-2.33,-5.97,-0.02,-0.04,0.09,470,450,440,340,353
5.46,-3.58,-5.88,0.17,0.08,-0.07,470,450,440,339,353
6.19,-4.72,-6.21,0.09,0.10,-0.04,470,450,440,340,353
6.15,-4.54,-6.22,0.11,0.09,-0.10,470,450,440,340,353
6.70,-4.77,-6.05,0.13,0.05,-0.04,470,450,439,340,353
6.65,-5.09,-5.96,0.14,0.01,-0.05,469,450,439,340,353
6.22,-5.07,-5.69,0.09,-0.02,-0.04,469,450,439,340,353
END
5.95,-4.87,-5.81,0.08,0.00,-0.03,470,450,438,338,352
4.36,-7.70,-3.67,0.00,0.07,-0.05,470,450,438,338,352
4.47,-7.86,-3.70,-0.01,0.07,-0.03,471,450,438,339,353
4.29,-7.69,-3.86,-0.02,0.06,-0.03,471,450,438,339,353
4.25,-7.28,-3.74,0.02,0.08,-0.04,470,450,438,339,353
3.68,-7.15,-3.75,0.05,0.14,-0.02,470,450,438,338,353
3.01,-7.16,-3.36,-0.02,0.31,-0.10,470,450,438,339,353
2.23,-6.08,-2.87,0.14,0.60,-0.04,470,450,438,339,353
3.11,-6.85,-2.25,0.34,0.87,-0.17,470,450,438,339,353
4.16,-6.96,-0.39,0.36,0.95,-0.21,470,450,438,339,352
5.22,-6.81,-0.28,0.49,1.08,-0.19,470,450,438,339,352
5.69,-7.44,1.68,0.51,1.02,-0.29,469,450,438,339,352
6.48,-7.08,2.32,0.41,1.11,-0.27,469,450,438,338,352
7.09,-7.57,4.01,0.23,0.93,-0.32,469,450,438,339,352
7.60,-7.49,4.31,0.21,0.84,-0.43,469,450,438,339,352
7.98,-7.66,4.96,0.11,0.65,-0.35,469,450,438,339,352
8.43,-8.31,4.69,-0.19,0.30,-0.37,469,450,438,339,352
7.58,-8.35,4.13,-0.39,0.14,-0.29,469,450,438,339,352
7.53,-8.46,3.78,-0.63,-0.02,-0.24,468,450,438,338,352
7.36,-8.27,3.91,-0.89,-0.16,-0.20,468,450,438,338,352
6.78,-8.20,2.83,-0.99,-0.21,-0.13,468,450,438,339,352
7.96,-7.73,2.04,-1.30,-0.37,-0.11,468,449,438,339,352
6.49,-6.74,0.80,-1.34,-0.36,-0.06,468,450,438,339,352
6.53,-5.81,-0.52,-1.42,-0.33,0.03,468,449,438,339,352
5.62,-4.16,-2.30,-1.19,-0.22,0.06,468,450,438,339,352
6.11,-2.93,-3.19,-0.99,-0.24,-0.02,468,450,438,339,353
5.66,-2.47,-4.48,-0.55,-0.18,0.02,468,450,438,339,352
5.71,-3.07,-4.95,-0.20,-0.13,-0.00,468,450,438,339,353
5.69,-4.01,-5.41,0.05,-0.01,-0.01,468,450,438,339,352
5.80,-4.84,-5.51,0.13,0.06,-0.04,468,450,438,339,353
6.54,-5.80,-5.31,0.19,0.07,-0.06,468,449,437,339,352
6.72,-5.77,-5.20,0.13,0.00,-0.03,468,449,437,339,353
6.85,-5.66,-5.23,0.15,-0.07,-0.04,468,449,437,339,352
6.14,-5.86,-5.11,0.10,-0.11,0.00,468,449,437,339,352
5.64,-5.53,-5.20,0.09,-0.08,-0.04,468,449,437,339,352
6.17,-5.61,-5.22,0.11,-0.04,-0.05,468,450,437,339,352
END
5.99,-5.43,-5.27,0.10,-0.03,-0.02,471,450,440,339,353
5.27,-7.73,-3.00,0.02,0.00,-0.01,471,450,440,339,353
5.00,-7.52,-3.17,0.01,-0.01,-0.01,471,450,439,339,353
5.13,-7.33,-3.09,0.02,-0.01,0.01,471,450,439,339,353
5.05,-7.50,-3.21,0.04,-0.02,-0.06,471,450,439,338,353
4.71,-7.59,-3.19,0.04,0.00,-0.01,471,450,439,339,353
4.13,-7.87,-2.95,0.01,0.06,-0.00,471,450,439,338,353
2.74,-7.47,-2.86,-0.01,0.26,-0.06,471,450,439,339,353
2.23,-6.86,-1.74,0.08,0.66,-0.10,471,450,439,338,353
2.43,-6.35,-1.54,0.19,0.88,-0.25,471,450,439,339,353
6.51,-6.84,0.11,0.15,0.88,-0.61,471,450,439,339,354
5.67,-5.79,-0.07,0.12,1.06,-0.24,471,450,439,339,353
6.93,-5.98,1.46,0.22,1.05,-0.25,470,450,439,339,353
7.87,-6.24,2.43,0.23,1.05,-0.23,470,450,439,339,353
8.08,-6.38,3.11,0.19,0.91,-0.30,470,450,439,338,353
8.98,-7.31,4.62,0.13,0.75,-0.25,469,450,439,339,353
8.25,-6.86,3.70,-0.06,0.55,-0.38,469,450,439,339,353
8.31,-6.70,3.95,-0.14,0.38,-0.22,470,449,439,339,353
8.45,-7.45,3.77,-0.22,0.19,-0.32,469,450,438,339,352
8.20,-8.04,4.13,-0.27,0.13,-0.13,469,450,439,339,353
9.07,-7.87,4.01,-0.65,-0.12,-0.10,469,450,439,339,352
8.20,-7.21,3.58,-0.87,-0.33,-0.11,469,450,439,339,352
7.78,-7.17,3.37,-1.02,-0.43,-0.01,469,450,439,339,352
7.65,-7.02,1.94,-1.25,-0.55,-0.13,469,450,439,339,353
6.60,-6.35,0.64,-1.28,-0.52,-0.20,469,450,439,339,353
6.89,-4.72,-0.50,-1.26,-0.55,-0.20,469,450,439,339,352
5.86,-2.89,-2.33,-1.29,-0.49,0.15,469,449,438,339,352
5.41,-1.71,-4.49,-1.08,-0.46,0.07,469,449,438,339,353
4.85,-1.41,-5.84,-0.33,-0.23,0.04,469,450,438,339,352
5.10,-2.43,-5.78,0.02,-0.05,0.02,469,450,438,340,353
5.51,-3.55,-5.61,0.26,0.08,-0.02,469,449,438,339,353
6.38,-4.79,-5.37,0.25,0.11,-0.02,469,450,438,339,353
6.71,-5.15,-5.67,0.25,0.09,-0.07,469,450,438,339,353
7.09,-5.78,-5.22,0.23,0.06,-0.05,469,449,438,339,353
6.51,-5.66,-5.13,0.16,0.02,0.03,469,450,438,339,353
6.63,-5.48,-5.04,0.12,-0.02,-0.05,469,450,438,339,353
END
6.27,-5.40,-4.79,0.10,-0.02,-0.02,469,449,437,338,352
4.39,-7.47,-4.01,0.03,-0.02,-0.05,469,449,437,339,352
4.13,-7.57,-4.08,0.04,0.02,-0.03,469,449,437,338,352
4.33,-7.71,-3.83,0.02,0.06,-0.02,469,449,437,339,352
4.59,-7.42,-3.85,0.01,0.06,-0.03,469,449,437,338,352
4.62,-7.30,-3.89,0.03,0.09,-0.03,469,449,437,339,352
3.37,-6.76,-3.60,0.06,0.16,-0.03,469,449,437,338,352
1.75,-6.23,-3.23,0.20,0.41,-0.06,469,449,437,339,352
1.94,-6.32,-2.72,0.37,0.78,-0.17,469,449,437,339,352
3.91,-6.75,-0.60,0.37,0.97,-0.26,469,449,437,339,352
5.05,-6.62,-0.38,0.45,1.12,-0.28,469,449,437,339,352
5.92,-6.54,1.74,0.64,1.15,-0.19,468,449,437,338,351
7.16,-7.51,2.86,0.49,0.95,-0.38,468,449,437,339,352
6.68,-7.42,3.61,0.44,0.93,-0.32,468,449,437,338,352
8.06,-7.50,4.63,0.32,0.77,-0.35,468,449,437,339,352
7.82,-6.93,4.60,0.14,0.69,-0.24,468,449,437,338,351
7.87,-7.71,5.25,0.03,0.42,-0.29,468,449,437,339,351
7.49,-8.11,5.23,-0.22,0.17,-0.31,468,449,437,339,351
7.03,-8.12,4.74,-0.45,0.08,-0.23,468,449,437,338,351
6.94,-8.11,4.26,-0.66,-0.07,-0.26,468,449,437,339,351
6.78,-8.28,3.68,-0.85,-0.11,-0.17,468,449,437,338,352
6.96,-8.35,3.46,-1.01,-0.18,-0.15,468,449,437,339,351
7.25,-7.71,2.91,-1.18,-0.24,-0.14,467,449,437,338,352
7.34,-6.86,1.67,-1.43,-0.38,-0.10,467,449,437,338,352
6.76,-5.33,0.16,-1.55,-0.46,-0.08,467,449,437,339,352
6.32,-3.61,-1.78,-1.55,-0.50,-0.02,467,449,437,339,352
5.05,-2.29,-3.68,-1.22,-0.43,-0.01,468,449,437,339,352
4.93,-1.41,-5.09,-0.58,-0.26,-0.04,468,449,438,339,353
4.53,-2.02,-5.57,-0.03,-0.02,0.02,468,449,438,339,353
5.56,-4.19,-4.91,0.24,0.09,-0.04,468,449,438,340,353
6.45,-5.65,-5.00,0.22,0.15,-0.05,468,449,437,339,353
6.74,-5.70,-5.10,0.11,0.12,-0.07,468,449,437,339,354
6.85,-5.57,-5.20,0.15,0.07,-0.05,468,449,437,339,353
7.15,-5.88,-5.08,0.13,0.01,-0.01,467,449,437,339,353
6.04,-5.79,-4.59,0.08,-0.01,-0.02,467,449,437,339,353
6.39,-5.61,-4.52,0.07,0.01,-0.03,467,449,437,339,353
END
6.37,-5.51,-4.64,0.04,0.00,-0.02,470,448,436,338,353
4.48,-7.80,-3.53,-0.01,-0.01,-0.01,470,448,437,338,353
4.47,-7.48,-3.38,-0.02,0.01,-0.02,470,448,437,338,353
4.38,-7.28,-3.51,0.01,0.02,-0.02,470,448,437,338,353
4.57,-7.46,-3.65,0.05,0.05,-0.02,470,448,437,338,353
4.71,-7.42,-3.75,0.04,0.04,-0.06,470,448,437,338,353
3.55,-7.28,-3.63,0.05,0.12,-0.06,470,448,437,338,353
2.62,-6.48,-3.65,0.10,0.37,-0.10,470,448,437,338,353
1.67,-5.89,-2.75,0.29,0.73,-0.12,469,448,438,338,353
3.11,-6.86,-1.15,0.31,0.86,-0.29,469,448,438,338,353
3.79,-6.65,-0.47,0.41,1.14,-0.28,469,448,439,338,354
4.95,-6.73,0.63,0.36,1.18,-0.33,469,448,440,338,354
7.39,-7.29,3.17,0.39,1.18,-0.54,469,448,440,338,354
8.94,-7.14,4.39,0.27,1.11,-0.37,469,448,440,339,354
8.49,-6.77,4.54,0.08,0.83,-0.29,468,448,440,339,354
9.36,-7.10,5.13,-0.02,0.47,-0.45,468,448,440,338,354
8.64,-6.73,4.14,-0.17,0.33,-0.27,468,448,440,339,354
8.05,-6.52,3.76,-0.21,0.12,-0.26,468,448,440,339,353
7.86,-6.75,4.12,-0.32,0.01,-0.12,468,448,439,339,353
7.37,-7.27,3.43,-0.44,-0.08,-0.15,468,448,439,338,353
6.47,-7.48,3.12,-0.52,-0.13,-0.12,467,448,439,339,353
7.59,-7.09,2.72,-0.70,-0.16,-0.09,467,448,439,339,353
7.08,-6.88,2.19,-0.77,-0.18,-0.11,467,448,438,338,353
7.04,-6.67,1.53,-0.84,-0.22,-0.04,467,448,439,339,353
7.57,-6.42,1.05,-1.03,-0.32,-0.07,467,448,438,339,353
7.90,-6.14,-0.15,-1.16,-0.41,-0.10,467,448,439,339,353
7.95,-5.11,-1.17,-1.46,-0.66,-0.04,467,448,439,339,353
6.42,-2.91,-3.76,-1.15,-0.59,0.07,467,448,439,339,353
5.32,-2.23,-4.64,-0.69,-0.51,-0.02,467,448,439,339,353
4.77,-2.16,-5.38,-0.10,-0.17,0.02,467,448,438,339,353
5.26,-4.06,-5.33,-0.00,-0.11,-0.01,467,448,438,339,353
5.79,-4.72,-5.89,0.06,0.01,-0.06,467,448,438,339,353
5.94,-4.89,-5.82,0.05,0.05,-0.02,467,448,438,339,353
6.45,-4.99,-5.58,0.10,0.04,-0.07,467,448,438,339,354
6.06,-5.15,-5.33,0.13,0.04,-0.03,467,448,439,339,353
6.29,-5.18,-5.48,0.07,0.03,-0.03,467,448,438,339,353
END
6.20,-5.08,-5.39,0.07,0.04,-0.06,478,449,437,339,353
3.93,-7.75,-3.55,0.05,0.07,-0.02,478,449,437,339,353
4.14,-7.78,-3.52,0.09,0.11,-0.02,478,449,437,339,353
4.29,-7.73,-3.70,0.07,0.10,-0.01,477,449,437,339,352
4.41,-7.82,-3.34,0.06,0.09,-0.03,477,449,437,339,352
3.98,-7.77,-3.64,0.06,0.07,-0.03,477,449,437,339,352
2.33,-7.12,-3.62,0.06,0.22,-0.09,477,449,437,339,352
1.00,-6.11,-3.23,0.10,0.56,-0.07,477,449,437,339,352
2.08,-6.58,-1.44,0.35,0.89,-0.22,477,449,437,339,352
3.18,-6.93,-0.98,0.31,1.16,-0.27,476,449,437,339,352
4.87,-7.18,1.15,0.56,1.33,-0.44,475,449,437,339,352
6.26,-6.93,1.89,0.21,1.26,-0.38,474,449,436,339,352
6.66,-7.15,4.00,0.38,1.27,-0.48,473,449,436,339,352
7.39,-6.97,4.38,0.07,1.04,-0.48,472,449,436,339,352
8.87,-6.73,5.08,0.16,0.83,-0.52,472,449,436,339,351
8.38,-6.90,4.44,-0.01,0.52,-0.30,471,449,436,338,351
8.41,-6.86,4.80,-0.09,0.29,-0.34,471,448,436,339,351
7.98,-7.59,4.71,-0.27,0.11,-0.27,471,448,436,339,351
7.95,-7.98,4.65,-0.52,-0.02,-0.20,471,448,436,339,351
7.43,-7.77,4.18,-0.80,-0.18,-0.20,471,448,436,339,352
7.46,-7.45,3.24,-0.88,-0.24,-0.16,471,448,436,339,351
8.00,-7.19,2.91,-1.08,-0.39,-0.09,471,449,436,339,351
7.39,-6.70,1.87,-1.19,-0.45,-0.10,471,448,436,339,352
7.39,-5.86,0.26,-1.35,-0.57,-0.01,471,448,436,338,352
6.31,-4.48,-1.36,-1.33,-0.52,-0.04,470,448,435,339,352
5.90,-3.64,-3.22,-1.16,-0.47,0.01,470,448,435,339,352
5.23,-3.04,-3.94,-0.80,-0.35,-0.02,470,448,435,339,352
5.42,-2.81,-5.15,-0.37,-0.15,0.05,470,448,435,339,352
5.79,-3.29,-5.46,-0.09,-0.07,-0.07,470,448,435,339,352
5.56,-3.74,-5.64,0.14,0.01,0.00,470,448,435,339,352
5.96,-4.82,-5.68,0.19,0.01,-0.05,470,448,435,339,352
6.07,-5.38,-5.34,0.18,0.01,-0.08,470,448,435,339,352
6.75,-5.62,-5.49,0.10,0.03,-0.09,470,448,435,339,352
6.20,-5.41,-4.93,0.10,0.01,-0.03,470,448,435,339,352
6.55,-5.49,-5.15,0.09,0.02,-0.02,470,448,435,339,352
6.29,-5.41,-5.04,0.08,0.00,-0.05,470,448,435,339,352
END
6.53,-5.48,-4.74,0.07,-0.02,-0.04,473,448,436,340,356
4.61,-7.18,-4.38,0.06,0.05,-0.05,473,448,436,340,356
4.36,-7.16,-4.19,0.08,0.09,-0.05,473,448,436,339,356
4.28,-7.21,-4.10,0.08,0.12,-0.06,473,448,436,340,356
4.22,-7.00,-3.73,0.13,0.21,-0.08,473,448,436,340,356
4.26,-6.78,-3.78,0.13,0.24,-0.09,473,448,437,339,356
2.89,-6.14,-3.06,0.21,0.46,-0.10,473,448,437,340,356
1.84,-5.65,-1.76,0.54,0.99,0.01,473,448,438,340,356
4.81,-6.83,0.26,0.60,1.02,-0.42,472,448,438,339,355
5.68,-6.80,1.74,0.66,1.28,-0.24,471,448,438,339,355
7.62,-7.52,3.00,0.41,1.01,-0.41,471,448,437,339,355
7.71,-7.39,3.54,0.43,0.94,-0.37,470,448,437,339,354
6.98,-7.39,4.06,0.24,0.79,-0.23,470,448,437,339,354
7.29,-6.98,4.34,0.11,0.64,-0.31,470,448,437,339,354
7.77,-7.29,5.08,0.02,0.51,-0.38,470,448,437,339,354
8.05,-7.08,5.10,-0.17,0.30,-0.27,470,448,437,339,354
7.52,-7.37,4.82,-0.29,0.12,-0.28,470,448,437,339,354
7.96,-7.57,4.24,-0.39,0.01,-0.19,470,448,437,339,353
7.83,-7.68,4.34,-0.64,-0.18,-0.12,469,448,437,339,353
7.19,-7.70,3.58,-0.87,-0.28,-0.13,469,448,436,339,353
7.54,-7.52,3.44,-1.25,-0.46,-0.21,469,448,436,339,353
6.91,-6.86,1.69,-1.40,-0.54,-0.15,469,447,436,339,353
6.94,-6.23,0.10,-1.59,-0.60,-0.11,469,447,436,339,353
6.09,-4.35,-2.04,-1.35,-0.50,-0.05,469,448,436,339,354
5.76,-2.49,-3.89,-1.05,-0.41,0.01,469,448,436,339,354
5.32,-2.55,-3.98,-0.46,-0.22,-0.00,469,447,436,339,354
5.51,-3.87,-4.24,-0.09,-0.11,0.05,468,447,436,339,354
6.35,-4.81,-4.85,-0.10,-0.07,-0.00,469,448,436,340,354
6.04,-4.44,-5.51,-0.08,-0.06,-0.02,469,448,436,340,354
6.17,-4.49,-5.57,0.05,0.01,-0.03,469,448,436,340,354
6.26,-4.72,-5.46,0.09,-0.01,-0.03,469,448,436,340,354
6.45,-5.40,-5.02,0.19,0.02,-0.03,469,448,436,340,354
6.25,-5.72,-5.00,0.09,-0.03,-0.05,468,447,436,339,353
6.37,-5.53,-5.03,0.10,0.02,-0.06,468,447,436,339,354
6.48,-5.38,-5.34,0.06,-0.02,-0.02,468,447,436,340,354
6.25,-5.30,-5.01,0.07,-0.01,-0.04,468,447,436,340,354
END
6.46,-5.47,-4.98,0.08,-0.01,-0.02,469,447,435,339,353
4.96,-7.09,-4.27,0.03,-0.00,-0.03,469,447,435,339,353
4.95,-7.06,-4.11,0.03,-0.00,-0.03,469,447,435,339,353
4.56,-7.19,-4.04,0.06,0.03,-0.06,469,447,435,339,353
4.08,-6.99,-3.67,0.06,0.10,-0.02,469,447,435,339,353
3.08,-6.79,-4.06,0.14,0.24,-0.10,469,447,435,339,353
2.55,-6.05,-3.40,0.23,0.55,-0.02,469,447,435,339,353
3.29,-6.22,-1.56,0.67,1.02,-0.11,469,447,435,339,353
5.43,-6.72,-0.04,0.30,0.85,-0.14,468,447,435,339,353
4.90,-5.79,0.62,0.41,0.99,-0.22,468,447,435,339,353
4.92,-6.01,1.11,0.46,1.01,-0.14,468,447,435,339,353
7.03,-7.71,3.37,0.79,1.10,-0.32,468,447,435,339,353
7.93,-7.88,4.38,0.50,0.91,-0.33,468,447,435,339,353
8.43,-7.49,4.86,0.44,0.78,-0.35,468,447,435,339,353
8.42,-7.44,5.27,0.14,0.50,-0.24,468,447,435,339,353
7.91,-7.40,5.51,0.07,0.29,-0.26,468,447,435,339,352
7.00,-7.57,5.00,-0.21,0.10,-0.14,468,447,435,339,353
7.11,-8.00,5.22,-0.44,-0.04,-0.19,467,447,434,339,352
6.25,-7.55,4.05,-0.64,-0.11,-0.14,467,447,434,339,352
6.35,-7.62,3.98,-0.73,-0.17,-0.14,467,447,434,339,352
7.05,-7.62,3.47,-0.94,-0.25,-0.14,467,447,434,339,352
6.98,-7.13,2.67,-1.12,-0.30,-0.03,468,447,434,339,352
7.29,-7.24,1.51,-1.34,-0.45,-0.09,467,447,434,339,352
6.39,-6.09,0.19,-1.40,-0.42,0.05,468,447,435,339,353
6.44,-5.29,-1.69,-1.60,-0.57,0.04,467,447,434,339,353
5.46,-3.91,-3.75,-1.10,-0.40,0.14,467,447,434,339,353
4.76,-3.48,-4.87,-0.64,-0.22,0.04,467,447,434,339,354
4.74,-3.73,-5.31,-0.23,-0.07,-0.02,467,447,434,339,353
4.68,-4.31,-5.15,0.08,0.06,-0.05,467,447,434,339,353
5.26,-5.15,-5.44,0.08,0.03,-0.04,467,447,434,339,353
5.22,-5.57,-5.30,0.20,0.12,-0.08,467,447,434,339,353
5.99,-6.12,-5.43,0.13,0.07,-0.03,467,447,434,339,353
5.80,-5.84,-5.18,0.16,0.06,-0.10,467,447,434,339,353
6.22,-6.06,-5.03,0.10,0.02,-0.05,467,447,434,339,353
5.90,-6.05,-5.10,0.10,0.03,-0.08,467,447,434,339,353
5.82,-5.91,-4.72,0.05,0.02,-0.04,467,447,434,339,353
END
5.92,-5.81,-4.96,0.04,0.01,-0.06,470,447,434,339,353
4.63,-7.39,-3.49,0.05,0.07,-0.04,470,447,434,340,353
4.06,-7.23,-3.86,0.07,0.09,-0.07,470,447,434,339,353
4.11,-7.34,-3.35,0.14,0.21,-0.10,470,447,434,339,353
4.54,-7.42,-2.85,0.11,0.25,-0.08,470,447,434,339,353
4.29,-6.58,-3.17,0.16,0.35,-0.08,470,447,434,339,353
3.83,-6.04,-2.26,0.37,0.63,-0.01,470,447,435,339,353
3.09,-5.71,-1.34,0.73,0.95,-0.08,470,447,435,339,352
4.25,-6.65,0.56,0.72,0.97,-0.26,469,447,435,339,353
5.04,-6.83,1.95,0.61,0.93,-0.25,469,447,435,339,353
5.80,-6.91,3.39,0.62,0.92,-0.35,469,447,434,339,352
6.68,-7.31,4.89,0.74,0.91,-0.32,468,447,434,339,352
7.30,-7.24,5.23,0.37,0.67,-0.33,468,447,434,339,352
6.84,-6.90,6.02,0.33,0.57,-0.26,468,447,434,339,352
7.93,-7.06,6.41,0.11,0.30,-0.30,468,446,434,339,352
6.74,-7.01,5.40,0.04,0.17,-0.24,468,447,434,339,352
6.07,-7.22,5.89,-0.18,0.07,-0.16,468,447,434,338,352
6.32,-7.42,5.94,-0.49,-0.08,-0.28,468,447,434,338,352
5.87,-7.31,5.39,-0.76,-0.16,-0.27,467,447,434,338,352
6.02,-7.39,4.52,-0.91,-0.14,-0.21,468,447,434,338,352
6.73,-7.65,3.73,-1.09,-0.20,-0.22,468,447,434,338,352
7.25,-7.28,2.97,-1.31,-0.25,-0.18,468,447,434,338,352
7.31,-6.62,1.84,-1.57,-0.41,-0.13,467,447,434,338,352
7.14,-5.50,0.33,-1.77,-0.56,-0.14,468,447,434,338,353
6.86,-3.92,-2.80,-1.88,-0.71,-0.04,468,447,436,339,352
6.08,-2.91,-3.91,-1.21,-0.52,-0.01,467,447,435,339,353
4.90,-2.38,-5.17,-0.61,-0.30,0.05,467,447,435,339,353
5.25,-2.55,-5.74,-0.16,-0.13,0.01,467,447,435,339,353
5.05,-3.17,-6.07,0.08,-0.04,-0.03,467,447,435,339,353
5.31,-4.27,-6.17,0.21,0.05,-0.04,467,447,435,339,353
6.22,-5.23,-5.94,0.23,0.05,-0.09,467,447,435,339,353
5.96,-5.43,-5.85,0.14,0.02,-0.08,467,447,434,339,353
6.17,-5.60,-5.72,0.14,0.02,-0.06,467,447,434,339,353
5.85,-5.36,-5.76,0.10,-0.00,-0.01,467,447,434,339,353
6.20,-5.33,-5.52,0.04,-0.03,-0.05,467,447,434,339,353
5.89,-5.15,-5.69,0.04,-0.02,-0.03,467,447,434,339,353
END
5.97,-5.20,-5.60,0.07,-0.01,-0.03,468,446,433,339,351
4.34,-7.49,-4.34,0.04,0.00,-0.02,469,446,433,339,352
4.74,-7.62,-4.15,0.05,0.00,-0.04,469,446,433,339,352
4.41,-7.42,-4.46,0.01,-0.01,-0.00,468,446,433,339,352
4.41,-7.27,-4.36,0.02,0.01,-0.00,469,446,433,339,352
4.24,-7.11,-4.59,0.05,0.03,-0.03,469,446,433,339,352
3.65,-7.21,-4.18,0.11,0.15,-0.01,469,446,433,339,352
3.02,-7.00,-3.75,0.32,0.54,0.08,468,446,433,339,352
2.07,-6.21,-2.82,0.39,0.77,0.10,468,446,433,339,352
1.48,-5.40,-1.62,0.44,0.92,-0.10,468,446,433,339,352
3.62,-5.56,-0.62,0.48,0.96,-0.35,468,446,433,339,352
5.47,-7.14,1.15,0.64,1.07,-0.36,467,446,432,339,352
7.38,-8.30,2.95,0.57,1.05,-0.33,467,446,433,338,352
7.83,-8.22,3.47,0.38,0.89,-0.33,467,446,432,338,351
8.25,-8.03,3.70,0.33,0.79,-0.35,467,446,432,338,351
8.26,-7.85,3.90,0.15,0.54,-0.23,467,446,433,339,352
7.41,-7.29,3.43,0.11,0.39,-0.22,467,446,433,339,352
6.81,-7.34,4.61,0.04,0.27,-0.15,467,446,433,339,351
6.74,-6.90,4.19,-0.15,0.12,-0.19,466,446,433,339,352
7.28,-7.43,4.55,-0.24,0.03,-0.22,466,446,432,339,352
7.58,-7.96,4.03,-0.51,-0.16,-0.20,466,446,432,339,352
7.50,-8.34,3.91,-0.93,-0.37,-0.18,466,446,432,339,352
8.06,-8.37,3.18,-1.27,-0.56,-0.22,466,446,432,339,351
7.75,-7.80,1.39,-1.50,-0.66,-0.08,466,446,433,339,352
7.03,-6.13,-0.83,-1.55,-0.78,0.00,466,446,433,339,352
6.17,-4.70,-1.95,-1.54,-0.81,0.03,466,446,433,339,352
4.26,-3.12,-4.11,-1.24,-0.63,0.18,467,446,433,339,352
4.01,-2.59,-5.39,-0.87,-0.35,0.05,467,446,432,339,353
3.66,-1.89,-6.37,-0.30,0.02,0.10,466,446,432,339,354
5.05,-2.79,-6.20,-0.04,0.08,-0.01,466,446,432,339,352
5.10,-3.49,-6.32,0.23,0.20,0.01,466,446,432,339,352
6.28,-4.68,-6.14,0.22,0.19,-0.03,466,446,432,339,352
6.47,-5.20,-5.69,0.20,0.17,-0.05,466,446,432,339,352
6.38,-5.26,-6.14,0.11,0.09,-0.05,466,446,432,339,352
6.42,-5.25,-5.76,0.15,0.05,-0.06,466,446,432,339,352
6.03,-5.43,-5.70,0.08,0.01,0.01,466,446,432,339,352
END
6.04,-5.30,-5.53,0.04,-0.01,-0.03,467,447,437,340,353
4.73,-7.57,-4.01,-0.03,-0.01,0.00,467,447,437,340,353
4.71,-7.33,-4.06,-0.02,-0.05,0.00,467,447,437,340,353
4.34,-7.26,-4.11,0.04,-0.05,-0.05,467,447,437,340,353
3.96,-7.57,-3.95,0.06,-0.02,-0.03,467,447,436,340,353
4.31,-7.76,-3.64,0.05,0.01,-0.04,467,447,436,340,352
4.10,-7.40,-4.02,0.02,0.04,-0.01,467,446,436,340,353
3.95,-6.89,-3.92,0.07,0.08,-0.04,467,446,436,340,353
3.09,-5.92,-3.57,0.15,0.18,-0.02,467,446,436,340,353
2.23,-5.75,-3.20,0.43,0.46,-0.06,467,446,436,338,353
4.03,-6.73,-1.71,0.50,0.55,-0.22,467,446,436,340,353
4.74,-6.87,-1.23,0.62,0.65,-0.26,467,446,436,340,353
5.48,-7.59,0.18,0.61,0.69,-0.19,466,446,436,340,353
5.68,-7.67,1.49,0.66,0.68,-0.31,466,446,436,340,353
5.87,-7.95,2.20,0.69,0.77,-0.28,466,446,436,339,352
6.86,-8.09,3.22,0.51,0.65,-0.31,466,446,436,340,352
7.09,-7.86,3.36,0.39,0.54,-0.37,466,446,436,340,352
7.70,-7.34,4.24,0.32,0.39,-0.41,465,446,435,340,352
7.70,-6.82,4.21,0.13,0.22,-0.31,465,445,435,340,352
6.92,-6.37,3.91,0.06,0.21,-0.17,465,445,435,340,352
7.16,-6.09,3.57,-0.02,0.13,-0.11,465,445,435,340,352
6.57,-6.60,3.96,-0.07,0.06,-0.12,465,445,435,340,352
5.70,-7.33,4.18,-0.21,0.06,-0.17,465,445,435,340,352
6.09,-8.06,4.71,-0.54,0.05,-0.29,465,445,435,340,352
6.91,-8.28,4.55,-0.82,0.01,-0.31,465,445,435,340,352
7.46,-8.05,3.54,-1.06,-0.02,-0.19,465,445,435,339,352
7.87,-7.44,2.77,-1.33,-0.18,-0.10,464,445,434,339,352
7.82,-6.59,1.59,-1.53,-0.25,-0.08,464,445,434,339,352
7.33,-5.71,0.13,-1.53,-0.34,-0.01,464,444,434,339,352
6.81,-4.77,-1.66,-1.55,-0.38,0.02,464,444,434,339,352
6.27,-3.47,-2.89,-1.10,-0.32,0.02,464,444,434,339,352
5.74,-2.79,-4.49,-0.73,-0.25,0.10,464,444,433,339,353
5.74,-2.97,-4.69,-0.31,-0.12,-0.01,464,444,433,339,353
5.33,-3.52,-5.28,-0.04,-0.06,0.03,464,444,433,339,352
5.89,-4.12,-5.20,0.15,0.04,-0.04,464,444,433,339,352
6.32,-5.13,-5.37,0.16,0.03,-0.03,464,444,433,339,352
END