5.05,-2.15,7.31,0.12,0.04,-0.02,479,441,313,348,384
4.70,-2.93,7.10,0.03,0.00,-0.02,479,441,313,348,384
4.62,-2.96,7.67,0.04,0.01,-0.05,479,441,313,349,384
4.99,-2.89,7.34,0.04,-0.00,-0.05,479,441,313,348,384
4.94,-2.97,7.33,0.03,-0.00,-0.04,479,441,313,349,384
4.87,-2.96,7.22,0.02,-0.01,-0.04,479,441,313,349,384
4.95,-2.89,7.11,0.04,0.00,-0.04,479,441,313,349,384
5.00,-3.04,7.31,0.02,0.00,-0.04,478,441,313,349,384
5.02,-2.89,7.29,0.03,-0.00,-0.04,478,441,313,349,384
4.88,-2.92,7.07,0.02,0.01,-0.02,478,440,312,349,384
4.85,-2.91,7.26,0.03,0.01,-0.02,478,440,313,349,383
4.95,-2.92,7.27,0.02,0.01,-0.03,478,440,313,348,383
4.90,-2.98,7.29,0.02,-0.01,-0.04,478,440,313,348,383
4.86,-3.01,7.67,0.04,0.00,-0.03,478,440,313,348,383
5.05,-2.96,7.12,0.03,-0.01,-0.03,478,440,313,348,383
4.82,-2.91,7.20,0.03,-0.00,-0.03,478,440,313,348,383
4.93,-2.91,7.21,0.04,-0.00,-0.04,478,440,313,348,383
4.88,-2.86,7.21,0.08,0.01,-0.05,478,440,313,348,383
5.09,-2.96,7.23,0.05,0.01,-0.05,478,439,312,348,383
5.07,-2.81,7.43,0.06,0.01,-0.04,478,439,312,348,383
4.87,-2.86,7.23,0.06,0.02,-0.04,478,439,312,349,383
4.81,-2.84,7.45,0.03,0.01,-0.03,478,439,312,349,383
4.75,-2.86,7.34,0.03,-0.01,-0.05,478,439,312,349,382
4.90,-2.85,7.41,0.06,0.01,-0.05,478,439,312,349,382
4.98,-2.85,7.34,0.01,-0.01,-0.04,478,439,312,349,382
4.85,-2.79,7.20,0.03,0.00,-0.04,478,439,312,349,383
4.88,-2.81,7.19,0.02,-0.01,-0.04,478,439,312,349,382
4.96,-2.90,7.34,0.01,-0.01,-0.05,478,439,312,348,382
5.02,-2.86,7.34,0.03,-0.01,-0.05,477,439,312,349,382
5.00,-2.79,7.24,0.03,-0.00,-0.04,477,439,312,348,382
4.92,-2.94,7.49,0.03,-0.01,-0.03,477,438,312,348,382
5.02,-2.73,7.16,0.03,0.00,-0.04,477,438,312,348,382
4.93,-2.91,7.22,0.04,-0.00,-0.05,477,438,312,348,382
5.01,-2.90,7.51,0.04,-0.00,-0.05,477,438,312,348,382
4.91,-2.85,7.30,0.03,0.01,-0.03,477,438,312,348,382
5.05,-2.90,7.05,0.03,-0.00,-0.04,477,438,312,348,382
END
4.87,-2.81,7.33,0.02,0.00,-0.04,476,436,311,349,379
5.18,-2.95,7.20,0.03,-0.00,-0.04,475,436,311,349,379
5.23,-2.80,7.19,0.03,0.03,-0.04,475,436,311,349,379
5.07,-2.93,7.34,0.04,-0.01,-0.03,475,436,311,349,379
4.97,-2.87,7.26,0.05,-0.01,-0.04,475,436,311,349,379
5.06,-2.81,7.19,0.04,-0.01,-0.03,475,436,311,349,378
5.10,-2.89,7.24,0.03,-0.00,-0.04,475,436,311,348,379
5.04,-2.81,7.29,0.04,-0.00,-0.03,475,436,311,348,379
5.05,-2.73,6.94,0.03,0.00,-0.03,475,436,311,348,379
5.24,-2.79,6.81,0.04,-0.01,-0.04,475,436,311,349,379
5.17,-2.83,7.26,0.04,-0.01,-0.04,475,436,311,349,379
5.28,-2.69,6.83,0.02,0.01,-0.03,475,436,311,349,379
5.11,-2.78,7.14,0.04,-0.00,-0.04,475,436,311,349,379
5.01,-2.84,7.36,0.02,0.00,-0.04,475,436,311,349,378
5.10,-2.84,7.19,0.02,0.01,-0.03,474,435,311,349,378
5.29,-2.81,7.37,0.03,-0.01,-0.03,474,435,311,349,378
4.84,-2.81,7.41,0.04,-0.01,-0.04,474,435,311,348,378
5.18,-2.84,7.16,0.03,0.00,-0.03,474,435,311,349,378
5.19,-2.84,7.22,0.03,-0.01,-0.05,474,435,311,348,378
5.21,-2.79,7.02,0.03,0.00,-0.05,475,435,311,349,378
5.23,-2.80,6.92,0.02,-0.00,-0.04,475,435,311,349,378
5.08,-2.73,6.91,0.01,0.01,-0.03,474,435,311,349,378
5.01,-2.86,7.47,0.03,-0.00,-0.04,474,435,311,349,378
5.18,-2.88,7.13,0.02,0.00,-0.03,474,435,311,348,378
5.12,-2.86,7.09,0.01,-0.01,-0.03,474,435,311,349,378
5.25,-2.82,7.16,0.03,-0.01,-0.04,474,435,311,349,378
5.05,-2.84,7.23,0.03,-0.01,-0.03,474,435,311,349,378
5.24,-2.76,6.69,0.03,-0.01,-0.03,474,435,311,349,378
5.05,-2.91,6.99,0.03,-0.00,-0.03,474,435,311,349,378
5.24,-2.89,7.33,0.04,-0.00,-0.04,474,435,311,349,378
5.12,-2.76,6.90,0.02,0.00,-0.03,474,435,311,348,378
5.01,-2.91,7.18,0.03,0.00,-0.03,474,435,311,349,378
5.11,-2.96,7.22,0.03,-0.00,-0.04,474,435,311,349,378
5.15,-2.89,7.29,0.02,0.00,-0.03,474,435,311,349,378
5.09,-2.95,7.18,0.03,0.00,-0.03,474,435,311,349,378
5.16,-2.94,7.22,0.03,-0.00,-0.03,474,435,311,349,378
END
5.08,-2.96,7.37,0.02,0.00,-0.02,472,432,311,348,377
5.22,-2.84,7.39,0.04,0.00,-0.03,471,432,311,348,376
5.29,-2.76,7.03,0.04,0.00,-0.04,471,432,311,348,376
5.17,-2.79,7.00,0.04,-0.01,-0.04,471,432,311,348,376
5.12,-2.83,6.89,0.03,0.00,-0.03,471,432,311,348,376
5.18,-2.83,7.12,0.05,-0.01,-0.04,471,432,311,348,376
5.33,-2.79,6.97,0.05,0.01,-0.04,471,432,311,348,376
5.08,-2.79,7.33,0.03,0.00,-0.02,471,432,311,348,376
5.25,-2.72,7.07,0.04,0.01,-0.04,471,432,311,348,376
5.19,-2.73,6.93,0.03,0.00,-0.03,471,432,311,348,376
5.08,-2.81,7.09,0.03,0.00,-0.04,471,432,311,348,376
5.38,-2.66,6.72,0.03,0.00,-0.04,470,432,311,348,376
5.19,-2.84,7.18,0.03,0.00,-0.04,470,432,311,348,376
5.18,-2.65,7.06,0.02,0.00,-0.03,470,432,311,348,376
4.99,-2.84,7.16,0.03,0.00,-0.04,470,432,311,348,376
5.00,-2.94,7.33,0.03,0.01,-0.05,470,432,311,348,376
5.06,-3.02,7.61,0.02,-0.01,-0.04,470,432,311,348,376
5.05,-2.66,6.91,0.01,0.01,-0.03,470,432,311,348,376
5.07,-2.85,7.39,0.03,-0.00,-0.04,470,432,311,348,376
5.11,-2.89,7.14,0.03,-0.00,-0.03,470,432,311,348,376
5.20,-2.91,6.91,0.02,-0.00,-0.04,470,432,311,348,376
5.00,-2.94,7.44,0.02,-0.00,-0.04,470,432,311,348,376
5.13,-2.82,7.21,0.03,0.00,-0.02,470,432,311,348,376
5.24,-2.85,6.75,0.03,0.01,-0.03,470,432,311,348,376
5.35,-2.84,7.01,0.02,-0.00,-0.03,470,432,311,348,376
5.08,-2.95,7.36,0.05,0.01,-0.04,470,432,311,348,376
4.95,-2.94,7.40,0.03,0.00,-0.03,470,432,311,348,376
5.17,-2.84,7.07,0.03,0.01,-0.03,470,432,311,348,376
5.20,-2.86,7.06,0.03,-0.01,-0.04,470,432,311,348,376
5.02,-2.87,7.20,0.04,0.00,-0.03,470,432,311,348,376
5.10,-2.89,7.11,0.03,0.00,-0.04,470,432,311,348,376
4.92,-2.84,7.34,0.03,-0.01,-0.04,470,432,311,348,376
5.15,-2.91,7.10,0.04,0.00,-0.04,470,432,311,348,376
5.15,-2.86,7.15,0.03,0.00,-0.03,470,431,312,348,376
4.97,-2.98,7.31,0.04,-0.00,-0.04,470,431,311,348,375
5.28,-2.85,7.18,0.04,-0.01,-0.04,470,431,311,348,375
END
5.10,-2.74,6.88,0.04,0.01,-0.03,467,430,311,348,374
5.05,-2.86,7.26,0.03,0.00,-0.04,467,430,311,348,375
4.89,-2.96,7.09,0.01,-0.01,-0.03,467,430,311,348,375
5.36,-2.79,6.93,0.03,-0.00,-0.03,467,430,311,348,375
5.07,-2.91,7.11,0.02,-0.00,-0.03,467,430,311,348,375
5.10,-2.94,7.07,0.03,-0.01,-0.03,467,430,311,348,375
5.09,-2.87,7.24,0.03,-0.00,-0.04,467,430,311,348,375
5.04,-3.02,7.28,0.04,-0.00,-0.03,467,430,311,348,375
5.21,-2.81,7.01,0.04,0.00,-0.04,467,430,311,349,375
5.00,-2.76,7.04,0.04,-0.00,-0.04,467,430,311,348,374
5.13,-2.77,7.11,0.05,0.01,-0.05,467,430,311,348,375
5.19,-2.86,7.07,0.03,-0.00,-0.03,467,430,311,348,374
5.10,-2.76,7.01,0.05,-0.00,-0.04,467,430,311,348,375
5.17,-2.89,7.32,0.03,-0.01,-0.03,467,430,311,348,375
5.01,-2.86,7.10,0.03,-0.00,-0.04,467,430,311,348,375
5.23,-2.68,6.92,0.03,-0.00,-0.03,467,430,311,348,374
5.12,-2.86,7.16,0.04,-0.01,-0.04,467,430,311,348,374
5.20,-2.78,7.22,0.03,0.00,-0.03,467,430,311,348,374
5.16,-2.79,7.30,0.04,-0.00,-0.04,467,430,311,348,374
5.33,-2.74,6.78,0.03,-0.01,-0.03,467,430,311,348,374
5.15,-2.81,7.01,0.04,0.00,-0.03,467,430,311,348,374
5.08,-2.78,7.23,0.03,0.00,-0.03,467,430,311,348,374
5.11,-2.79,7.29,0.04,0.00,-0.03,467,430,311,348,374
5.07,-2.94,7.19,0.03,0.00,-0.03,467,430,311,348,374
5.17,-2.73,7.28,0.03,-0.01,-0.04,467,430,311,348,374
5.00,-2.88,7.49,0.04,-0.00,-0.03,467,430,311,348,374
5.04,-2.82,7.34,0.04,0.00,-0.02,467,430,311,348,374
4.95,-2.81,7.27,0.04,0.01,-0.03,467,430,311,348,374
5.05,-2.85,7.20,0.03,0.00,-0.03,467,430,311,348,374
5.28,-2.74,7.09,0.04,-0.01,-0.05,467,430,311,349,374
5.25,-2.86,6.86,0.01,0.01,-0.02,466,430,311,348,374
5.23,-2.84,7.30,0.04,-0.00,-0.04,466,429,311,348,374
5.04,-2.89,7.07,0.03,0.00,-0.03,466,429,311,348,374
5.30,-2.80,6.85,0.03,0.00,-0.03,466,429,311,348,374
5.05,-2.82,7.23,0.03,0.00,-0.03,466,429,311,348,374
4.97,-2.97,7.32,0.03,0.00,-0.02,466,429,311,348,374
END
5.00,-2.90,7.30,0.03,-0.01,-0.04,465,428,311,348,373
5.28,-2.68,7.01,0.05,-0.01,-0.04,465,428,311,348,373
5.28,-2.77,7.09,0.04,0.00,-0.03,464,428,311,348,373
5.37,-2.68,6.65,0.03,-0.00,-0.04,464,428,311,348,373
5.06,-2.79,7.35,0.03,0.00,-0.03,464,428,311,348,373
5.25,-2.80,7.28,0.04,-0.01,-0.04,464,428,311,348,373
5.09,-2.84,7.08,0.02,-0.00,-0.03,464,428,310,348,373
5.29,-2.63,7.02,0.04,-0.00,-0.04,464,428,311,348,372
5.22,-2.86,7.14,0.03,0.00,-0.03,464,428,311,348,373
5.30,-2.81,7.14,0.03,-0.00,-0.04,464,428,311,348,373
5.28,-2.79,7.11,0.03,0.00,-0.03,464,428,311,348,373
5.42,-2.70,7.05,0.05,-0.01,-0.03,464,428,311,348,373
5.20,-2.78,7.00,0.02,0.01,-0.02,464,428,311,348,373
5.12,-2.79,7.51,0.03,-0.00,-0.03,464,428,311,348,373
5.15,-2.70,7.32,0.05,0.00,-0.04,464,428,311,348,372
5.28,-2.90,7.03,0.03,0.01,-0.03,464,428,310,348,373
5.17,-2.73,7.13,0.03,0.01,-0.02,464,428,311,348,372
5.26,-2.82,7.17,0.04,-0.00,-0.03,464,428,311,348,372
5.17,-2.61,6.74,0.01,0.01,-0.03,464,428,311,348,372
5.25,-2.74,6.91,0.04,-0.00,-0.02,464,428,311,348,372
5.17,-2.79,7.31,0.04,-0.00,-0.04,464,428,311,348,373
5.16,-2.68,6.86,0.03,0.00,-0.02,464,428,311,348,373
5.10,-2.81,7.24,0.03,-0.00,-0.03,464,428,311,348,373
5.26,-2.78,6.82,0.04,-0.00,-0.04,464,428,311,348,373
5.26,-2.82,7.23,0.03,-0.00,-0.04,464,428,311,348,372
5.16,-2.79,6.93,0.02,0.00,-0.03,463,428,311,348,372
5.23,-2.68,7.13,0.03,-0.00,-0.04,463,427,311,348,372
5.00,-2.87,7.54,0.04,0.01,-0.03,464,428,311,348,372
5.16,-2.77,7.16,0.02,-0.00,-0.03,463,428,311,348,372
5.11,-2.67,7.04,0.04,0.00,-0.03,463,427,311,348,372
5.12,-2.86,7.27,0.02,-0.01,-0.03,463,428,311,348,372
5.37,-2.84,7.13,0.04,-0.00,-0.04,464,428,311,348,372
4.95,-2.87,7.53,0.03,-0.01,-0.04,464,428,311,348,372
5.30,-2.73,7.09,0.03,0.00,-0.04,464,428,311,348,373
5.18,-2.73,7.12,0.03,-0.00,-0.03,463,428,311,348,372
5.10,-2.74,7.23,0.04,0.00,-0.04,463,428,311,348,372
END
5.17,-2.96,7.27,0.02,0.00,-0.04,463,427,311,348,372
5.13,-2.78,7.09,0.02,0.00,-0.04,463,427,311,348,371
5.20,-2.82,7.02,0.03,0.00,-0.05,463,427,311,348,372
5.21,-2.82,7.16,0.04,-0.00,-0.03,463,427,311,348,372
5.23,-2.76,7.05,0.05,-0.00,-0.03,463,427,311,348,372
5.19,-2.84,7.29,0.04,0.00,-0.03,463,427,311,348,372
5.23,-2.79,7.04,0.05,-0.00,-0.03,463,427,311,348,372
5.20,-2.92,7.34,0.04,-0.00,-0.04,463,427,311,348,372
5.11,-2.81,7.49,0.04,-0.01,-0.03,463,427,311,348,371
5.11,-2.80,7.12,0.04,0.00,-0.03,463,427,311,348,372
5.11,-2.84,7.27,0.04,-0.00,-0.03,462,427,311,348,371
5.34,-2.74,7.01,0.03,-0.00,-0.04,462,426,311,348,371
5.24,-2.82,6.94,0.03,0.01,-0.03,462,427,311,348,371
5.33,-2.80,7.08,0.03,0.00,-0.04,462,426,311,348,371
5.34,-2.80,7.08,0.02,0.00,-0.02,462,426,311,348,371
5.08,-2.76,7.21,0.04,-0.01,-0.04,462,426,311,348,371
5.28,-2.71,6.98,0.04,-0.00,-0.04,462,427,311,348,371
5.08,-2.84,7.35,0.04,-0.00,-0.04,462,427,311,348,371
5.27,-2.78,7.19,0.05,0.01,-0.04,462,427,311,349,371
5.28,-2.77,6.95,0.02,-0.00,-0.03,462,426,311,348,371
5.15,-2.79,7.11,0.03,-0.00,-0.03,462,427,311,348,371
5.18,-2.73,7.06,0.03,0.00,-0.03,462,426,310,348,371
5.31,-2.74,7.11,0.03,-0.00,-0.03,462,426,311,348,371
5.13,-2.86,7.20,0.02,-0.00,-0.02,462,426,311,348,371
5.23,-2.79,7.06,0.02,0.00,-0.03,462,426,311,348,371
5.17,-2.81,6.98,0.04,0.00,-0.04,462,426,311,348,371
5.27,-2.77,6.72,0.02,0.01,-0.03,462,426,310,348,371
5.07,-2.86,7.24,0.03,0.01,-0.03,462,426,311,348,371
5.20,-2.90,7.21,0.02,0.01,-0.03,462,426,311,348,371
5.07,-2.81,7.11,0.02,0.01,-0.04,462,427,311,348,371
5.14,-2.76,7.00,0.04,-0.00,-0.03,462,426,311,348,371
5.17,-2.83,6.96,0.03,-0.01,-0.02,462,426,310,348,371
5.18,-2.84,6.90,0.02,0.00,-0.01,462,426,310,348,371
5.06,-2.88,7.17,0.03,-0.01,-0.04,462,426,311,348,371
5.29,-2.94,7.22,0.03,0.00,-0.04,462,426,310,348,371
5.25,-2.84,7.00,0.02,0.00,-0.02,462,426,311,348,371
END
5.12,-2.88,7.39,0.05,-0.01,-0.04,461,425,310,348,371
5.09,-2.71,7.22,0.03,0.01,-0.03,461,425,310,348,371
5.29,-2.66,7.24,0.04,-0.00,-0.03,461,425,311,348,371
5.11,-2.81,7.30,0.02,0.01,-0.04,460,425,310,348,370
5.38,-2.68,6.86,0.02,-0.00,-0.04,460,425,311,348,370
5.10,-2.77,7.12,0.03,0.00,-0.04,460,425,311,348,370
5.09,-2.81,7.31,0.02,-0.00,-0.03,460,425,310,348,370
5.24,-2.69,6.92,0.03,-0.01,-0.04,460,425,310,348,370
5.10,-2.79,7.23,0.02,0.00,-0.03,460,425,310,348,370
5.30,-2.84,7.34,0.04,-0.00,-0.04,460,425,310,348,370
5.19,-2.83,7.06,0.03,0.01,-0.02,460,425,310,348,370
5.22,-2.74,7.16,0.03,-0.01,-0.04,460,425,310,348,370
5.20,-2.76,7.22,0.03,0.01,-0.03,460,425,310,348,370
5.13,-2.77,7.24,0.03,-0.00,-0.03,460,425,310,348,370
5.05,-2.73,7.26,0.03,0.00,-0.03,460,425,310,348,370
5.20,-2.69,7.17,0.03,-0.01,-0.03,460,425,310,348,370
5.15,-2.71,7.26,0.03,0.00,-0.02,460,425,311,348,370
5.05,-2.83,7.42,0.03,-0.00,-0.04,460,425,310,348,370
5.20,-2.85,7.05,0.05,0.00,-0.04,460,425,310,348,370
5.13,-2.76,7.16,0.02,-0.00,-0.02,460,425,310,348,370
5.16,-2.76,7.21,0.05,0.00,-0.04,460,425,310,347,370
5.15,-2.83,5.53,0.03,-0.00,-0.03,460,425,310,348,370
5.17,-2.76,7.19,0.03,0.00,-0.04,460,425,311,348,370
5.15,-2.76,7.30,0.06,0.01,-0.02,460,425,311,348,370
5.20,-2.76,7.01,0.03,-0.01,-0.03,460,425,310,348,370
5.20,-2.81,7.29,0.03,0.00,-0.03,460,425,311,348,370
4.95,-2.71,6.96,0.04,-0.00,-0.03,460,425,310,348,370
5.17,-2.80,7.10,0.04,0.00,-0.04,460,425,310,348,370
5.30,-2.76,7.12,0.03,-0.01,-0.04,460,425,311,348,370
5.08,-2.94,7.17,0.03,0.00,-0.03,460,425,310,348,371
5.20,-2.72,7.36,0.03,-0.01,-0.04,459,425,310,348,370
5.06,-2.84,7.25,0.03,0.00,-0.03,460,425,310,348,370
5.29,-2.76,6.94,0.02,0.01,-0.03,460,425,310,348,370
5.27,-2.68,6.99,0.03,-0.00,-0.03,460,425,310,348,370
5.19,-2.77,6.98,0.04,-0.01,-0.03,460,425,310,348,370
4.95,-2.87,7.57,0.03,0.01,-0.03,460,425,310,348,370
END
5.13,-2.73,7.23,0.04,0.00,-0.04,459,424,311,348,370
5.14,-2.80,7.21,0.04,-0.00,-0.03,459,424,310,348,370
5.17,-2.79,6.97,0.03,-0.00,-0.04,459,424,311,348,370
5.20,-2.71,6.96,0.03,0.00,-0.04,459,424,310,348,370
5.22,-2.87,7.36,0.04,-0.00,-0.05,458,424,311,348,370
5.18,-2.79,6.94,0.02,-0.00,-0.03,458,424,310,347,370
5.38,-2.73,7.06,0.04,0.00,-0.04,458,424,310,348,370
5.09,-2.84,7.14,0.03,-0.01,-0.04,458,424,310,348,370
5.32,-2.79,6.98,0.03,0.01,-0.03,459,424,310,348,370
5.39,-2.78,6.96,0.03,0.00,-0.03,458,424,311,348,370
5.10,-2.84,7.19,0.03,-0.01,-0.03,458,424,310,348,370
5.20,-2.76,7.12,0.03,0.01,-0.03,458,424,311,348,370
5.22,-2.71,6.96,0.04,-0.01,-0.04,458,424,311,348,370
5.33,-2.76,7.20,0.04,-0.00,-0.04,458,424,311,348,370
5.14,-2.83,7.14,0.04,0.00,-0.03,458,424,310,348,370
5.21,-2.80,7.12,0.04,-0.00,-0.03,458,424,310,348,370
5.15,-2.81,7.08,0.03,-0.01,-0.04,458,424,310,348,370
5.38,-2.75,7.01,0.03,0.00,-0.04,458,424,310,348,370
5.12,-2.84,7.27,0.03,-0.01,-0.04,458,424,310,348,370
5.21,-2.75,7.11,0.04,-0.00,-0.03,458,424,310,348,370
5.14,-2.73,7.14,0.03,-0.00,-0.02,458,424,310,348,370
5.19,-2.71,7.25,0.03,-0.01,-0.03,458,424,310,348,370
5.20,-2.81,7.09,0.04,0.00,-0.04,458,424,310,348,370
5.18,-2.79,7.25,0.03,-0.00,-0.03,458,424,310,348,370
5.13,-2.79,7.23,0.04,0.01,-0.03,458,424,311,348,370
5.19,-2.72,7.01,0.03,0.01,-0.03,458,424,310,348,370
5.28,-2.71,7.03,0.03,-0.00,-0.04,458,424,310,348,370
5.01,-2.71,7.25,0.04,-0.00,-0.03,457,424,310,348,370
5.08,-2.80,7.34,0.05,0.01,-0.03,457,423,310,348,370
5.19,-2.66,7.14,0.03,0.00,-0.03,457,423,310,348,370
5.10,-2.73,7.16,0.03,-0.00,-0.03,458,423,310,348,370
5.33,-2.73,7.19,0.04,-0.00,-0.04,458,423,310,348,370
5.23,-2.77,7.09,0.03,-0.01,-0.03,457,423,310,348,370
5.25,-2.68,7.19,0.03,0.01,-0.04,457,423,310,348,370
5.04,-2.81,7.19,0.03,0.00,-0.04,457,423,310,348,370
5.15,-2.83,7.18,0.03,0.01,-0.04,457,423,310,348,370
END
5.20,-2.71,7.09,0.02,-0.00,-0.03,456,422,310,348,370
5.22,-2.70,7.19,0.04,-0.00,-0.04,456,423,310,348,370
5.18,-2.76,7.31,0.04,0.00,-0.03,456,422,310,348,370
5.25,-2.76,7.07,0.04,-0.01,-0.03,456,422,310,348,369
5.17,-2.71,7.06,0.03,-0.00,-0.03,456,423,310,348,370
5.38,-2.77,7.13,0.03,0.00,-0.04,456,423,310,348,370
5.23,-2.78,6.98,0.04,0.00,-0.04,456,422,310,348,370
5.07,-2.79,7.19,0.03,0.01,-0.03,456,422,310,348,370
5.18,-2.70,7.28,0.03,-0.01,-0.04,456,422,310,348,370
5.14,-2.76,7.19,0.04,0.01,-0.03,456,422,310,348,370
5.28,-2.75,7.11,0.02,0.00,-0.03,456,422,310,348,369
5.25,-2.75,7.09,0.03,0.00,-0.04,456,422,311,348,370
5.32,-2.70,7.20,0.02,-0.01,-0.04,456,422,310,348,370
5.00,-2.74,7.22,0.03,0.00,-0.03,456,422,310,347,369
5.23,-2.72,7.03,0.02,0.01,-0.03,456,422,310,348,370
5.36,-2.77,7.10,0.04,-0.00,-0.03,456,422,310,348,370
5.10,-2.83,7.25,0.03,0.01,-0.03,456,422,310,348,370
5.28,-2.75,7.18,0.03,-0.00,-0.04,456,422,310,348,370
5.28,-2.90,7.03,0.03,0.00,-0.03,456,422,310,348,370
5.30,-2.73,7.15,0.03,-0.01,-0.03,456,422,310,348,370
5.23,-2.80,7.18,0.03,-0.00,-0.02,456,422,310,348,370
5.16,-2.81,7.16,0.02,-0.01,-0.03,456,422,310,348,370
5.18,-2.76,7.07,0.03,0.00,-0.03,456,422,310,347,370
5.16,-2.80,7.03,0.02,-0.00,-0.04,456,422,310,348,370
5.37,-2.86,7.12,0.02,-0.00,-0.03,456,422,310,348,369
5.07,-2.73,6.89,0.03,0.00,-0.03,456,422,310,348,370
5.28,-2.81,7.12,0.04,-0.00,-0.04,456,422,310,348,370
5.16,-2.98,7.14,0.03,0.00,-0.04,456,422,310,348,370
5.36,-2.75,6.91,0.04,-0.00,-0.04,456,422,310,348,369
5.16,-2.83,7.19,0.04,0.00,-0.03,456,422,310,348,370
5.28,-2.74,6.96,0.05,-0.00,-0.04,456,422,310,348,370
5.24,-2.79,6.96,0.03,0.00,-0.03,456,422,310,348,370
5.13,-2.77,7.00,0.04,-0.00,-0.03,456,422,310,348,369
5.38,-2.79,7.25,0.05,-0.00,-0.05,456,422,310,348,369
5.30,-2.79,7.14,0.04,-0.00,-0.03,456,423,310,348,370
5.24,-2.76,7.06,0.05,0.00,-0.04,456,422,310,348,369
END
5.10,-2.86,7.10,0.02,0.00,-0.04,455,421,310,348,369
5.13,-2.71,7.18,0.03,-0.01,-0.04,455,422,310,348,369
5.17,-2.74,7.11,0.02,-0.00,-0.04,455,422,310,348,369
5.37,-2.70,7.14,0.03,0.00,-0.03,455,421,310,348,369
5.07,-2.71,7.08,0.03,0.00,-0.03,455,421,310,348,369
5.17,-2.68,7.00,0.03,-0.00,-0.02,455,421,310,347,369
5.23,-2.71,7.21,0.04,-0.01,-0.05,454,421,311,348,369
5.26,-2.75,7.15,0.04,0.00,-0.04,455,421,310,347,369
5.06,-2.84,7.35,0.03,-0.01,-0.03,454,422,310,347,369
5.26,-2.72,6.88,0.05,0.01,-0.04,454,421,310,347,369
5.28,-2.73,7.15,0.04,-0.01,-0.04,454,421,310,348,369
5.24,-2.77,7.16,0.04,0.01,-0.03,454,421,310,348,369
5.26,-2.56,7.17,0.03,0.00,-0.03,454,421,310,348,369
5.31,-2.66,7.03,0.04,-0.01,-0.04,454,421,310,348,369
5.23,-2.67,7.15,0.03,-0.00,-0.03,454,421,310,348,369
5.21,-2.68,7.09,0.03,-0.00,-0.04,454,421,310,348,369
5.28,-2.67,7.24,0.03,-0.01,-0.05,454,421,310,348,369
5.31,-2.65,7.29,0.04,-0.01,-0.04,454,421,310,348,369
5.08,-2.65,7.10,0.03,0.00,-0.03,454,421,310,347,369
5.34,-2.59,7.10,0.04,-0.00,-0.04,454,421,310,347,369
5.30,-2.62,7.10,0.04,0.00,-0.04,454,421,310,348,369
5.36,-2.53,7.12,0.05,-0.00,-0.04,454,421,310,347,369
5.46,-2.56,6.96,0.03,0.00,-0.02,454,421,310,348,369
5.46,-2.58,6.98,0.03,-0.00,-0.03,454,421,310,348,369
5.05,-2.58,7.14,0.04,0.00,-0.03,454,421,310,348,369
5.18,-2.60,6.90,0.03,0.00,-0.04,454,421,310,348,369
5.27,-2.63,7.31,0.04,-0.00,-0.05,454,421,310,348,369
5.20,-2.57,6.98,0.04,0.00,-0.05,454,421,310,348,369
5.48,-2.53,7.01,0.03,-0.00,-0.04,454,421,310,348,369
5.36,-2.65,7.14,0.03,-0.00,-0.04,454,421,310,347,369
5.41,-2.63,7.06,0.03,-0.01,-0.03,454,421,310,348,369
5.29,-2.53,7.11,0.03,0.00,-0.02,454,421,310,347,369
5.23,-2.64,7.21,0.04,-0.01,-0.03,453,421,310,348,369
5.26,-2.55,7.01,0.03,-0.00,-0.02,454,421,310,348,369
5.20,-2.58,7.02,0.02,-0.00,-0.03,454,421,310,348,369
5.23,-2.59,7.25,0.04,0.00,-0.04,454,421,310,348,369
END
5.25,-2.61,7.06,0.04,0.00,-0.03,453,421,310,348,369
5.18,-2.66,7.09,0.02,-0.00,-0.03,453,420,310,348,369
5.33,-2.63,7.19,0.04,0.02,-0.00,452,420,310,347,369
5.19,-2.70,7.14,0.02,0.01,-0.03,452,420,310,347,369
5.25,-2.66,7.05,0.04,0.01,-0.04,452,420,310,348,369
5.47,-2.75,6.86,0.03,-0.00,-0.04,452,420,310,347,369
5.19,-2.72,7.23,0.04,-0.00,-0.04,452,420,310,347,369
5.33,-2.67,6.98,0.03,0.00,-0.03,453,420,310,348,369
5.13,-2.76,7.54,0.02,-0.01,-0.03,453,420,310,347,369
5.21,-2.74,7.32,0.06,-0.01,-0.04,453,420,310,348,369
5.17,-2.66,7.18,0.03,0.00,-0.03,452,420,310,347,369
5.30,-2.66,7.22,0.05,-0.00,-0.04,453,420,310,348,369
5.20,-2.56,7.10,0.03,-0.01,-0.03,452,420,310,348,369
5.19,-2.66,7.31,0.04,-0.01,-0.04,452,420,310,347,369
5.26,-2.56,7.14,0.04,0.00,-0.03,452,420,310,347,369
5.33,-2.61,7.04,0.04,-0.00,-0.04,452,420,310,347,369
5.29,-2.58,7.07,0.04,0.00,-0.04,452,420,310,348,369
5.29,-2.57,6.94,0.04,-0.01,-0.04,452,420,310,348,369
5.23,-2.58,7.37,0.05,-0.01,-0.05,452,420,310,348,369
5.25,-2.65,7.00,0.03,0.01,-0.03,452,420,310,348,369
5.24,-2.56,7.52,0.03,0.01,-0.04,452,420,310,347,369
5.19,-2.60,7.05,0.02,0.02,-0.03,452,420,310,348,369
5.46,-2.54,6.91,0.01,-0.00,-0.04,452,420,310,348,369
5.21,-2.63,7.30,0.03,0.01,-0.03,452,420,310,348,369
5.38,-2.62,7.06,0.01,-0.00,-0.03,452,420,310,348,369
5.18,-2.58,7.01,0.03,0.00,-0.03,452,420,311,347,369
5.28,-2.66,7.11,0.03,0.00,-0.03,452,420,309,347,369
5.32,-2.63,7.14,0.03,-0.00,-0.03,452,420,310,347,369
5.30,-2.62,7.11,0.04,0.01,-0.02,452,420,310,348,368
5.13,-2.58,7.16,0.03,-0.00,-0.03,452,420,310,348,369
5.11,-2.62,7.16,0.03,0.00,-0.03,452,420,310,348,369
5.20,-2.64,7.38,0.04,0.01,-0.03,452,420,310,348,369
5.31,-2.59,7.01,0.04,0.01,-0.02,452,420,310,348,369
5.25,-2.64,7.17,0.04,-0.00,-0.03,452,420,310,348,369
5.08,-2.65,7.40,0.02,0.00,-0.02,452,420,310,348,369
5.18,-2.64,7.09,0.03,0.00,-0.04,452,420,310,348,369
END
5.29,-2.65,7.34,0.03,0.00,-0.04,452,420,310,347,368
5.45,-2.45,7.13,0.04,-0.00,-0.04,452,420,310,347,368
5.21,-2.48,7.05,0.04,-0.00,-0.04,452,420,310,348,368
5.15,-2.51,7.24,0.04,0.01,-0.02,452,420,310,347,368
5.23,-2.43,7.15,0.05,0.02,-0.03,452,420,310,347,368
5.30,-2.53,7.15,0.04,0.01,-0.02,452,420,310,348,368
5.28,-2.43,7.34,0.03,-0.00,-0.02,452,420,310,348,368
5.14,-2.51,7.34,0.05,0.01,-0.02,452,420,310,347,368
4.99,-2.40,7.35,0.03,0.01,-0.02,452,420,310,347,368
5.15,-2.40,7.14,0.04,0.01,-0.03,451,420,310,347,368
5.18,-2.51,7.47,0.06,0.02,-0.01,451,420,310,347,368
5.04,-2.44,7.35,0.05,0.02,-0.03,452,420,309,348,368
5.18,-2.42,7.37,0.03,0.02,-0.03,451,420,310,347,368
5.17,-2.38,7.23,0.05,0.04,-0.03,451,420,310,347,368
5.13,-2.38,7.34,0.04,0.02,-0.03,451,420,310,347,368
4.94,-2.25,7.28,0.09,0.06,-0.01,451,420,309,347,368
4.90,-2.17,7.06,0.16,-0.01,-0.08,451,420,309,347,368
5.16,-1.91,7.65,0.19,0.09,-0.01,451,420,309,347,368
4.59,-2.05,7.03,0.23,0.08,-0.06,451,420,308,347,369
5.15,-1.92,8.16,0.21,0.06,-0.08,452,420,308,347,369
4.74,-1.67,7.87,0.14,0.09,-0.08,452,420,308,347,368
5.23,-1.49,8.33,0.15,0.06,-0.06,451,419,308,346,368
4.31,-1.54,7.80,0.13,0.08,-0.02,451,419,307,346,368
4.64,-1.38,8.05,0.09,0.09,-0.00,451,419,307,346,368
4.43,-1.24,7.77,0.09,0.09,-0.03,451,419,307,346,368
4.41,-1.31,8.13,0.03,0.05,-0.05,451,419,306,346,368
4.47,-1.18,7.91,0.02,0.08,-0.02,451,419,306,346,368
4.36,-1.31,7.94,0.03,0.03,-0.09,451,420,306,345,368
4.39,-1.18,7.99,0.05,0.04,-0.07,451,419,306,345,368
4.41,-1.16,8.13,0.04,0.02,-0.08,451,420,305,345,368
4.62,-1.12,8.24,0.03,-0.02,-0.10,451,419,305,345,368
4.22,-1.11,8.33,0.02,-0.04,-0.08,451,419,305,344,368
4.47,-1.10,7.98,0.03,-0.01,-0.06,451,419,305,344,368
4.29,-1.25,8.09,-0.00,-0.00,-0.03,451,419,304,344,368
4.24,-1.43,7.98,0.01,0.00,-0.02,450,419,305,344,368
4.50,-1.28,8.21,-0.02,0.03,-0.01,450,419,304,344,368
END
4.11,-1.27,7.98,-0.03,0.00,-0.00,449,419,304,343,368
4.61,-1.41,7.77,0.03,-0.01,-0.05,449,419,304,343,368
4.51,-1.36,7.62,0.03,0.01,-0.05,449,419,305,343,368
4.95,-1.35,7.93,0.05,0.00,-0.06,449,419,304,343,368
4.73,-1.47,7.90,0.04,-0.01,-0.05,449,419,304,343,368
4.78,-1.36,7.95,0.03,-0.02,-0.04,449,419,304,343,367
4.82,-1.36,7.76,0.02,0.01,-0.02,449,419,304,343,367
4.76,-1.34,7.90,0.03,-0.01,-0.04,449,419,304,343,367
4.66,-1.31,7.75,0.03,-0.00,-0.04,449,419,304,343,367
4.77,-1.31,7.85,0.01,-0.01,-0.03,449,419,304,343,367
4.78,-1.36,7.82,0.02,-0.00,-0.04,449,419,304,343,368
4.72,-1.41,7.67,0.03,-0.00,-0.04,449,419,304,343,367
4.81,-1.45,8.03,0.02,-0.01,-0.06,449,419,304,343,367
4.75,-1.45,7.83,0.02,0.00,-0.04,449,419,304,343,367
4.80,-1.45,7.82,0.01,-0.01,-0.04,449,419,304,343,367
4.65,-1.33,7.80,0.02,-0.01,-0.04,449,419,304,343,367
4.71,-1.41,7.68,0.02,-0.01,-0.03,449,419,304,343,367
4.77,-1.43,7.78,0.02,-0.01,-0.03,448,419,304,343,367
4.92,-1.47,7.59,0.04,-0.01,-0.05,449,419,304,343,367
4.74,-1.46,7.80,0.02,-0.01,-0.04,449,419,304,343,367
4.77,-1.40,7.71,0.03,-0.01,-0.02,449,419,304,343,367
4.84,-1.39,7.85,0.04,-0.00,-0.04,449,419,304,343,367
4.90,-1.51,7.73,0.02,-0.00,-0.03,449,419,304,343,367
4.75,-1.46,7.71,0.02,0.00,-0.03,449,419,304,343,367
5.05,-1.31,7.72,0.04,-0.01,-0.05,449,419,304,343,367
4.75,-1.42,7.66,0.02,-0.01,-0.02,449,419,304,343,367
4.85,-1.41,7.78,0.04,0.00,-0.03,450,419,304,343,367
4.97,-1.51,7.78,0.04,-0.00,-0.03,451,419,304,343,367
4.91,-1.62,7.57,0.04,-0.01,-0.02,452,419,304,343,367
4.78,-1.47,7.67,0.03,-0.01,-0.04,452,419,304,343,367
4.90,-1.45,7.65,0.04,-0.01,-0.05,452,419,304,343,367
4.82,-1.51,7.83,0.03,-0.01,-0.06,452,419,304,343,367
4.85,-1.48,7.54,0.03,-0.01,-0.07,452,419,304,343,367
5.02,-1.28,7.65,0.02,-0.02,-0.09,452,419,304,343,367
5.15,-1.41,7.75,0.03,0.00,-0.06,452,419,304,343,367
4.91,-1.41,7.68,0.02,0.01,-0.03,451,419,304,343,367
END
4.89,-1.34,7.70,0.03,0.01,-0.03,450,418,304,343,367
4.84,-1.46,7.90,0.04,-0.00,-0.03,450,418,304,343,367
4.92,-1.42,7.75,0.03,0.00,-0.03,450,418,304,343,366
4.88,-1.34,7.59,0.03,0.00,-0.03,450,418,304,343,366
4.85,-1.29,7.72,0.03,0.00,-0.03,450,418,304,343,367
4.98,-1.40,7.72,0.03,-0.00,-0.04,450,418,304,343,367
4.92,-1.39,7.53,0.03,0.01,-0.03,450,418,305,343,367
5.07,-1.31,7.57,0.02,-0.00,-0.02,450,418,304,343,367
5.11,-1.39,7.44,0.03,-0.00,-0.03,450,418,304,343,367
4.89,-1.45,7.62,0.02,-0.00,-0.02,450,418,304,343,367
5.04,-1.51,7.67,0.04,-0.01,-0.03,450,418,304,343,367
4.90,-1.47,7.72,0.03,-0.00,-0.02,450,418,304,343,367
4.83,-1.44,7.75,0.02,0.00,-0.02,450,418,304,343,367
4.83,-1.39,7.80,0.03,0.00,-0.03,450,418,304,343,367
4.97,-1.52,7.85,0.02,-0.00,-0.03,450,418,304,343,367
4.77,-1.51,7.59,0.04,0.01,-0.03,450,418,305,343,367
4.93,-1.38,7.82,0.02,-0.01,-0.03,450,418,304,343,367
4.74,-1.50,7.64,0.03,-0.00,-0.03,450,418,304,343,367
5.01,-1.44,7.70,0.02,0.00,-0.03,450,418,304,343,367
4.97,-1.43,7.76,0.04,-0.01,-0.04,450,418,304,343,367
4.85,-1.41,7.69,0.03,-0.00,-0.02,450,418,304,343,367
4.80,-1.53,7.63,0.03,0.00,-0.02,450,418,304,343,367
4.94,-1.44,7.61,0.02,-0.01,-0.04,450,418,304,343,367
5.06,-1.41,7.64,0.04,-0.00,-0.05,450,418,304,343,367
4.80,-1.58,7.66,0.02,0.00,-0.03,450,418,304,343,367
5.03,-1.44,7.65,0.03,0.00,-0.04,450,418,304,343,367
4.91,-1.63,7.62,0.02,-0.01,-0.04,450,418,304,343,367
4.90,-1.58,7.72,0.03,-0.00,-0.04,450,418,304,343,367
5.04,-1.44,7.67,0.03,0.00,-0.03,450,418,304,343,367
4.97,-1.36,7.73,0.03,-0.01,-0.03,450,418,304,343,367
4.89,-1.49,7.52,0.03,-0.00,-0.03,450,418,304,343,367
4.92,-1.41,7.70,0.03,0.01,-0.04,450,418,304,343,367
5.06,-1.49,7.82,0.04,-0.01,-0.04,450,418,304,343,367
4.84,-1.62,7.64,0.03,0.01,-0.02,450,418,305,343,367
5.10,-1.30,7.34,0.03,0.01,-0.03,450,418,304,343,367
4.91,-1.49,7.70,0.02,-0.01,-0.02,450,419,304,343,367
END
4.87,-1.47,7.73,0.02,-0.01,-0.05,449,418,306,343,366
5.04,-1.45,7.72,0.04,-0.01,-0.04,449,418,303,343,366
5.02,-1.36,7.58,0.03,0.00,-0.03,449,418,304,343,366
4.95,-1.44,7.70,0.04,-0.01,-0.03,449,418,304,343,366
5.01,-1.47,7.64,0.04,-0.00,-0.03,449,418,304,343,366
5.01,-1.42,7.60,0.04,0.00,-0.02,449,418,305,343,366
5.25,-1.39,7.28,0.03,-0.01,-0.02,449,418,304,343,366
5.03,-1.47,7.64,0.03,-0.01,-0.03,449,418,304,343,366
4.89,-1.44,7.68,0.02,0.00,-0.03,449,418,304,343,366
5.17,-1.44,7.65,0.04,0.00,-0.03,449,418,304,343,366
4.99,-1.50,7.80,0.04,0.00,-0.04,449,418,305,343,366
4.97,-1.53,7.80,0.02,0.01,-0.02,449,418,304,343,366
4.93,-1.39,7.80,0.03,0.00,-0.04,449,418,304,343,366
4.90,-1.54,7.55,0.05,-0.00,-0.04,449,418,304,343,366
4.87,-1.60,7.88,0.03,0.00,-0.03,449,418,304,343,366
5.06,-1.48,7.68,0.03,-0.01,-0.03,449,418,305,343,366
4.98,-1.36,7.53,0.04,0.00,-0.03,449,418,304,343,366
4.94,-1.45,7.74,0.04,0.00,-0.03,449,418,304,343,366
5.00,-1.44,7.84,0.02,-0.00,-0.03,449,418,304,343,366
4.73,-1.50,7.95,0.04,-0.01,-0.04,449,418,305,343,366
5.07,-1.44,7.94,0.04,0.00,-0.04,449,418,304,343,366
4.83,-1.50,7.65,0.02,0.00,-0.03,449,418,304,343,366
5.03,-1.38,7.73,0.03,0.00,-0.04,449,418,305,343,366
4.92,-1.50,7.62,0.03,-0.01,-0.04,449,418,304,343,366
5.03,-1.48,7.47,0.03,0.00,-0.04,449,418,304,343,366
5.06,-1.43,7.70,0.03,-0.00,-0.03,449,418,304,343,366
5.05,-1.46,7.65,0.04,-0.00,-0.03,449,418,304,343,366
4.95,-1.47,7.70,0.04,-0.00,-0.03,449,418,304,343,366
4.93,-1.49,7.67,0.03,0.00,-0.04,449,418,305,343,366
5.03,-1.39,7.57,0.03,-0.01,-0.04,449,418,304,343,366
5.02,-1.48,7.94,0.03,0.00,-0.04,449,418,304,343,366
4.99,-1.54,7.57,0.04,0.01,-0.03,449,418,305,343,366
5.07,-1.45,7.82,0.03,0.00,-0.03,449,417,304,343,366
4.90,-1.44,7.54,0.02,-0.00,-0.03,448,418,304,343,366
5.05,-1.39,7.67,0.03,-0.00,-0.04,448,418,304,343,366
5.10,-1.44,7.63,0.04,0.00,-0.03,448,417,304,343,366
END
4.96,-1.47,7.67,0.03,-0.00,-0.03,448,417,304,343,366
4.90,-1.55,7.62,0.03,0.00,-0.04,448,417,304,343,366
5.15,-1.45,7.44,0.03,-0.00,-0.03,448,417,304,343,366
5.22,-1.47,7.57,0.03,-0.01,-0.03,448,417,304,343,366
5.17,-1.58,7.57,0.03,0.00,-0.03,448,417,304,343,366
4.85,-1.59,7.80,0.03,0.01,-0.03,448,417,304,343,366
4.97,-1.50,7.59,0.03,-0.01,-0.04,448,417,304,343,366
5.02,-1.46,7.65,0.04,-0.00,-0.04,448,417,304,343,366
4.91,-1.54,7.65,0.02,0.01,-0.02,448,417,304,343,366
5.23,-1.34,7.55,0.03,-0.01,-0.04,448,417,304,343,366
4.95,-1.51,7.71,0.03,-0.00,-0.03,448,417,304,343,366
5.05,-1.55,7.49,0.03,-0.00,-0.04,448,417,304,343,366
5.08,-1.44,7.51,0.03,-0.01,-0.03,448,417,304,343,366
4.95,-1.46,7.65,0.05,0.01,-0.03,448,417,304,343,366
4.85,-1.55,7.77,0.04,0.00,-0.03,448,417,304,343,366
5.08,-1.49,7.72,0.04,-0.01,-0.05,448,417,304,343,366
5.09,-1.50,7.29,0.03,0.01,-0.03,448,417,304,343,366
5.20,-1.47,7.75,0.03,-0.00,-0.04,448,417,305,343,366
4.99,-1.55,7.48,0.04,0.01,-0.03,448,417,304,343,366
5.10,-1.47,7.62,0.04,-0.00,-0.03,448,417,304,343,366
4.97,-1.54,7.54,0.03,0.00,-0.03,448,417,304,343,366
5.25,-1.35,7.13,0.03,-0.00,-0.03,448,417,304,343,366
5.22,-1.42,7.54,0.03,0.00,-0.03,448,417,304,343,366
4.97,-1.44,7.72,0.05,-0.01,-0.03,448,417,304,343,366
5.06,-1.41,7.49,0.03,0.00,-0.02,448,417,304,343,366
5.02,-1.44,7.65,0.04,-0.00,-0.03,448,417,304,343,366
5.09,-1.45,7.65,0.04,0.00,-0.04,448,417,304,343,366
5.10,-1.44,7.57,0.04,-0.00,-0.03,447,417,304,343,366
4.97,-1.42,7.72,0.02,0.01,-0.02,448,417,304,343,366
5.02,-1.46,7.58,0.03,-0.00,-0.03,447,417,304,343,366
4.92,-1.47,7.47,0.03,-0.00,-0.04,447,417,304,343,366
5.13,-1.46,7.49,0.04,0.00,-0.03,447,417,305,343,366
5.03,-1.51,7.56,0.03,0.00,-0.03,448,417,304,343,366
4.89,-1.38,7.85,0.02,0.00,-0.02,448,417,304,343,366
4.94,-1.59,7.90,0.04,-0.01,-0.04,448,417,304,343,366
5.05,-1.40,7.49,0.04,-0.00,-0.04,448,417,304,343,366
END
5.10,-1.46,7.60,0.05,-0.01,-0.03,448,417,304,343,366
5.10,-1.44,7.47,0.03,-0.01,-0.04,448,417,304,343,366
5.23,-1.44,7.31,0.04,-0.00,-0.04,448,417,304,343,366
5.00,-1.49,7.52,0.03,0.01,-0.03,448,417,304,343,366
5.12,-1.47,7.62,0.03,-0.00,-0.04,448,417,304,343,366
4.97,-1.43,7.54,0.03,-0.01,-0.04,448,417,304,343,365
5.18,-1.46,7.59,0.04,0.01,-0.03,448,417,304,343,365
5.20,-1.36,7.55,0.04,-0.00,-0.03,448,417,304,343,366
5.07,-1.34,7.54,0.03,-0.01,-0.03,448,417,304,343,366
4.99,-1.39,7.65,0.03,-0.00,-0.03,448,417,304,343,366
4.77,-1.52,7.87,0.03,0.00,-0.03,448,417,305,343,366
5.12,-1.44,7.87,0.03,-0.00,-0.03,448,417,304,343,366
4.90,-1.46,7.63,0.04,0.00,-0.02,447,416,304,343,365
4.88,-1.56,8.08,0.04,0.00,-0.03,447,416,304,343,365
4.99,-1.48,7.57,0.02,0.00,-0.03,447,416,305,343,365
5.23,-1.35,7.53,0.03,0.00,-0.04,447,416,304,343,366
5.10,-1.38,7.42,0.02,0.00,-0.02,447,416,305,343,365
5.08,-1.46,7.62,0.03,-0.00,-0.03,448,417,304,343,366
4.95,-1.47,7.65,0.02,-0.00,-0.03,448,417,304,343,366
5.08,-1.48,7.57,0.03,-0.00,-0.03,448,417,304,343,366
5.13,-1.40,7.74,0.03,0.00,-0.04,448,417,304,343,366
4.97,-1.54,7.47,0.03,0.01,-0.02,448,416,304,343,365
5.31,-1.33,7.44,0.03,0.00,-0.03,448,417,304,343,366
5.09,-1.39,7.56,0.03,-0.01,-0.03,448,416,304,343,365
4.98,-1.41,7.64,0.03,0.00,-0.03,448,416,305,343,365
5.00,-1.45,7.55,0.03,-0.00,-0.03,448,416,304,343,366
5.00,-1.49,7.76,0.04,-0.00,-0.03,448,416,304,342,366
4.95,-1.55,7.67,0.03,0.00,-0.02,448,416,304,343,365
5.02,-1.43,7.60,0.04,0.01,-0.04,448,417,304,343,366
4.94,-1.44,7.49,0.04,-0.00,-0.04,448,417,304,343,365
5.07,-1.51,7.49,0.03,-0.00,-0.03,448,417,304,343,366
5.08,-1.42,7.35,0.03,0.00,-0.03,448,416,305,343,366
5.00,-1.48,7.66,0.04,-0.00,-0.03,448,416,304,343,365
5.05,-1.51,7.41,0.03,0.00,-0.03,448,417,305,343,366
5.13,-1.41,7.69,0.03,0.01,-0.03,448,416,304,343,365
4.99,-1.41,7.63,0.04,-0.01,-0.04,448,416,304,343,365
END
4.98,-1.47,7.83,0.03,0.00,-0.03,447,416,304,343,365
5.09,-1.37,7.57,0.04,-0.01,-0.02,447,416,305,343,365
4.93,-1.54,7.56,0.03,0.00,-0.02,448,416,305,343,365
5.07,-1.45,7.45,0.03,0.00,-0.03,448,416,304,343,365
5.05,-1.58,7.63,0.04,0.00,-0.04,448,416,304,343,365
5.00,-1.50,7.31,0.02,-0.01,-0.03,448,416,305,343,365
5.18,-1.34,7.42,0.04,-0.00,-0.04,448,416,305,343,365
4.82,-1.40,7.54,0.03,-0.01,-0.03,448,416,304,343,365
4.96,-1.50,7.70,0.04,0.00,-0.04,448,416,304,342,365
4.92,-1.54,7.72,0.04,-0.01,-0.04,448,416,304,343,365
4.97,-1.51,7.79,0.04,-0.01,-0.05,448,416,304,343,365
4.90,-1.44,7.59,0.03,0.00,-0.03,448,416,304,343,365
4.94,-1.51,7.52,0.04,0.00,-0.04,448,416,304,343,365
5.02,-1.50,7.87,0.05,0.00,-0.04,448,416,304,343,366
5.05,-1.44,7.62,0.04,0.00,-0.03,448,416,304,343,365
5.12,-1.40,7.75,0.04,0.00,-0.04,448,416,304,343,365
5.11,-1.47,7.46,0.03,-0.01,-0.03,448,416,305,343,365
4.97,-1.48,7.65,0.04,-0.00,-0.04,448,416,304,343,365
5.21,-1.35,7.49,0.03,0.00,-0.02,448,416,304,343,366
5.08,-1.42,7.93,0.03,-0.01,-0.04,448,416,304,343,365
5.12,-1.35,7.47,0.03,0.01,-0.02,448,416,304,343,365
5.01,-1.26,7.37,0.03,-0.00,-0.04,448,416,304,343,365
5.23,-1.40,7.70,0.04,0.00,-0.05,448,416,304,343,365
5.00,-1.39,7.35,0.02,-0.00,-0.03,447,416,304,343,365
5.23,-1.36,7.49,0.03,0.00,-0.03,447,416,304,343,365
4.97,-1.41,7.65,0.03,-0.01,-0.04,447,416,304,343,365
5.08,-1.35,7.50,0.02,0.00,-0.03,447,416,304,343,365
5.07,-1.44,7.68,0.03,-0.01,-0.03,447,416,304,343,365
4.89,-1.43,7.93,0.03,-0.00,-0.03,447,416,304,343,365
5.10,-1.43,7.29,0.03,-0.00,-0.03,447,416,304,343,365
4.94,-1.41,7.55,0.03,0.00,-0.04,447,416,304,342,365
5.25,-1.40,7.72,0.04,-0.00,-0.04,447,416,305,343,365
4.92,-1.46,7.52,0.03,0.00,-0.03,447,416,304,343,365
4.83,-1.39,8.01,0.04,0.00,-0.03,447,416,304,343,365
4.97,-1.40,7.45,0.02,-0.01,-0.03,447,416,304,343,366
5.10,-1.44,7.56,0.03,-0.00,-0.04,447,416,305,343,365
END
5.10,-1.39,7.61,0.04,-0.00,-0.03,447,416,304,343,365
5.02,-1.44,7.79,0.03,-0.00,-0.03,447,416,304,343,365
5.14,-1.36,7.62,0.03,-0.00,-0.03,447,416,304,343,365
4.96,-1.39,7.73,0.04,-0.00,-0.03,446,415,304,342,365
5.12,-1.46,7.23,0.03,-0.00,-0.04,446,416,304,343,365
5.08,-1.48,7.49,0.04,0.01,-0.04,446,416,304,343,365
5.37,-1.37,7.46,0.03,-0.00,-0.05,446,416,304,343,365
5.07,-1.46,7.68,0.03,0.01,-0.03,446,415,304,343,366
5.02,-1.44,7.76,0.03,-0.00,-0.03,446,416,304,343,365
5.11,-1.45,7.49,0.03,-0.00,-0.03,447,416,304,342,365
5.33,-1.25,7.56,0.03,-0.00,-0.04,446,416,304,343,365
5.04,-1.34,7.76,0.03,0.00,-0.03,446,416,304,343,365
5.23,-1.40,7.57,0.04,-0.00,-0.03,446,416,304,343,365
5.02,-1.46,7.55,0.03,0.00,-0.03,446,416,304,343,365
5.09,-1.45,7.43,0.04,-0.00,-0.04,446,416,304,343,365
5.14,-1.41,7.92,0.04,0.01,-0.04,446,415,304,343,365
5.01,-1.41,7.53,0.03,0.01,-0.03,446,415,304,343,365
5.10,-1.34,7.39,0.04,0.00,-0.04,446,415,304,343,365
4.90,-1.34,7.89,0.03,0.00,-0.04,446,415,304,343,365
5.15,-1.40,7.65,0.03,-0.00,-0.03,446,415,304,343,365
5.00,-1.39,7.79,0.03,0.00,-0.03,446,415,304,343,365
4.97,-1.32,7.51,0.03,-0.01,-0.03,446,416,304,343,365
5.11,-1.26,7.38,0.03,-0.00,-0.03,446,416,304,343,365
5.11,-1.34,7.55,0.04,-0.00,-0.03,446,415,304,343,365
5.28,-1.32,7.37,0.04,0.00,-0.05,446,416,304,343,365
5.07,-1.42,7.60,0.02,0.00,-0.02,446,416,304,343,365
5.06,-1.41,7.54,0.03,-0.00,-0.03,446,415,304,343,365
5.13,-1.37,7.54,0.03,-0.00,-0.02,446,415,304,343,365
5.00,-1.41,7.59,0.03,-0.00,-0.03,446,415,304,343,365
5.05,-1.36,7.63,0.03,0.01,-0.02,446,415,304,343,365
5.23,-1.31,7.60,0.04,0.00,-0.02,447,415,305,343,365
5.05,-1.49,7.72,0.04,0.00,-0.02,447,415,304,343,365
5.02,-1.36,7.54,0.04,0.01,-0.03,447,415,304,343,365
5.21,-1.34,7.49,0.03,0.00,-0.04,447,416,304,343,365
5.13,-1.37,7.42,0.03,-0.01,-0.02,447,416,304,343,365
5.11,-1.33,7.39,0.02,-0.00,-0.02,448,416,304,343,365
END
5.24,-1.28,7.26,0.03,-0.01,-0.03,446,415,304,343,366
5.00,-1.36,7.93,0.04,0.00,-0.03,446,415,304,343,366
4.92,-1.34,7.81,0.05,0.01,-0.01,446,415,304,343,366
5.19,-1.31,7.39,0.03,-0.01,-0.03,446,415,304,343,366
4.97,-1.40,8.01,0.04,0.01,-0.02,446,415,305,343,367
5.00,-1.26,7.60,0.04,-0.00,-0.02,446,415,304,343,367
5.27,-1.31,7.11,0.05,0.01,-0.02,446,415,304,343,367
4.94,-1.31,7.76,0.02,-0.00,-0.02,446,415,304,343,366
5.15,-1.31,7.54,0.04,0.00,-0.03,446,415,304,343,367
5.02,-1.34,7.62,0.02,0.00,-0.02,446,415,304,343,367
5.01,-1.26,7.77,0.04,0.01,-0.03,446,415,304,343,367
4.85,-1.41,7.79,0.02,-0.01,-0.02,446,415,304,343,367
5.08,-1.34,7.49,0.04,0.02,-0.02,446,415,304,343,367
5.15,-1.36,7.70,0.03,-0.01,-0.03,446,415,304,343,367
5.02,-1.32,7.70,0.02,-0.02,-0.04,446,415,305,343,367
4.96,-1.41,7.61,0.03,0.01,-0.03,446,415,305,343,367
4.92,-1.40,7.47,0.04,-0.00,-0.03,446,415,304,343,367
5.21,-1.42,7.75,0.04,-0.01,-0.06,446,415,305,343,367
5.19,-1.34,7.27,0.03,0.00,-0.04,446,415,304,343,367
5.11,-1.23,7.81,0.04,0.00,-0.04,446,415,304,343,367
5.11,-1.41,7.26,0.04,-0.01,-0.04,446,415,304,343,367
5.18,-1.39,7.49,0.02,-0.01,-0.05,446,415,304,343,367
5.33,-1.26,7.42,0.03,0.00,-0.03,446,415,304,343,367
5.16,-1.31,7.49,0.03,-0.02,-0.04,446,415,305,343,367
5.03,-1.34,7.52,0.03,0.00,-0.03,446,415,304,343,367
4.96,-1.45,7.70,0.03,-0.00,-0.04,446,415,304,343,367
5.17,-1.31,7.74,0.04,0.00,-0.04,446,415,304,343,367
5.00,-1.38,7.65,0.04,0.01,-0.04,446,415,305,343,367
5.13,-1.23,7.72,0.03,-0.00,-0.03,446,415,305,343,367
5.14,-1.40,7.44,0.03,-0.01,-0.03,446,415,305,343,367
5.03,-1.33,7.69,0.03,0.00,-0.03,446,415,305,343,367
5.02,-1.33,7.72,0.03,-0.00,-0.03,446,415,305,343,367
5.15,-1.27,7.67,0.03,-0.01,-0.03,446,415,305,343,367
5.04,-1.38,7.62,0.03,0.00,-0.04,445,415,305,343,367
5.02,-1.36,7.57,0.04,0.01,-0.03,445,415,305,343,367
5.25,-1.31,7.68,0.03,-0.00,-0.04,445,415,305,343,366
END