8.79,2.24,-4.35,0.04,0.00,-0.03,505,447,300,338,382
8.62,2.51,-4.29,0.04,0.01,-0.05,504,447,300,338,382
8.49,2.48,-4.19,0.03,0.01,-0.04,504,447,300,338,382
8.56,2.57,-4.44,0.04,-0.00,-0.05,504,447,300,338,382
8.84,2.61,-4.51,0.03,-0.00,-0.04,504,447,300,338,382
8.59,2.46,-4.18,0.05,0.01,-0.03,504,447,300,338,382
8.75,2.52,-4.34,0.04,-0.01,-0.04,504,446,301,338,382
8.49,2.42,-4.19,0.03,0.00,-0.03,504,447,300,338,382
8.72,2.63,-4.24,0.04,0.00,-0.04,503,446,300,338,382
8.51,2.51,-4.24,0.04,0.00,-0.03,503,446,300,338,382
8.64,2.54,-4.24,0.04,0.01,-0.03,503,446,300,338,381
8.52,2.46,-4.21,0.03,-0.01,-0.04,503,447,300,338,382
8.64,2.52,-4.49,0.04,0.01,-0.04,503,446,300,338,381
8.69,2.57,-4.31,0.04,0.00,-0.04,503,446,300,338,382
8.76,2.61,-4.61,0.05,0.00,-0.04,503,446,300,338,381
8.61,2.51,-4.20,0.03,-0.01,-0.04,503,446,300,338,381
8.52,2.43,-4.11,0.04,0.01,-0.03,503,446,300,338,381
8.64,2.64,-4.39,0.02,0.01,-0.05,503,446,300,338,381
8.67,2.54,-4.26,0.03,0.00,-0.04,502,446,300,338,381
8.62,2.56,-4.21,0.04,0.00,-0.04,502,446,300,338,381
8.63,2.58,-4.31,0.03,0.01,-0.02,502,446,300,338,381
8.74,2.55,-4.45,0.03,-0.01,-0.04,502,446,300,338,381
8.76,2.48,-4.28,0.04,0.00,-0.04,502,446,301,338,381
8.58,2.48,-4.05,0.05,0.00,-0.04,502,446,300,338,381
8.84,2.60,-4.45,0.03,-0.01,-0.04,502,446,300,338,381
8.71,2.51,-4.45,0.04,-0.01,-0.04,502,446,301,339,381
8.48,2.35,-4.00,0.04,-0.00,-0.03,502,446,301,339,381
8.69,2.62,-4.62,0.02,0.01,-0.04,502,446,301,339,380
8.76,2.45,-4.41,0.04,-0.00,-0.04,502,446,300,339,381
8.58,2.52,-4.29,0.03,-0.00,-0.03,501,445,301,338,380
8.66,2.54,-4.39,0.04,-0.01,-0.04,501,446,300,338,381
8.48,2.50,-4.32,0.03,-0.00,-0.04,501,446,300,339,380
8.62,2.58,-4.57,0.04,0.00,-0.06,501,446,301,339,380
8.51,2.49,-4.13,0.03,-0.00,-0.04,501,446,301,339,380
8.57,2.58,-4.32,0.04,0.00,-0.03,501,446,301,339,380
8.56,2.58,-4.20,0.04,-0.00,-0.03,501,446,301,338,380
END
8.51,2.48,-4.36,0.04,0.01,-0.04,498,444,301,338,379
8.58,2.63,-4.47,0.02,-0.00,-0.04,498,444,301,338,379
8.59,2.58,-4.33,0.04,0.00,-0.04,498,444,300,338,379
8.58,2.51,-4.44,0.03,-0.00,-0.04,498,444,301,338,378
8.56,2.65,-4.64,0.04,0.00,-0.05,498,444,301,338,379
8.39,2.58,-4.28,0.03,0.01,-0.03,498,444,301,338,379
8.48,2.61,-4.26,0.06,-0.02,-0.05,498,444,301,338,379
8.22,2.62,-4.10,0.04,0.01,-0.03,498,444,301,338,379
8.56,2.51,-4.57,0.04,-0.00,-0.04,498,444,301,338,379
8.41,2.53,-4.26,0.04,-0.00,-0.05,498,444,301,338,379
8.55,2.53,-4.39,0.03,0.00,-0.04,498,444,301,338,379
8.61,2.58,-4.51,0.04,-0.00,-0.04,498,444,301,339,379
8.27,2.46,-4.21,0.04,-0.01,-0.04,497,443,301,338,379
8.35,2.49,-4.28,0.03,0.00,-0.04,497,443,301,338,378
8.59,2.61,-4.55,0.02,0.00,-0.04,497,443,301,339,378
8.71,2.63,-4.69,0.05,-0.00,-0.04,497,443,301,338,378
8.48,2.46,-4.36,0.04,0.01,-0.02,497,443,301,338,378
8.51,2.56,-4.49,0.03,-0.01,-0.03,497,443,301,338,378
8.62,2.60,-4.69,0.04,0.00,-0.03,497,443,301,338,379
8.41,2.53,-4.31,0.04,-0.00,-0.05,497,443,301,339,378
8.54,2.58,-4.57,0.03,0.01,-0.03,497,443,301,338,378
8.77,2.57,-4.67,0.03,-0.02,-0.04,497,443,301,339,378
8.41,2.52,-4.48,0.04,-0.01,-0.03,497,443,301,339,378
8.38,2.39,-4.57,0.04,-0.00,-0.04,497,443,301,339,378
8.66,2.70,-4.64,0.03,0.00,-0.04,496,443,301,338,378
8.38,2.43,-4.43,0.04,-0.00,-0.04,496,443,301,338,378
8.58,2.61,-4.44,0.03,0.00,-0.03,497,443,301,339,378
8.56,2.50,-4.53,0.04,-0.00,-0.04,497,443,301,338,378
8.65,2.49,-4.64,0.04,0.00,-0.03,496,443,301,338,378
8.59,2.60,-4.57,0.03,-0.01,-0.05,497,443,301,339,378
8.54,2.59,-4.44,0.04,0.00,-0.03,496,443,301,338,378
8.40,2.46,-4.29,0.05,-0.01,-0.04,496,443,301,339,378
8.38,2.62,-4.50,0.03,0.01,-0.03,496,443,301,339,378
8.62,2.56,-4.51,0.02,0.01,-0.04,496,443,301,339,378
8.48,2.58,-4.52,0.04,0.00,-0.04,496,443,300,338,378
8.38,2.44,-4.59,0.02,0.01,-0.02,496,443,301,339,378
END
8.56,2.66,-4.58,0.03,-0.00,-0.03,494,442,301,338,377
8.79,2.56,-4.90,0.03,-0.00,-0.05,494,442,301,339,377
8.53,2.61,-4.59,0.04,0.01,-0.04,494,442,301,338,376
8.51,2.52,-4.60,0.04,0.01,-0.02,494,442,301,339,377
8.45,2.56,-4.64,0.04,0.00,-0.03,494,442,301,339,377
8.34,2.54,-4.48,0.04,0.00,-0.04,494,442,301,339,377
8.51,2.66,-4.81,0.03,0.01,-0.03,494,442,301,339,377
8.56,2.63,-4.71,0.05,0.00,-0.05,494,442,301,339,377
8.51,2.66,-4.45,0.04,0.01,-0.04,494,441,301,339,377
8.72,2.49,-4.62,0.03,-0.01,-0.04,494,441,301,339,377
8.57,2.66,-4.68,0.03,-0.01,-0.03,494,441,301,339,376
8.51,2.49,-4.60,0.04,-0.00,-0.03,493,441,301,339,376
8.36,2.48,-4.47,0.04,-0.00,-0.03,493,441,301,339,376
8.21,2.54,-4.42,0.02,0.00,-0.04,493,441,301,338,376
8.44,2.58,-4.52,0.04,0.00,-0.05,494,441,301,339,376
8.40,2.47,-4.49,0.03,0.00,-0.04,494,441,301,339,376
8.38,2.53,-4.44,0.05,-0.01,-0.03,493,441,301,339,377
8.40,2.55,-4.67,0.04,-0.01,-0.04,493,441,301,339,376
8.37,2.47,-4.65,0.03,0.00,-0.03,493,441,301,339,376
8.51,2.65,-4.54,0.04,0.00,-0.05,493,441,301,339,376
8.64,2.58,-4.95,0.04,0.00,-0.03,493,441,301,339,376
8.61,2.55,-4.53,0.03,-0.01,-0.03,493,441,301,339,376
8.19,2.48,-4.35,0.03,0.01,-0.03,493,441,301,339,376
8.48,2.65,-4.91,0.04,0.01,-0.04,493,441,301,339,376
8.45,2.37,-4.43,0.05,0.01,-0.04,493,441,302,339,376
8.48,2.53,-4.66,0.04,-0.01,-0.04,493,441,301,339,376
8.35,2.56,-4.49,0.04,-0.00,-0.04,493,441,301,339,376
8.28,2.46,-4.49,0.04,0.00,-0.03,493,441,301,339,376
8.56,2.55,-4.63,0.03,0.01,-0.03,493,441,301,339,376
8.46,2.46,-4.71,0.04,-0.01,-0.03,493,441,301,339,376
8.49,2.56,-4.62,0.03,-0.01,-0.03,493,441,301,339,376
8.38,2.56,-4.60,0.03,-0.01,-0.04,493,441,301,338,376
8.31,2.55,-4.64,0.04,0.00,-0.04,492,441,301,339,376
8.44,2.56,-4.54,0.03,0.00,-0.04,493,441,302,339,376
8.59,2.51,-4.90,0.04,0.00,-0.05,493,441,301,339,376
8.59,2.52,-4.64,0.04,0.00,-0.04,492,441,301,339,376
END
8.50,2.45,-4.54,0.03,0.01,-0.03,491,440,302,339,375
8.41,2.36,-4.66,0.04,0.01,-0.03,491,440,302,339,375
8.66,2.45,-4.85,0.03,0.01,-0.04,491,440,302,339,375
8.64,2.47,-4.64,0.03,0.00,-0.04,491,440,302,339,375
8.64,2.33,-4.75,0.04,-0.00,-0.03,491,440,302,339,375
8.70,2.51,-4.82,0.02,-0.01,-0.04,491,440,302,339,375
8.44,2.53,-4.47,0.04,0.01,-0.03,491,440,302,339,375
8.46,2.40,-4.54,0.03,0.02,-0.03,491,440,302,339,375
8.61,2.42,-4.44,0.02,0.01,-0.02,491,440,302,339,375
8.31,2.35,-4.17,0.01,-0.02,-0.02,491,440,302,339,375
8.26,2.39,-4.77,0.01,-0.01,-0.02,491,440,302,339,375
8.48,2.52,-4.62,0.03,-0.00,-0.04,491,440,302,339,375
8.56,2.44,-4.49,0.03,-0.01,-0.04,491,440,302,339,375
8.42,2.29,-4.42,0.02,0.01,-0.04,491,440,302,339,375
8.56,2.40,-4.66,0.02,0.00,-0.03,491,440,302,339,375
8.37,2.47,-4.31,0.03,-0.00,-0.05,491,440,302,339,375
8.37,2.46,-4.55,0.03,0.00,-0.05,490,440,302,339,375
8.54,2.41,-4.71,0.04,0.01,-0.06,490,440,302,339,375
8.63,2.36,-4.67,0.04,-0.01,-0.07,490,440,302,339,375
8.72,2.49,-4.57,0.04,-0.00,-0.04,490,440,302,339,375
8.66,2.48,-4.66,0.04,-0.02,-0.03,490,439,302,339,375
8.28,2.40,-4.53,0.02,0.00,-0.03,490,440,302,339,375
8.51,2.54,-4.70,0.03,0.02,-0.03,490,440,302,339,374
8.60,2.47,-4.82,0.01,-0.01,-0.05,490,440,302,339,375
8.64,2.71,-4.82,0.02,-0.01,-0.03,490,440,302,339,375
8.32,2.52,-4.66,0.04,-0.01,-0.04,490,439,302,339,375
8.49,2.64,-4.57,0.03,0.00,-0.04,490,440,302,339,375
8.46,2.45,-4.58,0.02,-0.01,-0.05,490,439,302,339,374
8.46,2.53,-4.56,0.02,0.00,-0.06,490,439,302,339,374
8.55,2.49,-4.83,0.03,0.01,-0.05,490,439,302,339,374
8.83,2.64,-5.01,0.04,0.00,-0.03,490,439,302,339,374
8.37,2.53,-4.72,0.03,-0.02,-0.01,490,439,302,339,374
8.37,2.56,-4.92,0.03,-0.02,-0.03,490,439,302,339,374
8.36,2.81,-4.92,0.04,-0.02,-0.05,490,439,302,339,374
8.33,2.55,-4.88,0.06,0.01,-0.06,490,439,302,339,374
8.67,2.48,-4.69,0.05,0.03,-0.05,490,439,302,339,374
END
8.54,2.51,-4.36,0.03,-0.00,-0.05,489,439,302,339,373
8.46,2.61,-4.40,0.03,-0.00,-0.03,489,439,302,339,373
8.46,2.56,-4.57,0.02,-0.00,-0.03,489,439,302,339,373
8.39,2.58,-4.49,0.03,-0.00,-0.04,488,439,302,339,373
8.46,2.56,-4.84,0.04,0.00,-0.04,489,438,302,339,374
8.41,2.55,-4.69,0.03,0.01,-0.04,489,438,302,339,373
8.59,2.65,-4.90,0.03,0.00,-0.03,489,439,302,339,373
8.34,2.58,-4.53,0.04,-0.01,-0.04,489,439,302,339,373
8.20,2.43,-4.36,0.04,0.01,-0.04,488,439,302,339,373
8.59,2.65,-4.98,0.02,0.00,-0.03,488,439,302,339,373
8.36,2.55,-4.69,0.05,0.00,-0.04,489,438,302,339,373
8.50,2.64,-4.58,0.04,0.00,-0.03,488,439,302,339,373
8.59,2.57,-4.75,0.04,-0.01,-0.04,488,439,302,339,373
8.23,2.44,-4.45,0.03,-0.00,-0.04,488,438,302,339,373
8.26,2.53,-4.44,0.03,0.01,-0.03,488,438,302,339,373
8.57,2.62,-4.60,0.03,-0.00,-0.04,488,438,302,339,373
8.51,2.61,-4.69,0.03,-0.00,-0.03,488,438,302,339,373
8.30,2.42,-4.47,0.04,-0.00,-0.03,488,439,302,339,373
8.55,2.38,-4.59,0.02,0.02,-0.04,488,438,302,339,373
8.58,2.63,-5.06,0.03,-0.00,-0.03,488,438,302,339,373
8.54,2.58,-4.29,0.03,0.02,-0.03,488,438,302,339,373
8.47,2.51,-4.59,0.04,-0.01,-0.04,488,439,302,339,373
8.38,2.59,-4.67,0.03,0.01,-0.03,488,438,302,339,373
8.38,2.44,-4.49,0.03,0.00,-0.04,488,438,302,339,373
8.38,2.42,-4.41,0.05,0.01,-0.04,488,438,302,339,373
8.45,2.46,-4.17,0.04,-0.01,-0.04,488,438,303,339,373
8.43,2.47,-4.64,0.03,0.00,-0.03,488,438,302,339,373
8.43,2.58,-4.61,0.03,-0.01,-0.04,488,438,302,339,373
8.66,2.70,-4.69,0.03,0.00,-0.03,488,438,302,339,373
8.59,2.42,-4.66,0.03,-0.01,-0.03,488,438,302,339,373
8.51,2.53,-4.81,0.02,-0.01,-0.03,488,438,302,339,373
8.43,2.57,-4.70,0.03,0.00,-0.04,488,438,302,339,373
8.70,2.66,-4.97,0.04,0.01,-0.04,488,438,302,339,373
8.23,2.44,-4.40,0.05,0.01,-0.04,488,438,302,340,373
8.57,2.47,-4.99,0.05,0.01,-0.03,488,438,302,339,372
8.41,2.48,-4.74,0.04,0.01,-0.03,488,438,302,339,372
END
8.51,2.56,-4.57,0.03,0.01,-0.04,487,437,302,339,372
8.51,2.47,-4.59,0.04,0.01,-0.04,487,437,302,339,372
8.49,2.48,-4.58,0.04,0.01,-0.03,487,437,302,340,372
8.67,2.49,-4.76,0.04,0.00,-0.03,487,437,302,340,372
8.56,2.49,-4.60,0.03,0.01,-0.03,487,437,302,339,372
8.37,2.36,-4.38,0.02,0.01,-0.04,487,437,302,340,372
8.42,2.45,-4.67,0.01,0.02,-0.03,487,437,302,340,372
8.51,2.45,-4.62,0.03,0.01,-0.04,487,437,302,340,372
8.56,2.47,-4.57,0.02,0.00,-0.03,487,437,302,339,372
8.43,2.37,-4.33,0.03,-0.00,-0.04,487,437,302,340,372
8.50,2.47,-4.56,0.03,0.00,-0.03,487,437,302,340,372
8.43,2.50,-4.63,0.04,0.00,-0.04,487,437,303,340,372
8.54,2.56,-4.60,0.04,-0.00,-0.04,487,437,302,339,372
8.64,2.52,-4.56,0.05,-0.00,-0.04,487,437,302,340,372
8.55,2.41,-4.65,0.03,-0.01,-0.04,487,437,302,340,372
8.31,2.35,-4.49,0.03,0.01,-0.04,487,437,302,340,372
8.54,2.55,-4.53,0.02,-0.01,-0.04,487,437,302,340,372
8.32,2.41,-4.41,0.03,-0.00,-0.03,487,437,302,340,372
8.63,2.66,-4.79,0.03,-0.01,-0.03,487,437,302,340,372
8.34,2.48,-4.47,0.02,-0.01,-0.04,486,437,302,340,372
8.46,2.51,-4.62,0.03,0.00,-0.04,486,437,302,340,372
8.61,2.56,-4.78,0.01,0.01,-0.04,486,437,302,340,372
8.76,2.58,-4.91,0.03,-0.00,-0.03,486,437,302,340,372
8.42,2.52,-4.52,0.03,-0.00,-0.03,486,437,303,340,372
8.38,2.46,-4.64,0.04,-0.00,-0.03,486,437,302,340,371
8.46,2.51,-4.52,0.04,-0.00,-0.03,487,437,302,340,372
8.74,2.54,-4.69,0.02,-0.01,-0.03,487,437,302,340,372
8.59,2.39,-4.52,0.02,-0.01,-0.03,486,437,302,340,372
8.38,2.46,-4.62,0.01,0.00,-0.02,486,437,302,340,372
8.51,2.49,-4.72,-0.00,-0.01,-0.03,486,437,302,340,372
8.46,2.40,-4.71,0.01,-0.01,-0.03,486,436,302,340,372
8.49,2.50,-4.87,0.01,-0.01,-0.02,486,437,302,340,372
8.36,2.46,-4.74,0.02,-0.01,-0.03,486,437,303,340,372
8.31,2.39,-4.41,0.04,-0.02,-0.04,486,437,302,340,372
8.39,2.43,-4.57,0.06,-0.00,-0.03,486,436,302,340,372
8.51,2.40,-4.57,0.07,-0.01,-0.04,486,437,302,340,372
END
8.48,2.46,-4.76,0.07,0.01,-0.05,485,436,302,340,371
8.55,2.51,-4.81,0.04,-0.00,-0.03,485,436,302,340,371
8.50,2.36,-4.44,0.01,-0.02,-0.02,485,436,302,340,371
8.31,2.47,-4.59,0.01,-0.01,-0.03,485,436,302,340,371
8.31,2.48,-5.03,0.02,-0.00,-0.04,485,436,302,340,371
8.62,2.40,-4.92,0.02,0.01,-0.04,485,436,303,340,371
8.38,2.36,-4.63,0.03,0.00,-0.04,485,436,303,340,371
8.68,2.58,-4.87,0.01,-0.01,-0.05,485,436,303,340,371
8.53,2.53,-5.00,0.03,0.01,-0.04,485,436,302,340,371
8.41,2.52,-4.69,0.04,0.02,-0.03,485,436,303,340,371
8.51,2.46,-4.98,0.04,0.01,-0.03,485,436,303,340,371
8.27,2.56,-4.77,0.04,0.01,-0.03,485,436,303,340,371
8.40,2.64,-4.97,0.03,0.00,-0.04,485,436,302,340,371
8.44,2.58,-4.77,0.05,-0.00,-0.05,485,436,303,340,371
8.33,2.39,-4.59,0.04,0.00,-0.04,485,436,303,340,371
8.34,2.40,-4.67,0.03,0.01,-0.04,485,436,303,340,371
8.38,2.56,-4.94,0.03,-0.00,-0.04,485,436,302,340,371
8.35,2.51,-4.79,0.03,-0.00,-0.03,485,436,303,340,371
8.36,2.43,-4.56,0.04,-0.01,-0.04,485,436,303,340,371
8.41,2.43,-4.68,0.02,0.01,-0.04,485,436,303,340,371
8.36,2.53,-4.67,0.02,-0.00,-0.04,485,436,303,340,371
8.37,2.49,-4.83,0.03,0.00,-0.04,485,436,303,340,371
8.38,2.49,-4.78,0.04,-0.00,-0.04,485,436,302,340,371
8.45,2.55,-4.64,0.04,-0.01,-0.04,485,436,303,340,371
8.41,2.54,-4.72,0.05,-0.00,-0.03,485,436,303,340,371
8.25,2.51,-4.62,0.04,0.01,-0.03,485,436,302,340,371
8.10,2.38,-4.60,0.03,0.01,-0.04,485,436,302,340,371
8.63,2.66,-5.05,0.03,0.01,-0.04,484,436,303,340,371
8.40,2.50,-4.57,0.05,-0.00,-0.03,485,436,302,340,371
8.26,2.50,-4.55,0.04,-0.01,-0.04,485,436,303,340,370
8.48,2.56,-4.86,0.03,0.01,-0.02,485,436,303,340,371
8.44,2.43,-4.52,0.03,0.00,-0.04,485,436,303,340,371
8.48,2.35,-4.64,0.02,-0.01,-0.03,484,436,303,340,371
8.36,2.56,-4.74,0.02,-0.01,-0.02,485,436,303,340,371
8.30,2.53,-4.89,0.03,-0.01,-0.03,485,436,303,340,371
8.34,2.58,-4.71,0.03,-0.00,-0.03,485,436,303,340,371
END
8.43,2.43,-4.80,0.04,-0.00,-0.05,484,435,303,340,370
8.21,2.51,-4.89,0.00,0.02,-0.02,484,435,302,340,370
8.17,2.56,-5.18,0.02,0.03,-0.02,484,435,303,340,370
8.05,2.56,-5.13,0.03,0.02,-0.03,484,435,303,340,370
8.31,2.74,-5.29,0.05,0.00,-0.04,484,435,303,340,370
8.35,2.50,-4.81,0.04,-0.02,-0.04,484,435,303,340,370
8.23,2.39,-4.71,0.04,-0.01,-0.02,484,435,303,340,370
8.19,2.31,-4.61,0.03,0.00,-0.04,484,435,303,340,370
8.35,2.48,-4.96,0.03,0.01,-0.03,484,435,303,340,370
8.50,2.57,-4.90,0.03,-0.02,-0.03,484,435,303,340,370
8.29,2.43,-5.15,0.02,-0.02,-0.02,484,435,303,340,370
8.14,2.45,-4.69,0.03,-0.02,-0.03,483,435,303,340,370
8.01,2.36,-4.92,0.03,0.02,-0.03,483,435,303,340,370
8.61,2.44,-5.00,0.03,-0.01,-0.05,483,435,303,340,370
8.26,2.24,-4.83,0.02,-0.01,-0.04,483,435,303,340,370
8.28,2.43,-4.78,0.03,-0.01,-0.04,483,435,303,340,370
8.01,2.43,-5.34,0.04,-0.02,-0.05,483,435,303,340,370
8.37,2.44,-4.92,0.06,0.00,-0.04,484,435,303,340,370
8.41,2.43,-4.88,0.04,-0.01,-0.05,484,435,303,340,370
8.41,2.43,-5.15,0.04,0.00,-0.04,484,435,303,340,370
8.42,2.53,-5.18,0.02,0.01,-0.04,484,435,303,340,370
8.16,2.43,-5.20,0.05,0.00,-0.05,484,435,303,340,370
8.20,2.49,-5.33,0.03,0.00,-0.05,483,435,303,340,370
8.00,2.51,-5.08,0.03,-0.00,-0.04,483,435,303,340,370
8.26,2.74,-5.02,0.04,-0.01,-0.05,483,435,303,340,370
8.26,2.46,-5.20,0.05,-0.01,-0.06,483,435,303,340,370
8.07,2.45,-4.78,0.04,0.03,-0.03,483,435,303,340,370
8.46,2.48,-4.99,0.03,-0.00,-0.04,483,435,302,340,370
8.18,2.60,-4.95,0.01,0.01,-0.03,483,435,303,340,370
8.25,2.41,-5.08,0.04,-0.00,-0.04,483,435,303,340,370
8.14,2.50,-5.18,0.02,0.00,-0.05,483,435,303,340,370
8.54,2.64,-5.48,0.05,0.02,-0.04,483,435,303,340,370
8.36,2.46,-5.10,0.04,-0.01,-0.04,483,435,303,340,370
8.11,2.58,-5.00,0.05,-0.00,-0.04,483,435,303,340,370
8.39,2.56,-5.39,0.03,0.01,-0.04,483,435,303,340,370
8.10,2.58,-5.04,0.04,0.00,-0.04,483,435,303,340,370
END
8.56,2.67,-5.41,0.04,0.01,-0.04,482,435,302,340,370
8.19,2.56,-5.16,0.03,0.00,-0.04,482,434,303,340,370
8.13,2.60,-5.36,0.02,-0.00,-0.04,482,435,303,340,370
8.10,2.60,-5.01,0.04,-0.00,-0.04,482,435,303,340,370
8.07,2.58,-4.87,0.04,0.01,-0.03,482,435,303,340,370
8.05,2.61,-4.95,0.04,-0.00,-0.04,482,435,303,340,370
8.27,2.56,-5.06,0.03,-0.01,-0.04,482,434,303,340,370
8.16,2.46,-4.90,0.03,-0.01,-0.04,482,434,303,340,370
8.16,2.57,-5.08,0.03,0.01,-0.03,482,434,303,340,370
8.27,2.73,-5.05,0.03,-0.01,-0.03,482,434,303,340,370
8.09,2.48,-5.15,0.04,-0.00,-0.04,482,434,303,340,370
8.14,2.52,-4.98,0.03,0.01,-0.03,482,434,303,340,370
8.37,2.68,-5.29,0.03,0.01,-0.04,482,434,303,340,370
8.35,2.70,-5.45,0.05,-0.01,-0.05,482,434,303,340,370
8.22,2.62,-5.18,0.04,0.02,-0.03,482,434,303,340,370
8.34,2.71,-5.14,0.03,-0.01,-0.05,482,434,303,340,370
8.14,2.63,-5.09,0.04,0.00,-0.04,482,434,303,340,370
8.12,2.56,-4.98,0.04,-0.00,-0.04,482,434,303,340,370
8.06,2.73,-5.03,0.03,0.00,-0.04,482,434,303,339,370
8.22,2.58,-5.07,0.04,-0.00,-0.04,482,434,303,340,370
8.13,2.61,-4.90,0.04,-0.00,-0.04,482,434,303,340,370
8.05,2.65,-5.09,0.02,-0.00,-0.03,482,434,303,340,370
8.20,2.68,-5.18,0.02,0.00,-0.04,482,434,303,340,370
8.17,2.66,-4.92,0.04,0.00,-0.04,482,434,303,340,369
8.26,2.57,-5.04,0.03,0.00,-0.04,482,434,303,340,370
8.13,2.67,-5.21,0.03,0.01,-0.03,482,434,303,340,370
8.10,2.58,-5.02,0.02,-0.00,-0.03,482,434,303,340,370
8.00,2.51,-5.00,0.03,-0.01,-0.04,482,434,303,340,370
8.27,2.59,-5.18,0.04,0.01,-0.03,482,434,303,340,370
8.26,2.71,-4.98,0.03,-0.01,-0.04,482,434,303,340,370
8.18,2.66,-5.18,0.04,-0.00,-0.03,482,434,303,340,369
8.33,2.59,-5.18,0.03,-0.00,-0.04,482,434,303,340,369
8.20,2.70,-5.24,0.03,0.00,-0.04,482,434,303,340,369
8.17,2.56,-5.03,0.04,0.00,-0.04,482,434,303,340,370
8.30,2.72,-5.28,0.04,0.01,-0.03,482,434,303,340,369
8.13,2.59,-4.92,0.03,-0.00,-0.04,482,434,303,340,370
END
8.02,2.68,-5.05,0.04,0.00,-0.04,481,434,303,340,369
8.15,2.74,-5.20,0.01,-0.01,-0.04,481,434,303,340,369
8.23,2.73,-5.43,0.04,0.00,-0.03,481,434,303,340,369
8.05,2.62,-4.92,0.02,0.00,-0.03,481,433,303,340,369
8.05,2.71,-5.23,0.03,0.00,-0.03,481,433,303,340,369
8.16,2.70,-5.18,0.04,0.01,-0.03,481,433,303,340,369
8.14,2.53,-4.91,0.04,-0.01,-0.04,481,433,303,340,369
8.16,2.70,-5.25,0.04,0.00,-0.04,481,433,303,340,369
8.16,2.69,-5.23,0.04,-0.00,-0.04,481,433,303,341,369
8.16,2.63,-5.10,0.05,-0.00,-0.03,481,434,302,340,370
7.98,2.61,-5.20,0.04,0.00,-0.03,481,434,303,340,369
8.16,2.67,-5.10,0.03,-0.00,-0.04,481,434,303,340,369
8.44,2.72,-5.48,0.04,0.00,-0.04,481,433,303,340,369
8.07,2.66,-5.02,0.02,0.00,-0.03,481,433,303,340,369
8.06,2.57,-5.10,0.04,0.01,-0.03,481,434,303,340,369
8.27,2.61,-5.20,0.03,-0.00,-0.04,481,433,303,340,369
8.10,2.61,-5.20,0.04,-0.01,-0.04,481,433,303,340,369
8.28,2.73,-5.32,0.04,-0.00,-0.03,481,433,302,340,369
8.32,2.65,-5.45,0.04,-0.00,-0.03,481,433,303,340,369
8.08,2.67,-5.10,0.03,0.01,-0.02,481,433,303,340,369
8.10,2.51,-5.04,0.04,-0.00,-0.04,481,433,303,340,369
8.21,2.63,-5.14,0.03,0.01,-0.03,481,433,303,340,369
8.17,2.53,-5.05,0.04,0.01,-0.02,481,433,303,340,369
8.09,2.70,-5.18,0.03,-0.00,-0.03,481,433,303,340,369
8.05,2.55,-5.11,0.02,-0.01,-0.03,481,433,303,340,369
8.32,2.75,-5.23,0.03,0.01,-0.04,481,433,303,340,369
8.12,2.54,-5.14,0.04,-0.00,-0.04,480,433,303,340,369
8.19,2.61,-5.20,0.04,-0.00,-0.03,480,433,303,340,369
8.19,2.56,-4.92,0.04,-0.00,-0.03,480,433,303,340,369
8.14,2.63,-5.20,0.02,-0.01,-0.04,480,433,303,340,368
8.08,2.58,-5.21,0.02,0.00,-0.04,480,433,303,340,369
8.17,2.66,-5.03,0.04,-0.01,-0.04,480,433,303,340,369
8.08,2.53,-5.00,0.04,-0.00,-0.03,480,433,303,340,369
8.24,2.66,-5.44,0.03,-0.00,-0.03,480,433,303,340,369
8.19,2.56,-5.08,0.02,-0.00,-0.03,480,433,303,340,369
8.05,2.63,-5.02,0.04,0.00,-0.03,480,433,303,340,369
END
8.26,2.56,-5.36,0.04,0.02,-0.03,480,433,303,340,369
8.16,2.79,-5.38,0.04,-0.01,-0.04,480,433,303,340,369
7.98,2.70,-5.10,0.03,0.01,-0.04,480,433,303,340,369
8.07,2.58,-4.93,0.05,-0.00,-0.05,480,433,303,339,369
8.20,2.66,-5.24,0.04,0.00,-0.05,479,432,303,340,369
8.20,2.68,-5.18,0.04,-0.01,-0.04,480,433,303,340,369
8.07,2.69,-5.48,0.03,0.00,-0.03,480,433,303,340,369
8.08,2.64,-5.28,0.04,0.01,-0.04,480,433,303,340,369
8.10,2.81,-5.13,0.02,0.00,-0.03,480,433,303,340,369
8.18,2.68,-5.30,0.04,-0.00,-0.04,480,433,303,340,369
8.08,2.70,-5.15,0.03,-0.00,-0.03,480,433,303,340,369
7.89,2.61,-5.15,0.03,-0.00,-0.04,479,433,303,340,369
8.08,2.69,-5.25,0.03,0.00,-0.03,479,432,303,340,369
7.95,2.63,-5.15,0.05,0.00,-0.04,479,433,303,340,369
8.27,2.77,-5.30,0.03,-0.00,-0.03,479,432,303,340,369
8.05,2.74,-5.15,0.04,-0.00,-0.03,479,432,303,340,369
8.00,2.69,-5.02,0.03,-0.00,-0.03,479,432,304,340,369
8.13,2.63,-5.25,0.01,-0.00,-0.04,480,432,303,340,369
8.12,2.72,-5.21,0.02,0.00,-0.03,480,432,303,340,369
8.20,2.66,-5.38,0.04,0.00,-0.03,479,432,303,340,369
8.03,2.61,-5.22,0.04,-0.00,-0.03,479,432,303,340,369
8.04,2.62,-5.29,0.03,0.00,-0.03,479,432,303,340,369
8.11,2.69,-5.25,0.04,0.01,-0.04,479,432,303,340,369
7.93,2.53,-5.11,0.04,0.01,-0.03,479,432,303,340,369
8.20,2.68,-5.30,0.02,0.00,-0.03,479,432,303,340,369
8.08,2.66,-5.24,0.04,-0.01,-0.04,479,432,303,340,369
8.05,2.57,-5.10,0.04,0.00,-0.03,479,432,303,340,369
8.33,2.71,-5.00,0.03,-0.00,-0.03,479,432,303,340,369
8.03,2.48,-5.21,0.03,0.00,-0.02,479,432,303,340,369
8.10,2.62,-5.00,0.02,0.00,-0.02,479,432,303,340,369
8.08,2.63,-5.23,0.04,0.00,-0.04,479,432,303,340,369
8.07,2.61,-5.25,0.04,-0.00,-0.03,479,432,303,340,369
8.13,2.57,-5.46,0.04,0.00,-0.04,479,432,303,340,369
8.28,2.70,-5.28,0.04,0.00,-0.03,479,432,302,340,369
8.15,2.56,-5.25,0.03,-0.00,-0.03,479,432,303,340,369
8.08,2.56,-5.21,0.03,-0.00,-0.04,479,432,303,340,369
END
8.02,2.53,-4.86,0.02,0.00,-0.03,479,432,303,340,369
8.06,2.71,-5.28,0.04,0.00,-0.04,479,432,303,340,369
8.02,2.58,-5.24,0.03,0.00,-0.04,479,432,303,340,369
8.18,2.78,-5.34,0.03,0.01,-0.03,479,432,303,340,369
8.24,2.77,-5.57,0.03,0.00,-0.04,479,432,303,340,369
8.00,2.68,-5.25,0.03,-0.01,-0.03,479,432,303,340,369
7.95,2.71,-5.03,0.03,0.01,-0.03,479,432,303,340,369
8.21,2.74,-5.37,0.03,0.00,-0.04,478,432,303,340,369
7.93,2.58,-5.13,0.04,0.01,-0.03,478,432,303,340,369
8.12,2.62,-5.13,0.03,-0.00,-0.03,478,432,303,340,369
7.97,2.74,-5.23,0.04,0.00,-0.03,478,432,303,340,368
8.03,2.72,-5.22,0.03,0.00,-0.03,478,431,303,340,369
8.01,2.71,-5.08,0.03,0.00,-0.05,478,432,303,340,369
8.00,2.61,-5.29,0.04,0.00,-0.03,479,432,303,340,369
8.20,2.73,-5.38,0.04,0.00,-0.04,479,432,303,340,369
8.08,2.66,-5.25,0.04,-0.01,-0.04,479,432,303,340,369
8.04,2.65,-5.15,0.05,0.00,-0.04,478,432,303,340,369
8.13,2.76,-5.32,0.04,-0.00,-0.04,478,432,303,340,369
7.98,2.72,-5.18,0.04,0.01,-0.03,478,432,303,340,369
8.00,2.72,-5.06,0.04,0.01,-0.03,478,432,303,340,369
8.02,2.70,-5.05,0.04,-0.01,-0.04,478,431,303,340,369
8.08,2.72,-5.33,0.02,0.00,-0.02,478,431,303,340,369
8.00,2.66,-5.15,0.03,-0.01,-0.03,478,432,303,340,369
8.00,2.76,-5.38,0.03,0.01,-0.02,478,431,303,340,369
8.13,2.68,-5.23,0.04,-0.01,-0.04,478,432,303,340,369
7.90,2.65,-5.08,0.03,-0.00,-0.04,478,432,303,340,369
8.08,2.68,-5.49,0.03,0.01,-0.03,478,432,303,340,369
8.07,2.76,-5.28,0.04,-0.00,-0.04,478,432,303,340,369
7.88,2.58,-5.10,0.04,-0.01,-0.04,478,432,303,340,369
8.15,2.81,-5.46,0.03,-0.00,-0.03,478,431,303,340,369
8.22,2.76,-5.33,0.02,-0.01,-0.04,478,431,303,340,369
8.11,2.74,-5.39,0.04,-0.01,-0.04,478,431,303,340,369
8.01,2.68,-5.23,0.04,0.01,-0.03,478,431,303,340,369
8.01,2.71,-5.25,0.03,-0.01,-0.04,478,431,303,340,369
7.88,2.67,-5.18,0.04,0.00,-0.03,478,431,303,340,368
8.12,2.78,-5.28,0.04,-0.00,-0.05,478,431,303,340,368
END
8.05,2.66,-5.36,0.02,0.00,-0.03,478,431,303,340,369
7.94,2.79,-5.23,0.04,0.01,-0.04,478,431,303,340,368
8.00,2.85,-5.36,0.03,0.01,-0.04,478,431,303,340,368
7.90,2.71,-5.25,0.04,0.01,-0.03,477,431,303,340,368
8.00,2.77,-5.25,0.03,0.00,-0.03,477,431,303,340,368
7.99,2.71,-5.33,0.03,0.00,-0.03,477,431,303,340,368
8.13,2.72,-5.30,0.03,0.00,-0.03,477,431,302,340,368
7.93,2.68,-5.26,0.03,0.00,-0.03,477,431,303,340,368
7.92,2.76,-5.24,0.04,0.00,-0.03,477,431,303,340,368
8.08,2.61,-5.25,0.03,0.00,-0.03,478,431,303,340,368
7.93,2.67,-5.27,0.04,-0.01,-0.03,477,431,303,340,368
7.99,2.76,-5.29,0.03,0.00,-0.03,478,431,303,340,368
8.03,2.83,-5.37,0.03,-0.00,-0.03,478,431,303,340,368
7.96,2.69,-5.27,0.03,-0.01,-0.04,477,431,303,340,368
8.02,2.78,-5.30,0.03,0.00,-0.03,477,431,303,340,368
8.09,2.73,-5.33,0.02,-0.00,-0.03,477,431,303,340,368
7.98,2.73,-5.27,0.04,-0.00,-0.03,477,431,303,340,368
7.89,2.76,-5.18,0.03,0.00,-0.03,477,431,303,340,368
7.87,2.74,-5.26,0.03,-0.00,-0.03,477,431,303,340,368
7.92,2.74,-5.31,0.04,-0.00,-0.04,477,431,303,340,368
8.05,2.66,-5.35,0.04,-0.00,-0.04,477,431,303,340,368
8.08,2.73,-5.45,0.03,0.01,-0.03,477,431,303,340,368
7.98,2.81,-5.19,0.04,-0.01,-0.04,477,431,303,340,368
7.91,2.73,-5.26,0.04,0.00,-0.03,477,431,303,340,368
8.05,2.73,-5.24,0.03,0.00,-0.03,477,431,303,340,368
8.05,2.80,-5.32,0.02,-0.00,-0.04,477,431,303,339,368
7.97,2.69,-5.19,0.04,-0.00,-0.03,477,431,303,340,368
8.00,2.72,-5.23,0.03,0.00,-0.03,477,431,303,340,368
7.98,2.79,-5.28,0.04,-0.00,-0.04,477,431,303,340,368
7.92,2.76,-5.21,0.03,-0.00,-0.04,477,431,303,339,368
8.03,2.79,-5.30,0.04,0.00,-0.04,477,431,303,340,368
8.08,2.68,-5.38,0.03,-0.01,-0.04,477,431,303,340,368
8.06,2.73,-5.34,0.04,-0.00,-0.03,477,431,303,340,368
7.94,2.66,-5.18,0.04,-0.00,-0.03,477,431,303,340,368
8.00,2.68,-5.19,0.03,-0.00,-0.04,477,431,303,340,368
8.12,2.73,-5.41,0.03,0.01,-0.04,477,431,303,339,368
END
8.13,2.73,-5.30,0.05,0.00,-0.03,477,430,304,340,368
7.82,2.76,-4.87,0.04,-0.00,-0.04,476,430,303,340,368
7.95,2.79,-5.32,0.03,0.00,-0.03,476,431,303,340,368
8.08,2.76,-5.35,0.03,-0.00,-0.04,476,430,303,340,368
8.00,2.68,-5.15,0.03,0.00,-0.04,476,430,303,340,368
7.98,2.80,-5.23,0.02,0.00,-0.03,477,430,303,340,368
7.93,2.64,-5.35,0.02,-0.01,-0.04,477,430,303,340,368
8.15,2.78,-5.49,0.02,0.00,-0.03,477,430,303,340,368
8.01,2.66,-5.30,0.04,-0.01,-0.03,477,430,303,340,368
7.85,2.75,-5.42,0.02,0.00,-0.03,477,430,303,340,368
7.96,2.76,-5.39,0.03,0.01,-0.03,476,430,303,340,368
8.14,2.84,-5.23,0.04,0.00,-0.04,476,430,303,340,368
8.00,2.78,-5.24,0.04,0.01,-0.04,476,430,303,340,367
8.06,2.75,-5.34,0.04,0.01,-0.03,476,430,302,340,368
8.00,2.82,-5.33,0.04,-0.00,-0.04,476,430,303,340,368
7.82,2.76,-5.27,0.03,0.01,-0.03,476,430,303,341,368
8.09,2.83,-5.30,0.03,0.00,-0.04,477,430,303,340,368
8.05,2.78,-5.33,0.02,-0.00,-0.04,477,430,303,340,368
8.03,2.84,-5.13,0.04,-0.01,-0.03,476,430,303,340,368
7.93,2.73,-5.20,0.02,-0.00,-0.03,476,430,303,340,368
8.00,2.80,-5.29,0.03,-0.01,-0.04,477,430,303,340,368
7.77,2.76,-4.94,0.03,-0.00,-0.03,476,430,303,340,368
8.03,2.70,-5.25,0.04,-0.01,-0.03,476,430,303,340,368
7.97,2.81,-5.28,0.03,-0.00,-0.02,476,430,303,340,368
8.06,2.82,-5.28,0.04,-0.01,-0.03,476,430,303,340,368
7.97,2.84,-5.23,0.03,-0.00,-0.03,476,430,303,340,368
8.08,2.72,-5.38,0.03,-0.01,-0.04,476,430,303,340,368
7.97,2.73,-5.33,0.03,0.00,-0.04,476,430,303,340,368
8.08,2.84,-5.35,0.04,-0.00,-0.04,476,430,303,340,368
7.97,2.68,-5.22,0.03,0.00,-0.03,476,430,303,340,368
7.93,2.73,-5.40,0.04,0.00,-0.04,476,430,303,340,368
8.08,2.79,-5.43,0.04,-0.00,-0.04,476,430,303,340,368
7.98,2.69,-5.38,0.04,-0.01,-0.03,476,430,303,340,368
7.98,2.62,-5.20,0.03,0.00,-0.02,476,430,303,340,368
8.01,2.81,-5.33,0.03,-0.01,-0.03,476,430,303,340,368
7.89,2.67,-5.28,0.03,-0.00,-0.03,476,430,303,340,368
END
7.93,2.73,-5.33,0.03,0.00,-0.04,476,430,303,340,368
7.94,2.71,-5.28,0.03,-0.00,-0.03,476,430,303,340,368
7.93,2.72,-5.28,0.04,0.00,-0.03,476,430,303,340,368
7.96,2.90,-5.39,0.04,-0.00,-0.04,476,430,303,340,368
7.87,2.79,-5.28,0.04,-0.00,-0.04,476,430,303,340,368
7.90,2.68,-5.30,0.03,0.00,-0.04,476,430,303,340,368
7.98,2.80,-5.24,0.03,0.00,-0.04,476,430,303,339,368
8.08,2.77,-5.40,0.03,0.00,-0.04,476,430,303,340,368
7.93,2.65,-5.22,0.04,0.01,-0.03,476,430,303,340,368
8.11,2.86,-5.35,0.03,-0.00,-0.04,476,430,303,340,368
8.01,2.73,-5.41,0.03,0.00,-0.04,476,430,303,340,368
8.06,2.76,-5.43,0.04,0.00,-0.03,476,430,302,340,368
8.01,2.77,-5.45,0.03,0.00,-0.04,476,430,303,340,368
7.94,2.77,-5.45,0.04,-0.00,-0.04,476,430,303,340,368
7.99,2.84,-5.18,0.04,-0.00,-0.03,476,430,303,340,368
8.05,2.82,-5.28,0.03,-0.00,-0.04,476,430,303,340,368
7.78,2.71,-5.18,0.03,-0.00,-0.04,476,430,303,340,368
7.97,2.84,-5.26,0.04,0.00,-0.03,476,430,303,340,368
7.82,2.79,-5.08,0.04,0.00,-0.03,476,430,303,340,368
8.07,2.89,-5.46,0.04,-0.00,-0.03,475,429,303,340,368
7.97,2.73,-5.33,0.04,0.01,-0.03,476,430,303,340,368
7.95,2.82,-5.38,0.04,-0.01,-0.04,476,429,303,340,368
8.05,2.79,-5.43,0.04,0.00,-0.03,475,430,303,340,368
8.05,2.84,-5.66,0.04,-0.01,-0.04,476,430,303,340,368
7.83,2.70,-5.20,0.04,0.00,-0.03,476,430,303,340,368
8.00,2.86,-5.34,0.03,-0.01,-0.04,476,430,303,340,368
7.97,2.78,-5.52,0.02,-0.01,-0.04,476,430,303,340,368
8.06,2.78,-5.43,0.03,0.00,-0.03,476,430,303,340,368
7.94,2.77,-5.30,0.03,-0.00,-0.04,476,430,303,340,368
7.92,2.80,-5.33,0.03,-0.00,-0.03,476,429,303,340,368
8.17,2.80,-5.39,0.04,0.00,-0.04,475,429,303,340,368
7.89,2.71,-5.28,0.03,0.00,-0.03,475,429,303,340,368
7.90,2.76,-5.48,0.03,0.00,-0.03,476,429,303,340,368
8.09,2.87,-5.23,0.03,-0.00,-0.05,475,429,303,340,368
8.20,2.60,-5.10,0.03,0.01,-0.03,476,430,303,340,368
7.70,2.53,-5.38,0.02,0.01,-0.02,476,429,303,340,368
END
7.70,2.83,-5.45,0.02,-0.02,-0.03,475,429,303,340,368
7.84,2.82,-5.35,0.03,0.02,-0.03,475,429,303,340,368
8.00,2.81,-5.47,0.02,-0.01,-0.04,475,429,303,340,368
7.87,2.66,-5.38,0.05,0.01,-0.03,475,428,303,340,367
7.98,2.77,-5.43,0.03,0.01,-0.02,475,429,303,340,367
7.90,2.73,-5.33,0.04,0.01,-0.03,475,429,303,340,367
7.95,2.80,-5.23,0.05,0.01,-0.03,475,429,303,340,368
7.88,2.79,-5.33,0.03,0.00,-0.03,475,429,303,340,367
7.96,2.73,-5.37,0.03,0.01,-0.03,475,429,303,340,368
8.00,2.83,-5.44,0.03,-0.01,-0.04,475,429,303,340,368
7.72,2.79,-5.40,0.03,0.00,-0.02,475,429,303,340,368
7.95,2.83,-5.51,0.01,-0.01,-0.02,475,429,303,340,367
7.87,2.76,-5.29,0.03,-0.01,-0.04,475,429,303,340,367
7.82,2.66,-5.41,0.03,0.01,-0.04,475,429,303,340,367
8.05,2.84,-5.58,0.04,0.02,-0.04,475,429,303,340,367
8.14,2.74,-5.16,0.05,0.01,-0.02,475,429,303,340,367
7.84,2.69,-5.25,0.02,-0.02,-0.02,475,429,303,340,367
7.80,2.77,-5.47,0.03,0.01,-0.03,475,429,303,340,367
8.12,2.79,-5.40,0.04,0.02,-0.04,475,429,303,340,368
8.12,2.76,-5.28,0.05,0.00,-0.03,475,429,303,340,367
7.97,2.68,-5.37,0.03,-0.02,-0.02,475,429,303,340,368
7.85,2.65,-5.38,0.02,-0.02,-0.03,475,429,303,340,367
7.88,2.71,-5.27,0.02,0.01,-0.02,475,429,303,340,367
8.08,2.71,-5.44,0.02,-0.01,-0.04,475,429,303,340,368
7.95,2.66,-5.46,0.02,-0.00,-0.03,475,429,303,340,367
7.98,2.73,-5.38,0.02,-0.00,-0.02,475,429,303,340,367
7.94,2.75,-5.39,0.03,-0.01,-0.04,475,429,303,340,367
7.92,2.73,-5.30,0.04,0.01,-0.03,475,429,303,340,367
8.07,2.71,-5.30,0.04,0.00,-0.03,475,429,303,340,367
7.83,2.76,-5.35,0.02,-0.01,-0.03,475,429,303,340,367
7.68,2.73,-5.46,0.03,-0.01,-0.05,475,429,303,340,368
8.03,2.77,-5.34,0.03,0.01,-0.04,475,429,303,340,367
8.19,2.79,-5.41,0.04,-0.00,-0.04,475,429,303,340,368
7.87,2.75,-5.21,0.01,-0.01,-0.02,475,429,303,340,368
7.71,2.80,-5.41,0.02,-0.01,-0.02,475,429,303,340,368
7.70,2.81,-5.33,0.03,-0.00,-0.04,475,429,303,340,367
END
7.95,2.75,-5.34,0.04,0.01,-0.04,474,428,303,340,367
7.94,2.75,-5.41,0.03,-0.00,-0.03,474,429,303,340,367
7.99,2.63,-5.62,0.03,0.00,-0.02,474,428,303,340,367
7.98,2.59,-5.48,0.03,-0.01,-0.04,474,428,303,340,367
7.92,2.71,-5.41,0.05,-0.00,-0.04,475,429,303,340,367
7.80,2.54,-5.31,0.04,-0.00,-0.04,475,429,303,340,367
7.89,2.70,-5.53,0.04,0.00,-0.03,475,429,303,340,367
7.90,2.60,-5.53,0.03,0.00,-0.04,474,429,303,340,367
7.87,2.57,-5.33,0.03,0.00,-0.03,475,429,303,340,367
8.05,2.68,-5.48,0.02,0.00,-0.03,475,429,303,340,367
7.98,2.70,-5.53,0.04,-0.01,-0.04,474,428,303,340,367
7.78,2.65,-5.29,0.02,0.00,-0.04,474,428,303,340,367
7.85,2.65,-5.53,0.02,-0.00,-0.05,474,428,303,340,367
8.08,2.74,-5.39,0.04,0.00,-0.05,474,428,303,340,367
7.80,2.64,-5.38,0.04,0.01,-0.03,474,428,303,340,367
7.99,2.65,-5.41,0.03,0.00,-0.04,474,429,303,340,367
7.95,2.61,-5.33,0.03,-0.01,-0.04,474,429,303,340,367
7.83,2.59,-5.46,0.04,-0.00,-0.03,475,429,303,340,367
7.81,2.61,-5.32,0.03,-0.01,-0.04,474,429,303,340,367
7.85,2.68,-5.50,0.03,-0.00,-0.04,474,429,303,340,367
7.93,2.68,-5.53,0.03,-0.01,-0.04,474,428,303,340,367
7.97,2.53,-5.32,0.02,-0.00,-0.04,474,428,303,340,367
7.89,2.79,-5.41,0.03,-0.01,-0.04,474,428,303,340,367
7.79,2.73,-5.43,0.03,0.00,-0.04,474,428,303,340,367
7.95,2.73,-5.39,0.04,0.00,-0.05,474,428,303,340,367
7.97,2.62,-5.23,0.03,0.01,-0.03,474,428,303,340,367
7.91,2.61,-5.52,0.04,-0.01,-0.03,474,428,303,340,367
7.73,2.75,-5.38,0.03,0.01,-0.03,474,428,303,340,367
7.82,2.76,-5.41,0.03,-0.01,-0.04,474,428,303,340,367
7.94,2.73,-5.52,0.04,0.00,-0.05,474,428,303,340,367
8.07,2.75,-5.66,0.03,0.01,-0.03,474,428,304,340,367
8.03,2.75,-5.37,0.02,-0.01,-0.03,474,428,303,340,367
7.77,2.72,-5.35,0.03,-0.00,-0.03,474,428,303,340,367
7.82,2.65,-5.51,0.02,0.01,-0.03,474,428,303,340,367
7.85,2.73,-5.56,0.03,0.00,-0.03,474,428,303,340,367
7.98,2.63,-5.44,0.04,0.00,-0.05,474,428,303,340,367
END
7.89,2.68,-5.43,0.04,0.00,-0.04,474,428,303,340,367
7.96,2.73,-5.53,0.04,-0.01,-0.04,474,428,303,340,367
7.82,2.62,-5.38,0.04,-0.00,-0.04,474,428,304,340,367
8.01,2.72,-5.51,0.04,0.01,-0.03,474,428,303,340,367
8.03,2.63,-5.42,0.02,-0.01,-0.02,474,428,303,340,367
7.57,2.66,-5.59,0.02,-0.00,-0.01,474,428,304,340,367
7.67,2.63,-5.53,0.03,0.01,-0.03,474,428,303,340,367
8.02,2.79,-5.69,0.04,0.01,-0.04,474,428,303,340,367
8.00,2.65,-5.46,0.06,-0.00,-0.03,474,428,303,340,367
7.85,2.60,-5.38,0.04,-0.00,-0.03,474,428,303,340,367
7.84,2.63,-5.50,0.04,0.01,-0.03,473,428,303,340,367
7.77,2.73,-5.63,0.02,-0.00,-0.04,474,428,303,340,367
7.76,2.66,-5.58,0.05,0.00,-0.05,474,428,303,340,367
7.95,2.67,-5.49,0.04,-0.01,-0.04,474,428,303,340,367
7.87,2.66,-5.42,0.03,-0.01,-0.04,474,428,303,340,367
8.06,2.74,-5.52,0.03,-0.00,-0.03,474,428,303,340,367
8.05,2.68,-5.64,0.04,0.00,-0.05,474,428,303,340,367
7.95,2.71,-5.45,0.03,0.01,-0.03,474,428,303,340,367
7.82,2.55,-5.36,0.03,0.01,-0.03,474,428,303,340,367
7.88,2.79,-5.63,0.04,0.00,-0.03,474,428,303,341,367
7.98,2.73,-5.71,0.04,-0.00,-0.04,474,428,303,340,367
7.91,2.60,-5.52,0.03,-0.00,-0.03,474,428,303,340,367
7.93,2.75,-5.53,0.04,0.00,-0.03,474,428,303,340,367
7.87,2.73,-5.34,0.03,-0.00,-0.03,474,428,303,340,367
7.93,2.61,-5.50,0.03,-0.00,-0.04,474,428,303,340,367
7.83,2.62,-5.51,0.03,0.01,-0.04,474,428,303,340,367
7.85,2.72,-5.46,0.02,0.00,-0.04,474,428,303,340,367
7.91,2.63,-5.53,0.04,-0.01,-0.04,474,428,303,340,367
7.85,2.62,-5.46,0.03,0.00,-0.03,473,428,303,340,367
7.82,2.73,-5.44,0.03,0.00,-0.03,473,428,303,340,367
7.91,2.66,-5.53,0.02,-0.00,-0.02,473,428,303,340,367
7.75,2.68,-5.51,0.02,0.01,-0.02,473,428,303,340,367
8.01,2.67,-5.60,0.03,-0.01,-0.04,473,428,303,340,367
7.87,2.70,-5.55,0.04,-0.00,-0.03,473,428,303,340,367
7.73,2.59,-5.41,0.04,-0.00,-0.03,474,428,303,340,367
7.93,2.65,-5.48,0.03,0.00,-0.03,474,428,303,340,367
END
7.98,2.71,-5.61,0.04,-0.00,-0.04,473,428,303,340,367
7.78,2.67,-5.76,0.03,-0.00,-0.03,473,428,303,340,367
7.97,2.63,-5.57,0.02,0.00,-0.03,473,427,303,340,367
7.95,2.67,-5.53,0.03,0.00,-0.03,473,427,303,340,367
7.96,2.59,-5.59,0.01,-0.00,-0.03,473,427,303,340,367
7.90,2.71,-5.74,0.04,-0.00,-0.03,473,427,303,340,367
7.78,2.76,-5.51,0.02,0.00,-0.03,473,428,303,340,367
7.96,2.66,-5.54,0.03,0.00,-0.03,473,428,303,340,367
7.90,2.76,-5.57,0.04,0.01,-0.03,473,428,303,340,367
7.87,2.65,-5.56,0.03,-0.01,-0.03,473,428,303,340,367
7.80,2.69,-5.43,0.04,0.00,-0.03,473,428,303,340,367
8.05,2.63,-5.51,0.03,-0.01,-0.04,473,428,303,340,367
7.80,2.63,-5.62,0.03,-0.00,-0.03,473,428,303,340,367
7.79,2.73,-5.44,0.03,-0.00,-0.03,473,427,303,340,367
8.04,2.79,-5.63,0.02,-0.00,-0.04,473,427,303,340,367
7.85,2.71,-5.73,0.04,-0.00,-0.03,473,427,303,340,367
7.95,2.71,-5.56,0.03,0.00,-0.03,473,428,301,340,367
7.84,2.65,-5.57,0.04,-0.00,-0.04,473,427,303,340,367
7.92,2.74,-5.53,0.03,0.00,-0.03,473,428,303,339,367
7.85,2.66,-5.53,0.03,0.00,-0.03,473,428,303,340,367
8.00,2.70,-5.56,0.03,-0.00,-0.03,473,427,303,340,367
7.81,2.74,-5.48,0.04,-0.00,-0.04,473,428,303,340,367
7.89,2.68,-5.48,0.03,0.00,-0.04,473,427,303,340,367
7.90,2.61,-5.66,0.03,0.01,-0.04,473,427,303,340,367
8.06,2.81,-5.56,0.03,-0.00,-0.04,473,427,303,340,367
7.95,2.65,-5.68,0.03,0.00,-0.03,473,427,303,340,367
7.83,2.68,-5.56,0.03,-0.00,-0.03,473,427,303,340,366
7.80,2.68,-5.64,0.03,0.01,-0.03,473,427,303,340,367
7.90,2.60,-5.55,0.04,-0.00,-0.03,473,427,303,340,366
8.03,2.53,-5.49,0.04,-0.00,-0.04,473,427,303,340,367
7.85,2.72,-5.50,0.03,-0.00,-0.03,473,427,303,340,367
7.84,2.67,-5.43,0.04,0.01,-0.03,473,427,303,340,367
7.85,2.64,-5.46,0.03,-0.01,-0.04,473,427,303,340,367
7.91,2.59,-5.51,0.02,-0.01,-0.04,473,427,303,340,367
7.84,2.66,-5.65,0.04,-0.00,-0.03,473,427,303,340,367
7.85,2.63,-5.43,0.03,0.00,-0.03,473,427,303,340,367
END
7.93,2.83,-5.74,0.03,-0.00,-0.03,472,427,303,340,366
7.89,2.68,-5.50,0.03,-0.00,-0.03,472,427,303,340,367
7.97,2.68,-5.69,0.04,0.00,-0.03,472,427,303,340,367
7.77,2.69,-5.53,0.04,0.00,-0.03,473,427,303,340,367
7.80,2.65,-5.43,0.04,-0.00,-0.03,473,427,303,340,367
7.76,2.54,-5.49,0.04,0.00,-0.04,473,427,303,340,367
7.94,2.74,-5.73,0.03,0.01,-0.03,472,427,303,340,367
7.90,2.68,-5.54,0.04,-0.00,-0.03,473,427,303,340,367
7.85,2.69,-5.56,0.03,0.00,-0.04,473,427,303,340,367
7.87,2.66,-5.58,0.03,0.00,-0.04,472,427,303,340,367
7.91,2.74,-5.62,0.03,-0.00,-0.04,472,427,303,340,366
7.87,2.66,-5.67,0.03,0.00,-0.04,472,427,303,340,366
7.87,2.72,-5.66,0.04,-0.00,-0.03,472,427,303,340,366
7.95,2.68,-5.74,0.03,-0.01,-0.03,472,426,303,340,366
7.86,2.81,-5.57,0.05,0.00,-0.04,472,427,303,340,366
7.84,2.59,-5.57,0.03,0.00,-0.03,472,427,303,340,367
7.93,2.79,-5.54,0.03,-0.01,-0.04,472,427,303,340,367
7.66,2.72,-5.67,0.04,-0.00,-0.03,472,427,303,340,367
7.85,2.66,-5.57,0.03,-0.00,-0.03,472,427,303,340,367
7.87,2.65,-5.59,0.02,-0.01,-0.04,472,427,303,340,366
7.87,2.73,-5.75,0.04,0.01,-0.03,472,427,303,340,366
7.98,2.69,-5.44,0.03,-0.01,-0.04,472,427,303,340,367
7.80,2.66,-5.41,0.03,-0.01,-0.04,472,427,303,340,366
7.75,2.71,-5.59,0.04,-0.00,-0.04,472,427,303,340,367
7.78,2.63,-5.49,0.04,0.00,-0.03,472,427,303,340,366
7.95,2.78,-5.71,0.04,-0.01,-0.03,472,427,303,340,366
7.69,2.72,-5.53,0.04,-0.00,-0.04,472,427,303,340,367
7.64,2.63,-5.57,0.04,0.01,-0.03,472,427,303,340,367
7.92,2.79,-5.70,0.03,0.01,-0.04,472,427,303,340,367
7.87,2.58,-5.61,0.04,0.00,-0.04,473,427,303,340,366
7.85,2.75,-5.59,0.03,0.00,-0.03,472,427,303,340,366
7.90,2.70,-5.51,0.03,-0.01,-0.04,472,427,303,340,366
7.80,2.74,-5.43,0.03,-0.01,-0.04,472,427,303,340,366
7.80,2.75,-5.51,0.03,0.00,-0.03,472,427,303,340,366
7.93,2.73,-5.56,0.03,-0.00,-0.03,472,427,303,340,366
7.70,2.67,-5.53,0.04,-0.00,-0.03,472,427,303,340,367
END