-0.92,-2.25,-9.53,0.04,-0.01,-0.04,495,467,482,522,393
-0.93,-2.23,-9.67,0.05,0.00,-0.04,495,467,482,522,393
-0.64,-2.19,-9.90,0.04,0.01,-0.07,494,467,482,522,393
-0.50,-2.24,-10.11,0.03,0.01,-0.05,494,467,482,522,393
-0.45,-2.24,-9.88,0.03,0.00,-0.04,494,467,481,521,392
-0.50,-2.17,-9.74,0.02,-0.02,-0.05,494,467,481,521,392
-0.93,-2.19,-9.74,0.03,0.00,-0.03,494,467,481,521,392
-0.59,-2.26,-9.75,0.03,0.00,-0.04,494,467,481,521,392
-0.75,-2.16,-9.93,0.05,0.01,-0.05,494,467,481,521,392
-0.85,-2.10,-9.93,0.04,0.02,-0.06,494,467,481,521,392
-0.24,-2.35,-9.85,0.05,0.02,-0.06,494,467,481,521,392
-0.22,-2.47,-9.81,0.05,0.00,-0.04,494,467,481,521,392
-0.80,-2.15,-9.78,0.03,-0.02,-0.04,494,467,481,521,392
-0.83,-2.29,-9.63,0.03,0.00,-0.03,494,466,481,521,392
-0.24,-2.26,-9.80,0.01,-0.00,-0.06,494,466,481,521,392
-0.70,-2.22,-9.56,0.05,0.00,-0.03,494,466,481,521,392
-0.83,-2.26,-9.73,0.04,-0.01,-0.03,493,466,481,521,392
-0.34,-2.38,-9.74,0.02,0.00,-0.04,493,466,480,521,392
-0.52,-2.11,-10.11,0.03,-0.00,-0.04,493,466,481,521,392
-0.66,-2.15,-9.98,0.05,-0.00,-0.05,494,466,481,521,391
-0.45,-2.53,-9.78,0.04,0.02,-0.07,493,466,481,521,392
-0.45,-2.31,-9.98,0.03,0.00,-0.03,493,466,481,521,392
-0.57,-2.32,-9.67,0.03,-0.00,-0.05,493,466,481,521,392
-0.70,-2.28,-9.81,0.03,-0.00,-0.04,493,466,480,520,392
-0.68,-2.23,-9.71,0.02,0.00,-0.06,493,466,480,520,392
-1.24,-2.19,-9.43,0.04,0.03,-0.12,493,466,480,520,391
-0.40,-2.53,-9.63,0.02,0.02,-0.03,493,466,480,520,391
-0.36,-2.43,-9.87,0.02,-0.01,-0.07,493,465,480,520,391
-0.98,-2.07,-9.82,0.05,0.01,-0.04,493,465,480,520,392
0.02,-2.46,-9.93,0.01,0.01,-0.08,493,465,480,520,391
-0.65,-2.22,-9.81,0.05,0.00,-0.03,493,466,480,520,392
-0.49,-2.38,-9.88,0.03,-0.00,-0.02,493,466,480,520,391
-0.59,-2.21,-9.69,0.03,-0.00,-0.04,493,466,480,520,391
-0.60,-2.24,-9.78,0.04,0.01,-0.04,493,465,480,520,391
-0.43,-2.41,-9.76,0.04,0.00,-0.05,493,465,480,520,391
-0.44,-2.31,-9.87,0.04,-0.00,-0.06,493,465,480,520,391
END
-0.45,-2.47,-9.97,0.02,-0.01,-0.04,491,464,478,518,389
-0.60,-2.32,-9.83,0.03,0.01,-0.04,491,464,478,518,390
-0.56,-2.45,-9.67,0.04,-0.01,-0.05,491,464,478,518,390
-0.50,-2.23,-9.88,0.03,-0.00,-0.04,491,464,478,518,390
-0.50,-2.51,-9.61,0.03,0.00,-0.04,491,464,478,518,390
-0.65,-2.39,-9.54,0.03,-0.00,-0.06,491,464,478,518,390
-0.53,-2.28,-9.69,0.04,0.00,-0.04,491,464,478,518,390
-0.53,-2.35,-9.80,0.04,0.00,-0.04,491,464,478,518,390
-0.51,-2.40,-9.69,0.04,-0.00,-0.05,491,464,478,518,390
-0.79,-2.44,-9.65,0.04,-0.01,-0.04,491,464,478,518,390
-0.37,-2.56,-9.61,0.05,0.01,-0.05,490,464,478,518,390
-0.75,-2.30,-9.69,0.04,-0.00,-0.04,490,464,478,518,390
-0.67,-2.42,-9.62,0.05,0.01,-0.02,490,464,478,518,390
-0.44,-2.38,-9.85,0.03,0.00,-0.05,490,464,478,518,389
-0.60,-2.19,-9.78,0.03,0.01,-0.04,490,463,478,517,389
-0.38,-2.20,-10.01,0.03,0.02,-0.03,490,464,478,518,389
-0.41,-2.30,-10.06,0.03,0.00,-0.06,490,464,478,518,390
-0.67,-2.31,-9.76,0.03,-0.01,-0.05,490,464,478,518,389
-0.73,-2.25,-9.83,0.04,0.01,-0.04,490,463,478,518,389
-0.23,-2.77,-9.70,0.00,0.00,-0.05,490,463,478,518,389
-0.66,-2.29,-9.81,0.04,0.00,-0.02,490,463,478,518,389
-0.30,-2.37,-9.74,0.02,-0.00,-0.04,490,463,478,517,389
-0.67,-2.34,-9.66,0.03,0.01,-0.05,490,463,478,517,389
-0.65,-2.38,-9.68,0.01,-0.01,-0.01,490,463,478,517,389
-0.36,-2.18,-9.81,0.02,-0.01,-0.03,490,463,478,517,389
-0.64,-2.11,-9.86,0.03,0.00,-0.02,490,463,478,517,389
-0.65,-2.14,-9.80,0.05,0.00,-0.03,490,463,478,517,389
-0.83,-2.31,-9.77,0.05,0.02,-0.04,490,463,478,517,389
-0.48,-2.46,-9.76,0.04,0.00,-0.04,490,463,478,517,389
-0.42,-2.15,-9.96,0.04,0.01,-0.01,490,463,478,517,389
-0.82,-2.46,-9.68,0.03,-0.00,-0.02,490,463,478,517,389
-0.57,-2.35,-9.56,0.03,0.01,-0.00,490,463,478,517,389
-0.97,-2.51,-9.54,0.01,0.02,0.05,489,463,477,517,389
-0.55,-2.21,-9.69,-0.01,0.02,0.01,489,463,477,517,389
-0.75,-2.22,-9.86,0.01,0.03,0.01,489,463,477,517,388
-0.27,-2.15,-9.90,0.04,0.02,0.02,489,463,477,517,388
END
-0.58,-2.33,-9.89,0.03,0.02,0.01,489,462,477,516,387
-0.38,-2.23,-9.67,0.04,0.01,-0.05,488,462,477,516,387
-0.22,-2.28,-9.96,0.03,0.00,-0.04,488,462,477,516,387
-0.33,-2.18,-10.02,0.02,-0.00,-0.05,488,462,477,516,387
-0.57,-2.11,-9.81,0.04,-0.01,-0.03,488,462,477,516,387
-0.28,-2.17,-9.86,0.02,-0.00,-0.05,488,462,477,516,387
-0.57,-2.23,-9.82,0.03,-0.00,-0.06,488,462,476,515,387
-0.41,-2.10,-10.15,0.04,0.01,-0.05,488,462,476,515,387
-0.39,-2.25,-9.86,0.04,-0.00,-0.05,488,461,476,515,386
-0.74,-2.05,-9.83,0.04,0.01,-0.05,488,461,476,515,386
-0.19,-2.39,-9.81,0.03,0.00,-0.06,488,461,476,515,386
-0.55,-2.10,-9.55,0.02,-0.01,-0.06,488,462,476,515,386
-0.57,-2.15,-9.84,0.04,0.01,-0.03,488,462,476,515,386
-0.30,-2.13,-9.91,0.04,-0.00,-0.06,488,462,476,515,386
-0.62,-2.16,-9.75,0.05,0.00,-0.05,488,462,476,515,386
-0.31,-2.33,-9.69,0.04,0.01,-0.04,488,462,476,515,386
-0.58,-2.18,-9.80,0.03,-0.01,-0.05,488,461,476,515,386
-0.32,-2.30,-9.71,0.04,-0.00,-0.05,488,461,476,515,386
-0.57,-2.25,-9.93,0.03,0.01,-0.05,488,461,476,515,386
-0.62,-2.19,-9.72,0.04,0.00,-0.03,488,461,476,515,386
-0.46,-2.05,-9.86,0.05,-0.00,-0.04,488,461,476,515,386
-0.38,-2.15,-9.88,0.05,0.00,-0.04,488,461,476,515,386
-0.32,-2.12,-10.05,0.04,0.00,-0.05,488,461,476,515,386
-0.63,-2.26,-9.65,0.04,-0.00,-0.05,488,461,476,515,386
-0.42,-2.20,-9.94,0.04,0.01,-0.06,488,461,476,515,386
-0.50,-2.23,-9.66,0.05,0.01,-0.06,488,461,476,515,386
-0.24,-2.18,-9.91,0.04,-0.00,-0.04,488,461,476,515,386
-0.45,-2.46,-9.73,0.02,0.01,-0.06,488,461,476,515,386
-0.75,-2.25,-9.88,0.04,-0.00,-0.04,488,461,476,515,386
-0.32,-2.30,-10.02,0.04,-0.01,-0.03,488,461,476,515,386
-0.15,-2.16,-10.06,0.03,0.00,-0.05,488,461,476,515,386
-0.63,-2.16,-9.69,0.03,0.01,-0.06,488,461,476,515,386
-0.47,-2.33,-9.71,0.03,0.01,-0.06,487,461,476,515,386
-0.60,-2.35,-9.82,0.04,0.01,-0.04,487,461,476,514,386
-0.52,-2.20,-9.77,0.05,0.01,-0.04,488,461,476,515,386
-0.64,-2.36,-9.71,0.05,0.00,-0.03,488,461,476,515,386
END
-0.37,-2.17,-9.98,0.04,0.01,-0.04,487,460,475,514,385
-0.40,-2.14,-9.86,0.03,0.01,-0.05,487,460,475,514,385
-0.74,-2.06,-9.88,0.05,-0.00,-0.03,487,460,474,514,385
-0.24,-2.28,-9.91,0.03,0.01,-0.05,487,460,474,514,385
-0.31,-1.97,-10.01,0.03,0.00,-0.06,487,460,474,514,386
-0.75,-2.26,-9.78,0.03,-0.00,-0.05,486,460,474,513,385
-0.69,-2.12,-9.81,0.03,0.01,-0.04,487,460,474,513,385
-0.49,-2.21,-9.65,0.04,0.01,-0.05,487,460,474,513,385
-0.60,-2.12,-9.73,0.03,-0.00,-0.06,487,460,475,514,385
-0.78,-2.17,-9.91,0.04,0.01,-0.03,487,460,475,513,385
-0.15,-2.20,-10.00,0.03,0.01,-0.05,487,460,474,513,385
-0.60,-2.10,-9.87,0.01,-0.01,-0.05,487,460,474,513,385
-0.51,-2.25,-9.59,0.03,0.01,-0.06,487,460,475,513,385
-0.44,-2.19,-9.95,0.03,0.01,-0.02,486,460,474,513,385
-0.35,-2.07,-10.12,0.02,-0.00,-0.06,486,460,474,513,385
-0.57,-2.08,-9.68,0.03,-0.00,-0.04,486,460,474,513,385
-0.61,-2.24,-9.83,0.04,0.01,-0.04,486,460,474,513,385
-0.80,-2.22,-9.43,0.03,0.01,-0.04,486,460,474,513,385
-0.52,-2.06,-9.66,0.03,-0.00,-0.03,486,460,474,513,385
-0.36,-2.13,-10.07,0.04,0.00,-0.04,486,460,474,513,385
-0.55,-2.15,-9.86,0.03,-0.01,-0.03,486,460,474,513,385
-0.42,-2.23,-9.73,0.03,0.00,-0.06,486,460,474,513,385
-0.66,-2.11,-9.82,0.05,0.01,-0.04,487,460,474,513,385
-0.56,-2.38,-9.68,0.05,0.02,-0.05,486,460,474,513,385
-0.69,-2.24,-9.57,0.03,0.01,-0.04,486,460,474,513,385
-0.49,-2.33,-9.76,0.03,0.01,-0.06,486,460,474,513,385
-0.47,-2.14,-9.99,0.06,0.02,-0.05,486,460,474,513,385
-0.45,-2.06,-9.78,0.06,0.03,-0.06,486,460,474,513,384
-0.33,-2.49,-9.69,0.04,0.01,-0.04,486,460,474,513,385
-0.36,-2.12,-9.96,0.03,0.00,-0.04,486,460,474,513,385
-0.48,-2.17,-9.81,0.03,0.00,-0.04,486,460,474,513,385
-0.27,-2.30,-9.82,0.04,0.01,-0.04,486,460,474,513,385
-0.30,-2.32,-9.76,0.04,-0.01,-0.04,486,460,474,513,384
-0.38,-2.20,-9.88,0.04,0.01,-0.03,486,460,474,513,384
-0.20,-2.18,-9.91,0.04,0.01,-0.05,486,460,474,513,384
-0.62,-2.32,-9.69,0.04,-0.00,-0.03,486,459,474,513,384
END
-0.52,-2.25,-9.68,0.04,0.01,-0.04,486,459,473,512,382
-0.36,-2.16,-9.80,0.03,-0.02,-0.03,486,459,473,512,382
-0.42,-2.21,-9.73,0.02,-0.00,-0.02,486,459,473,512,382
-0.19,-2.11,-9.93,0.03,0.00,-0.04,486,459,473,512,382
-0.78,-2.13,-9.76,0.03,0.01,-0.04,486,459,473,512,382
-0.17,-2.15,-9.88,0.02,0.00,-0.02,486,459,473,512,382
-0.39,-2.02,-9.71,0.03,-0.01,-0.03,486,459,473,512,382
-0.50,-2.06,-9.71,0.06,-0.01,-0.04,486,459,473,512,382
-0.30,-2.15,-10.12,0.05,0.01,-0.04,486,459,473,512,382
-0.42,-2.23,-9.76,0.03,-0.00,-0.06,486,458,473,512,382
-0.55,-2.18,-9.85,0.03,-0.00,-0.03,486,458,473,512,382
-0.27,-2.38,-9.64,0.02,-0.02,-0.04,486,458,473,512,382
-0.53,-2.17,-9.82,0.02,-0.01,-0.04,485,458,473,512,381
-0.61,-2.15,-9.74,0.03,-0.01,-0.02,485,458,473,511,382
-0.29,-2.06,-9.76,0.01,0.00,-0.06,486,458,473,512,382
-0.78,-2.00,-9.73,0.05,0.01,-0.05,486,458,473,512,382
-0.44,-2.30,-9.81,0.06,0.01,-0.04,486,458,473,512,382
-0.38,-2.21,-10.15,0.04,-0.01,-0.04,486,459,473,512,382
-0.46,-2.05,-9.86,0.03,-0.01,-0.02,486,458,473,512,382
-0.55,-2.26,-9.65,0.02,-0.02,-0.04,486,458,473,512,382
-0.60,-2.05,-9.81,0.02,0.00,-0.05,485,458,473,511,382
-0.61,-2.10,-9.81,0.04,0.01,-0.03,485,458,473,511,382
-0.43,-2.16,-9.73,0.02,-0.01,-0.03,485,458,473,511,382
-0.62,-1.85,-9.85,0.03,0.01,-0.03,485,458,473,511,382
-0.25,-2.30,-9.71,0.03,-0.01,-0.04,485,458,473,511,382
-0.61,-2.02,-9.78,0.02,-0.01,-0.09,485,458,473,511,382
-0.85,-2.12,-9.73,0.04,0.03,-0.03,486,458,473,511,382
-0.65,-1.87,-9.89,0.04,0.01,-0.03,485,458,473,512,382
-0.40,-2.15,-9.95,0.05,-0.01,-0.05,485,458,473,511,382
-0.27,-2.41,-9.87,0.03,-0.01,-0.04,485,458,473,511,382
-0.65,-2.04,-9.66,0.02,-0.01,-0.03,485,458,473,511,382
-0.68,-1.85,-9.73,0.02,0.01,-0.05,485,458,472,511,382
-0.47,-2.08,-9.79,0.04,0.02,-0.04,485,458,472,511,382
-0.53,-2.13,-9.99,0.04,0.03,-0.05,485,458,472,511,381
-0.19,-2.21,-10.00,0.03,-0.01,-0.03,485,458,472,511,381
-0.51,-2.28,-9.83,0.03,-0.01,-0.06,485,458,472,511,381
END
-0.58,-2.21,-9.73,0.05,-0.00,-0.03,485,458,472,510,381
-0.54,-2.18,-9.80,0.04,0.00,-0.03,485,458,472,510,381
-0.60,-1.99,-10.06,0.02,0.01,-0.06,485,458,472,511,381
-0.34,-2.03,-10.05,0.05,-0.01,-0.04,485,458,472,510,381
-0.52,-2.33,-9.55,0.01,-0.03,-0.06,485,457,472,510,381
-0.65,-1.95,-10.03,0.03,0.00,-0.04,484,457,471,510,381
-0.40,-2.04,-9.93,0.03,0.01,-0.05,484,457,471,510,381
-0.37,-2.12,-9.81,0.05,-0.00,-0.06,484,457,471,510,381
-0.71,-2.12,-9.75,0.04,-0.00,-0.05,484,457,471,510,381
-0.47,-2.39,-9.71,0.03,0.01,-0.05,484,457,471,510,381
-0.70,-1.88,-10.01,0.04,-0.00,-0.03,484,457,471,510,381
-0.61,-2.28,-9.70,0.06,0.00,-0.03,484,458,472,511,381
-0.37,-2.09,-9.81,0.04,0.00,-0.03,484,457,472,510,381
-0.67,-2.11,-9.60,0.02,0.00,-0.05,484,458,471,510,381
-0.47,-1.95,-9.95,0.06,0.01,-0.03,484,458,472,510,381
-0.34,-2.19,-9.62,0.04,-0.01,-0.07,484,457,471,511,381
-0.60,-2.42,-10.09,0.04,0.00,-0.02,484,457,471,510,381
-0.55,-1.80,-9.88,0.00,0.02,-0.02,484,457,471,510,381
-0.32,-1.80,-9.90,0.06,-0.01,-0.05,484,457,471,510,381
-0.55,-2.37,-9.59,0.06,-0.02,-0.06,484,457,471,510,381
-0.72,-2.33,-9.86,0.04,-0.00,-0.07,484,457,471,510,381
-0.54,-2.12,-9.82,0.00,0.02,-0.03,484,457,471,510,381
-0.57,-1.69,-10.01,0.05,-0.01,-0.03,484,457,471,510,381
-0.18,-2.45,-9.82,0.05,-0.02,-0.06,484,457,471,510,381
-0.74,-2.61,-9.63,0.03,-0.02,-0.04,484,457,471,510,382
-0.69,-2.09,-10.01,0.00,0.00,-0.02,484,457,471,510,381
-0.27,-2.03,-9.80,0.00,-0.00,-0.05,484,457,471,510,381
-0.69,-2.12,-9.56,0.02,-0.02,-0.06,484,457,471,510,381
-0.91,-2.38,-9.53,0.03,0.00,-0.03,484,457,471,510,381
-0.71,-1.95,-9.73,0.02,0.01,-0.03,484,457,471,510,381
-0.25,-2.33,-9.99,0.03,-0.00,-0.06,484,457,471,510,381
-0.60,-2.25,-9.60,0.04,-0.02,-0.05,484,457,471,510,381
-0.62,-2.12,-9.86,0.05,-0.01,-0.04,484,457,471,510,381
-0.75,-2.25,-9.81,0.05,0.00,-0.05,484,457,471,510,381
-0.80,-2.30,-9.50,0.03,0.01,-0.03,484,457,471,510,381
-0.75,-2.25,-9.67,0.01,0.02,-0.01,484,457,471,510,381
END
-0.44,-1.97,-9.76,-0.01,0.03,-0.06,483,457,471,509,381
-0.69,-2.08,-9.97,0.06,-0.00,-0.05,483,456,470,509,381
-0.78,-2.17,-9.64,0.05,0.01,-0.04,483,457,470,509,381
-0.57,-2.20,-9.99,0.03,0.01,-0.04,483,457,470,509,381
-0.91,-2.25,-9.76,0.03,0.00,-0.02,483,456,470,509,380
-0.57,-2.01,-9.96,0.04,0.01,-0.03,483,457,470,509,381
-0.76,-2.38,-9.53,0.03,-0.01,-0.05,483,456,470,509,380
-1.05,-2.20,-9.67,0.04,0.01,-0.03,483,457,470,509,380
-0.62,-2.35,-9.80,0.02,0.01,-0.03,483,457,470,509,381
-0.81,-1.77,-9.91,0.05,0.01,-0.03,483,457,470,509,381
-0.68,-2.12,-9.93,0.06,-0.00,-0.04,483,456,470,509,381
-0.76,-2.52,-9.76,0.05,0.01,-0.03,483,456,470,509,381
-0.75,-2.35,-9.73,0.02,0.00,-0.02,483,456,470,509,380
-0.77,-1.82,-9.88,0.03,0.01,-0.01,483,456,470,509,380
-0.68,-2.02,-9.80,0.05,-0.00,-0.03,483,456,470,509,381
-0.90,-2.10,-9.78,0.05,0.00,-0.04,483,456,470,509,381
-0.60,-2.18,-9.99,0.04,0.01,-0.05,483,456,470,509,380
-0.76,-1.99,-9.90,0.05,0.00,-0.06,483,456,470,509,381
-0.62,-2.46,-9.68,0.05,0.01,-0.05,483,456,470,509,381
-0.57,-2.23,-10.11,0.03,0.01,-0.03,483,456,470,509,381
-0.67,-1.98,-9.68,0.03,-0.01,-0.05,483,456,470,509,381
-0.91,-1.92,-9.83,0.05,0.01,-0.06,483,456,470,509,381
-0.37,-2.34,-9.90,0.05,0.01,-0.04,483,456,470,509,380
-0.66,-2.39,-9.42,0.03,-0.02,-0.04,483,456,470,509,380
-1.18,-2.13,-9.53,0.02,-0.00,-0.06,483,456,470,509,381
-0.66,-2.36,-9.86,0.06,0.04,-0.03,483,456,470,509,380
-0.34,-2.40,-9.83,0.02,-0.00,-0.04,483,456,470,509,380
-0.79,-2.15,-9.88,0.05,0.00,-0.03,483,456,470,509,380
-0.75,-2.25,-9.72,0.03,0.00,-0.04,483,456,470,509,381
-0.74,-2.16,-9.70,0.03,0.01,-0.05,483,456,470,509,381
-0.54,-2.23,-9.86,0.03,-0.00,-0.03,483,456,470,509,380
-0.76,-2.18,-9.90,0.04,0.00,-0.04,483,456,470,509,380
-0.32,-2.15,-10.07,0.03,0.01,-0.04,483,456,470,509,380
-0.79,-2.24,-9.78,0.03,-0.00,-0.05,483,456,470,509,380
-0.73,-2.32,-9.65,0.03,-0.00,-0.05,483,456,470,509,380
-0.84,-2.09,-10.03,0.03,0.00,-0.04,483,456,470,509,380
END
-0.50,-2.15,-9.73,0.02,0.01,-0.04,482,456,469,508,380
-0.69,-2.05,-9.96,0.04,0.00,-0.04,482,455,469,508,380
-0.62,-1.90,-10.01,0.02,0.00,-0.05,482,456,469,508,380
-0.85,-1.95,-9.90,0.04,0.01,-0.04,482,456,469,508,380
-0.43,-2.05,-9.99,0.04,0.01,-0.05,482,456,469,508,380
-0.75,-1.94,-10.19,0.03,-0.00,-0.06,482,456,469,508,380
-0.87,-2.02,-9.99,0.05,-0.00,-0.04,482,456,469,508,380
-0.52,-1.87,-10.03,0.03,0.00,-0.05,482,456,469,508,380
-0.85,-1.93,-9.58,0.04,-0.00,-0.04,482,455,469,508,380
-0.62,-2.14,-9.78,0.03,0.00,-0.05,482,455,469,508,380
-0.75,-1.90,-10.00,0.03,-0.01,-0.05,482,455,469,508,380
-1.05,-2.03,-9.53,0.02,-0.00,-0.04,482,456,469,508,380
-0.48,-1.89,-10.14,0.03,0.00,-0.04,482,456,469,508,379
-0.60,-1.85,-9.81,0.02,-0.00,-0.05,482,455,469,508,380
-0.85,-1.98,-9.85,0.02,-0.01,-0.06,482,456,469,508,380
-0.80,-1.95,-10.01,0.04,0.00,-0.05,482,456,469,508,380
-0.63,-1.95,-10.05,0.04,0.01,-0.05,482,456,469,508,380
-0.88,-1.99,-9.81,0.03,0.00,-0.04,482,455,469,508,380
-0.41,-2.09,-9.97,0.03,0.00,-0.05,482,455,469,508,380
-0.85,-1.91,-9.62,0.03,-0.00,-0.04,482,455,469,508,380
-0.70,-1.94,-9.81,0.04,0.00,-0.05,482,455,469,508,380
-0.77,-2.05,-9.45,0.03,0.01,-0.04,482,455,469,508,380
-0.66,-1.97,-9.93,0.02,0.00,-0.05,482,455,469,508,380
-0.80,-2.09,-9.82,0.04,-0.00,-0.04,482,455,469,508,380
-0.65,-2.03,-9.61,0.04,0.01,-0.05,482,455,469,508,380
-0.59,-1.99,-10.04,0.03,-0.00,-0.04,482,455,469,508,380
-0.68,-1.95,-9.70,0.04,-0.01,-0.04,482,455,469,508,380
-0.59,-1.97,-9.89,0.04,-0.00,-0.04,482,455,469,508,380
-0.47,-2.09,-9.96,0.03,0.01,-0.05,482,455,469,508,380
-0.67,-1.87,-9.79,0.02,-0.00,-0.06,482,455,469,508,380
-0.37,-1.87,-10.18,0.04,-0.00,-0.03,482,455,469,508,380
-0.47,-1.95,-10.09,0.03,-0.01,-0.05,482,455,469,507,380
-0.79,-1.91,-9.93,0.05,0.01,-0.02,482,455,469,508,380
-0.39,-2.02,-9.83,0.02,0.00,-0.03,482,455,469,508,380
-0.73,-2.04,-9.68,0.02,-0.02,-0.05,482,455,469,508,380
-0.76,-2.00,-9.86,0.03,-0.01,-0.05,482,455,469,508,380
END
-0.60,-1.97,-10.02,0.03,0.01,-0.03,481,456,469,506,378
-0.86,-2.03,-9.83,0.03,-0.01,-0.06,481,455,469,506,378
-0.82,-2.04,-9.89,0.06,0.02,-0.05,481,456,468,506,378
-1.00,-2.28,-9.56,0.03,-0.01,-0.03,481,456,469,506,378
-0.86,-2.09,-9.85,0.05,0.01,-0.03,481,455,468,506,378
-0.81,-2.13,-10.12,0.04,0.01,-0.05,481,455,468,506,378
-0.62,-2.05,-9.90,0.05,0.01,-0.03,481,455,468,506,377
-0.95,-2.02,-9.76,0.04,0.02,-0.05,481,455,468,506,378
-0.73,-2.27,-9.83,0.03,0.00,-0.01,481,455,468,506,377
-0.60,-1.97,-9.82,0.01,-0.00,-0.04,481,455,468,506,377
-0.78,-1.73,-10.14,0.04,0.01,-0.04,481,455,469,506,377
-0.48,-2.33,-9.63,0.03,-0.01,-0.04,481,455,469,506,377
-1.03,-2.09,-9.52,0.03,-0.01,-0.05,481,455,469,506,377
-0.66,-2.19,-9.78,0.03,0.00,-0.03,481,455,468,506,377
-0.85,-2.12,-9.88,0.01,-0.01,-0.02,481,455,468,506,377
-1.15,-2.01,-9.58,0.04,0.01,-0.01,480,455,468,506,377
-0.86,-2.10,-9.81,0.03,-0.00,-0.01,480,455,468,506,377
-0.87,-2.10,-9.68,0.04,0.02,-0.04,480,455,468,506,377
-0.93,-2.02,-10.02,0.03,0.01,-0.02,480,455,468,506,377
-0.81,-2.10,-9.58,0.04,0.01,-0.04,480,455,468,506,377
-0.76,-2.15,-9.86,0.04,0.00,-0.03,480,455,468,506,377
-0.60,-2.20,-9.75,0.03,-0.00,-0.04,480,455,469,506,377
-1.03,-2.13,-9.76,0.03,0.01,-0.05,480,455,469,506,377
-0.80,-1.95,-9.77,0.03,0.00,-0.01,480,455,469,506,377
-0.63,-2.07,-9.76,0.03,0.00,-0.04,480,455,469,506,377
-0.95,-2.01,-9.74,0.02,-0.00,-0.05,480,455,469,506,377
-0.65,-2.01,-9.88,0.04,0.02,-0.05,480,455,468,506,377
-1.00,-2.10,-9.76,0.04,-0.00,-0.05,480,455,468,506,377
-0.54,-1.97,-9.95,0.03,0.01,-0.05,480,455,468,506,377
-0.88,-1.94,-9.99,0.04,-0.00,-0.03,480,455,468,506,377
-0.81,-1.97,-9.93,0.05,-0.01,-0.03,480,455,468,506,377
-0.85,-2.20,-9.66,0.02,-0.01,-0.06,480,455,468,506,377
-0.93,-2.07,-9.63,0.02,-0.01,-0.02,480,455,468,506,377
-0.77,-1.87,-10.06,0.04,0.01,-0.04,480,455,468,506,377
-0.76,-2.06,-9.83,0.03,0.01,-0.03,480,455,468,506,377
-1.05,-2.00,-9.99,0.03,-0.00,-0.05,480,455,468,506,377
END
-1.07,-2.11,-9.62,0.03,0.01,-0.04,480,454,468,505,377
-1.03,-2.27,-9.63,0.03,0.01,-0.03,480,454,468,505,377
-0.88,-1.97,-10.06,0.04,-0.01,-0.02,480,454,468,505,376
-0.78,-1.92,-10.06,0.02,-0.01,-0.04,480,454,468,505,376
-0.77,-2.07,-9.62,0.02,-0.01,-0.04,480,454,468,505,376
-0.93,-2.02,-9.66,0.03,0.00,-0.04,480,454,468,505,376
-1.00,-2.01,-9.73,0.03,0.00,-0.04,480,455,468,505,376
-0.91,-1.90,-9.91,0.04,0.01,-0.04,480,455,468,505,376
-0.84,-2.00,-10.05,0.04,0.02,-0.04,480,455,468,505,376
-0.86,-1.90,-9.79,0.04,0.01,-0.04,480,455,468,505,376
-0.69,-2.10,-9.98,0.03,-0.00,-0.03,480,454,468,505,376
-0.93,-2.07,-9.70,0.03,0.01,-0.04,480,454,468,505,376
-1.11,-2.10,-9.54,0.03,0.00,-0.03,480,454,468,505,376
-0.70,-1.94,-10.12,0.05,0.01,-0.03,480,454,468,505,376
-0.97,-2.02,-9.65,0.03,-0.01,-0.05,480,454,468,505,376
-1.12,-1.98,-9.76,0.03,0.00,-0.03,480,454,468,505,376
-0.97,-1.99,-9.66,0.03,0.01,-0.04,480,454,468,505,376
-0.78,-2.06,-9.80,0.04,0.00,-0.04,480,454,468,505,376
-0.96,-2.12,-9.47,0.03,0.00,-0.04,480,454,468,505,376
-0.93,-1.99,-10.02,0.03,-0.00,-0.05,480,454,468,505,376
-0.87,-2.18,-9.67,0.03,0.01,-0.03,480,454,468,505,376
-0.80,-1.94,-9.89,0.03,-0.00,-0.03,480,454,468,505,376
-1.13,-2.11,-9.51,0.04,0.00,-0.03,480,454,468,505,376
-0.79,-2.07,-9.73,0.03,0.01,-0.04,480,454,468,505,376
-0.71,-2.05,-10.04,0.02,-0.01,-0.04,480,454,468,505,376
-0.95,-1.95,-9.72,0.03,0.00,-0.05,480,454,468,505,376
-0.64,-2.00,-9.81,0.03,-0.00,-0.03,480,454,468,505,376
-0.83,-1.93,-9.96,0.03,-0.00,-0.04,480,454,468,505,376
-1.03,-1.98,-9.67,0.04,0.01,-0.05,480,454,468,505,376
-0.68,-1.95,-10.06,0.04,0.01,-0.03,480,454,468,505,376
-0.67,-2.07,-10.11,0.03,0.00,-0.04,480,454,468,505,376
-0.85,-1.93,-9.76,0.03,-0.00,-0.02,480,454,468,505,376
-0.82,-1.90,-10.14,0.03,-0.00,-0.04,480,454,468,505,376
-0.94,-1.97,-9.86,0.04,0.00,-0.03,480,454,468,505,376
-0.70,-2.19,-9.68,0.03,0.01,-0.04,480,454,468,505,376
-0.92,-1.91,-9.83,0.03,-0.01,-0.03,480,454,468,505,376
END
-0.98,-2.01,-9.66,0.04,0.01,-0.03,479,454,467,505,376
-0.69,-2.10,-9.86,0.05,0.01,-0.06,479,454,467,505,376
-1.13,-2.07,-9.56,0.04,0.00,-0.05,479,454,467,505,376
-0.67,-1.97,-9.97,0.04,0.01,-0.04,479,454,467,505,376
-0.83,-1.97,-9.93,0.03,-0.00,-0.03,479,454,467,505,376
-1.07,-2.00,-9.73,0.04,0.00,-0.04,479,454,467,505,376
-0.83,-2.07,-9.89,0.02,0.01,-0.05,479,454,467,505,376
-0.83,-1.94,-9.84,0.03,0.00,-0.03,479,454,467,505,376
-0.94,-1.95,-9.72,0.04,0.00,-0.05,479,454,467,505,376
-1.03,-1.90,-9.91,0.05,0.01,-0.04,479,454,467,504,376
-0.90,-2.06,-9.75,0.06,0.01,-0.02,479,454,467,504,376
-0.86,-1.93,-9.99,0.03,-0.00,-0.04,479,454,467,505,376
-0.73,-2.05,-10.26,0.03,-0.01,-0.04,479,454,467,504,376
-0.90,-1.97,-9.95,0.03,-0.00,-0.04,479,454,467,505,376
-0.78,-1.79,-9.83,0.03,-0.00,-0.05,479,454,467,505,376
-0.98,-2.03,-9.83,0.03,0.00,-0.05,479,454,467,505,376
-0.83,-1.83,-9.83,0.04,-0.00,-0.05,479,454,467,505,376
-0.88,-1.92,-9.88,0.04,-0.00,-0.05,479,454,467,505,376
-0.75,-2.08,-10.05,0.03,-0.00,-0.04,479,454,467,504,376
-0.92,-2.03,-9.94,0.04,0.01,-0.05,479,454,467,504,376
-0.78,-2.07,-9.93,0.03,-0.00,-0.03,479,454,467,504,376
-0.87,-2.01,-9.91,0.03,0.00,-0.04,479,454,467,504,376
-0.89,-2.00,-9.63,0.05,0.00,-0.04,479,454,467,504,376
-0.87,-2.07,-9.84,0.04,-0.00,-0.04,479,454,467,504,376
-0.88,-2.08,-9.86,0.02,-0.00,-0.04,479,454,467,505,376
-0.97,-1.97,-9.63,0.05,-0.00,-0.02,479,454,467,505,376
-1.02,-1.99,-9.76,0.01,-0.01,-0.02,479,454,467,505,376
-0.81,-1.98,-10.03,0.03,-0.00,-0.05,479,454,467,505,376
-1.08,-2.02,-9.81,0.03,-0.00,-0.04,479,454,467,505,376
-0.86,-2.04,-9.81,0.03,0.01,-0.03,479,454,467,504,376
-0.92,-2.00,-9.79,0.03,-0.00,-0.03,479,454,467,504,376
-0.90,-1.92,-9.60,0.02,-0.01,-0.04,479,453,467,504,376
-0.75,-1.94,-10.05,0.03,0.01,-0.05,479,454,467,504,376
-0.70,-1.90,-10.16,0.02,-0.00,-0.04,479,454,467,504,376
-1.05,-1.92,-9.83,0.04,0.00,-0.05,479,454,467,504,376
-1.06,-1.84,-9.96,0.03,-0.00,-0.02,479,454,467,504,376
END
-0.66,-2.02,-10.01,0.04,-0.00,-0.04,479,453,467,504,376
-0.73,-2.05,-9.81,0.04,-0.01,-0.04,479,453,467,504,376
-0.87,-2.00,-9.74,0.02,-0.01,-0.04,479,454,467,504,376
-0.85,-1.84,-10.14,0.03,-0.00,-0.06,478,453,466,504,375
-0.86,-1.91,-10.13,0.03,-0.01,-0.02,479,453,466,504,376
-0.73,-1.95,-9.85,0.03,-0.00,-0.05,478,453,467,504,376
-0.94,-1.99,-10.01,0.04,-0.01,-0.05,479,453,467,504,376
-0.89,-2.08,-9.96,0.04,0.00,-0.03,478,453,466,504,375
-0.90,-1.95,-10.07,0.03,0.00,-0.05,478,453,466,504,376
-0.92,-2.14,-9.83,0.03,-0.00,-0.05,478,453,467,504,376
-0.74,-1.95,-10.18,0.02,-0.01,-0.04,479,454,467,504,376
-0.95,-2.00,-9.81,0.03,-0.00,-0.03,479,453,467,504,376
-0.93,-2.04,-9.79,0.02,-0.01,-0.04,479,453,467,504,376
-1.06,-1.95,-9.78,0.02,-0.01,-0.05,479,453,467,504,376
-1.03,-1.91,-9.88,0.03,0.00,-0.03,478,453,467,504,376
-1.23,-2.12,-9.48,0.05,0.00,-0.04,478,453,467,504,376
-0.78,-2.10,-9.93,0.03,-0.01,-0.04,478,453,466,504,376
-1.06,-1.92,-9.64,0.04,0.01,-0.05,478,453,466,504,376
-0.83,-1.97,-10.05,0.03,0.00,-0.05,478,453,466,503,375
-1.09,-1.88,-10.06,0.04,-0.00,-0.03,478,453,466,503,375
-0.98,-1.97,-10.06,0.03,-0.00,-0.03,479,453,467,504,376
-1.00,-1.97,-9.75,0.04,0.00,-0.04,479,453,467,504,376
-0.90,-1.97,-9.76,0.03,-0.00,-0.04,479,453,467,504,376
-1.08,-2.06,-9.77,0.04,-0.00,-0.04,479,453,466,504,376
-0.80,-1.94,-9.96,0.05,0.01,-0.04,479,453,467,504,376
-1.11,-2.02,-9.48,0.04,-0.02,-0.03,478,453,466,503,375
-1.03,-2.05,-9.91,0.04,0.02,-0.04,478,453,466,503,375
-1.14,-2.05,-9.82,0.03,-0.00,-0.03,478,453,466,503,375
-0.89,-2.05,-9.96,0.04,0.01,-0.05,478,453,466,503,375
-1.18,-1.99,-9.78,0.04,-0.00,-0.03,478,453,466,503,375
-1.08,-1.97,-9.81,0.04,0.00,-0.04,478,453,466,503,376
-0.94,-1.97,-9.73,0.03,0.01,-0.07,478,453,466,504,376
-0.99,-2.05,-9.74,0.05,0.00,-0.03,478,453,466,504,375
-0.83,-1.91,-10.05,0.04,0.00,-0.03,478,453,466,504,376
-1.28,-2.10,-9.73,0.03,0.01,-0.04,479,453,466,504,375
-0.62,-2.17,-9.79,0.03,0.01,-0.05,478,453,466,504,375
END
-1.17,-1.93,-9.81,0.03,-0.02,-0.05,478,453,466,503,375
-0.85,-1.97,-9.81,0.03,-0.00,-0.04,478,453,466,503,375
-0.99,-1.93,-9.99,0.04,-0.00,-0.05,478,453,466,503,375
-0.95,-2.02,-9.88,0.02,0.00,-0.04,478,453,466,503,375
-0.84,-1.84,-10.27,0.04,0.01,-0.04,478,453,466,503,375
-0.73,-1.97,-10.16,0.02,-0.02,-0.03,478,453,466,503,375
-0.97,-1.97,-9.47,0.05,0.00,-0.05,478,453,466,503,375
-1.07,-2.00,-9.81,0.04,0.01,-0.04,478,453,466,503,375
-0.88,-1.77,-10.05,0.04,-0.00,-0.03,478,453,466,503,375
-0.93,-1.93,-9.99,0.05,0.01,-0.05,478,453,466,503,375
-0.67,-1.88,-10.21,0.04,-0.00,-0.04,478,453,466,503,375
-1.13,-2.01,-9.57,0.03,-0.00,-0.06,478,453,465,503,375
-1.18,-2.10,-9.65,0.04,-0.00,-0.03,478,453,466,503,375
-0.91,-2.00,-9.96,0.05,0.01,-0.04,478,453,466,503,375
-0.81,-2.25,-9.66,0.02,-0.01,-0.04,478,453,466,503,375
-1.03,-1.79,-10.14,0.04,0.00,-0.03,478,453,466,503,375
-0.82,-2.20,-9.88,0.04,0.01,-0.04,478,453,466,503,375
-0.85,-2.05,-9.83,0.03,-0.01,-0.03,478,453,466,503,375
-0.98,-2.02,-9.78,0.03,0.00,-0.05,478,453,466,503,375
-0.90,-1.88,-9.93,0.04,-0.00,-0.03,478,453,466,503,375
-1.13,-2.11,-9.55,0.05,0.01,-0.04,478,453,466,503,375
-0.84,-2.10,-9.81,0.02,0.01,-0.04,477,453,466,503,375
-0.94,-2.09,-9.60,0.03,0.00,-0.05,477,453,466,503,375
-0.96,-2.13,-9.98,0.03,-0.00,-0.05,478,453,466,503,375
-1.15,-1.84,-9.92,0.04,0.01,-0.03,477,453,466,503,375
-1.00,-2.02,-9.54,0.03,-0.00,-0.04,477,453,466,503,375
-0.90,-2.02,-9.89,0.03,0.00,-0.04,478,452,466,503,375
-0.94,-2.02,-9.76,0.02,-0.00,-0.04,478,453,466,503,375
-1.08,-2.01,-9.70,0.04,-0.00,-0.04,478,453,466,503,375
-1.11,-2.15,-9.68,0.03,0.00,-0.03,478,453,466,503,375
-1.02,-2.08,-9.62,0.03,0.01,-0.05,478,453,466,503,375
-1.00,-2.08,-9.73,0.04,0.00,-0.03,478,453,466,503,375
-0.99,-1.94,-9.88,0.03,-0.00,-0.03,477,453,466,503,375
-0.88,-2.20,-9.71,0.04,0.02,-0.05,477,453,465,503,375
-0.94,-1.95,-9.86,0.03,-0.00,-0.04,477,453,466,503,375
-0.90,-1.99,-9.81,0.04,0.01,-0.04,477,453,465,503,374
END
-0.90,-2.07,-9.84,0.03,0.00,-0.03,477,452,465,503,375
-0.94,-1.86,-9.93,0.05,-0.01,-0.02,477,452,465,503,375
-1.24,-1.97,-9.73,0.04,-0.01,-0.03,477,452,465,503,374
-0.93,-2.00,-9.84,0.04,0.01,-0.03,477,452,465,503,374
-0.88,-2.07,-9.81,0.03,-0.02,-0.04,477,452,465,503,374
-1.11,-2.10,-9.88,0.04,0.00,-0.02,477,452,465,503,375
-1.06,-2.20,-9.81,0.04,-0.02,0.00,477,452,465,502,375
-1.14,-2.11,-9.68,0.03,-0.01,-0.00,477,452,465,502,375
-1.21,-1.78,-9.88,0.02,-0.01,0.01,477,452,465,502,374
-1.21,-1.68,-9.79,0.02,-0.01,-0.01,477,452,465,502,374
-1.21,-1.94,-9.88,0.06,0.01,-0.03,477,452,465,502,374
-1.31,-2.25,-9.96,0.04,-0.02,-0.02,477,452,465,502,374
-1.16,-1.97,-9.98,0.02,-0.04,-0.03,477,452,465,503,375
-1.43,-1.90,-9.92,0.03,-0.06,-0.03,477,452,465,503,375
-1.31,-1.92,-10.02,0.05,-0.01,-0.04,477,452,465,502,375
-1.12,-2.06,-9.85,0.03,-0.00,-0.03,477,452,465,502,375
-1.21,-1.90,-9.77,0.01,-0.02,-0.03,477,452,465,503,374
-1.42,-1.98,-9.76,0.04,-0.01,-0.03,477,452,465,502,374
-1.60,-1.91,-9.78,0.04,-0.02,-0.04,477,452,465,502,374
-1.38,-1.73,-9.88,0.03,-0.01,-0.06,477,452,465,502,374
-1.42,-1.94,-9.50,0.04,0.01,-0.06,477,452,465,502,374
-1.16,-1.88,-9.86,0.03,-0.00,-0.07,477,452,465,502,375
-1.39,-1.78,-10.15,0.06,0.01,-0.09,477,452,465,502,374
-1.08,-2.21,-9.71,0.08,-0.01,-0.06,477,452,465,502,375
-1.57,-2.07,-9.63,0.03,-0.02,-0.03,477,452,465,502,375
-1.48,-2.05,-9.78,0.03,0.02,-0.03,477,452,465,502,375
-1.29,-2.10,-9.93,0.05,0.02,-0.06,477,452,465,502,375
-1.34,-2.18,-9.42,0.06,0.02,-0.04,477,452,465,502,375
-1.30,-2.20,-9.73,0.05,0.02,-0.04,477,452,465,502,375
-1.38,-1.90,-9.99,0.03,0.01,-0.05,477,452,465,502,374
-1.27,-2.03,-9.83,0.03,-0.01,-0.03,477,452,465,502,374
-1.29,-2.23,-9.79,0.03,-0.00,-0.06,477,452,465,502,375
-1.21,-2.12,-9.84,0.03,-0.01,-0.04,477,452,465,502,374
-1.39,-1.84,-9.83,0.02,0.00,-0.05,477,452,465,502,374
-1.23,-1.95,-9.83,0.04,0.00,-0.04,477,452,465,502,374
-1.46,-2.01,-9.90,0.04,-0.00,-0.05,477,452,465,502,374
END
-1.39,-2.05,-9.68,0.04,0.00,-0.04,477,452,465,502,374
-1.25,-2.35,-9.84,0.05,0.01,-0.04,477,452,465,502,374
-1.19,-2.30,-9.79,0.03,-0.01,-0.03,477,451,465,502,374
-1.26,-2.40,-9.87,0.03,0.01,-0.04,477,451,464,502,374
-1.29,-2.26,-9.67,0.03,0.00,-0.03,477,451,464,502,374
-1.25,-2.25,-9.66,0.06,0.00,-0.03,476,451,464,502,374
-1.13,-2.24,-9.83,0.03,-0.00,-0.03,476,451,464,502,374
-1.26,-2.08,-9.76,0.02,0.01,-0.03,476,451,465,502,375
-1.18,-2.27,-9.99,0.05,0.01,-0.04,477,452,465,502,374
-1.33,-2.35,-9.40,0.02,0.01,-0.04,477,452,465,502,374
-1.28,-2.10,-9.63,0.04,0.01,-0.04,477,452,465,502,374
-1.16,-2.10,-9.87,0.04,0.01,-0.04,477,452,465,502,374
-1.18,-2.30,-9.71,0.04,0.00,-0.04,477,451,465,502,374
-1.18,-2.29,-9.73,0.03,-0.00,-0.03,476,451,464,502,374
-1.18,-2.15,-9.55,0.04,0.01,-0.04,476,451,464,502,374
-1.18,-2.26,-10.05,0.02,-0.00,-0.04,476,451,464,502,374
-1.23,-2.20,-9.73,0.03,0.01,-0.04,476,451,464,502,374
-1.09,-2.13,-9.85,0.03,0.01,-0.05,476,451,464,502,374
-1.27,-2.23,-9.72,0.04,-0.01,-0.05,476,451,464,502,374
-1.36,-2.35,-9.48,0.04,0.01,-0.05,476,451,464,502,374
-1.18,-2.35,-9.67,0.04,0.01,-0.03,477,451,465,502,374
-1.21,-2.46,-9.54,0.03,-0.00,-0.06,476,451,465,502,374
-1.23,-2.32,-9.71,0.03,0.00,-0.03,476,451,465,502,374
-0.99,-2.21,-9.78,0.02,-0.01,-0.05,476,451,464,502,374
-1.51,-2.14,-9.44,0.02,-0.01,-0.05,476,451,464,502,374
-1.34,-2.18,-9.75,0.04,0.00,-0.03,476,451,464,502,374
-0.94,-2.28,-9.94,0.02,0.01,-0.04,476,451,464,502,374
-1.13,-1.99,-9.91,0.05,0.00,-0.04,476,451,464,502,374
-1.39,-2.24,-9.59,0.04,0.01,-0.04,476,451,464,502,374
-1.02,-2.35,-9.89,0.03,0.01,-0.03,476,451,464,502,374
-1.16,-2.07,-9.82,0.03,-0.00,-0.04,476,451,464,502,374
-1.39,-2.23,-9.66,0.04,-0.01,-0.04,476,451,464,502,374
-1.13,-2.26,-9.70,0.04,0.01,-0.05,476,451,464,502,374
-1.10,-2.30,-9.80,0.03,-0.01,-0.03,476,451,464,502,374
-1.34,-2.23,-9.66,0.04,-0.00,-0.05,476,451,464,502,374
-1.30,-2.30,-9.73,0.04,0.00,-0.03,476,451,464,502,374
END
-1.10,-2.15,-9.81,0.04,0.01,-0.04,476,451,464,501,374
-1.13,-2.08,-9.77,0.03,-0.00,-0.03,476,451,464,501,374
-0.99,-2.11,-9.66,0.03,0.00,-0.04,476,451,464,501,373
-1.17,-2.10,-9.71,0.03,0.00,-0.05,476,451,464,501,374
-1.08,-2.18,-9.82,0.04,0.00,-0.04,476,451,464,501,374
-1.00,-2.27,-9.88,0.02,0.01,-0.05,476,451,464,501,374
-1.08,-2.20,-9.58,0.03,-0.00,-0.04,476,451,464,501,374
-1.22,-2.23,-9.73,0.04,-0.01,-0.03,476,451,464,501,374
-0.80,-2.22,-10.09,0.02,0.00,-0.04,476,451,464,501,374
-0.94,-2.18,-9.99,0.02,-0.00,-0.04,476,451,464,501,374
-1.13,-2.12,-9.83,0.05,-0.00,-0.04,476,451,464,501,373
-1.22,-2.22,-9.72,0.04,-0.00,-0.02,476,451,464,501,373
-0.88,-2.28,-9.69,0.03,0.00,-0.04,476,451,464,501,374
-1.08,-2.10,-9.71,0.03,0.00,-0.03,476,451,464,501,374
-1.31,-2.23,-9.55,0.04,-0.00,-0.04,476,451,464,501,373
-1.05,-2.22,-9.93,0.05,0.00,-0.05,476,451,464,501,374
-1.05,-2.14,-9.86,0.05,-0.00,-0.04,476,451,464,501,374
-1.12,-2.28,-9.75,0.05,-0.00,-0.04,476,451,464,501,374
-1.17,-2.44,-9.63,0.04,0.00,-0.03,476,451,464,501,374
-1.11,-2.12,-9.75,0.03,0.00,-0.05,476,451,464,501,374
-1.26,-2.20,-9.74,0.03,-0.00,-0.04,476,451,464,501,374
-1.16,-2.16,-9.68,0.04,0.00,-0.03,476,451,464,501,374
-1.13,-2.20,-9.81,0.03,-0.00,-0.04,476,451,464,501,374
-1.04,-2.25,-9.71,0.03,-0.01,-0.05,476,451,464,501,374
-1.46,-2.20,-9.69,0.03,-0.01,-0.04,476,451,464,501,374
-1.09,-2.25,-9.91,0.04,0.01,-0.04,476,451,464,501,373
-1.18,-2.21,-9.85,0.03,0.00,-0.03,476,451,464,501,374
-1.20,-2.18,-9.71,0.03,-0.01,-0.03,476,451,464,501,374
-1.14,-2.25,-9.72,0.03,0.00,-0.03,476,451,464,501,374
-1.16,-2.20,-9.54,0.03,0.00,-0.03,476,451,464,501,374
-1.03,-2.15,-9.90,0.02,-0.00,-0.05,476,451,464,501,374
-1.33,-2.23,-9.66,0.03,-0.00,-0.07,476,451,464,501,374
-1.24,-2.28,-9.72,0.04,0.01,-0.03,475,451,464,501,374
-1.00,-2.23,-9.91,0.03,0.00,-0.03,475,451,464,501,374
-1.20,-2.16,-9.76,0.04,-0.01,-0.04,476,451,464,501,374
-1.29,-2.30,-9.45,0.03,0.00,-0.04,475,451,464,501,373
END
-1.09,-2.22,-9.88,0.03,0.00,-0.03,475,451,464,501,374
-1.09,-2.25,-9.76,0.04,0.00,-0.03,475,451,464,501,374
-1.09,-2.27,-9.59,0.04,-0.01,-0.05,475,451,463,501,374
-1.04,-2.16,-9.87,0.04,-0.01,-0.03,475,451,463,501,373
-1.23,-2.24,-9.49,0.04,0.01,-0.04,475,451,464,501,374
-1.10,-2.28,-9.80,0.03,-0.00,-0.05,475,451,464,501,374
-1.17,-2.32,-9.55,0.04,-0.00,-0.04,475,450,463,501,373
-1.06,-2.24,-10.06,0.03,-0.00,-0.03,475,450,463,501,373
-1.16,-2.30,-9.67,0.03,-0.00,-0.03,475,450,463,501,374
-1.00,-2.28,-9.97,0.03,0.00,-0.04,475,451,463,500,374
-1.26,-2.35,-9.63,0.03,0.01,-0.04,475,450,463,501,373
-1.26,-2.23,-9.65,0.03,0.00,-0.04,475,451,463,501,374
-1.25,-2.27,-9.95,0.04,0.01,-0.03,475,451,464,501,374
-1.09,-2.42,-9.61,0.03,-0.00,-0.03,475,451,463,501,374
-0.96,-2.30,-9.96,0.02,-0.01,-0.03,475,451,463,501,374
-1.07,-2.29,-9.88,0.03,-0.01,-0.04,475,451,463,501,374
-1.31,-2.23,-9.57,0.03,0.00,-0.02,475,451,463,501,374
-1.16,-2.35,-9.58,0.03,0.00,-0.02,475,450,463,500,373
-1.08,-2.21,-9.92,0.02,-0.00,-0.04,475,450,463,500,373
-1.24,-2.24,-9.63,0.03,-0.00,-0.04,475,450,464,500,373
-1.18,-2.28,-9.65,0.03,0.00,-0.03,475,450,463,500,373
-1.16,-2.30,-9.72,0.04,0.01,-0.05,475,450,463,500,373
-1.29,-2.24,-9.73,0.05,0.01,-0.04,475,450,463,500,374
-1.18,-2.36,-9.67,0.04,0.01,-0.03,475,451,463,501,373
-1.19,-2.35,-9.92,0.04,-0.01,-0.03,475,451,463,501,374
-1.27,-2.25,-9.75,0.03,-0.00,-0.04,475,450,463,501,374
-1.24,-2.28,-9.66,0.03,0.00,-0.03,475,450,463,501,374
-0.89,-2.28,-9.96,0.03,0.01,-0.04,475,451,463,501,374
-1.25,-2.18,-9.66,0.03,-0.01,-0.04,475,450,463,500,373
-0.95,-2.30,-10.09,0.04,0.00,-0.03,475,450,463,500,373
-1.21,-2.44,-9.56,0.04,0.00,-0.04,475,450,463,500,373
-1.24,-2.25,-9.68,0.03,-0.00,-0.04,475,450,463,500,374
-1.24,-2.33,-9.54,0.03,-0.00,-0.03,475,450,463,500,373
-1.09,-2.28,-9.69,0.03,0.00,-0.03,475,450,463,500,374
-1.10,-2.28,-9.78,0.03,-0.00,-0.03,475,450,463,500,374
-1.24,-2.30,-9.73,0.02,0.00,-0.05,475,450,463,501,373
END
-0.93,-2.16,-9.96,0.03,0.01,-0.03,475,450,463,500,374
-1.07,-2.23,-10.02,0.04,0.00,-0.03,475,450,463,500,374
-0.92,-2.11,-10.08,0.03,0.01,-0.05,475,450,463,500,373
-1.19,-2.23,-9.83,0.03,-0.01,-0.03,475,450,463,500,374
-1.18,-2.27,-9.83,0.03,-0.00,-0.04,475,450,463,500,373
-1.15,-2.16,-9.68,0.03,-0.00,-0.03,475,450,463,500,374
-1.11,-2.20,-9.83,0.03,-0.01,-0.04,475,450,463,500,373
-1.23,-2.20,-9.85,0.04,0.00,-0.04,475,450,463,500,374
-1.11,-2.20,-9.93,0.03,0.01,-0.04,475,450,463,500,374
-1.10,-2.10,-9.79,0.03,-0.01,-0.03,475,450,463,500,373
-1.05,-2.25,-9.72,0.04,-0.00,-0.05,475,450,463,500,373
-1.24,-2.15,-9.71,0.04,0.01,-0.03,475,450,463,500,374
-1.12,-2.29,-9.86,0.03,0.00,-0.03,475,450,463,500,373
-1.08,-2.21,-9.92,0.03,0.00,-0.03,474,450,463,500,373
-1.31,-2.17,-9.70,0.03,0.00,-0.03,475,450,463,500,373
-1.46,-2.21,-9.65,0.05,0.00,-0.04,474,450,463,500,373
-0.97,-2.20,-9.73,0.04,-0.00,-0.04,475,450,463,500,373
-1.18,-2.19,-9.69,0.02,-0.02,-0.05,475,450,463,500,373
-1.12,-2.25,-9.76,0.03,-0.02,-0.03,475,450,463,500,373
-1.25,-2.39,-9.51,0.02,-0.02,-0.03,475,450,463,500,374
-1.23,-2.12,-9.45,0.05,-0.01,-0.00,475,450,463,500,373
-1.40,-2.33,-9.40,0.03,0.00,0.01,475,450,463,500,373
-1.48,-2.10,-9.10,0.02,0.02,0.00,475,450,463,500,373
-1.36,-2.02,-9.96,0.03,0.03,-0.00,475,450,463,500,373
-1.08,-2.27,-10.06,0.03,0.02,-0.02,475,450,463,500,374
-0.97,-1.96,-10.04,0.03,-0.01,-0.03,474,450,463,500,373
-1.21,-2.07,-9.85,0.01,-0.04,-0.06,474,450,463,500,373
-1.40,-2.11,-9.97,-0.01,-0.03,-0.09,475,450,463,500,373
-1.46,-2.00,-10.01,-0.00,-0.01,-0.07,474,450,463,500,373
-1.04,-2.35,-9.86,0.03,-0.02,-0.05,474,450,463,500,373
-1.36,-2.37,-9.57,0.02,-0.03,-0.05,475,450,463,500,373
-1.28,-2.05,-9.45,0.04,-0.02,-0.04,475,450,463,500,373
-1.35,-2.07,-9.81,0.05,-0.02,-0.03,475,450,463,500,373
-1.41,-2.15,-9.74,0.03,0.01,-0.05,475,450,463,500,373
-1.21,-2.03,-10.07,0.01,0.01,-0.06,475,450,463,500,373
-1.29,-2.15,-9.96,0.05,-0.00,-0.03,474,450,463,500,373
END
-1.25,-1.96,-9.86,0.04,-0.02,-0.04,474,450,462,499,373
-1.39,-1.87,-9.76,0.04,0.02,-0.04,474,450,463,499,373
-1.03,-2.20,-10.04,0.05,0.02,-0.03,474,450,463,499,373
-1.51,-2.22,-9.64,0.03,-0.01,-0.03,474,450,463,499,374
-1.44,-1.99,-9.74,0.03,0.01,-0.03,474,450,463,500,373
-1.02,-1.99,-10.08,0.03,0.00,-0.05,474,450,463,499,373
-1.32,-2.26,-9.80,0.03,-0.01,-0.04,474,450,463,499,373
-1.37,-2.11,-9.96,0.03,0.01,-0.02,474,450,463,499,373
-1.01,-1.91,-10.01,0.03,0.00,-0.05,474,450,463,499,373
-1.18,-2.20,-9.79,0.04,-0.00,-0.04,474,450,462,499,373
-1.46,-2.20,-9.73,0.02,0.00,-0.03,474,450,462,499,373
-1.16,-1.93,-10.14,0.03,0.01,-0.05,474,450,462,499,373
-1.32,-2.25,-9.53,0.04,-0.00,-0.04,474,450,462,499,373
-1.45,-1.98,-9.86,0.03,0.00,-0.05,474,450,462,499,373
-1.41,-2.14,-9.58,0.02,0.01,-0.04,474,450,462,499,373
-1.01,-2.06,-9.89,0.03,0.00,-0.04,474,450,463,499,374
-1.37,-2.01,-9.88,0.05,-0.00,-0.04,474,450,463,499,373
-1.53,-2.21,-9.50,0.05,-0.00,-0.03,474,450,462,499,373
-1.24,-2.17,-9.78,0.04,0.00,-0.04,474,450,462,499,373
-1.41,-2.04,-9.56,0.04,-0.01,-0.04,474,450,463,499,373
-1.41,-2.14,-9.79,0.03,0.01,-0.02,474,450,462,499,373
-0.95,-2.19,-9.78,0.02,0.00,-0.04,474,450,462,499,373
-1.38,-2.02,-9.93,0.05,-0.00,-0.05,474,450,462,499,373
-1.49,-2.40,-9.29,0.04,-0.01,-0.04,474,450,462,499,373
-1.22,-1.94,-10.30,0.02,0.00,-0.04,474,450,462,499,373
-1.28,-2.26,-9.88,0.02,-0.00,-0.04,474,450,462,499,373
-1.44,-1.93,-9.63,0.03,-0.00,-0.04,474,450,463,499,373
-1.34,-2.30,-9.47,0.04,0.01,-0.04,474,450,463,499,373
-1.23,-2.10,-9.97,0.03,0.01,-0.04,474,450,463,499,373
-1.50,-2.09,-9.64,0.04,-0.01,-0.04,474,450,462,499,373
-1.24,-2.40,-9.75,0.05,0.02,-0.04,474,450,462,499,374
-1.17,-2.10,-9.82,0.03,0.01,-0.03,474,449,462,499,373
-0.90,-2.33,-9.67,0.02,-0.02,-0.05,474,450,462,499,373
-1.57,-2.10,-9.70,0.04,-0.00,-0.03,474,449,462,499,373
-1.34,-2.21,-9.68,0.04,-0.00,-0.02,474,450,462,499,373
-1.16,-2.23,-9.82,0.04,0.00,-0.04,474,450,462,499,373
END
-1.34,-2.25,-9.77,0.04,0.00,-0.04,474,449,462,499,373
-1.11,-2.02,-9.78,0.03,-0.01,-0.04,474,449,462,499,373
-1.41,-2.18,-9.69,0.04,-0.01,-0.03,474,450,462,499,373
-1.26,-2.45,-9.35,0.03,0.00,-0.04,474,449,462,499,373
-1.28,-2.05,-9.73,0.03,0.00,-0.03,474,449,462,499,373
-1.16,-2.26,-9.71,0.04,0.00,-0.03,474,449,462,499,373
-1.08,-2.38,-9.66,0.04,-0.00,-0.03,474,449,462,499,373
-1.35,-2.12,-9.77,0.03,-0.00,-0.03,474,449,462,499,373
-1.28,-2.15,-9.86,0.05,0.01,-0.02,474,449,462,499,373
-1.33,-2.27,-9.70,0.04,0.01,-0.03,474,449,462,499,373
-1.16,-2.46,-9.81,0.04,0.00,-0.02,474,449,462,499,373
-1.28,-2.10,-9.30,0.02,-0.00,-0.03,474,449,462,499,373
-1.51,-2.21,-9.48,0.03,-0.01,-0.03,474,449,462,499,373
-1.24,-2.28,-9.68,0.02,0.00,-0.03,474,449,462,499,373
-1.09,-2.09,-9.84,0.02,0.01,-0.04,474,449,462,499,373
-1.10,-2.08,-9.84,0.03,-0.00,-0.05,474,449,462,499,373
-1.34,-2.23,-9.45,0.04,0.01,-0.04,474,449,462,499,373
-1.34,-2.15,-9.82,0.05,-0.00,-0.03,474,449,462,499,373
-1.18,-2.44,-9.84,0.04,-0.00,-0.03,474,449,462,499,373
-1.03,-2.19,-9.87,0.02,-0.01,-0.03,474,449,462,499,373
-1.19,-1.97,-9.86,0.04,0.00,-0.04,474,449,462,499,373
-1.35,-2.35,-9.53,0.04,0.00,-0.04,474,449,462,499,373
-0.93,-2.13,-9.92,0.03,0.01,-0.03,474,449,462,499,373
-1.40,-2.35,-9.40,0.03,-0.00,-0.04,474,449,462,499,373
-1.23,-2.19,-9.88,0.04,0.01,-0.04,474,449,462,499,373
-1.04,-2.18,-9.65,0.04,0.01,-0.05,474,449,462,499,373
-1.22,-2.48,-9.52,0.04,0.00,-0.04,474,449,462,499,373
-1.09,-2.44,-9.69,0.02,0.00,-0.02,474,449,462,499,373
-1.29,-2.03,-9.79,0.04,-0.01,-0.04,474,449,462,499,373
-1.18,-2.25,-9.78,0.03,0.01,-0.05,474,449,462,499,373
-1.18,-2.39,-9.61,0.03,0.00,-0.04,474,449,462,499,373
-1.21,-2.22,-9.88,0.01,-0.01,-0.03,474,449,462,499,373
-1.38,-2.22,-9.63,0.02,-0.01,-0.03,473,449,462,499,373
-1.06,-2.31,-9.66,0.04,0.01,-0.05,474,449,462,499,373
-1.18,-2.63,-9.76,0.03,-0.02,-0.03,474,449,462,499,373
-1.33,-2.14,-9.63,0.01,-0.01,-0.02,474,449,462,499,373
END