-2.13,-3.29,-3.29,0.05,0.01,-0.04,340,323,320,350,318
-2.63,-3.24,-3.24,0.04,0.01,-0.03,340,324,320,351,319
-2.53,-3.26,-3.26,0.03,-0.01,-0.05,340,324,320,351,319
-2.66,-3.13,-3.13,0.03,0.00,-0.06,340,324,320,351,318
-2.54,-3.07,-3.07,0.03,-0.00,-0.03,340,324,320,351,318
-2.67,-3.14,-3.14,0.04,0.01,-0.04,340,324,320,351,318
-2.38,-3.25,-3.25,0.04,0.00,-0.04,340,323,320,350,318
-2.43,-3.14,-3.14,0.01,-0.02,-0.04,340,324,320,351,318
-2.84,-2.89,-2.89,-0.02,-0.05,0.01,355,342,336,355,318
-2.53,-3.52,-3.52,-0.21,-0.16,0.05,398,392,391,395,319
-1.17,-3.04,-3.04,-0.36,-0.41,0.02,485,455,460,491,320
-3.38,-2.36,-2.36,0.14,-0.20,-0.17,505,464,473,516,320
-5.72,-2.19,-2.19,-0.16,0.01,-0.06,487,456,457,497,320
-5.46,-1.41,-1.41,0.52,0.46,-0.22,400,387,377,393,319
-0.11,-6.29,-6.29,0.55,0.46,-0.34,354,343,339,370,318
-0.55,-3.94,-3.94,-0.29,-0.08,0.19,418,411,405,447,318
-1.00,-5.09,-5.09,-0.24,-0.33,0.12,484,455,463,522,319
-4.68,-2.63,-2.63,-0.02,-0.20,-0.18,493,460,469,527,320
-4.78,-1.92,-1.92,0.21,0.28,-0.15,453,434,431,481,320
-3.85,-3.36,-3.36,0.14,0.29,-0.39,383,394,405,462,319
0.11,-2.17,-2.17,0.45,0.22,-0.08,341,351,357,425,318
-0.78,-4.11,-4.11,0.00,0.01,0.15,345,350,344,396,317
-1.74,-5.05,-5.05,-0.10,-0.13,-0.00,387,402,399,454,317
-1.13,-3.80,-3.80,-0.60,-0.48,0.32,477,451,456,517,319
-3.39,-3.07,-3.07,-0.19,-0.11,-0.29,494,459,466,525,320
-3.78,-2.93,-2.93,0.16,0.07,-0.15,475,450,453,512,320
-3.32,-3.07,-3.07,0.07,0.08,0.01,465,442,443,502,320
-1.54,-2.26,-2.26,0.52,0.30,-0.44,378,370,374,426,319
-1.50,-6.91,-6.91,0.21,0.20,0.12,345,339,343,393,318
-1.03,-4.66,-4.66,-0.05,-0.03,0.03,389,393,385,432,318
1.18,-4.10,-4.10,-0.31,-0.35,0.15,485,453,458,519,321
-2.81,-3.33,-3.33,-0.07,-0.15,-0.32,499,462,472,532,324
-3.35,-2.72,-2.72,0.08,0.04,0.10,487,455,464,522,324
-3.14,-4.04,-4.04,0.31,0.36,-0.02,457,437,441,504,318
-2.50,-2.65,-2.65,0.13,0.17,-0.03,403,403,407,470,319
END
-0.66,-3.70,-3.70,0.34,0.17,-0.22,342,339,336,370,316
-2.49,-3.34,-3.34,0.01,-0.02,-0.03,341,337,335,370,316
-2.39,-3.33,-3.33,0.03,-0.01,-0.06,340,336,334,368,317
-2.43,-3.29,-3.29,0.03,-0.00,-0.05,340,336,334,367,317
-2.40,-3.27,-3.27,0.05,0.01,-0.06,340,336,334,366,317
-2.30,-3.52,-3.52,0.02,-0.01,-0.04,340,337,334,367,317
-4.46,-2.75,-2.75,-0.38,-0.17,0.08,423,431,431,475,317
-2.68,-4.80,-4.80,-0.53,-0.61,0.83,493,467,474,531,320
-2.60,-1.95,-1.95,0.14,0.06,-0.53,500,469,476,539,320
-5.07,-2.38,-2.38,0.14,0.14,-0.19,480,458,457,510,319
-3.29,-2.52,-2.52,0.20,0.37,-0.18,406,412,403,437,318
-1.07,-5.08,-5.08,0.41,0.34,-0.00,366,371,370,415,318
-0.70,-5.09,-5.09,0.07,0.01,0.10,382,389,387,438,317
-1.48,-3.62,-3.62,-0.78,-0.66,0.12,461,450,454,525,319
-2.79,-1.58,-1.58,0.38,-0.09,-0.68,489,463,473,542,321
-4.20,-3.54,-3.54,0.28,0.13,-0.00,485,461,470,540,322
-2.85,-3.55,-3.55,-0.14,0.21,-0.02,470,453,459,526,322
-2.26,-3.21,-3.21,0.53,0.33,-0.38,394,389,383,444,320
-1.86,-2.44,-2.44,-0.52,-0.13,0.24,371,371,370,440,319
-2.32,-2.31,-2.31,0.35,0.11,-0.19,357,351,344,384,317
-1.97,-4.33,-4.33,0.03,-0.02,0.04,353,359,352,395,317
-1.61,-4.89,-4.89,-0.37,-0.19,-0.10,418,422,417,487,318
-1.49,-3.06,-3.06,0.08,-0.10,-0.21,454,439,442,509,338
-2.53,-3.09,-3.09,-0.22,0.02,0.02,452,438,438,505,330
-2.59,-2.59,-2.59,0.11,0.08,-0.00,433,428,428,493,320
-1.86,-3.43,-3.43,0.49,0.26,-0.09,371,384,380,432,319
-1.46,-3.83,-3.83,-0.01,-0.12,-0.21,378,384,379,432,318
-0.85,-3.30,-3.30,0.06,-0.02,-0.16,358,352,349,400,318
-2.79,-4.03,-4.03,0.04,0.03,0.13,339,335,331,364,317
-2.05,-4.83,-4.83,0.11,0.01,-0.10,334,327,322,361,317
-1.92,-3.76,-3.76,-0.13,-0.09,-0.14,391,398,392,453,317
-0.61,-5.41,-5.41,0.20,-0.05,-0.26,445,436,434,500,320
-2.72,-3.76,-3.76,-0.38,-0.20,0.09,468,448,444,508,322
-2.73,-2.65,-2.65,0.16,0.05,-0.06,458,442,438,504,322
-3.13,-2.52,-2.52,0.13,0.25,-0.02,406,405,399,458,320
END
-2.32,-3.61,-3.61,0.41,0.21,0.11,322,303,299,340,316
-1.81,-4.46,-4.46,0.05,0.01,-0.04,322,303,299,340,316
-1.64,-4.63,-4.63,0.01,-0.01,-0.02,322,303,299,340,316
-1.84,-4.57,-4.57,0.03,-0.00,-0.04,322,303,299,340,316
-1.80,-4.45,-4.45,0.02,0.00,-0.03,322,304,300,340,316
-1.82,-4.67,-4.67,0.04,0.00,-0.02,322,305,300,340,316
-1.55,-4.80,-4.80,-0.03,-0.00,0.04,323,307,301,341,316
-2.13,-4.84,-4.84,-0.11,-0.04,0.06,330,329,319,353,316
-2.35,-5.49,-5.49,-1.22,-0.64,-0.09,421,436,437,480,317
-1.72,-1.30,-1.30,0.32,-0.47,-0.01,496,466,474,535,321
-3.75,-3.11,-3.11,-0.34,-0.27,-0.15,511,474,486,551,324
-5.13,-2.95,-2.95,0.18,0.19,-0.04,487,460,466,531,323
-3.58,-2.05,-2.05,0.02,0.53,0.02,438,434,420,486,321
-1.54,-3.73,-3.73,0.54,0.40,-0.19,357,349,339,392,319
-1.25,-5.57,-5.57,-0.01,0.00,0.25,342,332,323,359,318
-1.68,-4.48,-4.48,-0.21,-0.18,0.08,377,384,361,399,318
-1.81,-2.80,-2.80,-0.30,-0.34,-0.30,450,443,440,511,321
-3.83,-2.86,-2.86,-0.03,-0.16,-0.13,479,458,462,529,330
-2.96,-2.98,-2.98,0.00,-0.05,-0.02,472,454,457,524,332
-3.22,-2.43,-2.43,-0.01,0.15,-0.05,426,425,419,490,327
-2.68,-2.81,-2.81,0.62,0.34,-0.13,349,337,328,377,319
-1.31,-6.45,-6.45,-0.14,0.03,0.37,342,330,319,360,318
-0.65,-4.71,-4.71,0.23,0.02,-0.16,348,341,325,363,317
-1.55,-3.50,-3.50,-0.59,-0.40,-0.19,411,418,390,462,318
-2.79,-2.10,-2.10,0.12,-0.15,-0.46,465,447,436,511,328
-2.89,-5.04,-5.04,0.13,-0.03,-0.12,476,453,449,518,331
-3.57,-4.79,-4.79,0.07,0.21,0.06,450,436,427,503,326
-2.09,-3.37,-3.37,0.02,0.07,-0.08,401,410,396,462,322
-0.19,-4.40,-4.40,0.58,0.24,-0.23,336,331,321,357,318
-2.35,-3.57,-3.57,-0.05,0.09,0.23,331,322,313,351,317
-2.38,-5.21,-5.21,0.11,0.07,0.01,337,335,323,362,317
0.30,-3.99,-3.99,-0.61,-0.41,-0.33,395,408,400,465,318
-1.77,-3.66,-3.66,-0.16,-0.29,-0.20,464,449,452,512,327
-4.08,-3.49,-3.49,0.15,-0.10,-0.31,486,458,464,524,336
-3.88,-3.89,-3.89,-0.03,0.08,0.02,467,446,451,513,333
END
-2.45,-3.34,-3.34,0.39,0.33,-0.07,327,307,300,342,316
-1.94,-4.19,-4.19,0.02,-0.01,-0.02,326,307,300,342,317
-2.01,-4.34,-4.34,0.02,-0.00,-0.01,326,307,300,342,316
-1.87,-4.36,-4.36,0.00,-0.01,-0.02,326,307,300,343,316
-2.28,-4.56,-4.56,-0.02,0.02,-0.00,327,312,304,345,316
-4.46,-0.70,-0.70,-0.74,-0.20,-0.07,395,409,416,447,316
1.77,-6.64,-6.64,0.39,-0.53,0.40,496,468,479,540,318
-3.86,-2.48,-2.48,-0.36,-0.36,-0.12,516,478,489,557,320
-6.12,-2.48,-2.48,0.23,0.06,0.01,507,474,483,552,320
-4.72,-2.53,-2.53,-0.14,0.21,0.01,494,465,471,537,320
-1.76,-2.34,-2.34,0.54,0.52,-0.05,440,414,399,451,318
-1.49,-4.43,-4.43,-0.07,0.15,-0.12,380,369,370,416,317
-1.28,-3.20,-3.20,0.32,0.07,0.04,340,338,339,375,317
-3.40,-3.58,-3.58,-0.06,0.02,0.05,352,355,342,390,316
-0.88,-4.79,-4.79,-0.05,0.04,0.16,426,430,420,494,317
-1.41,-3.50,-3.50,0.27,-0.11,-0.12,467,450,450,521,322
-3.20,-3.60,-3.60,-0.14,-0.06,-0.00,470,454,457,525,328
-3.21,-3.01,-3.01,0.06,0.06,-0.02,459,445,446,515,326
-2.99,-3.31,-3.31,0.07,0.19,-0.11,400,389,374,440,319
-2.27,-3.63,-3.63,0.15,0.18,0.18,341,328,322,368,316
-1.83,-3.68,-3.68,0.09,0.05,0.12,337,325,316,351,316
-1.46,-4.62,-4.62,0.12,0.03,0.04,336,322,313,351,316
-2.15,-5.43,-5.43,-0.04,-0.05,-0.05,340,339,321,358,316
-1.07,-3.18,-3.18,-0.25,-0.13,-0.02,405,411,380,415,316
-1.73,-2.96,-2.96,-0.26,-0.26,-0.20,459,438,424,476,316
-3.64,-2.85,-2.85,-0.01,-0.06,-0.17,473,448,441,495,317
-2.68,-4.25,-4.25,0.25,0.12,0.04,472,448,443,501,317
-2.50,-3.86,-3.86,-0.10,0.04,0.02,463,442,436,493,317
-1.37,-3.21,-3.21,0.31,0.14,-0.18,411,390,371,401,317
-2.91,-4.42,-4.42,0.45,0.22,-0.10,337,314,306,345,316
-2.38,-4.29,-4.29,0.15,0.09,0.03,330,308,302,342,316
-0.62,-7.33,-7.33,0.07,-0.03,0.05,330,308,303,342,316
-2.68,-3.34,-3.34,-0.18,-0.14,-0.18,339,335,322,358,316
-1.93,-2.61,-2.61,-0.36,-0.11,-0.04,406,417,404,447,316
-2.12,-4.94,-4.94,0.04,-0.09,-0.23,453,439,434,489,317
END
-3.06,-4.63,-4.63,-0.12,-0.14,0.07,324,305,299,342,316
-1.86,-4.34,-4.34,0.02,0.00,-0.03,324,304,299,342,316
-1.95,-4.47,-4.47,0.04,-0.00,-0.04,324,304,299,342,316
-2.00,-4.63,-4.63,0.01,-0.01,-0.03,324,304,299,342,316
-2.07,-4.31,-4.31,0.04,-0.01,-0.07,324,304,300,342,316
-1.99,-4.70,-4.70,0.02,0.00,0.00,325,308,301,342,315
-2.43,-3.59,-3.59,-0.23,-0.12,-0.16,359,372,360,373,316
-1.62,-4.33,-4.33,0.31,0.09,0.12,404,416,408,422,316
-2.27,-4.72,-4.72,-0.55,-0.48,0.12,453,440,438,475,316
-3.27,-2.49,-2.49,0.07,-0.19,-0.27,471,450,454,502,317
-3.45,-2.91,-2.91,-0.10,0.03,0.09,478,453,457,511,318
-2.63,-1.95,-1.95,0.19,0.15,-0.07,439,416,403,433,318
-2.57,-3.58,-3.58,0.54,0.36,-0.30,360,336,325,355,316
-1.78,-6.04,-6.04,0.31,0.13,0.02,334,318,309,345,316
-1.64,-4.49,-4.49,0.07,-0.02,-0.07,335,317,308,343,316
-1.79,-5.07,-5.07,0.03,-0.03,-0.04,332,311,305,342,316
-2.56,-4.84,-4.84,-0.04,-0.07,-0.21,343,348,327,348,316
-0.75,-4.23,-4.23,-0.33,-0.06,0.12,395,408,393,426,316
-2.27,-4.08,-4.08,-0.27,-0.28,0.13,458,442,436,491,317
-2.59,-4.09,-4.09,-0.06,-0.15,-0.10,477,452,453,509,319
-3.28,-2.96,-2.96,-0.13,-0.08,-0.01,469,447,447,506,320
-3.93,-2.40,-2.40,0.28,0.20,-0.13,421,413,407,462,320
-1.54,-4.08,-4.08,0.54,0.22,-0.28,343,329,325,361,318
-1.98,-7.82,-7.82,0.10,0.23,0.41,330,311,306,345,317
-1.74,-4.35,-4.35,0.05,-0.09,-0.22,330,311,305,345,316
-2.66,-4.95,-4.95,0.08,0.05,0.00,328,307,304,343,316
-2.31,-5.76,-5.76,-0.05,-0.04,-0.07,329,317,306,346,316
-2.15,-3.57,-3.57,-0.08,-0.04,-0.16,350,354,333,365,316
-0.72,-3.24,-3.24,-0.30,-0.11,0.08,399,408,386,412,317
-2.89,-2.00,-2.00,-0.20,-0.22,-0.10,458,439,423,462,317
-2.61,-4.49,-4.49,-0.14,-0.27,-0.16,486,456,454,507,318
-3.37,-3.16,-3.16,-0.10,-0.13,-0.12,489,461,465,523,319
-2.91,-3.23,-3.23,0.07,0.01,-0.09,477,449,453,515,320
-2.99,-3.01,-3.01,0.19,0.21,-0.16,408,396,400,459,318
-3.05,-3.80,-3.80,0.37,0.28,-0.22,340,325,328,368,317
END
-0.78,-4.49,-4.49,0.26,0.05,0.10,327,311,305,344,316
-1.72,-4.35,-4.35,0.02,-0.00,-0.03,327,312,305,344,316
-2.18,-4.44,-4.44,0.03,-0.00,-0.03,327,312,305,344,316
-1.97,-4.40,-4.40,0.03,0.01,-0.03,327,312,305,344,316
-1.97,-4.40,-4.40,0.04,0.01,-0.04,327,312,305,344,316
-2.05,-4.42,-4.42,0.03,-0.01,-0.04,327,312,305,344,316
-2.00,-4.25,-4.25,0.03,-0.00,-0.03,328,312,305,344,316
-2.18,-4.58,-4.58,0.02,-0.00,-0.03,328,312,305,344,316
-1.63,-4.94,-4.94,0.01,0.00,-0.02,333,330,316,349,316
-1.92,-4.44,-4.44,-0.33,-0.17,-0.03,387,410,396,407,316
-1.92,-3.79,-3.79,-0.25,-0.27,0.20,453,452,451,495,317
-2.79,-3.73,-3.73,-0.22,-0.25,-0.06,487,464,472,527,318
-3.55,-2.66,-2.66,0.10,-0.09,-0.06,491,465,474,533,320
-3.98,-3.01,-3.01,0.02,0.06,-0.02,483,460,465,524,320
-2.17,-2.67,-2.67,0.17,0.21,-0.04,432,418,410,460,319
-3.03,-3.43,-3.43,0.29,0.25,-0.12,359,338,330,367,318
-1.73,-5.06,-5.06,0.16,0.03,0.00,344,325,317,358,317
-1.75,-4.53,-4.53,0.06,-0.08,-0.12,347,334,323,361,317
-3.19,-3.11,-3.11,-0.09,-0.08,-0.11,370,377,357,390,317
-2.20,-3.75,-3.75,-0.10,-0.08,-0.02,423,420,407,460,317
-2.15,-4.33,-4.33,-0.43,-0.38,0.10,482,454,454,515,318
-2.30,-3.28,-3.28,-0.04,-0.30,-0.36,496,464,471,534,322
-3.92,-3.46,-3.46,-0.02,0.01,0.07,487,459,466,530,324
-3.48,-2.71,-2.71,0.15,0.18,0.03,457,437,439,501,322
-2.27,-3.88,-3.88,0.44,0.36,-0.05,379,361,356,395,319
-1.92,-4.41,-4.41,0.14,0.21,0.28,340,324,324,364,318
-2.22,-5.15,-5.15,0.03,0.00,0.01,336,321,317,356,317
-2.17,-4.40,-4.40,0.07,-0.02,-0.09,337,322,317,356,317
-3.17,-3.30,-3.30,-0.09,0.01,-0.04,366,365,350,386,317
-1.90,-4.73,-4.73,-0.24,-0.19,0.12,435,416,403,453,317
-2.43,-4.34,-4.34,-0.14,-0.19,-0.07,475,441,434,493,319
-2.46,-3.52,-3.52,0.00,-0.15,-0.18,489,457,457,515,322
-3.13,-3.65,-3.65,-0.04,-0.02,-0.04,488,458,457,517,322
-3.11,-3.58,-3.58,0.06,0.02,0.05,471,445,444,507,322
-2.51,-3.71,-3.71,0.34,0.25,-0.11,398,380,383,452,319
END
-2.73,-3.88,-3.88,0.10,0.16,-0.03,329,309,305,353,317
-1.73,-4.72,-4.72,0.02,0.00,-0.03,329,309,305,352,317
-1.90,-4.41,-4.41,0.03,-0.01,-0.04,329,309,305,352,317
-2.02,-4.41,-4.41,0.02,0.00,-0.02,329,309,305,352,316
-2.12,-4.47,-4.47,0.02,-0.01,-0.05,329,310,305,352,316
-2.32,-5.97,-5.97,-0.04,0.02,0.01,342,337,329,378,317
-0.79,-3.80,-3.80,-0.25,-0.16,-0.20,430,430,425,495,318
-1.39,-4.06,-4.06,0.00,-0.23,-0.16,493,462,465,536,331
-3.18,-3.49,-3.49,-0.05,-0.16,-0.07,499,468,474,544,338
-2.94,-3.74,-3.74,0.12,-0.00,-0.05,490,463,469,540,340
-3.31,-3.70,-3.70,0.16,0.20,0.03,472,449,453,529,336
-2.02,-3.98,-3.98,0.35,0.31,-0.13,406,382,387,478,326
-1.72,-4.50,-4.50,0.16,0.15,0.01,348,327,328,382,320
-1.83,-5.21,-5.21,-0.04,-0.11,-0.03,338,318,315,356,319
-2.29,-4.77,-4.77,0.01,-0.09,-0.06,340,322,317,358,319
-4.34,-3.07,-3.07,-0.13,0.01,0.11,387,393,383,457,321
-1.57,-4.53,-4.53,0.05,-0.21,-0.15,451,439,434,511,341
-2.52,-4.52,-4.52,0.08,-0.06,-0.02,476,454,456,526,358
-3.22,-4.11,-4.11,-0.09,-0.14,0.03,478,455,461,530,370
-3.07,-3.79,-3.79,0.05,0.06,-0.08,475,454,457,526,364
-2.10,-3.98,-3.98,0.16,0.15,-0.08,443,425,428,491,340
-2.99,-4.57,-4.57,0.39,0.29,-0.12,376,356,353,397,325
-1.28,-4.68,-4.68,0.22,0.09,-0.06,341,321,317,356,322
-1.53,-5.51,-5.51,-0.00,-0.01,-0.03,335,315,311,350,320
-1.56,-5.21,-5.21,-0.05,-0.08,-0.11,332,314,310,349,320
-2.89,-4.01,-4.01,-0.18,-0.07,-0.11,357,351,334,373,320
-1.90,-4.50,-4.50,0.03,0.09,0.05,424,411,400,454,320
-1.48,-4.06,-4.06,0.08,0.06,-0.05,460,434,426,498,326
-0.76,-5.43,-5.43,-0.01,-0.07,-0.03,472,449,453,523,331
-1.72,-4.23,-4.23,0.11,-0.07,-0.10,474,453,462,529,336
-2.91,-5.14,-5.14,-0.04,0.00,0.08,466,446,451,523,336
-1.36,-3.84,-3.84,0.16,-0.06,-0.30,452,423,420,498,337
-2.12,-4.76,-4.76,0.18,0.06,-0.04,401,364,355,414,334
-1.57,-4.56,-4.56,0.14,-0.02,0.07,352,325,320,364,330
-1.83,-5.34,-5.34,0.01,-0.01,0.01,338,315,310,352,328
END
-2.18,-4.69,-4.69,-0.02,-0.06,-0.09,334,316,309,358,318
-1.80,-4.67,-4.67,-0.00,0.01,-0.00,333,318,311,358,318
-1.84,-5.11,-5.11,-0.06,0.01,0.04,335,326,319,356,318
-1.92,-4.13,-4.13,0.04,0.02,-0.06,336,331,326,357,318
-1.84,-5.20,-5.20,0.00,-0.02,0.04,351,353,345,370,318
-1.75,-4.72,-4.72,-0.25,-0.18,-0.17,414,422,417,463,318
-1.31,-4.76,-4.76,-0.06,-0.28,-0.16,481,457,461,521,319
-2.55,-5.19,-5.19,-0.06,-0.09,0.05,487,462,470,531,320
-2.38,-3.10,-3.10,0.04,-0.03,0.15,481,458,466,527,320
-2.99,-3.65,-3.65,0.11,0.15,0.13,466,446,451,512,320
-1.99,-4.43,-4.43,0.34,0.18,-0.03,426,392,388,443,319
-2.20,-4.74,-4.74,0.23,0.17,-0.02,370,338,334,372,318
-2.01,-4.67,-4.67,0.16,0.02,-0.11,340,317,313,352,318
-1.84,-5.03,-5.03,0.05,-0.03,-0.09,336,316,310,349,318
-2.33,-5.50,-5.50,0.01,-0.00,-0.06,342,333,317,358,318
-1.69,-5.08,-5.08,-0.35,-0.19,-0.23,401,410,375,440,319
-1.46,-4.06,-4.06,-0.04,-0.13,-0.27,433,430,415,486,331
-2.62,-4.67,-4.67,-0.04,-0.08,-0.05,459,444,440,505,341
-2.46,-4.31,-4.31,0.02,0.02,-0.01,460,445,442,507,343
-1.61,-4.24,-4.24,0.02,-0.03,-0.06,457,442,438,505,343
-2.16,-4.19,-4.19,0.14,0.13,-0.03,425,418,412,493,334
-2.24,-4.58,-4.58,0.29,0.16,-0.19,365,354,348,433,322
-1.59,-4.94,-4.94,0.25,0.15,-0.10,335,319,315,368,319
-1.08,-5.48,-5.48,0.11,0.08,0.11,331,314,309,351,318
-1.39,-5.18,-5.18,-0.01,-0.05,-0.06,330,311,307,350,318
-2.12,-4.68,-4.68,-0.10,-0.04,-0.05,347,330,321,372,318
-2.38,-4.95,-4.95,-0.31,-0.22,-0.64,403,397,384,459,319
-0.12,-4.39,-4.39,-0.15,-0.38,-0.17,457,433,428,502,323
-2.23,-4.41,-4.41,0.11,0.03,0.08,473,447,447,515,328
-2.98,-4.63,-4.63,0.09,-0.00,0.03,475,450,452,516,331
-1.98,-4.50,-4.50,0.04,0.00,-0.01,466,443,444,511,332
-1.65,-4.52,-4.52,0.07,-0.02,-0.07,460,438,438,501,328
-1.65,-4.53,-4.53,0.07,0.08,0.10,409,391,385,443,321
-2.66,-4.42,-4.42,0.20,0.14,0.03,349,333,330,374,319
-2.01,-4.76,-4.76,0.23,0.06,-0.03,333,317,313,353,318
END
-1.72,-4.98,-4.98,0.04,0.10,0.04,482,457,457,510,320
-3.09,-4.06,-4.06,0.11,-0.02,-0.13,483,458,460,517,322
-2.80,-4.67,-4.67,-0.03,-0.03,-0.01,476,453,455,513,323
-2.20,-4.10,-4.10,0.02,-0.03,-0.03,467,448,450,510,323
-2.85,-4.07,-4.07,0.11,0.06,-0.10,431,421,426,492,322
-2.94,-4.20,-4.20,0.21,0.12,-0.13,377,372,378,437,320
-1.52,-4.86,-4.86,0.26,0.17,-0.18,341,336,341,389,319
-2.35,-3.96,-3.96,-0.01,0.10,0.20,417,409,400,462,319
-1.36,-4.70,-4.70,0.05,-0.15,-0.04,464,446,448,508,324
-2.68,-4.66,-4.66,0.08,0.01,-0.15,474,454,459,519,331
-2.50,-4.31,-4.31,0.06,0.06,0.02,476,456,461,522,334
-2.00,-4.64,-4.64,0.03,0.01,0.01,473,454,458,521,334
-2.15,-4.57,-4.57,0.09,-0.08,-0.08,455,440,445,509,333
-2.34,-5.10,-5.10,0.13,0.08,-0.06,406,393,396,460,326
-2.12,-4.73,-4.73,-0.04,0.06,-0.05,364,351,352,400,321
-1.77,-4.58,-4.58,0.15,0.07,-0.09,341,330,329,376,320
-2.10,-5.23,-5.23,0.02,0.05,0.09,338,327,323,366,320
-1.95,-5.13,-5.13,0.02,0.01,-0.08,338,327,323,369,319
-2.09,-3.65,-3.65,0.02,0.05,0.00,372,376,362,421,319
-1.36,-3.65,-3.65,0.04,-0.11,-0.26,433,423,409,479,320
-2.40,-5.39,-5.39,-0.01,-0.14,-0.07,465,445,439,506,324
-2.37,-5.36,-5.36,-0.00,-0.10,-0.09,476,454,454,516,330
-1.92,-4.32,-4.32,-0.09,-0.13,-0.05,474,454,454,516,333
-2.17,-4.57,-4.57,0.08,0.01,-0.03,469,450,451,514,333
-2.53,-4.85,-4.85,0.09,0.12,0.13,423,414,418,486,330
-2.50,-4.59,-4.59,0.23,0.21,-0.07,362,349,354,411,327
-1.51,-4.94,-4.94,0.15,0.07,0.04,337,321,319,361,326
-1.90,-5.00,-5.00,0.10,0.07,0.06,333,317,313,354,325
-1.74,-5.58,-5.58,0.02,0.01,0.00,330,312,310,351,324
-2.61,-4.82,-4.82,0.05,0.05,-0.00,337,323,317,356,324
-1.28,-4.34,-4.34,-0.02,-0.06,-0.08,376,381,375,410,335
-2.04,-4.95,-4.95,0.10,0.05,0.02,425,413,409,460,341
-1.57,-5.57,-5.57,-0.14,-0.08,-0.01,461,437,439,498,349
-1.62,-4.75,-4.75,-0.04,-0.10,-0.06,472,448,457,515,357
-2.28,-4.21,-4.21,0.03,-0.07,-0.02,473,449,458,517,361
END
-2.62,-4.99,-4.99,-0.06,-0.08,-0.06,333,326,317,359,319
-1.63,-4.95,-4.95,-0.11,-0.04,-0.03,338,335,324,364,319
-1.95,-4.24,-4.24,0.03,0.01,0.02,338,334,324,364,319
-2.12,-4.96,-4.96,0.01,-0.02,-0.04,338,334,326,364,319
-2.15,-4.60,-4.60,0.05,0.03,-0.02,341,339,330,367,319
-1.79,-5.35,-5.35,0.00,-0.03,-0.03,353,360,345,385,319
-1.41,-4.32,-4.32,-0.05,-0.15,-0.20,375,390,372,417,319
-1.95,-4.78,-4.78,-0.01,-0.04,-0.00,397,412,398,451,319
-2.35,-4.83,-4.83,-0.13,-0.11,0.10,423,429,417,477,320
-2.20,-4.14,-4.14,-0.02,-0.08,0.03,445,439,432,495,320
-2.31,-4.44,-4.44,-0.01,-0.05,0.00,467,450,450,513,321
-2.72,-4.32,-4.32,-0.01,-0.04,-0.04,478,458,461,525,323
-2.02,-4.26,-4.26,-0.05,-0.14,-0.06,472,454,459,523,325
-2.96,-4.31,-4.31,0.04,0.01,-0.03,471,452,455,520,326
-2.45,-4.08,-4.08,0.09,0.05,-0.08,450,431,431,493,324
-3.09,-4.57,-4.57,0.21,0.20,-0.11,401,388,396,457,321
-1.91,-4.82,-4.82,0.16,0.05,-0.26,349,345,359,419,321
-1.85,-4.44,-4.44,0.05,0.04,0.05,336,329,326,369,320
-3.09,-4.95,-4.95,0.18,0.06,0.05,330,313,308,348,319
-2.45,-4.82,-4.82,0.05,0.05,-0.01,327,307,304,345,318
-1.34,-4.98,-4.98,0.11,0.11,0.01,328,308,303,345,319
-2.66,-5.20,-5.20,-0.13,-0.02,-0.06,348,348,342,367,319
-1.59,-5.13,-5.13,-0.06,-0.08,0.14,395,396,386,411,319
-2.56,-5.18,-5.18,-0.19,-0.13,0.11,431,422,412,452,319
-2.27,-4.53,-4.53,-0.09,-0.12,-0.04,448,433,429,484,320
-2.82,-3.95,-3.95,0.02,-0.04,-0.02,453,438,438,502,321
-2.71,-4.20,-4.20,0.00,-0.07,-0.10,458,441,449,521,322
-2.10,-4.69,-4.69,-0.01,-0.12,-0.15,458,441,449,530,324
-3.27,-3.98,-3.98,0.04,0.00,-0.06,451,437,445,528,325
-2.29,-4.22,-4.22,0.17,0.14,-0.09,405,406,410,490,324
-2.57,-4.45,-4.45,0.35,0.22,-0.15,345,339,341,394,321
-2.01,-4.82,-4.82,0.31,0.13,0.05,330,310,309,351,320
-1.83,-5.25,-5.25,0.11,0.08,0.05,327,304,302,345,320
-1.73,-5.66,-5.66,0.01,-0.01,-0.11,326,303,301,345,319
-2.71,-4.23,-4.23,0.01,-0.00,-0.06,339,332,323,366,319
END
-1.40,-5.95,-5.95,0.01,-0.17,-0.08,333,314,308,351,318
-1.77,-5.41,-5.41,0.02,-0.03,-0.08,336,323,315,355,318
-2.28,-3.98,-3.98,-0.04,-0.05,-0.07,349,343,336,367,318
-1.47,-5.41,-5.41,0.00,-0.07,-0.03,356,353,349,375,319
-2.34,-4.97,-4.97,-0.04,-0.06,-0.03,368,368,363,387,319
-1.77,-4.62,-4.62,-0.02,-0.10,-0.13,391,397,393,419,319
-2.06,-5.23,-5.23,-0.21,-0.20,-0.02,435,433,431,473,319
-1.94,-4.92,-4.92,-0.23,-0.20,0.09,468,452,455,512,320
-2.66,-3.46,-3.46,-0.04,-0.10,-0.01,481,461,467,529,321
-2.63,-3.90,-3.90,0.10,-0.09,-0.07,485,465,472,538,322
-3.88,-4.69,-4.69,-0.01,-0.04,-0.04,480,461,468,533,323
-2.29,-4.08,-4.08,0.16,0.12,-0.02,442,431,434,489,323
-3.58,-4.34,-4.34,0.47,0.39,-0.22,355,348,347,379,320
-1.92,-4.80,-4.80,0.12,0.04,-0.00,332,317,314,352,319
-1.69,-4.74,-4.74,0.07,0.08,0.05,331,316,312,350,319
-1.96,-6.11,-6.11,-0.02,-0.07,-0.03,338,324,319,355,319
-1.51,-4.55,-4.55,-0.02,-0.12,-0.29,378,350,345,373,320
-2.20,-4.94,-4.94,-0.08,-0.10,-0.04,407,378,374,396,321
-2.36,-5.34,-5.34,-0.09,-0.14,-0.10,437,405,401,434,322
-1.51,-5.00,-5.00,-0.04,-0.17,-0.17,456,422,418,467,323
-2.71,-4.34,-4.34,-0.10,-0.08,-0.05,472,448,445,502,325
-2.62,-4.41,-4.41,-0.00,-0.10,-0.16,480,460,461,522,329
-2.71,-4.38,-4.38,-0.02,-0.07,-0.15,468,450,452,513,330
-2.40,-4.42,-4.42,0.20,0.20,-0.09,397,392,395,436,327
-2.58,-4.61,-4.61,0.29,0.18,-0.07,336,323,324,360,324
-1.69,-6.12,-6.12,0.12,0.13,0.09,329,311,309,350,322
-1.60,-5.58,-5.58,0.09,0.02,-0.10,340,334,326,359,323
-0.94,-5.76,-5.76,-0.23,-0.25,0.04,394,395,387,416,324
-2.00,-5.32,-5.32,-0.14,-0.13,-0.02,440,423,416,464,327
-2.73,-4.26,-4.26,-0.15,-0.17,0.03,468,445,439,503,332
-2.68,-5.02,-5.02,-0.02,-0.04,-0.09,478,458,455,525,334
-2.52,-4.30,-4.30,0.03,0.01,-0.04,475,456,456,527,335
-2.47,-4.34,-4.34,0.10,0.15,0.10,449,438,441,508,335
-2.77,-4.76,-4.76,0.30,0.31,-0.18,365,362,371,427,331
-1.79,-4.75,-4.75,0.21,0.10,0.14,331,313,313,356,323
END
-1.96,-4.92,-4.92,0.10,0.17,0.28,331,313,308,353,319
-2.17,-5.01,-5.01,0.03,-0.02,-0.03,331,314,308,352,319
-1.91,-4.72,-4.72,0.02,-0.01,-0.05,332,315,309,353,319
-1.83,-4.80,-4.80,0.03,0.01,-0.00,333,315,309,353,319
-1.98,-4.85,-4.85,0.00,-0.02,-0.02,332,315,309,353,319
-2.37,-5.04,-5.04,0.04,0.02,-0.03,334,322,315,359,319
-2.90,-5.08,-5.08,-0.30,-0.09,-0.04,389,412,405,456,319
-1.51,-2.12,-2.12,0.25,0.11,-0.18,426,435,437,496,320
-3.55,-4.85,-4.85,-0.05,0.08,0.04,449,445,451,510,320
-1.34,-5.17,-5.17,-0.01,-0.07,-0.02,461,450,458,515,322
-2.59,-4.50,-4.50,0.11,0.01,-0.03,451,441,447,509,323
-2.34,-4.44,-4.44,0.04,-0.03,-0.10,419,416,422,494,322
-2.07,-4.98,-4.98,0.16,0.11,-0.14,363,361,365,430,321
-1.30,-5.10,-5.10,0.14,0.02,0.06,339,329,326,370,320
-1.95,-4.93,-4.93,-0.03,-0.06,0.06,337,324,320,360,319
-2.46,-5.15,-5.15,0.09,-0.01,-0.04,331,312,309,350,319
-2.15,-5.64,-5.64,-0.04,-0.01,-0.00,337,319,313,354,320
-1.77,-4.81,-4.81,-0.05,-0.07,-0.08,382,376,359,384,323
-2.43,-4.16,-4.16,0.00,-0.05,-0.01,439,420,415,467,329
-1.36,-5.58,-5.58,-0.07,-0.18,-0.16,471,448,448,511,337
-2.56,-4.30,-4.30,-0.15,-0.13,-0.09,479,457,461,526,343
-2.33,-3.57,-3.57,0.05,-0.01,-0.00,473,453,458,524,346
-2.66,-4.48,-4.48,0.17,0.08,-0.04,454,436,441,504,343
-1.92,-4.81,-4.81,0.38,0.30,-0.05,380,364,364,410,328
-1.64,-4.95,-4.95,0.25,0.15,0.02,337,319,316,357,323
-1.29,-5.83,-5.83,-0.00,-0.02,0.05,332,311,308,349,322
-2.20,-4.85,-4.85,0.02,-0.01,-0.07,329,309,306,348,321
-2.21,-5.01,-5.01,-0.08,0.00,0.04,356,352,324,360,320
-2.82,-5.73,-5.73,-0.15,-0.04,0.04,413,413,389,422,320
-0.92,-5.18,-5.18,-0.13,-0.09,-0.20,456,441,435,489,320
-0.88,-4.04,-4.04,0.08,-0.02,-0.13,470,452,459,518,322
-2.09,-4.71,-4.71,-0.02,-0.12,0.07,466,450,458,520,324
-2.40,-4.11,-4.11,0.17,0.04,-0.09,446,430,435,502,323
-2.33,-5.28,-5.28,0.32,0.21,-0.11,373,356,356,414,322
-1.84,-4.84,-4.84,0.20,0.08,0.02,334,313,311,355,320
END
-1.11,-5.03,-5.03,-0.05,-0.05,-0.00,342,331,324,368,319
-2.37,-4.06,-4.06,0.01,0.02,0.00,347,338,332,380,319
-2.63,-4.43,-4.43,0.01,0.01,0.09,350,345,338,383,319
-2.79,-4.14,-4.14,-0.09,-0.05,0.03,351,349,342,383,318
-2.95,-3.59,-3.59,-0.06,-0.07,0.02,355,355,347,386,319
-2.87,-4.68,-4.68,-0.18,-0.06,0.19,392,403,397,441,319
-2.17,-3.34,-3.34,-1.05,-0.84,0.27,475,459,463,532,321
-3.11,-1.06,-1.06,0.13,-0.34,-0.67,494,469,478,554,326
-6.03,-1.54,-1.54,0.01,0.04,0.00,492,468,475,552,327
-5.75,-2.81,-2.81,0.35,0.38,0.05,481,463,468,544,326
-1.76,-3.75,-3.75,0.24,0.41,0.11,454,434,438,510,324
-2.96,-2.86,-2.86,0.44,0.40,0.02,403,383,385,451,321
-2.73,-3.34,-3.34,0.32,0.21,0.10,359,351,354,400,319
-2.43,-4.55,-4.55,0.16,0.01,-0.13,346,341,341,390,319
-2.71,-4.72,-4.72,0.06,-0.01,-0.01,344,336,336,386,319
-3.24,-2.94,-2.94,-0.18,-0.12,-0.05,384,384,381,458,319
-3.17,-3.14,-3.14,-0.17,-0.08,0.21,443,433,435,521,320
-3.17,-4.24,-4.24,-0.27,-0.28,0.10,469,453,458,537,327
-2.96,-2.53,-2.53,0.02,-0.05,0.00,469,454,460,534,329
-3.81,-3.10,-3.10,0.05,0.15,0.15,462,447,453,530,329
-2.91,-2.81,-2.81,0.13,0.13,0.03,438,412,414,503,325
-3.69,-3.44,-3.44,0.29,0.26,-0.07,390,356,355,435,321
-2.10,-3.94,-3.94,0.26,0.06,-0.09,359,334,333,384,319
-2.35,-4.36,-4.36,0.07,0.03,0.13,350,330,329,367,319
-3.05,-4.32,-4.32,0.09,-0.01,-0.04,351,332,329,364,319
-2.61,-3.65,-3.65,-0.20,-0.10,0.07,410,399,390,447,319
-1.92,-4.61,-4.61,-0.23,-0.15,0.02,457,441,443,510,321
-3.15,-2.60,-2.60,-0.10,-0.17,-0.17,469,453,462,526,326
-4.81,-2.55,-2.55,0.06,0.03,0.03,462,449,459,523,327
-4.13,-2.51,-2.51,0.19,0.26,0.08,458,440,444,506,326
-3.16,-4.08,-4.08,0.34,0.21,-0.20,433,396,388,451,323
-1.39,-4.74,-4.74,0.38,0.14,-0.45,382,346,341,389,320
-1.01,-5.20,-5.20,0.17,0.05,0.01,353,328,323,363,319
-3.35,-4.70,-4.70,0.05,-0.01,-0.07,338,317,312,351,318
-2.16,-4.59,-4.59,0.05,-0.01,-0.04,335,314,309,349,318
END
-2.54,-4.08,-4.08,0.02,0.04,0.05,337,316,310,354,317
-2.56,-4.24,-4.24,0.05,-0.02,-0.03,337,316,310,354,318
-2.56,-4.18,-4.18,0.04,-0.01,-0.04,337,317,310,354,317
-2.52,-4.26,-4.26,0.03,-0.01,-0.04,337,317,310,353,318
-2.62,-4.37,-4.37,0.02,-0.01,-0.03,337,317,310,355,317
-2.85,-3.91,-3.91,-0.21,-0.07,-0.14,348,355,353,427,318
-1.43,-3.65,-3.65,-0.12,-0.08,0.00,401,411,410,492,319
-2.20,-3.94,-3.94,-0.18,-0.11,0.07,447,440,448,525,321
-2.94,-3.61,-3.61,0.12,-0.14,-0.16,464,451,461,530,326
-3.99,-3.69,-3.69,0.07,0.15,0.10,452,443,451,523,327
-2.81,-3.52,-3.52,0.19,0.14,-0.09,441,433,437,512,326
-2.11,-4.92,-4.92,0.15,0.11,-0.14,390,387,387,465,322
-2.27,-3.75,-3.75,0.06,0.03,-0.03,356,353,353,408,320
-1.39,-4.29,-4.29,0.01,-0.10,0.13,342,334,331,371,319
-3.58,-3.69,-3.69,0.07,-0.01,0.06,336,324,319,355,318
-2.53,-4.34,-4.34,0.12,-0.01,-0.06,335,321,315,351,318
-3.27,-4.62,-4.62,-0.02,0.05,-0.04,356,357,355,398,318
-0.24,-3.14,-3.14,-0.59,-0.54,-0.22,432,429,437,509,328
-2.94,-2.38,-2.38,0.13,-0.24,-0.52,468,446,455,525,342
-4.00,-3.86,-3.86,0.12,0.03,-0.10,466,446,456,524,345
-3.22,-4.01,-4.01,0.05,0.11,0.07,459,440,449,519,345
-2.36,-3.63,-3.63,0.24,0.12,-0.08,432,409,413,486,334
-2.53,-3.97,-3.97,0.25,0.19,-0.08,380,352,350,412,322
-3.09,-4.19,-4.19,0.20,0.12,0.05,346,325,321,363,321
-1.58,-4.86,-4.86,0.14,0.04,0.06,334,313,310,350,320
-2.64,-4.23,-4.23,0.05,0.01,0.00,331,310,306,347,320
-2.65,-4.41,-4.41,0.06,0.03,-0.00,333,315,307,355,320
-2.46,-3.93,-3.93,-0.11,-0.13,-0.35,353,351,330,399,321
-1.79,-4.08,-4.08,-0.20,-0.12,-0.11,384,386,368,446,328
-2.33,-4.25,-4.25,-0.07,-0.07,0.01,425,417,410,484,335
-3.62,-4.29,-4.29,-0.13,-0.13,0.06,453,437,437,507,342
-2.74,-4.05,-4.05,-0.05,-0.06,-0.06,451,437,440,510,347
-2.86,-3.47,-3.47,0.04,-0.01,-0.06,454,435,438,509,350
-2.07,-3.74,-3.74,0.01,-0.04,-0.12,428,408,406,485,344
-3.26,-3.62,-3.62,0.19,0.11,-0.14,370,347,342,412,326
END
-2.15,-4.47,-4.47,0.23,0.07,-0.01,335,315,305,348,319
-2.45,-4.30,-4.30,0.03,-0.00,-0.02,334,314,306,348,319
-2.56,-4.34,-4.34,0.03,-0.01,-0.05,335,314,305,349,319
-2.68,-4.35,-4.35,0.03,0.01,-0.01,335,314,305,349,319
-2.41,-4.19,-4.19,0.02,-0.00,-0.03,335,314,305,348,319
-2.58,-4.28,-4.28,0.02,-0.00,-0.01,336,316,307,352,319
-4.53,-4.54,-4.54,-0.28,-0.03,0.06,372,378,383,447,319
-1.58,-4.95,-4.95,-0.02,-0.11,0.13,423,425,427,492,320
-2.34,-3.75,-3.75,-0.29,-0.23,0.11,475,453,460,521,323
-2.98,-2.88,-2.88,-0.01,-0.25,-0.43,487,461,471,533,331
-4.12,-3.24,-3.24,-0.10,-0.01,0.03,480,456,465,528,332
-2.80,-3.22,-3.22,0.16,0.17,0.08,450,430,430,492,329
-3.02,-4.25,-4.25,0.26,0.31,0.02,393,373,363,411,323
-1.85,-4.21,-4.21,0.19,0.13,-0.03,348,330,325,363,320
-2.23,-3.85,-3.85,0.03,-0.02,0.08,337,319,313,350,319
-3.34,-3.63,-3.63,0.11,0.03,0.03,343,319,311,347,319
-3.63,-3.54,-3.54,-0.02,0.02,0.06,364,350,344,365,319
-1.61,-4.34,-4.34,-0.39,-0.30,0.13,413,410,406,452,320
-2.73,-4.24,-4.24,-0.21,-0.21,-0.11,453,440,441,503,324
-3.06,-2.51,-2.51,-0.09,-0.16,-0.18,471,454,461,525,333
-3.12,-2.86,-2.86,0.01,-0.03,0.03,467,451,459,523,337
-3.75,-3.04,-3.04,0.07,-0.02,-0.03,462,442,444,511,334
-3.35,-3.65,-3.65,0.21,0.18,-0.05,419,389,382,438,327
-3.13,-3.01,-3.01,0.18,0.14,-0.17,362,336,327,363,321
-2.06,-3.72,-3.72,0.23,0.07,0.01,338,318,310,347,321
-2.62,-3.92,-3.92,0.03,-0.05,0.02,335,314,308,347,320
-3.33,-3.85,-3.85,0.04,0.01,0.01,342,330,312,350,321
-2.30,-2.94,-2.94,-0.16,-0.15,0.01,385,389,366,404,320
-2.24,-4.78,-4.78,-0.05,-0.12,-0.02,430,426,411,471,322
-3.33,-3.60,-3.60,-0.27,-0.22,-0.01,461,448,449,515,330
-2.96,-2.56,-2.56,0.04,-0.08,-0.14,468,453,463,531,338
-3.79,-2.79,-2.79,0.09,0.07,0.06,466,452,459,526,339
-3.92,-3.20,-3.20,0.15,0.03,-0.08,462,446,451,519,338
-3.31,-3.70,-3.70,0.19,0.23,-0.10,416,405,405,463,330
-3.09,-3.60,-3.60,0.19,0.18,-0.16,366,351,351,388,323
END
-2.25,-4.01,-4.01,0.21,0.07,-0.17,333,312,306,350,319
-2.40,-4.08,-4.08,0.02,-0.00,-0.02,333,312,306,350,319
-2.53,-4.06,-4.06,0.03,-0.01,-0.05,333,312,306,350,319
-2.78,-4.08,-4.08,0.02,-0.01,-0.01,334,312,306,350,319
-2.68,-4.19,-4.19,0.04,-0.00,-0.04,334,312,306,350,319
-2.66,-4.14,-4.14,0.04,0.00,-0.01,334,313,306,350,319
-3.78,-2.21,-2.21,-0.18,-0.06,-0.11,365,377,373,411,319
-1.35,-4.67,-4.67,0.16,0.05,-0.04,412,422,423,479,320
-1.86,-4.96,-4.96,-0.35,-0.20,0.19,458,448,457,516,323
-2.74,-3.42,-3.42,-0.06,-0.20,-0.18,474,456,469,529,329
-3.33,-3.39,-3.39,-0.00,-0.00,0.05,466,449,462,526,331
-2.78,-3.34,-3.34,0.11,0.10,0.04,433,420,426,501,329
-3.06,-3.76,-3.76,0.14,0.18,0.09,379,360,359,431,324
-2.79,-4.07,-4.07,0.13,0.03,-0.01,348,330,325,373,321
-2.53,-3.68,-3.68,0.08,-0.04,-0.07,340,324,318,357,320
-3.01,-4.45,-4.45,0.02,-0.02,0.03,341,327,320,359,320
-3.45,-3.47,-3.47,-0.10,-0.03,-0.07,390,392,380,433,320
-2.33,-4.05,-4.05,-0.08,-0.08,-0.03,447,438,440,506,324
-3.24,-3.50,-3.50,-0.06,-0.15,-0.15,471,454,464,529,335
-2.77,-3.47,-3.47,0.01,-0.09,-0.04,469,453,465,532,341
-3.64,-3.56,-3.56,0.06,0.05,0.02,466,449,461,529,341
-2.10,-3.50,-3.50,0.09,0.09,-0.07,444,425,432,504,335
-2.96,-3.85,-3.85,0.22,0.23,-0.17,390,369,371,441,324
-2.25,-3.61,-3.61,0.16,0.11,0.01,353,335,335,384,321
-2.26,-3.93,-3.93,0.11,-0.00,0.00,338,319,316,358,320
-2.94,-3.91,-3.91,0.09,0.03,0.02,337,318,315,353,320
-2.48,-4.64,-4.64,0.04,0.03,0.01,350,338,329,372,320
-2.35,-4.18,-4.18,-0.11,-0.11,-0.13,399,403,409,484,321
-2.07,-4.15,-4.15,-0.14,-0.23,-0.03,451,441,452,526,330
-3.55,-3.49,-3.49,-0.07,-0.12,0.02,470,453,467,537,341
-3.21,-2.94,-2.94,0.09,-0.03,-0.04,470,451,466,536,348
-3.25,-3.27,-3.27,0.08,0.06,0.02,466,449,463,533,348
-2.25,-3.19,-3.19,0.06,0.03,-0.08,438,424,436,509,341
-3.57,-3.45,-3.45,0.27,0.21,-0.22,379,367,371,443,325
-2.40,-4.01,-4.01,0.20,0.06,-0.08,342,328,328,378,321
END
-1.72,-4.20,-4.20,0.08,-0.03,-0.02,344,334,318,360,319
-2.56,-4.12,-4.12,0.03,-0.01,-0.03,344,333,318,360,319
-2.79,-4.11,-4.11,0.04,0.01,-0.03,344,332,318,360,319
-2.64,-4.06,-4.06,0.03,0.01,-0.02,343,331,317,360,319
-2.78,-3.98,-3.98,0.03,0.00,-0.03,343,332,317,360,319
-3.91,-4.14,-4.14,-0.17,-0.02,-0.01,384,392,388,464,319
-0.79,-5.24,-5.24,-0.13,-0.28,0.17,447,442,445,520,333
-2.97,-3.64,-3.64,-0.05,-0.01,0.03,477,458,467,533,342
-2.68,-3.42,-3.42,-0.01,-0.14,-0.11,474,420,468,533,346
-3.40,-3.55,-3.55,0.17,0.18,0.09,462,448,455,523,345
-3.25,-3.70,-3.70,0.28,0.19,-0.07,425,407,404,477,337
-2.43,-4.21,-4.21,0.11,0.17,0.01,378,357,350,402,326
-1.99,-4.37,-4.37,0.03,0.01,0.07,354,336,331,367,323
-2.67,-4.21,-4.21,0.02,-0.03,0.01,343,326,320,355,322
-3.14,-4.21,-4.21,-0.03,-0.03,-0.01,340,327,320,354,322
-3.14,-3.72,-3.72,-0.01,0.01,-0.05,366,378,378,417,322
-1.94,-4.85,-4.85,0.10,-0.02,-0.05,410,423,430,495,323
-2.15,-4.72,-4.72,-0.16,-0.12,0.08,451,449,459,528,329
-2.22,-3.59,-3.59,0.05,-0.03,-0.16,461,455,468,534,335
-1.97,-3.42,-3.42,0.05,-0.07,-0.04,462,453,465,530,337
-2.46,-4.13,-4.13,-0.06,-0.01,0.09,440,432,441,509,334
-3.41,-3.79,-3.79,0.17,0.14,-0.06,384,380,381,438,327
-2.81,-3.59,-3.59,0.07,0.06,-0.04,348,338,339,380,323
-2.56,-4.41,-4.41,0.06,-0.03,-0.09,337,322,319,358,321
-2.83,-4.02,-4.02,0.09,-0.01,-0.08,334,318,313,351,320
-1.84,-4.48,-4.48,0.02,-0.03,0.01,333,315,310,350,319
-3.92,-3.54,-3.54,0.00,0.02,-0.06,345,342,329,366,319
-2.06,-3.95,-3.95,0.01,-0.02,-0.06,381,392,386,436,319
-2.56,-3.86,-3.86,-0.11,-0.01,0.08,427,427,431,499,320
-3.09,-3.91,-3.91,0.01,-0.03,0.02,452,443,452,522,321
-2.07,-3.99,-3.99,-0.06,-0.13,0.03,452,442,453,523,322
-3.17,-3.50,-3.50,0.06,0.01,-0.01,447,437,446,517,323
-2.65,-3.65,-3.65,0.10,0.06,-0.10,428,411,407,484,323
-2.94,-3.60,-3.60,0.20,0.07,-0.17,388,362,352,409,321
-2.68,-3.93,-3.93,0.14,-0.01,-0.14,354,329,322,365,320
END
-2.53,-4.28,-4.28,0.08,0.02,-0.05,343,325,317,360,319
-2.66,-4.24,-4.24,0.07,0.02,0.02,343,325,316,360,319
-2.72,-4.06,-4.06,0.06,0.00,0.00,343,325,317,360,319
-2.71,-4.41,-4.41,0.04,0.01,-0.01,343,325,317,360,319
-2.60,-4.06,-4.06,0.05,-0.00,-0.08,341,327,317,360,319
-3.08,-4.96,-4.96,0.02,-0.01,-0.10,357,361,349,399,319
-0.52,-4.68,-4.68,-0.26,-0.22,-0.08,421,425,418,485,321
-2.38,-3.79,-3.79,-0.11,-0.13,-0.10,471,455,457,519,329
-3.16,-3.25,-3.25,0.05,-0.14,-0.29,481,462,469,530,337
-4.04,-3.70,-3.70,-0.01,0.04,0.03,478,460,467,528,342
-2.65,-3.97,-3.97,0.09,-0.01,-0.09,472,456,460,522,341
-1.34,-4.24,-4.24,-0.06,-0.05,0.04,436,423,423,490,334
-3.60,-3.64,-3.64,-0.03,0.07,-0.07,391,376,374,459,330
-2.51,-4.03,-4.03,-0.00,-0.05,-0.08,360,348,346,414,330
-2.35,-3.68,-3.68,-0.07,-0.08,-0.07,348,339,333,375,329
-3.22,-4.11,-4.11,0.04,-0.00,-0.10,339,331,325,368,327
-3.53,-3.74,-3.74,-0.01,-0.00,-0.19,354,359,348,424,326
-1.33,-3.90,-3.90,-0.50,-0.34,-0.37,423,426,422,517,332
-2.17,-3.29,-3.29,-0.09,-0.35,-0.32,470,456,457,535,349
-4.10,-3.28,-3.28,0.09,-0.08,-0.19,479,462,467,535,359
-3.56,-3.84,-3.84,0.17,0.14,0.08,471,457,462,533,360
-2.98,-3.24,-3.24,0.19,0.18,0.05,462,449,453,525,353
-2.12,-3.80,-3.80,0.20,0.19,0.09,419,411,411,487,333
-3.26,-3.88,-3.88,0.15,0.23,0.01,376,366,364,430,325
-2.32,-3.74,-3.74,0.06,-0.00,-0.01,352,341,341,389,324
-2.68,-3.77,-3.77,0.10,0.02,-0.02,341,330,329,373,325
-2.79,-3.90,-3.90,0.06,0.02,-0.00,337,326,324,366,325
-2.63,-4.37,-4.37,0.05,0.01,-0.05,340,333,328,371,325
-3.39,-4.06,-4.06,-0.14,-0.09,-0.21,371,384,384,465,325
-0.88,-4.25,-4.25,-0.14,-0.35,-0.15,427,426,431,510,327
-3.45,-3.42,-3.42,-0.09,-0.09,0.02,453,445,451,521,334
-3.22,-3.29,-3.29,0.19,0.08,-0.03,459,449,458,524,339
-2.50,-4.01,-4.01,0.07,0.07,-0.04,460,449,460,525,345
-2.39,-4.16,-4.16,0.12,0.03,-0.07,452,443,453,519,343
-3.36,-3.88,-3.88,0.11,0.15,-0.07,419,408,410,486,329
END
-2.51,-3.70,-3.70,0.13,0.19,-0.07,337,321,319,359,320
-2.51,-4.09,-4.09,0.02,0.00,-0.02,337,321,319,359,320
-2.53,-3.91,-3.91,0.03,-0.01,-0.05,337,322,319,359,319
-2.61,-4.10,-4.10,0.00,-0.01,-0.03,338,330,325,363,320
-2.52,-3.76,-3.76,0.01,-0.02,-0.04,340,334,328,363,320
-2.96,-4.08,-4.08,0.05,0.01,-0.02,343,337,331,370,320
-3.17,-3.32,-3.32,-0.19,-0.11,-0.06,407,409,405,466,320
-2.77,-3.88,-3.88,0.27,0.04,-0.23,478,458,467,535,326
-1.78,-4.13,-4.13,-0.02,-0.18,-0.30,498,472,481,552,339
-2.18,-3.93,-3.93,0.09,-0.15,-0.33,504,475,482,551,351
-3.66,-3.59,-3.59,0.01,-0.04,-0.00,498,472,478,548,352
-1.97,-4.19,-4.19,0.04,-0.05,-0.02,474,455,462,536,346
-2.74,-3.85,-3.85,0.15,0.24,0.25,412,397,405,492,330
-3.00,-3.69,-3.69,-0.08,0.00,0.12,380,355,358,434,323
-2.38,-3.78,-3.78,0.07,-0.05,-0.15,354,334,336,390,322
-2.58,-4.22,-4.22,0.05,0.00,0.04,344,329,327,366,321
-2.63,-4.13,-4.13,0.02,0.00,0.00,339,324,319,356,320
-2.59,-4.39,-4.39,0.21,0.14,0.06,343,330,320,355,321
-2.12,-5.39,-5.39,-0.05,0.01,0.05,399,392,380,417,321
-1.98,-4.37,-4.37,-0.16,-0.11,0.14,451,438,436,501,322
-3.08,-3.15,-3.15,-0.06,-0.04,-0.10,468,454,461,526,325
-3.07,-3.65,-3.65,0.13,-0.03,-0.07,471,457,466,533,331
-3.04,-3.91,-3.91,0.06,0.08,-0.00,466,454,462,527,332
-2.25,-3.66,-3.66,0.05,-0.03,-0.11,457,444,449,516,331
-2.46,-3.91,-3.91,0.23,0.19,-0.05,411,398,396,475,326
-2.76,-4.06,-4.06,0.12,0.11,-0.00,365,352,349,417,323
-1.90,-4.13,-4.13,0.08,0.02,0.02,341,327,325,374,321
-2.22,-4.44,-4.44,0.06,0.00,0.05,335,319,315,358,321
-2.52,-3.78,-3.78,0.03,-0.01,-0.04,334,319,314,356,321
-3.93,-3.31,-3.31,-0.04,0.00,0.14,356,359,344,400,321
-1.49,-5.11,-5.11,-0.08,-0.16,-0.03,399,405,398,470,322
-2.50,-4.26,-4.26,-0.13,-0.09,-0.00,439,433,434,506,325
-2.51,-3.86,-3.86,-0.02,-0.10,0.02,459,448,454,522,333
-3.61,-3.78,-3.78,0.08,-0.02,-0.10,469,455,465,527,341
-2.74,-3.88,-3.88,0.03,-0.02,-0.02,467,452,463,526,347
END
-3.50,-3.64,-3.64,0.11,0.01,-0.12,334,316,312,354,320
-2.30,-4.06,-4.06,0.01,-0.01,-0.07,334,316,312,354,320
-2.25,-4.27,-4.27,0.02,-0.03,-0.08,334,316,312,355,320
-2.58,-4.47,-4.47,0.03,0.00,-0.02,334,316,312,355,320
-2.34,-4.36,-4.36,0.07,0.01,-0.01,335,316,312,355,320
-2.67,-4.78,-4.78,0.02,0.03,0.02,342,337,327,374,320
-1.73,-3.70,-3.70,-0.09,-0.03,-0.09,389,404,397,448,320
-1.55,-4.09,-4.09,-0.26,-0.22,0.15,452,448,450,509,326
-3.15,-3.52,-3.52,-0.04,-0.09,-0.10,477,462,471,528,335
-3.25,-2.89,-2.89,0.15,0.02,-0.08,476,461,471,529,340
-2.81,-3.91,-3.91,0.03,0.16,0.14,463,452,459,519,339
-2.25,-3.56,-3.56,0.18,0.17,-0.04,425,413,414,483,333
-2.52,-4.04,-4.04,0.05,0.05,0.00,383,364,358,427,327
-2.38,-3.91,-3.91,-0.05,-0.03,-0.01,355,339,334,381,324
-1.98,-3.91,-3.91,0.02,-0.05,0.02,350,337,329,362,323
-3.43,-3.77,-3.77,0.10,0.02,0.05,349,337,326,358,323
-2.71,-4.01,-4.01,0.19,0.07,-0.09,368,364,346,385,328
-2.21,-4.07,-4.07,-0.09,0.01,0.09,402,400,390,453,342
-3.27,-3.52,-3.52,-0.12,-0.05,-0.03,439,429,433,508,360
-2.59,-3.48,-3.48,0.05,-0.12,-0.26,455,446,453,522,374
-3.61,-3.75,-3.75,0.01,0.02,0.06,451,443,452,523,376
-2.46,-3.80,-3.80,0.21,0.04,-0.14,450,439,446,516,369
-2.18,-3.82,-3.82,0.04,0.15,-0.02,416,403,406,474,347
-2.76,-3.82,-3.82,0.25,0.15,-0.19,371,353,349,393,339
-1.13,-4.37,-4.37,0.10,-0.01,-0.04,348,331,326,361,333
-2.42,-4.14,-4.14,0.06,0.01,-0.01,343,327,323,357,332
-2.25,-4.64,-4.64,0.03,-0.08,-0.11,339,324,320,356,330
-2.19,-4.15,-4.15,-0.09,-0.11,-0.14,347,340,333,375,330
-2.44,-3.64,-3.64,-0.05,-0.01,-0.11,374,384,381,442,330
-1.49,-4.36,-4.36,-0.11,-0.20,-0.05,409,416,418,487,332
-3.85,-4.12,-4.12,-0.17,-0.11,0.04,440,439,446,513,337
-2.28,-4.01,-4.01,0.08,-0.09,-0.07,456,449,462,526,349
-3.04,-3.83,-3.83,0.03,0.01,0.01,455,447,459,522,351
-2.55,-4.03,-4.03,0.11,0.04,-0.10,441,432,442,508,347
-2.73,-4.25,-4.25,0.28,0.23,-0.18,393,379,379,444,333
END
-1.74,-4.44,-4.44,0.14,0.06,-0.14,336,319,314,357,320
-2.32,-4.42,-4.42,0.02,-0.01,-0.02,336,321,315,359,320
-4.19,-1.86,-1.86,-0.24,-0.10,-0.04,372,388,377,422,321
-1.95,-4.47,-4.47,0.11,0.08,0.03,410,422,420,485,325
-1.44,-5.38,-5.38,-0.18,-0.26,0.12,449,447,451,514,335
-2.42,-4.19,-4.19,-0.08,-0.13,-0.10,467,458,468,530,346
-2.48,-3.66,-3.66,-0.04,-0.08,-0.05,469,458,471,533,355
-2.73,-3.87,-3.87,0.09,0.17,0.07,450,441,453,518,346
-2.78,-4.07,-4.07,0.43,0.29,-0.19,401,393,390,467,331
-1.83,-4.36,-4.36,0.18,0.14,0.07,361,344,338,401,329
-1.55,-5.13,-5.13,-0.05,-0.04,0.14,344,329,323,366,328
-2.24,-4.34,-4.34,-0.01,-0.09,-0.01,337,322,316,353,325
-2.64,-4.54,-4.54,-0.11,-0.12,-0.02,335,319,313,351,324
-3.21,-3.56,-3.56,0.04,-0.04,-0.15,336,330,319,356,324
-2.15,-4.49,-4.49,0.02,0.01,0.05,342,351,343,382,325
-2.11,-4.67,-4.67,-0.22,-0.12,0.12,386,397,388,450,329
-2.15,-3.94,-3.94,-0.21,-0.13,0.05,429,425,425,514,333
-2.46,-3.32,-3.32,-0.09,-0.18,-0.17,459,449,455,535,340
-3.23,-3.00,-3.00,-0.03,-0.13,-0.05,465,453,463,539,349
-3.85,-3.73,-3.73,0.10,0.08,-0.04,462,449,458,533,350
-2.22,-3.60,-3.60,0.12,0.13,-0.08,436,426,436,516,345
-2.03,-4.18,-4.18,0.33,0.29,-0.18,375,365,374,459,332
-2.12,-4.17,-4.17,0.11,0.08,0.03,343,329,334,394,326
-1.79,-4.15,-4.15,0.05,-0.08,0.03,335,318,316,360,326
-3.01,-4.41,-4.41,0.10,0.02,-0.01,332,314,311,352,326
-2.22,-4.48,-4.48,0.03,-0.03,-0.05,331,312,308,350,327
-2.71,-3.83,-3.83,0.02,0.03,-0.05,332,315,310,351,328
-2.00,-4.58,-4.58,-0.09,-0.09,-0.12,336,344,339,382,328
-2.19,-5.51,-5.51,-0.31,-0.14,-0.16,357,377,371,421,329
-1.62,-3.25,-3.25,-0.10,-0.21,-0.15,395,408,403,465,332
-3.47,-3.14,-3.14,-0.17,-0.11,0.05,433,432,430,489,336
-3.18,-3.31,-3.31,-0.02,-0.02,-0.00,455,443,446,501,341
-2.41,-3.18,-3.18,0.06,-0.01,-0.08,461,446,449,502,346
-2.98,-3.62,-3.62,0.12,-0.01,-0.10,463,445,448,500,347
-2.38,-4.36,-4.36,0.03,-0.00,0.00,442,428,430,490,344
END
-3.23,-3.87,-3.87,0.33,0.24,-0.14,332,312,305,348,321
-2.25,-4.21,-4.21,-0.03,-0.07,-0.11,332,314,307,348,321
-1.98,-4.44,-4.44,-0.02,-0.06,-0.08,333,316,308,348,321
-2.32,-4.20,-4.20,-0.02,-0.05,-0.09,333,319,310,350,321
-2.21,-4.24,-4.24,0.00,-0.02,-0.05,333,321,312,351,321
-2.53,-4.63,-4.63,-0.15,-0.06,-0.01,357,363,352,391,321
-1.98,-3.55,-3.55,-0.07,-0.12,-0.09,441,437,437,505,326
-1.85,-3.77,-3.77,0.07,-0.04,-0.04,479,457,465,530,336
-2.58,-4.17,-4.17,0.04,-0.14,0.00,483,462,473,540,345
-3.25,-3.74,-3.74,0.15,0.03,-0.00,479,461,469,537,346
-3.19,-3.78,-3.78,0.09,-0.01,-0.05,471,455,460,531,342
-2.53,-3.83,-3.83,0.09,0.21,0.19,424,418,422,493,330
-2.86,-4.35,-4.35,0.17,0.19,0.09,377,368,370,428,324
-2.25,-4.29,-4.29,0.08,0.02,-0.01,350,339,340,380,322
-2.71,-4.24,-4.24,0.11,-0.00,0.01,336,323,322,363,322
-2.52,-4.44,-4.44,0.03,-0.03,-0.08,333,318,317,357,322
-2.41,-4.66,-4.66,0.04,0.06,0.04,340,332,324,364,322
-1.89,-4.83,-4.83,-0.21,-0.14,-0.03,393,409,401,446,324
-0.73,-3.50,-3.50,-0.60,-0.57,-0.17,467,455,459,522,335
-3.42,-2.75,-2.75,0.17,-0.08,-0.49,484,467,475,537,339
-3.66,-3.15,-3.15,0.05,0.07,0.15,483,467,476,539,344
-3.11,-3.62,-3.62,0.16,0.18,0.11,477,464,471,532,344
-2.16,-4.29,-4.29,0.37,0.29,-0.13,452,441,447,503,337
-0.88,-3.88,-3.88,0.24,0.20,-0.02,396,387,384,443,328
-2.33,-4.21,-4.21,0.19,0.15,0.06,355,338,337,379,324
-2.25,-4.63,-4.63,-0.06,-0.18,-0.05,340,321,319,357,323
-2.95,-4.35,-4.35,0.09,-0.00,-0.08,335,315,313,351,323
-2.56,-4.87,-4.87,-0.05,-0.02,-0.03,334,316,311,352,322
-3.12,-3.12,-3.12,-0.15,-0.17,-0.28,345,353,349,381,323
-0.86,-4.13,-4.13,-0.14,-0.22,0.07,409,426,424,473,324
-3.75,-4.03,-4.03,-0.23,-0.14,0.17,459,453,455,509,327
-2.78,-3.50,-3.50,0.13,-0.09,-0.26,470,460,469,526,332
-3.29,-3.85,-3.85,0.08,0.01,-0.12,476,463,472,532,338
-3.30,-4.10,-4.10,0.15,0.14,0.05,460,451,459,518,336
-3.63,-3.54,-3.54,0.45,0.45,-0.07,411,398,396,458,327
END
-1.52,-3.64,-3.64,0.10,0.04,-0.32,333,313,306,347,319
-2.22,-4.27,-4.27,0.03,-0.01,-0.02,333,313,306,347,319
-2.56,-4.35,-4.35,0.04,-0.02,-0.03,334,313,306,347,319
-2.60,-4.59,-4.59,0.03,0.00,-0.05,333,314,306,346,319
-2.36,-4.51,-4.51,0.03,0.02,-0.03,334,315,307,347,319
-5.26,-2.09,-2.09,-0.30,-0.06,-0.03,378,392,386,435,320
-0.59,-5.96,-5.96,-0.01,-0.04,0.16,435,439,441,505,323
-2.64,-4.41,-4.41,-0.22,-0.05,0.07,473,458,467,532,328
-2.46,-3.14,-3.14,0.06,-0.20,-0.24,477,461,471,533,332
-3.52,-3.60,-3.60,0.07,0.03,0.05,469,457,465,527,332
-2.43,-3.86,-3.86,0.10,0.09,0.11,436,432,439,506,331
-2.68,-4.01,-4.01,0.22,0.19,-0.06,378,379,382,449,326
-2.27,-4.51,-4.51,0.06,-0.04,0.05,345,336,336,386,322
-2.75,-4.44,-4.44,-0.03,-0.07,0.07,335,321,317,359,321
-2.98,-5.23,-5.23,0.07,0.02,0.08,332,317,312,351,320
-2.72,-4.33,-4.33,0.05,-0.03,-0.06,338,328,318,361,320
-2.32,-3.01,-3.01,-0.06,-0.08,-0.13,380,387,370,420,320
-2.26,-4.27,-4.27,-0.10,-0.22,0.01,434,432,428,497,321
-3.93,-4.01,-4.01,-0.00,-0.08,-0.04,466,451,455,528,322
-3.29,-3.85,-3.85,-0.04,-0.08,0.02,470,454,460,533,325
-3.09,-3.11,-3.11,0.05,0.04,0.03,466,450,455,528,326
-2.77,-4.01,-4.01,0.19,0.21,-0.01,445,430,427,496,325
-3.19,-4.29,-4.29,0.32,0.26,-0.06,389,375,366,418,323
-2.02,-4.53,-4.53,0.14,0.06,-0.13,347,333,327,370,321
-2.00,-4.62,-4.62,0.05,-0.05,-0.03,334,318,313,354,320
-3.01,-4.54,-4.54,-0.02,-0.04,0.03,331,310,307,349,319
-3.04,-4.25,-4.25,0.08,-0.00,-0.07,330,310,306,353,319
-3.03,-3.60,-3.60,0.03,-0.02,-0.13,359,357,339,435,320
-1.97,-5.57,-5.57,0.03,-0.06,0.01,425,422,415,505,323
END
-2.94,-3.21,-3.21,0.02,-0.01,-0.03,348,336,331,366,320
-3.26,-3.35,-3.35,0.03,0.00,-0.03,348,336,331,366,320
-3.00,-3.45,-3.45,0.02,-0.00,-0.04,348,336,331,366,320
-3.17,-3.28,-3.28,0.02,0.01,-0.03,348,336,332,365,320
-3.07,-3.31,-3.31,0.02,-0.01,-0.03,348,336,331,366,320
-3.16,-3.37,-3.37,0.04,0.00,-0.03,348,336,332,367,320
-3.82,-3.91,-3.91,-0.17,-0.06,0.00,422,431,428,475,321
-2.14,-4.03,-4.03,-0.62,-0.56,0.09,499,471,479,542,327
-3.35,-2.50,-2.50,-0.24,-0.33,-0.57,529,486,495,564,332
-3.38,-2.66,-2.66,0.10,-0.26,-0.20,533,487,495,566,335
-4.77,-2.53,-2.53,0.09,-0.02,-0.12,528,485,493,563,335
-5.26,-2.32,-2.32,0.22,0.16,-0.06,509,478,488,557,332
-3.62,-2.46,-2.46,0.40,0.52,0.10,469,456,459,523,327
-2.02,-3.73,-3.73,0.74,0.71,0.05,402,391,382,457,323
-2.56,-4.00,-4.00,0.41,0.42,0.35,372,362,348,402,321
-1.93,-4.63,-4.63,0.33,0.11,-0.17,350,348,335,375,320
-1.98,-4.56,-4.56,0.06,0.02,-0.04,352,358,344,396,320
-2.25,-4.87,-4.87,-0.11,-0.03,0.02,382,394,380,448,319
-2.07,-4.82,-4.82,-0.21,-0.14,0.04,440,439,433,508,320
-2.49,-4.19,-4.19,-0.15,-0.19,-0.15,480,463,469,535,321
-1.54,-3.71,-3.71,0.15,-0.23,-0.19,489,468,479,543,324
-4.14,-4.42,-4.42,0.00,0.05,0.04,482,465,474,539,325
-3.24,-3.65,-3.65,0.10,0.02,-0.01,471,453,460,528,325
-2.96,-3.70,-3.70,0.37,0.33,-0.09,406,396,396,470,323
-2.87,-4.11,-4.11,0.16,0.22,0.23,357,347,345,399,320
-1.98,-4.71,-4.71,0.12,0.04,-0.10,342,337,331,364,319
-1.95,-4.84,-4.84,0.00,-0.07,-0.03,334,326,321,355,319
-2.72,-4.26,-4.26,-0.03,-0.03,0.03,336,325,320,352,319
-2.49,-5.02,-5.02,-0.09,-0.06,0.01,357,357,346,388,319
-2.31,-4.36,-4.36,-0.37,-0.27,-0.05,416,418,403,471,319
-2.31,-3.72,-3.72,-0.05,-0.22,-0.16,460,447,438,515,320
-3.22,-3.54,-3.54,-0.26,-0.25,-0.02,493,468,473,545,322
-2.89,-3.55,-3.55,0.08,-0.27,-0.27,505,476,485,553,330
-5.10,-3.17,-3.17,0.18,0.08,-0.00,497,473,481,550,333
-5.25,-2.56,-2.56,0.31,0.48,0.16,466,448,451,525,330
END
-3.83,-4.01,-4.01,0.32,0.22,-0.17,336,328,306,349,318
-2.52,-4.28,-4.28,-0.02,-0.01,-0.02,336,328,309,353,318
-2.61,-4.06,-4.06,0.04,-0.01,-0.04,336,328,310,353,318
-2.38,-4.42,-4.42,-0.01,-0.03,-0.01,336,328,310,353,318
-2.89,-4.19,-4.19,0.05,0.01,-0.04,336,331,314,355,318
-3.17,-4.85,-4.85,-0.21,-0.08,0.05,369,377,363,396,318
-1.34,-5.09,-5.09,-0.33,-0.31,-0.26,424,439,432,475,319
-1.71,-3.75,-3.75,-0.32,-0.33,-0.10,485,466,471,520,321
-3.96,-2.99,-2.99,0.06,-0.29,-0.19,498,473,484,539,323
-4.58,-3.48,-3.48,0.02,-0.16,-0.04,500,475,488,547,326
-4.26,-3.63,-3.63,0.20,0.04,-0.01,497,407,485,543,327
-3.17,-2.73,-2.73,0.24,0.23,0.08,472,454,464,521,325
-3.53,-3.70,-3.70,0.63,0.59,-0.12,398,373,372,430,321
-2.79,-4.04,-4.04,0.21,0.26,0.24,352,329,325,366,319
-1.22,-4.87,-4.87,0.02,0.01,-0.03,344,330,324,351,319
-2.61,-4.61,-4.61,0.06,0.04,0.01,346,333,325,354,319
-3.22,-5.69,-5.69,-0.14,-0.02,0.02,383,390,383,442,319
-1.25,-6.06,-6.06,-0.13,-0.23,0.03,441,434,434,511,324
-2.28,-3.97,-3.97,-0.24,-0.12,-0.09,475,457,464,532,334
-2.75,-3.20,-3.20,0.17,-0.14,-0.13,482,464,475,540,345
-3.60,-4.75,-4.75,0.04,0.05,0.08,479,462,475,537,348
-3.28,-3.01,-3.01,0.16,0.04,-0.16,463,445,453,522,343
-2.37,-4.31,-4.31,0.42,0.32,-0.11,405,381,384,450,328
-3.22,-4.68,-4.68,0.21,0.25,0.18,360,342,343,378,322
-1.74,-5.36,-5.36,0.04,-0.01,-0.03,344,331,326,359,320
-1.99,-4.57,-4.57,0.13,0.04,-0.02,338,325,319,351,320
-2.36,-5.22,-5.22,0.02,-0.07,-0.09,334,318,312,350,319
-2.81,-4.59,-4.59,0.00,0.03,-0.08,336,324,318,355,319
-2.76,-3.42,-3.42,-0.03,-0.01,-0.16,373,382,374,417,319
-3.02,-4.11,-4.11,-0.01,-0.13,0.06,431,430,425,499,320
-1.96,-5.74,-5.74,0.00,-0.13,0.01,464,452,455,526,321
-2.73,-4.41,-4.41,0.05,-0.01,0.13,477,461,474,536,322
-2.83,-4.10,-4.10,0.06,0.01,-0.02,473,458,472,534,324
-2.86,-4.03,-4.03,0.03,0.07,0.10,458,443,454,522,323
-2.11,-3.45,-3.45,0.27,0.11,-0.34,405,373,371,462,321
END
-2.93,-4.82,-4.82,0.24,0.16,0.00,346,350,331,372,318
-1.95,-5.06,-5.06,0.03,-0.03,-0.04,356,369,354,388,318
-2.86,-3.54,-3.54,-0.15,-0.11,-0.15,391,411,402,435,319
-2.51,-3.70,-3.70,-0.21,-0.23,0.03,446,448,451,501,319
-2.53,-4.77,-4.77,-0.14,-0.20,-0.06,480,462,471,530,320
-2.36,-3.57,-3.57,-0.19,-0.34,-0.03,498,470,486,548,323
-3.37,-2.56,-2.56,-0.02,-0.34,-0.26,505,478,491,556,329
-5.23,-3.57,-3.57,0.07,0.10,-0.03,494,466,485,551,330
-4.95,-3.36,-3.36,0.37,0.32,0.03,471,454,465,535,328
-1.83,-4.09,-4.09,0.56,0.48,-0.10,402,380,384,471,322
-2.86,-3.99,-3.99,0.05,0.20,0.16,362,347,349,400,320
-1.82,-5.05,-5.05,0.14,-0.02,-0.08,344,335,331,368,319
-3.08,-4.69,-4.69,0.12,0.06,0.03,338,328,321,357,319
-2.61,-5.11,-5.11,0.04,0.04,0.02,335,322,316,354,319
-3.11,-4.92,-4.92,-0.11,0.04,0.06,354,355,340,371,318
-2.05,-4.35,-4.35,-0.18,-0.08,-0.08,416,414,404,472,319
-2.59,-3.57,-3.57,-0.01,-0.06,-0.10,452,441,438,503,320
-3.27,-3.65,-3.65,-0.02,-0.03,-0.02,469,455,463,522,324
-2.73,-4.08,-4.08,0.09,-0.09,-0.07,473,459,472,531,331
-3.18,-4.16,-4.16,0.08,0.02,-0.01,469,455,468,526,332
-3.29,-3.92,-3.92,0.09,0.04,-0.11,463,445,454,516,331
-2.76,-4.36,-4.36,0.23,0.13,-0.24,413,381,387,458,324
-2.68,-4.33,-4.33,0.11,0.07,0.02,358,336,337,385,321
-1.82,-4.90,-4.90,0.12,0.02,0.08,338,321,316,356,319
-2.89,-4.49,-4.49,0.09,0.05,0.08,332,314,309,348,319
-2.82,-4.74,-4.74,-0.02,-0.07,-0.09,333,316,310,351,318
-3.27,-3.60,-3.60,-0.12,-0.02,-0.10,362,370,357,406,319
-1.71,-4.76,-4.76,-0.16,-0.11,0.15,410,421,415,482,319
-2.76,-4.19,-4.19,-0.14,-0.12,0.03,452,448,453,515,320
-1.88,-4.26,-4.26,-0.07,-0.31,-0.10,476,462,475,535,326
-4.09,-3.29,-3.29,-0.04,-0.11,0.01,483,466,482,541,332
-4.02,-3.15,-3.15,0.12,-0.03,-0.04,485,464,480,539,334
-3.14,-3.65,-3.65,0.08,0.09,0.05,484,435,477,537,334
-1.77,-3.75,-3.75,0.18,0.14,-0.11,457,432,443,511,330
-3.38,-4.68,-4.68,0.40,0.33,-0.44,399,360,362,434,324
END
-2.71,-4.54,-4.54,0.24,0.14,-0.09,438,426,419,457,319
-2.81,-5.17,-5.17,-0.18,-0.21,-0.01,468,449,447,495,320
-3.39,-3.64,-3.64,-0.10,-0.11,-0.05,482,459,461,512,321
-3.14,-3.88,-3.88,0.03,-0.09,-0.09,488,467,471,524,322
-3.29,-4.03,-4.03,-0.03,-0.15,-0.04,492,469,479,535,325
-3.07,-4.41,-4.41,0.01,-0.15,-0.17,498,469,485,542,329
-2.77,-4.08,-4.08,0.09,-0.09,-0.25,498,475,485,543,334
-3.63,-4.02,-4.02,0.04,0.11,0.09,480,464,475,536,334
-3.58,-3.52,-3.52,0.35,0.33,0.03,417,402,417,497,326
-3.55,-2.90,-2.90,-0.09,0.12,0.02,377,352,358,427,321
-2.40,-4.28,-4.28,0.10,0.06,-0.08,342,326,325,369,320
-2.05,-4.48,-4.48,0.07,0.03,0.02,336,319,315,351,319
-2.86,-5.87,-5.87,0.05,0.09,0.13,331,314,308,345,318
-2.91,-3.94,-3.94,0.01,0.04,-0.07,333,319,311,350,319
-2.67,-3.92,-3.92,0.06,0.01,0.11,356,355,334,369,319
-1.92,-5.49,-5.49,-0.01,-0.05,0.10,381,388,372,413,319
-2.78,-4.40,-4.40,-0.12,-0.09,0.03,417,417,408,464,319
-2.75,-3.98,-3.98,-0.14,-0.12,-0.11,453,444,443,509,320
-3.14,-4.03,-4.03,0.05,-0.13,-0.02,473,459,466,532,321
-3.10,-4.59,-4.59,0.02,-0.10,-0.00,478,464,477,541,322
-3.80,-4.02,-4.02,0.10,0.05,0.03,472,460,473,539,324
-3.42,-3.96,-3.96,0.13,0.04,-0.05,467,455,463,526,323
-2.50,-4.47,-4.47,0.33,0.22,-0.16,421,401,401,458,321
-3.68,-4.49,-4.49,0.25,0.22,-0.11,359,336,334,373,320
-2.52,-4.63,-4.63,0.12,0.01,-0.06,335,316,312,350,319
-2.00,-4.80,-4.80,0.15,0.03,0.02,329,308,304,344,318
-3.34,-4.97,-4.97,-0.01,-0.00,-0.01,329,310,305,346,318
-2.28,-5.97,-5.97,-0.16,-0.01,0.18,351,369,347,364,318
-2.19,-5.69,-5.69,-0.07,-0.07,0.11,388,412,395,409,319
-2.66,-4.53,-4.53,-0.21,-0.20,-0.07,430,435,428,469,320
-3.40,-3.92,-3.92,-0.06,-0.11,-0.03,456,447,450,504,322
-3.36,-4.31,-4.31,-0.02,-0.05,-0.04,467,453,463,521,324
-3.01,-3.19,-3.19,-0.01,-0.08,0.01,475,459,473,533,331
-3.24,-3.38,-3.38,0.15,-0.03,-0.14,476,459,473,533,337
-3.35,-4.40,-4.40,0.00,0.02,-0.00,474,458,471,530,337
END
-3.49,-3.83,-3.83,0.22,0.12,-0.22,333,312,305,349,318
-2.37,-4.61,-4.61,0.04,-0.00,-0.03,333,312,305,349,318
-2.43,-4.66,-4.66,0.01,-0.01,-0.02,333,312,305,349,317
-2.44,-4.62,-4.62,0.04,-0.01,-0.05,333,312,305,350,318
-2.51,-4.71,-4.71,0.02,0.01,-0.01,333,314,306,350,318
-2.63,-5.30,-5.30,-0.01,-0.05,-0.06,338,336,320,369,318
-1.51,-5.36,-5.36,-0.32,-0.29,-0.09,391,411,398,451,319
-3.18,-4.16,-4.16,-0.12,-0.12,0.00,452,449,449,506,320
-2.73,-4.47,-4.47,-0.08,-0.14,0.06,477,460,468,525,322
-3.70,-3.54,-3.54,0.01,-0.06,0.02,481,464,476,534,325
-3.40,-2.93,-2.93,-0.09,-0.06,0.06,479,462,475,532,328
-3.96,-3.13,-3.13,0.23,0.14,-0.02,476,460,470,528,327
-2.55,-3.70,-3.70,0.16,0.13,-0.16,454,430,439,503,324
-3.55,-3.97,-3.97,0.38,0.35,-0.14,401,368,370,434,321
-2.04,-4.27,-4.27,0.12,0.01,-0.17,356,333,335,381,320
-1.44,-5.37,-5.37,-0.15,-0.13,0.02,339,322,322,363,319
-3.03,-4.67,-4.67,-0.06,-0.07,-0.04,335,317,317,364,319
-2.71,-4.24,-4.24,-0.09,-0.12,0.00,353,343,337,395,320
-2.46,-4.16,-4.16,-0.30,-0.19,0.06,426,428,417,476,320
-2.63,-3.75,-3.75,-0.20,-0.26,0.15,481,458,458,519,323
-3.73,-3.98,-3.98,0.01,-0.02,-0.07,487,467,475,537,325
-3.77,-3.70,-3.70,-0.02,-0.15,-0.01,484,468,479,542,330
-3.84,-3.40,-3.40,0.03,0.05,0.04,477,463,474,539,333
-4.19,-3.54,-3.54,0.15,0.06,-0.10,471,458,467,532,335
-3.20,-3.80,-3.80,0.15,0.19,-0.05,426,416,426,497,333
-2.97,-3.91,-3.91,0.29,0.22,-0.11,362,354,360,421,327
-1.95,-4.75,-4.75,0.13,0.06,0.08,336,325,326,366,324
-2.85,-4.64,-4.64,0.08,0.02,0.09,331,315,313,352,322
-2.74,-4.43,-4.43,0.02,-0.02,-0.06,329,313,312,350,321
-3.36,-5.38,-5.38,-0.14,-0.01,0.14,354,354,340,381,321
-1.99,-5.06,-5.06,-0.11,-0.18,-0.08,399,412,406,467,323
-2.99,-3.80,-3.80,-0.14,-0.02,0.03,448,441,442,509,330
-2.90,-3.88,-3.88,-0.04,-0.09,-0.05,462,451,461,524,342
-3.52,-3.34,-3.34,0.13,-0.01,0.03,468,455,470,529,352
-3.83,-4.13,-4.13,0.16,0.08,0.06,463,452,466,526,356
END
-3.17,-3.82,-3.82,0.12,0.09,-0.08,332,315,305,350,318
-2.58,-4.88,-4.88,-0.09,-0.04,-0.04,341,341,326,363,318
-1.80,-4.75,-4.75,-0.00,-0.05,0.04,348,351,335,365,319
-2.76,-3.96,-3.96,-0.21,-0.09,-0.07,384,399,379,402,319
-1.85,-3.83,-3.83,-0.22,-0.27,0.03,435,438,416,438,320
-4.24,-3.36,-3.36,-0.28,-0.20,-0.06,481,463,463,516,321
-2.36,-4.14,-4.14,-0.81,-0.94,-0.13,507,481,491,562,337
-3.85,-2.60,-2.60,0.08,-0.21,-0.65,514,483,492,567,342
-5.83,-2.89,-2.89,0.19,0.18,-0.08,504,480,490,564,343
-4.47,-2.18,-2.18,0.29,0.29,0.07,490,472,481,557,341
-2.17,-4.49,-4.49,0.63,0.62,0.10,448,429,433,504,333
-2.90,-4.11,-4.11,0.33,0.33,0.05,393,365,361,409,327
-2.96,-4.77,-4.77,0.26,0.16,-0.01,355,330,325,363,322
-1.82,-5.32,-5.32,-0.04,-0.10,-0.07,340,318,314,354,321
-3.35,-3.98,-3.98,0.06,0.06,-0.04,333,310,308,350,321
-2.65,-4.89,-4.89,0.13,0.07,-0.08,337,316,322,365,320
-1.83,-5.14,-5.14,0.04,0.01,-0.21,368,370,379,431,320
-1.59,-4.21,-4.21,-0.12,-0.13,-0.03,426,429,431,494,322
-3.32,-4.32,-4.32,-0.10,-0.10,-0.08,464,452,457,523,325
-3.37,-5.07,-5.07,-0.03,-0.14,0.05,478,461,470,538,330
-2.85,-3.98,-3.98,0.05,-0.03,-0.01,478,463,474,542,336
-3.22,-4.31,-4.31,0.04,0.00,-0.01,474,459,469,538,338
-2.65,-4.28,-4.28,0.06,0.04,-0.05,450,433,440,508,335
-3.06,-4.29,-4.29,0.25,0.24,-0.03,396,371,373,422,325
-2.31,-4.36,-4.36,0.09,0.10,0.06,359,334,334,373,321
-1.97,-4.80,-4.80,-0.01,-0.02,-0.09,343,323,320,359,320
-2.53,-4.72,-4.72,0.04,0.01,0.00,337,318,315,353,320
-2.56,-4.89,-4.89,0.01,-0.03,-0.02,334,314,310,350,320
-2.74,-4.25,-4.25,0.08,0.01,-0.02,341,321,313,355,320
-3.37,-3.25,-3.25,0.19,0.04,-0.27,359,354,347,403,320
-1.51,-4.74,-4.74,-0.06,-0.15,-0.06,400,403,402,466,321
-2.33,-4.93,-4.93,-0.10,-0.13,-0.02,440,432,432,505,322
-2.34,-4.58,-4.58,-0.25,-0.23,0.02,469,454,455,530,328
-2.52,-3.66,-3.66,-0.12,-0.15,-0.01,479,465,468,543,338
-3.27,-3.88,-3.88,0.04,-0.05,0.01,481,468,475,549,345
END
-3.01,-3.95,-3.95,0.09,0.05,0.01,333,319,311,364,320
-2.34,-4.57,-4.57,0.01,-0.03,-0.02,333,318,311,363,320
-2.63,-4.44,-4.44,0.01,-0.02,-0.02,333,318,311,363,320
-2.63,-4.43,-4.43,0.04,0.01,-0.02,333,319,311,363,320
-2.51,-4.54,-4.54,0.01,-0.01,-0.01,333,321,312,362,320
-3.47,-3.56,-3.56,-0.21,-0.09,-0.17,359,366,355,397,320
-0.16,-3.71,-3.71,-0.37,-0.49,0.25,428,431,424,475,324
-2.88,-3.88,-3.88,-0.49,-0.40,-0.15,492,470,473,535,330
-3.73,-3.01,-3.01,0.12,-0.27,-0.50,503,478,485,552,336
-4.57,-2.81,-2.81,0.12,0.05,-0.06,500,477,484,554,338
-3.92,-3.65,-3.65,0.17,0.18,0.09,483,466,476,547,337
-3.35,-3.47,-3.47,0.46,0.53,0.02,422,421,434,523,333
-2.05,-4.03,-4.03,0.30,0.28,-0.13,363,350,359,456,329
-1.64,-4.02,-4.02,0.17,0.11,0.10,338,322,321,371,325
-2.83,-4.62,-4.62,0.16,0.12,0.17,332,313,310,351,322
-2.35,-4.60,-4.60,0.02,0.01,-0.03,332,313,310,352,322
-2.58,-5.18,-5.18,-0.07,0.04,0.05,341,325,321,369,321
-2.81,-3.97,-3.97,-0.20,-0.05,-0.12,387,397,402,485,322
-1.62,-4.48,-4.48,-0.08,-0.02,0.24,436,437,445,522,325
-3.85,-3.17,-3.17,-0.09,-0.02,0.12,464,452,464,535,330
-2.58,-2.61,-2.61,0.31,0.01,-0.15,469,456,471,537,334
-3.75,-3.04,-3.04,0.14,0.06,0.06,469,455,472,537,336
-2.40,-4.64,-4.64,0.07,0.12,0.05,453,439,457,528,334
-3.52,-3.45,-3.45,0.26,0.12,-0.18,423,392,410,494,327
-2.07,-4.69,-4.69,0.19,0.01,-0.29,375,342,350,425,322
-1.50,-5.23,-5.23,0.13,0.03,0.01,348,325,325,372,320
-2.29,-4.80,-4.80,0.08,-0.01,0.08,335,314,312,350,320
-2.20,-4.77,-4.77,0.08,-0.04,-0.14,332,309,307,347,319
-2.32,-5.40,-5.40,-0.08,-0.04,-0.02,332,313,311,355,319
-2.56,-3.35,-3.35,-0.12,-0.09,-0.19,355,358,352,414,320
-1.32,-4.18,-4.18,-0.23,-0.06,0.20,421,420,414,495,320
-3.21,-3.43,-3.43,-0.07,-0.09,0.13,463,447,450,520,324
-3.02,-4.51,-4.51,0.08,-0.07,-0.10,470,456,466,527,329
-3.28,-2.73,-2.73,0.05,-0.03,0.10,470,457,472,530,332
-3.49,-3.88,-3.88,0.16,0.07,0.00,466,452,465,524,331
END
-2.50,-3.81,-3.81,-0.01,0.01,-0.09,434,433,445,508,323
-3.32,-3.73,-3.73,-0.11,-0.11,0.05,449,444,456,514,325
-2.71,-2.94,-2.94,0.05,-0.03,-0.01,464,452,467,519,330
-2.40,-2.58,-2.58,-0.00,-0.11,0.02,469,455,472,522,335
-3.38,-3.20,-3.20,-0.06,0.05,0.01,466,453,470,520,335
-3.29,-3.17,-3.17,0.31,0.15,-0.04,452,435,451,510,332
-3.27,-4.35,-4.35,0.11,0.13,-0.09,396,365,375,455,323
-3.11,-4.17,-4.17,0.47,0.27,0.07,348,323,322,372,320
-2.29,-4.96,-4.96,0.03,-0.06,-0.03,336,313,309,350,319
-2.38,-4.45,-4.45,0.07,0.00,-0.00,333,310,306,344,319
-2.71,-4.41,-4.41,-0.05,-0.03,0.02,332,308,304,345,319
-3.69,-3.52,-3.52,-0.02,-0.00,-0.07,339,323,311,352,319
-1.76,-4.56,-4.56,0.06,0.00,-0.06,346,350,338,393,321
-1.97,-4.82,-4.82,-0.15,-0.07,0.10,379,394,384,450,325
-3.68,-3.89,-3.89,-0.08,0.03,0.15,416,422,418,493,331
-2.21,-4.71,-4.71,-0.13,-0.08,0.11,433,435,441,517,339
-2.87,-3.33,-3.33,-0.06,-0.05,0.17,448,444,459,527,349
-3.03,-2.94,-2.94,0.20,0.02,-0.06,452,446,465,528,358
-3.41,-3.98,-3.98,0.06,0.03,-0.07,443,438,454,521,357
-2.63,-3.21,-3.21,0.17,-0.00,-0.44,410,393,408,499,354
-3.22,-3.96,-3.96,0.20,0.13,-0.24,354,334,342,440,343
-2.61,-4.47,-4.47,0.31,0.10,0.00,333,313,311,374,330
-1.99,-4.85,-4.85,0.14,0.04,0.07,330,308,305,350,327
-2.52,-5.10,-5.10,0.07,0.03,0.04,326,304,302,343,323
-2.48,-4.77,-4.77,0.05,-0.01,-0.02,326,303,301,341,322
-2.58,-5.38,-5.38,0.01,0.04,-0.01,327,304,301,341,321
-1.70,-5.05,-5.05,0.14,0.01,-0.03,332,316,305,354,320
-3.54,-3.52,-3.52,0.09,0.02,-0.17,344,346,334,393,318
-1.07,-5.48,-5.48,-0.01,-0.09,-0.02,368,386,373,437,318
-2.91,-5.12,-5.12,-0.34,-0.12,0.06,403,419,409,476,318
-2.46,-4.16,-4.16,-0.22,-0.12,0.07,438,439,438,504,318
-2.73,-2.94,-2.94,-0.14,-0.11,0.05,460,450,459,522,318
-3.32,-3.47,-3.47,0.04,-0.04,-0.11,467,455,469,528,318
-2.68,-4.13,-4.13,0.05,0.03,-0.02,464,453,465,525,318
-3.13,-4.07,-4.07,0.13,0.02,-0.18,458,441,448,509,318
END
-3.32,-4.64,-4.64,0.31,0.21,-0.15,363,370,364,406,318
-1.46,-4.72,-4.72,0.26,0.07,-0.10,379,391,387,438,318
-1.82,-4.74,-4.74,-0.14,-0.05,0.05,411,419,415,473,318
-1.85,-5.23,-5.23,-0.19,-0.21,-0.17,451,444,448,510,318
-2.54,-4.65,-4.65,-0.04,-0.11,-0.04,472,458,469,529,319
-2.28,-3.55,-3.55,-0.13,-0.25,0.11,482,465,480,540,323
-3.50,-3.98,-3.98,0.08,-0.03,0.05,475,460,475,537,324
-3.37,-4.05,-4.05,-0.01,-0.03,0.02,466,451,465,529,323
-1.87,-4.46,-4.46,-0.06,-0.08,-0.03,436,412,423,496,322
-2.97,-3.66,-3.66,-0.18,-0.07,0.09,397,367,375,445,321
-4.07,-3.53,-3.53,0.04,-0.02,0.04,362,342,347,401,320
-3.30,-4.19,-4.19,0.03,-0.04,-0.03,342,324,322,364,319
-3.29,-3.76,-3.76,0.04,0.02,0.04,335,315,312,352,319
-3.16,-4.30,-4.30,0.07,0.03,0.01,333,313,308,349,318
-3.88,-2.62,-2.62,0.18,0.04,-0.10,336,330,323,360,318
-3.12,-3.10,-3.10,0.02,-0.05,0.07,375,379,368,406,317
-3.52,-5.00,-5.00,0.08,-0.01,-0.17,413,412,402,452,317
-2.07,-4.58,-4.58,0.04,-0.06,-0.07,437,430,425,485,318
-4.25,-3.54,-3.54,-0.06,-0.01,-0.07,454,442,442,506,317
-2.03,-3.60,-3.60,0.02,-0.11,-0.10,459,446,457,523,318
-3.51,-3.52,-3.52,-0.00,-0.01,-0.02,463,449,461,531,318
-3.27,-3.44,-3.44,0.19,0.09,-0.06,454,440,449,527,318
-3.40,-3.63,-3.63,0.13,0.01,-0.20,426,405,405,496,317
-2.63,-4.59,-4.59,0.40,0.22,-0.16,374,348,343,409,317
-2.50,-4.80,-4.80,0.12,0.10,0.07,345,322,317,360,317
-2.56,-4.82,-4.82,0.06,0.02,-0.05,334,312,308,348,317
-2.71,-4.97,-4.97,0.03,0.01,0.03,332,309,305,345,316
-3.11,-5.04,-5.04,-0.07,-0.04,-0.07,337,316,310,351,316
-2.42,-4.47,-4.47,-0.05,-0.05,-0.14,376,363,357,429,318
-2.70,-4.60,-4.60,-0.07,-0.02,0.08,425,406,405,492,322
-2.84,-5.00,-5.00,-0.15,-0.06,0.11,454,435,438,518,329
-2.99,-4.29,-4.29,-0.07,-0.07,0.01,471,454,462,536,335
-2.15,-4.57,-4.57,-0.09,-0.18,-0.28,481,463,473,542,339
-3.43,-3.60,-3.60,0.07,0.05,-0.03,479,464,473,540,341
-3.43,-3.75,-3.75,0.14,0.08,-0.01,471,457,465,534,340
END
-2.28,-4.40,-4.40,0.19,0.12,-0.08,334,314,306,350,319
-2.64,-4.44,-4.44,0.01,0.00,-0.02,334,314,306,350,319
-2.73,-4.42,-4.42,0.02,0.00,-0.02,334,314,307,349,319
-2.76,-4.15,-4.15,0.02,0.01,-0.04,334,314,307,349,319
-2.77,-4.52,-4.52,0.04,0.01,-0.02,334,314,307,349,319
-2.74,-5.07,-5.07,-0.09,-0.01,-0.04,340,340,338,388,319
-3.37,-3.93,-3.93,0.09,0.10,-0.21,370,396,409,477,319
-2.08,-4.16,-4.16,0.18,0.12,0.16,411,427,440,504,320
-2.57,-5.08,-5.08,-0.09,-0.04,0.30,444,442,456,517,322
-1.92,-4.41,-4.41,0.04,-0.15,-0.20,460,450,467,526,328
-2.48,-3.71,-3.71,-0.07,-0.13,0.01,469,454,472,533,337
-3.25,-4.16,-4.16,-0.08,-0.00,0.13,465,451,467,528,336
-2.97,-3.62,-3.62,0.08,0.04,-0.06,444,422,429,494,328
-2.71,-4.39,-4.39,0.13,0.05,-0.16,392,361,360,422,322
-3.12,-4.44,-4.44,-0.08,0.03,0.09,353,338,339,379,320
-1.97,-4.35,-4.35,-0.01,-0.07,-0.02,339,332,330,363,320
-3.00,-4.13,-4.13,-0.03,-0.03,-0.03,338,328,323,359,319
-3.60,-4.84,-4.84,-0.14,-0.01,0.06,351,342,333,379,319
-2.63,-3.96,-3.96,-0.01,-0.02,-0.03,374,377,368,420,319
-2.96,-3.27,-3.27,-0.10,-0.09,-0.01,428,421,414,476,320
-3.65,-4.01,-4.01,-0.19,-0.19,-0.06,465,448,451,516,322
-3.35,-4.41,-4.41,0.05,-0.14,-0.17,478,459,469,532,326
-2.77,-4.24,-4.24,-0.03,-0.05,0.07,473,457,469,532,328
-3.73,-3.03,-3.03,0.11,0.08,0.01,470,455,467,531,328
-2.71,-4.13,-4.13,-0.03,-0.01,0.04,451,439,450,515,326
-3.07,-3.31,-3.31,0.06,0.04,-0.05,416,415,422,470,324
-3.70,-3.55,-3.55,0.23,0.10,-0.16,367,368,369,414,320
-3.55,-3.60,-3.60,0.07,0.02,-0.11,347,344,348,398,319
-2.39,-4.21,-4.21,0.18,0.06,0.01,338,332,331,371,319
-3.55,-4.57,-4.57,0.02,0.04,0.02,336,328,325,367,317
-2.56,-4.46,-4.46,0.07,0.02,-0.12,336,328,325,372,317
-3.31,-5.37,-5.37,-0.02,-0.01,-0.06,344,343,346,421,317
-3.15,-4.26,-4.26,0.04,0.02,-0.02,376,387,387,480,317
-2.67,-4.38,-4.38,-0.07,-0.08,0.08,417,425,428,518,318
-2.42,-4.36,-4.36,-0.07,-0.07,0.08,451,447,456,533,318
END
-3.13,-2.99,-2.99,0.13,-0.00,-0.07,339,314,308,348,316
-2.76,-4.24,-4.24,0.01,0.01,-0.01,339,314,308,348,316
-2.70,-4.20,-4.20,0.02,-0.01,-0.05,339,314,308,348,316
-2.86,-4.36,-4.36,0.03,0.00,-0.03,339,315,306,349,317
-2.85,-4.39,-4.39,0.03,0.01,-0.03,340,314,309,349,317
-4.28,-3.15,-3.15,-0.33,-0.05,0.02,378,385,387,450,317
-1.71,-4.29,-4.29,0.36,0.16,0.24,428,428,431,506,317
-2.14,-4.54,-4.54,-0.16,-0.04,0.12,460,448,455,523,318
-2.33,-3.93,-3.93,0.16,-0.07,-0.10,468,454,467,532,321
-3.03,-3.83,-3.83,-0.05,-0.17,-0.20,473,456,473,543,326
-3.53,-4.29,-4.29,0.08,0.03,-0.05,457,443,457,540,331
-3.59,-3.62,-3.62,0.22,0.18,-0.10,431,415,418,517,324
-2.78,-4.82,-4.82,0.18,0.19,-0.03,390,377,378,468,319
-2.00,-4.20,-4.20,0.12,0.04,-0.08,361,350,352,419,318
-2.00,-4.84,-4.84,-0.02,-0.08,-0.03,347,332,331,378,317
-3.09,-4.44,-4.44,0.09,0.00,0.01,339,322,318,354,317
-3.02,-4.63,-4.63,0.03,-0.00,-0.03,336,316,312,347,317
-2.47,-4.39,-4.39,0.09,0.08,0.06,341,318,312,346,317
-2.78,-5.48,-5.48,0.02,0.13,0.10,370,356,356,402,317
-1.44,-5.51,-5.51,-0.11,-0.12,-0.10,401,395,404,494,317
-1.91,-4.25,-4.25,-0.07,-0.08,-0.01,434,426,439,524,319
-3.02,-4.16,-4.16,0.04,-0.04,0.06,458,446,460,530,321
-2.81,-4.03,-4.03,0.08,-0.03,-0.10,464,450,463,527,322
-2.78,-4.09,-4.09,0.06,0.03,0.06,459,444,457,524,321
-2.17,-4.04,-4.04,0.04,-0.02,-0.09,443,423,436,507,321
-2.74,-4.45,-4.45,0.20,0.13,-0.13,392,373,384,453,319
-2.96,-4.64,-4.64,0.13,0.02,-0.10,350,333,340,393,318
-1.64,-4.69,-4.69,0.10,-0.03,-0.09,335,315,317,361,318
-2.75,-4.78,-4.78,0.06,0.02,0.07,333,311,310,351,318
-2.81,-4.76,-4.76,0.01,-0.03,-0.05,334,311,310,350,317
-3.03,-4.21,-4.21,0.00,-0.02,-0.12,350,342,332,374,317
-2.56,-5.35,-5.35,-0.06,0.02,0.10,383,393,394,466,318
-1.84,-4.59,-4.59,-0.28,-0.18,-0.06,439,439,447,519,318
-2.51,-4.31,-4.31,-0.03,-0.12,0.07,465,456,469,532,322
-3.42,-3.17,-3.17,0.09,0.04,-0.03,468,456,470,527,325
END
-3.21,-3.78,-3.78,0.09,0.15,0.11,349,329,313,352,317
-2.40,-4.64,-4.64,0.02,-0.00,-0.03,349,332,314,353,317
-2.78,-4.74,-4.74,0.02,0.01,-0.02,350,334,316,355,317
-2.30,-4.64,-4.64,0.03,-0.00,-0.04,350,336,318,357,317
-2.39,-4.55,-4.55,0.02,-0.00,-0.01,350,335,318,357,317
-2.78,-4.79,-4.79,0.03,0.01,-0.01,352,343,325,366,317
-3.10,-3.50,-3.50,-0.29,-0.09,-0.03,390,400,388,446,317
-2.35,-5.03,-5.03,0.20,0.20,0.05,411,422,416,493,317
-2.30,-4.39,-4.39,-0.07,-0.05,0.16,440,440,445,516,316
-3.13,-4.24,-4.24,0.25,0.15,-0.03,447,444,454,523,317
-2.87,-4.28,-4.28,-0.04,-0.10,-0.11,450,444,455,524,317
-2.99,-3.45,-3.45,0.08,0.06,0.04,441,435,444,518,317
-2.62,-4.21,-4.21,0.29,0.09,-0.09,404,393,397,491,317
-2.92,-4.92,-4.92,0.27,0.22,0.03,362,348,347,433,317
-2.18,-5.16,-5.16,0.08,0.00,-0.12,341,324,322,379,317
-1.49,-5.21,-5.21,0.01,-0.03,0.08,335,316,314,358,317
-3.06,-4.88,-4.88,-0.06,-0.07,-0.02,337,318,315,354,317
-2.46,-4.48,-4.48,0.01,-0.01,-0.02,359,352,343,383,317
-2.37,-5.18,-5.18,-0.14,-0.04,-0.03,400,394,394,461,317
-2.47,-4.38,-4.38,-0.04,-0.04,-0.14,438,428,431,504,317
-2.10,-4.90,-4.90,-0.07,-0.09,-0.00,466,448,457,522,317
-2.47,-4.55,-4.55,-0.06,-0.06,-0.08,467,450,461,523,317
-2.11,-3.65,-3.65,0.07,-0.01,0.02,463,447,458,524,318
-2.85,-4.20,-4.20,-0.01,0.03,0.06,453,432,436,505,318
-2.95,-4.22,-4.22,0.14,0.02,-0.05,419,397,396,436,317
-2.53,-4.36,-4.36,0.22,0.06,-0.15,368,350,351,375,317
-2.18,-5.23,-5.23,0.14,-0.04,-0.12,340,322,318,350,317
-2.46,-5.03,-5.03,0.10,0.02,0.01,335,314,310,345,316
-2.56,-5.16,-5.16,-0.02,-0.04,-0.06,338,318,311,347,316
-3.01,-4.49,-4.49,-0.06,-0.01,-0.03,365,369,352,378,317
-1.41,-4.88,-4.88,-0.20,-0.13,0.06,417,420,408,440,317
-2.78,-4.36,-4.36,-0.25,-0.16,-0.04,454,447,445,486,317
-3.04,-3.97,-3.97,-0.09,-0.21,-0.14,464,456,466,518,317
-3.22,-4.35,-4.35,-0.04,-0.14,-0.06,470,459,474,537,318
-3.32,-3.19,-3.19,0.03,0.06,0.03,469,457,474,537,319
END
-2.95,-4.01,-4.01,0.15,0.11,-0.04,337,317,309,350,317
-2.39,-4.64,-4.64,-0.01,-0.04,-0.08,337,317,309,350,316
-2.28,-4.56,-4.56,-0.03,0.02,0.07,338,317,310,350,317
-2.52,-4.48,-4.48,0.02,-0.04,-0.12,337,317,310,350,317
-2.53,-4.62,-4.62,0.02,0.02,0.02,337,318,310,350,317
-3.04,-5.76,-5.76,-0.13,0.01,-0.07,348,358,359,423,317
1.93,-4.98,-4.98,-0.74,-0.46,-0.49,412,427,437,511,317
-2.12,-2.23,-2.23,0.08,-0.10,0.01,454,449,460,526,317
-4.55,-2.87,-2.87,0.17,-0.08,-0.19,470,457,469,532,318
-4.29,-3.95,-3.95,0.12,-0.03,-0.05,468,456,468,531,319
-2.14,-4.10,-4.10,0.03,-0.09,-0.01,462,451,461,528,320
-2.84,-4.34,-4.34,0.09,0.11,-0.07,421,418,427,502,319
-3.51,-4.24,-4.24,0.16,0.12,-0.13,371,365,364,432,318
-2.74,-4.12,-4.12,0.14,0.07,0.05,343,329,324,371,317
-2.36,-5.10,-5.10,0.12,-0.05,-0.04,334,317,311,354,317
-2.91,-4.24,-4.24,0.10,-0.08,-0.06,335,317,311,351,316
-2.81,-5.28,-5.28,0.01,-0.01,0.02,353,333,317,360,317
-3.27,-3.07,-3.07,-0.16,-0.13,-0.27,396,393,372,426,317
-2.05,-4.86,-4.86,-0.11,-0.10,0.03,443,437,428,493,317
-2.61,-4.90,-4.90,-0.23,-0.16,0.08,477,459,460,527,318
-2.79,-4.07,-4.07,0.04,-0.10,-0.21,487,467,474,536,319
-3.57,-3.81,-3.81,0.09,0.00,-0.07,486,466,473,537,320
-3.76,-4.90,-4.90,0.13,0.19,0.04,468,451,457,517,320
-2.33,-4.03,-4.03,0.23,0.18,-0.14,418,402,400,464,319
-2.10,-3.96,-3.96,0.12,0.07,0.04,372,353,348,402,318
-2.90,-4.34,-4.34,0.09,0.06,0.06,344,327,322,365,317
-2.76,-4.53,-4.53,0.04,-0.02,-0.01,336,318,314,354,317
-2.86,-4.62,-4.62,0.05,-0.00,-0.05,336,318,312,351,317
-2.66,-4.78,-4.78,-0.08,-0.01,0.01,361,356,341,385,317
-2.38,-4.97,-4.97,-0.17,-0.12,0.02,416,415,411,479,317
-2.59,-4.25,-4.25,-0.06,-0.08,0.03,458,447,451,515,318
-2.96,-3.85,-3.85,-0.08,-0.15,0.01,468,456,468,527,320
-4.09,-3.09,-3.09,0.08,0.09,-0.03,464,452,465,524,321
-3.08,-3.85,-3.85,0.06,0.06,0.02,454,439,451,513,320
-3.12,-3.89,-3.89,0.31,0.20,-0.16,408,386,389,465,319
END
-2.96,-4.72,-4.72,0.29,0.15,-0.16,389,398,394,443,317
-2.31,-5.20,-5.20,-0.18,-0.16,0.11,419,424,419,480,316
-3.12,-4.24,-4.24,-0.05,-0.02,-0.00,448,442,443,507,318
-2.20,-4.54,-4.54,-0.20,-0.24,0.07,484,465,473,535,320
-2.97,-4.41,-4.41,-0.03,-0.11,-0.11,491,470,480,541,321
-3.46,-3.78,-3.78,0.04,-0.06,-0.08,491,467,479,541,323
-3.44,-4.05,-4.05,0.06,0.15,0.07,481,464,473,533,323
-2.68,-3.93,-3.93,0.28,0.21,0.04,441,427,436,496,321
-2.51,-4.14,-4.14,0.25,0.19,-0.21,382,366,369,432,320
-2.91,-4.52,-4.52,0.07,0.05,0.02,346,331,330,376,318
-2.11,-5.03,-5.03,0.05,-0.03,-0.04,337,321,317,356,318
-2.93,-5.03,-5.03,0.08,0.05,0.07,333,315,311,350,318
-2.29,-4.24,-4.24,0.03,-0.02,-0.03,334,315,310,349,318
-3.78,-3.70,-3.70,0.06,0.11,0.04,358,339,328,368,318
-2.40,-4.91,-4.91,0.05,0.01,-0.03,390,389,379,433,318
-3.21,-4.50,-4.50,0.10,0.08,-0.17,427,423,416,483,321
-1.72,-5.20,-5.20,-0.14,-0.13,-0.06,458,443,443,519,331
-1.06,-4.93,-4.93,-0.04,-0.07,-0.08,466,452,457,530,337
-2.36,-4.14,-4.14,0.07,0.01,-0.05,470,456,466,534,342
-2.46,-4.03,-4.03,0.14,0.10,-0.06,468,454,467,534,341
-2.39,-4.53,-4.53,-0.01,-0.02,-0.07,455,436,446,517,336
-2.51,-4.49,-4.49,0.19,0.10,-0.06,411,383,385,457,326
-2.71,-4.98,-4.98,0.03,0.06,-0.04,371,344,342,396,321
-1.74,-5.12,-5.12,0.02,-0.11,-0.08,350,325,321,364,320
-2.43,-4.58,-4.58,0.06,-0.06,-0.06,341,319,314,353,319
-2.48,-4.54,-4.54,0.01,-0.07,-0.05,339,317,313,353,319
-2.68,-4.54,-4.54,0.11,-0.05,-0.09,343,321,315,358,319
-2.48,-5.53,-5.53,0.00,-0.03,-0.03,359,350,338,387,319
-2.10,-5.10,-5.10,-0.10,-0.13,-0.24,372,380,374,435,319
-1.97,-4.91,-4.91,-0.12,-0.16,-0.18,400,407,406,472,319
-2.73,-5.01,-5.01,-0.15,-0.08,0.09,430,431,435,501,319
-2.30,-4.56,-4.56,-0.08,-0.09,0.05,450,447,459,519,320
-2.26,-3.24,-3.24,0.02,-0.11,-0.19,453,447,462,521,320
-2.63,-4.67,-4.67,0.06,0.02,0.02,452,446,459,517,321
-2.84,-4.33,-4.33,0.19,0.17,-0.05,433,421,432,500,320
END
-2.81,-4.76,-4.76,0.34,0.26,-0.19,337,319,312,353,318
-2.65,-4.66,-4.66,0.05,0.00,-0.01,337,319,312,353,318
-2.57,-4.95,-4.95,0.03,-0.01,-0.01,337,319,313,353,318
-2.53,-4.85,-4.85,0.04,-0.04,-0.06,338,319,313,353,318
-3.07,-4.72,-4.72,-0.02,-0.06,-0.04,343,329,317,354,318
-2.51,-5.29,-5.29,0.02,-0.07,-0.11,348,342,326,366,318
-3.85,-3.85,-3.85,-0.24,-0.11,-0.25,408,416,398,460,318
-1.24,-4.67,-4.67,0.02,-0.26,-0.21,462,450,445,512,320
-2.47,-4.82,-4.82,-0.04,-0.13,-0.00,478,460,463,524,322
-2.58,-4.92,-4.92,0.06,-0.07,-0.11,474,458,464,522,323
-3.41,-4.32,-4.32,-0.04,0.08,0.10,460,447,451,513,323
-2.52,-4.26,-4.26,0.19,0.12,-0.11,420,409,406,473,322
-2.71,-4.84,-4.84,0.11,0.13,-0.04,371,358,354,409,320
-1.96,-4.82,-4.82,-0.00,-0.05,-0.06,346,331,327,372,319
-2.22,-5.22,-5.22,-0.04,-0.05,0.08,337,320,314,356,319
-3.22,-4.57,-4.57,0.03,-0.05,-0.08,334,314,309,350,318
-2.76,-4.82,-4.82,0.10,0.06,-0.01,333,314,308,348,318
-2.76,-4.00,-4.00,0.07,0.03,-0.11,347,340,326,359,318
-2.56,-4.29,-4.29,-0.08,0.04,0.06,393,405,394,440,319
-2.64,-5.56,-5.56,0.03,-0.01,0.06,442,440,440,502,319
-1.34,-4.62,-4.62,-0.11,-0.21,0.08,465,453,461,521,322
-3.00,-4.16,-4.16,0.07,0.02,0.04,464,451,461,521,323
-3.17,-4.10,-4.10,0.07,0.07,0.03,447,438,445,507,322
-2.63,-3.91,-3.91,0.23,0.15,-0.10,391,387,386,448,321
-2.76,-4.63,-4.63,0.24,0.18,-0.01,345,335,332,377,319
-1.54,-5.70,-5.70,0.08,-0.10,0.10,334,319,313,354,319
-2.32,-4.90,-4.90,0.09,-0.08,0.10,331,312,306,347,318
-2.92,-4.99,-4.99,0.04,-0.08,0.04,330,309,305,346,318
-3.68,-5.31,-5.31,0.00,-0.05,-0.03,341,330,315,355,318
-2.88,-4.80,-4.80,-0.08,-0.08,-0.13,388,392,360,404,318
-2.53,-4.61,-4.61,-0.12,-0.04,-0.06,446,433,418,482,318
-2.38,-4.34,-4.34,0.24,0.11,0.10,459,448,454,511,318
-3.63,-4.92,-4.92,-0.02,-0.13,-0.02,466,451,463,516,318
-3.98,-4.53,-4.53,0.19,0.14,0.09,452,435,446,507,318
-4.06,-4.36,-4.36,0.15,0.07,-0.24,423,390,391,471,318
END
-2.27,-5.01,-5.01,0.08,0.03,-0.14,339,323,316,355,317
-2.51,-4.75,-4.75,0.03,-0.02,-0.06,339,323,316,356,317
-2.79,-4.72,-4.72,0.02,-0.01,-0.05,339,323,316,355,317
-2.44,-4.65,-4.65,0.01,-0.01,-0.03,339,323,316,355,317
-2.64,-4.90,-4.90,0.03,0.02,-0.02,341,336,328,365,317
-2.39,-4.06,-4.06,-0.23,-0.10,-0.17,391,409,411,465,317
-1.41,-3.90,-3.90,0.07,-0.10,-0.11,450,449,460,524,319
-2.40,-4.84,-4.84,0.03,-0.09,-0.10,468,458,469,528,321
-3.02,-4.11,-4.11,0.01,-0.02,-0.04,464,454,466,524,321
-3.47,-3.88,-3.88,0.04,0.12,0.02,445,436,448,508,321
-2.48,-4.44,-4.44,0.28,0.15,-0.16,387,381,383,442,319
-2.66,-4.84,-4.84,0.15,0.07,-0.08,343,333,329,369,318
-1.95,-4.94,-4.94,0.03,-0.07,-0.05,333,317,311,350,318
-2.70,-4.62,-4.62,0.03,0.01,-0.01,332,315,308,345,317
-2.40,-5.18,-5.18,-0.10,-0.01,-0.01,337,332,320,355,317
-2.16,-4.00,-4.00,-0.24,-0.14,-0.24,383,391,376,423,318
-2.25,-4.39,-4.39,-0.00,-0.00,-0.02,437,432,427,489,321
-3.01,-4.74,-4.74,-0.05,-0.07,-0.08,473,453,458,512,327
-1.69,-4.49,-4.49,0.07,-0.06,-0.08,477,454,462,512,331
-3.52,-3.98,-3.98,0.03,0.05,0.12,466,445,452,507,330
-2.34,-4.03,-4.03,0.01,0.02,0.02,434,410,414,486,324
-2.68,-4.32,-4.32,0.19,0.13,-0.07,384,360,358,418,320
-2.15,-4.72,-4.72,0.19,0.02,-0.07,349,330,328,369,318
-2.02,-4.75,-4.75,0.00,-0.01,0.03,342,324,319,359,318
-2.94,-4.44,-4.44,0.09,0.05,0.06,340,322,316,352,318
-2.30,-5.01,-5.01,0.04,-0.04,-0.04,339,321,314,349,318
-2.57,-4.94,-4.94,-0.00,-0.04,-0.04,356,346,327,359,318
-2.35,-3.44,-3.44,-0.27,-0.14,-0.10,421,407,386,444,318
-3.18,-3.85,-3.85,0.06,-0.04,-0.06,459,446,442,510,319
-3.57,-4.41,-4.41,0.05,-0.02,0.12,467,455,462,523,321
-3.51,-3.73,-3.73,-0.04,-0.01,0.08,462,450,459,521,323
-3.34,-3.66,-3.66,0.16,0.17,0.09,457,444,451,514,322
-3.02,-4.21,-4.21,0.12,0.17,0.06,425,406,404,477,319
-2.61,-4.02,-4.02,0.21,0.16,-0.01,378,352,347,405,319
-1.86,-4.27,-4.27,0.12,-0.01,-0.20,351,329,325,372,318
END
-1.70,-5.23,-5.23,0.07,-0.04,-0.04,339,321,308,351,317
-2.43,-4.71,-4.71,0.01,-0.01,-0.08,343,329,315,358,317
-2.25,-5.42,-5.42,0.00,-0.01,-0.04,355,350,337,384,317
-1.25,-4.94,-4.94,-0.19,-0.19,-0.23,395,400,385,457,318
-2.54,-4.68,-4.68,-0.18,-0.23,-0.22,446,442,431,516,318
-2.17,-4.21,-4.21,-0.12,-0.17,-0.03,474,459,462,535,319
-3.59,-3.55,-3.55,0.04,0.00,0.00,481,463,472,539,319
-3.29,-3.73,-3.73,0.04,-0.01,0.06,471,456,463,532,320
-2.57,-3.83,-3.83,0.25,0.25,0.09,443,430,432,503,319
-3.04,-4.39,-4.39,0.35,0.35,0.10,382,371,367,430,318
-2.52,-4.45,-4.45,0.13,0.07,0.00,344,331,327,374,318
-1.36,-4.95,-4.95,0.07,-0.09,-0.03,334,317,312,354,318
-2.94,-5.07,-5.07,0.05,-0.01,0.08,331,310,305,347,317
-2.96,-4.17,-4.17,0.15,-0.05,-0.16,330,306,302,344,317
-2.78,-5.28,-5.28,0.12,0.05,-0.03,329,304,301,342,317
-2.19,-5.14,-5.14,0.07,-0.05,-0.18,332,306,302,343,317
-2.85,-4.67,-4.67,-0.14,-0.07,-0.08,358,350,336,373,317
-2.06,-4.90,-4.90,-0.22,-0.19,0.04,412,414,403,449,318
-2.36,-5.79,-5.79,-0.73,-0.51,0.15,472,451,452,513,319
-3.30,-2.76,-2.76,-0.11,-0.23,-0.25,484,460,468,526,320
-4.22,-2.93,-2.93,0.11,0.08,-0.00,479,457,465,525,320
-3.40,-3.47,-3.47,0.09,0.14,0.11,464,445,452,512,320
-2.82,-3.45,-3.45,0.45,0.24,-0.20,422,397,395,462,319
-2.35,-4.78,-4.78,0.26,0.17,-0.06,370,342,337,387,318
-2.62,-5.21,-5.21,0.17,0.09,0.09,339,317,312,354,318
-2.29,-4.82,-4.82,0.05,-0.06,0.02,333,309,305,346,317
-3.30,-4.64,-4.64,0.07,-0.11,-0.11,332,309,304,345,317
-2.36,-4.50,-4.50,-0.11,-0.16,-0.07,349,348,332,373,318
-3.47,-3.94,-3.94,-0.07,-0.02,-0.00,394,401,389,441,318
-2.11,-4.75,-4.75,-0.28,-0.27,0.01,448,439,440,505,319
-3.34,-4.01,-4.01,-0.10,-0.13,-0.03,469,455,465,524,322
-4.39,-3.22,-3.22,0.10,0.00,-0.05,469,456,469,528,324
-4.20,-3.37,-3.37,0.05,0.14,0.09,460,448,458,518,324
-2.84,-3.70,-3.70,0.24,0.08,-0.25,430,413,412,473,322
-3.17,-4.48,-4.48,0.29,0.20,-0.26,364,345,337,383,319
END
-2.91,-5.04,-5.04,0.29,0.08,-0.07,479,462,472,529,322
-2.49,-3.26,-3.26,-0.00,-0.07,0.00,476,463,474,532,323
-3.45,-3.74,-3.74,-0.02,0.01,0.04,470,459,469,525,324
-3.01,-3.72,-3.72,0.06,-0.02,-0.08,443,431,439,494,322
-3.83,-3.68,-3.68,0.16,0.12,-0.03,386,374,376,427,320
-3.45,-4.34,-4.34,0.11,0.04,-0.16,340,327,326,367,319
-2.59,-4.47,-4.47,0.21,0.01,-0.05,331,310,306,347,318
-3.02,-4.46,-4.46,0.09,0.03,0.06,328,306,303,344,318
-2.91,-4.85,-4.85,0.01,-0.01,-0.04,331,309,304,346,318
-3.04,-3.32,-3.32,0.03,0.02,-0.11,346,334,324,377,318
-2.57,-4.63,-4.63,-0.02,0.02,0.01,382,378,376,453,318
-3.32,-4.34,-4.34,-0.18,-0.08,0.15,440,424,426,503,320
-3.03,-3.27,-3.27,-0.02,-0.05,-0.06,468,447,455,527,326
-2.44,-3.99,-3.99,0.12,0.08,0.09,474,454,468,533,340
-4.85,-3.61,-3.61,0.07,0.19,0.18,472,453,468,530,344
-2.35,-3.78,-3.78,0.07,-0.04,-0.27,470,445,457,521,341
-2.66,-3.81,-3.81,0.16,0.15,-0.05,441,404,409,484,329
-3.22,-3.96,-3.96,0.13,0.03,-0.15,393,355,357,423,322
-2.28,-4.47,-4.47,0.10,-0.03,-0.16,355,327,328,374,320
-2.51,-4.80,-4.80,0.07,-0.04,-0.09,340,315,314,352,319
-2.71,-4.14,-4.14,0.08,-0.03,-0.11,336,311,309,347,319
-2.68,-5.06,-5.06,0.00,-0.02,0.02,335,310,307,345,318
-3.78,-3.83,-3.83,-0.05,-0.02,-0.05,350,335,326,359,318
-2.51,-4.54,-4.54,0.02,0.02,0.01,375,378,375,407,319
-3.12,-5.10,-5.10,0.05,-0.05,-0.06,402,411,416,455,318
-2.17,-4.52,-4.52,-0.15,-0.11,-0.10,440,444,457,502,318
-2.73,-3.45,-3.45,0.01,0.01,-0.17,461,457,473,520,319
-2.85,-3.52,-3.52,-0.11,0.04,0.10,460,456,474,521,318
-3.07,-3.19,-3.19,0.20,0.06,-0.04,451,448,461,509,318
-2.38,-4.41,-4.41,0.17,0.11,-0.07,409,406,413,462,318
-2.63,-4.15,-4.15,0.21,0.13,-0.03,359,350,352,398,318
-2.41,-4.83,-4.83,-0.05,-0.05,-0.01,339,325,323,365,318
-2.27,-4.61,-4.61,0.00,-0.11,-0.06,335,315,313,354,318
-2.84,-4.67,-4.67,-0.03,-0.05,0.00,333,310,309,348,318
-2.73,-4.38,-4.38,-0.01,-0.06,-0.03,332,309,306,347,318
END
-2.95,-3.88,-3.88,-0.00,-0.05,-0.10,333,312,309,350,317
-2.66,-4.48,-4.48,0.02,-0.00,-0.03,333,312,309,351,318
-2.62,-4.41,-4.41,0.02,-0.01,-0.04,333,313,308,351,317
-2.68,-4.46,-4.46,0.03,0.01,-0.03,333,313,308,351,317
-2.75,-4.29,-4.29,0.04,-0.00,-0.03,333,313,309,350,317
-2.81,-5.52,-5.52,0.04,0.00,-0.03,337,329,322,365,317
-3.89,-2.94,-2.94,-0.23,-0.07,-0.33,388,407,417,480,317
-2.08,-2.89,-2.89,0.09,-0.03,-0.03,439,441,455,518,319
-2.56,-5.01,-5.01,-0.09,-0.08,0.12,460,451,465,524,319
-2.28,-3.98,-3.98,0.12,-0.02,-0.05,456,448,462,519,319
-3.01,-3.79,-3.79,0.05,0.11,0.08,454,446,459,516,319
-2.20,-3.96,-3.96,0.08,0.01,-0.05,441,429,438,502,319
-2.98,-4.22,-4.22,0.10,0.03,-0.12,401,384,388,462,318
-3.27,-4.15,-4.15,0.12,0.02,-0.18,353,338,338,393,318
-1.74,-4.36,-4.36,0.14,-0.07,-0.12,333,314,311,352,318
-2.89,-4.77,-4.77,0.09,-0.01,0.05,330,309,305,344,318
-2.78,-5.13,-5.13,-0.02,-0.05,-0.06,329,307,303,346,317
-3.07,-3.29,-3.29,-0.10,-0.07,-0.15,353,341,328,398,318
-2.51,-4.06,-4.06,-0.08,0.02,0.27,398,400,384,472,318
-3.12,-4.41,-4.41,-0.26,-0.15,0.30,446,435,429,505,318
-2.76,-3.80,-3.80,0.02,-0.02,-0.13,457,443,445,518,321
-3.31,-3.27,-3.27,0.06,-0.03,0.03,454,442,447,519,324
-3.41,-3.76,-3.76,0.04,-0.03,-0.01,447,436,439,513,324
-3.22,-3.32,-3.32,0.20,0.06,-0.16,416,406,402,466,322
-3.43,-4.03,-4.03,0.26,0.13,-0.19,367,355,347,388,320
-2.63,-4.44,-4.44,0.24,0.03,-0.14,338,321,315,351,319
-2.30,-4.43,-4.43,0.09,0.00,-0.03,331,310,305,343,318
-2.79,-4.84,-4.84,0.08,0.02,-0.09,329,306,302,341,318
-2.40,-5.02,-5.02,-0.05,-0.01,0.01,333,309,303,341,318
-3.11,-3.71,-3.71,-0.11,-0.08,-0.15,355,341,331,364,318
-1.97,-5.28,-5.28,-0.24,-0.17,0.20,393,389,386,412,318
-3.32,-4.72,-4.72,-0.28,-0.09,0.21,438,426,426,469,318
-2.57,-3.68,-3.68,-0.10,-0.11,-0.00,458,444,457,510,319
-3.88,-2.89,-2.89,0.02,-0.05,-0.13,461,445,463,520,319
-3.14,-3.54,-3.54,0.10,-0.10,-0.02,459,437,452,512,319
END
-4.29,-3.70,-3.70,0.21,0.18,0.04,336,316,306,349,317
-2.90,-4.39,-4.39,0.01,-0.03,-0.07,336,317,305,351,317
-2.61,-4.43,-4.43,-0.01,-0.03,-0.03,335,317,306,356,317
-3.24,-4.32,-4.32,0.05,-0.01,-0.02,336,317,307,356,317
-2.91,-4.69,-4.69,-0.05,-0.06,-0.07,337,332,322,378,317
-3.83,-3.68,-3.68,-0.29,-0.16,-0.29,377,415,414,473,318
-1.11,-5.03,-5.03,-0.02,-0.17,-0.01,444,454,461,527,320
-2.38,-4.08,-4.08,-0.14,-0.19,-0.07,475,466,474,537,322
-3.56,-3.91,-3.91,-0.04,-0.10,-0.05,474,464,474,538,323
-3.78,-3.37,-3.37,0.03,0.02,-0.03,472,462,468,531,323
-2.57,-4.04,-4.04,0.10,0.11,0.04,448,442,443,503,323
-3.46,-3.92,-3.92,0.31,0.21,-0.05,387,388,381,432,320
-2.44,-4.23,-4.23,0.10,-0.01,-0.12,345,337,333,377,319
-2.54,-4.48,-4.48,0.09,-0.05,-0.12,332,313,311,354,319
-2.40,-4.83,-4.83,-0.00,-0.11,-0.05,329,307,305,347,318
-3.12,-4.93,-4.93,-0.01,-0.03,0.00,330,307,304,345,319
-3.37,-3.96,-3.96,-0.06,-0.12,-0.17,344,329,319,358,318
-2.56,-4.69,-4.69,-0.10,-0.10,0.02,382,385,371,410,319
-1.92,-4.98,-4.98,-0.36,-0.36,-0.01,425,425,418,478,318
-3.75,-3.60,-3.60,0.05,-0.14,-0.08,450,443,447,520,319
-4.85,-3.39,-3.39,0.08,0.03,-0.02,462,451,460,535,318
-3.96,-3.45,-3.45,0.05,0.05,0.03,458,449,459,535,319
-3.85,-3.91,-3.91,0.28,0.22,0.05,448,438,445,519,320
-2.81,-3.47,-3.47,0.30,0.23,-0.28,409,390,387,458,320
-2.20,-4.19,-4.19,0.25,0.21,-0.09,358,339,336,382,319
-2.25,-5.03,-5.03,0.13,0.03,-0.02,336,316,312,351,318
-2.56,-4.96,-4.96,0.05,-0.01,0.00,333,311,307,345,318
-2.80,-4.73,-4.73,-0.01,-0.01,0.01,334,311,307,345,318
-3.78,-3.09,-3.09,-0.05,0.02,0.00,354,348,339,389,317
-2.38,-4.32,-4.32,0.33,0.20,-0.08,381,387,381,455,318
-2.18,-5.36,-5.36,-0.05,0.07,0.08,421,421,421,500,321
-2.33,-4.63,-4.63,0.01,-0.01,0.04,447,440,450,517,328
-2.18,-4.57,-4.57,-0.13,-0.17,-0.02,448,439,449,514,332
-3.16,-4.21,-4.21,0.10,0.06,0.05,435,429,439,508,332
-2.07,-4.41,-4.41,-0.02,0.03,-0.07,384,379,385,462,328
END
-2.98,-4.41,-4.41,0.15,0.03,-0.16,385,397,387,406,318
-2.85,-4.68,-4.68,-0.19,-0.16,-0.07,431,435,428,468,318
-2.48,-4.25,-4.25,0.11,-0.05,-0.10,455,445,447,494,319
-3.85,-4.28,-4.28,-0.07,-0.02,0.03,471,452,458,508,319
-2.86,-4.20,-4.20,0.04,-0.07,-0.02,475,455,464,518,320
-2.39,-4.09,-4.09,-0.11,-0.15,-0.05,484,463,476,532,322
-3.42,-3.51,-3.51,0.04,-0.06,-0.10,480,461,473,531,323
-4.16,-3.52,-3.52,0.06,0.06,-0.03,466,447,456,514,322
-3.16,-3.85,-3.85,0.35,0.26,-0.18,416,393,394,453,321
-2.59,-4.34,-4.34,0.19,0.15,-0.08,360,343,342,386,320
-1.96,-4.69,-4.69,0.08,-0.03,-0.06,340,323,320,358,319
-2.95,-4.57,-4.57,0.11,0.03,0.08,334,316,311,349,318
-2.99,-4.32,-4.32,-0.03,-0.04,-0.02,333,315,309,348,318
-3.50,-3.97,-3.97,0.03,0.07,0.12,351,342,333,368,318
-1.43,-5.45,-5.45,0.10,0.04,0.24,380,389,377,415,318
-3.82,-4.69,-4.69,-0.05,0.11,0.36,421,421,418,481,318
-2.02,-4.36,-4.36,-0.08,-0.15,-0.08,444,438,444,508,319
-2.79,-3.24,-3.24,-0.00,0.01,-0.01,451,441,453,515,320
-3.56,-4.23,-4.23,0.02,-0.01,-0.01,450,441,452,515,321
-3.29,-3.98,-3.98,0.07,-0.02,-0.11,447,433,438,502,321
-2.96,-4.21,-4.21,0.04,0.01,-0.15,413,391,387,448,320
-3.73,-3.98,-3.98,0.15,0.09,-0.17,362,343,338,384,319
-1.92,-4.95,-4.95,0.16,-0.07,-0.26,336,320,315,358,319
-2.67,-4.69,-4.69,0.06,-0.01,-0.00,331,312,307,349,318
-2.51,-5.13,-5.13,0.10,0.00,-0.05,328,307,303,346,318
-2.48,-4.97,-4.97,0.03,-0.03,-0.07,330,309,304,347,318
-3.48,-4.59,-4.59,-0.05,0.00,-0.08,347,353,350,384,318
-1.73,-5.08,-5.08,-0.24,-0.15,0.03,384,403,409,451,318
-2.86,-3.94,-3.94,-0.32,-0.23,0.07,443,439,445,494,319
-3.14,-3.75,-3.75,-0.03,-0.19,-0.18,470,453,463,513,322
-4.06,-3.55,-3.55,0.03,0.03,0.04,477,455,464,511,324
-3.14,-3.70,-3.70,0.07,0.05,0.05,470,450,456,506,324
-3.14,-3.92,-3.92,0.17,0.14,-0.05,449,422,421,473,322
-2.94,-4.41,-4.41,0.29,0.21,-0.17,392,362,353,399,320
-2.35,-4.82,-4.82,0.35,0.20,-0.05,337,317,310,354,319
END
-2.11,-5.50,-5.50,0.18,0.05,0.00,335,318,308,349,317
-2.94,-4.45,-4.45,0.01,-0.02,0.01,335,318,308,349,318
-2.74,-4.29,-4.29,-0.01,-0.04,-0.01,335,318,308,349,318
-3.38,-4.06,-4.06,-0.01,-0.02,-0.02,335,318,308,349,318
-2.93,-4.21,-4.21,0.04,0.01,-0.03,336,318,308,350,318
-3.18,-4.30,-4.30,0.07,0.01,-0.03,336,319,308,349,318
-3.19,-4.73,-4.73,0.05,0.04,0.00,337,334,323,357,318
-3.40,-4.46,-4.46,-0.29,-0.10,-0.11,385,408,398,452,318
-2.56,-3.25,-3.25,-0.05,-0.05,-0.01,447,446,448,507,320
-2.66,-3.95,-3.95,-0.04,-0.17,0.02,477,460,470,529,324
-2.59,-3.43,-3.43,-0.03,-0.05,-0.02,474,456,468,529,328
-3.95,-3.03,-3.03,-0.02,-0.01,-0.02,472,454,465,526,328
-3.17,-3.30,-3.30,0.01,0.01,-0.03,458,441,447,512,326
-2.98,-3.83,-3.83,0.23,0.15,-0.14,417,396,397,465,322
-2.68,-4.31,-4.31,0.15,0.10,-0.01,372,351,350,391,319
-2.72,-4.69,-4.69,0.18,0.04,-0.04,341,323,319,354,319
-2.67,-5.00,-5.00,0.02,-0.08,-0.03,335,315,310,348,319
-3.45,-4.16,-4.16,-0.04,-0.07,-0.08,335,315,310,352,319
-3.26,-3.76,-3.76,-0.04,-0.05,0.00,357,354,341,398,319
-2.59,-5.00,-5.00,-0.28,-0.19,0.14,410,415,406,469,319
-4.39,-3.41,-3.41,-0.12,-0.23,-0.19,470,451,453,519,321
-2.37,-4.08,-4.08,-0.13,-0.35,-0.29,483,464,473,537,327
-4.68,-2.99,-2.99,-0.11,-0.05,0.06,485,466,476,536,331
-3.76,-3.22,-3.22,0.13,-0.01,-0.02,476,460,470,531,331
-3.82,-3.44,-3.44,0.14,0.21,0.07,443,432,438,498,326
-3.95,-3.39,-3.39,0.32,0.26,-0.14,386,381,379,429,323
-2.41,-4.10,-4.10,0.26,0.16,-0.09,342,331,329,367,321
-2.62,-4.44,-4.44,0.26,0.11,0.01,331,313,309,349,320
-3.06,-4.75,-4.75,0.01,-0.02,0.04,329,308,305,346,320
-3.28,-4.26,-4.26,-0.06,-0.01,0.10,340,323,313,357,320
-2.93,-4.82,-4.82,-0.23,-0.03,0.16,398,396,379,445,320
-3.37,-3.74,-3.74,-0.28,-0.15,-0.01,464,447,444,513,322
-3.10,-3.73,-3.73,0.13,-0.01,-0.13,480,460,465,531,331
-3.12,-3.80,-3.80,-0.19,-0.16,0.07,478,461,468,534,336
-4.04,-3.35,-3.35,0.09,0.05,-0.07,474,456,464,530,336
END
-3.24,-3.85,-3.85,0.03,0.04,-0.11,334,320,310,352,318
-2.67,-4.31,-4.31,-0.04,-0.02,-0.03,334,320,310,352,318
-2.63,-4.35,-4.35,-0.00,-0.05,-0.09,335,320,311,352,319
-2.87,-4.44,-4.44,0.02,-0.01,-0.04,335,321,311,352,319
-2.66,-4.49,-4.49,0.07,-0.00,-0.10,335,325,313,353,318
-3.01,-5.33,-5.33,-0.01,0.03,0.02,352,363,343,384,318
-1.92,-5.38,-5.38,-0.07,0.02,-0.16,407,422,407,462,319
-2.07,-4.36,-4.36,-0.25,-0.20,0.22,465,455,454,510,323
-2.87,-3.24,-3.24,0.07,-0.13,-0.19,484,465,472,528,329
-3.68,-3.87,-3.87,-0.05,-0.07,0.09,481,464,472,529,332
-4.05,-3.41,-3.41,0.18,0.11,0.06,475,459,466,524,331
-2.89,-3.91,-3.91,0.21,0.28,0.17,440,431,435,496,328
-3.34,-4.51,-4.51,0.31,0.35,0.03,380,377,375,430,323
-2.40,-4.53,-4.53,0.18,0.11,-0.04,343,334,333,378,321
-2.02,-4.98,-4.98,0.05,-0.02,0.04,334,320,318,362,320
-2.95,-4.80,-4.80,0.04,-0.01,0.01,330,313,312,356,320
-3.01,-5.61,-5.61,0.03,0.08,0.16,338,324,316,360,320
-2.09,-5.38,-5.38,-0.02,0.05,0.11,379,387,363,406,320
-2.20,-4.61,-4.61,-0.30,-0.09,0.07,435,433,421,477,320
-3.64,-3.89,-3.89,0.02,0.15,0.17,469,453,453,512,321
-2.07,-3.73,-3.73,0.02,0.02,0.10,478,461,467,525,323
-3.48,-3.47,-3.47,0.06,0.12,0.26,470,456,463,523,324
-3.45,-3.65,-3.65,0.16,0.15,0.13,463,448,453,511,323
-2.46,-3.87,-3.87,0.31,0.40,0.24,413,408,409,464,322
-2.93,-4.06,-4.06,0.31,0.35,0.25,358,355,354,395,320
-2.16,-4.75,-4.75,0.17,0.06,0.08,336,325,324,361,320
-2.74,-4.68,-4.68,0.11,0.05,0.17,331,315,311,350,319
-3.63,-4.19,-4.19,0.12,-0.02,-0.02,329,310,308,348,319
-3.12,-5.01,-5.01,0.03,-0.04,0.06,339,318,311,353,319
END