9.07,-2.18,-2.18,0.20,0.25,0.01,518,445,449,514,335
5.11,-4.71,-4.71,0.00,-0.00,0.01,518,445,449,514,335
5.01,-4.49,-4.49,0.02,-0.02,-0.05,518,445,449,514,335
4.86,-4.51,-4.51,0.04,0.01,-0.00,518,445,449,514,335
5.25,-4.58,-4.58,0.04,-0.02,-0.05,518,445,449,514,335
4.90,-4.59,-4.59,0.03,-0.00,-0.04,518,445,449,513,335
5.18,-4.55,-4.55,0.01,0.01,-0.03,518,445,449,513,335
3.78,-5.47,-5.47,-0.14,0.03,0.00,517,445,449,513,335
1.66,-5.78,-5.78,-0.38,0.34,-0.22,517,444,448,513,335
3.78,-4.45,-4.45,-0.48,0.37,-0.36,515,443,448,513,335
6.69,-2.94,-2.94,-0.49,0.39,-0.42,514,443,448,513,335
4.97,-1.84,-1.84,-0.36,0.53,-0.12,514,443,448,513,335
4.59,-1.94,-1.94,-0.45,0.51,-0.37,514,443,447,513,335
7.14,-1.00,-1.00,-0.56,0.56,-0.66,514,443,447,513,335
8.69,0.86,0.86,-0.59,0.52,-0.57,514,442,447,513,335
7.93,1.19,1.19,-0.42,0.47,-0.26,513,442,447,512,336
7.47,1.27,1.27,-0.39,0.61,-0.35,514,442,447,512,337
7.41,1.31,1.31,-0.56,0.49,-0.24,514,442,446,511,337
12.13,3.47,3.47,-0.46,0.34,-0.46,513,441,446,511,337
13.87,4.49,4.49,-0.27,0.16,-0.23,513,441,446,510,337
10.24,3.08,3.08,-0.02,0.29,0.03,513,441,445,510,338
9.82,2.90,2.90,-0.10,0.09,-0.02,512,440,445,510,337
9.92,2.84,2.84,-0.05,0.05,-0.09,512,440,446,510,337
9.08,2.69,2.69,0.04,0.02,0.05,512,440,446,509,337
8.98,2.54,2.54,0.03,0.04,-0.01,512,440,445,509,337
8.95,2.45,2.45,0.01,0.03,-0.04,512,440,445,509,337
10.94,2.44,2.44,0.05,0.03,-0.04,512,440,445,509,338
9.32,2.41,2.41,0.02,0.00,-0.04,512,440,445,509,338
8.92,2.47,2.47,0.02,0.00,-0.03,512,440,445,509,337
9.00,2.35,2.35,0.05,0.03,0.03,512,439,445,509,338
9.16,2.20,2.20,-0.00,0.00,-0.07,512,440,445,508,338
8.87,2.51,2.51,0.01,0.02,0.01,512,440,445,508,337
9.49,2.38,2.38,-0.02,-0.01,-0.03,512,440,445,508,338
9.16,2.51,2.51,-0.00,0.04,-0.04,512,440,445,508,338
9.04,2.44,2.44,0.02,0.03,-0.05,512,439,445,508,337
END
9.43,2.39,2.39,0.02,0.05,-0.02,498,433,440,505,332
3.32,-4.59,-4.59,0.02,-0.06,-0.04,498,433,440,505,332
3.54,-4.62,-4.62,-0.03,-0.05,-0.02,498,433,440,505,332
3.12,-3.93,-3.93,0.18,-0.11,0.24,499,433,440,505,332
1.21,-4.24,-4.24,0.14,-0.11,0.32,501,434,440,505,332
2.14,-4.42,-4.42,-0.01,-0.10,-0.06,502,434,440,505,332
2.11,-4.60,-4.60,0.02,0.04,0.06,502,434,440,505,332
2.79,-4.85,-4.85,0.00,-0.08,-0.03,502,434,440,505,332
2.59,-4.95,-4.95,0.01,-0.01,0.12,502,434,440,505,332
1.34,-4.69,-4.69,0.01,-0.10,0.10,502,434,440,505,332
-1.79,-5.26,-5.26,-0.11,0.15,0.13,502,434,440,505,332
0.84,-5.60,-5.60,-0.08,0.61,-0.16,502,433,440,505,333
3.83,-5.04,-5.04,-0.50,0.37,-0.10,500,433,440,504,332
3.93,-3.22,-3.22,-0.43,0.49,0.06,498,433,440,504,332
2.53,-2.73,-2.73,-0.26,0.46,0.11,497,433,440,504,332
2.37,-2.44,-2.44,-0.06,0.62,-0.59,497,433,439,504,330
5.11,-2.51,-2.51,-0.41,0.52,-0.61,495,433,438,503,333
6.18,-2.12,-2.12,-0.12,0.71,-0.67,494,433,438,503,332
6.28,-1.35,-1.35,-0.48,0.46,-0.21,493,432,437,503,333
7.02,-0.14,-0.14,-0.22,0.56,-0.43,492,432,437,502,332
6.91,0.17,0.17,-0.18,0.56,-0.45,493,432,437,502,333
7.35,0.99,0.99,-0.44,0.26,-0.11,492,432,436,502,333
8.55,1.54,1.54,-0.26,0.34,-0.12,492,432,436,501,333
6.75,1.50,1.50,0.01,0.51,-0.08,492,432,436,501,333
7.15,0.56,0.56,-0.22,0.38,-0.10,492,432,436,501,333
9.12,2.05,2.05,-0.20,0.41,-0.26,492,432,436,501,334
9.55,1.24,1.24,-0.24,0.27,-0.13,492,432,436,500,334
9.44,1.45,1.45,-0.19,0.35,-0.18,492,432,435,500,334
7.72,1.56,1.56,-0.19,0.35,-0.09,493,431,435,500,336
9.88,1.58,1.58,-0.37,0.20,-0.06,493,431,435,499,336
8.82,1.91,1.91,-0.09,0.44,0.02,493,431,435,499,337
8.66,2.23,2.23,-0.28,0.29,0.15,494,432,435,499,338
11.40,2.62,2.62,-0.14,0.23,0.04,494,431,435,498,339
10.50,2.89,2.89,0.03,0.33,0.05,495,432,435,498,340
10.25,2.63,2.63,-0.08,0.22,-0.01,495,431,435,498,339
END
10.24,2.49,2.49,-0.02,0.08,-0.04,497,432,436,497,331
2.82,-4.24,-4.24,-0.02,-0.16,0.01,497,432,435,497,330
1.22,-4.36,-4.36,0.22,-0.00,-0.07,496,431,436,497,330
1.35,-5.13,-5.13,-0.03,-0.13,-0.34,497,432,435,497,330
2.40,-5.13,-5.13,0.07,0.02,-0.13,496,432,435,497,329
2.39,-4.36,-4.36,-0.04,-0.02,-0.03,496,431,435,497,329
1.44,-4.06,-4.06,0.02,0.01,-0.04,496,431,436,497,329
1.65,-4.51,-4.51,-0.14,0.00,-0.09,496,431,436,497,329
0.82,-4.80,-4.80,-0.15,0.22,-0.11,495,431,435,497,329
-0.06,-4.59,-4.59,-0.31,0.42,-0.49,494,430,435,497,328
4.49,-4.34,-4.34,-0.44,0.40,-0.14,492,430,434,496,327
1.66,-2.26,-2.26,-0.18,0.70,-0.06,491,429,434,496,327
3.92,-1.76,-1.76,-0.54,0.32,-0.09,491,429,433,496,327
5.29,-0.89,-0.89,-0.32,0.47,-0.19,490,429,433,496,327
5.29,-0.95,-0.95,-0.15,0.58,-0.27,490,429,433,496,327
5.95,-0.58,-0.58,-0.36,0.49,-0.38,490,429,433,496,327
7.21,0.29,0.29,-0.13,0.53,-0.32,490,429,433,496,327
7.45,-0.82,-0.82,-0.39,0.29,-0.26,489,429,433,496,327
5.37,0.33,0.33,-0.08,0.56,-0.24,490,429,433,496,328
7.75,0.56,0.56,-0.34,0.37,-0.37,489,429,432,496,328
8.50,2.20,2.20,-0.14,0.52,-0.49,489,428,432,495,327
8.66,1.53,1.53,-0.34,0.14,0.06,489,428,432,495,327
8.29,2.46,2.46,-0.14,0.37,-0.12,489,428,432,495,328
8.01,1.51,1.51,-0.11,0.29,-0.01,489,427,432,494,328
9.12,1.91,1.91,-0.20,0.30,-0.14,489,428,432,495,329
7.58,3.00,3.00,-0.02,0.40,-0.14,490,428,432,495,329
10.50,1.91,1.91,-0.11,0.32,-0.39,489,428,432,495,329
7.96,1.77,1.77,0.12,0.52,0.08,490,428,432,494,330
8.16,2.47,2.47,-0.29,0.35,-0.02,490,428,432,494,330
9.85,2.64,2.64,-0.21,0.38,-0.21,490,428,432,494,331
10.55,3.00,3.00,-0.22,0.27,-0.15,490,428,432,494,330
9.92,2.61,2.61,0.08,0.32,-0.15,491,428,432,494,331
9.16,3.46,3.46,-0.02,0.18,0.19,491,428,432,494,331
11.45,3.29,3.29,-0.15,0.02,-0.17,491,428,431,494,332
10.66,2.91,2.91,0.05,0.02,-0.04,491,428,432,493,332
END
8.83,2.81,2.81,0.06,-0.03,0.01,491,429,433,495,328
2.13,-3.25,-3.25,0.06,0.08,-0.13,491,429,433,494,328
1.71,-3.55,-3.55,-0.04,0.12,-0.05,491,429,432,494,328
0.50,-4.06,-4.06,-0.05,0.31,0.02,491,428,432,494,328
3.34,-4.00,-4.00,-0.22,0.43,-0.05,491,429,432,494,328
2.66,-3.16,-3.16,-0.25,0.36,-0.05,491,428,432,494,328
2.31,-2.27,-2.27,-0.35,0.30,-0.28,491,429,432,494,328
1.24,-1.91,-1.91,-0.11,0.60,0.06,491,428,432,494,328
4.68,-1.73,-1.73,-0.30,0.50,-0.24,490,428,432,494,328
7.47,-0.10,-0.10,-0.14,0.65,-0.06,491,428,432,494,328
7.15,-0.14,-0.14,-0.08,0.50,-0.37,492,429,432,494,328
5.52,-0.80,-0.80,-0.15,0.42,-0.15,493,430,432,493,328
7.14,0.33,0.33,-0.13,0.29,-0.32,492,429,432,493,329
5.98,-0.20,-0.20,-0.10,0.33,-0.03,493,429,432,493,329
6.60,-0.69,-0.69,-0.26,0.37,-0.25,493,429,432,493,329
7.87,-0.21,-0.21,-0.14,0.51,-0.28,493,429,432,493,330
9.32,0.53,0.53,-0.24,0.44,-0.17,492,429,431,493,330
9.46,1.03,1.03,-0.07,0.34,-0.05,492,429,432,492,330
5.81,0.93,0.93,0.15,0.62,-0.03,494,430,432,492,331
8.78,0.62,0.62,-0.15,0.49,-0.41,495,430,432,492,333
10.36,0.95,0.95,-0.19,0.49,-0.44,494,430,432,492,333
9.83,1.99,1.99,-0.14,0.49,-0.34,494,430,432,492,334
11.51,2.36,2.36,-0.29,0.44,-0.32,493,429,432,492,333
11.16,2.55,2.55,-0.09,0.26,-0.13,493,429,432,492,333
11.21,2.29,2.29,-0.05,0.11,-0.11,493,429,432,492,333
9.22,2.81,2.81,-0.00,0.03,0.07,493,429,432,492,333
9.55,2.80,2.80,-0.01,-0.07,-0.03,492,429,431,491,334
8.65,2.41,2.41,0.09,-0.01,0.07,492,429,432,491,334
8.66,2.33,2.33,0.03,-0.02,-0.04,492,429,431,491,334
9.35,2.41,2.41,0.07,0.05,-0.04,492,429,431,491,333
9.63,2.58,2.58,-0.00,-0.00,-0.08,492,428,431,491,333
9.06,2.35,2.35,0.08,0.01,-0.03,492,428,431,491,333
9.07,2.19,2.19,0.01,-0.00,-0.05,492,429,431,491,332
9.17,2.27,2.27,0.04,0.02,-0.04,492,429,431,491,333
8.87,2.49,2.49,0.02,0.02,-0.06,492,429,431,491,333
END
9.79,2.52,2.52,-0.00,-0.02,-0.08,491,428,431,492,328
1.25,-3.89,-3.89,0.03,0.01,-0.05,491,428,431,492,328
0.62,-4.10,-4.10,-0.03,0.05,-0.02,490,428,431,491,328
1.35,-4.80,-4.80,-0.02,0.18,0.04,491,428,431,492,328
0.71,-4.16,-4.16,-0.11,0.29,0.21,491,428,431,492,328
2.39,-3.48,-3.48,-0.12,0.31,0.01,491,428,431,492,328
1.75,-3.41,-3.41,-0.15,0.25,-0.01,490,428,431,491,328
2.04,-2.75,-2.75,-0.02,0.47,-0.21,491,428,431,492,328
1.35,-2.79,-2.79,-0.05,0.48,-0.27,492,429,431,492,328
3.95,-2.62,-2.62,-0.34,0.38,-0.52,492,429,431,491,328
3.83,-2.20,-2.20,-0.17,0.57,-0.34,492,429,431,491,328
4.95,-1.83,-1.83,-0.28,0.49,-0.31,492,429,430,491,328
5.43,-1.17,-1.17,-0.21,0.57,-0.35,492,429,431,491,328
5.52,-0.88,-0.88,-0.26,0.48,-0.17,492,429,431,491,328
6.83,-0.12,-0.12,-0.31,0.42,-0.27,492,428,430,490,329
6.94,0.27,0.27,-0.14,0.51,-0.22,492,428,431,490,328
7.70,0.04,0.04,-0.20,0.42,-0.28,491,428,430,491,328
8.05,0.88,0.88,-0.08,0.45,-0.15,492,428,430,490,329
9.05,0.85,0.85,-0.11,0.40,-0.23,492,428,430,490,329
8.65,1.21,1.21,-0.05,0.31,-0.31,492,428,430,491,329
8.69,0.82,0.82,-0.12,0.10,-0.01,492,429,431,490,329
8.01,0.78,0.78,0.09,0.32,0.01,493,429,430,490,330
8.97,0.80,0.80,-0.08,0.20,-0.13,493,429,431,490,331
8.85,0.78,0.78,-0.09,0.15,0.07,493,429,431,490,331
8.71,1.54,1.54,0.01,0.33,-0.13,494,429,430,490,332
8.17,1.70,1.70,0.04,0.34,-0.06,494,429,430,490,332
8.70,1.49,1.49,-0.22,0.28,-0.18,495,429,430,490,332
8.67,1.25,1.25,-0.07,0.32,-0.06,494,429,430,490,333
11.44,1.65,1.65,-0.11,0.25,-0.27,494,428,430,489,333
10.02,2.02,2.02,-0.12,0.08,-0.16,494,429,430,489,335
9.74,2.15,2.15,-0.08,0.10,-0.01,494,429,430,490,334
9.02,2.08,2.08,0.06,0.17,0.03,494,428,430,490,335
8.52,1.86,1.86,0.00,0.19,-0.08,493,429,431,489,335
9.74,2.10,2.10,-0.04,0.16,-0.10,493,429,430,489,334
9.52,2.25,2.25,0.01,0.13,-0.05,493,428,430,490,334
END
10.09,2.33,2.33,-0.04,0.09,-0.12,495,429,431,491,329
1.60,-4.09,-4.09,-0.05,0.08,0.07,494,429,431,491,329
0.96,-4.06,-4.06,0.07,0.08,0.08,494,429,431,491,329
1.15,-4.18,-4.18,-0.03,0.10,0.02,494,429,431,490,329
3.66,-4.03,-4.03,-0.04,0.10,-0.02,494,429,431,491,329
0.78,-4.21,-4.21,-0.04,0.15,-0.06,494,429,431,491,329
1.62,-4.51,-4.51,-0.16,0.23,-0.18,494,429,431,490,329
1.64,-4.62,-4.62,-0.25,0.30,-0.01,493,428,431,491,329
1.88,-2.84,-2.84,-0.20,0.42,-0.11,493,428,431,491,329
3.70,-2.82,-2.82,-0.23,0.34,-0.01,493,428,430,491,329
3.06,-2.77,-2.77,-0.13,0.45,-0.04,492,428,431,490,329
4.00,-2.17,-2.17,-0.16,0.33,-0.18,492,428,431,490,328
4.32,-2.11,-2.11,-0.17,0.34,-0.15,492,428,430,490,329
4.10,-1.92,-1.92,-0.12,0.39,-0.26,493,428,430,490,329
4.58,-1.85,-1.85,-0.19,0.43,-0.24,492,428,430,490,329
5.66,-1.49,-1.49,-0.21,0.42,-0.19,492,428,430,490,329
6.05,-0.83,-0.83,-0.17,0.46,-0.31,492,428,430,489,329
7.20,-0.71,-0.71,-0.22,0.33,-0.32,492,428,430,490,329
6.25,-0.60,-0.60,-0.11,0.39,-0.05,493,428,430,490,330
6.85,-0.34,-0.34,-0.15,0.41,-0.21,493,428,430,489,330
6.10,0.01,0.01,-0.03,0.50,-0.14,493,428,429,489,330
8.61,0.19,0.19,-0.22,0.43,-0.34,492,428,430,489,330
7.16,0.70,0.70,-0.17,0.47,-0.18,492,428,430,489,330
8.81,1.83,1.83,-0.27,0.25,-0.21,492,428,430,489,331
8.07,1.23,1.23,0.02,0.49,-0.09,492,428,430,489,331
8.64,1.16,1.16,-0.11,0.41,-0.21,492,427,429,489,332
9.38,1.56,1.56,-0.16,0.37,-0.32,492,428,429,488,332
8.47,1.64,1.64,-0.21,0.27,-0.07,492,428,430,489,333
9.43,1.58,1.58,0.02,0.43,-0.13,492,428,430,488,333
8.44,1.92,1.92,-0.11,0.36,-0.07,492,428,430,488,334
11.13,2.78,2.78,-0.20,0.25,-0.23,492,427,429,488,334
10.77,3.19,3.19,-0.04,0.13,-0.12,492,427,429,488,333
10.51,2.51,2.51,-0.04,0.01,-0.10,491,427,429,488,333
9.05,2.35,2.35,0.08,0.02,0.04,491,427,429,488,333
8.88,2.19,2.19,-0.00,-0.03,-0.00,491,427,429,488,333
END
9.14,2.67,2.67,0.05,0.02,0.01,496,429,430,489,329
0.52,-4.58,-4.58,0.01,0.03,-0.04,495,429,430,489,329
-0.19,-4.65,-4.65,0.00,0.06,-0.12,496,429,430,489,329
0.75,-4.80,-4.80,-0.14,0.06,-0.20,496,429,430,489,330
1.67,-4.43,-4.43,-0.03,0.08,0.05,496,429,430,489,330
0.33,-4.03,-4.03,-0.01,0.15,0.02,496,429,430,489,330
1.15,-4.27,-4.27,0.02,0.18,0.04,496,429,430,489,330
0.79,-4.87,-4.87,-0.08,0.27,-0.05,496,429,430,489,329
-0.19,-4.48,-4.48,-0.20,0.35,-0.13,496,429,430,489,329
1.44,-3.64,-3.64,-0.20,0.52,-0.31,496,429,430,488,329
2.26,-3.24,-3.24,-0.25,0.61,-0.34,495,428,430,488,330
3.13,-2.71,-2.71,-0.30,0.62,-0.18,494,428,429,489,329
5.76,-2.12,-2.12,-0.39,0.52,-0.40,494,428,429,489,329
5.17,-1.69,-1.69,-0.29,0.50,-0.16,494,428,429,488,329
7.26,-1.14,-1.14,-0.36,0.35,-0.20,494,428,429,488,330
5.75,-0.82,-0.82,-0.10,0.46,-0.18,494,428,429,488,330
6.70,-1.07,-1.07,-0.24,0.40,-0.24,493,428,429,488,330
6.27,-0.55,-0.55,-0.13,0.44,-0.46,493,428,429,488,330
6.98,-0.46,-0.46,-0.19,0.36,-0.11,493,428,429,488,330
7.68,0.82,0.82,-0.06,0.47,-0.39,493,427,429,488,330
7.80,0.06,0.06,-0.16,0.33,-0.06,492,427,429,488,330
8.11,1.00,1.00,-0.06,0.41,-0.27,492,427,429,488,330
7.48,0.08,0.08,-0.09,0.39,-0.08,492,427,428,488,330
8.59,0.83,0.83,-0.15,0.41,-0.28,492,427,428,487,330
8.75,1.34,1.34,-0.21,0.28,-0.20,492,427,429,488,331
9.86,1.45,1.45,-0.13,0.30,-0.16,492,427,429,488,331
8.62,1.88,1.88,-0.05,0.28,-0.01,492,427,429,488,331
9.83,1.74,1.74,-0.13,0.20,-0.17,492,427,429,487,331
8.74,1.92,1.92,-0.02,0.28,-0.16,491,427,428,487,331
9.12,1.73,1.73,-0.19,0.16,-0.13,491,427,428,487,331
8.78,1.82,1.82,-0.06,0.30,-0.14,491,427,428,487,331
9.68,2.25,2.25,-0.14,0.22,-0.16,490,427,428,487,332
9.75,2.51,2.51,-0.07,0.24,-0.15,490,427,428,487,331
10.11,2.84,2.84,-0.06,0.13,-0.04,490,426,428,487,332
10.14,2.46,2.46,-0.02,0.10,-0.09,489,426,428,487,332
END
9.62,2.31,2.31,-0.02,0.06,-0.06,493,427,429,488,328
0.44,-4.62,-4.62,0.00,0.04,-0.05,493,428,429,488,328
0.33,-4.83,-4.83,0.00,0.07,-0.02,493,428,429,488,328
0.09,-4.74,-4.74,0.01,0.15,-0.04,493,428,429,488,328
0.24,-5.12,-5.12,-0.04,0.24,-0.04,493,427,429,488,328
1.05,-4.48,-4.48,-0.04,0.24,0.02,493,428,429,488,327
1.03,-4.23,-4.23,-0.05,0.31,-0.05,493,428,429,488,328
0.92,-4.45,-4.45,-0.11,0.34,-0.23,493,428,429,488,328
1.62,-4.26,-4.26,-0.21,0.34,-0.26,493,428,429,488,328
3.11,-3.93,-3.93,-0.09,0.44,-0.29,493,428,429,488,328
2.64,-3.13,-3.13,-0.13,0.45,-0.16,493,428,429,488,328
4.34,-2.30,-2.30,-0.15,0.29,-0.45,494,428,429,488,328
4.21,-2.48,-2.48,-0.09,0.36,-0.33,494,428,429,488,328
4.55,-2.48,-2.48,-0.17,0.33,-0.31,493,428,429,488,328
4.85,-2.50,-2.50,-0.22,0.33,-0.29,493,428,429,488,328
6.01,-2.12,-2.12,-0.19,0.36,-0.09,493,427,429,488,328
4.86,-1.98,-1.98,-0.15,0.41,-0.19,493,427,429,488,328
5.75,-1.49,-1.49,-0.30,0.32,-0.09,493,427,429,487,328
6.22,-0.60,-0.60,-0.11,0.51,-0.33,493,427,428,487,328
8.03,-0.63,-0.63,-0.25,0.32,-0.21,492,427,428,487,328
9.71,0.19,0.19,-0.07,0.43,-0.21,492,427,428,487,328
7.56,-0.50,-0.50,0.01,0.37,-0.09,492,427,429,487,328
6.99,-0.38,-0.38,-0.12,0.33,-0.18,492,427,428,487,329
8.94,0.28,0.28,-0.26,0.22,-0.37,492,427,429,487,328
6.04,0.05,0.05,-0.04,0.42,-0.07,491,427,428,487,328
8.34,0.29,0.29,-0.30,0.37,-0.26,491,427,428,487,329
7.80,0.88,0.88,-0.05,0.67,-0.43,491,427,428,487,329
10.18,1.55,1.55,-0.22,0.32,-0.10,491,427,428,487,329
10.77,2.02,2.02,-0.03,0.46,-0.17,491,427,428,487,329
9.62,2.20,2.20,-0.08,0.29,0.05,491,426,428,487,330
10.26,1.90,1.90,-0.12,0.23,-0.04,491,426,428,487,330
9.09,2.02,2.02,0.01,0.22,-0.01,490,426,428,486,330
9.35,1.69,1.69,-0.09,0.19,-0.06,491,426,428,486,330
8.82,1.62,1.62,-0.03,0.22,-0.12,491,426,428,487,331
9.61,1.96,1.96,-0.11,0.14,-0.09,491,426,428,487,331
END
9.96,1.97,1.97,-0.03,0.14,-0.05,491,427,429,487,328
0.34,-4.71,-4.71,-0.00,0.00,-0.01,491,427,429,487,328
0.49,-4.57,-4.57,0.05,0.06,-0.02,491,427,429,487,328
0.65,-4.61,-4.61,-0.02,0.09,-0.07,491,426,429,487,328
0.85,-4.53,-4.53,0.01,0.09,-0.02,491,427,429,487,328
0.64,-4.59,-4.59,0.01,0.09,-0.08,491,427,429,487,328
0.01,-5.30,-5.30,-0.04,0.17,0.01,491,427,429,487,328
0.38,-5.24,-5.24,-0.09,0.26,-0.03,492,428,428,487,328
1.83,-4.54,-4.54,-0.23,0.35,-0.17,491,427,429,487,328
1.95,-3.96,-3.96,-0.23,0.34,-0.04,491,427,429,487,328
1.00,-3.37,-3.37,-0.06,0.63,-0.11,490,427,429,487,328
1.75,-3.46,-3.46,-0.28,0.54,-0.46,490,428,429,487,328
2.55,-3.09,-3.09,-0.27,0.57,-0.25,489,428,428,487,328
4.80,-2.48,-2.48,-0.42,0.59,-0.45,489,428,428,486,328
5.36,-1.61,-1.61,-0.34,0.56,-0.47,488,428,428,486,328
6.45,-0.70,-0.70,-0.42,0.49,-0.25,488,426,428,486,328
7.13,0.11,0.11,-0.19,0.56,-0.60,488,427,428,486,328
6.35,-0.45,-0.45,-0.29,0.48,-0.02,488,427,428,487,328
8.61,0.56,0.56,-0.25,0.45,-0.33,488,427,427,486,328
7.21,0.38,0.38,-0.21,0.40,0.04,488,427,428,486,328
9.64,0.66,0.66,-0.30,0.28,-0.26,488,427,428,486,328
6.83,0.74,0.74,0.06,0.49,-0.02,489,427,428,486,328
9.23,0.83,0.83,-0.28,0.26,-0.30,488,427,428,486,329
7.77,1.12,1.12,-0.00,0.47,-0.14,488,426,427,486,329
8.07,1.45,1.45,-0.11,0.31,-0.03,488,427,428,486,329
8.61,1.60,1.60,-0.22,0.34,-0.08,488,427,427,486,330
9.24,1.78,1.78,-0.05,0.39,-0.13,488,427,428,485,330
9.52,1.64,1.64,-0.18,0.27,-0.08,488,427,427,485,330
9.41,1.82,1.82,-0.10,0.28,-0.11,488,426,427,485,330
9.40,1.72,1.72,-0.08,0.22,-0.03,488,427,427,485,331
9.55,1.46,1.46,-0.10,0.26,-0.13,488,426,427,485,331
9.16,2.07,2.07,-0.04,0.26,0.02,488,426,427,485,331
10.75,2.15,2.15,-0.10,0.20,-0.11,488,426,427,485,332
9.93,2.61,2.61,0.04,0.17,-0.05,488,426,427,485,332
9.88,2.32,2.32,-0.06,0.09,-0.12,487,426,427,485,332
END
9.25,2.25,2.25,0.03,0.14,-0.08,489,426,427,486,328
-0.24,-4.40,-4.40,-0.00,0.21,-0.05,490,426,427,486,328
0.85,-4.74,-4.74,-0.08,0.20,-0.11,490,426,427,486,328
1.45,-4.21,-4.21,-0.03,0.26,-0.10,490,426,427,487,328
1.34,-3.99,-3.99,-0.02,0.31,-0.07,490,426,427,486,328
1.88,-3.70,-3.70,-0.13,0.23,0.16,489,426,427,486,328
0.93,-3.45,-3.45,0.03,0.44,-0.46,490,426,427,486,328
2.23,-3.60,-3.60,-0.07,0.50,-0.28,489,426,427,486,328
3.19,-3.46,-3.46,-0.11,0.46,-0.48,490,427,427,486,328
3.96,-3.10,-3.10,-0.08,0.53,-0.56,489,426,427,486,328
4.43,-3.12,-3.12,-0.35,0.35,-0.38,489,426,427,486,328
6.35,-1.72,-1.72,-0.25,0.50,-0.28,489,426,427,486,328
6.74,-0.87,-0.87,-0.10,0.49,-0.18,489,426,427,485,328
6.32,-0.96,-0.96,0.01,0.57,-0.30,490,426,427,485,328
6.92,-1.34,-1.34,-0.06,0.46,-0.45,491,426,427,486,328
7.16,-0.96,-0.96,-0.16,0.45,-0.52,491,427,427,485,328
9.66,-0.26,-0.26,-0.39,0.32,-0.67,490,426,427,485,328
7.93,0.13,0.13,-0.26,0.21,0.04,489,426,427,485,329
8.48,-0.04,-0.04,-0.08,0.40,-0.12,489,426,426,485,329
8.15,0.22,0.22,-0.11,0.38,-0.18,489,426,427,485,329
7.86,0.85,0.85,-0.17,0.33,-0.11,489,426,426,485,329
8.92,0.93,0.93,-0.23,0.26,-0.06,489,426,426,485,330
9.15,1.00,1.00,-0.13,0.38,-0.29,489,426,426,485,330
8.55,1.70,1.70,-0.25,0.23,-0.08,489,425,426,485,331
10.95,2.10,2.10,-0.13,0.31,-0.23,489,426,426,484,331
10.14,2.05,2.05,0.01,0.20,-0.03,489,426,426,485,331
9.83,1.83,1.83,0.00,0.10,-0.02,488,426,426,485,331
9.47,1.77,1.77,0.03,0.06,-0.05,489,426,426,485,331
8.99,1.59,1.59,0.01,0.01,-0.07,489,426,426,484,331
9.14,1.67,1.67,0.03,0.02,-0.06,488,426,426,484,331
9.13,1.44,1.44,0.01,0.03,-0.05,489,426,426,484,331
9.24,1.82,1.82,-0.01,-0.01,-0.05,488,425,426,484,331
8.67,1.88,1.88,0.04,0.02,0.01,488,425,426,484,331
9.64,1.86,1.86,-0.03,-0.04,-0.08,488,425,426,484,331
9.15,1.74,1.74,0.06,0.01,-0.03,488,425,426,484,331
END
9.41,1.51,1.51,0.06,-0.02,-0.02,490,426,427,486,328
1.67,-3.97,-3.97,-0.05,0.23,-0.03,490,426,427,485,328
2.39,-3.87,-3.87,-0.03,0.17,-0.03,489,426,427,485,328
1.67,-4.24,-4.24,-0.01,0.18,0.04,489,426,427,485,328
2.16,-4.12,-4.12,-0.05,0.21,-0.15,490,426,426,486,328
2.53,-4.03,-4.03,-0.05,0.22,-0.07,489,426,427,486,328
1.76,-3.75,-3.75,-0.07,0.28,-0.13,489,426,426,485,328
2.28,-3.55,-3.55,-0.10,0.38,-0.10,489,426,427,485,328
3.50,-3.30,-3.30,-0.11,0.31,-0.21,490,426,426,485,328
3.63,-3.12,-3.12,-0.16,0.38,-0.22,490,426,426,485,328
3.22,-2.95,-2.95,-0.16,0.40,-0.11,490,426,426,485,328
4.52,-2.51,-2.51,-0.14,0.51,-0.42,490,426,426,485,328
5.84,-1.69,-1.69,-0.11,0.44,-0.44,490,426,427,485,328
7.50,-1.72,-1.72,-0.08,0.39,-0.39,490,426,426,485,328
6.86,-1.48,-1.48,0.00,0.27,-0.20,490,426,426,485,328
6.40,-1.87,-1.87,-0.02,0.28,-0.06,490,426,426,485,328
6.48,-1.87,-1.87,-0.01,0.30,-0.23,490,426,426,485,328
6.27,-1.74,-1.74,0.01,0.31,-0.15,490,426,426,485,328
6.79,-1.19,-1.19,-0.08,0.26,-0.23,491,426,426,485,328
6.83,-1.18,-1.18,-0.12,0.32,-0.20,490,426,426,485,328
7.09,-1.15,-1.15,-0.12,0.50,-0.16,490,426,426,485,329
7.72,-0.49,-0.49,-0.15,0.48,-0.32,490,426,426,485,329
9.62,0.09,0.09,-0.18,0.41,-0.40,490,426,426,484,329
8.95,0.72,0.72,-0.07,0.39,-0.18,489,426,426,484,329
9.41,0.44,0.44,-0.17,0.34,-0.25,489,426,426,484,329
9.32,0.62,0.62,-0.05,0.38,-0.13,489,426,426,484,329
9.54,0.93,0.93,-0.11,0.32,-0.11,489,426,426,484,329
9.99,1.10,1.10,-0.15,0.28,-0.41,488,426,426,484,329
9.50,1.45,1.45,-0.15,0.15,-0.15,488,425,426,484,329
9.66,1.30,1.30,-0.09,0.17,-0.08,488,425,425,484,329
9.17,1.64,1.64,-0.01,0.21,-0.09,488,425,426,484,330
9.13,1.74,1.74,-0.08,0.14,-0.16,488,425,426,484,331
9.74,1.98,1.98,-0.06,0.14,-0.13,488,425,426,483,331
9.42,1.97,1.97,-0.08,0.08,-0.04,488,425,426,484,331
10.27,2.20,2.20,-0.04,0.07,-0.11,488,425,426,484,331
END
9.93,2.20,2.20,0.04,0.04,-0.02,489,426,426,485,328
1.07,-4.39,-4.39,0.06,0.03,-0.04,489,426,426,485,328
0.76,-4.53,-4.53,0.00,0.01,-0.02,489,425,426,484,328
0.97,-4.40,-4.40,0.06,0.03,-0.04,489,426,426,484,328
-0.10,-4.66,-4.66,-0.01,0.08,-0.02,489,426,426,485,328
1.15,-4.47,-4.47,-0.00,0.15,-0.07,489,426,426,485,328
0.34,-4.57,-4.57,0.02,0.25,0.04,489,426,426,485,328
0.89,-4.74,-4.74,-0.12,0.26,-0.10,489,426,426,485,328
1.48,-4.29,-4.29,-0.12,0.34,-0.23,489,426,426,484,329
0.44,-3.26,-3.26,0.05,0.53,-0.48,491,426,426,485,328
4.93,-3.46,-3.46,-0.24,0.30,-0.45,490,427,426,485,329
4.00,-3.72,-3.72,-0.07,0.43,0.03,490,426,426,485,329
3.90,-3.35,-3.35,-0.17,0.37,-0.10,490,427,426,485,329
4.47,-3.12,-3.12,-0.18,0.39,-0.23,490,426,426,485,329
4.85,-2.64,-2.64,-0.17,0.39,-0.26,490,426,426,484,329
5.12,-2.32,-2.32,-0.18,0.39,-0.39,490,426,426,484,329
6.22,-1.69,-1.69,-0.20,0.41,-0.27,490,426,426,484,329
5.89,-1.29,-1.29,-0.12,0.43,-0.21,490,426,426,484,329
6.78,-1.53,-1.53,-0.19,0.40,-0.18,490,426,426,484,329
7.54,-0.67,-0.67,-0.13,0.39,-0.34,490,426,426,485,329
8.00,-0.57,-0.57,-0.12,0.28,-0.17,490,426,426,484,329
7.82,-0.52,-0.52,-0.10,0.30,-0.11,490,426,426,484,330
7.37,-0.22,-0.22,-0.08,0.29,-0.20,490,426,426,484,330
7.53,-0.25,-0.25,-0.13,0.25,-0.23,490,426,426,484,330
7.39,0.08,0.08,-0.02,0.38,-0.17,489,426,426,484,330
8.25,0.11,0.11,-0.16,0.32,-0.39,489,426,426,484,330
8.94,0.70,0.70,-0.14,0.29,-0.21,489,426,426,484,330
9.08,0.88,0.88,-0.03,0.28,-0.16,488,425,425,484,330
8.59,0.73,0.73,-0.07,0.31,-0.04,488,425,426,484,331
9.55,1.01,1.01,-0.13,0.18,-0.14,488,425,426,484,331
9.09,1.01,1.01,-0.06,0.21,-0.08,488,425,426,484,331
9.02,1.26,1.26,-0.08,0.20,-0.09,488,425,426,484,331
8.60,1.39,1.39,-0.06,0.22,-0.09,488,425,426,484,331
9.27,1.77,1.77,-0.06,0.20,-0.05,488,425,425,484,331
9.65,1.74,1.74,-0.08,0.16,-0.10,488,425,425,484,332
END
9.48,1.59,1.59,-0.05,0.12,-0.06,487,425,426,484,329
0.50,-4.86,-4.86,-0.03,0.04,-0.08,487,425,426,484,329
0.80,-4.64,-4.64,-0.04,-0.02,-0.04,487,425,426,484,329
0.32,-4.32,-4.32,0.03,0.04,0.02,487,425,426,484,329
0.52,-4.55,-4.55,0.05,0.10,-0.09,487,425,426,484,329
0.87,-4.82,-4.82,0.00,0.07,-0.05,487,425,426,484,329
0.66,-5.04,-5.04,0.02,0.16,0.01,487,425,426,485,329
1.04,-5.25,-5.25,-0.05,0.21,0.01,487,425,426,485,329
1.14,-5.02,-5.02,-0.15,0.23,-0.10,487,425,426,485,329
1.49,-4.09,-4.09,-0.16,0.26,-0.16,487,425,426,485,329
1.90,-3.95,-3.95,-0.12,0.35,0.03,487,425,426,484,329
1.60,-3.58,-3.58,-0.03,0.48,0.03,487,426,426,484,329
2.28,-3.52,-3.52,-0.12,0.48,-0.12,487,425,425,484,329
2.84,-3.41,-3.41,-0.07,0.56,-0.27,487,425,426,484,328
3.90,-3.29,-3.29,-0.20,0.50,-0.38,486,426,425,484,329
4.47,-2.79,-2.79,-0.25,0.50,-0.43,486,425,426,484,329
5.94,-1.76,-1.76,-0.16,0.54,-0.52,486,425,426,484,329
7.25,-1.31,-1.31,-0.16,0.46,-0.65,486,425,425,484,329
7.37,-1.09,-1.09,-0.10,0.40,-0.42,486,425,425,484,329
8.10,-1.03,-1.03,-0.14,0.37,-0.25,486,425,425,484,329
7.24,-0.68,-0.68,-0.06,0.36,-0.11,486,425,425,484,329
7.38,-0.67,-0.67,-0.13,0.34,-0.15,486,425,425,483,329
7.67,-0.54,-0.54,-0.07,0.31,-0.20,486,425,425,483,329
8.23,-0.17,-0.17,-0.10,0.30,-0.29,486,425,425,483,329
8.72,-0.21,-0.21,-0.10,0.28,-0.19,486,425,425,483,330
9.35,-0.23,-0.23,-0.11,0.26,-0.20,485,425,425,483,330
8.92,-0.01,-0.01,-0.05,0.26,-0.05,486,425,425,483,329
8.82,0.32,0.32,-0.16,0.14,0.03,486,425,425,483,330
8.15,0.94,0.94,-0.06,0.27,-0.11,486,425,425,483,330
8.99,1.07,1.07,-0.10,0.24,-0.16,486,425,425,483,330
8.99,1.00,1.00,-0.08,0.23,-0.08,486,425,425,483,331
9.01,1.26,1.26,-0.15,0.17,-0.11,486,425,425,483,331
9.24,0.97,0.97,-0.08,0.21,-0.17,486,424,425,483,331
9.40,1.24,1.24,-0.08,0.15,-0.20,486,424,425,483,331
9.40,1.38,1.38,-0.15,0.17,-0.25,485,424,425,483,331
END
9.19,1.51,1.51,-0.07,0.12,-0.02,484,424,425,484,329
0.35,-4.57,-4.57,-0.07,0.06,-0.01,485,424,425,484,329
0.26,-4.60,-4.60,-0.01,0.18,0.07,485,424,425,484,329
0.07,-4.54,-4.54,0.05,0.36,-0.12,486,424,425,484,329
2.04,-4.41,-4.41,-0.10,0.32,-0.10,485,424,425,485,328
2.10,-4.21,-4.21,-0.05,0.34,-0.14,485,424,425,485,328
2.04,-3.80,-3.80,-0.12,0.29,-0.10,485,424,425,484,328
1.87,-3.68,-3.68,-0.16,0.32,-0.18,485,424,425,484,329
2.91,-3.50,-3.50,-0.16,0.41,-0.21,485,424,424,484,329
3.65,-2.93,-2.93,-0.13,0.42,-0.51,485,424,424,484,328
4.94,-2.83,-2.83,-0.23,0.34,-0.32,484,423,424,484,328
5.00,-2.22,-2.22,-0.11,0.41,-0.34,484,423,424,484,328
5.63,-1.86,-1.86,-0.12,0.36,-0.22,484,423,424,484,328
4.87,-1.93,-1.93,-0.11,0.37,-0.22,484,424,425,484,328
4.50,-1.95,-1.95,-0.15,0.46,-0.23,484,423,424,484,328
6.42,-1.75,-1.75,-0.24,0.39,-0.34,484,423,424,484,328
7.93,-0.24,-0.24,-0.09,0.51,-0.43,483,423,424,484,328
7.12,-0.65,-0.65,-0.14,0.35,-0.05,483,423,424,484,328
7.67,-0.52,-0.52,-0.14,0.36,-0.24,483,423,424,484,328
6.54,-0.06,-0.06,-0.08,0.42,-0.22,483,423,424,483,328
9.20,0.32,0.32,-0.38,0.14,-0.18,483,423,424,483,328
7.24,1.01,1.01,0.13,0.50,-0.34,483,423,424,483,328
8.13,0.90,0.90,-0.23,0.28,-0.23,482,423,424,483,328
9.42,1.01,1.01,-0.14,0.32,-0.18,482,423,424,483,328
9.40,1.31,1.31,-0.07,0.31,-0.08,482,423,424,483,328
8.98,1.43,1.43,-0.09,0.27,-0.14,483,423,424,483,329
8.36,1.59,1.59,-0.12,0.22,-0.05,483,423,424,483,329
9.85,1.37,1.37,-0.20,0.20,-0.22,483,423,424,483,329
8.43,1.83,1.83,0.02,0.29,-0.12,483,423,424,483,329
8.89,2.06,2.06,-0.26,0.21,-0.16,482,423,424,483,330
9.44,2.58,2.58,-0.01,0.29,-0.15,482,423,424,482,330
9.85,2.45,2.45,-0.17,0.20,-0.16,482,422,423,483,330
9.54,2.53,2.53,-0.03,0.19,-0.06,482,422,424,483,331
10.44,2.60,2.60,-0.09,0.14,-0.13,482,422,424,482,331
9.15,2.71,2.71,0.05,0.17,0.03,482,422,423,482,332
END
9.45,2.45,2.45,-0.06,0.14,-0.10,486,424,424,483,329
1.77,-3.13,-3.13,-0.07,0.24,-0.17,486,424,424,483,329
1.64,-3.37,-3.37,-0.00,0.29,-0.06,486,424,424,483,329
0.87,-3.52,-3.52,-0.13,0.44,-0.23,486,424,424,483,329
2.38,-3.27,-3.27,-0.13,0.49,-0.24,485,424,424,483,328
4.03,-2.87,-2.87,-0.11,0.60,-0.37,485,424,423,483,329
6.12,-2.48,-2.48,-0.16,0.45,-0.47,485,423,424,483,328
6.53,-2.32,-2.32,-0.13,0.41,-0.30,484,423,423,483,328
5.28,-1.84,-1.84,-0.08,0.42,-0.16,484,423,423,483,328
6.71,-1.69,-1.69,-0.16,0.31,-0.43,484,423,423,482,328
6.61,-1.34,-1.34,-0.05,0.36,-0.27,485,423,424,483,328
6.85,-1.20,-1.20,-0.13,0.27,-0.23,485,423,424,483,328
6.78,-0.95,-0.95,-0.09,0.28,-0.17,485,423,424,483,328
7.24,-0.74,-0.74,-0.07,0.31,-0.23,484,423,424,483,329
8.38,-0.43,-0.43,-0.15,0.23,-0.25,485,423,423,483,329
7.47,-0.04,-0.04,-0.03,0.26,-0.17,484,423,423,483,328
8.87,0.00,0.00,-0.06,0.21,-0.10,484,423,423,482,328
7.25,-0.45,-0.45,-0.01,0.21,-0.13,484,423,423,482,328
7.74,-0.13,-0.13,-0.07,0.18,-0.17,484,423,423,482,328
8.08,0.56,0.56,-0.06,0.20,-0.13,484,423,423,482,328
8.82,0.75,0.75,-0.05,0.24,-0.14,484,423,423,482,329
8.44,0.70,0.70,-0.12,0.16,0.06,484,423,423,482,329
8.30,0.25,0.25,-0.06,0.19,-0.07,484,423,424,482,329
8.61,0.52,0.52,-0.05,0.18,-0.15,484,423,423,482,329
8.41,0.76,0.76,-0.09,0.19,-0.20,484,423,423,482,329
8.89,1.26,1.26,-0.04,0.17,-0.08,484,423,423,482,329
8.86,1.03,1.03,-0.05,0.23,-0.20,483,423,423,482,330
9.01,1.28,1.28,-0.06,0.18,-0.22,483,423,423,481,330
9.14,1.67,1.67,-0.07,0.21,-0.16,483,423,423,482,330
9.52,1.62,1.62,-0.10,0.18,-0.10,483,423,423,482,330
9.09,1.74,1.74,-0.04,0.20,-0.19,483,422,423,482,330
9.15,1.83,1.83,-0.08,0.14,-0.06,482,422,423,482,330
9.27,2.11,2.11,-0.06,0.19,-0.22,483,422,423,482,330
9.65,2.36,2.36,-0.10,0.08,-0.03,482,422,423,481,330
9.04,2.62,2.62,-0.01,0.17,-0.09,482,422,423,482,330
END
9.27,2.48,2.48,-0.06,0.11,-0.06,483,423,423,482,328
2.09,-4.24,-4.24,-0.05,0.17,0.03,483,422,423,482,328
2.03,-4.13,-4.13,-0.07,0.14,-0.02,482,423,423,482,328
2.10,-3.91,-3.91,-0.09,0.08,-0.02,482,423,423,482,328
1.41,-3.90,-3.90,0.01,0.17,-0.03,483,422,423,482,328
1.13,-3.99,-3.99,-0.07,0.20,-0.05,483,422,423,482,328
1.36,-3.92,-3.92,-0.03,0.39,-0.14,483,422,423,482,328
1.93,-3.58,-3.58,-0.15,0.40,-0.30,483,423,423,482,328
4.55,-3.32,-3.32,-0.24,0.35,-0.38,483,423,423,482,329
3.43,-2.58,-2.58,-0.14,0.53,-0.08,484,422,423,482,328
5.25,-2.30,-2.30,-0.17,0.38,-0.20,484,423,423,482,328
5.33,-2.38,-2.38,-0.10,0.45,-0.34,484,423,423,482,328
5.80,-1.80,-1.80,-0.12,0.36,-0.31,484,422,423,482,328
6.58,-1.70,-1.70,-0.12,0.35,-0.45,483,422,423,482,328
5.24,-1.24,-1.24,0.01,0.43,-0.30,483,422,423,482,328
7.59,-0.95,-0.95,-0.24,0.19,-0.33,483,422,423,482,328
6.68,-0.34,-0.34,0.02,0.39,-0.09,483,422,423,482,328
7.23,-0.95,-0.95,-0.10,0.28,-0.21,483,422,423,482,328
7.12,-0.84,-0.84,-0.07,0.37,-0.14,483,422,423,482,328
7.85,-0.42,-0.42,-0.14,0.33,-0.32,483,422,423,482,328
7.45,-0.05,-0.05,-0.07,0.40,-0.18,483,422,423,482,328
9.53,-0.05,-0.05,-0.20,0.25,-0.20,482,422,423,482,329
7.36,0.65,0.65,-0.07,0.40,0.04,482,422,423,482,329
9.49,1.00,1.00,-0.29,0.16,-0.15,482,422,422,482,329
8.48,1.27,1.27,0.04,0.37,-0.08,482,422,423,482,329
8.71,0.90,0.90,-0.16,0.22,-0.14,482,422,423,482,330
8.74,1.12,1.12,-0.07,0.24,-0.12,482,422,422,481,330
8.93,1.23,1.23,-0.13,0.24,-0.16,482,422,422,481,330
9.61,1.13,1.13,-0.18,0.16,-0.20,482,422,422,481,330
8.82,1.43,1.43,-0.05,0.26,-0.22,481,422,423,481,331
8.73,1.76,1.76,-0.15,0.29,-0.24,481,422,423,481,331
11.08,2.17,2.17,-0.10,0.26,-0.34,481,421,423,482,331
9.86,2.76,2.76,0.02,0.27,-0.01,481,421,422,481,330
10.47,2.92,2.92,-0.12,0.08,-0.10,481,421,422,482,330
9.60,2.55,2.55,0.08,0.08,0.06,480,421,422,481,330
END
9.31,2.29,2.29,0.01,0.04,-0.07,480,421,422,482,328
0.98,-4.47,-4.47,0.01,0.14,-0.08,480,421,422,482,328
1.04,-4.06,-4.06,-0.15,0.14,0.01,480,421,423,482,328
1.71,-4.03,-4.03,-0.07,0.17,-0.07,480,422,423,482,328
2.69,-4.06,-4.06,-0.05,0.15,-0.08,480,421,423,482,328
2.21,-3.74,-3.74,-0.07,0.10,0.07,480,422,422,482,328
0.95,-3.96,-3.96,-0.02,0.18,-0.01,480,421,423,482,328
1.86,-3.94,-3.94,-0.14,0.23,-0.03,480,421,423,482,328
1.59,-3.29,-3.29,-0.06,0.29,-0.05,480,421,423,482,328
2.53,-3.01,-3.01,-0.18,0.27,-0.12,479,421,422,481,328
2.61,-3.03,-3.03,-0.04,0.35,-0.13,479,422,422,481,328
2.91,-2.84,-2.84,-0.12,0.41,-0.13,479,422,422,481,328
3.54,-2.70,-2.70,-0.08,0.45,-0.37,478,422,422,481,328
4.92,-2.63,-2.63,-0.11,0.45,-0.30,478,421,422,481,330
5.02,-2.12,-2.12,-0.04,0.46,-0.34,479,422,422,481,328
5.45,-1.76,-1.76,-0.13,0.41,-0.27,478,422,422,481,328
6.49,-1.66,-1.66,-0.06,0.42,-0.34,479,422,422,481,328
6.64,-1.41,-1.41,-0.15,0.43,-0.26,478,422,422,481,328
7.67,-0.74,-0.74,-0.10,0.32,-0.31,479,421,422,481,328
6.44,-0.50,-0.50,-0.02,0.38,-0.14,479,422,422,481,328
7.50,-0.53,-0.53,-0.04,0.27,-0.17,479,422,422,481,328
8.08,-0.41,-0.41,-0.08,0.24,-0.08,479,421,422,481,328
7.74,-0.30,-0.30,-0.07,0.21,-0.16,479,421,422,481,328
7.21,-0.14,-0.14,-0.03,0.28,-0.07,479,421,422,481,328
8.39,-0.18,-0.18,-0.13,0.22,-0.18,479,421,422,481,328
7.85,0.34,0.34,-0.08,0.28,-0.08,478,421,422,481,328
8.15,0.20,0.20,-0.10,0.25,-0.18,479,421,422,481,329
7.94,0.14,0.14,-0.18,0.29,-0.17,479,421,422,481,329
8.89,0.31,0.31,-0.17,0.25,-0.21,478,421,422,481,329
9.53,0.93,0.93,-0.15,0.27,-0.12,478,421,422,481,329
9.20,1.11,1.11,-0.12,0.28,-0.01,478,421,422,481,330
8.38,1.27,1.27,0.01,0.31,-0.07,478,420,422,480,330
8.74,1.03,1.03,-0.12,0.30,-0.23,478,421,421,481,330
8.66,1.79,1.79,-0.12,0.31,-0.22,478,420,421,480,330
11.21,1.82,1.82,-0.23,0.19,-0.26,478,421,422,480,330
END
8.89,2.34,2.34,-0.04,0.24,-0.05,478,421,422,481,327
1.74,-4.44,-4.44,0.01,0.02,-0.02,478,421,422,481,327
1.47,-4.29,-4.29,-0.03,0.02,-0.02,478,421,422,481,327
1.29,-4.19,-4.19,0.02,0.05,-0.01,478,421,422,481,328
1.67,-4.19,-4.19,-0.02,0.06,-0.06,478,421,421,481,327
1.64,-4.16,-4.16,0.05,0.08,0.01,478,421,421,481,327
1.31,-4.31,-4.31,-0.02,0.07,0.04,478,421,421,481,327
1.51,-4.32,-4.32,0.05,0.09,-0.05,479,421,421,481,327
1.74,-4.45,-4.45,-0.07,0.16,-0.04,479,421,421,480,327
1.66,-4.06,-4.06,-0.08,0.17,0.05,479,420,421,481,327
1.91,-3.72,-3.72,-0.08,0.21,-0.03,479,421,422,481,328
1.71,-3.65,-3.65,-0.08,0.23,-0.10,479,421,422,481,327
1.10,-3.47,-3.47,-0.04,0.33,-0.20,479,421,422,481,327
3.35,-3.33,-3.33,-0.12,0.37,-0.38,479,421,422,481,327
4.42,-3.12,-3.12,-0.12,0.41,-0.25,479,421,421,481,327
4.11,-2.75,-2.75,-0.13,0.40,-0.12,480,422,422,481,327
4.47,-2.84,-2.84,-0.16,0.39,-0.17,480,421,421,481,327
5.41,-2.43,-2.43,-0.12,0.42,-0.30,480,421,421,481,327
5.84,-2.36,-2.36,-0.12,0.41,-0.09,480,421,422,481,327
5.77,-1.65,-1.65,-0.16,0.40,-0.36,480,421,421,481,327
6.83,-1.49,-1.49,-0.20,0.31,-0.26,480,421,422,481,327
5.74,-1.21,-1.21,-0.10,0.38,-0.29,480,421,421,480,327
6.75,-1.06,-1.06,-0.15,0.33,-0.32,480,421,421,481,327
6.88,-0.55,-0.55,-0.14,0.40,-0.44,481,421,422,481,327
8.21,0.02,0.02,-0.19,0.36,-0.29,481,421,421,481,327
8.43,0.78,0.78,-0.18,0.34,-0.26,481,421,421,481,327
7.98,0.72,0.72,-0.12,0.32,-0.15,481,422,422,480,328
8.13,0.88,0.88,-0.17,0.32,-0.15,480,421,421,481,328
8.24,0.55,0.55,-0.15,0.33,-0.25,480,421,421,480,328
8.08,1.12,1.12,-0.12,0.40,-0.18,480,421,421,480,328
8.92,1.53,1.53,-0.19,0.35,-0.29,480,421,421,480,328
8.72,1.93,1.93,-0.23,0.33,-0.20,479,421,421,480,328
9.32,2.18,2.18,-0.17,0.36,-0.19,479,421,421,480,328
9.83,2.41,2.41,-0.13,0.35,-0.19,479,421,421,480,328
9.44,2.54,2.54,-0.09,0.30,-0.15,479,421,421,480,329
END
10.96,2.84,2.84,-0.23,0.17,-0.34,478,420,421,481,327
1.25,-4.52,-4.52,0.04,0.05,-0.09,478,420,421,481,327
0.90,-4.56,-4.56,-0.03,0.07,-0.01,478,420,421,480,326
1.39,-4.12,-4.12,0.06,0.14,-0.15,478,420,421,481,327
1.23,-4.62,-4.62,-0.04,0.10,-0.02,478,420,420,481,327
1.00,-4.85,-4.85,0.00,0.17,-0.13,478,420,421,480,327
1.95,-4.75,-4.75,-0.10,0.17,-0.11,478,420,421,480,327
1.25,-4.53,-4.53,-0.12,0.22,-0.04,478,420,421,480,327
1.22,-4.16,-4.16,-0.13,0.41,-0.04,478,420,421,481,327
2.10,-3.52,-3.52,-0.15,0.42,-0.15,478,420,421,481,327
4.86,-2.95,-2.95,-0.14,0.41,-0.20,478,420,421,481,327
4.95,-3.00,-3.00,-0.08,0.36,-0.01,478,420,421,481,327
3.80,-3.14,-3.14,-0.03,0.36,-0.02,478,420,421,481,327
4.35,-3.46,-3.46,-0.07,0.30,-0.20,478,420,421,480,327
3.67,-3.09,-3.09,-0.08,0.36,-0.24,478,420,421,480,327
4.05,-2.64,-2.64,-0.06,0.44,-0.40,478,420,421,480,327
5.64,-2.40,-2.40,-0.17,0.46,-0.52,478,420,421,480,327
6.98,-1.46,-1.46,-0.14,0.47,-0.45,478,420,421,480,327
8.56,-1.00,-1.00,-0.23,0.42,-0.32,478,420,421,480,327
7.30,-0.41,-0.41,-0.09,0.40,-0.15,478,421,421,480,327
8.38,-0.91,-0.91,-0.14,0.32,-0.32,478,420,421,480,327
7.06,-0.24,-0.24,-0.03,0.37,-0.28,478,420,421,480,327
8.71,-0.50,-0.50,-0.23,0.23,-0.31,478,420,421,480,327
7.21,0.10,0.10,-0.10,0.35,-0.26,478,420,421,480,327
8.30,0.39,0.39,-0.19,0.23,-0.28,477,420,421,479,327
8.77,0.98,0.98,-0.09,0.29,-0.18,477,420,421,479,327
8.69,1.09,1.09,-0.10,0.29,-0.21,478,420,421,480,328
8.53,1.08,1.08,-0.24,0.21,-0.10,478,420,421,479,329
9.83,1.31,1.31,-0.26,0.28,-0.11,477,420,421,479,329
8.84,2.05,2.05,0.04,0.42,-0.20,477,420,421,479,329
9.55,1.97,1.97,-0.26,0.13,-0.15,478,420,421,479,329
10.27,2.15,2.15,0.04,0.23,-0.26,477,420,421,479,329
9.61,2.08,2.08,-0.11,0.10,-0.03,477,420,421,479,329
9.30,2.55,2.55,0.00,0.10,-0.10,477,420,421,479,330
9.64,2.23,2.23,0.01,0.06,-0.03,478,420,421,480,330
END
9.40,2.33,2.33,0.02,0.09,-0.02,479,421,421,480,328
0.93,-5.19,-5.19,-0.15,0.17,0.09,478,421,421,479,328
1.73,-4.40,-4.40,-0.13,0.23,0.06,478,421,421,480,328
2.20,-3.50,-3.50,-0.07,0.19,0.09,478,420,421,480,328
2.30,-3.28,-3.28,-0.03,0.14,0.04,478,421,421,480,328
2.05,-3.80,-3.80,-0.03,0.10,0.03,479,420,421,480,328
1.56,-3.85,-3.85,-0.02,0.11,-0.03,479,420,421,480,328
0.95,-3.96,-3.96,-0.06,0.23,-0.08,479,420,421,480,328
1.79,-4.18,-4.18,-0.13,0.28,-0.06,479,421,421,480,328
1.75,-3.75,-3.75,-0.15,0.44,-0.22,479,421,421,480,328
4.44,-3.14,-3.14,-0.14,0.39,-0.34,479,420,421,480,328
4.67,-2.82,-2.82,-0.14,0.40,-0.18,479,420,421,480,328
4.47,-2.38,-2.38,-0.08,0.37,-0.12,479,420,421,480,328
4.39,-2.17,-2.17,-0.08,0.35,-0.26,479,421,421,480,328
5.32,-2.13,-2.13,-0.11,0.35,-0.19,479,421,421,480,328
5.70,-1.97,-1.97,-0.07,0.35,-0.26,479,421,421,480,328
5.96,-1.95,-1.95,-0.11,0.30,-0.20,480,421,421,480,328
5.47,-1.68,-1.68,-0.09,0.35,-0.29,480,421,421,480,328
6.92,-1.39,-1.39,-0.09,0.32,-0.24,480,421,421,480,328
7.30,-0.45,-0.45,-0.07,0.30,-0.68,480,421,421,480,328
8.71,-0.51,-0.51,-0.19,0.09,-0.18,480,421,421,480,328
6.71,0.10,0.10,-0.01,0.33,-0.16,481,421,421,480,328
7.46,-0.23,-0.23,-0.07,0.22,-0.12,480,421,421,480,328
6.75,-0.27,-0.27,-0.08,0.28,-0.18,480,421,421,479,328
6.17,-0.04,-0.04,-0.10,0.30,-0.09,480,420,421,480,328
9.04,0.41,0.41,-0.29,0.24,-0.32,480,421,421,480,328
8.68,1.03,1.03,-0.05,0.36,-0.14,480,420,420,479,328
9.00,0.95,0.95,-0.10,0.25,-0.08,480,421,421,479,329
8.56,0.65,0.65,-0.07,0.28,-0.09,480,421,421,479,329
8.87,0.83,0.83,-0.14,0.20,-0.17,480,421,421,479,329
7.76,1.08,1.08,-0.05,0.32,-0.12,480,421,421,479,329
9.00,1.44,1.44,-0.18,0.25,-0.20,479,420,421,479,329
9.20,1.84,1.84,-0.06,0.33,-0.32,479,420,421,479,329
9.07,1.79,1.79,-0.20,0.24,-0.10,478,420,421,479,329
9.86,2.35,2.35,-0.14,0.23,-0.16,478,420,421,479,329
END
9.82,2.31,2.31,-0.03,0.22,-0.04,479,421,421,479,328
1.69,-4.72,-4.72,0.03,-0.03,-0.06,479,420,421,479,327
1.35,-4.54,-4.54,-0.01,-0.06,-0.01,479,421,421,480,328
0.79,-4.67,-4.67,-0.04,-0.06,-0.03,479,421,421,480,328
0.76,-4.77,-4.77,-0.06,0.00,-0.02,479,420,421,479,327
0.83,-4.65,-4.65,-0.01,0.12,0.01,479,420,421,479,328
0.16,-4.68,-4.68,-0.10,0.18,0.05,478,420,421,480,327
0.97,-4.66,-4.66,-0.10,0.33,-0.11,478,420,421,479,328
1.84,-4.03,-4.03,-0.10,0.36,-0.07,478,421,421,479,327
1.82,-3.63,-3.63,-0.11,0.39,-0.12,478,421,421,479,327
3.00,-3.68,-3.68,-0.21,0.33,-0.11,478,421,420,479,327
3.52,-3.63,-3.63,-0.17,0.46,-0.29,478,421,421,479,327
4.11,-2.91,-2.91,-0.20,0.31,-0.21,478,421,421,479,327
4.52,-2.69,-2.69,-0.25,0.36,-0.16,477,421,420,479,327
5.05,-2.09,-2.09,-0.15,0.36,-0.24,477,421,421,479,327
4.76,-1.92,-1.92,-0.11,0.37,-0.17,477,421,420,479,327
5.69,-1.96,-1.96,-0.14,0.32,-0.20,477,421,421,479,327
5.48,-1.55,-1.55,-0.10,0.33,-0.22,478,420,421,479,327
5.83,-1.46,-1.46,-0.12,0.35,-0.25,477,420,421,479,327
6.55,-1.27,-1.27,-0.12,0.31,-0.24,477,421,420,479,327
7.67,-0.57,-0.57,-0.17,0.29,-0.16,477,420,420,479,327
7.62,-0.34,-0.34,-0.10,0.27,-0.20,477,420,421,479,328
5.53,-0.41,-0.41,-0.04,0.37,-0.07,477,420,420,479,327
7.69,-0.77,-0.77,-0.16,0.32,-0.36,477,420,420,479,327
7.90,-0.11,-0.11,-0.16,0.31,-0.36,477,420,421,479,328
8.57,0.22,0.22,-0.22,0.21,-0.17,477,420,420,479,328
6.45,0.77,0.77,-0.07,0.31,0.08,477,420,421,479,328
8.37,0.92,0.92,-0.17,0.31,-0.23,477,420,420,479,328
8.74,1.34,1.34,-0.07,0.36,-0.28,477,420,420,479,328
8.95,1.84,1.84,-0.08,0.29,-0.26,477,420,420,479,328
7.70,1.34,1.34,-0.09,0.37,-0.08,477,420,420,479,328
9.40,1.82,1.82,-0.12,0.34,-0.42,477,420,420,479,328
8.79,2.02,2.02,-0.06,0.35,-0.18,477,420,420,479,328
9.43,2.33,2.33,-0.17,0.24,-0.12,476,419,420,479,329
9.99,2.34,2.34,-0.06,0.27,-0.10,476,420,420,479,328
END
9.38,2.43,2.43,-0.04,0.22,0.03,477,420,420,479,327
3.89,-2.53,-2.53,-0.10,0.44,-0.14,476,420,420,479,327
3.26,-2.68,-2.68,-0.10,0.43,-0.27,477,420,420,479,327
5.19,-2.67,-2.67,-0.21,0.31,-0.17,477,420,420,479,327
4.52,-2.11,-2.11,-0.09,0.43,-0.18,477,420,420,479,326
5.38,-2.22,-2.22,-0.15,0.35,-0.16,477,419,420,479,327
6.60,-1.70,-1.70,-0.15,0.29,-0.40,477,420,420,479,327
6.45,-1.23,-1.23,-0.13,0.29,-0.25,477,420,420,479,327
6.03,-1.30,-1.30,-0.15,0.22,-0.11,477,419,420,479,327
5.63,-0.93,-0.93,-0.10,0.35,-0.21,478,420,420,479,327
7.21,-0.61,-0.61,-0.19,0.29,-0.32,477,420,420,479,327
7.56,-0.13,-0.13,-0.11,0.35,-0.18,477,420,420,479,327
7.31,-0.11,-0.11,-0.12,0.30,-0.18,477,420,420,479,327
7.99,0.17,0.17,-0.15,0.23,-0.21,477,420,420,479,327
7.59,0.40,0.40,-0.08,0.25,-0.13,477,420,420,479,327
8.20,0.50,0.50,-0.07,0.21,-0.08,477,420,420,479,327
7.92,0.66,0.66,-0.07,0.27,-0.18,477,420,420,478,327
7.74,0.88,0.88,-0.08,0.26,-0.19,477,419,420,479,327
8.07,1.05,1.05,-0.12,0.21,-0.08,477,419,420,479,328
8.51,1.42,1.42,-0.06,0.26,-0.27,477,419,419,479,328
8.45,1.49,1.49,-0.06,0.23,-0.07,476,419,420,478,327
8.97,1.54,1.54,-0.06,0.21,-0.13,477,420,420,479,328
8.36,1.59,1.59,-0.02,0.22,-0.05,477,420,420,479,328
9.39,1.66,1.66,-0.08,0.16,-0.14,477,419,420,479,328
8.76,1.88,1.88,0.03,0.21,-0.07,477,419,420,479,329
9.14,1.78,1.78,-0.04,0.21,-0.12,477,420,420,478,329
8.68,1.90,1.90,-0.03,0.23,-0.02,477,419,420,478,329
9.21,2.06,2.06,-0.05,0.24,-0.09,477,419,420,478,329
9.38,1.77,1.77,-0.08,0.20,-0.04,476,419,420,478,329
9.30,2.03,2.03,-0.02,0.20,-0.02,477,419,420,478,330
9.22,2.07,2.07,-0.02,0.16,-0.05,477,419,420,478,329
9.33,2.04,2.04,0.02,0.20,-0.04,477,419,420,478,330
10.07,2.20,2.20,-0.01,0.20,-0.10,477,419,420,478,330
9.89,2.04,2.04,-0.03,0.12,-0.10,477,419,420,478,331
10.15,2.63,2.63,-0.02,0.05,-0.09,477,419,420,478,331
END
10.69,2.72,2.72,0.02,-0.05,-0.08,477,420,420,479,327
4.95,-2.55,-2.55,-0.06,0.09,-0.16,476,420,420,479,327
3.98,-2.34,-2.34,0.04,0.23,-0.05,477,419,420,479,327
5.30,-2.40,-2.40,-0.08,0.10,-0.21,476,420,420,479,327
4.57,-2.10,-2.10,-0.00,0.16,-0.00,476,420,420,479,327
4.97,-2.31,-2.31,-0.05,0.17,-0.16,477,420,420,479,327
5.17,-1.77,-1.77,-0.02,0.21,-0.17,477,420,420,479,327
5.43,-1.84,-1.84,-0.03,0.21,-0.11,476,419,420,479,327
4.69,-1.75,-1.75,-0.03,0.26,-0.21,477,420,420,479,327
6.44,-1.45,-1.45,-0.09,0.26,-0.26,477,420,420,479,327
5.48,-1.28,-1.28,-0.07,0.33,-0.15,477,420,420,479,327
5.61,-1.02,-1.02,-0.07,0.35,-0.32,478,420,420,479,327
5.94,-0.74,-0.74,-0.20,0.34,-0.29,477,420,420,479,328
7.80,-0.02,-0.02,-0.19,0.34,-0.36,477,419,420,479,328
8.08,0.52,0.52,-0.11,0.38,-0.25,477,419,420,478,328
7.99,0.75,0.75,-0.14,0.30,-0.12,477,420,420,478,328
7.62,0.49,0.49,-0.14,0.35,-0.24,478,420,420,478,328
7.85,0.84,0.84,-0.11,0.37,-0.27,478,420,420,478,328
9.17,1.38,1.38,-0.16,0.34,-0.17,478,420,420,478,328
9.50,1.69,1.69,-0.15,0.34,-0.24,478,420,420,478,328
8.46,2.00,2.00,-0.06,0.34,-0.10,477,420,420,478,328
9.40,2.05,2.05,-0.11,0.26,-0.17,477,419,420,478,328
9.50,2.11,2.11,-0.15,0.24,-0.10,477,420,420,478,328
8.68,2.30,2.30,-0.04,0.25,-0.25,477,419,420,478,329
8.92,2.48,2.48,-0.15,0.18,-0.08,477,420,420,478,328
9.41,2.66,2.66,-0.09,0.18,-0.10,477,419,420,478,328
8.83,2.56,2.56,-0.06,0.20,-0.13,477,420,420,478,329
9.42,2.84,2.84,-0.07,0.13,-0.06,477,419,420,478,329
9.27,2.75,2.75,-0.03,0.16,-0.17,476,419,420,478,329
END
1.64,-4.25,-4.25,0.22,-0.01,-0.22,492,437,452,507,344
2.26,-4.66,-4.66,0.05,-0.00,0.00,491,437,452,507,344
2.49,-4.66,-4.66,-0.00,-0.04,-0.14,491,437,452,507,344
2.59,-4.52,-4.52,0.02,0.01,-0.01,491,437,452,506,344
2.76,-4.65,-4.65,0.02,-0.05,-0.13,491,437,452,506,344
1.64,-4.80,-4.80,0.04,0.06,-0.00,491,437,452,506,343
0.85,-5.41,-5.41,-0.24,0.08,-0.14,491,437,452,506,345
1.98,-4.99,-4.99,-0.07,0.43,-0.26,490,436,452,506,350
2.53,-3.90,-3.90,-0.30,0.47,0.04,488,436,451,506,348
2.79,-3.77,-3.77,-0.11,0.57,-0.11,487,436,451,506,348
4.77,-3.75,-3.75,-0.30,0.48,-0.23,486,435,451,506,347
4.85,-3.24,-3.24,-0.32,0.40,-0.20,485,434,450,505,345
5.11,-2.78,-2.78,-0.22,0.40,-0.15,484,434,450,505,345
5.14,-2.42,-2.42,-0.44,0.39,-0.34,482,433,450,505,343
5.42,-1.60,-1.60,-0.40,0.44,-0.12,481,433,450,505,343
5.75,-1.64,-1.64,-0.34,0.54,-0.21,480,433,449,505,343
5.15,-0.45,-0.45,-0.16,0.56,-0.35,480,432,449,505,343
7.88,0.11,0.11,-0.26,0.51,-0.39,480,432,449,505,344
7.42,0.87,0.87,-0.21,0.62,-0.50,479,432,449,505,344
9.26,1.95,1.95,-0.26,0.46,-0.57,479,431,448,505,344
9.51,0.90,0.90,-0.24,0.44,-0.37,478,431,448,504,344
7.56,1.38,1.38,-0.29,0.50,-0.05,477,430,447,504,345
9.58,1.74,1.74,-0.41,0.27,-0.32,477,429,447,503,346
8.66,2.78,2.78,-0.26,0.43,-0.25,476,429,446,503,346
8.89,2.40,2.40,-0.40,0.25,0.03,476,429,446,502,346
8.66,3.23,3.23,-0.02,0.62,-0.11,476,429,446,502,347
10.35,3.50,3.50,-0.31,0.37,-0.32,475,428,446,502,347
12.23,4.80,4.80,-0.08,0.25,-0.20,475,428,445,502,347
10.48,3.75,3.75,-0.14,0.07,-0.08,475,428,445,501,347
9.31,3.21,3.21,0.06,0.06,-0.02,474,428,445,501,348
9.62,2.96,2.96,0.02,0.03,-0.03,474,428,445,501,347
9.35,3.37,3.37,0.05,0.02,-0.05,474,428,445,501,347
9.27,3.27,3.27,0.06,0.01,0.13,474,428,445,501,347
9.47,2.99,2.99,0.00,-0.03,-0.10,474,428,445,501,347
9.17,3.52,3.52,0.10,0.00,0.07,474,428,445,501,347
END
9.32,3.16,3.16,0.04,-0.02,-0.06,483,431,445,500,339
3.70,-4.70,-4.70,-0.01,-0.05,-0.06,483,431,445,500,339
2.84,-4.45,-4.45,0.04,0.00,0.07,483,431,445,500,339
3.17,-4.43,-4.43,-0.02,-0.01,-0.11,483,431,445,500,339
3.38,-4.58,-4.58,0.04,0.03,0.00,483,431,445,501,339
3.05,-4.57,-4.57,-0.03,-0.00,-0.04,483,431,445,501,339
2.58,-4.57,-4.57,-0.00,0.05,-0.05,482,431,445,500,339
2.18,-4.82,-4.82,-0.18,0.10,-0.30,482,431,445,500,339
1.67,-4.45,-4.45,-0.13,0.29,-0.39,481,430,444,500,339
5.86,-4.05,-4.05,-0.42,0.15,-0.49,480,429,444,500,339
3.95,-3.16,-3.16,-0.08,0.41,-0.02,479,429,444,500,340
3.60,-2.94,-2.94,-0.28,0.36,-0.03,479,429,444,500,339
5.85,-2.73,-2.73,-0.35,0.27,-0.35,479,429,444,500,339
5.28,-2.49,-2.49,-0.16,0.47,-0.26,478,429,444,499,340
5.51,-1.43,-1.43,-0.27,0.36,-0.29,478,428,444,499,340
7.30,-0.63,-0.63,-0.26,0.28,-0.38,477,428,444,500,340
6.38,0.02,0.02,-0.13,0.29,-0.43,477,429,443,499,339
6.57,-0.46,-0.46,-0.25,0.23,-0.25,476,428,443,499,340
7.26,-0.60,-0.60,-0.30,0.21,-0.15,475,428,443,499,340
5.57,-0.13,-0.13,-0.13,0.43,-0.10,475,428,442,498,340
7.47,0.51,0.51,-0.40,0.26,-0.19,474,427,442,498,340
7.59,1.20,1.20,-0.25,0.40,-0.31,475,428,442,498,340
7.33,1.56,1.56,-0.22,0.39,-0.24,475,427,442,498,340
8.46,2.15,2.15,-0.38,0.12,-0.28,474,427,442,498,341
8.85,2.04,2.04,-0.30,0.34,-0.27,474,427,442,498,341
7.17,2.20,2.20,-0.21,0.48,-0.23,475,427,442,497,342
8.15,2.20,2.20,-0.42,0.35,-0.15,474,427,442,498,342
11.43,2.96,2.96,-0.29,0.38,-0.20,474,427,442,497,343
5.56,3.14,3.14,-0.28,0.50,0.23,474,427,441,497,343
9.91,4.38,4.38,-0.33,0.32,-0.17,474,427,441,496,343
9.29,3.83,3.83,-0.04,0.44,-0.09,473,427,441,496,343
8.75,3.45,3.45,-0.20,0.37,-0.09,473,427,441,496,343
10.52,4.17,4.17,-0.14,0.23,-0.21,473,427,441,496,343
10.75,4.45,4.45,-0.06,0.17,-0.07,473,427,441,496,343
10.19,3.79,3.79,-0.00,0.04,-0.10,473,427,440,496,343
END
9.76,3.79,3.79,0.03,-0.00,0.02,475,427,440,495,336
2.37,-4.59,-4.59,-0.01,0.05,-0.03,475,427,440,495,336
2.53,-4.49,-4.49,0.02,0.05,-0.09,475,427,440,495,336
2.40,-4.59,-4.59,0.02,0.06,0.06,475,427,440,495,336
2.55,-4.71,-4.71,-0.04,0.05,-0.08,475,427,440,495,336
2.54,-4.37,-4.37,-0.04,0.08,-0.02,475,427,439,495,336
1.33,-4.12,-4.12,0.00,0.13,-0.05,475,426,439,495,336
1.58,-4.41,-4.41,-0.03,0.24,-0.05,475,427,439,495,336
1.92,-4.34,-4.34,-0.03,0.37,-0.20,475,427,439,495,336
2.75,-4.48,-4.48,-0.15,0.43,-0.30,475,426,439,495,336
3.78,-3.91,-3.91,-0.18,0.49,-0.41,475,427,439,495,336
4.12,-3.43,-3.43,-0.31,0.51,-0.50,474,426,440,495,336
5.11,-2.63,-2.63,-0.35,0.56,-0.27,473,426,439,495,336
6.06,-2.25,-2.25,-0.35,0.51,-0.47,473,426,439,494,336
6.97,-1.16,-1.16,-0.29,0.56,-0.38,473,426,439,495,337
7.01,-0.32,-0.32,-0.27,0.51,-0.42,472,425,439,494,337
7.31,0.31,0.31,-0.19,0.52,-0.23,472,425,438,494,336
9.45,0.81,0.81,-0.21,0.38,-0.41,472,425,439,494,336
7.37,0.39,0.39,-0.07,0.47,-0.22,472,425,438,494,337
8.82,0.60,0.60,-0.20,0.38,-0.23,472,425,439,494,337
8.41,0.96,0.96,-0.09,0.47,-0.42,471,425,438,494,337
8.54,1.30,1.30,-0.24,0.38,-0.21,471,426,439,494,337
9.22,1.65,1.65,-0.24,0.45,-0.43,472,425,439,494,337
9.22,2.43,2.43,-0.28,0.38,-0.26,471,425,439,493,338
10.24,2.91,2.91,-0.26,0.36,-0.35,471,425,438,493,338
8.94,3.30,3.30,-0.11,0.44,-0.27,471,425,438,493,339
10.60,2.87,2.87,-0.37,0.21,-0.29,471,425,438,493,339
8.09,3.95,3.95,0.04,0.50,-0.22,471,424,438,492,339
8.50,4.37,4.37,-0.40,0.14,-0.25,471,425,438,492,339
10.06,4.54,4.54,-0.10,0.26,-0.16,470,424,438,492,339
10.14,4.51,4.51,-0.12,0.07,-0.02,470,424,437,492,339
9.76,4.25,4.25,0.01,0.09,0.08,470,424,437,492,339
9.23,3.52,3.52,0.02,0.00,-0.06,470,423,437,492,339
9.21,3.63,3.63,0.03,0.03,-0.02,470,424,437,492,340
8.58,3.72,3.72,0.05,0.04,0.02,470,424,437,492,340
END
9.11,3.80,3.80,-0.02,-0.01,-0.03,475,426,438,492,337
1.36,-5.11,-5.11,0.04,0.01,-0.02,475,426,438,492,337
2.11,-4.95,-4.95,0.01,-0.01,-0.07,475,426,438,492,337
1.68,-4.93,-4.93,0.06,0.04,-0.02,474,426,437,492,337
2.09,-5.25,-5.25,0.02,0.01,-0.08,475,426,438,492,337
1.58,-5.09,-5.09,0.03,0.01,0.00,474,425,437,492,337
0.47,-5.21,-5.21,0.04,0.15,-0.04,475,426,437,492,337
0.71,-5.54,-5.54,-0.02,0.32,-0.06,475,426,437,492,337
3.15,-5.56,-5.56,-0.15,0.30,-0.25,475,426,437,492,337
2.23,-5.26,-5.26,-0.18,0.46,-0.02,475,426,437,492,337
1.84,-4.62,-4.62,-0.23,0.50,-0.23,475,426,438,492,337
3.37,-4.29,-4.29,-0.31,0.65,0.05,474,426,437,492,337
2.63,-3.07,-3.07,-0.22,0.81,-0.26,474,425,437,492,338
6.98,-2.55,-2.55,-0.34,0.53,-0.72,472,425,437,492,336
7.18,-2.06,-2.06,-0.31,0.52,-0.53,472,425,437,491,337
6.86,-1.39,-1.39,-0.19,0.51,-0.40,471,424,437,492,337
5.53,-1.00,-1.00,-0.14,0.59,-0.42,472,425,437,492,337
7.74,-0.70,-0.70,-0.32,0.45,-0.43,471,424,437,491,337
8.33,0.19,0.19,-0.14,0.56,-0.70,471,424,437,492,337
8.94,0.04,0.04,-0.39,0.43,-0.34,471,424,437,492,337
9.53,1.02,1.02,-0.31,0.49,-0.36,471,424,436,492,337
8.17,1.67,1.67,-0.17,0.56,-0.19,471,424,437,491,337
10.17,1.56,1.56,-0.33,0.41,-0.08,471,424,436,491,338
8.89,1.83,1.83,0.05,0.67,-0.05,471,424,436,492,342
8.99,2.12,2.12,-0.29,0.40,-0.16,470,423,436,491,341
10.88,2.43,2.43,-0.06,0.46,-0.47,470,423,436,491,341
8.06,2.94,2.94,-0.09,0.42,-0.09,470,423,436,491,341
10.98,2.19,2.19,-0.20,0.37,-0.22,470,423,436,491,341
11.63,3.24,3.24,-0.01,0.29,-0.17,469,423,436,490,341
10.85,3.04,3.04,-0.13,0.14,-0.14,469,423,436,491,341
10.71,2.84,2.84,-0.04,0.03,-0.12,469,423,436,491,341
9.97,2.58,2.58,0.07,0.08,0.00,469,423,436,491,341
9.76,2.76,2.76,0.05,-0.02,0.03,469,423,436,491,341
9.06,2.73,2.73,0.05,-0.02,-0.01,469,423,436,491,341
9.27,2.70,2.70,0.01,-0.05,0.00,469,423,436,490,341
END
9.35,2.67,2.67,0.04,-0.03,-0.02,480,427,437,491,337
2.00,-5.34,-5.34,-0.02,0.07,-0.04,479,426,437,491,337
1.47,-5.35,-5.35,-0.01,0.14,-0.08,479,426,437,491,337
2.46,-5.23,-5.23,-0.11,0.18,-0.05,479,426,437,491,337
2.23,-4.80,-4.80,-0.07,0.25,0.02,479,426,437,491,337
2.43,-4.52,-4.52,-0.10,0.18,-0.01,479,426,437,491,337
2.87,-4.50,-4.50,-0.08,0.28,-0.14,478,426,437,491,337
2.55,-4.18,-4.18,-0.07,0.31,-0.16,478,426,437,491,337
3.86,-4.19,-4.19,-0.15,0.32,-0.27,477,426,437,491,337
3.28,-4.06,-4.06,-0.13,0.39,-0.26,477,425,437,491,337
4.20,-3.78,-3.78,-0.19,0.44,-0.29,475,425,437,491,337
4.77,-3.27,-3.27,-0.12,0.51,-0.35,475,425,436,491,337
5.46,-2.85,-2.85,-0.20,0.50,-0.37,474,424,436,490,337
5.91,-2.40,-2.40,-0.19,0.53,-0.37,474,425,436,491,337
7.03,-1.71,-1.71,-0.21,0.50,-0.42,473,424,436,490,337
6.78,-1.39,-1.39,-0.18,0.53,-0.38,474,424,436,490,337
8.10,-0.71,-0.71,-0.17,0.45,-0.45,474,424,436,490,337
8.49,-0.33,-0.33,-0.20,0.50,-0.53,474,424,436,490,337
9.35,0.32,0.32,-0.16,0.39,-0.37,473,424,435,490,337
8.15,0.55,0.55,-0.15,0.41,-0.23,473,424,436,490,337
9.81,0.83,0.83,-0.16,0.29,-0.47,473,424,436,490,338
8.61,0.75,0.75,-0.19,0.27,-0.09,472,423,435,489,337
9.24,1.02,1.02,-0.10,0.36,-0.34,472,423,435,490,337
7.09,1.23,1.23,-0.14,0.44,-0.02,471,423,435,490,337
9.12,1.79,1.79,-0.04,0.47,-0.21,472,423,435,489,337
8.91,2.68,2.68,0.06,0.57,-0.36,471,423,435,489,337
11.53,2.35,2.35,-0.28,0.20,-0.38,471,423,435,490,338
9.53,3.02,3.02,0.03,0.46,-0.05,471,423,435,489,338
10.56,2.36,2.36,-0.11,0.24,-0.11,471,423,435,490,338
10.04,2.96,2.96,0.10,0.33,-0.17,471,423,435,489,338
10.12,3.06,3.06,-0.12,0.09,-0.20,470,423,435,489,338
9.96,3.26,3.26,0.07,0.13,-0.07,470,423,435,489,338
10.09,3.05,3.05,0.00,-0.01,-0.07,470,422,435,489,338
10.34,3.05,3.05,0.04,-0.06,-0.03,470,422,435,489,338
9.88,2.84,2.84,0.06,-0.11,0.03,470,422,435,489,338
END
9.45,2.86,2.86,0.07,-0.15,0.08,474,423,435,489,335
1.91,-4.70,-4.70,-0.01,0.06,0.00,474,424,434,489,335
1.62,-4.53,-4.53,0.00,0.07,-0.00,474,424,435,489,335
1.77,-4.42,-4.42,0.03,0.12,-0.02,474,424,435,489,336
2.05,-4.57,-4.57,0.02,0.08,-0.07,474,424,434,489,335
1.88,-4.45,-4.45,0.05,0.08,0.01,474,424,434,489,335
1.23,-4.57,-4.57,0.02,0.11,-0.06,474,423,434,489,336
1.72,-4.86,-4.86,0.00,0.20,-0.09,474,424,434,489,335
2.26,-4.73,-4.73,-0.03,0.27,-0.30,474,423,434,488,335
3.09,-4.74,-4.74,-0.15,0.18,-0.30,473,423,434,489,335
2.59,-4.14,-4.14,-0.04,0.33,-0.18,473,423,434,488,335
2.92,-3.83,-3.83,-0.11,0.31,-0.43,474,423,434,489,336
4.25,-3.65,-3.65,-0.19,0.44,0.01,474,424,434,488,336
3.60,-3.17,-3.17,-0.05,0.55,-0.42,474,424,434,489,335
5.20,-3.06,-3.06,-0.27,0.37,-0.38,473,423,434,488,336
6.08,-2.62,-2.62,0.01,0.54,-0.50,474,423,434,489,336
6.30,-1.97,-1.97,-0.29,0.27,-0.39,473,424,434,489,335
5.93,-1.06,-1.06,-0.09,0.49,-0.35,474,424,434,489,335
7.28,-0.86,-0.86,-0.18,0.38,-0.56,473,423,434,489,335
7.31,-0.44,-0.44,-0.12,0.40,-0.37,474,423,434,488,335
6.92,0.17,0.17,-0.11,0.43,-0.36,474,423,434,489,334
8.46,-0.04,-0.04,-0.22,0.28,-0.30,473,423,434,488,335
8.79,0.82,0.82,-0.01,0.45,-0.39,474,424,434,489,335
8.80,0.86,0.86,-0.13,0.31,-0.24,474,423,434,488,335
9.12,1.44,1.44,-0.15,0.34,-0.43,474,424,434,488,336
7.88,1.28,1.28,-0.18,0.28,-0.09,474,424,434,488,336
9.60,1.99,1.99,-0.14,0.40,-0.45,474,423,434,488,336
7.24,2.02,2.02,-0.15,0.41,-0.13,473,423,434,488,336
10.91,2.81,2.81,-0.23,0.40,-0.43,473,423,434,488,336
8.31,3.17,3.17,-0.16,0.48,-0.34,472,423,434,488,336
10.20,3.71,3.71,-0.36,0.17,-0.17,472,423,434,488,336
10.15,3.73,3.73,-0.01,0.40,-0.15,472,423,434,487,337
9.43,3.25,3.25,-0.13,0.31,-0.05,472,423,433,488,336
9.64,4.06,4.06,-0.03,0.26,-0.18,471,423,434,488,336
9.40,3.61,3.61,-0.15,0.15,-0.16,471,423,433,488,337
END
9.69,3.76,3.76,-0.09,0.10,-0.11,470,422,433,487,335
2.07,-4.38,-4.38,-0.01,0.08,-0.07,469,422,433,487,335
2.59,-4.24,-4.24,0.02,0.15,-0.11,470,422,433,487,335
3.49,-4.01,-4.01,-0.02,0.02,-0.05,469,422,433,487,334
2.51,-4.37,-4.37,0.06,0.06,-0.02,469,422,433,487,335
3.22,-4.32,-4.32,0.00,0.02,-0.07,469,422,433,487,335
2.68,-4.47,-4.47,0.01,0.09,0.04,469,422,433,487,334
2.38,-4.65,-4.65,-0.06,0.13,-0.02,469,422,433,487,334
2.58,-4.47,-4.47,-0.08,0.17,-0.03,469,422,432,487,334
2.99,-4.06,-4.06,-0.10,0.20,0.01,469,422,433,487,334
2.12,-3.70,-3.70,-0.04,0.33,0.10,470,422,433,487,335
3.02,-3.65,-3.65,-0.14,0.40,-0.14,469,422,433,487,335
3.66,-3.29,-3.29,-0.15,0.44,-0.36,469,422,433,487,334
4.91,-2.95,-2.95,-0.24,0.44,-0.35,469,422,433,487,335
5.33,-2.51,-2.51,-0.20,0.43,-0.36,468,421,432,486,335
5.57,-2.21,-2.21,-0.23,0.43,-0.24,469,421,432,487,335
6.07,-1.86,-1.86,-0.23,0.45,-0.39,468,421,432,487,334
5.81,-1.09,-1.09,-0.17,0.52,-0.29,468,421,433,486,335
7.71,-0.65,-0.65,-0.33,0.32,-0.40,468,422,432,486,335
7.53,0.20,0.20,-0.08,0.55,-0.51,468,422,433,486,334
7.16,0.26,0.26,-0.27,0.35,-0.12,469,422,433,487,335
10.77,0.95,0.95,-0.15,0.33,-0.51,469,422,433,487,335
9.06,0.98,0.98,-0.15,0.34,-0.30,469,422,432,486,335
8.39,1.20,1.20,-0.10,0.31,-0.18,470,422,432,486,335
9.02,1.13,1.13,-0.18,0.28,-0.19,470,422,432,486,335
8.25,1.67,1.67,-0.03,0.37,-0.16,470,422,432,486,335
7.73,1.70,1.70,-0.23,0.30,-0.23,470,422,432,486,335
9.35,2.33,2.33,-0.22,0.28,-0.29,470,422,432,486,335
8.81,2.63,2.63,-0.20,0.36,-0.25,469,421,433,486,336
9.69,2.60,2.60,-0.22,0.22,-0.10,469,421,432,486,336
8.22,2.48,2.48,-0.08,0.38,0.04,468,421,432,486,336
9.15,2.73,2.73,-0.21,0.23,-0.06,469,421,432,486,337
9.58,3.05,3.05,-0.09,0.33,-0.13,469,421,432,486,338
9.58,3.37,3.37,-0.10,0.29,-0.11,468,421,432,486,337
10.63,3.43,3.43,-0.11,0.16,-0.21,468,421,433,486,338
END
9.58,3.32,3.32,0.01,0.17,-0.06,470,422,432,486,333
2.04,-4.96,-4.96,0.01,0.02,-0.03,469,422,432,486,333
2.15,-4.72,-4.72,0.02,0.07,-0.03,470,422,431,486,333
2.10,-4.71,-4.71,0.01,0.13,-0.04,470,422,432,486,333
2.81,-4.85,-4.85,0.01,0.09,-0.11,470,422,432,486,333
2.59,-5.02,-5.02,-0.02,0.09,-0.07,470,422,432,486,333
2.32,-5.19,-5.19,-0.04,0.16,-0.04,471,422,432,486,333
1.96,-4.96,-4.96,-0.12,0.22,-0.05,471,422,432,486,333
2.99,-4.74,-4.74,-0.18,0.25,-0.19,471,422,432,486,333
3.85,-3.93,-3.93,-0.22,0.25,-0.24,471,422,432,486,333
2.89,-3.42,-3.42,-0.17,0.31,-0.24,472,422,432,486,333
4.75,-3.32,-3.32,-0.22,0.35,-0.19,471,421,431,486,333
4.10,-3.04,-3.04,-0.15,0.42,0.07,472,422,432,486,333
5.48,-2.75,-2.75,-0.21,0.33,-0.36,472,422,432,486,333
5.50,-2.51,-2.51,-0.16,0.37,-0.33,472,422,432,486,334
6.14,-2.22,-2.22,-0.21,0.35,-0.24,472,422,432,486,333
5.90,-1.69,-1.69,-0.15,0.38,-0.17,473,422,431,486,333
6.21,-1.56,-1.56,-0.14,0.34,-0.52,473,422,432,485,334
7.21,-1.11,-1.11,-0.18,0.31,-0.47,473,423,432,486,334
7.09,-0.47,-0.47,-0.13,0.34,-0.37,474,423,432,485,334
8.28,-0.04,-0.04,-0.20,0.28,-0.44,475,423,432,485,334
7.48,0.42,0.42,-0.14,0.33,-0.19,475,423,432,485,335
8.28,0.54,0.54,-0.22,0.26,-0.25,474,423,431,484,334
7.47,0.70,0.70,-0.13,0.36,-0.19,474,422,431,484,334
7.87,1.07,1.07,-0.21,0.34,-0.27,474,423,431,484,334
8.36,1.72,1.72,-0.25,0.34,-0.21,473,422,431,484,335
9.31,1.88,1.88,-0.23,0.34,-0.21,473,422,431,484,335
8.99,2.22,2.22,-0.15,0.41,-0.29,473,422,431,484,335
8.45,2.23,2.23,-0.21,0.40,-0.08,472,422,431,484,335
9.63,2.70,2.70,-0.17,0.36,-0.43,472,422,431,484,335
9.71,3.76,3.76,-0.22,0.22,-0.31,471,422,431,484,335
9.53,3.62,3.62,-0.16,0.23,-0.16,471,422,431,484,335
8.33,3.52,3.52,-0.05,0.30,-0.31,471,422,431,484,335
9.45,3.88,3.88,-0.21,0.16,-0.26,470,422,430,484,335
8.67,4.33,4.33,-0.06,0.24,-0.26,470,422,431,484,335
END
9.20,4.59,4.59,-0.16,0.13,-0.11,468,421,430,484,335
2.63,-4.54,-4.54,0.04,0.07,-0.04,468,421,430,484,334
3.04,-4.47,-4.47,0.02,0.02,-0.06,468,421,430,484,336
2.91,-4.56,-4.56,0.03,0.02,-0.05,469,421,430,484,334
2.85,-4.74,-4.74,0.05,0.03,-0.08,468,421,430,484,334
2.32,-4.82,-4.82,0.01,0.01,-0.02,469,421,430,484,335
1.64,-5.05,-5.05,-0.01,0.15,-0.07,469,421,430,484,335
1.79,-4.90,-4.90,-0.08,0.26,-0.07,469,421,430,484,334
2.82,-4.39,-4.39,-0.15,0.41,-0.05,468,421,430,484,334
3.39,-4.15,-4.15,-0.15,0.43,-0.08,468,421,430,484,334
3.94,-3.91,-3.91,-0.18,0.44,-0.23,468,421,430,484,334
4.54,-3.79,-3.79,-0.18,0.45,-0.15,468,421,430,484,334
4.56,-3.37,-3.37,-0.21,0.50,-0.25,468,421,430,484,334
5.71,-2.72,-2.72,-0.23,0.45,-0.48,468,421,430,484,334
6.33,-2.04,-2.04,-0.27,0.38,-0.49,468,421,430,484,335
5.88,-1.46,-1.46,-0.19,0.44,-0.59,469,421,430,484,335
7.61,-0.80,-0.80,-0.29,0.32,-0.39,469,421,430,484,335
7.37,-0.05,-0.05,-0.11,0.48,-0.33,469,421,430,484,335
7.76,-0.24,-0.24,-0.20,0.37,-0.29,468,421,429,484,334
8.12,0.70,0.70,-0.11,0.44,-0.38,468,421,429,484,334
7.86,0.36,0.36,-0.27,0.28,-0.12,468,420,430,484,334
9.08,1.23,1.23,-0.11,0.36,-0.53,468,420,430,484,335
6.95,1.10,1.10,-0.34,0.26,-0.12,467,420,429,484,335
9.21,1.62,1.62,-0.31,0.34,-0.40,467,420,429,484,335
8.56,2.43,2.43,-0.22,0.39,-0.43,467,420,429,484,335
9.14,2.56,2.56,-0.38,0.22,-0.26,467,420,429,484,335
9.66,3.36,3.36,-0.12,0.44,-0.52,467,420,429,484,335
8.97,2.98,2.98,-0.30,0.31,-0.35,466,420,429,484,335
10.34,4.09,4.09,-0.05,0.40,-0.44,466,420,429,484,335
8.86,4.67,4.67,-0.21,0.26,-0.08,465,420,429,484,335
9.04,4.45,4.45,-0.25,0.24,-0.03,465,419,429,483,335
8.68,4.61,4.61,-0.05,0.31,-0.02,465,419,429,483,335
9.94,4.21,4.21,-0.13,0.22,-0.25,464,419,429,483,335
8.53,4.75,4.75,0.02,0.25,-0.08,464,419,429,483,335
9.46,4.85,4.85,-0.18,0.03,-0.09,464,419,429,483,335
END
9.52,4.97,4.97,0.08,0.17,0.03,472,422,430,484,334
1.28,-5.04,-5.04,0.01,0.11,-0.04,472,422,430,484,334
1.77,-5.21,-5.21,0.01,0.17,-0.16,472,422,430,484,334
1.06,-4.85,-4.85,-0.11,0.15,-0.13,472,422,429,484,334
2.52,-5.16,-5.16,-0.09,0.35,-0.13,472,422,429,484,334
3.25,-4.64,-4.64,-0.08,0.35,-0.11,471,421,429,484,334
4.26,-4.52,-4.52,-0.10,0.35,-0.18,471,421,429,484,334
3.58,-4.31,-4.31,-0.10,0.27,-0.26,471,421,429,484,334
3.63,-4.41,-4.41,-0.22,0.27,-0.24,471,421,429,484,334
4.15,-3.71,-3.71,-0.31,0.27,-0.17,470,421,429,484,334
4.11,-3.13,-3.13,-0.29,0.38,-0.11,470,420,429,484,335
5.07,-2.83,-2.83,-0.28,0.36,-0.19,469,420,429,483,334
5.41,-2.25,-2.25,-0.21,0.44,-0.43,469,420,429,484,334
6.02,-2.19,-2.19,-0.32,0.38,-0.16,469,420,429,484,334
6.96,-1.45,-1.45,-0.23,0.42,-0.34,469,420,429,484,334
7.59,-1.06,-1.06,-0.21,0.33,0.00,469,420,429,483,334
6.47,-0.56,-0.56,-0.17,0.43,-0.17,469,420,429,483,334
7.66,-0.85,-0.85,-0.40,0.21,-0.20,468,420,428,483,334
6.92,-0.34,-0.34,-0.10,0.46,-0.33,468,420,429,483,335
7.48,-0.12,-0.12,-0.23,0.41,-0.38,468,420,428,483,335
8.82,0.24,0.24,-0.11,0.46,-0.50,468,419,428,483,335
8.61,1.20,1.20,-0.14,0.52,-0.39,468,420,428,483,335
10.35,1.38,1.38,-0.22,0.36,-0.18,468,420,429,483,335
8.89,1.84,1.84,-0.02,0.45,-0.21,468,420,428,483,336
8.23,2.12,2.12,-0.14,0.39,-0.09,468,420,428,483,335
9.54,1.80,1.80,-0.07,0.37,-0.31,468,420,428,483,335
8.83,2.20,2.20,-0.06,0.35,-0.16,467,420,429,483,336
10.46,2.31,2.31,-0.16,0.24,-0.31,467,419,428,483,335
8.70,3.05,3.05,-0.03,0.34,-0.15,467,419,428,483,335
9.94,2.51,2.51,-0.18,0.18,-0.23,467,419,428,483,336
9.13,3.12,3.12,-0.03,0.32,-0.10,467,419,428,483,336
9.55,3.52,3.52,-0.20,0.09,-0.10,466,419,428,483,336
9.22,3.00,3.00,0.01,0.33,-0.05,466,419,428,483,337
9.07,3.12,3.12,-0.06,0.23,-0.05,466,419,428,482,337
10.43,3.37,3.37,-0.08,0.23,-0.14,466,419,428,483,337
END
9.56,3.55,3.55,0.01,0.21,0.01,473,422,429,483,334
1.71,-4.97,-4.97,-0.02,0.10,-0.12,472,422,429,483,334
1.32,-4.92,-4.92,-0.06,0.07,-0.01,472,421,429,483,334
1.79,-4.85,-4.85,0.07,0.16,-0.06,472,422,429,483,334
1.81,-4.87,-4.87,-0.01,0.04,-0.00,472,421,429,483,334
2.02,-5.02,-5.02,0.02,0.07,-0.05,472,421,429,483,334
0.76,-4.94,-4.94,0.02,0.15,0.00,472,421,429,483,334
1.06,-5.29,-5.29,-0.12,0.23,0.01,472,421,429,483,334
1.01,-5.15,-5.15,-0.08,0.52,-0.09,472,421,429,483,334
2.16,-4.64,-4.64,-0.23,0.48,-0.51,471,421,429,483,334
4.13,-3.96,-3.96,-0.24,0.53,-0.34,470,421,428,483,334
4.09,-3.09,-3.09,-0.19,0.58,-0.30,469,420,429,483,334
5.25,-2.94,-2.94,-0.12,0.47,-0.46,469,420,429,483,334
6.32,-3.02,-3.02,-0.25,0.52,-0.18,467,420,429,483,334
4.98,-2.43,-2.43,-0.10,0.55,-0.30,467,420,428,483,334
6.79,-1.89,-1.89,-0.24,0.47,-0.52,466,419,428,483,334
8.21,-1.03,-1.03,-0.14,0.34,-0.74,466,419,428,483,333
8.15,-1.37,-1.37,-0.17,0.43,0.09,465,419,428,483,334
7.93,-0.45,-0.45,-0.04,0.42,-0.26,465,419,428,483,334
8.67,-0.58,-0.58,-0.18,0.28,-0.22,465,419,428,483,334
8.97,0.43,0.43,-0.09,0.24,-0.31,465,419,428,483,334
8.61,-0.44,-0.44,-0.11,0.19,-0.21,465,419,428,483,334
8.03,0.14,0.14,-0.02,0.28,-0.23,465,419,428,483,334
8.84,0.39,0.39,-0.17,0.16,-0.40,465,419,428,483,334
8.55,0.80,0.80,-0.14,0.18,-0.10,465,418,428,482,334
8.21,1.18,1.18,-0.10,0.26,-0.16,465,418,428,482,334
8.92,1.36,1.36,-0.16,0.19,-0.14,465,419,428,482,334
8.63,1.35,1.35,-0.08,0.31,-0.27,465,418,428,482,334
8.78,2.01,2.01,-0.13,0.28,-0.19,465,419,428,482,335
9.80,1.57,1.57,-0.16,0.28,-0.32,465,418,428,482,335
9.00,2.09,2.09,-0.07,0.36,-0.24,465,419,428,482,335
9.82,2.50,2.50,-0.22,0.24,-0.18,465,418,428,482,335
8.59,2.73,2.73,-0.08,0.36,-0.06,465,418,428,482,335
8.96,2.68,2.68,-0.19,0.27,-0.06,465,418,428,482,335
9.36,3.00,3.00,-0.09,0.35,-0.14,465,418,428,482,335
END
9.40,3.27,3.27,-0.09,0.30,-0.16,474,422,429,483,334
0.77,-5.37,-5.37,0.01,0.10,-0.13,474,422,429,483,334
1.90,-5.40,-5.40,0.01,0.13,-0.01,474,422,429,483,334
1.64,-5.31,-5.31,-0.01,0.11,-0.05,474,422,429,483,334
1.44,-5.20,-5.20,-0.02,0.09,-0.03,474,422,430,483,334
1.61,-5.30,-5.30,0.01,0.14,-0.02,474,422,429,483,334
1.49,-5.30,-5.30,-0.04,0.15,-0.06,474,422,429,483,334
1.59,-5.21,-5.21,-0.05,0.20,-0.04,475,422,429,483,334
1.27,-5.41,-5.41,-0.08,0.32,-0.35,474,422,429,483,334
3.07,-4.97,-4.97,-0.20,0.25,-0.42,474,422,429,483,334
3.25,-4.31,-4.31,-0.21,0.32,-0.12,474,422,429,483,334
2.72,-3.85,-3.85,-0.12,0.46,-0.12,474,422,429,483,334
3.10,-3.50,-3.50,-0.12,0.46,-0.21,473,422,429,483,334
3.78,-3.32,-3.32,-0.09,0.58,-0.31,473,422,429,483,334
3.02,-3.42,-3.42,-0.01,0.56,-0.50,475,422,429,483,334
6.17,-2.76,-2.76,-0.13,0.69,-0.71,475,423,429,483,334
6.75,-2.25,-2.25,-0.15,0.64,-0.50,475,423,429,483,334
9.56,-1.03,-1.03,-0.11,0.72,-0.67,474,423,429,483,334
8.72,-0.67,-0.67,-0.16,0.36,-0.83,474,423,429,483,334
9.38,-0.19,-0.19,-0.15,0.35,-0.33,473,422,429,483,334
8.32,-0.41,-0.41,-0.15,0.33,-0.33,473,422,429,483,334
8.58,-0.09,-0.09,-0.17,0.33,-0.09,472,421,429,483,334
10.63,0.58,0.58,-0.21,0.18,-0.32,472,421,428,482,334
8.58,1.07,1.07,-0.09,0.33,-0.12,472,421,429,482,334
9.30,0.80,0.80,-0.22,0.16,-0.13,471,421,428,482,334
9.28,1.42,1.42,-0.08,0.25,-0.35,471,421,429,482,334
8.80,1.66,1.66,-0.21,0.13,-0.19,471,421,429,483,335
8.92,1.64,1.64,-0.12,0.23,-0.26,471,421,429,482,335
8.82,1.60,1.60,-0.14,0.25,-0.44,471,421,429,482,335
9.20,2.57,2.57,-0.27,0.17,-0.28,471,420,428,482,335
9.44,2.71,2.71,-0.17,0.31,-0.38,470,420,428,482,335
9.39,3.34,3.34,-0.22,0.19,-0.15,469,420,428,482,335
10.22,2.73,2.73,-0.11,0.28,-0.21,468,419,428,482,335
6.61,2.79,2.79,-0.09,0.33,-0.01,468,419,428,482,336
11.18,3.60,3.60,-0.34,0.07,-0.45,468,419,428,482,337
END
10.63,4.78,4.78,-0.12,0.29,-0.25,469,420,427,482,333
1.39,-4.89,-4.89,0.01,-0.01,-0.02,469,420,428,482,335
1.39,-4.84,-4.84,0.01,-0.03,-0.02,470,420,427,482,335
-0.04,-4.82,-4.82,0.04,0.10,-0.02,470,420,427,482,335
1.31,-4.68,-4.68,0.14,0.31,-0.24,470,420,427,482,335
1.90,-5.36,-5.36,-0.04,0.19,-0.23,470,420,427,482,335
1.10,-5.46,-5.46,-0.10,0.30,-0.34,470,420,427,482,335
2.23,-4.78,-4.78,-0.28,0.29,-0.28,469,419,427,482,335
2.70,-4.04,-4.04,-0.13,0.51,-0.23,468,419,427,483,334
5.18,-3.86,-3.86,-0.16,0.38,-0.30,468,419,427,482,334
5.80,-3.57,-3.57,-0.14,0.26,-0.39,467,419,427,483,334
4.84,-3.43,-3.43,-0.18,0.18,-0.09,467,419,427,482,334
4.00,-3.01,-3.01,-0.12,0.29,-0.09,467,419,427,483,334
4.41,-2.96,-2.96,-0.22,0.34,-0.33,467,419,427,483,334
5.74,-2.35,-2.35,-0.38,0.31,-0.16,466,419,427,483,334
5.74,-1.98,-1.98,-0.22,0.33,-0.26,466,419,427,482,334
6.43,-1.28,-1.28,-0.21,0.35,-0.14,466,418,427,482,334
5.97,-0.99,-0.99,-0.13,0.34,-0.28,466,418,427,482,334
7.13,-0.85,-0.85,-0.18,0.37,-0.15,465,418,426,482,334
6.58,-0.53,-0.53,-0.14,0.35,-0.30,466,418,426,482,334
7.42,-0.11,-0.11,-0.21,0.29,-0.28,465,418,427,482,334
7.98,0.57,0.57,-0.10,0.36,-0.31,465,418,427,482,335
8.05,-0.15,-0.15,-0.17,0.31,-0.16,465,418,426,482,334
7.29,0.22,0.22,-0.16,0.35,-0.19,465,418,427,482,335
8.58,0.76,0.76,-0.25,0.25,-0.16,465,418,427,482,335
8.85,1.04,1.04,-0.14,0.36,-0.16,465,418,427,482,335
8.69,1.42,1.42,-0.16,0.30,-0.14,465,418,426,482,335
8.99,1.46,1.46,-0.11,0.31,-0.18,465,418,427,482,335
8.18,1.46,1.46,-0.18,0.35,-0.21,465,418,427,482,335
8.68,2.19,2.19,-0.19,0.40,-0.47,465,418,426,481,335
9.77,3.06,3.06,-0.26,0.19,-0.17,464,417,426,481,335
10.14,2.89,2.89,-0.14,0.23,-0.22,464,417,426,481,335
9.36,2.83,2.83,-0.09,0.16,-0.02,464,417,426,481,336
9.78,2.79,2.79,-0.07,0.16,-0.18,464,417,426,481,336
10.07,3.18,3.18,-0.03,0.07,-0.05,464,417,427,481,336
END
9.95,3.20,3.20,-0.02,0.02,-0.01,470,419,427,481,335
2.51,-4.32,-4.32,-0.05,0.23,-0.07,471,419,426,482,335
2.33,-3.98,-3.98,-0.05,0.11,0.15,471,419,426,481,335
1.79,-3.79,-3.79,0.02,0.20,0.05,471,419,426,481,335
2.48,-4.13,-4.13,-0.04,0.11,-0.06,471,419,426,481,335
1.94,-3.90,-3.90,-0.03,0.12,-0.02,470,419,427,481,335
1.30,-3.96,-3.96,0.08,0.23,-0.12,470,419,426,481,335
1.99,-4.10,-4.10,-0.04,0.25,-0.14,470,419,426,481,334
2.50,-4.10,-4.10,-0.03,0.25,-0.24,470,419,426,481,334
4.06,-3.87,-3.87,-0.06,0.32,-0.24,470,419,426,481,334
4.00,-3.73,-3.73,-0.06,0.30,-0.19,471,419,426,481,334
4.06,-3.75,-3.75,-0.06,0.30,-0.14,471,419,426,481,334
4.02,-3.41,-3.41,-0.08,0.36,-0.26,471,419,426,481,334
5.03,-2.78,-2.78,-0.09,0.36,-0.19,470,419,426,482,334
4.93,-2.46,-2.46,-0.07,0.36,-0.38,470,419,426,481,334
6.11,-2.38,-2.38,-0.10,0.37,-0.29,469,419,426,481,334
6.24,-2.18,-2.18,-0.09,0.35,-0.14,469,419,426,481,334
6.24,-2.03,-2.03,-0.10,0.34,-0.15,470,419,426,481,335
7.57,-1.95,-1.95,-0.13,0.33,-0.40,469,419,426,481,334
6.20,-1.43,-1.43,-0.11,0.36,-0.23,469,419,426,481,334
6.60,-1.41,-1.41,-0.18,0.38,-0.42,469,419,426,481,334
7.15,-0.57,-0.57,-0.12,0.57,-0.56,468,418,426,481,334
9.07,-0.31,-0.31,-0.27,0.45,-0.31,467,418,426,481,335
9.39,0.86,0.86,-0.11,0.48,-0.27,467,418,426,481,335
9.86,0.45,0.45,-0.21,0.33,-0.17,466,418,426,481,335
9.63,1.21,1.21,-0.03,0.43,-0.40,466,417,426,481,335
8.20,1.27,1.27,-0.14,0.31,-0.11,466,417,426,480,335
10.84,1.54,1.54,-0.17,0.26,-0.37,465,417,426,481,335
8.13,1.95,1.95,-0.03,0.40,-0.28,465,417,426,481,335
9.71,2.05,2.05,-0.25,0.21,-0.26,465,417,426,480,335
9.93,2.58,2.58,-0.06,0.35,-0.27,465,417,426,480,335
9.77,2.78,2.78,-0.08,0.25,0.03,465,417,426,481,335
9.60,2.89,2.89,-0.10,0.22,-0.13,465,417,426,481,335
9.66,2.86,2.86,-0.04,0.17,-0.08,465,417,426,481,335
9.82,2.97,2.97,-0.03,0.12,-0.05,465,417,426,481,335
END
10.27,3.03,3.03,0.04,0.06,-0.06,468,418,427,482,334
1.96,-4.72,-4.72,0.00,0.01,-0.03,468,419,427,481,334
1.79,-4.63,-4.63,-0.05,0.01,-0.04,468,419,426,481,334
2.18,-4.53,-4.53,0.03,0.06,-0.03,468,419,427,481,334
1.97,-4.67,-4.67,0.00,0.03,-0.05,468,419,427,481,334
1.43,-4.73,-4.73,-0.02,0.07,-0.00,468,419,427,481,334
2.19,-4.67,-4.67,-0.04,0.13,-0.06,468,419,427,482,334
2.59,-4.75,-4.75,-0.01,0.18,-0.03,468,419,426,482,334
2.87,-5.11,-5.11,-0.06,0.26,0.05,468,418,427,482,334
2.68,-4.48,-4.48,-0.13,0.14,0.20,467,419,427,482,334
1.42,-4.00,-4.00,-0.20,0.23,-0.01,467,419,427,482,334
1.92,-3.88,-3.88,-0.12,0.36,-0.04,467,419,427,481,334
2.63,-3.65,-3.65,-0.19,0.43,-0.31,467,418,426,481,334
4.39,-3.49,-3.49,-0.17,0.45,-0.27,466,418,426,482,334
5.28,-2.96,-2.96,-0.19,0.52,-0.27,466,418,426,481,333
4.82,-2.66,-2.66,-0.14,0.49,-0.17,466,418,427,482,334
5.48,-2.32,-2.32,-0.16,0.52,-0.37,466,418,426,481,334
6.15,-2.14,-2.14,-0.16,0.46,-0.36,466,418,426,482,334
7.20,-1.38,-1.38,-0.21,0.53,-0.22,466,418,426,482,334
7.69,-0.97,-0.97,-0.14,0.43,-0.33,466,418,426,482,334
8.42,-0.80,-0.80,-0.13,0.39,-0.44,465,418,426,481,334
7.83,-0.47,-0.47,-0.08,0.32,-0.36,466,418,426,481,334
7.95,-0.29,-0.29,-0.06,0.37,-0.34,465,418,426,481,334
8.04,0.34,0.34,-0.11,0.29,-0.50,465,418,426,481,334
7.35,0.37,0.37,-0.15,0.32,-0.47,465,418,426,481,333
10.24,1.50,1.50,-0.22,0.28,-0.38,465,418,425,481,334
8.78,1.87,1.87,-0.04,0.40,0.01,464,417,426,481,334
8.46,1.35,1.35,-0.09,0.35,-0.07,465,417,426,481,334
8.79,1.43,1.43,-0.08,0.35,-0.48,465,417,426,481,334
8.82,2.07,2.07,-0.24,0.19,-0.08,465,417,426,481,335
10.65,2.73,2.73,-0.19,0.23,-0.19,465,417,426,481,335
9.30,2.96,2.96,-0.01,0.34,-0.15,465,417,426,481,335
10.11,2.63,2.63,-0.19,0.16,-0.16,465,417,426,481,335
8.66,2.95,2.95,-0.03,0.30,-0.16,464,417,426,480,335
9.30,2.99,2.99,-0.14,0.16,-0.08,464,417,426,481,335
END
10.25,3.42,3.42,-0.07,0.16,-0.10,470,419,426,481,334
0.41,-4.95,-4.95,0.04,0.12,-0.02,470,419,426,481,333
1.37,-5.12,-5.12,-0.01,0.11,-0.05,470,419,426,481,334
1.40,-4.76,-4.76,0.01,0.14,-0.18,470,419,426,481,334
2.23,-4.70,-4.70,-0.03,0.00,-0.11,470,419,426,481,334
1.10,-4.80,-4.80,0.07,0.07,0.02,470,419,426,481,334
1.77,-4.90,-4.90,0.03,0.05,-0.06,470,419,426,481,333
1.12,-4.90,-4.90,0.05,0.12,0.02,470,419,426,481,334
1.35,-4.97,-4.97,0.02,0.19,-0.09,471,419,426,481,334
2.41,-4.86,-4.86,-0.02,0.22,-0.20,470,419,426,481,334
3.00,-5.05,-5.05,-0.05,0.17,-0.08,470,419,426,480,334
3.20,-4.76,-4.76,-0.05,0.21,-0.09,470,419,426,481,334
2.21,-4.85,-4.85,-0.25,0.08,0.02,469,418,426,481,334
1.85,-4.42,-4.42,-0.02,0.28,-0.20,468,418,426,481,334
1.68,-4.12,-4.12,-0.10,0.29,-0.34,469,418,426,481,334
3.84,-4.13,-4.13,-0.21,0.30,-0.32,469,418,426,481,334
3.14,-3.63,-3.63,-0.15,0.53,-0.05,469,418,426,481,334
4.49,-2.90,-2.90,-0.22,0.48,-0.49,469,418,426,481,334
5.84,-2.39,-2.39,-0.20,0.46,-0.26,469,418,426,481,334
8.46,-1.74,-1.74,-0.27,0.27,-0.36,468,418,426,481,334
5.24,-1.75,-1.75,-0.00,0.52,0.20,468,418,426,481,334
5.72,-1.80,-1.80,-0.11,0.34,-0.45,468,418,425,481,333
5.92,-1.99,-1.99,-0.08,0.46,-0.49,468,418,426,481,334
6.26,-1.34,-1.34,-0.18,0.44,-0.48,467,418,425,481,334
7.83,-0.78,-0.78,-0.25,0.48,-0.53,468,418,426,481,334
8.59,0.66,0.66,-0.21,0.55,-0.39,468,418,426,481,334
8.62,1.19,1.19,-0.28,0.43,-0.24,467,418,426,481,334
10.51,1.06,1.06,-0.32,0.29,-0.26,467,418,426,480,334
7.20,1.56,1.56,-0.02,0.57,-0.41,467,418,426,481,334
10.57,1.01,1.01,-0.36,0.21,-0.37,467,418,426,480,334
8.05,2.76,2.76,0.12,0.69,-0.37,466,418,426,480,334
9.19,2.72,2.72,-0.43,0.09,-0.33,466,417,425,480,334
10.15,3.03,3.03,-0.02,0.43,-0.08,465,417,426,480,333
7.81,2.58,2.58,-0.17,0.36,0.01,465,417,426,480,334
10.11,3.12,3.12,-0.16,0.30,-0.20,465,417,426,480,335
END
9.56,3.51,3.51,-0.07,0.37,-0.20,465,417,426,482,335
1.46,-5.10,-5.10,-0.02,0.10,0.00,465,417,426,481,335
0.98,-5.31,-5.31,-0.03,0.31,-0.04,465,417,426,481,334
3.32,-4.73,-4.73,-0.12,0.30,-0.03,465,417,426,482,334
2.72,-4.23,-4.23,-0.12,0.34,0.05,466,418,426,482,334
3.74,-4.21,-4.21,-0.14,0.24,-0.05,465,417,426,481,334
3.14,-3.91,-3.91,-0.10,0.32,-0.04,466,417,426,481,335
3.45,-3.55,-3.55,-0.16,0.31,-0.25,466,417,426,481,334
4.21,-3.48,-3.48,-0.14,0.34,-0.18,466,417,426,482,334
4.30,-3.29,-3.29,-0.21,0.39,-0.29,466,417,426,482,334
5.33,-2.74,-2.74,-0.25,0.38,-0.10,466,417,426,481,334
5.23,-2.39,-2.39,-0.21,0.41,-0.15,466,417,426,482,334
6.81,-1.76,-1.76,-0.20,0.33,-0.27,466,417,426,482,334
6.93,-1.50,-1.50,-0.10,0.31,-0.60,465,417,426,481,334
6.88,-1.43,-1.43,-0.12,0.28,-0.19,466,417,426,482,334
7.50,-1.46,-1.46,-0.13,0.28,-0.25,465,417,425,481,334
5.56,-0.72,-0.72,-0.04,0.45,-0.10,465,417,426,481,334
8.00,-0.95,-0.95,-0.26,0.29,-0.19,465,417,425,481,334
7.24,-0.17,-0.17,-0.13,0.42,-0.31,465,417,425,481,334
7.30,-0.14,-0.14,-0.28,0.37,-0.25,465,417,425,481,335
9.17,0.51,0.51,-0.19,0.38,-0.49,465,417,425,481,335
9.45,1.18,1.18,-0.18,0.32,-0.27,465,417,426,481,335
9.85,1.39,1.39,-0.11,0.32,-0.27,464,417,426,481,335
7.83,1.49,1.49,-0.10,0.38,-0.13,464,417,425,481,335
8.87,1.55,1.55,-0.18,0.23,-0.22,464,417,425,481,335
8.61,2.23,2.23,-0.05,0.35,-0.14,464,417,425,481,335
9.17,2.19,2.19,-0.11,0.29,-0.12,464,417,425,481,335
8.25,2.13,2.13,-0.06,0.32,-0.17,464,417,425,481,335
9.90,2.12,2.12,-0.20,0.27,-0.24,464,416,425,481,335
9.98,2.84,2.84,-0.05,0.36,-0.23,464,416,425,481,335
9.33,3.22,3.22,-0.06,0.28,-0.08,464,416,425,481,335
10.18,3.17,3.17,-0.11,0.17,-0.28,464,416,425,480,335
9.48,3.22,3.22,0.01,0.21,-0.14,464,417,425,480,336
9.68,3.32,3.32,-0.06,0.12,-0.03,463,417,425,481,336
8.92,3.42,3.42,-0.01,0.13,-0.04,463,417,425,481,336
END
9.76,3.40,3.40,-0.09,0.05,-0.18,464,416,425,481,335
1.46,-4.61,-4.61,0.02,0.05,-0.00,464,416,425,481,336
1.34,-4.64,-4.64,0.04,0.03,-0.05,464,416,425,481,335
1.75,-4.66,-4.66,-0.03,0.04,-0.04,464,416,425,481,335
1.58,-4.51,-4.51,0.00,0.05,-0.04,464,416,425,481,335
1.64,-4.62,-4.62,-0.02,0.07,-0.08,464,416,425,481,335
1.22,-4.62,-4.62,0.02,0.13,-0.03,464,416,425,481,334
1.17,-4.96,-4.96,-0.06,0.22,-0.07,464,416,425,482,335
1.95,-4.34,-4.34,-0.04,0.30,0.00,464,416,425,481,335
2.24,-4.31,-4.31,-0.07,0.35,-0.06,465,416,425,481,335
3.11,-4.08,-4.08,-0.10,0.29,-0.15,465,417,425,482,335
3.08,-3.89,-3.89,-0.08,0.31,-0.14,465,416,425,482,335
2.52,-3.80,-3.80,-0.05,0.38,-0.19,465,417,425,482,335
3.97,-3.63,-3.63,-0.15,0.38,-0.21,464,416,425,482,335
4.53,-3.13,-3.13,-0.08,0.38,-0.26,465,416,425,481,335
5.53,-3.34,-3.34,-0.18,0.30,-0.20,464,417,425,481,334
4.57,-2.62,-2.62,-0.09,0.44,-0.17,465,417,425,481,335
5.39,-2.98,-2.98,-0.21,0.34,-0.28,465,416,425,481,335
4.63,-2.24,-2.24,-0.18,0.55,-0.40,466,417,425,481,335
6.50,-1.65,-1.65,-0.29,0.41,-0.37,465,417,425,481,335
8.37,-0.62,-0.62,-0.17,0.50,-0.47,465,417,425,481,334
7.12,-0.78,-0.78,-0.22,0.39,-0.19,464,416,425,481,335
6.93,-0.46,-0.46,-0.17,0.43,-0.30,464,417,425,481,335
7.37,0.29,0.29,-0.13,0.45,-0.48,464,416,425,481,335
9.02,0.80,0.80,-0.06,0.42,-0.39,464,416,425,481,334
9.45,1.14,1.14,-0.03,0.40,-0.44,464,416,424,481,334
8.30,1.00,1.00,-0.16,0.31,0.00,464,416,425,481,335
8.65,1.11,1.11,-0.11,0.37,-0.26,463,416,425,481,335
8.60,1.51,1.51,-0.11,0.36,-0.16,463,416,424,481,335
10.27,1.87,1.87,-0.19,0.27,-0.31,464,416,425,481,335
8.75,1.92,1.92,-0.11,0.33,-0.19,463,416,425,481,335
9.01,2.00,2.00,-0.13,0.30,-0.24,463,416,425,481,335
10.75,2.13,2.13,-0.10,0.29,-0.47,463,416,425,481,336
9.04,3.09,3.09,-0.10,0.29,0.06,463,416,425,480,336
10.59,3.34,3.34,-0.20,0.16,-0.03,463,416,425,480,337
END
9.88,3.14,3.14,-0.09,0.24,-0.00,464,416,425,480,335
1.24,-4.85,-4.85,0.04,0.07,-0.07,464,416,424,480,335
1.42,-4.72,-4.72,-0.01,-0.02,-0.02,464,416,424,480,335
0.87,-4.63,-4.63,0.02,0.03,-0.03,464,416,425,480,335
1.31,-4.58,-4.58,0.02,0.07,-0.08,464,416,425,480,335
1.74,-4.85,-4.85,0.04,0.06,-0.07,464,416,424,480,335
0.81,-4.85,-4.85,0.00,0.10,-0.06,464,416,425,480,335
1.08,-5.36,-5.36,-0.02,0.21,-0.04,465,416,425,480,335
1.97,-4.95,-4.95,-0.06,0.27,0.05,465,417,425,480,335
2.16,-4.40,-4.40,-0.10,0.21,0.11,465,417,425,480,335
2.08,-4.16,-4.16,-0.04,0.25,0.02,465,416,424,480,335
2.46,-4.49,-4.49,-0.05,0.26,-0.15,465,417,425,480,335
2.36,-4.31,-4.31,-0.03,0.30,-0.16,465,417,425,480,335
1.75,-4.06,-4.06,-0.04,0.39,-0.29,466,417,425,480,335
4.02,-3.62,-3.62,-0.06,0.36,-0.59,466,417,425,480,334
5.08,-3.90,-3.90,-0.12,0.38,-0.26,466,417,424,480,334
5.24,-3.19,-3.19,-0.13,0.35,-0.22,466,417,425,480,334
5.00,-3.09,-3.09,-0.10,0.37,-0.35,466,417,425,480,334
5.37,-3.09,-3.09,-0.16,0.41,-0.14,466,416,425,481,334
5.52,-1.90,-1.90,-0.03,0.51,-0.61,467,417,425,480,334
6.50,-1.71,-1.71,-0.19,0.40,-0.28,466,417,425,481,334
6.33,-1.21,-1.21,-0.09,0.55,-0.55,467,417,424,480,334
8.25,-0.90,-0.90,-0.30,0.34,-0.49,465,416,424,480,334
8.09,-0.05,-0.05,-0.23,0.38,-0.48,466,417,424,480,334
8.13,0.29,0.29,-0.24,0.40,-0.12,465,417,425,480,334
8.90,0.78,0.78,-0.12,0.42,-0.20,466,417,424,480,334
8.82,0.57,0.57,-0.10,0.43,-0.20,466,417,425,480,335
9.17,0.98,0.98,-0.17,0.34,-0.20,466,417,425,480,335
8.16,1.17,1.17,-0.08,0.39,-0.11,466,417,424,480,335
8.22,1.41,1.41,-0.09,0.50,-0.17,466,416,425,480,335
10.44,0.75,0.75,-0.21,0.43,-0.46,465,416,424,480,335
7.42,1.73,1.73,-0.06,0.70,-0.14,464,416,425,480,335
10.61,2.49,2.49,-0.36,0.34,-0.50,464,416,424,479,335
10.19,2.89,2.89,-0.08,0.45,-0.30,463,415,425,480,335
10.14,3.50,3.50,-0.28,0.13,-0.11,463,416,424,479,335
END
11.14,3.35,3.35,-0.10,0.19,-0.07,465,416,424,481,336
0.56,-4.74,-4.74,0.04,0.07,-0.05,465,417,425,481,336
1.80,-4.92,-4.92,0.03,0.09,-0.16,464,416,425,481,336
1.26,-5.02,-5.02,0.02,0.08,-0.04,465,416,425,481,336
1.43,-5.00,-5.00,0.01,0.05,-0.05,465,416,425,481,336
1.62,-5.11,-5.11,0.01,0.10,-0.05,465,416,425,481,336
1.10,-5.48,-5.48,-0.02,0.14,-0.00,464,416,425,481,336
1.14,-5.25,-5.25,-0.05,0.26,-0.03,465,416,425,481,336
1.01,-5.33,-5.33,-0.16,0.30,-0.02,465,416,425,481,336
1.59,-4.16,-4.16,-0.18,0.46,-0.27,465,417,424,481,336
4.08,-4.08,-4.08,-0.18,0.44,-0.23,465,416,425,481,336
3.32,-3.53,-3.53,-0.05,0.52,-0.21,466,417,425,480,336
4.28,-3.65,-3.65,-0.23,0.35,-0.31,465,417,425,481,336
4.79,-3.16,-3.16,-0.13,0.48,-0.30,465,417,425,481,336
4.87,-2.77,-2.77,-0.20,0.41,-0.30,465,417,425,481,336
6.53,-2.25,-2.25,-0.16,0.38,-0.36,465,417,425,481,336
4.85,-2.08,-2.08,-0.05,0.46,-0.28,465,417,425,480,336
7.82,-1.67,-1.67,-0.17,0.25,-0.31,464,417,425,480,336
7.17,-1.67,-1.67,-0.04,0.37,-0.48,464,417,425,480,336
6.41,-1.60,-1.60,-0.14,0.33,-0.09,464,417,424,480,335
7.07,-1.13,-1.13,-0.13,0.37,-0.49,463,416,425,480,336
6.53,-0.74,-0.74,-0.19,0.38,-0.13,463,417,425,480,336
7.29,0.01,0.01,-0.15,0.45,-0.41,463,416,425,480,335
6.85,0.15,0.15,-0.22,0.47,-0.28,463,416,425,480,336
11.53,1.16,1.16,-0.29,0.41,-0.31,463,416,425,480,336
6.70,1.31,1.31,-0.16,0.55,0.17,462,416,425,480,337
10.58,1.56,1.56,-0.27,0.25,-0.45,461,416,425,480,337
8.81,1.69,1.69,0.05,0.49,-0.28,461,416,425,480,337
10.23,1.42,1.42,-0.22,0.21,-0.24,461,416,425,480,337
10.00,1.76,1.76,0.02,0.45,-0.32,461,416,424,480,337
8.99,1.84,1.84,-0.18,0.32,-0.10,461,416,425,480,337
9.70,2.01,2.01,-0.16,0.40,-0.31,461,416,425,479,337
8.05,2.88,2.88,-0.20,0.40,-0.03,460,416,425,479,338
11.33,3.21,3.21,-0.24,0.20,-0.26,460,415,425,479,337
10.04,4.04,4.04,-0.01,0.30,-0.16,460,415,425,480,337
END
10.05,3.52,3.52,-0.07,0.06,-0.10,463,416,425,480,335
1.65,-4.47,-4.47,-0.02,0.21,-0.08,463,416,425,480,335
2.51,-4.47,-4.47,-0.07,0.26,-0.04,463,416,424,480,335
3.36,-4.26,-4.26,-0.08,0.15,-0.12,462,416,424,480,334
2.43,-4.06,-4.06,0.03,0.28,-0.02,462,416,424,480,335
2.79,-4.00,-4.00,-0.04,0.20,-0.10,462,416,424,480,334
2.40,-3.70,-3.70,0.17,0.44,-0.07,463,416,424,480,334
2.50,-3.80,-3.80,0.06,0.38,-0.25,463,416,424,480,334
5.10,-4.43,-4.43,0.03,0.44,-0.31,464,416,425,480,334
4.57,-4.60,-4.60,-0.11,0.32,-0.21,466,417,425,480,335
6.42,-4.06,-4.06,-0.08,0.40,-0.25,465,417,424,480,334
5.63,-3.37,-3.37,-0.10,0.35,-0.23,466,417,424,480,335
6.58,-2.94,-2.94,-0.15,0.29,-0.27,465,417,424,480,335
6.55,-2.81,-2.81,-0.10,0.32,-0.40,465,417,424,480,335
6.56,-2.23,-2.23,-0.19,0.28,-0.39,465,416,424,480,335
8.48,-2.16,-2.16,-0.21,0.19,-0.33,464,416,424,480,335
6.60,-1.51,-1.51,-0.10,0.40,-0.37,464,416,424,480,335
8.18,-1.74,-1.74,-0.28,0.15,-0.24,463,416,424,479,335
8.28,-1.13,-1.13,-0.06,0.40,-0.38,463,416,424,479,336
8.00,-0.84,-0.84,-0.15,0.33,-0.32,463,416,424,479,336
8.89,-0.29,-0.29,-0.16,0.26,-0.15,463,415,424,479,336
8.45,-0.33,-0.33,-0.08,0.34,-0.30,463,415,424,479,336
7.37,-0.01,-0.01,-0.14,0.34,-0.19,462,415,424,479,337
8.79,0.37,0.37,-0.32,0.21,-0.33,462,415,424,479,337
8.89,0.89,0.89,-0.14,0.40,-0.21,462,415,424,478,338
9.68,1.36,1.36,-0.23,0.33,-0.30,461,414,424,478,339
10.32,1.62,1.62,-0.22,0.28,-0.22,461,415,424,478,339
8.82,2.05,2.05,-0.05,0.36,-0.17,461,414,424,478,340
8.82,1.93,1.93,-0.20,0.27,-0.13,461,414,424,477,341
9.72,2.09,2.09,-0.09,0.34,-0.17,461,414,424,477,342
9.90,2.63,2.63,-0.10,0.29,-0.11,460,414,423,477,342
9.68,2.64,2.64,-0.14,0.25,-0.17,461,414,424,477,343
10.39,2.94,2.94,-0.03,0.20,-0.02,460,415,423,477,343
9.78,2.86,2.86,-0.01,0.13,-0.10,461,414,424,477,344
10.90,2.73,2.73,-0.04,0.07,-0.04,461,414,423,477,344
END
9.13,2.64,2.64,0.09,0.15,0.02,462,415,424,479,336
3.13,-4.19,-4.19,-0.18,0.16,-0.12,461,415,424,479,336
2.76,-4.11,-4.11,-0.10,0.17,-0.12,461,415,424,479,336
4.49,-3.80,-3.80,-0.07,0.11,-0.03,461,415,424,479,336
2.79,-3.56,-3.56,-0.02,0.12,0.01,461,415,424,479,336
2.74,-3.98,-3.98,-0.08,0.14,-0.10,461,415,424,479,336
2.94,-4.03,-4.03,-0.04,0.31,-0.16,461,415,424,479,336
3.45,-3.85,-3.85,-0.14,0.31,-0.17,461,415,424,479,336
3.80,-3.12,-3.12,-0.11,0.41,-0.24,461,415,423,479,336
5.53,-3.10,-3.10,-0.21,0.34,-0.18,461,415,423,479,336
5.10,-2.29,-2.29,-0.14,0.41,-0.04,461,415,423,479,336
6.63,-2.25,-2.25,-0.17,0.27,-0.21,461,415,423,479,336
5.07,-2.07,-2.07,-0.01,0.39,-0.08,461,414,423,479,336
6.19,-2.14,-2.14,-0.15,0.32,-0.35,461,414,423,479,336
6.72,-1.91,-1.91,-0.17,0.37,-0.24,461,414,423,479,336
7.43,-1.26,-1.26,-0.11,0.43,-0.42,461,414,423,479,335
7.42,-1.47,-1.47,-0.33,0.24,-0.09,460,414,423,479,336
8.40,-1.00,-1.00,-0.21,0.35,-0.24,461,414,423,479,336
6.30,-0.51,-0.51,-0.21,0.37,-0.25,461,414,423,478,337
9.11,-0.25,-0.25,-0.31,0.24,-0.22,460,414,423,478,337
8.51,0.70,0.70,-0.03,0.51,-0.48,460,414,423,478,338
8.71,0.83,0.83,-0.36,0.11,-0.13,460,414,423,478,338
8.92,1.23,1.23,-0.16,0.33,-0.16,460,414,423,478,339
8.05,1.39,1.39,-0.11,0.39,-0.25,460,414,423,477,340
7.71,1.51,1.51,-0.10,0.42,-0.16,460,414,423,477,341
9.92,1.16,1.16,-0.24,0.42,-0.41,460,414,422,477,342
8.73,2.46,2.46,-0.09,0.52,-0.19,460,414,423,477,343
10.68,1.98,1.98,-0.33,0.28,-0.20,460,414,423,477,343
10.29,2.30,2.30,0.07,0.58,-0.21,460,414,423,477,344
9.32,2.43,2.43,-0.12,0.35,-0.16,460,414,423,477,345
12.02,2.70,2.70,-0.22,0.28,-0.29,460,414,423,477,345
9.10,3.69,3.69,0.11,0.36,0.11,460,414,423,477,345
9.84,3.04,3.04,-0.12,0.11,-0.01,460,414,423,477,344
10.13,2.82,2.82,0.02,0.11,-0.04,459,413,422,476,344
10.39,2.92,2.92,0.04,0.03,-0.04,460,413,422,476,344
END
10.14,2.68,2.68,0.03,-0.06,-0.01,464,415,424,478,337
1.18,-4.65,-4.65,0.01,0.03,-0.01,464,415,424,477,336
1.49,-4.58,-4.58,0.02,0.05,-0.09,464,415,424,478,336
1.71,-4.60,-4.60,-0.01,0.01,-0.02,464,416,424,478,336
1.52,-4.54,-4.54,0.01,0.03,-0.05,464,415,424,478,336
1.51,-4.52,-4.52,0.01,0.05,-0.03,464,415,424,478,336
1.45,-4.75,-4.75,0.01,0.11,-0.07,464,415,424,478,336
1.21,-4.66,-4.66,-0.04,0.14,-0.02,465,416,424,478,336
1.95,-4.33,-4.33,0.03,0.24,-0.01,465,416,424,478,336
2.18,-4.36,-4.36,0.01,0.23,-0.04,465,416,423,478,336
2.10,-4.29,-4.29,-0.04,0.20,-0.01,465,416,424,478,336
2.38,-4.20,-4.20,0.02,0.27,-0.03,465,416,423,478,334
3.19,-4.34,-4.34,0.00,0.24,-0.08,465,416,423,478,336
2.58,-4.05,-4.05,-0.02,0.27,-0.06,465,416,424,478,336
3.58,-4.18,-4.18,-0.06,0.28,-0.23,466,416,424,478,336
3.43,-3.96,-3.96,-0.06,0.31,-0.23,466,416,424,478,336
4.24,-3.64,-3.64,-0.08,0.32,-0.22,465,416,424,478,336
3.60,-3.42,-3.42,-0.13,0.34,0.06,465,416,423,478,336
4.80,-3.29,-3.29,-0.24,0.35,-0.44,465,416,424,478,336
5.08,-2.96,-2.96,-0.29,0.35,-0.23,465,415,423,478,336
5.65,-2.43,-2.43,-0.27,0.39,-0.47,464,415,423,478,336
5.93,-1.58,-1.58,-0.12,0.46,-0.44,464,415,423,477,337
7.11,-1.47,-1.47,-0.25,0.39,-0.53,464,415,423,477,337
6.87,-0.35,-0.35,-0.10,0.52,-0.36,463,415,423,477,336
8.33,-0.16,-0.16,-0.26,0.36,-0.45,463,415,423,477,336
7.54,0.27,0.27,-0.08,0.47,-0.17,463,415,423,477,337
8.24,0.27,0.27,-0.14,0.44,-0.50,463,415,423,477,336
8.46,0.75,0.75,-0.19,0.40,-0.21,463,415,423,477,336
10.26,1.22,1.22,-0.25,0.39,-0.47,463,415,423,477,337
END