7.69,-0.23,-0.23,0.20,0.09,-0.05,507,457,447,326,372
8.26,-0.10,-0.10,0.03,0.00,-0.03,507,457,447,326,372
8.37,-0.07,-0.07,0.04,-0.01,-0.04,507,457,447,326,372
8.34,-0.11,-0.11,0.06,-0.02,-0.04,507,457,446,326,372
8.37,-0.21,-0.21,0.06,0.01,-0.03,506,457,446,325,372
8.46,-0.61,-0.61,0.00,0.02,0.02,506,457,446,325,372
8.96,-0.57,-0.57,-0.05,0.08,0.07,506,457,446,325,372
11.31,-1.14,-1.14,-0.30,0.51,1.01,506,456,446,326,374
9.22,-1.30,-1.30,-0.27,0.84,1.07,505,456,447,326,375
8.76,-2.32,-2.32,-0.45,0.91,1.60,503,455,447,326,377
7.15,-3.55,-3.55,-0.24,1.01,1.29,503,455,447,327,376
7.77,-5.16,-5.16,-0.16,0.47,0.75,502,455,447,327,376
7.67,-6.15,-6.15,-0.11,0.46,0.73,501,455,447,327,376
7.90,-7.08,-7.08,-0.24,0.39,0.85,499,454,447,327,376
5.32,-7.06,-7.06,-0.34,0.72,1.30,498,454,447,327,376
5.33,-7.87,-7.87,-0.41,0.52,1.38,497,453,447,327,376
3.82,-8.19,-8.19,-0.35,0.61,1.20,496,452,447,327,376
0.55,-8.67,-8.67,-0.40,0.69,1.60,495,452,447,327,376
1.09,-9.17,-9.17,-0.26,0.72,1.34,494,451,446,327,377
-0.02,-9.31,-9.31,-0.03,0.66,0.61,493,451,447,327,376
-4.05,-8.59,-8.59,-0.22,0.52,1.19,492,450,447,327,376
-3.68,-8.38,-8.38,-0.05,0.72,1.01,493,450,447,327,376
-3.37,-8.20,-8.20,0.04,0.64,1.05,494,449,447,326,374
-4.53,-8.18,-8.18,0.33,1.11,1.03,500,450,448,326,371
-4.31,-7.90,-7.90,-0.18,1.07,0.72,508,453,450,326,368
-6.01,-6.73,-6.73,0.01,0.01,0.15,507,452,451,326,367
-5.03,-7.93,-7.93,-0.03,0.01,0.02,505,451,450,326,366
-5.84,-7.13,-7.13,-0.07,0.20,0.07,505,451,450,326,367
-4.56,-6.83,-6.83,-0.06,-0.03,-0.13,504,451,450,326,367
-5.43,-6.50,-6.50,0.01,-0.03,-0.02,505,451,450,326,367
-5.38,-7.03,-7.03,0.12,-0.07,-0.22,504,451,450,326,367
-5.02,-7.29,-7.29,0.10,-0.00,-0.14,504,451,451,326,367
-4.61,-7.53,-7.53,0.02,-0.05,-0.08,504,451,450,326,367
-5.17,-7.40,-7.40,0.07,-0.04,-0.11,504,451,450,326,368
-4.65,-7.09,-7.09,0.05,-0.04,-0.06,504,451,450,326,368
END
-5.64,-7.91,-7.91,0.08,-0.03,-0.10,511,457,446,324,369
8.27,0.31,0.31,0.01,0.02,-0.00,511,457,446,324,369
8.80,0.18,0.18,0.02,0.02,-0.04,511,457,446,324,369
8.65,0.52,0.52,0.01,-0.04,-0.09,510,457,446,324,370
8.81,0.32,0.32,0.04,0.01,-0.06,510,457,446,324,370
8.41,0.40,0.40,0.04,-0.04,-0.13,510,456,445,324,371
8.59,0.12,0.12,0.00,-0.02,-0.07,510,456,445,324,370
9.51,-0.14,-0.14,-0.06,-0.01,-0.08,510,456,446,324,371
9.27,-0.18,-0.18,-0.31,-0.01,0.10,510,456,445,325,372
9.99,1.08,1.08,-0.49,0.33,0.64,507,455,445,327,375
9.21,1.34,1.34,-0.88,1.46,2.46,498,452,444,329,378
5.81,-1.23,-1.23,-0.49,2.50,1.89,494,451,443,330,374
7.03,-5.94,-5.94,-0.55,0.83,1.71,489,450,443,331,375
7.51,-6.17,-6.17,-0.23,0.94,0.96,488,449,443,331,375
6.19,-6.79,-6.79,-0.59,0.74,1.24,485,449,443,331,376
4.68,-8.41,-8.41,-0.89,0.79,1.79,484,448,443,332,376
0.29,-8.31,-8.31,-0.63,1.26,1.86,485,448,444,330,374
-0.34,-9.05,-9.05,-0.59,0.45,1.16,485,447,443,330,374
0.02,-9.25,-9.25,-0.50,0.39,0.97,485,447,444,329,375
-2.34,-7.67,-7.67,-0.48,0.74,1.31,488,448,443,327,373
-4.67,-8.17,-8.17,-0.62,0.53,0.91,490,448,442,327,372
-2.94,-8.02,-8.02,-0.31,0.07,0.59,489,447,442,325,370
-5.75,-7.72,-7.72,-0.28,0.33,0.43,491,447,441,325,369
-3.88,-7.39,-7.39,-0.38,0.08,0.40,489,446,439,325,368
-3.92,-7.32,-7.32,-0.02,0.16,0.09,488,446,438,325,368
-4.54,-7.44,-7.44,-0.01,0.06,0.22,488,445,438,324,367
-5.02,-7.19,-7.19,-0.06,0.13,0.18,489,445,438,325,367
-4.75,-6.63,-6.63,0.22,0.16,-0.04,489,445,438,324,368
-4.01,-7.47,-7.47,-0.02,-0.03,0.00,489,445,438,324,367
-5.44,-7.01,-7.01,0.05,0.08,0.05,490,445,438,324,367
-4.19,-6.93,-6.93,0.03,0.00,0.02,490,445,438,325,368
-5.41,-6.96,-6.96,0.15,0.06,-0.03,491,445,438,325,368
-4.25,-7.06,-7.06,0.07,-0.05,-0.02,491,445,438,325,368
-5.26,-7.11,-7.11,0.25,0.07,-0.09,491,445,439,325,368
-4.52,-7.51,-7.51,0.07,-0.00,-0.05,491,445,439,325,368
END
-4.12,-7.32,-7.32,0.18,0.02,-0.11,506,451,438,324,366
10.34,-0.04,-0.04,-0.28,0.26,0.85,504,451,438,325,368
8.55,-1.23,-1.23,-0.09,0.77,0.41,506,451,438,324,369
11.48,-2.18,-2.18,-0.10,-0.05,0.55,504,450,438,324,372
5.74,-1.56,-1.56,-0.01,0.70,0.33,505,450,437,325,371
11.80,-3.29,-3.29,-0.05,-0.33,0.13,501,449,437,325,373
10.59,-3.51,-3.51,-0.88,0.55,2.30,497,447,437,325,374
6.35,-5.27,-5.27,-1.01,1.13,2.39,496,447,437,325,373
5.29,-5.61,-5.61,-0.37,0.93,1.82,495,446,437,325,373
4.74,-7.72,-7.72,-0.20,0.62,1.26,494,446,437,325,373
4.67,-8.69,-8.69,-0.27,0.47,1.23,494,446,437,326,372
0.04,-8.88,-8.88,0.10,0.85,1.03,496,446,437,326,372
2.38,-9.62,-9.62,-0.23,0.01,0.47,494,446,438,326,372
3.17,-8.97,-8.97,-0.09,0.35,0.80,495,446,438,325,372
-0.03,-8.87,-8.87,-0.10,0.71,1.15,497,446,438,325,372
-0.37,-9.10,-9.10,0.01,0.49,0.79,497,447,438,325,372
-1.62,-8.71,-8.71,-0.24,0.64,1.39,498,446,438,326,371
-3.23,-8.40,-8.40,-0.17,0.73,1.11,501,447,439,326,370
-4.07,-8.08,-8.08,-0.39,0.57,1.06,503,448,439,326,370
-5.43,-7.23,-7.23,-0.48,0.39,0.88,504,447,439,326,369
-5.94,-6.65,-6.65,-0.29,0.27,0.55,504,447,439,325,369
-5.86,-6.09,-6.09,-0.40,0.24,0.67,505,448,440,325,368
-7.02,-5.12,-5.12,-0.09,0.45,0.23,504,447,439,325,368
-5.93,-4.97,-4.97,-0.18,0.16,0.19,503,447,438,325,368
-6.65,-4.82,-4.82,0.05,0.16,0.16,502,447,438,325,368
-6.41,-4.74,-4.74,0.10,0.09,0.02,502,446,438,325,368
-6.65,-4.97,-4.97,0.09,0.03,-0.02,503,448,438,325,368
-5.77,-4.92,-4.92,0.09,-0.04,-0.14,502,447,438,325,368
-6.30,-5.23,-5.23,0.06,-0.01,-0.01,502,447,438,325,368
-6.82,-4.97,-4.97,0.05,-0.04,-0.11,502,447,438,326,368
-6.45,-5.22,-5.22,0.08,0.05,-0.06,502,448,439,326,368
-5.23,-5.36,-5.36,-0.01,-0.06,-0.13,502,447,438,326,368
-6.53,-5.15,-5.15,0.12,0.01,-0.21,502,448,439,326,370
-6.35,-5.36,-5.36,0.08,0.01,-0.16,502,448,439,326,370
-5.74,-5.64,-5.64,-0.00,-0.01,-0.09,501,448,440,326,371
END
-6.17,-5.20,-5.20,0.06,0.02,-0.06,500,449,435,325,371
7.63,0.68,0.68,-0.30,0.55,0.42,497,448,435,325,370
8.74,0.70,0.70,0.15,-0.14,-0.37,496,448,435,325,370
8.92,0.45,0.45,-0.07,0.12,0.13,495,448,434,325,369
10.26,-0.25,-0.25,-0.18,-0.25,-0.12,494,447,433,325,369
8.83,0.13,0.13,-0.25,-0.00,0.24,492,446,433,325,370
10.81,-0.33,-0.33,-1.35,-0.16,0.87,481,443,432,325,375
4.74,0.76,0.76,-1.48,0.80,2.50,471,439,430,325,376
7.11,-2.46,-2.46,-0.45,1.11,0.59,470,439,430,326,375
14.38,-3.01,-3.01,-0.79,-0.38,0.34,461,436,430,326,376
6.74,-4.44,-4.44,-0.55,0.66,2.46,459,436,428,325,374
9.14,-5.51,-5.51,-0.76,0.07,2.27,459,435,429,326,374
1.37,-7.31,-7.31,-0.01,1.10,1.76,465,436,429,326,373
5.23,-7.95,-7.95,-0.97,-0.46,1.53,461,435,429,326,374
0.81,-7.90,-7.90,0.07,1.06,1.55,467,436,429,325,373
-0.12,-8.48,-8.48,-0.79,0.08,1.54,465,436,429,325,373
-0.34,-8.50,-8.50,-0.12,0.63,1.20,468,436,429,325,372
-1.64,-8.51,-8.51,-0.24,0.38,1.09,470,436,429,325,371
-3.32,-7.76,-7.76,-0.46,0.22,1.11,472,436,429,325,372
-5.40,-7.03,-7.03,-0.15,0.43,0.91,477,437,429,325,371
-4.69,-6.83,-6.83,-0.18,0.07,0.57,477,437,428,325,370
-5.28,-6.31,-6.31,0.00,-0.03,0.57,478,436,428,325,369
-6.04,-6.26,-6.26,0.03,0.02,0.47,481,437,428,326,368
-5.82,-6.48,-6.48,-0.31,-0.36,0.43,484,437,429,326,368
-6.54,-5.34,-5.34,0.28,0.03,0.26,487,439,429,326,367
-5.75,-5.72,-5.72,-0.07,-0.10,0.17,487,438,429,326,366
-6.91,-5.27,-5.27,-0.03,0.04,-0.16,487,439,429,326,366
-7.05,-5.24,-5.24,-0.02,0.08,-0.19,487,439,429,326,366
-6.25,-4.80,-4.80,-0.01,0.04,-0.19,487,439,429,326,366
-6.40,-5.33,-5.33,0.04,0.02,-0.14,486,438,429,326,366
-6.09,-5.45,-5.45,0.05,-0.02,-0.06,486,439,429,326,366
-6.65,-5.49,-5.49,0.12,-0.02,-0.11,486,439,429,327,366
-5.71,-5.94,-5.94,0.01,-0.01,-0.10,486,438,429,326,366
-6.19,-5.37,-5.37,0.06,-0.02,-0.12,486,439,429,326,366
-6.22,-5.59,-5.59,0.06,-0.03,-0.09,486,439,429,327,367
END
-6.14,-5.89,-5.89,0.10,-0.04,-0.20,496,447,431,324,365
8.88,-0.99,-0.99,0.01,0.05,0.04,495,447,431,324,365
9.12,-1.07,-1.07,0.03,-0.00,-0.04,495,447,431,324,365
9.09,-1.18,-1.18,-0.08,0.07,0.14,495,446,431,324,365
8.67,-0.75,-0.75,-0.07,0.07,0.16,494,446,431,324,365
9.66,-1.56,-1.56,-0.27,0.25,0.87,492,445,431,324,365
10.27,-2.77,-2.77,-0.36,0.27,0.77,490,444,430,325,366
7.16,-3.42,-3.42,-0.59,0.65,1.65,487,442,430,325,368
8.57,-4.41,-4.41,-0.43,0.76,1.61,486,441,430,325,368
2.12,-6.50,-6.50,-0.06,1.39,1.43,486,441,431,325,368
7.80,-7.13,-7.13,-0.04,0.25,0.56,484,440,431,326,370
6.33,-7.44,-7.44,-0.30,0.92,1.02,483,440,431,326,370
4.87,-7.61,-7.61,-0.49,1.07,1.86,483,440,431,326,370
1.84,-8.43,-8.43,-0.27,1.16,1.65,485,440,432,326,370
0.27,-9.13,-9.13,-0.20,0.96,1.45,485,440,432,326,370
-2.10,-8.66,-8.66,-0.48,1.22,2.05,488,441,433,326,370
-4.42,-8.33,-8.33,-0.41,1.19,1.69,494,443,436,326,376
-3.65,-8.54,-8.54,-0.35,0.57,0.80,494,443,436,327,386
-4.80,-7.96,-7.96,-0.22,0.28,0.49,495,443,435,326,390
-5.84,-6.87,-6.87,-0.51,0.34,0.90,497,444,436,326,391
-6.48,-6.47,-6.47,-0.34,0.40,0.47,498,443,435,326,389
-5.18,-6.44,-6.44,-0.17,0.11,0.43,497,443,434,326,388
-6.90,-5.48,-5.48,-0.50,0.16,0.27,497,443,433,326,386
-6.96,-5.66,-5.66,-0.10,0.29,0.20,495,442,432,326,384
-5.41,-6.01,-6.01,-0.22,0.13,0.08,493,441,430,326,383
-6.92,-4.49,-4.49,-0.08,0.29,0.13,492,440,430,326,382
-6.21,-4.77,-4.77,0.05,0.12,0.05,491,441,430,326,381
-5.59,-5.16,-5.16,0.07,-0.02,-0.12,491,440,430,326,380
-6.07,-4.93,-4.93,0.04,0.05,0.07,491,440,430,326,380
-5.71,-4.57,-4.57,0.16,-0.04,-0.17,491,440,430,326,380
-6.20,-5.13,-5.13,0.01,0.02,-0.02,491,440,430,326,380
-6.14,-4.98,-4.98,0.10,-0.05,-0.16,491,441,430,326,380
-6.53,-4.98,-4.98,0.11,-0.01,-0.04,491,441,430,326,379
-5.97,-5.15,-5.15,0.08,-0.07,-0.08,491,441,430,326,379
-6.03,-5.06,-5.06,0.12,-0.01,-0.09,491,441,430,326,379
END
-5.92,-5.51,-5.51,0.10,-0.06,-0.09,500,448,429,325,368
9.52,-0.14,-0.14,-0.05,0.02,0.03,500,448,430,325,369
9.76,-0.98,-0.98,-0.08,0.05,0.14,499,448,429,325,369
8.82,-0.85,-0.85,-0.15,0.07,0.21,499,447,429,325,370
8.15,-1.47,-1.47,-0.17,0.24,0.36,498,447,429,325,371
9.49,-1.56,-1.56,-0.09,0.02,0.12,497,447,429,325,372
9.30,-2.07,-2.07,-0.39,0.32,0.86,494,446,429,325,373
8.13,-2.70,-2.70,-0.41,0.42,0.69,493,445,429,325,373
8.46,-2.87,-2.87,-0.14,0.21,0.34,492,445,429,325,376
9.39,-2.88,-2.88,-0.12,0.24,0.18,491,445,429,325,376
7.26,-4.23,-4.23,-0.45,0.53,1.34,488,444,429,325,377
9.41,-4.48,-4.48,-0.30,0.18,0.56,488,443,428,326,376
5.36,-5.31,-5.31,-0.45,0.58,0.97,486,443,429,325,375
9.78,-6.13,-6.13,-0.41,-0.17,0.72,484,442,428,326,376
5.34,-6.30,-6.30,-0.31,0.80,1.27,485,442,428,326,375
5.97,-7.65,-7.65,-0.41,0.12,0.75,484,441,428,326,375
4.09,-7.95,-7.95,-0.13,0.46,0.81,484,442,428,326,375
4.39,-8.36,-8.36,-0.25,0.31,0.85,484,441,429,326,375
2.68,-8.41,-8.41,-0.45,0.48,1.56,484,441,429,325,375
2.35,-8.37,-8.37,-0.00,0.55,0.74,488,442,429,326,375
-0.11,-9.15,-9.15,-0.25,0.43,0.80,486,442,429,326,374
0.55,-9.04,-9.04,-0.23,0.28,0.50,486,441,429,326,375
-1.48,-9.18,-9.18,-0.24,0.43,0.70,485,441,429,325,375
-0.62,-8.51,-8.51,-0.51,0.21,0.85,484,440,429,325,375
-2.29,-8.26,-8.26,-0.11,0.62,0.86,484,441,429,325,376
-3.29,-8.20,-8.20,-0.22,0.32,0.93,484,440,429,325,375
-3.49,-7.76,-7.76,-0.07,0.38,0.60,485,440,428,326,375
-3.99,-7.37,-7.37,-0.17,0.20,0.73,485,440,429,325,375
-4.57,-6.75,-6.75,-0.29,0.23,0.99,486,440,428,326,375
-6.27,-6.13,-6.13,-0.12,0.16,0.60,487,440,427,325,374
-6.32,-6.22,-6.22,0.05,0.05,0.37,487,439,426,326,373
-5.06,-5.72,-5.72,-0.00,-0.03,0.38,487,439,426,326,373
-6.55,-5.71,-5.71,0.03,-0.02,0.35,487,439,426,326,371
-5.89,-5.00,-5.00,0.15,-0.03,0.38,487,439,426,327,369
-7.19,-5.26,-5.26,0.09,-0.07,0.28,487,438,427,327,369
END
-7.64,-4.94,-4.94,0.13,-0.07,0.12,503,448,430,324,367
8.89,0.33,0.33,0.12,-0.01,0.03,503,448,430,324,367
8.54,0.05,0.05,0.09,0.05,0.07,502,448,430,324,367
9.52,0.39,0.39,0.10,-0.03,-0.03,502,448,429,324,367
8.55,0.40,0.40,0.06,-0.01,0.02,502,448,429,324,367
9.38,-0.40,-0.40,0.05,-0.03,-0.00,501,448,429,324,367
8.36,-0.13,-0.13,-0.06,-0.01,-0.03,501,448,429,324,367
10.53,0.22,0.22,-0.07,0.09,0.20,500,447,429,325,369
11.15,-0.27,-0.27,-0.24,0.31,0.73,498,447,429,325,373
9.75,-1.90,-1.90,-0.60,0.52,1.22,495,446,431,325,375
5.43,-1.82,-1.82,-0.67,0.82,1.57,493,446,431,326,375
10.32,-2.13,-2.13,-0.26,0.10,0.51,491,445,431,328,376
7.51,-4.05,-4.05,-0.57,0.73,1.57,486,443,431,328,376
8.82,-5.06,-5.06,-0.29,0.37,0.93,485,442,431,327,375
4.84,-6.09,-6.09,-0.44,0.66,1.03,484,442,431,328,374
7.29,-6.53,-6.53,-0.32,0.00,0.43,484,441,430,327,374
6.32,-7.37,-7.37,-0.35,0.50,0.96,483,441,430,328,374
4.57,-7.42,-7.42,-0.47,0.82,2.05,483,440,430,327,374
1.62,-7.64,-7.64,0.14,1.25,1.99,485,440,430,327,372
1.03,-9.39,-9.39,-0.16,0.42,1.15,485,440,429,326,372
-0.48,-9.26,-9.26,-0.16,0.63,0.96,487,440,429,327,372
-1.48,-8.98,-8.98,-0.01,0.64,1.10,487,441,430,326,373
-4.59,-8.27,-8.27,-0.18,0.81,1.81,488,440,430,326,375
-4.36,-8.84,-8.84,-0.00,0.76,0.66,494,442,431,326,373
-4.78,-8.64,-8.64,0.08,0.11,0.57,493,442,430,326,373
-6.46,-7.95,-7.95,-0.08,0.38,0.82,492,441,430,327,372
-6.40,-7.16,-7.16,-0.13,0.29,0.72,493,441,430,327,373
-5.75,-6.65,-6.65,-0.33,0.18,0.92,493,441,430,327,373
-7.16,-5.99,-5.99,-0.40,0.22,0.56,493,441,430,327,373
-8.03,-4.48,-4.48,-0.01,0.26,0.68,492,441,430,327,374
-7.71,-4.57,-4.57,-0.04,-0.10,0.18,493,440,430,328,375
-8.71,-4.60,-4.60,0.17,-0.05,-0.07,493,441,430,328,377
-8.54,-4.82,-4.82,0.01,0.01,0.04,492,440,431,328,377
-7.80,-4.85,-4.85,-0.02,0.02,-0.04,492,440,430,328,376
-8.18,-4.66,-4.66,0.01,0.02,-0.06,492,440,430,328,374
END
-7.99,-4.58,-4.58,-0.02,0.02,0.02,495,445,427,324,370
9.48,-0.52,-0.52,-0.14,0.05,0.23,494,445,427,324,371
8.71,-0.27,-0.27,-0.19,0.04,0.16,493,445,428,325,372
8.59,-0.93,-0.93,-0.29,-0.09,0.23,492,445,428,325,373
8.38,-0.73,-0.73,-0.19,0.18,0.03,490,444,429,326,373
9.78,-0.17,-0.17,-0.01,0.05,-0.13,489,444,429,326,374
9.74,-1.09,-1.09,-0.14,0.02,0.12,488,444,429,327,373
8.53,-1.22,-1.22,-0.41,0.31,0.24,485,443,428,326,374
9.82,-0.93,-0.93,-0.27,0.58,0.25,480,441,428,327,375
13.09,-1.59,-1.59,-1.19,0.36,1.38,470,437,426,327,378
7.47,-2.00,-2.00,-1.00,1.21,2.50,467,436,425,327,378
6.79,-4.98,-4.98,-0.28,1.10,2.10,468,436,425,327,377
5.95,-7.64,-7.64,-0.53,0.44,1.68,466,436,425,327,377
5.43,-8.50,-8.50,-0.05,0.64,1.28,467,436,425,327,378
2.63,-9.22,-9.22,-0.11,0.51,0.93,467,436,424,326,378
0.14,-8.95,-8.95,-0.07,0.31,0.41,467,435,424,327,379
5.94,-9.23,-9.23,-0.85,-0.42,0.75,465,435,425,326,379
-1.87,-8.82,-8.82,-0.08,1.20,1.91,470,435,424,326,377
0.11,-9.09,-9.09,-0.42,0.17,0.50,471,436,424,326,376
-3.51,-8.77,-8.77,-0.12,0.49,0.89,470,436,424,325,376
-2.90,-8.64,-8.64,-0.43,0.29,0.88,470,435,424,325,376
-3.77,-8.07,-8.07,-0.17,0.36,0.82,472,436,424,325,376
-5.15,-7.77,-7.77,-0.34,0.51,1.13,474,436,424,325,375
-4.41,-6.73,-6.73,-0.11,0.34,0.76,477,437,424,325,374
-5.56,-6.71,-6.71,-0.12,0.05,0.56,481,437,423,326,373
-5.87,-6.36,-6.36,-0.13,-0.06,0.24,481,437,423,326,372
-6.30,-5.63,-5.63,-0.08,-0.12,0.39,482,437,423,326,371
-6.83,-5.53,-5.53,-0.18,-0.10,0.05,481,436,422,326,372
-7.11,-4.92,-4.92,0.09,0.06,-0.03,481,437,423,326,371
-6.58,-5.63,-5.63,0.07,0.03,0.01,481,436,423,326,371
-6.31,-5.87,-5.87,0.05,0.01,0.02,481,436,423,327,371
-7.19,-5.61,-5.61,0.18,0.05,-0.14,482,437,423,327,371
-7.06,-5.71,-5.71,-0.01,-0.01,0.08,482,437,423,327,371
-7.00,-5.57,-5.57,0.07,-0.01,-0.05,482,437,423,327,371
-6.22,-5.61,-5.61,0.00,0.01,0.03,482,437,423,327,371
END
-6.99,-5.56,-5.56,0.09,0.03,-0.17,494,444,423,324,367
9.08,-0.50,-0.50,-0.02,-0.00,0.02,494,443,423,324,367
9.06,-0.62,-0.62,-0.02,0.00,-0.01,494,443,423,324,367
9.04,-0.65,-0.65,-0.01,0.02,0.00,494,443,423,324,367
9.53,-0.83,-0.83,-0.03,0.06,0.11,493,443,423,324,367
10.26,-1.22,-1.22,-0.22,0.16,0.49,491,442,423,324,369
12.48,-2.26,-2.26,-0.78,0.55,1.84,486,439,422,324,373
5.57,-3.65,-3.65,-0.72,1.32,2.30,486,439,423,325,371
5.51,-4.94,-4.94,-0.47,0.72,1.43,485,439,423,326,371
6.94,-6.04,-6.04,0.13,0.20,-0.11,486,439,423,326,371
8.32,-7.22,-7.22,-0.17,0.19,0.79,485,438,423,326,372
5.46,-7.77,-7.77,-0.20,0.39,0.63,485,438,423,326,371
4.52,-7.75,-7.75,-0.26,0.22,0.59,484,438,423,327,371
5.38,-8.04,-8.04,-0.21,0.19,0.33,484,437,423,327,371
4.19,-7.80,-7.80,-0.23,0.70,1.30,484,437,423,327,372
3.25,-8.43,-8.43,-0.26,0.74,1.50,484,437,424,326,372
-0.12,-8.82,-8.82,-0.08,0.76,1.13,487,438,424,327,371
1.80,-9.30,-9.30,-0.16,0.07,0.95,486,438,424,327,372
-1.79,-9.20,-9.20,-0.15,0.54,0.83,487,438,424,327,371
-2.02,-9.32,-9.32,-0.31,0.02,1.05,485,438,423,327,371
-1.79,-8.77,-8.77,-0.27,0.40,1.08,486,438,423,327,371
-3.14,-7.24,-7.24,-0.19,0.57,1.93,486,438,423,327,372
-8.38,-5.78,-5.78,-0.42,0.83,1.78,494,440,426,328,371
-9.12,-5.40,-5.40,-0.27,0.27,0.79,495,442,428,328,372
-6.04,-5.74,-5.74,-0.01,-0.12,0.20,492,441,427,329,372
-7.04,-5.26,-5.26,-0.11,0.14,0.51,492,441,427,329,372
-8.60,-4.34,-4.34,-0.22,0.13,0.67,491,440,427,329,371
-9.36,-3.55,-3.55,-0.25,0.19,0.66,491,441,428,329,369
-8.00,-2.83,-2.83,-0.03,0.20,0.27,490,440,427,328,369
-7.75,-2.63,-2.63,0.16,0.27,0.13,489,440,426,329,369
-7.72,-2.70,-2.70,0.08,0.16,-0.19,489,440,426,329,369
-7.05,-3.27,-3.27,0.11,0.07,-0.22,489,440,426,329,369
-7.26,-3.27,-3.27,0.14,0.04,-0.22,489,440,426,329,369
-7.52,-3.76,-3.76,0.10,-0.01,-0.16,489,440,426,329,369
-7.49,-3.99,-3.99,0.12,0.00,-0.11,489,440,426,329,369
END
-7.35,-4.12,-4.12,0.07,0.02,-0.09,496,442,425,324,369
9.21,2.07,2.07,-0.00,0.10,0.08,496,443,425,324,369
9.29,1.01,1.01,-0.01,0.08,0.16,495,442,425,324,369
8.49,1.43,1.43,-0.01,-0.03,0.01,495,442,425,324,369
9.47,1.16,1.16,-0.01,0.08,0.03,495,442,425,324,369
9.02,1.48,1.48,-0.01,-0.01,-0.02,495,442,425,324,369
8.89,0.38,0.38,-0.07,0.10,0.16,495,442,425,324,369
12.44,-0.72,-0.72,-0.35,0.21,0.67,492,441,425,324,369
11.03,-0.36,-0.36,-0.98,0.69,2.21,487,439,425,325,372
9.97,-1.82,-1.82,-0.73,0.89,1.91,485,438,424,325,372
7.48,-3.70,-3.70,-0.49,0.77,1.86,483,437,424,325,371
7.96,-5.28,-5.28,-0.33,0.51,1.12,482,436,424,326,371
6.91,-6.48,-6.48,-0.23,0.51,1.25,482,436,424,326,371
5.05,-7.88,-7.88,-0.39,0.63,1.34,481,436,424,325,370
4.84,-8.28,-8.28,-0.30,0.52,1.21,482,435,424,326,370
0.92,-7.95,-7.95,-0.25,0.91,1.51,482,436,424,326,370
2.69,-8.87,-8.87,-0.24,0.34,1.21,483,436,424,326,370
0.06,-8.92,-8.92,-0.07,0.75,1.16,485,436,425,327,370
-3.73,-9.10,-9.10,-0.11,0.62,1.57,484,436,425,327,370
-2.35,-9.66,-9.66,-0.18,0.35,1.03,486,436,424,327,370
-3.09,-8.75,-8.75,-0.07,0.34,0.74,485,436,424,327,370
-5.46,-7.49,-7.49,-0.13,0.58,1.33,484,435,424,326,370
-7.18,-6.40,-6.40,-0.25,0.75,1.49,484,436,424,326,370
-7.56,-5.92,-5.92,-0.25,0.75,1.05,484,435,424,326,371
-7.09,-5.80,-5.80,-0.33,0.26,0.17,482,435,424,326,373
-7.14,-4.69,-4.69,-0.04,0.48,0.32,480,434,423,326,374
-7.29,-4.34,-4.34,-0.34,0.43,0.20,479,433,422,327,374
-6.30,-4.10,-4.10,0.18,0.43,-0.10,478,433,422,326,377
-6.03,-4.71,-4.71,0.06,0.13,0.07,477,433,422,326,377
-7.24,-4.77,-4.77,0.02,-0.02,-0.07,477,432,422,326,376
-6.40,-4.26,-4.26,0.14,0.05,-0.05,477,432,422,327,376
-6.47,-4.50,-4.50,0.07,-0.03,-0.15,476,432,422,326,375
-6.72,-4.64,-4.64,0.08,-0.03,-0.02,477,432,422,327,375
-6.35,-4.59,-4.59,0.08,-0.02,-0.05,476,433,422,327,375
-6.88,-4.74,-4.74,0.05,-0.04,-0.08,477,432,422,327,374
END
-6.44,-4.59,-4.59,0.10,-0.06,-0.07,490,442,424,324,367
9.85,-0.82,-0.82,-0.06,-0.21,0.07,489,441,424,325,368
8.49,-1.27,-1.27,-0.11,0.27,0.40,489,441,424,325,367
10.28,-2.15,-2.15,-0.20,0.17,0.40,488,441,424,325,368
7.93,-1.78,-1.78,-0.18,0.40,0.37,487,440,424,325,367
10.68,-2.73,-2.73,-0.22,0.14,0.58,486,440,424,325,369
8.81,-3.01,-3.01,-0.21,0.61,0.81,484,439,424,325,368
8.64,-4.47,-4.47,-0.27,0.68,1.31,484,439,423,325,369
7.17,-5.32,-5.32,-0.19,1.00,1.63,483,438,423,325,368
5.43,-6.81,-6.81,-0.29,1.04,1.42,483,437,424,326,368
5.22,-7.65,-7.65,-0.12,0.65,1.11,482,437,424,326,368
2.64,-8.69,-8.69,-0.17,0.93,1.38,483,437,424,326,368
3.22,-9.29,-9.29,-0.16,0.56,1.11,483,437,424,326,368
0.01,-9.10,-9.10,-0.13,0.86,1.00,485,438,425,327,367
0.26,-9.90,-9.90,-0.22,0.23,0.59,484,437,425,327,367
0.59,-9.62,-9.62,-0.13,0.41,0.57,484,437,425,327,368
-3.04,-8.97,-8.97,-0.41,0.74,1.22,484,437,425,327,368
-2.63,-8.54,-8.54,-0.32,0.65,1.13,485,437,425,327,368
-4.12,-8.19,-8.19,-0.38,0.66,1.13,486,437,425,327,368
-5.62,-7.64,-7.64,-0.44,0.68,1.31,486,437,425,327,368
-5.53,-6.98,-6.98,-0.38,0.66,0.87,488,438,425,327,367
-5.48,-6.64,-6.64,-0.47,0.31,0.28,487,438,425,327,368
-6.53,-6.07,-6.07,-0.28,0.17,0.25,486,438,425,327,368
-6.20,-5.36,-5.36,-0.18,0.09,0.20,485,438,424,327,368
-7.34,-5.42,-5.42,-0.03,0.19,0.05,485,438,424,327,367
-6.61,-5.20,-5.20,-0.12,-0.01,0.01,484,438,424,326,368
-6.88,-5.23,-5.23,0.10,0.04,-0.09,484,438,424,327,368
-6.55,-5.32,-5.32,-0.02,-0.01,-0.04,484,437,424,327,368
-7.16,-5.18,-5.18,-0.02,-0.05,-0.07,484,437,424,326,368
-7.27,-5.09,-5.09,0.07,0.00,-0.08,484,437,423,327,368
-6.72,-5.56,-5.56,-0.04,-0.04,-0.07,484,437,424,326,367
-6.75,-5.37,-5.37,0.08,-0.04,-0.17,484,437,424,327,367
-6.48,-5.57,-5.57,-0.00,-0.05,-0.10,484,437,423,327,367
-6.91,-5.13,-5.13,0.02,0.01,-0.03,483,437,423,327,367
-6.41,-5.18,-5.18,0.04,-0.01,-0.02,484,437,424,327,367
END
-6.77,-5.48,-5.48,0.08,-0.02,-0.11,487,440,423,324,366
8.92,-1.24,-1.24,0.01,0.02,0.06,486,440,423,323,366
9.48,-1.06,-1.06,-0.05,0.03,0.08,486,440,423,324,366
11.03,-1.86,-1.86,-0.51,0.25,1.07,483,438,423,324,368
8.69,-1.92,-1.92,-0.33,0.32,0.77,482,438,423,324,368
9.58,-2.57,-2.57,-0.33,0.13,0.65,480,437,422,324,370
7.98,-4.37,-4.37,-0.44,0.52,1.31,477,436,422,324,371
9.55,-5.13,-5.13,-0.49,0.44,1.25,476,435,422,324,371
4.43,-5.79,-5.79,-0.27,0.68,0.90,475,435,422,325,370
8.36,-6.50,-6.50,-0.23,-0.10,0.29,474,434,422,325,371
5.12,-6.57,-6.57,-0.35,0.53,1.20,473,434,422,324,371
6.77,-7.82,-7.82,-0.38,0.36,1.49,472,433,422,324,371
2.13,-7.98,-7.98,0.28,1.13,1.09,477,435,423,324,370
4.55,-9.05,-9.05,-0.26,-0.05,0.44,474,434,423,324,371
1.69,-8.69,-8.69,0.04,0.66,0.81,475,434,423,326,370
1.94,-9.27,-9.27,-0.27,0.47,1.13,474,434,423,324,370
-0.27,-8.72,-8.72,-0.08,0.66,1.25,475,434,423,325,369
-0.70,-9.07,-9.07,-0.11,0.37,1.00,476,434,423,324,370
-3.46,-8.89,-8.89,-0.14,0.45,1.12,477,434,423,325,370
-3.19,-8.34,-8.34,-0.16,0.30,0.96,478,435,424,325,369
-4.90,-7.75,-7.75,0.08,0.29,0.59,479,435,424,325,370
-4.79,-8.04,-8.04,0.08,0.20,0.80,479,435,424,325,371
-5.48,-7.16,-7.16,-0.06,0.30,1.06,479,435,424,326,371
-7.29,-6.10,-6.10,-0.10,0.52,1.01,479,435,423,325,370
-6.78,-5.82,-5.82,-0.18,0.65,0.74,477,434,424,325,370
-7.59,-5.66,-5.66,0.01,1.13,0.28,474,432,423,325,369
-5.64,-5.53,-5.53,-0.31,0.29,0.24,474,432,423,326,369
-5.60,-4.58,-4.58,0.01,0.12,-0.00,473,432,423,326,368
-6.78,-3.98,-3.98,-0.02,-0.03,0.26,473,432,423,326,368
-6.55,-4.37,-4.37,0.05,-0.10,-0.09,473,432,423,326,368
-6.84,-4.92,-4.92,0.08,-0.07,-0.08,473,432,423,326,368
-6.30,-4.93,-4.93,-0.04,-0.07,-0.09,473,432,423,326,368
-7.12,-4.70,-4.70,0.01,-0.01,-0.10,473,432,423,326,368
-6.30,-4.92,-4.92,0.03,0.01,-0.06,473,432,423,326,368
-7.11,-4.87,-4.87,0.01,-0.07,-0.06,473,432,423,326,368
END
-7.42,-4.80,-4.80,0.06,0.03,-0.05,484,437,421,324,366
9.26,-0.75,-0.75,-0.15,0.21,0.41,484,437,421,324,367
9.20,-0.96,-0.96,-0.03,-0.03,-0.03,483,437,421,324,367
10.95,-1.56,-1.56,-0.22,0.15,0.73,482,436,421,324,368
8.23,-1.92,-1.92,-0.15,0.10,0.16,482,436,421,324,368
8.89,-2.83,-2.83,-0.30,0.12,0.43,480,436,421,324,368
10.37,-2.60,-2.60,-0.37,0.08,0.57,479,435,421,324,369
8.84,-2.79,-2.79,-0.74,0.53,1.64,475,434,421,324,370
5.71,-4.10,-4.10,-0.47,0.91,1.86,474,434,421,324,369
7.37,-5.85,-5.85,-0.34,0.20,0.77,473,433,420,324,369
6.10,-6.17,-6.17,-0.01,0.56,1.20,472,433,420,324,369
5.74,-7.61,-7.61,-0.12,0.36,0.87,472,433,420,324,368
4.92,-7.70,-7.70,-0.08,0.28,0.92,472,432,420,324,368
4.39,-8.49,-8.49,-0.13,0.25,0.84,472,433,420,324,368
3.35,-8.56,-8.56,-0.19,0.35,1.30,472,433,420,324,368
0.47,-8.76,-8.76,-0.09,0.55,1.29,473,433,421,324,368
0.14,-9.20,-9.20,-0.15,0.11,0.73,473,433,421,324,368
-0.29,-9.25,-9.25,-0.05,0.22,0.62,473,432,421,324,368
-2.28,-9.13,-9.13,-0.11,0.39,0.98,474,433,421,324,368
-1.48,-8.51,-8.51,-0.16,0.30,1.02,474,433,421,324,368
-5.25,-7.84,-7.84,-0.05,0.74,1.08,477,433,421,324,367
-4.42,-7.96,-7.96,-0.05,0.47,1.01,477,433,421,324,367
-5.28,-7.21,-7.21,0.01,0.63,0.89,479,434,421,324,367
-6.12,-6.90,-6.90,-0.14,0.27,0.79,481,435,422,325,368
-6.40,-6.25,-6.25,0.17,0.13,0.15,483,435,422,325,369
-5.36,-6.60,-6.60,0.11,0.01,0.28,481,434,422,325,369
-7.30,-6.58,-6.58,0.01,0.15,0.43,482,434,421,325,369
-6.84,-5.96,-5.96,0.02,0.17,0.24,482,434,421,325,370
-6.12,-5.80,-5.80,0.04,0.02,0.04,481,434,421,325,369
-6.29,-5.61,-5.61,-0.02,0.02,0.03,482,434,421,325,370
-7.32,-5.90,-5.90,0.11,0.08,-0.05,483,434,421,325,370
-6.37,-6.10,-6.10,0.07,0.04,-0.06,483,434,421,326,370
-5.99,-5.81,-5.81,0.04,-0.05,-0.03,483,434,421,325,370
-6.51,-5.74,-5.74,0.08,0.02,-0.13,482,434,421,325,369
-6.65,-6.15,-6.15,0.06,0.02,-0.03,483,434,421,325,369
END
-6.44,-6.10,-6.10,0.06,0.02,-0.06,485,438,421,323,365
9.04,-2.37,-2.37,-0.01,0.09,0.10,485,437,421,324,366
9.08,-2.09,-2.09,0.01,0.01,0.05,485,438,422,323,365
8.38,-2.18,-2.18,-0.02,-0.00,0.05,485,438,421,323,366
9.83,-2.82,-2.82,-0.01,0.05,0.08,485,438,421,323,366
9.29,-2.41,-2.41,-0.13,0.10,0.21,485,437,421,323,366
11.64,-2.76,-2.76,-0.41,0.37,1.33,481,436,421,324,369
8.14,-4.82,-4.82,-0.44,1.08,1.45,479,435,420,323,369
5.00,-5.10,-5.10,-0.66,0.89,2.12,475,433,420,325,369
5.73,-6.28,-6.28,-0.52,0.67,1.55,474,433,420,325,369
2.99,-7.98,-7.98,-0.26,0.80,1.52,473,432,419,325,369
2.33,-9.40,-9.40,-0.28,0.30,0.66,473,432,419,325,369
2.63,-8.99,-8.99,-0.30,0.38,0.87,472,431,419,325,370
1.49,-8.59,-8.59,-0.23,0.66,1.19,472,431,419,326,370
0.34,-8.56,-8.56,-0.06,0.61,1.02,473,431,420,326,370
-1.08,-8.61,-8.61,-0.15,0.49,1.11,473,431,420,326,369
-1.62,-8.82,-8.82,-0.03,0.35,0.81,474,431,420,326,369
-3.07,-9.13,-9.13,0.04,0.35,0.50,475,432,420,326,369
-3.28,-8.89,-8.89,-0.11,0.20,0.69,474,431,420,326,369
-3.76,-8.12,-8.12,-0.08,0.26,0.60,474,431,419,326,369
-4.75,-7.52,-7.52,0.10,0.27,0.63,474,431,419,326,368
-5.27,-7.52,-7.52,-0.04,0.28,0.86,474,430,419,326,369
-6.73,-6.73,-6.73,0.07,0.42,0.71,476,431,419,326,368
-6.04,-6.65,-6.65,0.06,0.21,0.62,476,431,419,326,368
-7.36,-6.86,-6.86,-0.07,0.17,0.41,477,431,419,326,369
-7.36,-6.19,-6.19,0.01,0.22,0.29,478,431,419,326,368
-6.98,-5.95,-5.95,0.10,0.11,0.11,478,430,418,326,368
-6.75,-5.74,-5.74,-0.05,0.05,0.16,477,430,418,326,369
-8.00,-5.36,-5.36,-0.07,0.17,0.11,478,430,418,326,369
-7.61,-5.05,-5.05,0.06,0.12,0.16,477,429,417,326,369
-6.68,-5.39,-5.39,0.05,0.10,0.03,478,429,417,327,369
-6.95,-5.53,-5.53,0.11,0.10,-0.02,478,429,417,327,369
-7.19,-5.59,-5.59,-0.03,0.05,0.05,477,429,417,327,369
-7.38,-5.12,-5.12,0.05,0.08,-0.01,478,429,417,327,369
-6.33,-5.33,-5.33,0.08,0.03,-0.05,477,429,417,327,369
END
-6.85,-5.58,-5.58,-0.01,0.02,-0.00,481,435,418,324,363
8.86,-2.48,-2.48,0.05,-0.02,-0.04,481,435,418,325,363
9.07,-2.71,-2.71,0.03,-0.02,-0.03,481,435,418,325,363
8.77,-2.42,-2.42,0.06,0.01,-0.05,481,435,418,325,363
9.03,-2.70,-2.70,0.05,0.02,-0.02,481,435,418,325,363
8.70,-2.63,-2.63,0.04,0.01,-0.05,481,435,418,325,363
9.82,-2.71,-2.71,-0.02,0.11,0.01,481,435,418,325,363
11.15,-3.27,-3.27,-0.42,0.57,0.61,477,434,418,326,365
7.65,-3.33,-3.33,-0.32,0.81,0.82,476,433,418,332,364
10.04,-3.57,-3.57,-0.36,0.78,1.10,469,431,417,338,367
7.43,-4.75,-4.75,-0.71,1.50,1.84,467,430,416,338,365
4.44,-6.93,-6.93,-0.25,1.35,1.39,466,430,416,338,365
4.54,-7.69,-7.69,-0.32,0.53,0.50,464,429,416,338,365
7.08,-8.02,-8.02,0.01,0.77,0.48,462,428,416,338,366
6.70,-7.85,-7.85,-1.44,0.75,1.93,459,427,415,337,366
0.19,-8.12,-8.12,-0.91,1.86,2.50,463,428,417,335,365
-2.86,-8.75,-8.75,-0.84,0.93,1.64,465,429,418,332,365
-1.90,-8.68,-8.68,-0.50,0.33,0.87,464,428,417,330,365
-4.01,-8.28,-8.28,-0.43,0.49,0.99,467,428,417,329,365
-4.57,-7.65,-7.65,-0.20,0.20,0.33,467,428,416,329,364
-4.92,-7.21,-7.21,-0.20,0.23,0.71,467,428,416,329,365
-4.92,-6.59,-6.59,-0.33,-0.03,0.73,469,428,416,329,364
-6.65,-6.46,-6.46,-0.44,-0.09,0.65,472,428,416,329,362
-6.60,-6.07,-6.07,-0.61,-0.12,0.39,474,428,416,328,362
-7.84,-5.18,-5.18,-0.06,-0.01,0.26,475,428,416,328,363
-7.10,-4.85,-4.85,-0.41,-0.20,0.18,474,428,416,328,363
-8.03,-3.96,-3.96,-0.04,0.04,0.14,474,428,415,328,363
-7.06,-4.02,-4.02,-0.03,-0.02,-0.00,474,428,416,329,363
-6.86,-4.36,-4.36,0.03,0.01,-0.01,474,428,415,329,363
-6.91,-4.72,-4.72,0.13,0.01,-0.16,474,428,415,329,363
-7.02,-4.81,-4.81,0.02,-0.00,-0.07,475,428,415,328,363
-6.78,-4.66,-4.66,0.08,-0.03,-0.12,475,428,415,329,363
-6.86,-4.44,-4.44,0.09,-0.03,-0.06,475,428,415,328,363
-7.27,-4.79,-4.79,0.04,-0.04,-0.06,475,428,416,329,363
-7.06,-4.72,-4.72,0.11,-0.01,-0.13,475,429,416,329,363
END
-6.78,-4.95,-4.95,0.03,-0.02,-0.09,480,435,417,324,363
8.95,-2.50,-2.50,-0.00,0.01,-0.04,479,435,417,324,363
9.07,-2.88,-2.88,0.01,0.03,-0.01,479,435,417,324,363
8.96,-2.57,-2.57,0.01,0.02,0.01,479,435,417,324,363
9.34,-2.71,-2.71,0.00,0.00,0.02,479,435,417,324,363
8.61,-2.86,-2.86,0.01,0.01,0.02,479,435,417,324,364
9.28,-3.37,-3.37,-0.08,0.12,0.16,478,434,417,324,364
10.27,-3.51,-3.51,-0.61,0.62,1.61,474,432,417,325,368
8.58,-4.13,-4.13,-0.48,0.84,1.21,473,432,418,326,371
6.09,-5.48,-5.48,-0.33,1.09,1.49,471,431,419,327,372
7.72,-6.96,-6.96,-0.29,0.76,1.07,469,431,420,327,372
3.73,-8.01,-8.01,-0.38,1.32,1.87,467,430,420,326,372
3.06,-9.06,-9.06,-0.13,0.90,0.98,468,430,420,327,371
1.05,-8.84,-8.84,-0.77,0.89,2.13,466,429,419,326,370
2.00,-8.69,-8.69,-0.14,1.23,1.36,470,430,420,326,369
-4.50,-9.23,-9.23,-0.54,1.00,1.74,471,430,420,326,368
-4.84,-8.30,-8.30,-0.57,0.55,1.14,472,430,420,326,367
-4.70,-8.34,-8.34,-0.18,0.35,0.60,472,430,420,325,367
-4.48,-7.90,-7.90,-0.31,0.10,0.41,472,430,419,326,367
-5.98,-7.21,-7.21,-0.12,0.23,0.35,474,430,419,326,367
-5.15,-7.29,-7.29,-0.53,0.07,0.54,473,429,418,326,365
-7.07,-6.20,-6.20,-0.22,0.34,0.72,474,429,418,326,365
-6.55,-5.54,-5.54,-0.40,0.08,0.39,475,429,417,326,364
-7.24,-5.20,-5.20,-0.09,0.04,0.38,474,429,418,325,363
-5.63,-5.49,-5.49,-0.33,-0.10,0.20,474,428,417,325,362
-7.81,-4.77,-4.77,-0.16,-0.03,0.06,474,428,417,325,361
-7.34,-4.45,-4.45,0.14,0.15,0.18,473,427,416,326,360
-6.87,-4.67,-4.67,0.01,0.01,0.00,474,427,416,325,360
-6.25,-4.97,-4.97,0.09,-0.09,-0.12,474,427,416,326,360
-7.85,-4.80,-4.80,0.00,-0.08,0.07,474,428,416,326,360
-7.43,-4.54,-4.54,0.07,-0.06,-0.06,474,428,416,326,360
-7.55,-4.77,-4.77,0.07,-0.06,0.02,474,428,416,326,360
-7.35,-4.91,-4.91,0.07,-0.04,-0.02,474,428,416,326,360
-7.82,-4.59,-4.59,0.05,-0.05,0.06,475,428,417,326,360
-8.07,-4.49,-4.49,0.05,-0.03,-0.04,474,428,417,326,360
END
-7.81,-4.57,-4.57,-0.01,-0.05,0.01,486,437,415,324,362
9.43,-0.33,-0.33,0.00,0.03,0.02,486,437,415,324,363
9.45,-0.37,-0.37,-0.00,-0.00,0.00,486,437,415,324,362
9.15,-0.50,-0.50,0.02,0.02,0.01,486,437,415,324,363
9.27,-0.45,-0.45,0.01,0.02,0.01,485,437,415,324,363
9.49,-0.76,-0.76,0.02,0.00,-0.02,485,437,415,324,363
8.82,-0.87,-0.87,-0.04,0.04,0.01,485,437,415,324,363
9.56,-0.97,-0.97,-0.14,0.11,0.13,483,436,414,324,363
10.58,-1.22,-1.22,-0.37,0.23,0.58,480,435,415,325,364
10.24,-2.05,-2.05,-0.91,0.56,1.79,472,433,415,325,367
6.30,-1.54,-1.54,-0.41,1.52,1.95,469,432,415,326,365
8.23,-4.70,-4.70,-0.29,0.52,1.00,466,430,416,325,365
7.87,-6.12,-6.12,-0.14,0.66,1.22,464,429,415,326,364
6.04,-7.56,-7.56,-0.07,0.59,1.09,465,429,415,325,364
5.41,-8.16,-8.16,-0.20,0.18,0.73,464,429,415,325,363
3.92,-8.21,-8.21,-0.13,0.47,0.85,465,429,415,325,364
4.08,-8.87,-8.87,-0.14,0.30,0.61,465,428,415,326,364
2.06,-8.66,-8.66,-0.21,0.62,1.03,465,428,415,326,364
2.49,-9.03,-9.03,-0.20,0.50,0.99,466,428,415,326,364
-0.77,-9.32,-9.32,-0.21,0.79,1.28,467,429,415,327,364
-2.20,-9.27,-9.27,-0.17,0.36,0.71,468,429,416,327,364
-2.21,-9.41,-9.41,-0.06,0.16,0.35,468,429,415,327,363
-1.49,-9.22,-9.22,-0.09,0.30,0.64,468,429,415,327,364
-4.74,-8.51,-8.51,-0.17,0.72,0.79,471,429,416,327,363
-3.75,-8.46,-8.46,-0.15,0.27,0.70,471,429,416,327,362
-4.96,-8.21,-8.21,-0.10,0.45,0.69,472,430,416,328,363
-5.81,-7.47,-7.47,-0.31,0.42,0.94,472,430,416,328,363
-7.21,-7.13,-7.13,-0.31,0.71,0.71,476,431,417,328,363
-6.83,-6.12,-6.12,-0.29,0.42,0.46,478,431,417,328,363
-5.82,-5.32,-5.32,-0.12,0.19,0.27,478,431,416,328,363
-7.41,-5.41,-5.41,-0.16,0.18,0.26,479,431,417,328,363
-7.05,-5.58,-5.58,-0.25,0.10,0.26,478,430,416,328,362
-7.36,-4.85,-4.85,-0.12,0.08,0.08,478,430,417,328,362
-7.22,-4.69,-4.69,-0.04,0.01,0.04,477,430,417,328,362
-7.08,-4.91,-4.91,-0.06,-0.00,0.04,477,430,416,328,361
END
-7.36,-4.62,-4.62,0.04,0.12,-0.00,486,436,415,324,362
9.40,1.13,1.13,0.10,0.04,-0.05,485,436,415,324,362
9.01,0.58,0.58,0.04,0.05,0.04,485,436,415,324,362
8.74,0.95,0.95,-0.01,0.02,0.04,485,436,415,324,362
9.06,0.64,0.64,0.00,0.01,0.02,485,436,415,324,362
9.39,0.47,0.47,-0.02,-0.02,0.06,485,436,415,324,362
8.56,-0.68,-0.68,-0.15,0.04,0.15,485,435,414,324,362
9.28,0.37,0.37,-0.25,0.15,0.28,484,435,415,324,363
8.48,-0.45,-0.45,-0.52,0.55,0.73,481,434,414,324,363
12.20,-1.36,-1.36,-0.54,0.40,0.94,475,432,414,324,366
7.95,-1.88,-1.88,-0.80,1.06,1.99,471,431,414,324,367
8.82,-2.95,-2.95,-0.50,0.58,1.32,470,430,413,324,366
10.14,-4.17,-4.17,-0.06,0.09,0.37,469,430,414,325,366
7.36,-5.62,-5.62,-0.34,0.42,1.29,467,429,413,324,366
6.30,-6.23,-6.23,-0.16,0.52,0.94,467,429,413,324,366
6.21,-7.05,-7.05,-0.11,0.36,0.68,467,429,413,324,365
6.07,-7.91,-7.91,-0.26,0.38,1.17,466,428,413,324,366
3.10,-8.46,-8.46,-0.10,0.73,1.22,467,429,413,324,365
2.96,-9.05,-9.05,-0.15,0.28,0.73,467,428,413,325,365
2.80,-9.30,-9.30,-0.10,0.26,0.52,467,428,413,324,365
1.51,-9.28,-9.28,-0.18,0.40,0.99,467,428,413,324,365
1.30,-9.11,-9.11,-0.18,0.36,1.00,468,428,413,324,365
-1.34,-8.59,-8.59,-0.06,0.65,1.14,470,429,414,325,365
-2.10,-8.75,-8.75,-0.23,0.37,1.33,471,429,413,325,365
-3.90,-8.95,-8.95,0.02,0.51,0.79,474,430,414,325,364
-4.16,-8.87,-8.87,-0.02,0.12,0.32,474,430,414,325,363
-4.66,-8.20,-8.20,0.03,0.20,0.53,474,430,414,325,363
-3.96,-8.17,-8.17,-0.12,0.26,0.74,474,430,414,325,363
-5.69,-6.99,-6.99,-0.32,0.59,1.35,477,430,414,324,363
-8.05,-6.58,-6.58,-0.38,0.62,0.82,481,431,415,324,364
-7.16,-6.12,-6.12,-0.01,0.10,0.25,479,430,414,325,364
-6.32,-5.93,-5.93,-0.08,-0.05,0.17,478,430,414,325,364
-7.71,-4.97,-4.97,0.04,-0.02,0.12,478,430,414,325,363
-7.02,-5.55,-5.55,0.13,-0.14,0.16,477,430,414,326,363
-8.12,-5.24,-5.24,0.05,0.01,0.13,477,430,414,326,365
END
-8.00,-5.23,-5.23,0.20,0.13,0.06,481,434,414,324,358
9.50,0.13,0.13,-0.02,0.03,0.07,480,434,414,324,358
9.27,0.43,0.43,0.04,-0.02,-0.05,480,434,414,324,358
9.55,0.16,0.16,0.08,0.00,-0.03,480,434,414,324,358
9.40,-0.27,-0.27,0.03,0.02,0.05,480,434,414,324,358
9.38,0.24,0.24,0.06,-0.00,-0.07,480,434,414,325,358
9.73,-0.65,-0.65,-0.07,0.09,0.19,479,433,414,324,358
11.67,-1.11,-1.11,-0.57,0.44,1.47,476,431,413,324,359
8.75,-2.11,-2.11,-0.25,0.61,0.65,476,431,414,325,359
7.91,-1.69,-1.69,-0.24,0.22,0.63,475,431,414,326,359
10.37,-2.40,-2.40,0.08,0.05,0.14,475,431,414,326,360
8.73,-3.49,-3.49,-0.09,0.46,0.53,474,430,414,326,360
9.80,-3.74,-3.74,-0.17,0.23,0.66,474,430,414,326,360
7.80,-4.65,-4.65,-0.35,0.74,1.50,472,429,414,326,360
7.00,-6.28,-6.28,-0.24,0.67,1.25,472,428,413,326,360
6.15,-7.21,-7.21,-0.19,0.47,0.86,472,429,413,326,360
5.02,-7.84,-7.84,-0.16,0.33,0.70,472,429,413,326,360
5.16,-8.38,-8.38,-0.16,0.39,0.82,472,429,413,326,360
3.04,-8.44,-8.44,-0.15,0.64,0.96,472,429,413,326,360
3.27,-8.86,-8.86,-0.11,0.37,0.72,473,429,414,326,360
0.90,-9.41,-9.41,-0.14,0.58,1.00,473,429,414,327,360
0.57,-9.55,-9.55,-0.15,0.45,0.78,474,429,414,327,360
-1.18,-9.49,-9.49,-0.14,0.46,0.83,474,429,414,327,360
0.61,-9.47,-9.47,-0.15,0.15,0.44,474,429,414,327,361
-1.97,-9.17,-9.17,-0.14,0.47,1.10,474,429,415,327,360
-1.48,-8.98,-8.98,-0.26,0.45,0.72,477,429,415,327,360
-4.86,-7.70,-7.70,-0.19,0.60,1.00,477,429,415,327,360
-6.06,-7.57,-7.57,-0.35,0.53,1.38,477,429,415,327,360
-7.22,-6.76,-6.76,-0.48,0.60,1.08,478,429,415,327,360
-7.70,-6.37,-6.37,-0.26,0.33,0.39,477,428,414,326,359
-6.56,-6.14,-6.14,-0.17,0.16,0.29,475,427,414,326,361
-6.93,-5.30,-5.30,-0.12,0.38,0.26,474,427,413,326,361
-7.98,-4.83,-4.83,0.03,0.45,0.29,473,426,413,326,361
-7.03,-4.72,-4.72,0.35,0.51,0.25,472,426,413,325,361
-6.32,-5.81,-5.81,0.20,0.33,0.09,470,425,412,325,361
END
-6.77,-5.39,-5.39,0.21,0.31,0.10,483,434,414,324,365
9.12,0.50,0.50,0.05,-0.03,0.01,483,434,414,324,365
9.23,-0.02,-0.02,-0.00,-0.00,0.02,483,434,414,323,365
9.02,0.66,0.66,-0.03,0.01,-0.03,483,434,414,323,365
9.55,0.57,0.57,-0.06,0.03,0.08,482,434,414,324,365
9.70,0.10,0.10,-0.06,0.02,0.16,482,434,414,324,365
10.51,-0.60,-0.60,-0.43,0.21,0.88,480,432,414,324,366
6.88,-0.96,-0.96,-0.40,0.75,1.32,478,431,414,324,367
9.07,-2.28,-2.28,-0.18,0.22,0.43,477,431,414,324,367
9.32,-2.01,-2.01,-0.13,0.22,0.15,476,431,414,325,367
11.57,-3.21,-3.21,-0.23,0.18,0.58,475,430,413,325,368
6.26,-3.70,-3.70,-0.56,0.72,1.53,474,429,413,325,368
8.76,-4.01,-4.01,-0.20,0.04,0.33,474,429,413,325,367
7.67,-4.87,-4.87,-0.19,0.47,0.67,473,429,413,325,368
7.87,-5.79,-5.79,-0.14,0.35,0.65,472,428,413,325,367
7.16,-6.28,-6.28,-0.16,0.44,0.88,473,428,413,326,367
5.70,-6.89,-6.89,-0.23,0.43,0.88,472,428,413,325,368
5.86,-7.33,-7.33,-0.09,0.40,0.95,472,428,413,325,368
4.64,-8.71,-8.71,-0.34,0.54,1.35,472,428,413,325,368
1.56,-8.30,-8.30,-0.19,0.84,1.49,472,428,413,325,368
0.23,-9.48,-9.48,-0.21,0.47,1.00,472,428,413,325,368
0.14,-9.42,-9.42,0.06,0.37,0.29,472,428,413,324,367
1.00,-10.06,-10.06,-0.17,0.12,0.37,471,427,413,325,367
-1.54,-9.22,-9.22,-0.17,0.53,0.88,471,427,413,325,367
-0.88,-8.45,-8.45,-0.16,0.56,1.14,471,427,413,325,367
-2.79,-8.65,-8.65,0.04,0.96,1.05,471,427,413,325,367
-5.14,-8.60,-8.60,-0.25,0.50,1.20,472,427,413,325,368
-7.75,-7.29,-7.29,-0.09,0.53,1.02,473,428,414,325,368
-6.36,-7.09,-7.09,0.03,0.53,0.83,476,429,416,325,370
-6.35,-7.12,-7.12,0.08,0.44,0.42,477,429,416,325,371
-7.12,-6.72,-6.72,-0.03,0.27,0.43,476,429,416,325,373
-6.63,-6.42,-6.42,-0.05,0.39,0.31,475,428,416,325,374
-8.23,-5.55,-5.55,0.48,1.05,0.15,472,428,415,325,375
-5.33,-6.65,-6.65,-0.29,0.39,0.19,471,428,415,325,373
-5.72,-6.28,-6.28,0.11,0.16,-0.18,470,427,414,325,373
END
-6.65,-5.71,-5.71,-0.11,-0.04,-0.03,482,435,413,324,363
9.38,0.26,0.26,-0.01,0.00,0.01,482,435,413,323,363
9.49,0.57,0.57,-0.02,-0.03,-0.03,482,435,413,324,363
9.61,0.50,0.50,-0.02,0.03,0.04,482,434,413,324,363
9.37,0.06,0.06,-0.06,-0.00,0.03,482,435,413,324,363
9.40,0.09,0.09,-0.15,0.07,0.14,482,434,413,324,364
11.04,-0.32,-0.32,-0.41,0.30,1.01,479,433,413,324,365
9.63,-1.13,-1.13,-0.37,0.44,0.82,477,433,412,324,365
7.70,-2.56,-2.56,-0.53,0.49,1.35,475,431,412,324,365
9.38,-2.41,-2.41,-0.35,0.29,0.61,475,431,412,324,365
8.53,-3.56,-3.56,-0.21,0.71,1.08,473,430,412,324,366
8.71,-5.35,-5.35,-0.25,0.51,1.10,472,430,411,324,366
6.77,-5.96,-5.96,-0.10,0.46,0.65,472,429,412,325,366
7.12,-7.24,-7.24,-0.15,0.22,0.61,472,429,412,325,366
5.48,-7.11,-7.11,-0.22,0.33,0.66,471,429,412,325,366
5.69,-7.47,-7.47,-0.12,0.30,0.55,471,429,412,325,366
4.90,-7.90,-7.90,-0.16,0.32,0.53,471,429,412,325,366
4.21,-8.03,-8.03,-0.14,0.34,0.57,471,429,412,325,366
3.68,-8.53,-8.53,-0.16,0.41,0.65,471,428,412,325,365
3.10,-8.84,-8.84,-0.12,0.31,0.46,471,428,412,325,366
3.63,-9.04,-9.04,-0.16,0.27,0.50,471,428,412,325,366
1.95,-9.07,-9.07,-0.11,0.52,0.89,471,428,412,325,366
0.57,-9.09,-9.09,-0.22,0.57,1.27,471,428,412,325,366
-0.49,-8.83,-8.83,-0.05,0.61,0.85,473,428,413,325,365
-2.46,-9.04,-9.04,-0.19,0.49,1.30,473,428,413,325,366
-3.95,-8.68,-8.68,-0.18,0.63,1.13,473,428,413,325,365
-4.78,-8.46,-8.46,-0.09,0.42,0.80,474,429,413,325,364
-4.47,-8.51,-8.51,0.06,0.21,0.42,474,429,413,326,365
-4.62,-8.41,-8.41,-0.03,0.27,0.70,474,429,412,325,365
-7.08,-7.42,-7.42,-0.17,0.51,0.94,474,428,413,326,365
-7.57,-6.20,-6.20,-0.17,0.59,1.02,474,429,413,325,366
-6.68,-6.32,-6.32,-0.06,0.44,0.27,474,429,412,326,366
-6.63,-6.14,-6.14,-0.21,0.19,0.31,473,428,412,325,366
-7.61,-5.27,-5.27,-0.23,0.21,0.40,473,428,413,326,368
-8.37,-4.78,-4.78,-0.10,0.08,0.13,473,430,412,327,369
END
-7.21,-4.55,-4.55,-0.01,-0.04,0.01,478,432,409,324,361
8.99,-0.29,-0.29,-0.06,-0.02,0.18,477,432,409,324,362
9.35,-0.39,-0.39,-0.13,0.03,0.29,476,431,409,324,362
9.15,-0.55,-0.55,-0.20,-0.03,0.24,475,431,408,324,362
10.29,-0.82,-0.82,-0.20,0.01,0.41,474,430,408,325,363
8.53,-1.40,-1.40,-0.46,0.28,0.90,472,429,408,324,363
9.98,-2.83,-2.83,-0.52,0.17,0.61,470,428,408,325,364
8.86,-2.73,-2.73,-0.54,0.35,1.30,468,427,408,325,365
8.39,-3.01,-3.01,-0.41,0.45,0.81,467,427,408,324,364
9.55,-4.72,-4.72,-0.29,0.25,0.97,465,426,408,325,365
7.63,-5.84,-5.84,-0.28,0.64,1.36,464,425,408,325,365
5.77,-6.69,-6.69,-0.34,0.59,1.27,464,426,408,325,365
5.35,-7.37,-7.37,-0.25,0.53,0.90,464,425,408,325,365
4.28,-7.76,-7.76,-0.24,0.64,1.35,464,425,409,325,365
2.24,-8.47,-8.47,-0.01,0.71,0.73,465,425,409,325,364
2.95,-9.13,-9.13,-0.05,0.33,0.47,464,425,409,325,364
2.40,-9.00,-9.00,-0.04,0.33,0.47,464,424,409,325,364
1.72,-9.18,-9.18,-0.02,0.37,0.60,464,424,408,326,364
0.70,-9.27,-9.27,-0.01,0.27,0.36,464,425,408,325,364
0.65,-9.60,-9.60,-0.10,0.37,0.76,464,424,409,325,364
-0.62,-9.10,-9.10,-0.14,0.51,0.87,465,425,409,325,364
-1.22,-8.38,-8.38,-0.10,0.57,0.88,466,425,409,325,364
-1.06,-8.90,-8.90,-0.23,0.40,1.00,466,425,409,325,364
-4.27,-8.73,-8.73,-0.15,0.60,0.51,470,426,409,326,362
-3.19,-8.93,-8.93,-0.30,0.10,0.59,468,425,409,326,363
-3.98,-7.80,-7.80,-0.13,0.43,0.81,467,425,409,325,363
-5.18,-7.05,-7.05,-0.30,0.49,1.24,466,425,409,325,364
-7.24,-5.94,-5.94,-0.20,0.63,1.16,466,424,409,326,364
-6.97,-6.04,-6.04,-0.03,0.44,0.57,467,424,409,325,364
-6.81,-5.52,-5.52,-0.09,0.13,0.17,466,424,408,325,364
-6.99,-4.85,-4.85,0.05,0.21,0.30,466,423,408,325,364
-6.71,-5.11,-5.11,0.32,0.28,-0.06,466,424,408,325,363
-7.18,-5.13,-5.13,0.11,0.19,0.01,466,424,408,325,363
-7.21,-5.10,-5.10,0.19,0.09,0.00,466,424,408,325,363
-7.31,-5.42,-5.42,-0.03,0.06,0.09,466,423,408,325,363
END
-7.16,-4.80,-4.80,0.10,0.02,-0.04,477,431,410,323,359
9.46,-0.89,-0.89,-0.07,0.12,0.09,477,431,410,323,359
9.04,-1.01,-1.01,-0.14,0.14,0.12,477,431,410,323,359
9.49,-1.54,-1.54,-0.13,0.09,0.21,476,430,409,323,359
9.08,-1.82,-1.82,-0.45,0.18,0.87,473,429,409,323,359
7.45,-2.31,-2.31,-0.29,0.35,0.78,471,428,409,323,360
10.39,-5.16,-5.16,-0.76,0.35,1.40,466,426,409,323,362
7.06,-4.39,-4.39,-0.79,0.85,1.73,465,426,409,324,362
7.70,-4.60,-4.60,-0.48,0.62,1.26,465,425,409,324,362
7.28,-6.75,-6.75,-0.17,0.71,1.30,464,425,409,324,362
4.76,-8.03,-8.03,-0.11,0.61,1.15,464,425,409,324,361
3.79,-8.32,-8.32,-0.14,0.49,1.14,465,425,409,324,362
2.99,-8.29,-8.29,-0.08,0.45,0.84,465,425,410,325,362
1.64,-8.86,-8.86,-0.08,0.48,0.98,466,424,410,325,361
1.27,-9.22,-9.22,-0.04,0.43,0.72,467,425,410,326,362
0.04,-9.52,-9.52,-0.15,0.51,1.25,467,425,410,326,363
-1.50,-9.33,-9.33,-0.10,0.51,0.44,469,425,410,325,362
-1.64,-9.50,-9.50,-0.10,0.25,0.55,467,425,410,325,361
-1.93,-9.02,-9.02,-0.03,0.22,0.17,467,425,410,325,361
-2.02,-9.21,-9.21,-0.08,0.34,0.62,467,425,410,325,362
-3.55,-8.70,-8.70,-0.12,0.46,0.56,468,425,410,325,361
-3.23,-8.55,-8.55,-0.05,0.27,0.50,467,425,410,326,362
-3.08,-8.39,-8.39,-0.18,0.23,0.76,467,425,410,326,362
-4.57,-7.76,-7.76,-0.14,0.36,0.87,467,424,410,325,362
-6.30,-7.16,-7.16,-0.27,0.31,0.85,467,424,410,326,362
-6.69,-6.36,-6.36,-0.43,0.04,0.80,467,424,410,326,362
-7.26,-6.11,-6.11,0.04,0.07,0.15,467,424,409,326,362
-6.51,-5.66,-5.66,-0.15,-0.05,0.16,466,423,409,325,363
-7.62,-5.00,-5.00,-0.06,0.20,0.34,465,423,409,325,362
END
10.32,2.01,2.01,0.67,0.45,0.12,487,449,459,325,373
8.22,-0.41,-0.41,0.17,-0.05,-0.01,487,449,459,325,373
9.12,-0.27,-0.27,0.18,-0.08,-0.12,487,449,459,325,372
8.89,-0.64,-0.64,0.13,0.01,-0.09,487,449,459,325,373
9.04,-0.39,-0.39,0.08,0.02,-0.08,487,448,458,325,373
8.85,-0.34,-0.34,0.11,0.02,-0.07,487,448,458,325,373
8.83,-0.72,-0.72,0.08,0.04,-0.05,486,448,458,325,373
9.50,-1.46,-1.46,-0.04,0.13,0.10,486,448,458,325,374
10.35,-1.75,-1.75,-0.44,0.57,1.50,484,447,458,325,375
7.28,-1.99,-1.99,-0.33,1.22,1.81,484,446,457,326,375
9.14,-3.88,-3.88,-0.26,0.56,0.99,483,445,457,326,376
7.49,-5.05,-5.05,-0.02,0.71,0.73,482,445,457,326,376
8.66,-6.04,-6.04,-0.26,0.18,0.48,482,444,457,326,376
7.26,-6.25,-6.25,-0.15,0.45,0.73,482,444,457,326,376
7.37,-6.61,-6.61,-0.31,0.46,1.03,482,444,457,326,377
5.52,-7.02,-7.02,-0.32,0.71,1.46,482,444,457,326,377
4.95,-7.57,-7.57,-0.38,0.65,1.79,482,444,457,326,378
0.76,-8.13,-8.13,0.03,1.06,1.19,485,444,457,326,378
1.03,-9.90,-9.90,-0.30,0.17,0.98,484,444,457,327,378
0.45,-9.20,-9.20,0.00,0.66,0.77,485,444,457,327,378
-2.32,-8.98,-8.98,-0.19,0.68,1.49,484,444,456,327,378
-3.96,-7.93,-7.93,-0.08,1.02,1.39,489,445,457,326,377
-4.97,-7.49,-7.49,-0.00,0.75,1.33,493,446,457,327,375
-6.44,-7.65,-7.65,0.20,0.53,0.84,494,447,458,327,374
-6.63,-7.87,-7.87,0.05,0.32,0.66,495,447,457,327,375
-6.59,-7.20,-7.20,0.14,0.25,0.36,495,447,457,327,374
-5.92,-7.51,-7.51,0.08,0.03,0.08,494,446,456,326,374
-6.56,-7.08,-7.08,0.02,0.12,0.08,494,446,456,326,374
-6.71,-6.68,-6.68,-0.02,0.03,-0.14,494,446,456,327,373
-6.81,-6.50,-6.50,-0.02,0.03,-0.10,493,446,456,327,373
-5.99,-6.80,-6.80,-0.00,-0.07,-0.23,493,445,456,326,373
-6.90,-6.67,-6.67,0.01,-0.02,-0.06,493,445,456,327,373
-6.69,-7.00,-7.00,0.03,0.01,-0.03,493,445,456,326,373
-6.24,-7.14,-7.14,0.05,-0.09,-0.23,493,445,456,327,373
-6.05,-7.09,-7.09,0.03,-0.04,-0.14,493,445,455,327,373
END
-7.00,-7.05,-7.05,0.04,-0.12,-0.45,484,441,451,325,381
10.21,-2.19,-2.19,-0.56,0.12,1.15,481,440,450,325,383
8.19,-2.53,-2.53,-0.34,0.67,1.50,480,439,450,325,382
5.72,-5.02,-5.02,-0.28,0.24,1.00,479,438,449,325,382
8.54,-5.56,-5.56,-0.07,-0.05,0.10,479,438,449,325,382
8.05,-5.54,-5.54,-0.38,0.19,1.07,477,437,449,325,382
5.72,-6.26,-6.26,-0.18,0.50,1.31,478,437,449,326,381
5.00,-7.65,-7.65,-0.11,0.47,1.16,478,437,449,325,381
3.68,-7.97,-7.97,-0.06,0.47,0.82,478,437,448,326,380
4.77,-8.70,-8.70,-0.09,0.27,0.81,478,437,448,325,380
2.51,-8.66,-8.66,0.02,0.48,0.85,479,437,449,326,380
2.34,-9.05,-9.05,0.03,0.17,0.27,479,437,449,326,379
2.37,-9.10,-9.10,-0.04,0.17,0.36,479,437,449,326,380
1.80,-9.06,-9.06,0.02,0.21,0.43,479,437,449,326,379
1.40,-9.30,-9.30,-0.05,0.29,0.76,479,437,449,326,379
-0.29,-9.10,-9.10,0.05,0.44,0.74,480,437,449,326,378
-1.16,-9.17,-9.17,-0.03,0.32,0.82,480,437,449,325,378
-1.26,-9.30,-9.30,0.13,0.27,0.35,482,438,448,326,377
-3.35,-9.25,-9.25,-0.07,0.34,0.99,482,439,449,326,377
-1.67,-8.94,-8.94,0.07,0.34,0.73,484,439,449,326,376
-4.52,-8.23,-8.23,0.04,0.52,0.88,485,439,449,326,376
-4.90,-8.04,-8.04,0.04,0.37,0.72,486,440,449,326,375
-5.09,-8.03,-8.03,0.09,0.18,0.48,486,439,449,326,375
-5.26,-7.97,-7.97,-0.03,0.16,0.64,486,439,449,326,375
-6.57,-7.26,-7.26,-0.10,0.33,0.73,487,440,449,326,375
-6.83,-6.40,-6.40,-0.13,0.22,0.70,488,439,449,326,375
-8.16,-5.49,-5.49,-0.19,0.19,0.62,488,440,448,326,374
-8.46,-5.03,-5.03,-0.23,0.13,0.36,487,439,448,326,374
-8.16,-4.67,-4.67,-0.03,0.07,0.12,487,439,447,326,374
-8.73,-4.64,-4.64,-0.03,0.09,0.04,487,438,447,326,374
-8.15,-4.59,-4.59,-0.00,0.09,0.09,486,438,447,326,374
-8.31,-4.82,-4.82,-0.01,0.03,0.06,486,438,447,326,374
-8.36,-4.51,-4.51,0.07,-0.01,-0.01,486,438,447,326,374
-8.18,-4.75,-4.75,0.04,0.05,-0.03,486,438,446,326,374
-7.99,-4.33,-4.33,0.03,0.06,-0.04,486,438,447,326,374
END
-7.73,-4.49,-4.49,0.03,-0.02,-0.04,490,442,448,324,372
8.74,1.08,1.08,0.17,-0.08,-0.31,490,442,448,324,372
9.60,0.68,0.68,0.12,-0.20,-0.33,491,442,448,324,372
8.26,1.07,1.07,0.09,-0.28,-0.45,492,443,448,325,372
9.26,2.59,2.59,0.17,-0.15,-0.39,491,443,448,325,372
9.40,2.35,2.35,0.11,-0.25,-0.35,491,442,448,325,372
10.11,2.56,2.56,0.15,0.04,-0.07,491,442,448,325,372
9.10,2.16,2.16,0.06,-0.02,0.03,491,442,448,325,372
8.07,1.64,1.64,0.03,0.11,0.08,491,442,448,324,372
9.91,1.00,1.00,-0.05,0.11,0.16,490,442,448,324,372
8.88,0.74,0.74,-0.32,0.15,0.56,489,442,448,325,372
7.56,1.00,1.00,-0.52,0.41,1.20,487,441,447,325,374
9.15,-1.34,-1.34,-0.55,0.53,1.23,484,439,446,325,374
11.79,-1.49,-1.49,-0.43,0.29,0.71,482,438,446,325,377
9.67,-1.06,-1.06,-0.35,0.35,0.61,481,438,446,325,376
9.73,-2.35,-2.35,-0.25,0.24,1.26,479,437,445,325,377
8.64,-4.01,-4.01,-0.37,0.23,0.50,478,437,445,325,376
6.64,-4.50,-4.50,-0.29,0.40,1.29,477,436,445,325,377
8.25,-4.88,-4.88,-0.24,0.20,0.63,477,436,445,325,376
5.74,-5.87,-5.87,-0.25,0.47,1.08,476,435,445,325,376
8.41,-6.82,-6.82,-0.33,0.07,0.90,475,435,444,325,377
3.30,-7.15,-7.15,-0.17,0.58,1.13,476,435,444,325,376
5.48,-8.41,-8.41,-0.14,-0.06,0.29,475,434,444,325,376
4.50,-8.28,-8.28,-0.19,0.16,0.60,475,434,444,325,376
3.92,-8.54,-8.54,-0.17,0.13,0.48,475,434,444,325,376
3.46,-8.38,-8.38,-0.34,0.26,1.17,474,434,444,326,376
-0.29,-8.38,-8.38,-0.07,0.85,1.65,475,434,443,326,375
0.26,-8.78,-8.78,-0.17,0.35,1.06,475,434,444,325,376
-1.26,-8.75,-8.75,0.18,0.67,1.13,477,434,444,325,375
-2.22,-9.08,-9.08,0.03,0.44,1.08,478,434,444,326,375
-3.52,-8.78,-8.78,0.17,0.40,0.60,480,435,444,326,374
-2.86,-8.78,-8.78,0.13,0.04,0.15,480,435,444,325,373
-4.95,-8.54,-8.54,0.17,0.25,0.33,480,434,444,326,373
-4.54,-8.23,-8.23,0.01,0.20,0.71,480,434,444,326,373
-4.30,-7.90,-7.90,0.07,0.42,0.67,480,435,444,326,373
END
-5.48,-7.16,-7.16,-0.04,0.51,1.29,482,437,442,323,371
8.93,0.22,0.22,0.08,0.04,0.00,482,437,443,324,371
9.71,0.16,0.16,0.05,0.04,0.02,482,437,443,324,371
8.65,0.17,0.17,-0.03,0.06,0.05,482,437,442,323,371
9.23,0.76,0.76,0.01,-0.03,-0.10,482,437,443,324,371
9.80,-0.52,-0.52,0.02,0.06,0.04,482,437,443,324,371
10.85,-1.61,-1.61,-0.16,0.02,0.14,481,437,445,324,373
8.68,1.27,1.27,0.06,0.45,0.02,480,437,446,326,374
9.08,0.55,0.55,-0.26,0.08,0.18,480,437,446,331,374
11.76,-0.24,-0.24,-0.23,0.53,0.85,479,436,445,330,375
11.06,-0.75,-0.75,-0.89,1.02,2.42,475,435,444,328,376
8.53,-4.20,-4.20,-0.12,1.16,1.07,475,435,444,327,374
6.40,-5.69,-5.69,-0.27,0.63,1.72,473,433,443,326,376
6.09,-6.12,-6.12,-0.01,0.97,1.20,473,433,442,326,375
4.36,-7.96,-7.96,-0.18,0.72,0.97,473,433,442,327,375
5.15,-8.58,-8.58,-0.22,0.52,1.01,473,433,442,326,375
1.97,-8.59,-8.59,-0.18,1.08,1.42,473,432,442,326,375
0.29,-9.15,-9.15,-0.20,0.79,1.41,473,432,442,326,375
-1.71,-9.30,-9.30,-0.09,0.86,1.13,475,432,442,326,374
-2.02,-9.43,-9.43,-0.29,0.69,1.19,474,432,442,326,375
-3.15,-8.63,-8.63,-0.09,0.95,1.14,476,432,442,326,375
-4.62,-8.05,-8.05,-0.37,0.80,1.02,479,433,442,326,374
-6.68,-7.47,-7.47,-0.41,0.69,1.05,479,432,442,326,374
-5.83,-6.63,-6.63,-0.20,0.62,0.73,480,433,441,326,374
-6.77,-6.47,-6.47,-0.14,0.25,0.37,481,432,442,326,373
-7.02,-5.95,-5.95,-0.12,0.14,0.33,480,432,441,326,373
-7.15,-5.86,-5.86,-0.05,0.06,0.21,478,431,441,326,374
-9.36,-6.04,-6.04,-0.13,0.09,0.21,478,431,441,326,374
-8.25,-5.68,-5.68,-0.08,0.16,0.34,478,431,441,326,375
-7.52,-5.33,-5.33,-0.17,0.27,0.31,478,431,440,326,375
-8.43,-4.43,-4.43,-0.16,0.24,0.24,478,431,441,326,375
-8.84,-4.52,-4.52,-0.08,0.14,0.09,478,431,440,326,375
-8.64,-4.44,-4.44,-0.16,0.29,0.06,478,430,441,326,375
-7.01,-3.50,-3.50,-0.16,0.18,-0.11,478,431,440,326,374
-8.71,-3.90,-3.90,0.01,0.18,-0.13,478,431,441,326,374
END
-7.28,-4.75,-4.75,0.05,-0.03,-0.30,472,432,440,323,370
9.52,-1.23,-1.23,-0.11,0.18,0.06,472,432,440,324,370
8.92,-1.72,-1.72,-0.09,0.15,0.10,473,432,441,324,370
9.22,-1.72,-1.72,-0.13,0.11,0.07,473,432,440,323,369
9.35,-2.13,-2.13,-0.07,0.06,0.05,473,432,440,323,370
9.07,-1.48,-1.48,-0.12,0.10,0.13,473,432,441,324,370
9.49,-2.93,-2.93,-0.09,0.13,0.15,473,431,440,324,370
11.75,-3.78,-3.78,-0.81,0.45,1.39,470,430,440,325,372
6.52,-3.20,-3.20,-0.55,1.14,1.83,469,430,440,325,372
8.27,-6.11,-6.11,-0.49,0.54,1.35,468,429,440,325,372
7.57,-6.16,-6.16,-0.00,0.60,0.60,468,429,440,325,372
5.69,-6.70,-6.70,-0.30,0.45,1.06,468,429,440,326,373
6.07,-7.32,-7.32,0.15,0.24,0.24,469,428,440,325,373
4.75,-8.16,-8.16,-0.12,0.32,0.71,469,429,440,325,373
3.96,-8.56,-8.56,-0.13,0.21,0.60,469,428,440,325,372
3.17,-8.50,-8.50,-0.07,0.30,0.71,470,428,440,325,373
2.91,-9.16,-9.16,-0.07,0.17,0.49,470,428,440,325,373
2.89,-9.40,-9.40,-0.11,0.25,0.71,470,428,440,325,372
-0.42,-9.13,-9.13,-0.04,0.53,0.98,471,429,439,325,372
1.87,-9.22,-9.22,-0.16,0.04,0.46,472,429,440,325,372
-0.91,-9.26,-9.26,0.01,0.54,1.07,472,429,440,325,372
0.06,-9.18,-9.18,-0.02,0.14,0.57,472,429,440,325,372
-3.12,-8.95,-8.95,0.08,0.42,0.87,474,429,441,325,371
-3.27,-9.32,-9.32,0.02,0.21,0.45,476,430,441,325,371
-2.40,-9.10,-9.10,0.05,0.18,0.76,475,430,441,325,371
-5.73,-7.96,-7.96,0.12,0.54,0.59,478,431,441,325,370
-7.45,-7.31,-7.31,-0.06,0.43,1.07,479,431,441,325,369
-6.17,-7.81,-7.81,0.11,0.56,0.63,480,431,441,325,369
-6.09,-7.67,-7.67,-0.13,0.36,0.79,479,431,441,325,368
-7.82,-6.32,-6.32,-0.30,0.73,1.08,480,431,441,326,368
-7.85,-5.61,-5.61,-0.13,0.77,0.80,482,432,441,325,370
-8.93,-4.88,-4.88,0.01,0.41,0.52,481,431,441,325,369
-7.47,-4.22,-4.22,-0.01,0.12,0.34,480,430,440,326,370
-8.36,-3.85,-3.85,-0.07,0.04,0.37,480,430,440,325,370
-8.84,-3.88,-3.88,-0.18,0.03,0.28,480,430,440,326,370
END
-9.46,-2.64,-2.64,-0.02,0.16,0.20,476,432,440,324,368
9.12,-0.95,-0.95,-0.06,0.09,0.12,476,432,440,324,368
9.83,-1.36,-1.36,-0.04,0.09,-0.02,476,432,440,324,369
9.20,-0.95,-0.95,-0.12,0.08,0.04,475,432,440,324,368
10.17,-1.30,-1.30,-0.13,0.12,0.12,475,432,440,325,369
8.71,-1.54,-1.54,-0.26,0.28,0.31,474,432,440,325,369
10.27,-1.44,-1.44,-0.45,0.18,0.85,472,430,440,325,371
9.80,-3.17,-3.17,-0.21,0.48,0.55,471,430,439,325,371
8.84,-4.42,-4.42,-0.84,0.34,1.85,469,428,438,325,373
7.24,-4.04,-4.04,0.03,0.52,0.08,470,429,439,325,371
8.55,-4.69,-4.69,0.05,-0.02,-0.14,468,428,439,325,372
8.69,-5.06,-5.06,-0.07,0.07,0.20,468,428,439,325,372
9.67,-5.81,-5.81,-0.33,0.11,0.85,468,428,438,325,372
6.24,-6.14,-6.14,-0.12,0.54,0.85,468,427,438,325,372
5.84,-6.93,-6.93,-0.33,0.24,0.94,468,427,438,325,372
6.23,-6.86,-6.86,0.02,0.14,0.02,468,427,438,325,371
6.62,-7.70,-7.70,-0.26,0.32,0.94,468,427,438,325,372
4.77,-7.96,-7.96,-0.06,0.50,0.70,468,427,438,325,371
4.46,-8.69,-8.69,-0.18,0.44,1.17,468,427,438,325,372
1.28,-8.80,-8.80,-0.13,0.51,1.05,469,427,438,325,371
1.91,-9.53,-9.53,-0.20,0.28,0.82,469,427,438,325,371
-0.54,-9.27,-9.27,-0.06,0.54,0.93,469,427,438,325,371
-1.52,-9.24,-9.24,-0.18,0.43,1.02,470,427,438,325,371
-0.77,-9.01,-9.01,0.00,0.34,0.49,470,428,438,325,371
-2.24,-9.13,-9.13,-0.05,0.39,0.95,471,428,438,326,371
-3.41,-8.30,-8.30,-0.06,0.33,1.14,472,428,438,325,371
-5.60,-7.47,-7.47,-0.07,0.48,1.15,476,429,439,325,370
-5.58,-6.94,-6.94,0.04,0.28,1.04,477,429,439,326,370
-7.15,-6.98,-6.98,-0.01,0.19,0.60,479,430,439,326,369
-7.44,-6.17,-6.17,0.05,0.06,0.68,479,430,439,326,370
-7.26,-6.73,-6.73,0.04,0.12,0.37,480,431,441,325,371
-7.25,-6.32,-6.32,-0.05,0.11,0.66,480,431,440,326,373
-8.90,-5.23,-5.23,-0.15,0.26,0.78,479,431,440,326,375
-8.82,-3.70,-3.70,-0.13,0.26,0.53,479,431,439,326,377
-8.51,-3.37,-3.37,-0.07,0.20,0.20,479,430,439,326,378
END
-8.37,-3.13,-3.13,-0.15,0.14,0.14,474,431,436,324,369
9.66,0.45,0.45,-0.04,0.00,0.10,474,431,436,324,369
8.88,0.11,0.11,-0.20,0.06,0.21,474,431,435,325,370
10.14,0.29,0.29,-0.29,0.06,0.45,474,431,436,325,370
10.84,-0.73,-0.73,-0.46,0.19,0.93,472,430,436,324,371
8.36,-1.12,-1.12,-0.30,0.46,0.73,472,429,436,325,371
11.36,-2.73,-2.73,-0.55,0.40,1.25,469,428,435,325,373
8.39,-3.50,-3.50,-0.49,1.00,1.42,468,428,435,325,372
9.26,-4.99,-4.99,-0.54,0.63,1.73,467,427,435,325,372
6.41,-6.32,-6.32,-0.26,0.92,0.96,468,427,435,325,371
6.58,-7.69,-7.69,-0.40,0.31,1.01,467,427,434,325,372
4.73,-7.74,-7.74,-0.26,0.59,1.08,467,427,434,325,371
3.37,-8.74,-8.74,-0.36,0.57,1.51,468,426,435,325,372
-0.01,-8.37,-8.37,-0.15,0.76,1.10,470,427,435,325,371
2.53,-9.40,-9.40,-0.24,0.26,0.90,469,426,435,325,372
-1.03,-9.12,-9.12,-0.07,0.71,1.01,470,427,436,325,371
-0.39,-9.29,-9.29,-0.12,0.40,1.21,470,427,436,326,371
-1.30,-8.98,-8.98,-0.05,0.66,1.21,471,427,436,326,371
-5.66,-7.24,-7.24,-0.04,0.88,1.75,473,428,436,325,370
-5.78,-7.85,-7.85,-0.03,0.37,0.88,477,430,437,325,368
-6.95,-7.96,-7.96,0.23,-0.04,-0.22,477,429,436,325,368
-6.22,-8.03,-8.03,-0.15,0.06,0.49,476,429,436,326,368
-7.21,-6.93,-6.93,-0.26,0.41,0.61,476,429,436,325,368
-6.82,-5.59,-5.59,-0.19,0.52,0.99,476,429,436,326,368
-7.01,-5.14,-5.14,-0.28,0.23,0.84,476,429,436,326,368
-8.61,-4.34,-4.34,-0.11,0.01,0.43,477,429,436,326,368
-8.86,-3.93,-3.93,0.00,-0.03,0.46,476,429,435,326,369
-8.31,-3.90,-3.90,0.20,-0.14,0.14,476,429,434,325,369
-9.07,-4.63,-4.63,0.15,-0.06,0.39,475,428,434,325,369
-9.12,-4.65,-4.65,0.10,0.07,0.18,475,428,434,325,369
-7.97,-3.07,-3.07,0.00,0.06,-0.01,475,428,434,325,369
-8.82,-2.34,-2.34,-0.07,0.14,-0.13,475,428,434,325,369
-8.37,-3.45,-3.45,0.01,0.11,-0.22,475,428,434,325,369
-8.66,-4.01,-4.01,0.07,0.01,-0.44,475,428,434,325,369
-8.98,-4.21,-4.21,0.08,0.00,-0.56,475,428,434,326,368
END
-5.78,-5.41,-5.41,0.35,-0.04,-1.26,473,432,435,325,369
10.77,0.18,0.18,-0.26,0.03,0.36,471,431,435,325,371
8.46,0.28,0.28,-0.39,0.22,0.82,470,431,435,325,371
9.07,-0.37,-0.37,-0.19,0.02,0.15,470,430,434,325,371
12.10,-1.03,-1.03,-0.46,0.06,1.20,468,429,435,325,374
9.48,-1.88,-1.88,-0.10,0.47,0.53,467,429,434,325,372
11.20,-3.51,-3.51,-0.48,0.06,1.22,465,427,434,325,373
8.61,-4.24,-4.24,-0.37,0.67,1.22,464,427,433,325,372
7.62,-5.73,-5.73,-0.45,0.52,1.52,463,426,432,325,372
5.68,-5.60,-5.60,-0.09,0.70,1.13,464,426,433,325,371
6.54,-7.01,-7.01,-0.08,0.25,0.63,463,426,433,325,371
6.01,-8.26,-8.26,-0.06,0.27,0.64,464,426,433,325,371
5.18,-8.82,-8.82,-0.15,0.34,0.99,464,426,433,325,371
3.14,-8.56,-8.56,-0.22,0.54,1.37,464,425,433,325,371
2.31,-8.66,-8.66,-0.17,0.46,1.29,465,425,433,325,371
0.46,-8.76,-8.76,-0.27,0.49,1.64,465,426,433,325,370
-1.24,-9.27,-9.27,-0.04,0.53,1.12,467,426,433,325,370
-2.89,-9.05,-9.05,-0.21,0.47,1.42,466,426,433,325,370
-5.63,-7.49,-7.49,-0.09,0.71,1.06,469,427,433,325,367
-6.80,-7.41,-7.41,-0.26,0.30,1.10,471,427,433,325,366
-6.19,-6.94,-6.94,-0.10,0.35,0.70,472,427,434,325,366
-6.79,-6.73,-6.73,-0.16,0.29,0.97,472,427,434,325,365
-6.78,-5.96,-5.96,-0.29,0.25,0.61,472,427,434,326,365
-7.74,-5.16,-5.16,-0.11,0.14,0.57,471,427,433,326,365
-8.05,-4.37,-4.37,-0.19,0.24,0.54,470,426,433,326,366
-8.04,-4.05,-4.05,-0.07,0.19,0.55,470,426,433,326,366
-8.66,-4.09,-4.09,-0.25,-0.10,0.17,469,426,433,326,366
-9.46,-3.10,-3.10,0.08,0.12,0.03,469,426,433,326,366
-8.51,-2.99,-2.99,-0.07,0.14,0.09,469,426,433,326,366
-8.02,-2.95,-2.95,-0.01,0.04,-0.15,469,426,433,326,366
-8.78,-3.07,-3.07,0.04,0.06,-0.04,469,426,433,326,366
-8.43,-3.35,-3.35,0.01,-0.02,-0.11,469,426,433,326,366
-8.80,-3.32,-3.32,0.10,0.01,-0.15,469,426,433,326,366
-7.67,-3.75,-3.75,0.03,-0.01,-0.03,469,426,432,326,366
-8.36,-3.11,-3.11,0.16,-0.00,-0.13,469,426,433,326,366
END
-8.00,-3.73,-3.73,0.07,0.02,-0.08,474,432,436,324,365
9.01,-0.03,-0.03,-0.00,-0.01,0.05,474,432,436,324,365
9.31,-0.04,-0.04,-0.01,0.06,0.21,474,432,436,324,366
9.08,-0.65,-0.65,-0.02,-0.01,0.01,474,432,435,324,366
9.00,-0.70,-0.70,-0.23,0.11,0.28,472,431,435,324,366
10.91,-1.31,-1.31,-0.31,0.22,0.57,470,430,435,324,367
9.35,-3.19,-3.19,-0.77,0.57,1.40,467,427,435,324,368
8.92,-2.91,-2.91,-0.82,0.26,1.33,465,427,434,324,369
7.93,-4.11,-4.11,-0.56,0.52,1.01,464,426,434,324,369
7.11,-5.01,-5.01,-0.46,0.46,0.82,463,426,434,324,369
9.18,-4.92,-4.92,-0.28,0.32,0.81,463,425,434,325,370
5.14,-6.04,-6.04,-0.13,0.73,1.35,463,425,434,325,369
5.88,-8.04,-8.04,-0.13,0.23,0.74,463,425,435,325,369
4.63,-8.26,-8.26,-0.07,0.46,0.99,463,424,434,325,369
5.00,-8.59,-8.59,-0.12,0.16,0.58,463,424,434,325,369
2.00,-8.57,-8.57,-0.06,0.46,1.10,464,425,434,325,368
2.43,-9.15,-9.15,-0.19,0.10,0.53,464,425,434,325,368
0.97,-8.99,-8.99,0.01,0.26,0.53,464,425,434,325,368
1.97,-9.20,-9.20,-0.28,0.13,1.00,464,425,435,324,369
-1.09,-8.49,-8.49,0.04,0.60,1.26,465,425,435,324,368
-1.51,-8.99,-8.99,-0.15,0.20,1.13,465,425,435,325,368
-2.28,-8.76,-8.76,0.15,0.27,0.54,466,426,435,325,368
-3.56,-8.58,-8.58,-0.08,0.22,1.32,467,426,435,325,367
-4.74,-8.69,-8.69,-0.05,0.40,0.46,472,428,435,325,366
-6.76,-8.02,-8.02,-0.10,0.15,0.65,472,428,435,325,366
-5.47,-7.19,-7.19,-0.14,0.12,0.73,471,427,435,325,366
-7.40,-6.20,-6.20,-0.22,0.36,1.17,472,428,435,325,366
-8.51,-5.78,-5.78,-0.34,0.43,0.82,474,428,434,325,365
-8.21,-4.90,-4.90,-0.12,0.26,0.44,474,428,433,325,365
-8.11,-4.03,-4.03,-0.17,0.09,0.44,473,428,432,325,364
-8.41,-3.99,-3.99,-0.08,0.17,0.21,472,428,431,324,365
-8.89,-3.62,-3.62,0.01,0.25,0.12,472,428,431,325,365
-7.73,-3.78,-3.78,-0.04,0.10,0.10,472,427,432,325,365
-7.94,-3.73,-3.73,0.03,0.16,0.10,471,427,431,325,365
-8.42,-3.24,-3.24,-0.07,0.09,0.13,471,427,432,326,365
END
-8.56,-2.47,-2.47,0.08,0.08,0.09,477,435,434,323,363
9.53,-0.93,-0.93,0.02,0.05,-0.00,476,435,434,323,363
9.43,-0.85,-0.85,-0.00,0.05,0.07,476,434,434,323,363
9.15,-0.83,-0.83,-0.00,-0.03,0.02,476,434,434,323,363
9.29,-1.40,-1.40,-0.01,0.01,0.04,476,434,434,323,363
9.31,-1.46,-1.46,-0.08,0.03,0.03,476,434,434,323,363
11.15,-1.65,-1.65,-0.27,0.13,0.42,477,433,434,324,365
10.80,-2.76,-2.76,-0.70,0.59,1.54,476,432,434,324,367
8.77,-3.98,-3.98,-0.69,0.82,1.81,475,431,434,324,367
7.37,-4.21,-4.21,-0.80,0.52,1.68,473,430,433,325,369
6.77,-5.81,-5.81,-0.32,0.59,1.25,473,429,434,324,369
4.62,-7.66,-7.66,-0.18,0.45,1.02,472,429,433,325,369
5.02,-8.30,-8.30,-0.18,0.23,0.43,472,429,433,325,369
4.28,-8.34,-8.34,-0.24,0.36,0.83,471,428,433,325,369
4.56,-8.57,-8.57,-0.22,0.26,0.68,470,428,433,325,369
1.87,-9.03,-9.03,-0.31,0.50,1.40,469,428,433,325,369
-0.18,-9.07,-9.07,-0.24,0.55,1.12,469,428,433,325,369
-1.23,-8.36,-8.36,-0.10,0.60,1.10,469,428,433,325,369
-0.70,-8.86,-8.86,-0.12,0.34,0.74,469,428,433,325,369
-2.57,-9.11,-9.11,0.03,0.39,0.71,469,428,433,325,369
-2.86,-9.38,-9.38,-0.19,0.24,0.81,469,428,433,325,369
-3.60,-8.40,-8.40,-0.02,0.36,0.78,469,428,433,325,368
-5.41,-8.22,-8.22,-0.02,0.26,0.42,471,428,433,325,368
-4.64,-7.79,-7.79,0.01,0.09,0.49,471,428,433,326,368
-4.03,-7.47,-7.47,-0.02,0.20,0.69,471,428,433,325,368
-4.49,-6.44,-6.44,-0.01,0.42,1.26,472,428,433,325,368
-10.83,-4.42,-4.42,-0.20,0.82,1.69,476,430,435,325,368
-9.42,-5.28,-5.28,-0.27,0.32,0.73,479,431,435,325,367
-6.98,-5.21,-5.21,0.13,-0.02,0.08,476,430,435,325,369
-7.75,-3.96,-3.96,-0.09,0.16,0.36,475,430,434,326,370
-8.00,-3.53,-3.53,0.10,0.22,0.22,474,430,435,326,371
-8.23,-3.76,-3.76,0.09,0.25,0.30,472,429,435,326,371
-8.30,-3.17,-3.17,0.26,0.10,0.15,471,429,435,326,370
-7.92,-3.45,-3.45,0.14,-0.13,-0.01,471,429,434,326,370
-9.26,-3.39,-3.39,0.13,0.25,-0.00,471,429,435,326,370
END
-7.12,-3.90,-3.90,0.10,0.04,-0.45,476,432,444,324,367
8.93,-0.29,-0.29,-0.07,0.03,0.02,476,432,444,324,367
10.44,-0.46,-0.46,-0.16,0.05,0.15,475,432,443,324,367
9.55,-0.11,-0.11,-0.12,0.10,0.34,475,432,443,324,367
9.12,-1.28,-1.28,-0.30,0.18,0.80,474,431,443,325,368
9.68,-1.86,-1.86,-0.16,0.06,0.25,473,430,443,325,368
11.00,-2.58,-2.58,-0.73,0.21,1.33,469,428,442,325,369
7.23,-3.40,-3.40,-0.65,0.71,1.75,468,427,442,325,368
6.95,-4.67,-4.67,-0.16,0.35,0.61,468,427,441,325,368
7.81,-5.02,-5.02,-0.13,0.16,0.11,467,427,441,325,368
9.48,-5.79,-5.79,-0.20,0.17,0.54,466,425,441,325,368
7.04,-6.50,-6.50,-0.26,0.47,1.09,466,426,441,325,367
5.21,-7.17,-7.17,-0.29,0.32,0.88,465,425,441,325,368
5.59,-7.37,-7.37,-0.16,0.27,0.66,466,426,441,325,368
4.77,-7.93,-7.93,-0.13,0.52,1.06,466,425,440,325,368
3.45,-8.43,-8.43,-0.09,0.42,0.90,466,426,441,326,368
2.92,-8.89,-8.89,-0.05,0.33,0.68,466,426,441,326,368
2.09,-9.13,-9.13,-0.13,0.34,0.78,467,426,441,326,368
1.18,-9.27,-9.27,-0.15,0.40,0.94,467,426,441,326,368
-0.97,-8.47,-8.47,-0.04,0.55,0.87,468,426,441,326,367
-0.51,-9.44,-9.44,-0.01,0.10,0.25,468,426,441,325,367
-0.31,-9.64,-9.64,0.00,0.14,0.29,468,426,441,325,366
-1.97,-9.40,-9.40,-0.13,0.38,0.80,468,426,441,326,367
-1.59,-8.62,-8.62,-0.11,0.37,0.73,469,426,441,326,367
-4.18,-8.22,-8.22,-0.09,0.58,1.09,470,427,441,326,366
-3.70,-7.71,-7.71,-0.16,0.35,1.13,471,427,441,326,366
-7.03,-7.47,-7.47,0.01,0.49,0.88,473,428,441,326,365
-5.85,-6.79,-6.79,-0.07,0.32,0.71,473,428,440,326,364
-7.27,-5.90,-5.90,-0.12,0.35,0.91,474,428,440,326,364
-8.05,-5.32,-5.32,-0.17,0.37,0.79,475,428,440,326,364
-8.79,-4.88,-4.88,-0.10,0.19,0.66,475,428,439,326,364
-8.48,-4.41,-4.41,-0.16,0.07,0.47,475,427,438,326,363
-8.55,-4.03,-4.03,0.05,0.06,0.06,474,427,438,326,362
-8.13,-3.17,-3.17,0.00,0.14,0.24,474,427,437,326,362
-7.91,-3.40,-3.40,0.04,0.02,0.13,473,427,437,326,362
END
-8.43,-3.82,-3.82,0.31,-0.02,-0.07,481,435,438,324,365
10.02,0.06,0.06,-0.04,0.02,0.05,481,435,439,324,366
9.02,0.36,0.36,-0.07,0.03,0.06,480,434,439,324,366
9.72,0.06,0.06,-0.03,0.05,0.08,479,434,439,324,366
9.29,-0.42,-0.42,-0.03,0.02,0.02,480,434,439,324,366
9.33,-0.34,-0.34,-0.12,0.01,0.10,479,434,439,325,366
11.15,-0.51,-0.51,-0.43,0.12,0.68,476,432,438,325,368
11.01,-1.19,-1.19,-0.72,0.72,2.12,471,430,438,325,370
8.96,-3.10,-3.10,-0.66,0.82,1.61,470,430,438,325,369
5.89,-3.98,-3.98,-0.23,0.43,0.93,469,429,438,325,369
8.25,-5.30,-5.30,-0.08,0.01,0.18,468,429,438,325,369
8.20,-6.06,-6.06,0.02,0.04,0.02,468,429,438,325,369
7.87,-6.17,-6.17,-0.15,0.12,0.45,468,428,438,325,369
6.43,-6.04,-6.04,-0.13,0.23,0.36,468,428,437,325,369
7.74,-6.49,-6.49,-0.14,0.18,0.50,467,428,437,325,369
6.60,-7.05,-7.05,-0.18,0.39,0.65,467,427,438,325,369
6.08,-7.66,-7.66,-0.23,0.33,0.99,466,427,437,325,369
3.73,-8.10,-8.10,-0.12,0.44,0.78,467,427,437,325,368
4.35,-8.71,-8.71,-0.09,0.11,0.34,467,427,437,325,368
3.63,-8.83,-8.83,-0.12,0.27,0.61,467,427,437,325,369
3.13,-8.89,-8.89,-0.17,0.34,0.84,466,427,437,325,368
1.60,-8.77,-8.77,-0.16,0.45,1.12,467,427,437,325,368
0.30,-9.16,-9.16,-0.18,0.37,1.08,468,427,437,326,368
-1.43,-9.03,-9.03,0.02,0.31,0.53,469,427,437,325,367
-1.03,-9.48,-9.48,0.01,0.08,0.20,468,427,437,325,367
-0.73,-9.88,-9.88,-0.12,0.10,0.43,468,427,437,325,367
-2.36,-9.05,-9.05,-0.12,0.25,0.57,468,427,437,325,367
-2.35,-8.63,-8.63,-0.05,0.26,0.63,469,427,437,325,367
-3.56,-8.71,-8.71,-0.02,0.37,0.78,469,427,437,325,367
-4.77,-8.20,-8.20,-0.14,0.43,1.18,469,427,437,325,367
-5.32,-5.69,-5.69,-0.01,0.61,0.82,472,428,436,326,365
-6.13,-7.18,-7.18,-0.20,0.42,0.92,472,427,436,325,365
-6.89,-6.20,-6.20,-0.07,0.51,0.61,474,428,436,325,364
-6.60,-6.06,-6.06,-0.15,0.19,0.75,474,427,435,325,363
-7.16,-5.68,-5.68,-0.10,0.15,0.48,474,428,435,325,364
END
-6.97,-5.74,-5.74,-0.04,0.09,0.40,473,430,432,324,364
8.94,-0.09,-0.09,0.23,-0.05,0.02,474,430,432,324,364
8.61,0.20,0.20,0.13,-0.07,-0.01,473,430,432,324,364
9.22,0.14,0.14,0.11,-0.04,-0.06,473,430,432,324,365
9.36,0.24,0.24,0.03,0.01,0.02,473,430,432,324,364
8.92,0.00,0.00,-0.03,0.01,0.09,473,430,432,324,365
9.02,-0.81,-0.81,-0.07,0.06,0.15,473,430,432,323,365
8.97,-1.02,-1.02,-0.22,0.08,0.21,473,430,431,323,365
11.54,-0.96,-0.96,-0.56,0.27,1.21,470,428,432,324,368
9.21,-2.35,-2.35,-0.45,0.80,1.19,468,428,432,324,368
9.74,-4.28,-4.28,-0.51,0.28,0.83,467,427,432,325,368
8.32,-2.87,-2.87,-0.27,0.27,0.26,467,427,432,325,368
9.01,-3.12,-3.12,-0.25,0.20,0.42,466,427,432,325,369
8.47,-4.74,-4.74,-0.17,0.44,0.74,466,426,432,325,368
8.78,-5.91,-5.91,-0.31,0.32,1.01,466,425,432,325,368
7.11,-6.40,-6.40,-0.29,0.58,1.23,465,425,432,325,368
5.04,-7.21,-7.21,-0.36,0.55,1.39,465,425,432,325,368
4.23,-7.68,-7.68,-0.21,0.47,1.13,466,425,432,325,368
2.76,-8.79,-8.79,-0.23,0.56,1.24,466,424,432,325,368
1.51,-9.08,-9.08,-0.09,0.50,0.85,466,425,432,326,368
1.57,-9.66,-9.66,-0.11,0.50,1.12,467,425,433,325,368
-0.17,-8.71,-8.71,-0.21,0.55,1.18,467,425,433,326,368
-2.33,-8.46,-8.46,-0.14,0.56,1.44,468,425,433,325,368
-2.33,-9.22,-9.22,-0.03,0.35,0.55,470,426,434,326,367
-3.54,-9.46,-9.46,-0.07,0.17,0.50,469,425,433,326,367
-4.11,-8.66,-8.66,-0.12,0.31,0.87,469,425,433,325,367
-4.77,-7.79,-7.79,-0.22,0.43,0.82,469,425,433,326,367
-5.40,-6.55,-6.55,-0.12,0.51,1.17,469,425,434,326,367
-6.44,-5.86,-5.86,-0.20,0.58,0.80,473,427,436,326,367
-8.00,-5.67,-5.67,-0.31,0.18,0.76,472,427,437,326,366
-6.93,-5.20,-5.20,-0.24,0.04,0.59,470,426,436,326,366
-6.73,-4.82,-4.82,-0.21,0.10,0.46,469,425,436,326,367
-8.51,-3.98,-3.98,-0.20,0.02,0.33,469,425,435,326,367
-7.98,-3.41,-3.41,0.06,0.02,0.05,468,425,435,326,367
-9.18,-3.51,-3.51,0.04,0.12,-0.03,468,425,434,326,367
END
-8.51,-3.64,-3.64,0.03,0.06,-0.07,469,430,436,324,365
8.99,-0.15,-0.15,0.02,-0.01,-0.05,469,430,436,324,365
9.73,0.12,0.12,0.06,-0.01,-0.06,469,430,436,324,364
9.30,-0.57,-0.57,0.01,0.01,-0.00,469,430,436,324,365
9.38,0.04,0.04,0.03,-0.04,-0.11,469,430,436,324,365
9.22,-0.31,-0.31,0.00,0.03,0.02,469,430,436,324,365
10.00,-0.88,-0.88,-0.06,-0.04,0.01,469,430,436,325,365
10.75,-0.84,-0.84,-0.33,0.04,0.49,468,429,436,325,366
8.43,-1.11,-1.11,-0.78,0.34,1.78,464,427,435,325,369
10.62,-1.76,-1.76,-0.53,0.16,1.16,463,427,435,325,369
4.61,-3.03,-3.03,-0.27,0.87,1.32,461,425,435,325,369
8.83,-5.19,-5.19,-0.32,0.15,0.90,459,424,434,325,368
6.86,-5.43,-5.43,-0.04,0.53,0.07,459,424,434,325,368
9.40,-6.27,-6.27,-0.13,0.04,0.45,458,423,434,325,368
7.00,-6.27,-6.27,-0.14,0.37,0.36,458,423,434,325,368
7.59,-6.87,-6.87,-0.29,0.27,0.79,458,423,434,325,368
6.20,-7.08,-7.08,-0.25,0.31,0.82,458,423,434,325,368
4.91,-7.26,-7.26,-0.25,0.44,1.13,458,423,434,325,369
3.43,-7.93,-7.93,-0.08,0.37,0.88,459,423,434,325,368
2.72,-8.80,-8.80,-0.02,0.29,0.69,459,423,434,325,368
2.94,-9.18,-9.18,-0.09,0.14,0.57,459,423,434,325,368
1.83,-9.10,-9.10,-0.16,0.33,1.03,460,423,434,325,368
0.96,-9.28,-9.28,-0.19,0.23,0.97,460,423,435,325,368
-1.50,-8.94,-8.94,-0.19,0.41,1.24,461,423,434,325,367
-2.58,-8.82,-8.82,-0.08,0.33,0.84,462,423,434,325,366
-3.61,-8.77,-8.77,-0.05,0.26,0.51,463,423,434,325,366
-3.33,-8.67,-8.67,-0.14,0.14,0.76,462,423,434,326,366
-5.03,-8.09,-8.09,-0.05,0.36,0.28,465,424,435,326,365
-4.21,-8.25,-8.25,-0.14,0.12,0.68,464,424,434,326,365
-4.64,-7.67,-7.67,-0.17,0.27,0.79,464,423,435,326,365
-4.85,-6.61,-6.61,-0.30,0.33,1.23,464,424,434,326,365
-6.97,-5.48,-5.48,-0.23,0.50,1.04,467,424,434,326,364
-7.79,-4.93,-4.93,-0.15,0.18,0.71,468,425,434,326,364
-7.85,-4.85,-4.85,-0.00,0.06,0.27,468,424,433,326,364
-8.54,-4.38,-4.38,-0.07,0.03,0.30,468,424,434,326,364
END
-8.24,-3.66,-3.66,-0.09,0.01,0.32,468,428,433,324,366
9.41,-0.50,-0.50,0.01,-0.01,-0.00,468,428,433,324,366
9.15,-0.03,-0.03,-0.03,-0.00,0.00,469,429,433,323,367
9.99,-0.17,-0.17,-0.03,0.02,0.09,469,429,433,324,367
9.81,-1.04,-1.04,-0.11,0.01,0.23,469,430,434,324,368
11.17,-1.21,-1.21,-0.61,0.22,1.31,467,428,433,325,369
9.46,-1.83,-1.83,-0.45,0.54,1.33,466,427,432,325,369
7.77,-3.83,-3.83,-0.35,0.54,1.21,464,426,432,325,369
8.68,-5.20,-5.20,-0.37,0.18,1.00,463,424,432,325,369
5.71,-4.92,-4.92,-0.05,0.48,0.76,463,424,432,325,369
6.82,-7.06,-7.06,-0.07,0.14,0.22,463,424,432,325,369
7.44,-6.99,-6.99,0.00,0.06,0.03,463,424,432,325,368
7.13,-7.05,-7.05,-0.19,0.15,0.37,462,424,432,325,369
7.31,-6.52,-6.52,-0.19,0.20,0.62,462,424,432,325,369
5.74,-6.83,-6.83,-0.18,0.36,1.10,462,424,432,325,369
3.18,-7.68,-7.68,-0.14,0.38,0.92,462,424,432,325,369
3.74,-8.22,-8.22,-0.04,0.11,0.31,462,424,432,325,369
4.26,-8.90,-8.90,-0.09,0.18,0.53,462,424,432,325,369
3.19,-8.86,-8.86,-0.18,0.35,1.15,463,423,432,325,369
1.59,-8.72,-8.72,-0.10,0.38,1.07,463,423,433,325,368
-1.13,-8.87,-8.87,-0.06,0.50,1.45,464,424,432,325,368
-0.32,-8.69,-8.69,-0.12,0.28,1.02,465,424,432,325,367
-3.88,-8.57,-8.57,0.11,0.48,0.60,467,425,432,325,367
-3.40,-9.16,-9.16,-0.11,0.07,0.66,467,425,433,325,366
-2.96,-8.94,-8.94,0.00,0.18,0.31,467,425,433,325,366
-4.35,-8.51,-8.51,-0.06,0.28,0.82,467,425,433,325,365
-4.44,-7.94,-7.94,-0.05,0.21,0.46,469,425,433,325,366
-6.33,-7.45,-7.45,0.06,0.22,0.53,469,426,433,325,365
-4.20,-7.88,-7.88,0.05,-0.02,0.31,470,425,432,326,365
-6.32,-7.19,-7.19,-0.05,0.22,0.62,470,426,433,326,365
-6.75,-6.21,-6.21,-0.08,0.22,0.83,469,426,432,326,365
-7.80,-5.05,-5.05,-0.19,0.37,1.11,470,426,432,325,364
-8.06,-5.29,-5.29,-0.18,0.26,0.52,473,426,432,325,362
-8.46,-4.85,-4.85,0.04,-0.02,0.13,471,426,432,326,362
-7.84,-4.27,-4.27,0.04,-0.01,0.24,470,425,431,325,361
END
-8.74,-4.41,-4.41,0.09,0.17,0.15,468,427,433,324,365
9.27,-0.36,-0.36,-0.04,0.05,0.03,467,427,433,324,365
9.60,-0.69,-0.69,-0.13,0.04,0.15,467,427,433,324,366
8.81,-0.88,-0.88,-0.22,0.03,0.18,467,427,433,325,366
9.88,-0.70,-0.70,-0.23,0.05,0.31,466,427,433,325,366
9.25,-0.74,-0.74,-0.15,0.06,0.08,465,426,433,325,367
12.17,-1.06,-1.06,-0.44,0.19,0.81,462,424,432,325,371
7.68,-1.34,-1.34,-0.51,0.84,2.44,460,423,432,325,371
7.31,-4.28,-4.28,-0.33,0.53,1.41,459,422,431,325,370
7.21,-6.07,-6.07,-0.08,0.23,0.52,459,422,431,325,370
7.49,-6.97,-6.97,-0.24,0.13,0.73,458,421,431,325,371
6.93,-7.00,-7.00,-0.14,0.20,0.45,458,421,431,325,371
6.27,-7.67,-7.67,-0.25,0.22,0.87,458,420,430,325,371
5.50,-7.83,-7.83,-0.23,0.28,0.93,458,420,430,325,371
3.70,-8.02,-8.02,-0.18,0.51,1.50,458,420,430,325,371
3.24,-8.81,-8.81,-0.28,0.36,1.54,458,420,430,325,371
-0.42,-7.72,-7.72,-0.15,0.60,1.81,459,420,431,325,371
-1.37,-7.93,-7.93,-0.13,0.35,1.24,460,421,431,325,370
-3.17,-8.66,-8.66,0.04,0.30,0.81,463,421,431,325,369
-3.73,-9.43,-9.43,0.01,0.14,0.50,463,422,431,325,368
-4.77,-8.72,-8.72,-0.05,0.19,0.52,466,422,431,325,368
-4.19,-8.35,-8.35,-0.07,0.19,0.69,466,422,432,325,368
-4.52,-7.89,-7.89,-0.13,0.28,0.80,467,422,432,325,368
-5.61,-7.01,-7.01,-0.04,0.28,0.76,468,423,432,325,368
-6.45,-6.73,-6.73,-0.05,0.13,0.89,469,423,432,326,368
-6.59,-6.34,-6.34,-0.04,0.22,0.70,470,423,432,326,368
-7.59,-5.55,-5.55,-0.09,0.19,0.78,470,423,431,326,367
-7.99,-4.24,-4.24,0.17,0.23,0.54,470,423,430,325,367
-7.57,-4.95,-4.95,0.01,-0.02,0.07,472,424,429,325,365
-8.10,-4.82,-4.82,0.16,0.09,0.06,472,424,430,326,365
-8.03,-4.59,-4.59,0.03,0.09,0.01,471,424,430,326,365
-8.92,-4.52,-4.52,0.10,0.10,-0.06,472,425,430,326,365
-7.86,-5.01,-5.01,0.06,0.15,-0.04,472,425,430,326,365
-7.37,-4.62,-4.62,-0.05,0.02,0.02,472,425,430,326,364
-8.26,-4.57,-4.57,0.21,0.01,-0.33,472,425,430,326,365
END
-7.98,-5.03,-5.03,-0.02,0.02,-0.09,466,425,428,324,369
7.69,-4.01,-4.01,-0.43,0.38,0.82,464,424,428,325,368
8.94,-3.45,-3.45,-0.26,0.07,0.32,464,424,428,325,369
7.74,-3.63,-3.63,-0.19,0.41,0.55,462,423,428,325,369
9.13,-5.17,-5.17,-0.05,0.15,0.43,462,423,428,325,369
7.09,-5.58,-5.58,-0.24,0.44,0.82,462,422,428,325,369
7.62,-5.76,-5.76,-0.15,0.30,0.74,462,422,428,325,370
6.63,-6.08,-6.08,-0.16,0.49,1.00,462,422,428,325,370
6.26,-7.48,-7.48,-0.09,0.40,0.84,462,422,429,326,370
4.62,-8.30,-8.30,-0.04,0.28,0.63,462,422,429,325,369
4.69,-8.46,-8.46,-0.16,0.20,0.74,462,421,428,325,370
2.99,-8.51,-8.51,-0.09,0.38,0.78,463,421,429,325,370
2.78,-8.89,-8.89,-0.07,0.33,0.72,463,421,428,325,370
1.82,-9.22,-9.22,-0.06,0.35,0.72,463,421,428,325,369
0.87,-8.91,-8.91,-0.03,0.26,0.66,463,421,429,325,369
0.15,-9.63,-9.63,0.05,0.23,0.33,464,422,429,325,369
0.63,-9.83,-9.83,-0.01,0.15,0.46,464,422,429,325,369
-1.06,-9.45,-9.45,-0.06,0.33,0.70,465,422,429,326,369
-0.52,-9.23,-9.23,-0.06,0.24,0.73,465,422,429,326,369
-3.35,-8.89,-8.89,-0.08,0.62,0.96,466,422,430,326,369
-2.67,-8.49,-8.49,-0.06,0.20,0.68,466,422,429,326,369
-5.03,-8.34,-8.34,-0.08,0.32,0.86,466,422,430,326,369
-4.27,-8.45,-8.45,-0.09,0.15,0.64,466,422,429,326,369
-5.92,-7.39,-7.39,-0.13,0.36,0.76,466,422,430,326,368
-6.84,-6.81,-6.81,-0.22,0.36,0.98,468,422,429,325,368
-7.90,-5.78,-5.78,-0.32,0.46,1.18,469,423,430,325,368
-7.77,-5.05,-5.05,-0.17,0.30,0.60,472,424,430,326,367
-7.31,-4.70,-4.70,-0.10,-0.06,0.42,472,424,429,326,366
-8.20,-4.16,-4.16,-0.17,-0.17,0.57,474,424,431,326,364
-9.59,-3.28,-3.28,0.02,-0.06,0.44,475,424,431,326,366
-9.32,-2.94,-2.94,0.16,-0.10,0.34,477,425,431,326,366
-8.99,-3.35,-3.35,0.13,0.02,0.26,478,425,431,326,366
-8.81,-3.73,-3.73,0.01,-0.06,0.02,478,425,431,326,366
-9.71,-2.81,-2.81,0.00,-0.06,0.01,478,426,431,326,366
-9.43,-2.46,-2.46,-0.03,0.01,-0.02,478,425,431,326,365
END
-9.20,-2.76,-2.76,0.05,0.02,-0.10,464,426,431,324,367
7.96,-4.72,-4.72,-0.06,0.24,0.35,464,425,432,325,368
8.12,-4.78,-4.78,-0.02,0.12,0.12,464,425,431,325,368
8.36,-5.00,-5.00,-0.01,0.20,0.18,464,426,431,325,368
7.64,-5.20,-5.20,-0.14,0.17,0.29,464,425,431,325,368
7.75,-5.48,-5.48,-0.02,0.09,0.14,464,425,431,325,368
7.44,-5.92,-5.92,-0.17,0.22,0.44,463,425,431,325,368
7.84,-5.80,-5.80,-0.21,0.34,0.87,463,424,431,325,368
5.83,-6.43,-6.43,0.05,0.47,0.41,464,424,431,325,368
7.21,-7.22,-7.22,0.04,0.13,0.28,463,423,431,325,368
5.38,-7.75,-7.75,-0.03,0.30,0.52,463,424,431,325,368
5.58,-7.90,-7.90,-0.05,0.20,0.41,463,423,431,325,368
4.57,-8.05,-8.05,-0.05,0.26,0.51,464,423,431,325,368
4.29,-8.45,-8.45,-0.02,0.23,0.40,464,423,431,325,368
3.75,-8.62,-8.62,-0.07,0.30,0.63,464,423,431,324,368
3.34,-8.79,-8.79,-0.08,0.30,0.67,464,423,431,325,368
2.39,-8.85,-8.85,-0.10,0.31,0.70,465,424,431,325,368
1.68,-9.12,-9.12,-0.15,0.38,1.03,465,424,431,325,368
-0.40,-9.30,-9.30,-0.09,0.49,0.93,467,424,431,324,367
-1.19,-9.14,-9.14,-0.02,0.32,0.59,468,424,431,325,367
-1.49,-9.59,-9.59,0.03,0.20,0.30,467,424,431,325,366
-1.41,-9.96,-9.96,-0.04,0.05,0.06,467,424,431,325,366
-2.03,-9.50,-9.50,-0.05,0.21,0.51,467,424,431,325,366
-2.51,-9.31,-9.31,-0.07,0.16,0.24,468,424,431,325,366
-2.68,-8.61,-8.61,-0.07,0.26,0.77,467,424,431,325,365
-4.92,-8.01,-8.01,0.09,0.50,0.49,469,425,431,325,365
-3.49,-8.59,-8.59,0.10,0.12,0.41,469,424,431,325,365
-4.34,-8.72,-8.72,0.04,0.25,0.49,469,425,431,325,364
-5.09,-8.15,-8.15,-0.08,0.29,0.74,469,424,431,325,365
-5.89,-7.36,-7.36,-0.16,0.28,0.86,469,424,431,325,365
-7.20,-6.47,-6.47,-0.12,0.22,0.83,470,425,431,325,365
-8.01,-5.99,-5.99,-0.14,0.21,0.63,471,424,431,325,365
-7.75,-5.89,-5.89,-0.10,0.16,0.53,471,424,430,325,365
-8.37,-5.37,-5.37,-0.13,0.21,0.65,470,424,430,325,365
-8.92,-4.24,-4.24,-0.06,0.19,0.69,470,425,429,326,365
END
-9.41,-2.98,-2.98,0.27,-0.04,0.46,465,430,433,325,365
9.53,0.02,0.02,0.14,-0.02,-0.10,466,430,434,325,365
9.34,-0.11,-0.11,0.10,0.02,-0.05,465,430,434,325,365
9.67,-0.17,-0.17,0.07,0.05,-0.03,465,430,433,325,365
9.17,-0.19,-0.19,0.01,0.03,-0.02,465,430,433,325,365
9.60,-0.26,-0.26,0.00,0.07,0.02,465,430,433,325,365
9.44,-0.33,-0.33,0.00,0.06,0.02,465,430,433,325,365
9.58,-0.83,-0.83,-0.07,0.08,0.15,466,430,433,325,365
9.81,-1.32,-1.32,-0.29,0.26,0.79,465,429,433,325,365
9.07,-2.19,-2.19,-0.33,0.28,0.66,465,429,433,325,365
10.28,-2.39,-2.39,-0.55,0.24,1.16,463,427,432,325,367
9.37,-2.94,-2.94,-0.27,0.57,0.63,463,427,432,325,366
10.21,-4.30,-4.30,-0.51,0.36,1.48,460,424,432,325,368
6.87,-5.49,-5.49,-0.39,0.63,1.12,461,424,432,325,367
5.27,-6.19,-6.19,-0.20,0.24,0.60,460,424,432,325,367
7.68,-6.81,-6.81,-0.16,0.03,0.23,460,424,432,325,367
6.12,-7.38,-7.38,-0.18,0.48,1.03,460,423,431,325,367
5.05,-7.33,-7.33,-0.17,0.36,0.76,460,423,431,325,367
4.29,-8.00,-8.00,-0.04,0.48,0.84,460,423,431,325,367
3.33,-8.49,-8.49,-0.11,0.43,0.98,460,422,431,325,367
1.70,-8.92,-8.92,-0.06,0.49,0.90,461,423,431,325,367
0.89,-9.14,-9.14,0.02,0.33,0.59,461,423,431,325,366
1.06,-9.64,-9.64,-0.04,0.20,0.45,462,423,431,325,366
0.29,-9.59,-9.59,0.03,0.29,0.46,463,423,431,325,366
-0.04,-9.40,-9.40,-0.02,0.23,0.48,463,423,431,325,366
-0.37,-9.02,-9.02,-0.02,0.22,0.49,463,423,432,325,366
-0.58,-9.17,-9.17,-0.08,0.25,1.05,463,423,432,325,366
-2.25,-9.25,-9.25,-0.17,0.24,0.89,465,423,432,325,365
-5.05,-8.15,-8.15,-0.18,0.30,0.95,467,424,432,325,364
-5.99,-7.69,-7.69,-0.24,0.29,1.16,468,424,432,325,364
-6.41,-7.09,-7.09,-0.25,0.32,0.89,471,425,432,326,363
-7.65,-6.60,-6.60,-0.09,0.35,0.40,472,426,433,326,362
-6.69,-6.17,-6.17,-0.06,0.15,0.56,471,425,433,325,362
-7.03,-5.84,-5.84,-0.06,0.36,0.81,470,424,433,326,361
-8.69,-5.10,-5.10,-0.07,0.43,0.88,472,425,433,326,361
END
-8.66,-4.21,-4.21,-0.10,0.28,0.64,464,424,428,325,364
8.71,-0.48,-0.48,0.13,-0.10,-0.05,464,424,428,325,366
9.40,-0.99,-0.99,-0.00,-0.05,0.14,464,424,428,325,366
8.94,-0.20,-0.20,0.05,-0.09,-0.01,464,423,428,325,365
9.53,-1.42,-1.42,0.03,0.10,0.14,464,424,428,324,365
9.05,-1.34,-1.34,-0.01,0.01,0.01,463,423,428,324,365
9.43,-0.80,-0.80,-0.03,0.02,0.03,463,423,428,324,365
9.55,-1.03,-1.03,0.05,0.03,0.08,463,423,428,324,365
9.35,-1.63,-1.63,-0.03,0.03,0.14,463,423,428,324,366
11.26,-1.78,-1.78,-0.11,0.08,0.36,462,423,428,324,367
9.27,-3.04,-3.04,-0.62,0.69,1.92,460,421,428,325,368
7.89,-4.19,-4.19,-0.59,0.71,1.98,460,420,428,325,368
4.48,-5.18,-5.18,-0.35,0.73,1.40,460,420,428,325,369
7.71,-6.35,-6.35,-0.06,0.07,0.45,460,419,428,325,370
5.52,-7.21,-7.21,-0.10,0.57,0.85,460,419,428,325,370
3.91,-8.12,-8.12,-0.12,0.29,0.68,460,419,428,325,369
4.39,-7.91,-7.91,-0.10,0.44,0.80,460,419,428,325,370
4.18,-8.32,-8.32,-0.06,0.38,0.79,460,418,428,326,370
3.19,-8.87,-8.87,-0.08,0.37,0.83,461,419,428,325,370
1.31,-8.83,-8.83,-0.01,0.51,0.94,462,419,428,325,370
1.95,-9.26,-9.26,-0.02,0.31,0.60,463,419,429,326,369
-0.15,-9.19,-9.19,-0.09,0.59,1.46,463,419,428,325,369
-1.67,-9.06,-9.06,-0.07,0.60,1.26,465,420,429,326,368
-3.39,-8.73,-8.73,0.03,0.49,1.06,465,420,429,326,368
-4.77,-8.56,-8.56,-0.03,0.51,0.79,465,420,429,325,368
-4.87,-8.51,-8.51,0.07,0.35,0.71,465,420,429,326,367
-5.64,-8.34,-8.34,-0.04,0.29,0.53,466,420,429,326,367
-5.94,-7.84,-7.84,-0.04,0.33,0.68,467,421,430,326,367
-6.84,-6.94,-6.94,-0.09,0.32,0.55,468,421,429,326,367
-7.46,-6.15,-6.15,-0.04,0.22,0.36,469,422,429,325,366
-7.14,-5.85,-5.85,-0.04,0.13,0.62,470,422,430,325,367
-7.59,-5.29,-5.29,-0.08,0.12,0.54,472,423,430,326,367
-7.99,-4.83,-4.83,0.08,-0.04,0.36,473,422,430,326,366
-8.97,-5.36,-5.36,0.22,0.01,0.30,474,422,430,326,366
-9.45,-5.22,-5.22,0.02,0.04,0.26,474,422,430,326,366
END
-8.85,-4.08,-4.08,-0.00,0.09,0.04,461,423,428,324,367
9.49,-3.11,-3.11,-0.04,0.06,0.23,460,423,427,324,367
8.58,-3.35,-3.35,-0.15,0.23,0.58,460,422,428,324,368
8.22,-3.63,-3.63,-0.07,0.06,0.13,460,422,427,325,368
8.60,-4.02,-4.02,-0.08,0.15,0.31,460,422,427,325,368
8.65,-4.19,-4.19,-0.04,0.10,0.12,460,422,428,325,368
9.49,-4.99,-4.99,-0.17,0.27,0.60,459,421,428,325,369
8.15,-5.16,-5.16,-0.43,0.58,1.66,459,421,428,324,369
4.77,-5.64,-5.64,-0.18,0.83,1.30,460,421,428,325,368
5.71,-7.79,-7.79,-0.01,0.38,0.77,461,421,428,325,368
4.21,-8.61,-8.61,-0.01,0.54,0.83,461,421,428,325,368
3.92,-8.97,-8.97,-0.05,0.42,0.69,461,421,428,325,368
3.32,-8.82,-8.82,-0.10,0.48,0.93,462,420,428,325,368
1.39,-8.66,-8.66,-0.11,0.64,1.21,462,421,428,325,368
-0.04,-8.89,-8.89,-0.13,0.61,1.35,463,421,428,325,367
-2.58,-9.34,-9.34,0.00,0.65,0.93,465,421,429,325,367
-2.30,-9.42,-9.42,-0.03,0.32,0.75,465,422,429,325,367
-2.23,-9.46,-9.46,0.04,0.32,0.51,465,421,429,325,367
-4.14,-8.84,-8.84,-0.16,0.38,0.97,466,422,428,325,367
-4.74,-8.43,-8.43,-0.05,0.43,0.56,468,422,429,325,366
-5.40,-7.82,-7.82,-0.01,0.21,0.45,467,422,429,324,366
-6.40,-7.44,-7.44,-0.08,0.28,0.83,468,422,429,325,366
-6.85,-7.49,-7.49,-0.12,0.34,0.57,469,423,429,325,365
-7.56,-6.51,-6.51,0.02,0.24,0.46,469,423,430,325,365
-7.98,-6.26,-6.26,-0.01,0.20,0.45,469,423,429,325,365
-7.61,-6.01,-6.01,-0.00,0.14,0.34,469,423,430,325,365
-7.95,-5.51,-5.51,-0.01,0.11,0.40,469,423,429,325,365
-7.99,-5.22,-5.22,0.02,0.09,0.44,469,423,429,325,364
-8.51,-4.82,-4.82,0.08,0.06,0.35,469,423,429,325,364
-8.71,-4.18,-4.18,0.11,0.04,0.38,469,422,429,325,364
-9.22,-4.51,-4.51,0.17,0.01,0.16,469,423,429,325,364
-8.97,-4.58,-4.58,0.07,0.09,0.13,468,422,429,325,364
-9.12,-3.97,-3.97,0.03,0.25,0.11,468,422,429,325,364
-8.31,-3.91,-3.91,0.02,0.13,0.08,467,422,429,325,364
-8.63,-3.59,-3.59,0.04,-0.01,-0.02,468,422,429,325,363
END
-9.89,-3.98,-3.98,0.16,0.04,-0.03,465,426,430,324,367
9.41,-0.87,-0.87,-0.01,-0.07,-0.04,465,426,430,324,367
9.15,-0.87,-0.87,0.01,0.01,0.04,465,426,430,323,367
9.56,-0.95,-0.95,0.06,0.01,-0.01,465,426,430,324,367
9.28,-1.32,-1.32,0.06,0.03,0.00,465,426,430,324,367
9.04,-1.35,-1.35,-0.01,0.04,0.01,465,426,430,323,367
9.30,-0.88,-0.88,-0.01,0.05,0.01,465,426,431,324,367
9.67,-1.66,-1.66,-0.10,0.06,0.14,465,426,430,324,367
10.23,-2.00,-2.00,-0.15,0.10,0.25,464,425,430,324,367
10.80,-1.93,-1.93,-0.64,0.44,1.84,461,423,430,324,369
9.58,-3.03,-3.03,-0.56,0.73,1.75,460,422,429,322,369
5.69,-5.38,-5.38,-0.60,0.83,1.89,459,421,429,324,368
5.79,-6.35,-6.35,-0.14,0.52,0.63,460,421,429,324,368
7.03,-7.13,-7.13,-0.18,0.37,0.76,459,421,429,324,368
5.09,-7.77,-7.77,-0.09,0.51,0.73,460,420,429,325,368
4.68,-8.26,-8.26,-0.09,0.36,0.68,460,421,429,325,368
3.92,-8.64,-8.64,-0.11,0.42,0.74,460,420,430,325,368
2.96,-8.64,-8.64,0.00,0.47,0.79,460,420,430,325,368
2.07,-9.02,-9.02,-0.06,0.46,0.82,461,420,430,325,368
0.99,-9.13,-9.13,0.01,0.51,0.87,461,420,429,325,367
-0.20,-9.50,-9.50,-0.01,0.38,0.64,462,420,429,324,367
-0.14,-9.57,-9.57,0.02,0.34,0.53,462,420,429,325,367
-1.90,-9.41,-9.41,-0.04,0.42,0.79,462,421,430,325,367
-2.82,-9.30,-9.30,-0.15,0.39,0.77,463,421,430,325,366
-2.90,-8.52,-8.52,-0.02,0.36,0.58,464,421,430,325,367
-3.40,-8.68,-8.68,-0.08,0.31,0.71,465,422,430,325,366
-4.82,-8.36,-8.36,-0.04,0.33,0.58,467,422,431,325,366
-5.28,-8.06,-8.06,-0.01,0.23,0.55,468,423,431,325,366
-6.94,-7.61,-7.61,-0.07,0.30,0.66,469,423,431,325,366
-5.99,-7.22,-7.22,0.04,0.26,0.62,470,424,431,325,366
-7.01,-6.85,-6.85,-0.08,0.25,0.66,470,424,431,325,366
-7.75,-5.95,-5.95,-0.05,0.28,0.71,471,424,431,325,365
-7.93,-5.84,-5.84,-0.09,0.26,0.63,471,423,430,325,364
-8.81,-5.07,-5.07,0.12,0.19,0.38,470,423,429,325,364
-7.88,-4.97,-4.97,0.16,0.04,0.30,469,422,428,325,364
END
-8.47,-4.86,-4.86,0.19,0.07,0.21,460,423,429,324,368
9.30,-1.67,-1.67,0.02,0.06,0.08,460,423,429,324,368
9.10,-1.23,-1.23,0.01,0.00,-0.06,460,423,429,324,368
9.22,-1.44,-1.44,0.01,0.06,0.04,460,423,430,323,368
9.54,-1.74,-1.74,0.00,-0.01,-0.02,460,423,429,324,368
9.55,-1.68,-1.68,-0.04,0.06,0.11,460,423,429,323,368
11.04,-2.07,-2.07,-0.23,0.12,0.45,458,422,428,324,369
9.99,-2.58,-2.58,-0.58,0.58,1.94,456,420,428,324,371
7.16,-4.59,-4.59,-0.54,0.67,1.46,455,420,428,324,370
6.96,-5.21,-5.21,-0.02,0.30,0.11,456,420,428,325,370
9.25,-6.17,-6.17,-0.08,0.07,0.32,456,419,428,325,371
6.41,-5.90,-5.90,-0.21,0.47,0.82,456,419,428,325,371
6.14,-7.13,-7.13,-0.17,0.40,0.88,456,418,428,325,371
4.43,-6.95,-6.95,0.03,0.49,0.35,457,418,428,325,371
6.26,-8.22,-8.22,-0.08,0.32,0.48,457,418,428,325,371
4.54,-8.36,-8.36,-0.03,0.48,0.65,456,418,428,325,371
4.55,-8.29,-8.29,-0.04,0.40,0.62,457,418,428,325,371
3.14,-8.50,-8.50,-0.02,0.47,0.75,457,418,428,325,371
2.60,-9.21,-9.21,0.05,0.26,0.36,458,418,428,325,371
2.35,-9.40,-9.40,-0.01,0.28,0.50,458,418,428,325,371
2.52,-9.06,-9.06,-0.03,0.36,0.70,458,418,428,325,371
0.19,-8.93,-8.93,-0.12,0.65,1.53,459,418,428,325,371
-1.63,-8.78,-8.78,-0.06,0.63,1.27,463,419,429,325,369
-4.98,-8.26,-8.26,-0.00,0.48,0.93,465,420,429,325,368
-4.57,-9.30,-9.30,-0.13,0.21,0.58,467,421,429,325,367
-4.78,-8.72,-8.72,-0.02,0.14,0.36,467,421,430,324,367
-4.74,-8.34,-8.34,-0.12,0.24,0.62,466,420,429,324,367
-5.72,-7.52,-7.52,-0.12,0.41,0.76,467,420,429,325,367
-6.31,-7.19,-7.19,-0.07,0.41,0.65,468,421,430,325,366
END