-0.09,-5.58,-5.58,-0.01,-0.16,-0.16,329,304,303,342,324
1.11,-6.36,-6.36,0.01,-0.02,-0.06,329,304,303,343,325
2.25,-5.80,-5.80,0.06,-0.05,-0.14,329,304,302,342,325
2.61,-6.14,-6.14,0.06,-0.22,-0.06,329,304,302,342,325
2.42,-6.24,-6.24,0.00,-0.51,-0.02,329,304,302,342,325
1.37,-6.32,-6.32,0.01,-0.65,0.08,329,304,302,342,325
3.57,-5.20,-5.20,-0.01,-1.15,-0.09,329,304,303,343,325
3.41,-5.48,-5.48,-0.18,-2.44,1.63,331,304,304,343,327
-9.60,-2.10,-2.10,-0.01,-1.55,1.32,334,304,304,343,327
-13.28,-3.89,-3.89,-0.10,-0.59,0.28,335,304,304,343,328
-13.65,-4.39,-4.39,0.30,0.72,-0.69,332,302,304,343,327
-9.58,-6.78,-6.78,0.36,1.85,-1.93,329,304,303,342,325
-2.91,-3.91,-3.91,-0.04,2.45,-2.15,326,304,302,341,324
5.72,-2.95,-2.95,-0.36,1.50,-2.06,325,304,302,341,325
9.18,-0.67,-0.67,-0.42,0.76,-1.47,326,304,302,341,329
10.13,-3.13,-3.13,0.21,0.35,-0.31,326,304,302,341,330
9.93,-2.91,-2.91,0.13,-0.69,0.75,326,304,302,342,330
6.22,-4.81,-4.81,0.21,-1.35,1.71,326,304,302,342,329
1.90,-2.94,-2.94,0.07,-2.13,1.97,327,304,303,342,326
-5.65,-4.49,-4.49,-0.28,-1.75,1.65,326,303,303,342,326
-8.91,-5.29,-5.29,-0.53,-0.89,0.99,330,304,306,344,328
-9.32,-3.91,-3.91,0.17,-0.49,-0.01,333,304,306,344,328
-10.57,-3.68,-3.68,0.01,0.44,0.16,333,304,308,346,329
-9.09,-5.62,-5.62,0.81,1.36,-1.25,329,304,307,345,327
-5.76,-5.43,-5.43,0.63,1.97,-2.51,324,303,304,342,325
3.57,-3.89,-3.89,1.06,1.56,-2.51,323,304,303,341,326
9.07,-4.35,-4.35,0.77,0.75,-1.78,323,303,301,341,327
11.25,1.33,1.33,0.10,-0.44,-0.21,323,303,301,341,329
9.01,-4.39,-4.39,-0.59,0.16,1.20,323,303,301,341,328
7.39,-4.50,-4.50,-0.64,-0.81,1.50,324,303,301,342,328
4.96,-6.62,-6.62,-0.56,-1.04,2.50,324,304,302,342,328
0.32,-2.61,-2.61,-0.64,-2.04,2.07,324,303,302,342,326
-5.01,-3.19,-3.19,-0.11,-1.50,1.44,325,303,303,342,327
-8.42,-3.16,-3.16,0.11,-0.92,0.54,327,303,303,342,327
-10.48,-4.43,-4.43,0.26,-0.42,0.25,328,303,304,342,326
END
-10.46,-6.07,-6.07,0.14,0.48,-0.14,326,303,302,342,327
-2.38,-4.21,-4.21,-0.03,-1.75,1.64,325,303,303,342,327
-6.91,-3.35,-3.35,0.25,-1.14,1.01,326,303,303,342,327
-10.84,-4.06,-4.06,0.20,-0.57,0.42,327,303,304,342,327
-12.12,-5.59,-5.59,0.42,0.29,-0.28,327,303,305,342,327
-8.87,-6.72,-6.72,0.23,1.04,-1.11,327,303,304,342,325
-5.53,-6.25,-6.25,0.19,1.73,-1.20,326,302,303,341,325
-0.55,-6.17,-6.17,-0.03,1.76,-1.75,325,302,302,341,325
2.84,-4.19,-4.19,-0.11,1.22,-1.76,326,303,302,342,326
9.23,-2.81,-2.81,-0.41,0.75,-0.42,326,303,303,341,329
6.83,-3.37,-3.37,-0.13,0.81,0.54,326,303,302,340,329
7.18,-3.63,-3.63,-0.02,-0.38,0.23,326,303,302,341,329
5.97,-3.68,-3.68,0.02,-0.65,0.70,326,303,302,341,329
3.01,-4.91,-4.91,-0.09,-1.05,1.24,326,303,302,342,328
1.18,-4.80,-4.80,-0.28,-1.89,1.71,326,303,302,341,327
-3.80,-4.08,-4.08,-0.29,-1.69,1.48,326,303,303,341,327
-8.82,-3.29,-3.29,-0.11,-0.89,0.80,328,303,304,341,327
-8.44,-5.28,-5.28,0.12,-0.58,-0.50,329,303,305,342,328
-9.42,-4.57,-4.57,0.05,0.15,-0.05,329,303,305,342,327
-9.24,-5.43,-5.43,0.21,0.87,-1.18,327,303,304,342,326
-5.15,-6.66,-6.66,0.16,1.40,-1.58,327,302,304,341,325
0.20,-5.56,-5.56,-0.03,1.49,-1.82,326,302,303,341,325
3.93,-4.97,-4.97,-0.44,1.12,-1.02,326,303,303,341,326
6.51,-2.66,-2.66,-0.53,0.63,-0.84,326,303,303,341,328
7.95,-1.56,-1.56,-0.22,0.20,-0.45,326,303,303,341,329
7.72,-0.76,-0.76,0.05,-0.18,-0.26,326,303,303,342,331
9.61,-2.12,-2.12,0.31,-0.83,1.44,326,304,303,342,331
4.69,-4.49,-4.49,-0.08,-1.85,2.47,326,304,304,343,330
-0.29,-2.63,-2.63,0.10,-2.26,1.94,326,303,303,342,327
-8.87,-3.63,-3.63,-0.19,-1.20,0.81,327,303,304,343,327
-9.76,-5.28,-5.28,0.08,-0.93,-0.33,328,303,304,343,327
-10.18,-4.53,-4.53,0.04,-0.08,-0.02,328,303,305,343,327
-9.22,-5.27,-5.27,0.31,0.80,-1.26,327,303,304,343,326
-4.81,-5.85,-5.85,-0.01,1.25,-1.29,326,303,303,342,325
-2.20,-5.71,-5.71,0.40,1.69,-2.09,324,303,303,342,324
END
3.85,-5.97,-5.97,0.15,1.40,-1.46,324,302,301,341,328
7.44,-0.98,-0.98,-1.12,-1.17,2.50,324,302,302,342,328
-1.85,-3.66,-3.66,-0.33,-2.01,2.41,323,301,302,341,325
-6.50,-2.70,-2.70,-0.14,-1.64,1.25,325,302,303,342,326
-8.51,-4.52,-4.52,0.08,-0.85,0.07,325,302,304,343,326
-7.99,-5.61,-5.61,0.09,-0.50,-0.12,325,302,304,344,326
-9.70,-5.33,-5.33,-0.00,0.28,-0.09,326,302,304,344,326
-7.86,-5.84,-5.84,0.03,0.76,-1.88,326,302,303,344,325
-4.34,-6.17,-6.17,-0.04,1.35,-1.96,325,302,303,342,324
0.34,-4.97,-4.97,-0.37,1.34,-1.94,325,302,303,341,325
2.68,-3.64,-3.64,-0.07,1.24,-1.88,325,302,302,341,327
7.92,-1.94,-1.94,0.20,0.60,-1.23,325,303,302,341,330
9.62,-1.49,-1.49,0.08,0.14,-0.16,325,302,301,341,331
8.67,-2.49,-2.49,0.08,-0.30,0.53,325,303,301,341,331
8.18,-2.68,-2.68,-0.20,-0.94,1.59,325,303,302,342,331
4.58,-4.52,-4.52,-0.06,-1.61,2.50,324,303,303,342,328
-2.11,-4.29,-4.29,-0.10,-1.92,1.98,324,302,302,342,326
-7.54,-3.75,-3.75,-0.24,-1.22,0.98,325,302,303,343,326
-8.57,-4.50,-4.50,0.09,-0.79,-0.16,326,302,304,345,326
-7.87,-4.54,-4.54,0.03,-0.24,-0.13,327,302,304,347,327
-8.78,-5.16,-5.16,0.18,0.48,-0.35,327,302,304,348,326
-7.11,-5.56,-5.56,0.04,1.02,-1.68,326,302,303,345,325
-2.99,-5.85,-5.85,0.08,1.49,-1.18,325,302,303,342,324
-0.04,-4.82,-4.82,-0.37,1.33,-1.66,325,302,302,342,324
2.96,-4.90,-4.90,0.13,1.31,-1.38,325,302,302,340,326
7.35,-2.35,-2.35,-0.07,0.54,-1.19,325,302,302,342,328
9.75,-2.15,-2.15,0.08,0.45,-0.48,325,302,302,342,330
8.67,-2.48,-2.48,-0.01,-0.06,0.52,325,302,302,342,331
6.77,-4.03,-4.03,-0.33,-0.50,1.41,325,303,302,343,329
5.94,-5.14,-5.14,-0.55,-1.11,2.50,325,303,305,343,329
-1.33,-2.94,-2.94,-0.30,-1.58,2.00,325,302,305,344,327
-6.24,-3.59,-3.59,0.03,-0.96,0.84,326,303,307,348,327
-7.58,-4.21,-4.21,-0.00,-0.80,0.04,327,303,307,350,327
-6.88,-4.39,-4.39,0.12,-0.34,0.00,327,303,308,350,327
-8.82,-4.56,-4.56,0.17,0.20,0.08,327,303,307,350,326
END
-7.65,-5.29,-5.29,0.41,0.75,-1.15,326,303,302,341,333
-6.35,-3.75,-3.75,-0.38,-0.55,-0.41,326,303,302,342,335
-6.31,-3.29,-3.29,-0.10,-0.17,0.05,328,303,302,342,336
-8.48,-3.17,-3.17,0.85,0.92,-0.03,327,303,302,342,332
-4.99,-5.48,-5.48,0.28,1.05,-1.65,327,303,302,342,329
-2.49,-5.53,-5.53,0.30,1.34,-2.03,326,303,302,342,328
-0.21,-3.94,-3.94,0.66,1.57,-2.36,326,303,302,341,326
5.66,-4.77,-4.77,0.65,0.59,-2.30,326,303,302,341,328
9.40,-1.38,-1.38,-0.14,0.18,-1.35,326,303,301,341,331
11.18,-1.44,-1.44,0.03,-0.01,0.52,326,303,301,341,332
7.94,-4.36,-4.36,-0.73,-0.40,2.24,326,303,302,341,331
4.97,-4.57,-4.57,-1.12,-1.27,2.50,325,303,301,341,329
-2.40,-2.61,-2.61,-0.56,-1.58,2.50,325,303,302,342,329
-9.25,-0.79,-0.79,-0.23,-0.80,0.93,327,303,302,342,330
-8.61,-2.59,-2.59,-0.12,-0.61,-0.65,328,303,303,342,331
-7.35,-2.98,-2.98,-0.00,-0.09,0.31,329,303,303,344,332
-8.48,-2.86,-2.86,0.93,0.88,-1.07,327,303,303,343,329
-4.29,-6.73,-6.73,0.22,0.92,-2.50,325,302,302,342,326
-1.24,-5.94,-5.94,0.55,1.47,-2.51,325,302,301,341,326
3.73,-4.29,-4.29,0.65,0.88,-2.10,325,302,301,341,327
6.88,-4.00,-4.00,0.44,0.41,-1.17,325,302,301,341,328
9.22,-2.91,-2.91,0.10,0.12,-0.12,325,303,300,341,329
6.94,-4.78,-4.78,-0.40,-0.32,1.00,325,303,301,340,329
5.00,-4.14,-4.14,-0.57,-0.83,1.56,325,302,301,340,328
2.85,-5.66,-5.66,-0.38,-1.19,2.16,325,302,301,340,327
-1.69,-3.58,-3.58,-0.45,-1.44,2.27,324,302,301,341,327
-5.91,-3.91,-3.91,-0.12,-0.90,1.12,325,302,301,341,328
-7.11,-3.50,-3.50,-0.22,-0.87,-0.21,327,302,302,342,330
-7.81,-4.13,-4.13,-0.29,-0.53,-0.11,330,303,303,342,332
-8.98,-3.80,-3.80,0.21,0.32,-0.48,330,303,303,342,330
-6.52,-5.43,-5.43,0.43,0.58,-1.51,328,303,303,342,328
-2.64,-3.42,-3.42,0.01,0.80,-2.43,326,302,302,342,327
0.24,-3.67,-3.67,-0.17,0.83,-1.85,326,303,302,341,327
2.43,-5.08,-5.08,0.61,0.97,-1.49,326,303,302,341,328
4.38,-4.38,-4.38,0.51,0.66,-1.24,326,303,302,340,329
END
7.94,-3.74,-3.74,0.17,0.24,-0.82,328,303,306,342,327
-8.23,-5.64,-5.64,0.19,0.80,-1.82,327,302,305,341,325
-3.47,-6.12,-6.12,0.04,1.58,-1.77,326,303,304,341,323
0.73,-5.43,-5.43,0.07,1.31,-2.47,326,303,304,341,326
3.09,-3.82,-3.82,-0.11,1.04,-1.44,326,303,303,341,326
8.04,-1.79,-1.79,0.10,0.67,-1.37,325,303,302,341,329
11.23,-0.80,-0.80,0.28,0.20,-0.60,325,303,302,341,330
9.96,-1.36,-1.36,0.17,-0.14,0.41,325,302,302,340,330
9.50,-2.94,-2.94,-0.54,-1.08,1.72,325,303,302,341,330
4.41,-3.68,-3.68,-1.08,-2.01,2.50,325,303,303,342,329
-1.53,-3.78,-3.78,-0.62,-1.79,2.50,325,303,303,342,328
-8.64,-1.39,-1.39,-0.22,-1.24,-0.01,327,302,304,343,330
-7.06,-3.86,-3.86,-0.18,-0.84,-0.91,328,303,304,343,330
-8.22,-2.98,-2.98,0.35,-0.05,0.04,329,303,304,343,330
-8.13,-5.10,-5.10,0.30,1.03,-1.55,328,303,303,343,328
-4.72,-6.37,-6.37,0.36,1.37,-2.21,327,303,303,342,326
0.83,-4.15,-4.15,0.34,1.59,-2.51,326,303,302,342,327
3.19,-4.94,-4.94,0.72,1.32,-2.32,326,303,302,341,327
8.13,-0.62,-0.62,0.54,0.41,-2.31,326,303,302,341,331
11.00,-0.73,-0.73,0.39,0.44,-0.96,325,303,302,340,332
11.05,-1.16,-1.16,-0.03,0.20,0.72,326,303,302,341,332
10.68,-3.22,-3.22,-0.58,-0.21,2.00,325,302,301,341,332
7.80,-3.60,-3.60,-1.52,-1.15,2.50,325,303,302,341,330
0.30,-4.44,-4.44,-0.56,-1.42,2.50,325,303,302,341,327
-6.22,-2.54,-2.54,-0.59,-1.20,1.69,325,303,302,341,327
-9.10,-1.52,-1.52,0.61,-0.14,-0.18,325,302,302,341,327
-5.50,-3.94,-3.94,-0.09,-0.42,0.12,325,302,301,341,326
-7.87,-3.99,-3.99,0.31,0.32,0.16,326,302,301,341,326
-6.53,-5.67,-5.67,0.28,0.65,-0.82,326,302,301,341,325
-6.30,-5.43,-5.43,0.10,1.44,-2.36,325,302,301,341,324
-0.70,-4.20,-4.20,0.29,1.42,-2.51,325,302,301,341,324
3.70,-4.74,-4.74,0.81,1.11,-2.51,325,302,301,341,328
7.77,-1.76,-1.76,0.63,0.32,-2.10,326,303,300,341,329
10.29,-0.47,-0.47,0.44,0.02,-0.92,325,302,301,341,331
10.30,-0.62,-0.62,-0.14,0.04,0.70,325,303,301,341,331
END
10.21,-1.10,-1.10,-0.93,-0.73,2.50,330,303,303,343,330
-4.47,-5.56,-5.56,0.36,1.43,-2.46,328,303,303,343,328
0.12,-4.13,-4.13,0.64,1.68,-2.39,327,303,302,342,328
4.27,-3.14,-3.14,0.99,1.03,-2.51,327,303,301,342,330
9.35,-1.62,-1.62,1.08,0.30,-2.40,327,303,301,341,332
13.27,0.82,0.82,0.35,-0.01,-0.72,327,303,301,341,334
10.94,-2.14,-2.14,-0.27,-0.04,1.33,326,303,301,341,334
8.37,-3.94,-3.94,-0.75,-0.59,2.09,327,303,302,341,334
5.88,-4.04,-4.04,-1.24,-1.53,2.50,327,303,303,342,334
0.71,-4.26,-4.26,-0.46,-1.89,2.50,326,304,303,342,332
-5.37,-2.72,-2.72,-0.39,-1.93,1.52,327,304,304,342,332
-9.17,-3.01,-3.01,-0.34,-1.43,-0.18,329,304,303,343,335
-11.92,-4.16,-4.16,-0.12,-0.62,-0.45,330,303,303,342,335
-11.23,-4.54,-4.54,0.15,0.50,-0.25,331,304,303,343,333
-8.97,-5.56,-5.56,0.26,1.36,-1.29,330,303,303,342,331
-2.22,-6.88,-6.88,0.35,1.55,-2.09,329,304,303,342,330
1.08,-4.52,-4.52,0.23,1.42,-2.32,328,303,303,341,332
3.60,-4.94,-4.94,-0.49,0.89,-2.50,327,303,302,341,332
9.20,-1.02,-1.02,-0.30,0.26,-1.77,327,303,302,341,337
10.60,0.48,0.48,0.07,0.27,-0.57,327,303,302,341,337
9.73,-0.28,-0.28,0.18,-0.07,0.68,327,304,302,341,337
7.94,-2.45,-2.45,0.34,-0.25,1.18,327,303,301,341,336
7.42,-3.92,-3.92,-0.41,-0.72,2.04,326,304,302,342,336
3.40,-5.27,-5.27,-0.29,-0.91,2.14,326,304,302,342,333
-0.12,-4.69,-4.69,-0.21,-1.09,1.57,325,304,302,342,330
-2.63,-4.86,-4.86,-0.11,-1.30,1.15,326,304,302,342,330
-4.36,-4.80,-4.80,-0.04,-1.12,0.98,326,303,302,343,329
-5.88,-4.72,-4.72,0.04,-0.82,0.64,327,303,302,343,329
-7.31,-4.29,-4.29,0.08,-0.59,0.27,328,303,303,345,330
-7.16,-4.96,-4.96,-0.09,-0.46,-0.01,328,303,303,345,330
-9.48,-3.63,-3.63,0.01,0.12,0.07,329,303,303,345,331
-9.78,-4.01,-4.01,0.41,0.91,-0.64,329,303,303,345,330
-7.45,-6.00,-6.00,0.48,1.25,-1.78,329,303,303,344,328
-2.62,-5.22,-5.22,0.07,1.53,-2.20,327,303,302,343,327
1.72,-3.27,-3.27,0.31,1.38,-2.33,326,303,302,342,327
END
3.79,-5.96,-5.96,0.90,1.41,-2.22,325,303,302,343,332
9.94,-0.55,-0.55,-0.17,0.30,-0.23,324,303,303,343,332
11.79,-0.46,-0.46,-0.01,-0.07,0.70,325,303,302,343,333
8.25,-2.67,-2.67,0.11,-0.37,2.16,325,303,302,343,332
5.81,-4.10,-4.10,-1.11,-1.10,2.50,325,303,302,343,331
-0.04,-4.52,-4.52,-0.84,-1.35,2.50,325,303,300,343,331
-4.19,-2.55,-2.55,-0.54,-1.47,2.10,326,302,302,343,335
-7.79,-1.91,-1.91,-0.17,-0.97,-0.05,327,303,302,342,338
-7.41,-3.29,-3.29,-0.32,-0.84,-0.57,329,303,303,343,340
-8.76,-3.31,-3.31,-0.04,-0.39,-0.04,329,303,303,344,340
-9.99,-2.98,-2.98,0.66,0.61,-0.05,329,303,303,344,338
-8.79,-4.19,-4.19,0.83,1.27,-0.79,328,302,302,343,334
-3.66,-5.67,-5.67,0.44,1.36,-1.47,327,302,302,343,331
-1.47,-6.58,-6.58,0.51,1.32,-1.98,327,303,302,342,330
2.21,-4.46,-4.46,0.39,1.04,-2.07,326,303,302,342,330
4.59,-3.59,-3.59,0.47,0.81,-1.97,326,303,302,342,330
7.77,-3.63,-3.63,0.40,0.42,-1.78,326,302,302,342,331
9.27,-2.01,-2.01,0.14,0.16,-1.13,326,303,302,342,332
11.16,-0.26,-0.26,-0.03,-0.17,-0.32,325,303,302,342,333
9.66,-1.93,-1.93,0.17,-0.21,1.21,325,303,301,342,333
7.80,-3.84,-3.84,-0.42,-0.55,2.07,325,303,302,342,333
5.00,-5.10,-5.10,-0.84,-1.15,2.50,324,303,302,342,333
0.05,-4.34,-4.34,-0.33,-1.38,2.49,324,303,302,342,332
-3.54,-3.93,-3.93,-0.14,-1.33,1.96,324,302,302,342,332
-6.59,-3.39,-3.39,-0.20,-1.24,0.94,324,303,301,342,333
-8.01,-4.24,-4.24,-0.33,-1.07,-0.41,324,303,301,342,336
-7.81,-4.69,-4.69,-0.15,-0.63,-0.47,325,303,303,342,338
-8.97,-5.15,-5.15,0.06,0.03,-0.22,325,302,303,341,338
-9.07,-4.52,-4.52,0.69,1.10,-0.94,325,303,302,342,334
-5.06,-6.13,-6.13,0.22,1.14,-2.17,325,303,302,342,332
-0.29,-5.53,-5.53,0.40,0.88,-2.51,325,303,302,341,331
3.66,-5.41,-5.41,0.62,0.73,-2.49,324,303,302,341,332
5.93,-5.40,-5.40,0.58,0.61,-1.85,324,303,302,341,332
7.84,-4.63,-4.63,-0.46,0.54,-1.15,324,303,302,341,332
9.97,-2.67,-2.67,-0.21,0.40,-0.56,324,303,302,341,332
END
11.31,-2.63,-2.63,-0.27,-0.06,0.14,326,303,302,340,331
-5.75,-1.79,-1.79,-0.65,-1.87,2.14,326,304,301,340,331
-10.01,-2.30,-2.30,-0.24,-1.04,-0.83,327,304,302,340,331
-7.72,-4.16,-4.16,-0.09,-0.85,-0.58,328,304,302,340,331
-11.46,-3.01,-3.01,0.08,0.10,0.11,328,304,303,341,331
-9.45,-5.26,-5.26,0.53,1.24,-1.41,329,304,303,340,330
-5.10,-7.03,-7.03,0.56,1.57,-2.21,327,304,302,340,328
1.60,-5.90,-5.90,0.13,1.49,-2.35,327,303,302,340,328
3.92,-3.26,-3.26,0.14,1.08,-2.51,326,303,302,340,328
9.28,-0.65,-0.65,0.55,0.09,-2.49,326,303,301,339,331
11.29,1.50,1.50,-0.35,0.03,-0.85,326,303,301,340,332
10.31,0.22,0.22,0.01,0.02,1.22,326,303,302,340,332
9.06,-2.68,-2.68,-0.04,-0.40,2.04,326,303,301,339,332
5.94,-5.08,-5.08,-0.63,-1.10,2.50,327,303,302,340,331
-1.06,-3.46,-3.46,-0.60,-1.63,2.50,326,303,302,340,330
-5.43,-3.55,-3.55,-0.35,-1.36,1.77,327,303,303,341,330
-7.70,-3.57,-3.57,-0.15,-1.26,-0.02,328,303,303,341,331
-7.01,-4.25,-4.25,-0.04,-0.70,-0.28,328,303,304,341,331
-9.62,-3.54,-3.54,0.06,-0.06,0.12,328,303,304,341,332
-9.05,-4.17,-4.17,0.48,0.78,-0.60,328,303,303,342,331
-5.38,-6.04,-6.04,0.23,1.11,-1.39,328,303,303,342,329
-3.25,-5.25,-5.25,0.43,1.55,-2.18,327,303,302,341,328
2.12,-5.36,-5.36,0.33,1.51,-2.12,326,303,302,341,328
4.53,-4.21,-4.21,0.56,0.97,-2.51,326,304,301,341,328
8.10,-2.34,-2.34,0.48,0.37,-2.07,326,303,301,341,329
10.76,-1.44,-1.44,0.30,0.27,-1.12,326,303,301,340,331
11.31,-0.48,-0.48,-0.08,0.08,0.30,326,303,301,341,331
10.38,-1.95,-1.95,-0.54,-0.11,1.64,326,303,301,341,332
7.56,-5.09,-5.09,-1.18,-0.68,2.50,326,303,302,342,332
2.35,-4.10,-4.10,-1.23,-1.30,2.50,326,303,302,342,331
-2.49,-3.17,-3.17,-1.23,-1.13,2.50,326,304,302,342,333
-7.02,-0.68,-0.68,-0.65,-1.08,0.99,328,304,303,342,337
-7.05,-1.48,-1.48,-0.77,-0.78,-0.77,329,304,303,342,339
-6.52,-1.14,-1.14,-0.53,-0.52,0.02,329,304,303,342,340
-8.27,-0.42,-0.42,0.73,0.25,0.28,328,304,303,342,339
END
-8.03,-2.20,-2.20,1.66,1.39,-0.61,325,303,302,341,333
11.11,-0.99,-0.99,-0.20,0.12,0.71,325,303,302,341,333
10.85,-2.82,-2.82,-0.57,-0.34,1.54,325,303,303,341,333
8.26,-5.48,-5.48,-1.29,-1.14,2.50,325,303,304,342,333
4.78,-4.40,-4.40,-1.00,-1.84,2.50,325,304,304,342,333
-2.14,-3.32,-3.32,-0.55,-1.63,2.50,325,304,306,342,333
-11.54,-0.25,-0.25,-0.43,-0.76,0.39,328,303,306,342,336
-8.55,-2.82,-2.82,-0.91,-1.07,-0.97,329,303,307,341,340
-8.67,-2.28,-2.28,0.24,-0.24,0.24,328,303,307,341,340
-8.97,-2.38,-2.38,0.63,0.49,-0.10,329,303,306,342,338
-6.85,-5.15,-5.15,0.78,0.89,-0.28,330,304,306,342,335
-6.77,-1.83,-1.83,0.55,0.91,-1.95,330,304,307,344,331
-2.86,-7.68,-7.68,0.64,1.83,-1.81,327,304,306,342,329
0.39,-5.46,-5.46,0.88,1.33,-2.44,327,304,304,341,328
5.33,-4.68,-4.68,0.73,1.09,-2.51,326,303,303,341,329
8.91,-2.77,-2.77,0.85,0.24,-2.24,326,303,303,341,330
11.49,-0.65,-0.65,0.36,-0.11,-1.07,326,303,303,341,331
11.54,-1.21,-1.21,-0.12,-0.04,0.50,326,303,302,341,332
10.08,-3.46,-3.46,-0.63,-0.42,1.82,326,303,303,341,332
7.95,-5.24,-5.24,-1.28,-1.20,2.50,325,303,302,341,333
2.89,-4.87,-4.87,-0.73,-1.77,2.50,325,303,304,341,331
-1.74,-5.18,-5.18,-0.67,-1.92,2.14,325,303,303,341,332
-7.77,-2.37,-2.37,-0.19,-1.31,1.04,327,303,304,342,334
-9.99,-2.91,-2.91,-0.14,-0.94,-0.53,328,303,304,342,334
-9.52,-4.49,-4.49,0.15,-0.35,-0.13,328,303,304,342,334
-9.93,-4.63,-4.63,0.09,0.42,-0.41,328,303,303,342,333
-6.60,-6.55,-6.55,0.33,1.02,-1.19,328,303,303,342,331
-6.27,-5.16,-5.16,0.28,1.29,-2.51,326,303,303,342,329
0.24,-4.40,-4.40,0.33,1.10,-2.51,326,303,303,341,329
4.91,-4.97,-4.97,0.84,0.96,-2.51,326,302,302,341,330
7.98,-2.43,-2.43,-0.10,0.34,-2.07,326,303,302,340,331
10.55,-0.59,-0.59,-0.41,0.13,-1.55,326,303,301,340,332
11.24,0.47,0.47,0.07,0.11,-0.07,326,303,301,340,333
11.72,-1.10,-1.10,-0.17,-0.13,1.28,326,303,301,340,333
11.02,-3.66,-3.66,-0.25,-0.46,2.44,326,303,302,340,334
END
6.48,-4.24,-4.24,-1.16,-1.28,2.50,325,303,302,341,333
-2.67,-4.00,-4.00,-0.71,-1.35,2.37,325,303,302,341,334
-7.80,-1.63,-1.63,-0.44,-1.14,0.94,326,303,302,341,336
-7.95,-2.51,-2.51,-0.44,-1.10,-0.43,326,303,303,341,337
-8.05,-3.50,-3.50,-0.46,-0.76,-0.51,327,303,303,341,339
-9.23,-3.52,-3.52,0.05,-0.10,-0.16,326,303,303,342,340
-9.80,-3.59,-3.59,0.61,0.89,-0.19,327,303,303,342,337
-6.75,-5.00,-5.00,0.65,1.31,-1.58,327,303,302,342,333
-2.58,-6.45,-6.45,0.36,1.41,-2.24,326,303,302,342,331
-0.09,-5.24,-5.24,0.46,1.44,-2.48,326,303,302,342,330
5.71,-3.52,-3.52,0.40,0.77,-2.51,326,303,302,342,332
9.27,-1.75,-1.75,0.24,0.63,-2.09,325,303,302,342,334
10.95,-0.62,-0.62,-0.44,0.36,-1.13,326,303,302,341,335
11.89,0.47,0.47,0.01,0.09,0.17,325,303,302,341,336
11.30,-0.50,-0.50,-0.08,-0.17,0.82,325,303,302,341,336
8.54,-2.43,-2.43,0.01,-0.49,2.28,325,303,302,342,336
6.11,-4.26,-4.26,-0.76,-1.16,2.50,325,303,302,342,336
2.68,-4.64,-4.64,-0.94,-1.71,2.50,325,303,302,342,337
-5.13,-2.32,-2.32,-0.44,-1.44,2.50,325,303,303,342,335
-10.66,-1.12,-1.12,-0.33,-1.11,-0.25,327,303,303,342,337
-7.59,-3.80,-3.80,-0.01,-0.64,-0.56,327,303,303,342,336
-9.41,-3.04,-3.04,0.34,0.16,0.19,327,303,303,342,336
-7.98,-5.36,-5.36,0.68,0.90,-0.77,327,303,302,342,333
-4.82,-6.45,-6.45,0.30,1.06,-1.22,326,303,302,342,331
-3.42,-6.70,-6.70,0.66,1.31,-1.86,326,303,302,342,329
1.55,-7.00,-7.00,0.16,1.09,-1.61,326,304,302,342,328
2.81,-5.06,-5.06,0.27,1.23,-1.82,326,303,300,342,328
5.61,-3.95,-3.95,0.20,0.74,-1.68,325,303,302,342,328
9.53,-3.19,-3.19,0.23,0.24,-1.50,325,303,302,342,330
12.11,-1.44,-1.44,0.20,-0.03,-0.38,325,303,302,342,331
11.08,-2.54,-2.54,-0.50,-0.18,1.60,325,303,302,342,332
6.98,-4.44,-4.44,-1.14,-1.03,2.50,325,303,303,343,332
2.49,-5.03,-5.03,-0.85,-1.37,2.50,325,303,303,342,332
-5.28,-2.18,-2.18,-0.75,-1.37,2.47,326,303,304,342,334
-9.79,-0.57,-0.57,-0.22,-0.90,-0.06,327,304,304,342,335
END
-8.29,-2.17,-2.17,-0.22,-0.73,-0.53,326,303,303,342,329
2.56,-5.16,-5.16,0.58,1.34,-2.29,326,304,303,342,328
6.89,-3.63,-3.63,0.62,0.50,-2.16,326,303,302,342,331
8.99,-3.50,-3.50,0.09,0.29,-1.46,326,303,302,342,331
11.26,-1.87,-1.87,-0.18,-0.04,-0.04,326,303,302,342,332
9.48,-2.97,-2.97,-0.15,-0.16,1.76,326,303,302,342,332
7.00,-5.63,-5.63,-0.99,-0.68,2.50,326,303,302,343,331
-0.04,-3.32,-3.32,-1.31,-1.21,2.50,326,303,302,343,330
-7.69,-1.65,-1.65,-1.08,-1.40,1.81,327,304,304,343,332
-8.70,-1.09,-1.09,-0.38,-1.20,-0.43,328,304,304,344,334
-7.85,-3.34,-3.34,0.04,-0.53,-0.54,328,304,304,344,335
-10.04,-2.71,-2.71,0.55,0.46,0.07,328,303,304,344,334
-8.28,-5.56,-5.56,0.87,1.17,-1.71,328,303,303,343,331
-3.88,-6.22,-6.22,0.80,1.37,-2.34,327,303,303,343,329
-0.75,-5.54,-5.54,0.87,1.59,-2.51,327,303,302,343,328
4.63,-4.29,-4.29,0.97,0.93,-2.51,327,303,301,342,329
8.99,-1.61,-1.61,0.35,0.13,-2.43,327,303,301,342,330
13.69,0.60,0.60,-0.22,-0.14,-0.53,328,303,301,342,333
10.00,-1.13,-1.13,-0.10,-0.00,1.22,327,303,301,342,332
8.13,-2.47,-2.47,0.08,-0.44,1.36,326,303,301,342,332
7.57,-5.33,-5.33,-0.30,-1.14,2.05,326,303,301,343,332
4.96,-5.46,-5.46,-0.46,-1.57,2.42,325,303,302,342,331
0.06,-5.18,-5.18,-0.43,-1.88,2.34,325,303,301,342,330
-6.41,-3.78,-3.78,-0.23,-1.64,1.60,325,303,300,342,329
-10.45,-4.15,-4.15,0.05,-1.09,-0.29,326,303,301,342,331
-10.01,-5.57,-5.57,-0.02,-0.52,-0.48,326,303,301,340,329
-10.06,-5.53,-5.53,0.24,0.81,-0.73,327,303,301,342,329
-5.71,-7.49,-7.49,0.08,1.30,-1.94,326,303,302,342,328
-2.25,-5.66,-5.66,0.37,1.93,-2.51,326,303,301,342,327
1.47,-4.52,-4.52,0.90,1.72,-2.51,326,303,301,342,329
7.80,-1.66,-1.66,-0.07,0.32,-2.51,326,303,301,341,329
11.91,1.28,1.28,0.14,-0.15,-1.93,326,303,301,341,333
13.24,0.39,0.39,-0.04,0.29,0.38,326,303,301,341,333
10.47,-1.13,-1.13,-0.04,-0.01,1.06,326,303,301,341,333
9.93,-3.11,-3.11,-0.42,-0.49,2.10,326,303,301,342,334
END
7.85,-6.07,-6.07,-1.76,-1.37,2.50,327,302,302,342,329
-8.49,-4.53,-4.53,0.30,0.89,-1.00,327,303,301,342,328
-3.78,-6.44,-6.44,0.15,1.11,-2.02,327,303,302,342,327
-0.81,-5.14,-5.14,0.54,1.54,-2.51,326,303,302,342,327
2.68,-4.57,-4.57,0.61,1.35,-2.51,326,303,301,341,327
7.28,-2.11,-2.11,1.00,0.50,-2.51,326,303,301,341,329
9.85,-1.12,-1.12,0.43,0.04,-1.94,326,302,301,341,330
12.66,1.41,1.41,-0.10,-0.04,-0.25,326,303,301,341,332
9.94,-0.80,-0.80,-0.11,0.12,1.04,326,303,301,341,332
9.74,-2.12,-2.12,-0.20,-0.36,1.65,327,303,301,341,332
8.61,-5.36,-5.36,-0.97,-0.85,2.50,327,303,301,342,331
3.32,-4.01,-4.01,-1.20,-1.62,2.50,326,303,302,342,330
-3.24,-2.86,-2.86,-0.30,-1.24,2.45,325,303,302,342,329
-8.95,-1.92,-1.92,-0.25,-1.17,0.47,327,302,303,342,329
-7.38,-3.64,-3.64,0.03,-0.79,-0.40,327,302,303,341,328
-7.86,-4.60,-4.60,0.26,-0.01,-0.09,327,302,303,341,328
-8.52,-4.80,-4.80,0.38,0.68,-0.54,327,302,302,341,327
-5.17,-6.93,-6.93,0.24,1.16,-1.34,327,302,302,341,327
-1.72,-5.91,-5.91,0.40,1.66,-2.15,325,302,302,341,326
1.04,-5.34,-5.34,0.74,1.67,-2.37,325,302,301,340,326
5.58,-4.06,-4.06,0.80,0.79,-2.51,325,302,301,340,326
9.32,-2.34,-2.34,0.66,0.09,-2.08,325,302,301,340,328
11.33,-0.59,-0.59,0.12,0.08,-0.65,326,302,301,340,330
9.93,-2.25,-2.25,-0.25,0.32,0.70,326,302,300,340,330
9.34,-3.25,-3.25,-0.48,-0.08,1.27,325,302,301,340,330
9.33,-5.05,-5.05,-1.19,-0.66,2.50,326,302,301,342,330
1.84,-5.10,-5.10,-1.08,-0.86,2.50,325,302,302,341,328
-2.29,-3.45,-3.45,-0.90,-1.18,2.50,325,303,302,341,328
-5.99,-2.84,-2.84,-0.88,-1.40,1.40,326,303,303,341,329
-9.04,-1.45,-1.45,0.07,-0.71,-0.02,327,303,303,341,329
-7.21,-3.55,-3.55,-0.04,-0.44,-0.25,327,303,303,341,329
-9.61,-2.97,-2.97,0.33,0.28,0.14,328,303,303,341,329
-8.35,-3.98,-3.98,0.61,0.89,-0.87,327,302,302,341,327
-5.10,-5.64,-5.64,0.74,1.23,-1.86,327,303,302,341,326
0.75,-5.77,-5.77,0.56,1.19,-2.07,326,303,302,341,326
END
-0.23,-6.39,-6.39,0.58,1.29,-2.18,326,303,301,341,331
7.42,-3.50,-3.50,-0.44,-0.69,1.95,326,303,301,341,331
5.00,-6.12,-6.12,-0.42,-0.84,2.27,326,303,302,342,330
2.13,-5.36,-5.36,-0.94,-1.39,2.50,325,303,302,341,329
-2.43,-3.88,-3.88,-0.80,-1.52,1.86,325,303,302,341,331
-6.98,-2.58,-2.58,-0.52,-1.32,0.71,326,303,303,342,333
-9.51,-1.77,-1.77,-0.14,-0.79,-0.26,326,303,302,341,334
-8.86,-3.14,-3.14,0.06,-0.27,-0.07,326,303,303,341,335
-9.87,-2.43,-2.43,0.61,0.61,0.13,326,303,303,341,333
-8.06,-5.02,-5.02,0.87,1.29,-0.96,326,303,302,341,330
-5.11,-5.47,-5.47,0.81,1.54,-2.51,325,303,302,341,329
1.49,-5.20,-5.20,0.96,1.13,-2.51,326,302,302,341,328
6.35,-3.74,-3.74,-0.35,0.43,-2.51,326,303,302,341,329
7.87,-1.28,-1.28,0.07,0.33,-1.72,325,302,301,341,330
11.87,-0.49,-0.49,-0.36,0.19,-0.02,325,303,301,341,332
11.05,-1.16,-1.16,-0.19,0.03,1.09,325,302,301,341,331
9.80,-3.88,-3.88,-0.46,-0.54,2.50,325,303,301,341,331
4.94,-5.21,-5.21,-1.11,-1.12,2.50,325,303,302,341,331
-1.07,-4.20,-4.20,-1.31,-1.60,2.50,325,302,302,342,332
-7.95,-1.31,-1.31,-1.00,-1.62,1.13,326,303,302,342,335
-9.27,-2.03,-2.03,-0.42,-1.02,-1.06,326,303,302,342,335
-8.34,-3.38,-3.38,-0.16,-0.56,-0.31,326,303,303,342,336
-10.16,-2.41,-2.41,0.58,0.56,-0.16,326,303,302,341,334
-6.96,-4.47,-4.47,0.73,1.20,-1.78,326,303,302,342,332
-3.83,-5.20,-5.20,0.86,1.36,-2.40,326,303,302,342,329
0.37,-6.09,-6.09,0.21,0.93,-2.51,325,303,301,341,328
4.89,-4.06,-4.06,-0.04,0.63,-2.51,325,303,301,341,329
8.24,-1.54,-1.54,0.16,0.52,-2.50,325,303,302,341,330
11.86,0.80,0.80,0.15,0.10,-0.84,325,302,301,341,332
11.76,-0.24,-0.24,-0.09,0.06,0.84,325,303,301,341,333
10.02,-2.73,-2.73,-0.16,-0.46,1.96,325,303,301,341,332
8.17,-4.08,-4.08,0.05,-0.89,2.50,325,303,301,342,331
2.84,-4.47,-4.47,-0.98,-1.47,2.50,325,303,302,341,330
-7.49,-1.72,-1.72,-1.31,-1.44,2.37,325,303,302,341,330
-9.24,-1.00,-1.00,-0.73,-1.07,-0.85,325,303,302,341,331
END
-6.73,-3.51,-3.51,0.02,-0.51,-0.67,326,303,302,340,327
10.16,-4.16,-4.16,1.23,0.26,-2.04,326,303,302,340,329
11.91,-1.88,-1.88,0.36,0.02,-0.82,326,303,302,341,329
11.71,-2.13,-2.13,-0.18,-0.05,0.74,326,303,302,341,330
9.21,-4.32,-4.32,-0.86,-0.38,2.16,326,303,302,341,330
6.10,-5.70,-5.70,-1.01,-1.04,2.50,325,303,303,342,330
2.96,-6.67,-6.67,-0.93,-1.21,2.50,325,303,303,342,330
-1.00,-4.44,-4.44,-0.78,-1.57,2.19,325,303,303,342,331
-6.42,-3.14,-3.14,-0.29,-1.11,0.96,326,303,304,342,333
-8.89,-3.02,-3.02,-0.18,-0.67,-0.15,327,303,304,342,335
-8.53,-3.29,-3.29,-0.17,-0.43,-0.13,327,303,304,342,335
-8.42,-4.10,-4.10,0.31,0.45,-0.12,327,303,304,341,334
-6.02,-4.87,-4.87,0.28,1.03,-1.13,327,303,304,342,331
-3.19,-6.63,-6.63,0.98,1.39,-2.46,326,303,303,341,328
1.97,-4.66,-4.66,0.44,1.07,-2.50,326,303,303,341,328
4.10,-5.22,-5.22,0.89,1.18,-2.51,325,303,303,342,328
6.45,-2.54,-2.54,0.57,0.38,-2.51,326,303,302,341,329
11.39,-0.73,-0.73,0.16,0.09,-1.73,327,303,302,341,331
13.16,1.28,1.28,-0.16,0.05,-0.10,327,303,302,341,332
11.20,-0.22,-0.22,-0.16,-0.03,1.17,327,303,302,341,332
10.34,-3.21,-3.21,-0.45,-0.59,2.50,327,303,303,342,333
5.41,-5.20,-5.20,-1.16,-1.27,2.50,326,303,303,342,332
1.41,-3.95,-3.95,-1.33,-2.01,2.50,326,303,304,342,335
-5.07,-1.23,-1.23,-0.27,-1.26,2.05,326,303,306,342,338
-9.73,-2.18,-2.18,-0.46,-0.88,-0.31,328,303,307,342,339
-8.14,-2.87,-2.87,0.02,-0.45,-0.45,328,303,307,342,338
-9.55,-1.74,-1.74,0.89,0.76,-0.18,328,303,306,342,335
-6.04,-5.34,-5.34,0.74,1.22,-1.26,328,303,306,342,331
-3.25,-6.40,-6.40,1.09,1.44,-2.13,327,303,305,342,328
0.73,-5.89,-5.89,0.75,1.21,-2.51,327,303,304,341,328
5.15,-3.73,-3.73,0.66,0.71,-2.51,327,303,304,341,329
9.77,-3.28,-3.28,0.02,0.28,-2.51,327,303,304,342,330
12.76,1.49,1.49,-0.33,0.04,-0.87,327,303,303,342,332
13.88,1.51,1.51,-0.95,-0.12,1.72,327,303,303,343,334
9.07,-3.37,-3.37,-0.47,-0.40,2.50,326,303,303,342,332
END
5.84,-5.00,-5.00,-1.00,-1.32,2.50,331,304,307,343,337
-7.75,-3.36,-3.36,1.06,1.04,-0.37,330,304,306,343,334
-4.40,-6.02,-6.02,0.80,1.31,-1.73,329,304,305,343,331
-1.23,-5.50,-5.50,1.27,1.56,-2.49,327,303,304,342,330
3.78,-5.38,-5.38,0.19,1.03,-2.51,327,303,303,342,329
8.79,-3.17,-3.17,-0.52,0.63,-2.49,326,303,303,341,332
8.51,-0.95,-0.95,0.37,0.51,-1.52,326,303,303,341,332
11.11,0.57,0.57,-0.15,-0.02,-0.28,326,303,303,341,333
9.84,-0.60,-0.60,0.09,-0.05,1.14,326,303,303,341,332
9.35,-3.01,-3.01,-0.20,-0.63,2.01,325,304,303,341,333
7.34,-5.04,-5.04,-1.13,-1.30,2.50,325,304,303,342,333
2.56,-5.12,-5.12,-1.37,-1.78,2.50,325,304,306,342,337
-5.09,-1.34,-1.34,-0.47,-1.32,2.01,326,305,308,343,339
-8.99,-0.90,-0.90,-0.18,-0.68,-0.10,328,306,308,342,339
-6.68,-2.71,-2.71,-0.12,-0.49,-0.23,328,305,308,342,340
-7.93,-2.63,-2.63,0.44,0.21,0.21,328,305,308,342,338
-6.54,-3.73,-3.73,0.70,0.77,-0.12,327,305,307,342,336
-5.42,-4.31,-4.31,0.82,1.23,-1.01,326,305,306,342,332
-1.78,-6.39,-6.39,0.73,1.18,-1.49,326,304,304,342,330
0.22,-6.52,-6.52,0.94,1.35,-2.05,325,304,303,341,329
2.91,-5.74,-5.74,0.78,1.05,-2.03,325,303,303,341,329
7.04,-5.03,-5.03,0.19,0.56,-2.40,325,303,302,341,329
9.30,-1.59,-1.59,0.43,-0.00,-2.02,325,303,301,341,330
12.33,-0.88,-0.88,0.17,-0.02,-0.58,325,303,300,342,331
10.88,-2.16,-2.16,-0.45,-0.14,1.67,325,303,301,342,331
9.53,-5.61,-5.61,-0.87,-0.50,2.50,325,303,302,342,332
4.10,-5.79,-5.79,-1.23,-1.18,2.50,325,303,302,342,331
-1.31,-3.29,-3.29,-1.24,-1.66,2.50,325,304,302,342,333
-7.54,-1.25,-1.25,-0.64,-0.90,1.44,326,304,303,341,336
-9.91,-0.88,-0.88,-0.07,-0.49,-0.60,327,304,303,341,336
-7.29,-2.82,-2.82,0.27,0.04,-0.05,327,304,304,340,336
-7.44,-2.86,-2.86,0.44,0.50,-0.18,327,304,303,341,334
-5.13,-4.34,-4.34,0.61,0.83,-1.13,326,304,303,342,331
-2.59,-6.26,-6.26,0.80,1.05,-2.34,326,304,303,342,329
0.39,-5.37,-5.37,1.12,1.21,-2.46,326,304,302,341,329
END
4.72,-6.02,-6.02,1.51,1.13,-2.51,327,303,301,342,330
10.09,-3.31,-3.31,-0.79,-0.44,2.50,327,304,301,342,331
7.05,-5.97,-5.97,-1.24,-1.00,2.50,326,303,302,342,330
-0.35,-2.35,-2.35,-1.43,-1.52,2.50,326,304,302,343,331
-8.90,1.00,1.00,-0.94,-1.37,1.02,329,305,305,343,335
-9.69,-1.20,-1.20,-1.06,-0.82,-0.99,329,304,304,342,335
-8.13,-1.50,-1.50,0.16,0.04,0.10,329,303,305,343,335
-7.95,-2.30,-2.30,0.67,0.89,-0.19,329,304,305,343,334
-5.00,-4.82,-4.82,1.27,1.44,-1.71,329,304,305,343,331
-0.72,-5.67,-5.67,0.83,1.08,-2.31,328,304,304,343,328
2.14,-5.49,-5.49,0.39,0.86,-2.51,329,305,304,343,329
4.64,-3.93,-3.93,0.56,0.64,-2.51,329,304,302,343,329
7.31,-2.12,-2.12,0.23,0.17,-2.49,329,304,303,342,329
9.66,0.83,0.83,0.66,-0.14,-1.71,329,304,302,343,331
11.50,0.65,0.65,0.34,-0.06,-0.17,329,304,302,343,331
10.49,-0.53,-0.53,0.23,-0.15,1.48,329,304,302,343,331
9.96,-2.92,-2.92,-1.02,-0.83,2.50,328,304,303,343,332
3.17,-5.66,-5.66,-0.57,-1.27,2.50,327,304,304,344,331
0.62,-3.24,-3.24,-0.71,-1.89,2.50,327,304,304,344,330
-7.73,-3.75,-3.75,-0.34,-1.09,1.54,328,304,305,344,331
-10.47,-2.67,-2.67,0.09,-0.59,-0.27,330,304,306,344,332
-8.36,-3.34,-3.34,-0.02,-0.30,-0.04,329,304,306,343,331
-8.83,-3.96,-3.96,0.25,0.75,-0.31,330,305,305,344,331
-3.96,-6.11,-6.11,0.32,1.13,-1.85,329,304,305,344,329
-2.46,-5.60,-5.60,0.63,1.56,-2.51,328,304,304,344,328
2.02,-4.01,-4.01,0.83,1.58,-2.51,329,304,304,343,329
6.32,-3.90,-3.90,1.07,0.93,-2.51,328,304,303,343,329
10.44,0.24,0.24,0.33,0.14,-2.21,328,304,302,342,330
13.78,0.91,0.91,0.14,0.07,-0.53,328,304,302,342,331
11.66,-0.65,-0.65,0.01,0.01,0.79,327,304,302,342,331
10.05,-2.98,-2.98,-0.43,-0.47,1.82,327,304,302,342,331
8.69,-6.34,-6.34,-0.92,-1.10,2.50,327,303,303,343,332
3.57,-4.88,-4.88,-1.37,-1.57,2.50,326,304,303,343,332
-2.07,-2.64,-2.64,-0.76,-1.53,2.50,327,305,304,343,334
-8.51,-0.32,-0.32,-0.16,-0.85,0.68,329,305,305,343,335
END
-8.05,-1.97,-1.97,0.05,-0.55,-0.32,327,303,301,342,331
8.03,-2.46,-2.46,-0.06,-0.19,1.15,327,303,301,342,331
6.52,-3.96,-3.96,-0.03,-0.47,1.09,327,303,301,342,331
5.41,-4.88,-4.88,0.06,-0.51,1.14,326,303,301,343,331
4.97,-6.97,-6.97,-0.56,-1.09,2.49,326,304,302,343,330
1.59,-5.36,-5.36,-1.70,-1.67,2.50,326,304,303,344,332
-6.87,-0.16,-0.16,-1.00,-1.44,1.48,328,304,305,344,336
-8.18,-1.71,-1.71,-0.36,-0.41,-1.24,329,304,306,344,336
-5.01,-3.19,-3.19,0.44,-0.01,-0.10,329,305,305,344,336
-6.97,-2.49,-2.49,0.38,0.39,0.15,329,305,305,344,334
-5.10,-4.69,-4.69,0.77,0.82,-0.60,328,304,305,344,333
-3.89,-3.56,-3.56,0.75,1.15,-1.71,328,304,305,344,331
-1.23,-5.76,-5.76,0.83,1.37,-1.92,327,304,304,343,329
2.40,-5.76,-5.76,1.05,1.41,-2.37,326,304,303,343,328
6.11,-3.90,-3.90,1.20,1.14,-2.51,326,304,303,342,329
9.06,-1.99,-1.99,0.45,0.36,-2.42,326,303,302,342,329
13.48,0.64,0.64,-0.27,-0.12,-1.07,327,303,302,342,332
12.03,0.20,0.20,-0.15,0.06,0.80,326,303,302,342,331
10.98,-2.12,-2.12,-0.54,-0.30,1.84,326,303,304,343,332
9.13,-4.86,-4.86,-0.34,-0.49,2.50,326,304,302,343,331
3.80,-4.57,-4.57,-1.19,-1.10,2.50,326,304,303,343,330
-0.47,-3.56,-3.56,-1.06,-1.33,2.50,325,303,302,343,330
-4.84,-2.47,-2.47,-0.83,-1.36,1.82,326,303,302,343,333
-9.70,-1.01,-1.01,0.10,-0.46,-0.10,327,303,302,343,333
-7.75,-3.32,-3.32,0.16,-0.18,-0.32,327,303,302,343,333
-8.11,-3.35,-3.35,0.41,0.69,-0.15,327,303,302,343,332
-6.08,-4.80,-4.80,0.87,1.18,-1.83,326,303,302,343,329
-1.45,-5.46,-5.46,0.47,1.20,-2.02,326,303,302,343,328
1.40,-5.88,-5.88,0.92,1.43,-2.47,326,303,302,343,328
5.58,-3.56,-3.56,0.75,0.51,-2.28,326,303,301,343,328
8.69,-4.74,-4.74,0.57,0.40,-1.80,326,303,301,343,330
10.75,-1.38,-1.38,0.24,0.04,-0.56,326,302,301,343,331
10.12,-2.34,-2.34,-0.03,0.01,0.90,326,303,301,343,331
9.69,-2.72,-2.72,-0.29,-0.47,1.74,326,303,301,343,331
7.39,-6.30,-6.30,-0.63,-1.13,2.50,326,303,301,343,330
END
-0.75,-5.89,-5.89,-0.69,-1.39,2.50,327,303,303,343,329
1.01,-5.36,-5.36,0.57,1.39,-2.28,326,303,302,343,328
5.56,-4.08,-4.08,0.80,0.88,-2.51,326,303,302,343,329
6.83,-3.73,-3.73,0.60,0.55,-1.96,326,303,302,343,329
10.93,-0.59,-0.59,0.65,-0.04,-1.22,326,303,302,343,331
11.00,-1.49,-1.49,-0.10,-0.00,0.86,326,303,302,343,332
9.55,-2.44,-2.44,-0.70,-0.54,2.37,326,303,302,343,332
5.81,-5.67,-5.67,-0.82,-1.32,2.50,326,303,303,343,331
-0.90,-5.56,-5.56,-0.79,-1.80,2.50,326,303,303,344,331
-6.72,-3.45,-3.45,-0.46,-1.41,1.66,327,304,304,343,332
-11.24,-2.21,-2.21,-0.09,-0.69,-0.31,329,303,305,343,332
-8.59,-3.88,-3.88,-0.02,-0.35,-0.57,329,303,305,343,332
-8.33,-3.77,-3.77,0.21,0.54,-0.15,329,303,304,343,332
-6.45,-5.47,-5.47,0.39,1.00,-1.44,328,304,303,344,330
-3.26,-5.78,-5.78,0.37,1.12,-2.17,327,304,303,343,328
1.80,-5.13,-5.13,0.30,1.18,-2.24,327,303,303,343,328
4.19,-4.36,-4.36,0.43,0.94,-2.48,326,303,303,343,328
8.54,-2.10,-2.10,0.34,0.45,-2.06,326,303,302,343,330
9.62,-1.45,-1.45,0.26,0.48,-1.15,326,303,302,343,331
11.62,-0.07,-0.07,0.11,0.02,-0.29,326,303,302,343,332
10.57,-1.03,-1.03,-0.18,-0.06,0.94,326,303,302,343,332
8.97,-2.36,-2.36,-0.43,-0.55,1.82,326,303,303,343,332
6.98,-5.30,-5.30,-0.78,-1.13,2.50,326,303,303,344,332
2.39,-4.17,-4.17,-0.76,-1.46,2.50,326,303,303,344,331
-2.04,-4.60,-4.60,-0.34,-1.55,1.29,326,303,303,343,330
-4.87,-3.68,-3.68,-0.26,-1.41,0.41,327,304,304,343,331
-8.19,-3.57,-3.57,-0.09,-0.82,0.08,327,304,304,343,332
-9.34,-3.07,-3.07,-0.11,-0.06,-0.06,328,304,304,343,332
-7.90,-4.08,-4.08,0.37,0.84,-0.60,328,304,304,342,331
-3.96,-5.33,-5.33,0.33,1.24,-1.34,327,304,304,343,329
-1.64,-5.71,-5.71,0.32,1.43,-1.53,327,303,304,342,328
2.53,-5.02,-5.02,0.57,1.37,-1.96,327,303,303,342,328
4.51,-4.54,-4.54,0.84,1.24,-2.51,327,303,302,342,328
9.30,-2.17,-2.17,0.11,0.12,-1.98,327,303,302,342,329
12.73,0.13,0.13,-0.10,0.11,-0.75,327,303,302,342,332
END
11.28,-0.28,-0.28,-0.26,0.04,0.74,329,304,304,344,333
-8.04,-4.17,-4.17,-0.01,-0.14,-0.31,329,304,304,345,332
-7.62,-3.50,-3.50,0.12,0.36,0.02,329,304,304,345,333
-6.62,-4.84,-4.84,0.41,1.00,-1.01,329,304,303,346,330
-4.72,-5.09,-5.09,0.32,1.30,-2.16,328,304,304,345,328
0.18,-5.74,-5.74,0.36,1.36,-2.07,327,303,303,345,328
3.34,-5.15,-5.15,0.40,1.32,-2.16,327,303,303,344,328
6.22,-1.92,-1.92,0.20,0.64,-2.26,327,303,303,344,328
10.21,-0.23,-0.23,-0.60,0.13,-2.07,327,303,303,344,330
13.69,3.05,3.05,-0.71,-0.00,-0.19,328,303,303,344,333
11.31,1.62,1.62,-0.32,-0.08,1.21,328,303,303,344,334
10.49,-0.49,-0.49,-0.16,-0.57,2.23,327,303,303,345,334
7.06,-4.67,-4.67,0.08,-1.10,2.50,327,304,304,346,334
1.79,-4.02,-4.02,-0.70,-1.92,2.50,327,304,305,346,334
-2.68,-3.42,-3.42,-0.58,-1.81,2.49,327,304,306,346,336
-10.65,-0.32,-0.32,-1.08,-1.36,0.78,330,304,308,348,339
-10.24,-1.97,-1.97,0.06,-0.43,-0.65,331,304,307,348,339
-9.40,-2.07,-2.07,0.56,0.61,0.24,331,304,307,347,338
-7.32,-4.01,-4.01,0.98,1.27,-0.50,331,304,307,347,334
-4.04,-5.89,-5.89,0.63,1.50,-1.64,329,304,306,346,331
-1.49,-5.48,-5.48,1.25,1.80,-2.51,326,304,304,345,328
4.64,-4.43,-4.43,0.60,1.03,-2.51,326,304,303,344,328
8.03,-3.01,-3.01,0.42,0.58,-2.51,326,303,303,344,329
10.97,-0.67,-0.67,0.42,0.26,-1.91,326,303,303,344,331
12.85,0.81,0.81,-0.06,0.25,-0.12,326,304,303,345,332
11.72,-0.26,-0.26,-0.54,0.10,1.59,326,303,303,345,332
8.97,-2.01,-2.01,-0.65,-0.36,2.28,326,304,303,345,332
7.04,-4.52,-4.52,-0.95,-1.12,2.50,326,304,304,346,332
2.69,-4.91,-4.91,-0.76,-1.73,2.50,326,304,304,346,331
-5.22,-2.56,-2.56,-0.55,-1.58,2.48,326,303,304,345,332
-11.94,-0.48,-0.48,-0.29,-0.94,0.70,328,303,304,344,333
-10.52,-2.13,-2.13,-0.02,-0.28,-0.57,328,303,304,344,333
-7.85,-3.15,-3.15,0.16,0.37,-0.06,328,303,304,344,333
-6.98,-3.55,-3.55,0.63,1.11,-0.85,328,303,304,344,331
-3.71,-6.14,-6.14,0.34,1.15,-2.05,327,303,303,344,328
END
-0.01,-5.77,-5.77,1.02,1.44,-2.51,326,302,301,341,331
11.19,-2.79,-2.79,-1.02,-0.63,2.50,326,302,301,342,331
5.61,-5.26,-5.26,-1.41,-1.13,2.50,325,303,301,342,328
-1.31,-2.39,-2.39,-1.13,-1.38,2.50,325,303,302,341,329
-6.58,-2.00,-2.00,-0.23,-0.60,1.30,326,303,303,342,331
-7.80,-1.38,-1.38,0.14,-0.38,-0.45,327,303,303,342,330
-5.02,-3.68,-3.68,-0.10,-0.40,0.01,327,303,303,342,330
-6.61,-2.91,-2.91,0.22,0.10,0.07,327,303,303,342,330
-6.92,-3.93,-3.93,0.35,0.69,-0.61,327,303,303,342,329
-5.76,-4.20,-4.20,0.50,1.25,-2.04,327,303,303,342,328
-0.87,-4.84,-4.84,0.92,1.51,-2.51,326,303,302,342,329
4.76,-4.89,-4.89,1.33,1.18,-2.51,327,303,302,341,330
7.93,-2.46,-2.46,0.06,0.51,-2.51,326,303,301,341,331
12.58,1.84,1.84,0.72,0.21,-1.23,326,303,300,341,333
12.37,0.58,0.58,-0.06,0.05,0.41,326,303,299,341,333
10.18,-0.55,-0.55,0.11,-0.28,1.40,326,303,300,341,333
8.87,-2.10,-2.10,-0.28,-0.93,2.31,326,303,301,341,333
6.32,-4.74,-4.74,-0.47,-1.66,2.50,326,303,301,341,332
2.50,-6.14,-6.14,-0.96,-2.03,2.50,325,303,301,342,331
-6.48,-3.47,-3.47,-0.93,-1.94,2.12,326,303,301,341,333
-10.85,-2.58,-2.58,-0.75,-1.14,-0.91,327,303,301,341,334
-8.76,-3.22,-3.22,-0.69,-0.62,-0.43,327,304,301,341,335
-9.61,-1.75,-1.75,0.52,0.32,0.25,328,303,301,341,334
-6.98,-4.25,-4.25,0.80,1.30,-0.37,328,304,301,342,332
-3.91,-5.72,-5.72,1.46,1.87,-1.27,328,303,301,342,330
-1.20,-6.90,-6.90,1.20,1.86,-2.46,327,303,301,342,328
4.20,-4.61,-4.61,0.10,1.10,-2.51,327,303,300,342,328
6.53,-1.96,-1.96,0.21,0.67,-2.50,326,303,300,342,328
12.11,1.54,1.54,-0.28,0.03,-1.35,326,303,300,341,330
12.96,1.46,1.46,-0.32,0.03,0.88,326,303,300,341,330
10.77,-1.18,-1.18,-0.37,-0.48,2.00,326,303,300,342,331
9.87,-4.00,-4.00,-0.78,-1.36,2.50,326,303,301,344,332
1.26,-2.52,-2.52,-1.58,-2.18,2.50,326,304,302,344,334
-8.41,1.04,1.04,-1.36,-2.15,1.53,329,305,304,344,342
-9.66,-0.73,-0.73,0.04,-0.48,-1.63,331,305,304,343,340
END
-6.09,-3.54,-3.54,0.60,-0.21,0.49,327,303,302,343,329
8.54,-3.58,-3.58,0.32,0.78,-1.97,327,303,302,342,330
9.48,-0.99,-0.99,-0.20,0.31,-0.59,327,303,301,342,331
10.06,-0.47,-0.47,-0.07,0.05,-0.27,327,303,302,342,331
9.83,-0.60,-0.60,0.26,-0.19,0.00,327,303,301,341,331
9.63,-2.30,-2.30,0.16,-0.56,1.26,328,304,301,342,331
8.19,-5.56,-5.56,-0.92,-1.35,2.46,328,303,303,344,332
2.61,-4.18,-4.18,-1.12,-1.67,2.50,327,304,304,345,333
-1.82,-2.58,-2.58,-0.52,-1.68,1.62,328,304,305,345,334
-6.88,-1.81,-1.81,-0.20,-1.26,0.50,330,305,306,345,335
-8.35,-2.10,-2.10,0.19,-0.60,-0.09,331,305,305,345,336
-8.15,-2.99,-2.99,0.15,-0.04,0.00,330,305,305,345,335
-6.57,-3.42,-3.42,0.37,0.60,-0.17,330,305,305,345,333
-4.82,-4.30,-4.30,0.31,1.15,-1.26,329,304,304,345,330
-2.75,-4.80,-4.80,0.33,1.43,-2.12,328,304,304,344,329
1.15,-3.71,-3.71,0.81,1.64,-2.20,328,304,303,343,329
5.10,-5.37,-5.37,1.06,1.22,-2.19,326,303,302,343,329
7.67,-2.55,-2.55,0.55,0.53,-1.55,327,304,302,343,330
10.90,-2.63,-2.63,0.33,0.46,-0.70,327,303,302,343,330
10.55,-2.20,-2.20,0.01,0.15,0.20,327,303,301,343,330
9.38,-3.11,-3.11,-0.07,-0.06,0.63,327,303,301,342,330
9.69,-4.45,-4.45,-1.08,-0.72,2.38,328,303,302,343,331
6.49,-4.77,-4.77,-1.73,-1.48,2.50,326,303,302,343,330
-2.81,-2.00,-2.00,-0.84,-1.76,2.50,326,304,303,344,328
-8.76,-1.48,-1.48,-0.58,-1.39,0.86,327,303,304,344,330
-11.04,-1.46,-1.46,0.18,-0.53,-0.59,328,303,305,344,329
-7.85,-3.47,-3.47,0.01,-0.09,-0.30,328,304,305,344,329
-7.50,-3.50,-3.50,0.20,0.81,-0.85,328,304,304,344,328
-5.76,-4.70,-4.70,0.28,1.14,-2.10,327,303,304,344,327
-1.52,-4.10,-4.10,0.43,1.54,-2.28,327,303,303,343,327
3.42,-4.41,-4.41,1.12,1.37,-2.51,327,303,303,342,328
7.19,-4.03,-4.03,0.66,0.50,-1.96,327,303,302,342,328
11.08,-1.03,-1.03,-0.06,0.15,-0.46,327,303,302,342,330
9.79,-2.94,-2.94,-0.46,-0.09,1.32,326,303,302,342,330
6.93,-5.23,-5.23,-0.49,-0.45,1.50,327,303,302,342,329
END
5.92,-3.91,-3.91,-0.39,-0.78,1.53,327,304,303,342,332
-7.53,-3.22,-3.22,0.18,0.23,0.11,327,304,303,342,332
-8.08,-3.57,-3.57,0.62,0.97,-0.81,327,304,302,342,330
-4.42,-5.41,-5.41,0.49,1.22,-1.71,327,304,302,342,329
-2.68,-5.94,-5.94,0.92,1.69,-2.43,326,303,302,342,327
2.33,-6.08,-6.08,0.64,0.99,-2.51,327,304,302,342,328
7.02,-1.81,-1.81,-0.12,0.60,-2.30,327,304,302,342,330
9.71,-0.89,-0.89,0.04,0.45,-1.27,327,304,301,342,330
12.10,-0.95,-0.95,0.10,0.24,0.02,327,303,301,342,331
10.34,-1.51,-1.51,-0.00,-0.33,1.42,327,303,301,342,331
8.64,-3.72,-3.72,-0.02,-0.91,2.50,326,303,301,342,331
4.01,-5.05,-5.05,-0.93,-1.49,2.50,326,303,302,342,330
-1.91,-4.21,-4.21,-1.17,-1.94,2.48,325,303,302,342,331
-7.61,-1.62,-1.62,-1.15,-1.95,1.15,327,304,303,342,336
-10.95,-1.49,-1.49,-0.09,-0.71,-1.16,329,304,303,342,336
-8.78,-3.04,-3.04,-0.04,-0.40,0.18,329,304,303,342,336
-9.51,-2.33,-2.33,0.23,0.56,-0.10,328,304,303,342,335
-6.60,-4.30,-4.30,0.61,1.18,-0.54,329,304,302,342,332
-3.26,-5.25,-5.25,0.47,1.57,-1.47,328,303,302,342,329
-0.78,-5.36,-5.36,0.71,1.82,-1.74,327,303,302,342,328
2.92,-4.61,-4.61,0.36,1.43,-1.29,327,303,302,342,329
6.65,-5.68,-5.68,-0.18,0.94,-0.88,327,303,301,342,330
8.05,-3.91,-3.91,-0.08,0.45,-0.28,328,303,302,343,330
9.16,-3.58,-3.58,0.10,-0.04,-0.15,327,303,301,342,330
8.39,-3.61,-3.61,0.24,-0.56,0.30,326,303,301,342,330
5.46,-5.01,-5.01,-0.19,-1.21,0.79,327,303,301,342,330
2.36,-5.79,-5.79,-0.55,-1.88,0.98,326,303,302,343,329
1.26,-3.80,-3.80,-0.44,-2.05,0.97,325,303,302,343,329
-5.30,-5.18,-5.18,0.03,-0.81,-1.50,325,304,303,342,329
-3.84,-6.99,-6.99,0.09,-0.32,-0.98,325,304,303,342,329
-2.28,-5.71,-5.71,-0.21,0.18,0.35,324,303,303,342,329
-2.30,-4.66,-4.66,-0.15,0.60,0.98,325,303,303,342,329
-1.50,-4.81,-4.81,0.02,0.71,0.29,325,303,303,343,328
-0.31,-4.84,-4.84,0.38,1.15,-0.36,325,303,303,344,328
0.24,-5.10,-5.10,1.02,2.00,-0.45,325,303,302,343,328
END
5.41,-6.88,-6.88,0.66,1.17,-0.40,328,304,303,343,334
-10.38,-1.36,-1.36,-0.11,-0.80,-0.77,329,303,303,343,333
-7.98,-3.50,-3.50,0.05,-0.45,-0.25,329,304,303,343,333
-9.71,-3.12,-3.12,0.27,0.47,0.05,329,303,303,343,332
-6.88,-5.28,-5.28,0.47,1.26,-1.48,328,303,302,344,329
-2.43,-4.83,-4.83,0.51,1.71,-2.45,327,303,302,343,328
0.71,-5.46,-5.46,0.76,1.54,-2.51,326,303,301,342,326
6.49,-2.63,-2.63,0.93,0.83,-2.51,326,303,301,342,327
10.26,-0.36,-0.36,0.55,0.23,-2.33,325,303,300,342,327
12.63,0.41,0.41,0.50,0.07,-1.09,325,303,300,342,329
11.39,0.78,0.78,-0.22,0.13,0.72,325,303,300,342,328
9.74,-1.59,-1.59,-0.28,-0.13,1.36,326,303,300,342,328
10.00,-4.57,-4.57,-1.07,-0.69,2.50,326,303,301,343,329
5.80,-4.20,-4.20,-1.31,-1.43,2.50,325,303,302,344,329
0.61,-5.45,-5.45,-1.13,-1.91,2.50,326,303,303,344,331
-8.47,0.27,0.27,-0.45,-1.15,1.50,328,304,304,343,333
-10.98,-1.29,-1.29,0.06,-0.53,-0.87,330,304,304,343,333
-8.28,-2.38,-2.38,0.09,0.18,0.26,330,304,304,343,334
-9.03,-2.45,-2.45,0.73,1.35,-0.43,330,304,304,343,331
-4.98,-5.17,-5.17,0.76,1.67,-2.15,329,303,304,342,328
0.65,-5.26,-5.26,1.12,1.94,-2.51,327,303,302,343,327
5.21,-4.44,-4.44,1.07,1.09,-2.51,326,303,301,341,327
11.92,0.89,0.89,0.85,-0.05,-2.51,326,303,300,342,329
14.14,-0.21,-0.21,-0.37,0.24,0.56,326,303,300,342,330
9.53,-2.38,-2.38,-0.64,0.23,1.73,326,303,300,341,329
7.71,-3.76,-3.76,-0.90,-0.59,2.05,326,303,301,342,330
6.05,-5.53,-5.53,-1.52,-1.43,2.50,326,303,302,344,331
0.69,-2.77,-2.77,-1.62,-2.04,2.50,326,304,303,342,334
-8.24,1.91,1.91,-0.46,-1.51,1.65,329,305,306,342,338
END
2.23,-7.03,-7.03,0.20,-0.44,-0.24,326,303,300,342,328
7.08,-5.86,-5.86,-0.10,0.31,-0.56,326,303,300,342,329
7.18,-5.53,-5.53,-0.15,0.15,-0.04,326,303,300,342,329
6.34,-4.98,-4.98,-0.09,-0.04,0.06,326,303,300,342,329
5.60,-4.79,-4.79,-0.11,-0.13,0.06,326,302,299,341,329
5.43,-4.73,-4.73,0.08,-0.06,-0.02,326,302,299,341,329
9.09,-4.21,-4.21,0.50,-0.41,0.24,326,303,300,341,330
9.76,-5.30,-5.30,-0.45,-2.09,2.50,327,303,300,343,330
-0.95,-2.79,-2.79,-0.21,-2.20,2.50,327,303,300,342,329
-9.04,-2.33,-2.33,-0.22,-1.51,0.96,329,303,300,341,330
-8.75,-5.97,-5.97,-0.54,-1.31,-0.38,331,303,300,343,332
-10.44,-4.81,-4.81,-0.28,-0.26,0.05,332,303,301,344,332
-9.20,-4.36,-4.36,0.42,0.80,-0.19,331,303,301,343,331
-6.56,-4.85,-4.85,0.45,1.49,-1.23,330,303,300,342,328
-4.00,-5.61,-5.61,0.36,1.88,-2.22,327,303,300,342,326
1.67,-5.60,-5.60,1.15,1.90,-2.51,325,302,300,341,326
5.36,-5.10,-5.10,-0.32,0.80,-2.51,325,303,299,341,327
9.78,-2.18,-2.18,-0.79,0.49,-2.02,324,303,299,341,328
10.29,-0.59,-0.59,-0.20,0.49,-1.26,324,303,298,340,328
12.75,0.76,0.76,-0.33,-0.07,0.33,324,303,298,340,329
10.73,-0.90,-0.90,0.54,-0.34,1.36,324,302,298,341,329
8.33,-3.19,-3.19,0.49,-0.75,2.18,324,303,298,341,330
6.27,-4.64,-4.64,-0.52,-1.58,2.50,325,303,299,342,329
0.65,-4.92,-4.92,-0.22,-1.93,2.50,326,303,300,342,329
-5.51,-3.60,-3.60,0.03,-1.40,2.18,327,303,300,342,329
-10.26,-4.26,-4.26,-0.46,-0.66,-0.33,329,303,301,343,332
-6.83,-6.05,-6.05,-0.56,-0.66,-0.39,329,302,301,342,335
-9.12,-3.85,-3.85,-0.11,0.40,-0.01,329,303,301,343,334
-7.91,-2.68,-2.68,0.61,1.69,-1.21,329,302,301,342,331
-3.57,-6.40,-6.40,0.72,1.93,-2.46,326,303,301,342,327
3.29,-3.86,-3.86,0.74,1.50,-2.51,326,302,300,342,327
7.70,-5.46,-5.46,-1.14,1.07,-1.84,325,302,299,341,328
10.39,-3.10,-3.10,-0.52,0.25,-1.07,324,302,299,341,328
9.60,-3.09,-3.09,-0.38,0.09,-0.19,325,302,298,341,328
8.46,-3.12,-3.12,-0.06,-0.28,0.48,325,302,298,340,328
END
7.60,-3.28,-3.28,0.62,-0.63,0.99,330,303,301,343,329
-9.91,-3.60,-3.60,0.13,0.13,-0.43,330,303,301,344,330
-7.98,-5.46,-5.46,0.37,1.06,-0.88,329,303,301,344,328
-5.57,-6.39,-6.39,0.17,1.55,-1.19,328,303,301,343,327
-1.23,-5.61,-5.61,0.25,2.27,-1.69,326,303,301,342,326
5.00,-4.12,-4.12,0.22,2.04,-1.31,326,303,300,342,330
6.35,-4.54,-4.54,0.35,1.34,-1.38,325,303,300,341,329
13.42,-3.50,-3.50,0.41,0.25,-1.00,325,303,300,341,331
10.04,-3.07,-3.07,0.18,-0.02,0.11,325,303,300,341,331
9.20,-3.23,-3.23,-0.06,-0.67,0.66,325,303,300,341,331
7.13,-5.04,-5.04,-0.81,-1.45,2.23,325,303,300,341,330
1.16,-4.16,-4.16,-0.66,-2.25,2.50,325,303,301,341,329
-6.57,-2.43,-2.43,-0.42,-1.75,2.32,325,303,301,341,331
-11.78,-1.58,-1.58,0.18,-0.75,0.25,328,303,302,341,332
-8.25,-5.66,-5.66,0.13,-0.57,-0.34,328,303,301,340,331
-8.40,-3.86,-3.86,0.09,0.08,0.26,329,303,302,341,332
-8.08,-4.38,-4.38,0.26,0.35,-0.09,328,303,301,341,331
-7.72,-3.95,-3.95,0.25,0.82,-0.88,328,303,301,341,330
-6.26,-5.77,-5.77,0.20,1.13,-2.42,327,303,301,341,328
-1.39,-5.33,-5.33,0.26,1.29,-2.10,326,303,301,341,327
2.43,-4.32,-4.32,0.45,1.16,-2.03,326,303,300,341,329
5.55,-6.09,-6.09,1.43,1.41,-1.76,326,303,300,340,329
7.50,-4.74,-4.74,0.29,0.42,-1.21,326,303,299,340,329
8.36,-3.70,-3.70,0.01,0.21,-0.56,326,302,299,340,329
9.47,-3.30,-3.30,0.05,-0.04,0.05,325,302,299,340,329
8.92,-4.24,-4.24,-0.03,-0.35,0.57,325,302,299,340,329
7.70,-5.71,-5.71,-0.96,-0.88,1.83,325,303,299,340,329
5.18,-3.66,-3.66,-0.68,-1.64,2.50,325,303,302,341,329
0.35,-4.92,-4.92,-0.38,-1.77,2.50,325,303,301,342,328
-7.19,-2.79,-2.79,-0.03,-1.22,1.59,326,303,302,342,329
-9.70,-3.83,-3.83,-0.27,-0.74,0.15,327,302,302,344,329
-9.38,-4.21,-4.21,-0.13,-0.26,-0.38,327,302,302,343,330
-7.72,-4.57,-4.57,-0.02,0.46,-0.49,327,303,302,343,329
-6.95,-5.30,-5.30,0.24,0.99,-1.58,326,302,302,343,328
-3.75,-5.33,-5.33,-0.02,1.07,-2.35,325,302,302,342,326
END
1.03,-5.03,-5.03,0.35,1.57,-2.36,326,302,300,340,329
8.47,-3.66,-3.66,0.06,0.13,-0.20,326,302,300,340,329
7.79,-4.80,-4.80,0.09,-0.32,0.65,326,302,300,340,329
7.74,-4.67,-4.67,-0.87,-1.55,2.06,326,302,301,341,330
2.30,-5.20,-5.20,-0.66,-1.73,2.50,325,303,301,341,328
-4.73,-4.27,-4.27,-0.66,-1.77,2.32,325,303,301,341,330
-9.02,-1.22,-1.22,-0.20,-1.03,-0.16,326,302,301,340,333
-8.51,-4.78,-4.78,-1.75,-1.17,-1.03,326,303,301,340,334
-8.78,-2.93,-2.93,-0.59,-0.24,-0.08,326,301,301,339,335
-9.31,-2.56,-2.56,-0.40,0.73,-0.19,326,302,301,339,334
-6.42,-2.02,-2.02,0.78,1.75,-0.36,327,302,301,339,332
-3.75,-3.54,-3.54,0.04,2.10,-1.41,326,302,301,339,331
0.17,-2.25,-2.25,0.19,2.09,-1.93,325,302,300,339,329
4.22,-1.02,-1.02,-0.04,1.81,-2.38,325,302,300,339,329
11.16,1.32,1.32,-0.24,0.76,-1.17,325,302,299,339,331
10.15,-0.24,-0.24,0.07,-0.02,0.42,324,302,299,339,331
7.32,-0.19,-0.19,-0.08,-0.67,0.91,324,302,299,339,331
5.65,-1.93,-1.93,0.64,-0.80,1.06,325,302,299,339,331
3.78,-3.82,-3.82,0.95,-1.30,1.96,325,302,299,339,331
2.14,-4.03,-4.03,-0.19,-1.87,2.46,325,303,300,340,331
-3.65,-2.37,-2.37,-0.55,-2.27,1.72,325,303,300,339,331
-9.22,-2.40,-2.40,-0.19,-0.93,-0.66,329,303,302,340,331
-7.01,-4.36,-4.36,-0.13,-0.82,-0.52,330,304,302,340,331
-9.20,-2.77,-2.77,0.48,0.15,0.12,330,303,302,340,330
-7.24,-3.60,-3.60,0.69,0.73,-0.29,329,303,302,340,330
-5.62,-5.27,-5.27,0.60,1.14,-0.63,329,303,302,341,328
-3.70,-4.91,-4.91,0.26,1.21,-1.65,328,303,302,342,327
-0.19,-5.99,-5.99,0.06,1.26,-0.63,327,304,301,342,327
-0.45,-5.63,-5.63,0.40,1.58,-0.49,327,304,301,342,328
2.21,-6.62,-6.62,0.28,1.16,-0.75,326,303,301,342,328
4.97,-5.55,-5.55,0.29,0.52,-1.34,327,303,301,342,328
6.47,-4.56,-4.56,0.28,0.22,-1.46,326,303,300,341,328
10.30,-2.07,-2.07,0.26,-0.12,-0.47,326,303,301,342,330
8.78,-4.40,-4.40,-0.53,-0.81,1.61,326,303,301,343,330
3.94,-5.56,-5.56,-0.58,-1.54,2.27,326,303,302,344,329
END
-0.62,-3.85,-3.85,-0.38,-1.85,2.20,328,304,307,344,327
1.77,-4.58,-4.58,0.13,1.43,-2.30,327,304,306,343,327
5.47,-2.66,-2.66,-0.20,0.94,-1.87,327,304,306,343,331
10.06,-1.51,-1.51,-0.11,0.72,-1.15,327,304,305,343,334
11.37,-1.80,-1.80,-0.02,0.10,-0.06,327,304,305,343,335
10.22,-2.82,-2.82,-0.04,-0.27,0.81,327,304,305,342,335
8.03,-3.32,-3.32,-0.18,-0.83,1.76,327,304,306,344,335
3.78,-5.43,-5.43,-0.35,-1.52,2.50,327,305,307,345,334
-0.59,-5.07,-5.07,-0.46,-1.61,2.50,328,305,308,344,332
-6.68,-2.08,-2.08,-0.29,-1.20,1.25,332,305,309,344,334
-8.54,-3.26,-3.26,-0.10,-0.72,-0.27,333,305,309,343,333
-7.84,-3.35,-3.35,0.13,-0.23,0.01,334,305,309,344,335
-8.65,-4.53,-4.53,0.51,0.80,-0.71,333,305,308,344,332
-5.78,-6.53,-6.53,0.22,1.14,-1.33,331,305,307,343,329
-0.73,-6.14,-6.14,-0.02,1.27,-1.68,330,305,307,343,328
1.94,-4.61,-4.61,-0.09,1.23,-2.10,329,305,307,344,329
5.30,-3.29,-3.29,0.11,0.63,-1.78,329,304,306,344,332
6.88,-2.76,-2.76,0.41,0.62,-1.11,329,304,305,343,333
8.52,-2.28,-2.28,0.27,0.16,-0.60,329,304,304,343,333
8.79,-3.00,-3.00,0.06,-0.15,0.33,328,304,304,342,333
7.70,-4.15,-4.15,-0.50,-0.68,1.65,328,304,305,342,333
4.69,-5.79,-5.79,-0.60,-1.28,2.50,329,305,306,344,333
1.05,-4.80,-4.80,-0.80,-1.60,2.50,329,305,307,343,333
-5.96,-1.62,-1.62,-0.12,-1.08,1.59,333,306,308,342,334
-10.06,-0.94,-0.94,0.03,-0.48,-0.14,337,306,309,343,335
-6.55,-4.02,-4.02,0.13,-0.33,-0.08,337,306,309,343,336
-7.72,-2.74,-2.74,0.44,0.26,0.08,336,306,308,343,334
-6.45,-4.48,-4.48,0.13,0.62,-0.99,335,305,307,343,332
-5.40,-4.96,-4.96,0.36,1.37,-2.51,331,305,307,343,329
0.49,-3.78,-3.78,0.58,1.54,-2.51,329,304,305,342,328
3.98,-3.15,-3.15,0.83,1.03,-2.51,328,304,303,342,329
8.62,-2.51,-2.51,0.54,0.20,-1.77,329,304,303,341,331
9.70,-2.22,-2.22,0.17,0.13,-0.50,329,304,303,341,332
8.97,-2.66,-2.66,-0.08,-0.03,0.62,329,304,303,341,332
7.85,-3.79,-3.79,-0.46,-0.47,1.61,329,304,303,341,332
END
5.84,-3.99,-3.99,-0.91,-0.98,2.50,329,303,305,348,331
-6.55,-3.78,-3.78,0.24,-0.15,0.05,328,303,305,348,330
-8.15,-3.75,-3.75,0.28,0.42,-0.47,328,303,304,348,330
-6.00,-5.36,-5.36,0.17,0.70,-1.79,328,303,304,347,328
-4.12,-4.53,-4.53,0.17,1.23,-2.38,326,303,303,345,327
1.23,-4.86,-4.86,0.50,1.32,-2.22,326,303,303,344,327
4.33,-3.84,-3.84,1.15,1.15,-2.41,326,303,302,342,328
6.24,-3.63,-3.63,0.77,0.55,-1.88,326,303,301,342,328
10.47,-2.88,-2.88,0.09,0.02,-0.97,326,303,300,341,329
10.33,-2.63,-2.63,0.14,0.06,0.13,326,302,299,341,329
9.02,-4.37,-4.37,-0.10,-0.23,0.82,326,302,300,341,329
6.77,-5.25,-5.25,-0.71,-0.57,1.82,326,303,300,341,329
5.48,-5.79,-5.79,-1.04,-1.03,2.42,325,302,300,342,328
1.75,-6.03,-6.03,-0.85,-1.52,2.50,325,303,300,341,328
-3.89,-3.46,-3.46,-0.36,-1.48,2.24,325,302,301,341,329
-9.55,-1.86,-1.86,-0.08,-0.72,0.62,326,302,301,343,329
-8.26,-4.42,-4.42,0.01,-0.48,-0.71,326,302,301,343,329
-6.54,-4.85,-4.85,0.14,0.17,0.00,326,302,301,344,328
-6.36,-4.97,-4.97,0.09,0.46,-0.48,326,302,301,344,328
-4.54,-5.00,-5.00,-0.06,0.81,-1.82,326,302,301,344,327
-2.76,-5.25,-5.25,0.26,1.58,-2.39,325,302,301,343,327
2.25,-4.11,-4.11,0.66,1.20,-2.51,325,303,301,343,328
6.17,-4.24,-4.24,1.12,0.95,-2.39,326,303,301,342,329
10.21,-2.02,-2.02,0.69,0.18,-1.45,325,303,301,342,331
11.17,-2.32,-2.32,0.14,0.16,-0.13,325,303,301,341,331
8.64,-3.65,-3.65,-0.06,0.00,0.63,325,303,301,341,330
7.89,-4.51,-4.51,-0.27,-0.34,0.87,325,302,301,341,331
8.29,-4.74,-4.74,-1.24,-0.93,2.31,325,303,301,343,331
3.73,-4.31,-4.31,-1.10,-1.52,2.50,325,303,302,342,330
-1.56,-2.10,-2.10,-0.67,-1.33,2.49,326,303,303,343,330
-7.14,-1.65,-1.65,0.20,-0.70,0.84,328,303,304,343,331
-7.95,-3.57,-3.57,-0.07,-0.52,-0.37,328,304,305,343,331
-6.15,-4.62,-4.62,0.24,0.10,-0.01,328,303,305,343,331
-6.21,-4.49,-4.49,0.18,0.51,-0.14,328,303,304,343,330
-5.05,-5.38,-5.38,0.35,0.78,-1.28,328,303,304,343,329
END
-2.94,-5.28,-5.28,0.16,1.06,-2.07,325,303,301,342,330
8.46,-4.38,-4.38,-0.07,-0.09,0.63,326,303,301,342,330
6.97,-4.11,-4.11,-0.44,-0.60,0.95,326,303,301,342,330
5.90,-5.52,-5.52,-0.56,-1.03,1.99,326,303,302,343,331
3.73,-5.15,-5.15,-0.87,-1.71,2.50,326,303,302,343,331
-2.73,-3.35,-3.35,-0.88,-1.77,2.50,327,304,304,343,333
-10.55,-0.47,-0.47,-0.28,-0.73,-0.18,330,304,305,342,337
-6.86,-3.64,-3.64,0.03,-0.54,-0.93,331,304,305,341,337
-7.39,-3.55,-3.55,0.24,0.03,0.28,330,304,304,341,337
-6.60,-4.36,-4.36,0.46,0.55,-0.16,330,304,304,341,334
-4.89,-5.45,-5.45,0.33,0.89,-0.41,330,304,304,341,332
-6.32,-3.90,-3.90,0.44,1.19,-2.11,330,304,304,342,329
0.80,-6.95,-6.95,0.52,1.76,-2.08,328,304,303,341,329
3.32,-5.20,-5.20,0.39,1.32,-2.51,327,303,302,341,329
8.82,-2.84,-2.84,0.27,0.88,-2.00,327,303,301,340,332
10.45,-1.43,-1.43,-0.40,0.34,-0.17,327,303,301,340,332
9.60,-2.25,-2.25,-0.20,0.23,0.42,327,303,301,340,332
9.11,-2.58,-2.58,-0.16,-0.34,0.68,327,303,301,340,332
8.05,-4.43,-4.43,-0.42,-0.77,1.93,327,303,301,341,331
4.93,-5.10,-5.10,-0.78,-1.43,2.50,325,303,302,341,330
-0.50,-4.51,-4.51,-1.39,-1.97,2.50,327,304,303,341,329
-9.01,0.75,0.75,-0.05,-0.64,0.84,331,305,305,341,330
-8.84,-2.15,-2.15,-0.17,-0.57,-0.72,333,305,305,341,329
-7.09,-3.45,-3.45,0.20,-0.11,0.11,332,307,305,341,330
-7.25,-3.77,-3.77,0.32,0.42,-0.18,332,305,305,341,329
-5.96,-4.77,-4.77,0.44,0.93,-1.26,331,305,305,342,328
-4.06,-5.23,-5.23,0.55,1.29,-2.25,329,304,304,341,327
1.79,-5.94,-5.94,0.70,0.86,-2.51,329,304,303,341,329
6.32,-5.65,-5.65,0.51,0.51,-2.19,329,304,303,341,334
7.10,-4.84,-4.84,0.41,0.51,-1.29,329,304,302,341,334
7.93,-3.59,-3.59,0.05,0.24,-0.35,329,304,302,341,334
9.56,-2.94,-2.94,-0.10,-0.07,0.53,328,304,302,341,335
8.50,-4.26,-4.26,-0.53,-0.38,1.95,328,304,302,341,334
4.66,-5.58,-5.58,-1.21,-1.48,2.50,328,304,303,341,333
-1.03,-4.09,-4.09,-0.96,-1.64,2.50,328,304,304,342,332
END
-8.01,-2.02,-2.02,-1.42,-1.71,0.96,331,307,308,345,329
-1.64,-6.40,-6.40,0.50,1.55,-1.37,329,306,306,344,328
1.01,-6.25,-6.25,0.78,1.42,-2.36,328,305,306,343,328
4.97,-4.72,-4.72,0.60,0.74,-2.51,328,305,304,343,328
8.56,-3.57,-3.57,0.20,0.36,-1.50,327,304,304,342,329
10.96,-2.15,-2.15,0.08,0.16,-0.56,327,304,304,342,330
9.58,-2.48,-2.48,-0.14,-0.06,0.64,327,304,303,342,330
8.98,-4.57,-4.57,-0.64,-0.70,2.32,327,304,304,343,330
3.57,-5.44,-5.44,-0.91,-1.37,2.50,327,304,305,344,330
-3.04,-3.57,-3.57,-0.75,-1.35,2.50,328,305,306,344,330
-6.30,-3.96,-3.96,-0.80,-0.86,0.67,329,305,307,343,332
-7.10,-2.42,-2.42,-0.07,-0.55,-0.02,329,305,307,342,333
-7.28,-2.54,-2.54,-0.07,-0.21,-0.15,331,305,308,342,334
-7.07,-2.84,-2.84,0.37,0.44,-0.40,331,305,308,342,333
-4.66,-6.22,-6.22,0.63,0.92,-1.95,330,305,307,342,330
-3.09,-4.66,-4.66,0.48,1.15,-2.41,328,305,306,342,328
3.34,-4.64,-4.64,0.88,1.13,-2.51,328,304,305,342,329
6.23,-3.70,-3.70,1.00,0.67,-2.51,327,304,303,341,329
10.01,-1.35,-1.35,0.65,0.01,-1.85,327,304,303,341,330
10.98,-2.12,-2.12,0.10,0.10,-0.14,327,304,302,341,331
9.37,-2.25,-2.25,-0.09,-0.13,0.64,327,304,302,341,331
9.62,-3.63,-3.63,-0.29,-0.38,1.50,327,304,303,341,333
7.56,-4.75,-4.75,-1.07,-1.06,2.50,327,304,304,343,333
3.43,-6.12,-6.12,-1.24,-1.77,2.50,327,305,306,342,334
-3.06,-1.87,-1.87,-0.63,-1.61,2.33,329,306,306,342,335
-9.33,-0.78,-0.78,-0.10,-1.13,0.27,331,305,306,342,334
-8.86,-3.25,-3.25,-0.06,-0.51,-0.59,332,306,306,341,334
-7.20,-4.83,-4.83,0.31,0.06,-0.15,332,305,306,341,334
-6.41,-5.17,-5.17,0.21,0.74,-0.64,331,305,306,342,332
-4.80,-5.73,-5.73,0.46,1.19,-1.77,330,305,305,341,330
-1.67,-5.23,-5.23,0.54,1.44,-2.09,328,304,304,341,329
2.16,-5.12,-5.12,0.94,1.05,-2.29,328,304,304,340,329
5.77,-5.21,-5.21,-0.34,0.43,-2.12,328,304,303,340,331
7.87,-3.22,-3.22,0.32,0.66,-1.67,328,304,303,340,330
9.85,-1.14,-1.14,0.28,0.26,-1.03,327,304,303,340,331
END
11.07,-1.03,-1.03,0.18,0.16,-0.29,327,304,304,341,333
2.84,-4.90,-4.90,-0.72,-1.68,2.49,326,304,305,341,333
-1.45,-4.95,-4.95,-0.49,-1.58,2.50,327,305,305,341,335
-9.57,-1.64,-1.64,-0.11,-0.65,0.95,329,305,306,341,335
-9.07,-3.91,-3.91,-0.08,-0.27,-0.74,330,305,306,341,335
-7.10,-3.77,-3.77,0.27,0.58,-0.08,330,305,305,340,334
-5.96,-5.15,-5.15,0.43,1.22,-1.17,330,306,305,341,332
-2.29,-6.21,-6.21,0.48,1.31,-1.49,328,305,304,341,329
1.34,-4.39,-4.39,0.47,1.37,-2.46,327,304,304,340,329
5.61,-4.68,-4.68,0.75,1.16,-2.09,327,304,303,340,330
8.63,-2.74,-2.74,0.70,0.72,-1.95,327,304,302,341,331
10.14,-2.15,-2.15,0.29,0.25,-1.03,327,304,302,340,332
10.81,-1.21,-1.21,-0.05,0.11,0.10,327,304,302,341,333
9.57,-2.39,-2.39,-0.29,-0.28,0.80,327,304,302,341,333
9.85,-3.25,-3.25,-1.20,-1.06,2.33,327,304,305,342,335
5.39,-3.42,-3.42,-0.45,-1.64,2.50,327,305,306,344,334
-0.37,-4.82,-4.82,-0.45,-1.74,2.50,327,305,307,343,332
-7.40,-1.67,-1.67,-0.14,-1.10,1.24,332,306,309,343,334
-10.17,-2.59,-2.59,-0.10,-0.53,-0.28,334,306,309,343,334
-7.24,-3.92,-3.92,0.15,-0.21,-0.35,335,306,309,343,333
-7.18,-4.03,-4.03,0.19,0.69,-0.40,334,306,309,344,333
-5.38,-5.86,-5.86,0.45,1.22,-1.84,331,306,308,344,330
-3.62,-4.47,-4.47,0.48,1.80,-1.96,329,305,306,343,329
2.64,-5.13,-5.13,0.85,1.36,-2.43,328,305,304,342,330
7.37,-3.22,-3.22,0.70,0.73,-2.47,328,304,304,342,331
12.24,-2.52,-2.52,0.36,0.23,-1.31,327,304,304,342,332
10.81,-2.33,-2.33,0.04,0.20,-0.31,327,304,304,342,333
9.89,-2.86,-2.86,-0.16,-0.18,0.35,327,304,304,342,332
10.79,-2.97,-2.97,-0.73,-0.49,1.80,327,304,304,342,335
6.85,-5.74,-5.74,-1.45,-1.34,2.50,327,304,306,343,334
0.02,-2.63,-2.63,-1.28,-1.46,2.50,328,306,307,342,336
-6.06,-0.01,-0.01,-0.56,-0.91,2.10,333,307,308,342,340
-8.92,-1.41,-1.41,-0.08,-0.50,-0.61,334,307,308,342,339
-5.41,-4.01,-4.01,0.26,-0.10,-0.25,334,307,308,342,339
-6.30,-3.52,-3.52,0.35,0.31,-0.21,333,307,307,342,337
END
-4.41,-5.15,-5.15,0.36,0.74,-0.92,327,304,303,341,332
10.21,-1.71,-1.71,0.03,0.05,0.11,327,304,303,341,332
11.17,-1.19,-1.19,-0.27,-0.20,1.26,327,304,303,341,333
8.28,-3.19,-3.19,-1.16,-0.66,2.50,327,304,304,341,333
5.22,-4.87,-4.87,-0.95,-1.32,2.50,328,304,305,343,333
-0.75,-3.40,-3.40,-0.78,-1.56,2.50,329,305,306,343,333
-8.92,0.24,0.24,-0.24,-1.14,1.27,332,305,307,342,334
-10.22,-1.78,-1.78,-0.01,-0.63,-0.74,333,305,307,342,334
-7.76,-3.53,-3.53,0.06,-0.05,-0.25,332,305,307,342,333
-7.14,-3.60,-3.60,0.39,0.88,-0.81,332,305,307,343,332
-4.51,-5.46,-5.46,0.44,1.24,-2.18,330,304,306,343,330
-0.57,-4.54,-4.54,0.63,1.50,-2.51,329,304,304,342,329
3.24,-2.09,-2.09,0.94,0.97,-2.51,329,304,304,342,329
7.75,-3.47,-3.47,0.94,0.33,-2.50,329,304,303,341,331
11.38,-1.19,-1.19,0.45,0.19,-1.32,329,304,303,341,332
10.88,-1.54,-1.54,-0.03,0.22,0.14,328,304,302,341,333
9.95,-2.05,-2.05,-0.20,-0.15,0.73,328,303,303,341,333
8.86,-3.24,-3.24,-0.25,-0.34,1.10,328,304,303,341,333
8.44,-4.01,-4.01,-0.90,-0.97,2.49,328,304,304,342,334
4.55,-6.16,-6.16,-0.93,-1.54,2.50,328,304,304,342,334
-1.11,-4.11,-4.11,-0.76,-1.65,2.50,328,305,306,342,334
-6.83,-1.68,-1.68,-0.34,-1.15,1.06,331,305,306,342,335
-9.74,-3.12,-3.12,-0.12,-0.55,-0.47,332,305,306,342,335
-7.37,-3.73,-3.73,0.17,0.10,-0.38,332,305,307,342,334
-6.39,-4.44,-4.44,0.33,0.96,-1.13,331,306,306,343,333
-3.71,-6.28,-6.28,0.47,1.41,-2.16,330,306,305,343,330
0.85,-4.35,-4.35,0.49,1.41,-2.51,328,305,304,343,329
5.53,-3.02,-3.02,0.67,1.06,-2.51,327,304,303,343,331
10.29,-2.28,-2.28,0.54,0.51,-2.03,328,304,303,342,332
12.30,-0.33,-0.33,0.03,0.12,-0.49,328,304,303,343,333
10.64,-1.47,-1.47,-0.24,-0.06,0.89,328,304,303,343,333
8.84,-2.51,-2.51,-0.44,-0.50,1.37,328,304,304,343,334
7.29,-4.81,-4.81,-0.54,-0.95,1.89,328,304,304,343,334
5.11,-4.68,-4.68,-0.65,-1.79,2.50,328,305,306,344,334
-0.18,-4.91,-4.91,-0.58,-1.79,2.50,328,306,307,345,333
END
-8.69,-0.69,-0.69,-0.14,-0.96,1.63,326,304,304,342,329
10.55,-3.68,-3.68,0.12,0.22,-0.95,326,304,304,341,331
9.75,-3.85,-3.85,-0.22,0.04,0.45,327,304,304,343,332
5.76,-3.22,-3.22,0.03,-0.24,0.51,327,304,304,344,332
6.75,-3.97,-3.97,-0.06,-0.81,0.72,327,305,305,344,332
5.47,-5.46,-5.46,-0.42,-1.50,2.22,327,305,306,346,332
0.95,-4.96,-4.96,-0.47,-1.91,2.50,328,306,307,345,332
-8.50,-2.47,-2.47,-0.16,-0.94,0.68,334,307,309,344,332
-8.90,-3.04,-3.04,0.04,-0.40,-1.03,335,307,308,344,331
-5.48,-4.06,-4.06,-0.06,-0.26,-0.25,335,307,308,344,331
-6.79,-3.62,-3.62,0.05,0.61,-0.42,335,306,308,345,330
-5.22,-5.33,-5.33,0.20,0.94,-1.14,333,307,308,344,329
-1.01,-4.19,-4.19,0.02,1.45,-1.67,331,306,307,344,328
2.69,-5.17,-5.17,0.56,1.40,-2.21,330,306,305,343,329
6.61,-3.40,-3.40,0.30,0.59,-1.69,330,305,304,342,332
9.06,-3.14,-3.14,0.15,0.53,-0.67,329,305,304,342,332
7.85,-3.19,-3.19,-0.24,0.16,0.72,329,305,304,342,333
6.04,-3.73,-3.73,-0.24,-0.06,0.95,329,305,304,342,332
6.74,-3.65,-3.65,-0.42,-0.53,1.49,329,305,304,343,333
3.82,-6.04,-6.04,-0.72,-1.14,2.50,329,305,306,343,332
-0.98,-3.60,-3.60,-0.68,-1.30,2.49,330,306,307,343,333
-7.41,-0.48,-0.48,-0.35,-0.92,0.75,333,307,307,342,336
-7.90,-2.61,-2.61,-0.02,-0.30,-0.53,332,307,308,342,337
-6.28,-2.23,-2.23,0.33,0.11,0.04,333,307,308,342,337
-6.41,-3.99,-3.99,0.34,0.80,-0.43,332,307,307,342,335
-2.99,-5.88,-5.88,0.43,0.81,-1.55,331,307,307,343,331
-0.75,-4.10,-4.10,0.44,1.28,-2.16,329,306,305,343,330
1.91,-4.95,-4.95,0.63,1.29,-2.02,328,305,304,342,329
6.35,-3.27,-3.27,0.62,0.17,-2.10,328,305,304,342,331
8.50,-2.56,-2.56,0.10,0.06,-0.65,328,305,304,343,332
7.22,-3.46,-3.46,-0.10,-0.01,0.42,328,305,304,343,332
5.21,-4.04,-4.04,-0.16,-0.16,0.76,328,305,303,343,331
6.38,-3.67,-3.67,-0.54,-0.47,1.68,328,305,304,343,332
3.59,-5.44,-5.44,-1.15,-1.10,2.50,329,305,305,344,333
-3.06,-3.40,-3.40,-1.55,-1.73,2.39,330,307,306,343,336
END
-9.96,2.68,2.68,-0.29,-0.98,-0.34,327,305,303,345,330
7.58,-3.27,-3.27,0.40,0.99,-1.04,327,305,303,345,331
7.77,-3.90,-3.90,-0.30,0.63,0.34,326,305,302,344,332
6.60,-3.85,-3.85,0.04,0.36,-0.14,326,304,302,344,332
8.15,-3.54,-3.54,0.23,-0.10,-0.56,326,304,302,344,331
8.98,-3.07,-3.07,0.11,-0.41,0.32,326,304,303,344,331
8.92,-4.31,-4.31,-0.29,-1.23,1.93,326,304,304,346,332
4.32,-4.96,-4.96,-0.32,-1.99,2.50,326,305,305,347,331
-4.62,-2.96,-2.96,-0.15,-1.32,2.50,327,304,305,346,332
-11.89,-0.83,-0.83,-0.34,-0.56,0.50,331,304,304,345,330
-8.37,-4.21,-4.21,0.02,-0.37,-1.02,331,305,304,345,330
-6.99,-3.84,-3.84,0.09,0.38,0.23,330,305,304,345,330
-7.02,-4.33,-4.33,0.24,0.92,-1.13,331,304,304,346,329
-3.35,-5.18,-5.18,0.01,1.13,-1.71,329,305,304,346,328
0.05,-4.79,-4.79,0.47,1.52,-1.97,329,304,304,345,328
3.05,-4.33,-4.33,0.03,1.17,-1.77,328,304,304,345,328
5.61,-3.31,-3.31,0.26,1.11,-1.70,328,304,303,344,329
8.97,-1.95,-1.95,0.15,0.47,-1.13,327,304,301,344,331
9.46,-1.79,-1.79,0.20,0.32,-0.69,327,304,302,344,331
9.94,-1.56,-1.56,0.16,-0.00,0.01,327,304,303,344,331
9.04,-1.52,-1.52,-0.00,-0.37,0.77,327,304,303,344,331
8.61,-3.70,-3.70,-0.37,-0.84,2.27,328,304,303,345,332
3.78,-4.88,-4.88,-0.20,-1.33,2.46,328,305,304,345,331
-0.60,-4.60,-4.60,-0.34,-1.65,2.09,328,305,306,346,330
-3.32,-2.98,-2.98,-0.42,-1.37,2.20,331,306,307,346,331
-10.19,-2.09,-2.09,-0.07,-0.84,0.86,336,306,309,346,332
-10.56,-2.51,-2.51,0.08,-0.41,-0.46,336,306,308,346,333
-8.56,-3.42,-3.42,0.13,0.41,-0.42,335,307,309,346,332
-7.00,-4.39,-4.39,0.38,1.05,-1.57,334,306,308,346,329
-3.43,-3.74,-3.74,0.03,1.28,-1.88,331,306,307,346,328
0.70,-3.77,-3.77,0.22,1.47,-1.74,330,305,306,346,329
2.69,-5.45,-5.45,0.77,1.35,-1.94,329,305,304,345,329
7.57,-3.32,-3.32,0.90,0.66,-2.35,328,304,303,344,330
10.20,-2.29,-2.29,0.49,-0.01,-1.84,328,304,303,344,331
11.85,-1.03,-1.03,0.32,-0.12,-0.44,328,304,302,343,332
END
9.38,-2.16,-2.16,-0.29,-0.31,1.13,332,305,309,345,334
-9.65,-2.46,-2.46,0.14,-0.65,-0.39,332,306,308,344,333
-8.35,-3.91,-3.91,0.04,-0.22,-0.23,332,305,308,344,333
-7.96,-3.57,-3.57,0.07,0.47,-0.10,332,305,308,344,332
-6.16,-5.08,-5.08,0.27,0.95,-0.82,331,305,308,344,331
-4.46,-5.04,-5.04,0.18,1.19,-1.42,329,305,307,344,329
-1.20,-4.82,-4.82,0.05,1.44,-1.53,329,305,306,344,329
2.28,-4.21,-4.21,0.23,1.24,-1.64,329,305,305,344,329
5.42,-2.12,-2.12,0.20,0.93,-1.85,328,305,304,344,331
7.93,-2.35,-2.35,0.22,0.44,-1.37,328,304,304,343,331
9.40,-0.25,-0.25,0.13,0.09,-0.54,327,304,304,343,332
8.51,-1.01,-1.01,0.09,0.02,0.14,327,305,303,343,332
8.30,-1.57,-1.57,0.15,-0.32,0.56,327,304,303,343,332
7.24,-3.54,-3.54,-0.03,-0.62,1.32,328,304,304,344,332
6.02,-2.79,-2.79,-0.30,-1.31,2.22,327,305,305,345,332
1.96,-5.86,-5.86,-0.17,-1.67,2.19,328,305,308,346,332
-4.85,-4.09,-4.09,-0.02,-1.45,1.60,331,306,309,345,330
-8.20,-3.56,-3.56,-0.26,-0.96,0.98,333,306,310,345,331
-9.42,-3.12,-3.12,-0.08,-0.35,-0.15,334,306,311,345,332
-7.70,-3.45,-3.45,0.08,0.25,-0.36,334,306,311,345,332
-5.82,-3.87,-3.87,0.09,0.81,-0.76,333,306,310,346,331
-4.08,-4.98,-4.98,0.31,1.52,-1.87,331,306,309,345,329
-0.31,-4.64,-4.64,0.46,1.76,-2.04,330,306,307,345,330
3.32,-3.29,-3.29,0.75,1.50,-2.51,329,305,304,343,331
8.10,-2.08,-2.08,0.62,0.49,-2.14,328,304,303,341,331
11.89,0.36,0.36,0.06,0.12,-0.88,328,304,303,342,333
10.29,-0.21,-0.21,-0.17,0.11,0.49,328,304,303,342,333
8.42,-1.54,-1.54,-0.08,-0.37,0.76,328,304,303,342,333
8.72,-2.01,-2.01,-0.08,-0.94,1.03,328,304,303,342,333
6.39,-4.85,-4.85,-0.02,-1.31,1.91,328,305,305,343,333
2.67,-3.88,-3.88,-0.13,-1.85,2.12,328,305,305,344,331
-1.18,-5.60,-5.60,-0.17,-1.74,2.17,328,305,306,344,331
-8.92,-2.81,-2.81,-0.16,-1.14,1.55,331,305,307,344,331
-12.31,-3.02,-3.02,-0.03,-0.40,-0.09,332,305,307,345,331
-9.06,-4.36,-4.36,0.15,0.23,-0.35,332,305,307,345,331
END
-7.19,-4.80,-4.80,0.16,1.03,-0.44,328,304,304,344,328
5.01,-3.81,-3.81,-0.19,0.78,-0.93,328,305,304,344,329
6.92,-3.24,-3.24,0.07,0.75,-0.88,328,305,304,343,331
8.33,-1.96,-1.96,0.19,0.39,-0.92,328,304,303,343,331
9.10,-1.77,-1.77,0.15,0.00,-0.27,328,304,303,343,332
8.73,-2.40,-2.40,0.12,-0.26,0.30,328,305,303,343,332
8.48,-3.21,-3.21,-0.49,-0.82,1.72,328,304,303,343,333
4.43,-3.88,-3.88,-0.15,-1.28,2.03,328,305,305,344,331
-0.57,-4.64,-4.64,-0.09,-1.70,1.56,327,305,306,344,329
-4.08,-4.78,-4.78,0.11,-1.47,1.57,328,304,305,344,328
-7.50,-4.12,-4.12,-0.15,-0.81,0.81,329,304,305,344,329
-8.53,-4.62,-4.62,0.16,-0.28,-0.42,329,304,305,344,329
-6.57,-4.91,-4.91,-0.06,0.20,-0.19,329,304,305,344,329
-6.32,-5.49,-5.49,0.09,0.87,-0.84,329,304,305,344,328
-3.98,-5.40,-5.40,-0.02,1.29,-1.35,328,304,305,344,327
-0.83,-5.25,-5.25,0.01,1.36,-1.70,327,305,304,343,327
3.93,-3.57,-3.57,0.07,1.18,-2.14,327,304,304,343,329
6.03,-3.43,-3.43,0.58,1.07,-1.99,327,304,304,342,330
8.56,-1.39,-1.39,0.59,0.44,-1.59,327,304,303,342,331
10.39,-0.70,-0.70,0.29,0.15,-0.50,327,304,303,342,332
10.09,-1.29,-1.29,0.00,-0.09,0.61,327,304,303,342,332
9.88,-2.42,-2.42,-0.43,-0.65,1.87,327,304,304,342,332
4.97,-4.06,-4.06,-0.04,-1.12,2.50,327,305,305,343,331
0.22,-5.46,-5.46,-0.23,-1.44,2.16,327,305,305,342,330
-2.18,-4.76,-4.76,-0.15,-1.23,1.96,328,305,306,343,329
-8.28,-4.11,-4.11,-0.03,-0.62,1.14,329,305,306,342,330
-10.04,-3.51,-3.51,0.05,-0.25,0.13,330,305,307,342,330
-8.26,-5.01,-5.01,0.20,0.29,-0.34,330,305,307,343,329
-5.88,-6.22,-6.22,0.16,0.90,-0.86,330,305,307,343,329
-4.26,-5.51,-5.51,0.14,1.35,-1.47,329,305,306,343,328
-0.73,-5.06,-5.06,0.12,1.52,-1.79,327,305,305,343,328
3.29,-4.33,-4.33,0.76,1.31,-2.35,327,305,304,343,329
6.10,-3.07,-3.07,0.43,0.61,-2.11,327,305,303,342,329
9.94,-1.82,-1.82,0.41,0.13,-1.53,327,305,303,342,331
10.20,-1.04,-1.04,0.10,0.08,-0.38,327,304,303,341,330
END
9.23,-0.84,-0.84,-0.16,-0.12,0.88,331,305,306,343,330
-9.10,-2.71,-2.71,0.12,-0.72,-0.08,332,305,306,343,330
-7.16,-4.54,-4.54,0.23,-0.34,-0.31,332,305,306,343,330
-8.00,-4.25,-4.25,0.15,0.23,0.11,332,305,306,343,328
-7.00,-5.52,-5.52,0.19,0.80,-0.73,331,305,305,343,328
-5.52,-5.00,-5.00,0.06,1.36,-1.42,330,305,305,343,327
-1.22,-5.93,-5.93,0.16,1.69,-1.57,328,305,304,342,327
2.44,-4.75,-4.75,0.27,1.36,-1.98,328,304,304,342,328
5.83,-2.89,-2.89,0.26,0.88,-1.93,328,304,303,341,330
9.58,-2.55,-2.55,0.01,0.68,-0.59,327,304,303,341,331
9.30,-2.37,-2.37,-0.04,0.22,-0.08,327,304,303,341,331
8.32,-2.38,-2.38,0.04,-0.16,0.16,327,304,303,341,331
8.23,-2.46,-2.46,0.07,-0.45,0.63,327,304,303,341,331
7.09,-4.82,-4.82,-0.54,-0.94,2.08,327,304,304,342,331
2.99,-3.14,-3.14,-0.54,-1.86,2.50,327,305,306,343,330
-2.06,-5.48,-5.48,-0.19,-1.41,2.50,328,305,307,343,329
-9.19,-1.97,-1.97,-0.22,-0.88,0.98,332,305,309,343,329
-9.08,-4.04,-4.04,-0.08,-0.60,-0.69,333,305,309,343,329
-8.41,-3.52,-3.52,-0.03,0.00,-0.23,333,305,309,343,330
-6.98,-4.64,-4.64,0.04,0.60,-0.66,332,305,309,343,329
-4.64,-4.90,-4.90,-0.02,1.13,-1.62,331,304,309,342,327
-1.92,-4.50,-4.50,0.34,1.78,-2.01,329,305,307,342,327
2.33,-4.41,-4.41,0.22,1.27,-2.51,329,304,307,342,329
7.30,-1.87,-1.87,0.37,0.66,-2.11,328,304,305,342,330
10.14,-0.06,-0.06,0.02,0.07,-0.96,328,304,304,342,332
9.53,-0.97,-0.97,-0.02,0.10,0.11,327,304,304,342,332
7.87,-1.09,-1.09,0.09,-0.30,0.61,328,304,305,342,332
8.93,-2.00,-2.00,0.12,-0.71,0.86,328,304,305,342,332
6.22,-3.33,-3.33,-0.07,-1.38,2.28,327,304,305,343,331
1.79,-5.54,-5.54,-0.21,-1.72,2.34,328,304,306,343,329
-4.26,-3.70,-3.70,-0.19,-1.54,1.66,328,305,307,343,329
-9.53,-3.40,-3.40,-0.09,-0.84,0.64,330,305,308,342,329
-9.78,-4.19,-4.19,-0.03,-0.20,-0.37,331,305,310,342,329
-7.37,-4.52,-4.52,0.06,0.48,-0.52,332,304,308,343,329
-5.53,-5.33,-5.33,0.10,1.06,-1.38,330,305,307,343,328
END
-2.61,-5.51,-5.51,0.01,1.65,-1.82,329,304,304,342,332
8.18,-1.63,-1.63,-0.13,-0.72,0.94,329,304,305,342,332
7.31,-2.48,-2.48,-0.10,-1.24,1.99,329,305,305,343,331
2.73,-4.08,-4.08,-0.07,-1.85,2.22,329,305,306,343,330
-1.93,-4.04,-4.04,0.05,-1.57,1.87,329,305,307,343,330
-10.45,-3.36,-3.36,0.10,-1.10,1.53,333,305,309,343,328
-10.58,-4.91,-4.91,0.13,-0.39,-0.53,335,306,310,343,328
-7.75,-5.91,-5.91,0.06,0.23,-0.65,334,306,310,343,328
-6.16,-5.91,-5.91,-0.01,0.97,-0.77,334,306,309,343,327
-3.95,-4.39,-4.39,-0.04,1.50,-1.48,331,306,308,343,327
1.01,-3.88,-3.88,-0.09,1.46,-2.01,331,305,307,343,328
4.73,-2.12,-2.12,0.59,1.33,-2.51,331,305,305,342,330
8.80,-1.03,-1.03,1.17,0.66,-2.50,331,305,304,341,331
12.55,0.34,0.34,0.25,-0.01,-0.70,330,304,304,342,333
10.25,-1.63,-1.63,-0.17,0.08,0.82,329,304,304,341,333
8.25,-2.70,-2.70,-0.33,-0.34,1.24,329,304,304,341,333
6.75,-3.46,-3.46,-0.27,-0.57,1.42,329,304,304,342,333
5.37,-3.90,-3.90,-0.29,-1.15,1.78,329,305,305,342,332
1.67,-4.83,-4.83,-0.15,-1.45,2.07,329,305,305,343,330
-2.69,-4.38,-4.38,0.01,-1.51,1.51,329,305,306,343,329
-6.58,-4.67,-4.67,-0.23,-1.12,1.01,331,306,307,343,329
-8.64,-4.52,-4.52,0.01,-0.51,-0.21,332,306,308,343,330
-7.80,-4.87,-4.87,0.00,0.04,-0.22,332,306,308,343,329
-6.63,-5.05,-5.05,0.12,0.57,-0.22,332,306,308,343,329
-5.30,-5.43,-5.43,0.10,1.05,-0.96,332,306,308,344,329
-2.76,-5.35,-5.35,0.11,1.44,-1.32,331,306,309,344,328
0.54,-5.01,-5.01,0.27,1.68,-1.07,330,306,308,343,329
2.81,-4.90,-4.90,0.28,1.37,-1.71,330,305,307,343,331
6.10,-3.63,-3.63,0.31,0.76,-1.95,329,305,306,343,332
10.88,-1.39,-1.39,-0.02,0.12,-1.21,329,305,305,342,333
11.26,-0.94,-0.94,-0.06,-0.02,0.23,329,305,306,343,333
8.41,-1.77,-1.77,-0.24,-0.46,0.94,329,305,305,343,333
7.58,-3.09,-3.09,-0.21,-0.92,1.75,329,305,306,343,332
3.81,-5.20,-5.20,-0.40,-1.58,2.50,329,306,307,344,331
-2.07,-3.37,-3.37,-0.66,-1.51,2.50,331,307,308,344,331
END
-9.95,-1.49,-1.49,-0.23,-0.91,1.44,332,306,307,345,328
-2.40,-4.71,-4.71,0.12,1.38,-1.40,330,306,306,345,327
0.57,-3.91,-3.91,-0.06,1.52,-1.50,329,306,306,344,327
3.90,-3.98,-3.98,-0.02,1.23,-1.40,329,306,305,344,328
7.06,-1.72,-1.72,-0.23,0.73,-1.61,329,305,305,344,330
8.94,-1.46,-1.46,0.06,0.42,-0.88,328,307,305,344,331
9.84,-0.76,-0.76,0.06,0.06,-0.00,328,305,305,344,331
8.42,-1.31,-1.31,0.07,-0.27,0.66,328,305,304,344,331
8.59,-1.49,-1.49,-0.04,-0.76,1.61,328,305,305,344,331
4.72,-4.46,-4.46,-0.04,-1.25,2.50,328,305,305,345,330
-1.96,-3.34,-3.34,-0.19,-1.65,2.41,328,305,306,345,329
-6.49,-3.01,-3.01,-0.10,-1.32,1.63,329,305,306,345,328
-9.69,-3.05,-3.05,0.09,-0.90,0.11,330,305,307,345,329
-8.96,-3.75,-3.75,0.12,-0.20,-0.37,331,305,307,345,329
-7.77,-3.96,-3.96,0.15,0.36,-0.28,331,305,307,345,328
-6.19,-5.06,-5.06,0.13,0.94,-1.42,331,305,307,345,327
-3.85,-4.85,-4.85,0.56,1.85,-1.65,329,305,305,344,326
-0.72,-4.79,-4.79,0.79,1.64,-2.19,328,305,304,343,327
4.46,-5.02,-5.02,0.65,0.90,-2.42,327,305,304,342,327
9.42,-2.53,-2.53,0.28,0.17,-1.73,327,304,303,342,328
11.61,-1.92,-1.92,-0.06,0.08,-0.31,327,304,303,342,329
8.98,-2.35,-2.35,-0.28,-0.15,0.68,327,304,303,342,329
8.26,-2.79,-2.79,-0.54,-0.84,1.40,327,304,303,342,329
6.24,-5.15,-5.15,-0.46,-1.41,2.10,327,305,304,342,329
1.27,-4.11,-4.11,-0.71,-1.83,2.30,328,305,305,342,329
-3.42,-2.99,-2.99,-0.47,-1.46,1.72,330,306,307,342,330
-7.86,-1.70,-1.70,-0.06,-1.01,0.53,332,306,307,342,330
-8.95,-3.07,-3.07,0.07,-0.65,-0.31,332,306,308,342,330
-8.89,-3.63,-3.63,0.20,0.23,-0.27,333,306,308,343,330
-7.02,-4.99,-4.99,0.30,0.81,-1.07,331,306,306,342,328
-4.06,-5.11,-5.11,0.12,1.29,-2.01,330,306,306,343,327
-0.45,-4.23,-4.23,0.24,1.75,-2.01,329,305,305,342,327
3.92,-3.73,-3.73,0.50,1.13,-2.51,329,305,304,342,329
10.02,-2.59,-2.59,0.57,0.52,-1.72,329,305,304,342,331
10.79,-1.63,-1.63,-0.14,0.17,-0.00,327,305,303,342,332
END
8.08,-1.92,-1.92,-0.16,0.01,0.54,335,307,308,343,334
-6.63,-4.41,-4.41,-0.27,-0.79,-0.42,334,307,308,343,334
-8.29,-3.13,-3.13,0.20,0.29,-0.11,334,307,308,343,333
-7.14,-4.24,-4.24,0.17,0.84,-0.61,333,307,308,343,332
-5.15,-4.19,-4.19,0.30,1.34,-1.83,332,307,307,343,330
0.15,-5.02,-5.02,0.18,1.61,-1.64,331,307,307,342,331
3.17,-4.10,-4.10,0.53,1.40,-2.22,330,306,305,342,332
6.62,-2.33,-2.33,0.60,0.97,-2.13,329,305,304,341,332
11.16,-0.99,-0.99,0.22,0.32,-0.90,328,304,304,341,333
11.64,-0.92,-0.92,-0.14,0.12,0.20,328,304,303,341,333
8.51,-2.05,-2.05,-0.28,-0.14,0.88,328,305,304,341,333
8.21,-2.41,-2.41,-0.46,-0.66,1.40,328,305,304,341,334
6.79,-4.48,-4.48,-0.79,-1.27,2.29,328,305,305,342,334
2.21,-4.00,-4.00,-1.08,-1.83,2.50,330,306,308,342,337
-3.68,-2.71,-2.71,-0.81,-1.60,1.73,334,308,310,341,340
-9.16,0.60,0.60,0.08,-0.72,0.02,337,308,311,342,340
-7.48,-1.78,-1.78,0.15,-0.31,-0.58,337,308,311,341,339
-6.42,-2.24,-2.24,0.56,0.43,0.21,337,308,311,341,337
-6.06,-4.77,-4.77,0.35,0.83,-0.42,337,308,311,342,334
-4.05,-3.08,-3.08,0.49,0.97,-2.28,336,308,313,345,331
1.08,-5.83,-5.83,0.56,1.81,-1.45,332,307,310,344,331
2.47,-4.43,-4.43,0.83,1.48,-1.79,330,306,308,344,331
8.66,-4.14,-4.14,0.17,0.36,-1.62,329,305,307,344,332
9.67,-2.29,-2.29,0.06,0.22,-0.60,329,305,307,344,332
9.05,-2.22,-2.22,-0.04,-0.15,0.24,328,305,307,344,332
7.95,-2.42,-2.42,-0.34,-0.64,0.72,329,306,308,344,333
7.29,-4.19,-4.19,-0.67,-1.48,2.26,330,306,309,345,333
1.86,-4.42,-4.42,-0.73,-1.47,2.50,333,307,311,345,333
-4.72,-1.90,-1.90,-0.79,-1.02,2.30,337,308,312,344,336
-9.15,0.21,0.21,0.28,-0.52,-0.04,340,309,312,343,336
-6.53,-2.28,-2.28,0.13,-0.22,-0.51,340,308,312,343,336
-5.96,-2.69,-2.69,0.35,0.34,0.07,339,308,312,343,335
-5.39,-4.01,-4.01,0.28,0.81,-1.00,339,309,312,344,332
-3.75,-3.61,-3.61,0.54,1.36,-1.82,337,308,311,344,331
0.18,-4.14,-4.14,0.73,1.53,-2.02,334,307,309,344,331
END
4.29,-3.52,-3.52,0.66,0.93,-2.13,329,304,304,342,331
7.98,-3.41,-3.41,-0.21,-0.76,1.26,329,304,305,342,331
4.95,-4.87,-4.87,-0.22,-1.10,2.04,329,305,305,343,331
1.81,-4.92,-4.92,-0.64,-1.43,2.50,329,305,307,343,330
-2.89,-2.98,-2.98,-0.35,-1.05,2.11,332,306,308,343,330
-7.82,-2.07,-2.07,0.09,-0.37,0.83,335,306,309,342,330
-7.49,-2.53,-2.53,0.09,-0.21,-0.23,336,306,309,342,330
-5.90,-3.82,-3.82,0.21,0.32,-0.09,336,306,309,342,330
-4.85,-4.62,-4.62,0.21,0.79,-1.01,335,306,309,343,329
-2.82,-4.93,-4.93,0.37,1.38,-1.37,334,306,309,343,328
1.12,-5.22,-5.22,0.47,1.27,-1.84,331,306,307,342,328
3.71,-4.03,-4.03,0.26,0.85,-1.93,331,306,307,344,329
6.63,-3.40,-3.40,0.14,0.62,-1.09,331,305,306,344,331
7.90,-3.42,-3.42,0.26,0.57,-0.45,331,305,306,343,331
8.64,-3.08,-3.08,0.03,0.18,-0.11,330,305,306,343,331
8.64,-2.90,-2.90,-0.10,-0.34,0.52,330,305,305,343,331
7.65,-4.83,-4.83,-0.43,-0.78,1.96,331,305,305,343,331
3.22,-4.64,-4.64,-0.64,-1.25,2.50,330,305,306,344,330
-0.11,-4.56,-4.56,-0.44,-1.47,2.42,331,305,306,343,329
-5.94,-1.67,-1.67,-0.60,-1.16,1.37,334,306,309,343,330
-9.50,-1.28,-1.28,0.42,-0.02,-0.13,336,306,308,343,331
-5.90,-2.82,-2.82,-0.02,-0.10,-0.14,335,306,308,343,331
-5.65,-2.65,-2.65,0.20,0.30,0.17,335,306,309,343,331
-5.63,-3.78,-3.78,0.29,0.50,-0.33,335,306,308,343,329
-3.94,-4.13,-4.13,0.16,0.76,-1.29,335,306,308,344,329
-3.53,-4.47,-4.47,0.50,1.28,-2.24,334,306,308,344,328
2.51,-4.76,-4.76,0.44,1.07,-2.50,333,306,307,345,330
4.29,-3.00,-3.00,0.34,0.93,-2.35,332,305,306,344,331
9.23,-0.75,-0.75,0.60,0.26,-2.03,332,305,304,343,333
9.98,-0.57,-0.57,0.32,0.08,-0.36,331,305,304,342,333
8.31,-1.46,-1.46,0.13,-0.20,0.39,331,305,304,342,333
8.33,-2.25,-2.25,0.00,-0.65,0.76,331,305,305,343,333
6.68,-3.53,-3.53,-0.24,-0.99,1.65,331,305,306,343,333
4.30,-3.71,-3.71,-0.69,-1.95,2.12,332,306,308,344,333
0.00,-5.09,-5.09,-0.36,-1.54,1.84,334,307,310,344,333
END
-6.25,-2.66,-2.66,-0.05,-0.78,1.28,335,307,307,344,331
3.06,-4.49,-4.49,0.68,0.90,-1.66,334,306,306,343,331
7.62,-2.97,-2.97,0.38,0.26,-1.42,334,305,305,343,333
8.80,-3.29,-3.29,0.15,0.22,-0.55,333,305,306,343,334
9.29,-2.83,-2.83,-0.09,-0.21,0.26,332,305,305,343,334
8.63,-3.27,-3.27,-0.31,-0.65,1.05,333,306,305,343,334
7.36,-5.26,-5.26,-0.96,-1.23,2.34,333,306,307,344,336
3.63,-4.17,-4.17,-1.59,-2.07,2.50,333,306,308,344,340
-7.70,1.03,1.03,-0.83,-1.24,1.27,335,307,309,343,340
-8.89,1.22,1.22,-0.98,-0.59,-1.10,335,307,308,343,341
-5.34,-1.16,-1.16,0.97,0.35,-0.49,335,307,309,342,341
-5.92,-1.22,-1.22,0.30,0.70,-0.31,336,307,308,342,339
-2.68,-3.91,-3.91,0.87,1.21,-1.22,335,307,309,342,336
1.31,-4.15,-4.15,0.76,1.38,-2.06,333,307,307,343,334
4.22,-3.87,-3.87,0.15,1.24,-1.22,332,306,305,342,334
6.66,-2.32,-2.32,-0.27,0.82,-1.49,330,305,304,342,334
8.66,-1.02,-1.02,0.15,0.16,-0.57,329,305,303,342,334
8.26,-1.64,-1.64,0.25,0.02,-0.20,329,305,303,341,334
7.82,-2.20,-2.20,0.94,-0.28,-0.01,329,305,303,342,334
7.54,-2.28,-2.28,-0.13,-0.99,1.00,330,305,304,343,335
5.86,-4.11,-4.11,-0.55,-1.50,1.90,330,306,306,344,335
1.85,-4.24,-4.24,-0.78,-1.74,2.29,332,307,308,344,337
-4.87,-1.45,-1.45,-0.29,-0.97,1.29,337,309,310,344,338
-9.41,-0.08,-0.08,-0.30,-0.29,-0.03,338,310,310,344,339
-5.13,-2.14,-2.14,0.40,0.24,-0.53,338,310,310,344,338
-2.79,-3.37,-3.37,0.31,0.66,-0.20,338,310,310,344,337
-2.64,-4.64,-4.64,0.50,0.90,-1.13,337,309,310,344,334
-0.01,-3.12,-3.12,0.39,1.25,-1.72,334,308,308,344,333
3.82,-2.97,-2.97,0.63,1.39,-1.69,332,306,307,344,334
7.42,-3.26,-3.26,0.26,0.81,-0.82,329,305,305,343,333
7.93,-2.56,-2.56,0.14,0.51,-0.62,329,305,305,343,333
8.96,-2.24,-2.24,-0.19,-0.09,0.17,329,305,305,343,333
6.36,-3.01,-3.01,-0.26,-0.30,0.47,329,305,305,343,333
5.74,-2.81,-2.81,-0.38,-0.75,0.86,330,305,305,344,333
5.69,-4.59,-4.59,-0.80,-1.31,1.92,330,306,306,344,334
END
2.08,-2.53,-2.53,-0.97,-1.50,2.09,333,306,305,342,329
-3.88,-5.05,-5.05,0.05,1.29,-1.68,332,306,307,342,329
0.04,-4.16,-4.16,0.27,1.68,-1.92,332,306,305,342,329
4.55,-2.91,-2.91,0.34,1.34,-1.69,330,305,304,342,331
7.98,-3.34,-3.34,0.41,1.00,-1.07,330,305,304,342,332
9.02,-3.05,-3.05,-0.08,0.29,-0.11,329,305,304,342,332
8.23,-3.01,-3.01,0.01,0.07,0.08,329,304,304,342,332
7.67,-2.94,-2.94,-0.03,-0.44,0.10,329,305,304,342,333
7.62,-3.81,-3.81,-0.29,-0.95,0.98,330,305,304,343,333
6.45,-4.42,-4.42,-0.66,-1.63,2.31,329,305,305,344,332
-0.29,-3.82,-3.82,-0.75,-1.48,2.50,328,305,306,343,332
-5.79,-0.31,-0.31,-0.25,-0.94,1.29,335,305,307,342,333
-8.51,-0.85,-0.85,0.07,-0.53,-0.36,335,305,307,342,332
-5.69,-2.61,-2.61,0.13,-0.08,-0.08,335,306,307,342,331
-5.88,-2.40,-2.40,0.31,0.45,-0.08,335,306,307,342,331
-4.39,-3.78,-3.78,0.30,0.69,-0.70,334,306,306,342,330
-3.71,-4.07,-4.07,0.49,1.41,-1.90,333,306,306,342,329
-0.16,-4.22,-4.22,0.57,1.68,-1.30,331,305,306,342,329
3.59,-3.81,-3.81,0.49,1.20,-1.75,330,305,305,342,330
7.85,-3.25,-3.25,0.29,0.72,-1.36,329,305,304,341,331
9.42,-2.03,-2.03,0.11,0.20,-0.40,329,304,304,341,332
8.64,-3.15,-3.15,0.01,0.04,0.27,329,304,304,341,331
7.28,-3.15,-3.15,-0.13,-0.54,0.37,329,304,304,341,332
6.83,-4.44,-4.44,-0.45,-1.19,1.49,329,305,305,342,332
3.01,-4.14,-4.14,-1.11,-1.70,2.50,329,305,305,342,332
-2.05,-2.25,-2.25,-0.80,-1.41,2.49,331,306,306,342,332
-7.42,0.60,0.60,-0.32,-0.76,0.49,335,306,308,342,334
-8.06,-0.57,-0.57,-0.04,-0.47,-0.81,336,306,308,341,333
-5.61,-1.71,-1.71,0.19,-0.15,-0.15,336,306,308,341,333
-5.79,-2.66,-2.66,0.26,0.28,-0.22,335,306,308,342,332
-4.87,-2.71,-2.71,0.27,0.50,-1.05,335,306,308,342,331
-4.34,-3.25,-3.25,0.43,1.20,-2.24,335,306,308,342,329
-1.39,-4.01,-4.01,0.90,1.68,-1.87,332,306,307,342,328
5.79,-4.03,-4.03,0.43,0.91,-2.14,330,305,307,342,330
8.28,-3.67,-3.67,0.51,0.94,-1.48,329,305,305,341,331
END
10.04,-1.89,-1.89,0.08,0.14,-0.54,338,308,308,341,336
-6.28,-1.01,-1.01,0.12,-0.11,-0.30,338,308,308,341,336
-4.54,-2.35,-2.35,0.30,0.28,0.17,337,308,307,341,336
-4.52,-2.66,-2.66,0.50,0.67,-0.69,336,308,307,341,333
-4.41,-2.85,-2.85,0.61,1.09,-2.15,335,307,307,343,330
0.55,-5.56,-5.56,1.03,1.70,-1.50,331,305,304,342,330
5.52,-3.45,-3.45,0.64,0.54,-2.17,330,305,304,342,331
10.04,-5.10,-5.10,0.01,0.22,-0.35,329,305,304,342,333
5.62,-3.68,-3.68,-0.01,0.33,0.32,329,305,304,342,333
5.53,-4.47,-4.47,-0.03,-0.14,0.18,329,305,304,342,333
4.97,-4.15,-4.15,-0.16,-0.50,0.26,329,305,304,342,333
6.36,-6.09,-6.09,-0.66,-1.11,1.52,329,305,304,343,332
1.18,-5.10,-5.10,-1.09,-1.28,2.50,329,305,304,342,332
-5.19,-0.95,-0.95,-0.78,-1.01,1.59,332,306,306,342,333
-8.83,0.43,0.43,-0.36,-0.60,-0.06,333,306,306,342,334
-5.15,-0.55,-0.55,0.13,-0.14,-0.72,333,306,306,342,333
-4.01,-1.49,-1.49,0.10,0.19,-0.08,333,306,305,342,332
-3.98,-2.63,-2.63,0.21,0.27,-0.67,334,306,306,343,331
-4.85,-2.18,-2.18,0.97,1.19,-0.99,333,306,306,343,328
-1.45,-5.20,-5.20,1.28,1.52,-2.15,331,306,305,343,328
4.38,-3.75,-3.75,0.98,0.74,-2.51,329,305,304,342,328
12.66,-2.25,-2.25,0.31,-0.23,-1.87,329,305,304,342,330
11.76,-3.20,-3.20,-0.27,0.01,0.59,329,305,305,342,331
6.37,-3.53,-3.53,-0.31,-0.22,1.13,329,305,304,343,331
5.68,-4.27,-4.27,-0.62,-0.93,1.62,329,305,304,343,331
3.75,-4.82,-4.82,-0.94,-1.27,2.36,329,305,305,343,332
-0.42,-3.65,-3.65,-1.45,-1.39,1.44,330,305,305,342,335
-6.17,1.75,1.75,-1.74,-1.13,0.05,332,306,305,341,338
-6.56,2.15,2.15,0.31,-0.04,-0.60,333,306,305,341,338
-4.62,0.80,0.80,0.96,0.55,-0.01,333,306,306,341,338
-2.86,-2.33,-2.33,0.92,0.80,-0.47,333,306,306,341,336
-3.15,-5.41,-5.41,0.49,1.00,-2.46,333,307,307,344,332
2.43,-2.18,-2.18,1.21,1.87,-2.30,330,305,304,343,332
6.91,-3.91,-3.91,0.67,1.10,-1.84,329,305,304,342,332
9.17,-2.20,-2.20,0.07,0.65,-0.35,328,304,302,342,333
END
9.56,-3.06,-3.06,-0.32,0.21,0.51,331,306,307,344,334
-6.31,-2.36,-2.36,-0.23,-1.02,1.44,335,307,308,343,334
-9.06,-0.81,-0.81,-0.23,-0.46,-0.13,337,307,309,343,334
-6.74,-2.40,-2.40,0.06,-0.08,-0.73,338,307,309,343,334
-4.30,-2.48,-2.48,0.17,0.74,-0.24,336,307,308,342,333
-3.44,-3.73,-3.73,0.38,1.30,-1.19,335,307,308,343,331
-1.47,-3.99,-3.99,0.48,1.75,-1.50,331,306,307,343,330
3.79,-4.16,-4.16,0.83,1.55,-2.42,329,305,304,342,331
8.31,-1.74,-1.74,0.79,0.92,-2.39,329,304,302,341,331
12.12,0.08,0.08,0.30,0.11,-1.13,328,304,301,341,332
11.30,0.07,0.07,-0.32,0.10,0.85,329,304,301,341,333
6.78,-2.13,-2.13,-0.33,-0.28,1.05,329,304,301,341,332
7.65,-2.91,-2.91,-0.42,-0.85,1.19,329,304,302,341,333
5.46,-3.12,-3.12,-0.53,-1.08,1.83,329,304,302,342,332
3.39,-4.15,-4.15,-0.96,-1.45,2.50,329,305,303,342,333
-2.18,-2.40,-2.40,-0.89,-1.25,2.50,331,306,305,343,334
-10.18,0.88,0.88,-0.35,-0.70,0.55,338,307,307,342,335
-8.23,-0.39,-0.39,0.05,-0.26,-0.58,338,307,306,342,336
-6.65,-0.32,-0.32,0.31,0.38,-0.11,339,307,306,342,335
-5.43,-1.50,-1.50,0.51,0.85,-1.08,337,307,306,342,333
-3.13,-3.14,-3.14,0.72,1.33,-1.21,335,307,306,342,331
0.51,-4.49,-4.49,0.87,1.64,-1.45,332,306,304,341,330
4.96,-4.01,-4.01,1.03,1.00,-2.29,330,305,303,342,329
7.74,-4.64,-4.64,0.82,0.69,-1.95,330,304,301,341,330
9.38,-1.54,-1.54,0.43,0.02,-1.10,330,304,301,341,330
10.42,-2.84,-2.84,0.01,-0.11,0.49,330,304,301,341,331
7.59,-3.35,-3.35,-0.51,-0.40,1.44,329,304,301,341,331
6.91,-4.44,-4.44,-0.89,-1.06,2.31,330,304,302,342,331
2.00,-3.93,-3.93,-0.88,-1.28,2.49,330,305,303,342,330
-1.69,-3.23,-3.23,-0.77,-1.02,2.00,331,305,303,343,332
-8.21,-1.06,-1.06,-0.57,-1.05,0.88,336,306,303,343,334
-9.07,-0.12,-0.12,-0.56,-0.59,-0.25,337,306,303,343,336
-7.70,-0.24,-0.24,0.30,0.38,-0.32,337,307,304,343,336
-4.70,-1.55,-1.55,0.45,0.89,-0.54,336,307,303,343,334
-4.11,-3.57,-3.57,0.63,1.06,-1.83,334,306,303,343,330
END
0.52,-3.12,-3.12,0.90,1.48,-2.24,329,304,303,343,331
3.15,-5.04,-5.04,-0.93,-1.67,2.50,329,305,304,343,331
-2.73,-0.40,-0.40,-0.68,-1.38,1.88,332,306,305,343,333
-9.38,0.85,0.85,0.05,-1.03,-0.06,335,307,305,343,333
-8.53,-1.44,-1.44,-0.05,-0.61,-0.61,334,307,306,343,333
-7.31,-2.89,-2.89,0.32,0.08,-0.11,334,307,306,343,332
-6.52,-3.22,-3.22,0.17,0.67,-0.46,334,306,306,343,331
-6.25,-3.77,-3.77,0.23,1.17,-1.66,333,307,306,343,329
-2.64,-3.32,-3.32,0.60,1.95,-1.58,330,306,304,343,329
2.99,-4.67,-4.67,0.53,1.43,-1.83,330,305,304,343,330
7.17,-3.37,-3.37,0.26,0.92,-1.48,329,305,303,342,331
9.46,-1.62,-1.62,0.06,0.28,-0.52,329,304,302,341,331
9.76,-2.39,-2.39,0.03,-0.07,-0.01,329,304,302,341,331
7.14,-2.69,-2.69,0.09,-0.50,0.07,329,304,302,342,331
9.10,-3.46,-3.46,-0.32,-1.29,1.00,329,305,303,343,332
5.23,-4.24,-4.24,-0.71,-1.79,2.46,329,305,304,343,332
-0.91,-3.19,-3.19,-0.62,-1.63,2.32,330,305,305,343,331
-7.12,-0.58,-0.58,-0.16,-1.06,0.51,334,306,305,342,332
-7.50,-2.76,-2.76,0.16,-0.64,-0.55,334,306,306,342,330
-5.85,-3.09,-3.09,0.18,-0.07,-0.30,334,306,306,342,330
-4.90,-4.10,-4.10,0.18,0.58,-0.57,334,306,306,343,330
-3.83,-4.45,-4.45,0.34,1.35,-1.41,331,306,305,343,328
0.04,-4.67,-4.67,0.20,1.70,-1.03,331,305,305,343,329
3.07,-3.93,-3.93,0.21,1.47,-1.05,330,305,304,343,330
7.24,-3.84,-3.84,0.09,1.20,-0.37,329,305,304,342,331
7.13,-3.72,-3.72,0.28,0.93,-0.14,328,304,305,342,331
8.82,-3.52,-3.52,0.19,0.23,-0.33,328,304,303,342,331
8.81,-3.68,-3.68,-0.05,-0.38,-0.00,328,304,303,342,332
8.62,-3.73,-3.73,-0.32,-1.05,0.74,328,304,303,343,332
END