1.09,-7.88,-7.88,0.30,0.11,-0.30,473,447,472,330,379
4.74,-7.87,-7.87,0.03,-0.02,-0.04,474,447,472,330,379
4.54,-7.77,-7.77,0.04,0.01,-0.03,473,447,471,330,379
4.77,-7.95,-7.95,0.04,0.03,-0.02,473,447,471,330,379
4.69,-7.85,-7.85,0.04,0.02,-0.03,473,447,471,330,379
4.23,-8.12,-8.12,0.04,0.07,-0.02,474,447,471,330,379
3.63,-8.74,-8.74,0.02,0.15,0.04,474,447,471,330,379
3.99,-8.71,-8.71,0.01,0.19,-0.01,474,447,471,330,379
3.64,-8.39,-8.39,-0.06,0.34,0.10,475,447,471,329,379
3.34,-7.87,-7.87,-0.07,0.31,0.05,474,447,470,330,380
3.37,-7.71,-7.71,0.15,0.60,0.04,475,447,471,330,380
3.78,-7.98,-7.98,0.04,0.34,-0.20,475,447,470,329,380
3.56,-8.35,-8.35,0.10,0.40,-0.02,475,447,470,330,380
3.73,-7.86,-7.86,0.03,0.11,-0.17,476,447,470,330,381
4.59,-7.90,-7.90,0.01,0.12,-0.22,476,447,469,330,381
4.97,-7.62,-7.62,-0.10,0.09,-0.14,476,446,469,329,381
3.85,-7.85,-7.85,-0.13,0.11,-0.11,476,446,469,329,380
3.94,-7.61,-7.61,0.01,0.13,-0.06,477,447,469,329,380
4.98,-7.82,-7.82,-0.08,0.02,-0.06,477,446,469,329,381
4.29,-8.40,-8.40,0.10,0.10,-0.10,477,446,469,329,380
3.36,-7.91,-7.91,-0.03,0.17,0.02,477,447,469,329,381
3.41,-8.01,-8.01,0.17,0.15,-0.19,477,446,468,329,380
4.26,-7.81,-7.81,0.02,0.03,-0.19,477,446,468,329,380
2.84,-7.19,-7.19,0.05,0.15,-0.18,477,446,468,329,380
3.63,-7.27,-7.27,0.17,0.21,-0.24,477,446,468,329,380
3.83,-6.67,-6.67,0.06,0.30,-0.10,477,445,468,329,381
4.30,-7.58,-7.58,0.11,0.13,-0.26,476,444,468,329,381
4.44,-8.03,-8.03,0.13,0.29,-0.07,477,444,468,329,381
4.44,-8.07,-8.07,-0.09,0.26,0.01,477,444,468,329,381
3.36,-7.95,-7.95,0.02,0.30,-0.06,477,443,467,329,380
4.77,-6.41,-6.41,-0.01,0.19,0.05,477,443,467,329,380
4.03,-7.21,-7.21,-0.13,-0.05,-0.00,477,442,468,329,380
2.79,-6.53,-6.53,0.11,0.11,0.06,477,443,467,329,379
3.52,-7.38,-7.38,-0.02,-0.12,-0.08,477,443,467,329,379
3.47,-7.31,-7.31,-0.03,-0.06,-0.03,477,442,467,329,379
END
3.09,-7.92,-7.92,0.01,-0.02,0.05,470,441,465,329,380
5.07,-7.25,-7.25,0.03,-0.14,0.01,470,441,464,330,380
3.78,-7.04,-7.04,0.02,-0.09,0.04,469,441,465,330,380
4.24,-7.87,-7.87,0.11,0.02,-0.11,469,441,464,330,379
5.41,-8.12,-8.12,0.01,0.07,-0.11,469,440,464,330,379
5.54,-8.09,-8.09,-0.00,0.04,-0.09,469,441,465,330,379
5.43,-8.01,-8.01,-0.09,0.03,-0.01,469,441,464,330,380
4.74,-8.16,-8.16,-0.09,0.07,0.05,469,441,464,330,379
4.21,-8.70,-8.70,-0.05,0.18,0.07,469,441,464,330,379
5.33,-8.59,-8.59,-0.07,0.07,-0.03,469,441,464,330,379
4.16,-8.33,-8.33,-0.09,0.28,0.15,469,440,464,330,379
3.75,-7.73,-7.73,0.01,0.24,0.03,469,440,464,330,380
4.19,-7.59,-7.59,0.11,0.37,0.04,469,440,464,330,379
4.75,-7.60,-7.60,0.00,0.09,0.00,468,440,464,330,380
3.50,-8.12,-8.12,0.15,0.27,0.07,469,440,464,330,380
5.08,-8.48,-8.48,0.04,0.03,-0.13,469,439,464,329,381
2.71,-8.51,-8.51,0.01,0.25,0.04,469,438,464,329,381
4.47,-8.64,-8.64,0.09,0.11,-0.22,469,438,464,329,381
4.19,-8.10,-8.10,-0.21,0.07,-0.07,469,438,464,329,381
3.31,-7.95,-7.95,-0.01,0.22,-0.12,470,438,463,329,381
4.70,-7.70,-7.70,-0.15,0.09,-0.13,469,438,463,329,381
3.32,-7.30,-7.30,-0.01,0.25,-0.13,470,438,463,329,381
3.45,-7.00,-7.00,0.27,0.24,0.03,470,438,463,329,381
4.26,-7.09,-7.09,0.08,0.17,-0.06,472,438,463,329,382
3.37,-7.68,-7.68,0.06,0.15,0.26,473,438,463,328,382
3.27,-7.59,-7.59,0.09,0.22,0.01,473,438,463,328,382
3.66,-8.82,-8.82,-0.00,0.08,0.11,475,438,462,328,382
3.12,-7.85,-7.85,0.14,0.32,0.11,477,439,462,328,382
2.78,-8.57,-8.57,-0.11,0.14,0.08,477,439,462,328,382
3.50,-7.53,-7.53,-0.07,0.19,-0.01,478,438,462,328,382
3.03,-8.01,-8.01,0.04,0.11,-0.10,477,438,462,328,381
2.94,-8.15,-8.15,0.04,-0.02,-0.12,477,438,462,328,381
3.37,-7.88,-7.88,0.01,-0.04,-0.10,476,438,462,329,381
2.74,-8.01,-8.01,-0.02,-0.08,-0.10,476,438,461,328,380
3.07,-8.13,-8.13,0.02,-0.08,-0.06,475,438,461,328,380
END
3.02,-7.93,-7.93,-0.04,-0.09,-0.05,465,437,458,329,377
5.01,-8.02,-8.02,-0.03,0.05,-0.04,465,437,458,329,377
5.85,-7.64,-7.64,-0.06,0.07,-0.02,465,437,458,329,377
5.30,-7.65,-7.65,-0.10,0.06,0.10,465,437,458,329,377
4.98,-7.75,-7.75,-0.00,-0.06,0.00,465,437,458,329,377
4.43,-7.87,-7.87,-0.03,-0.00,0.01,465,437,458,329,377
4.19,-7.75,-7.75,-0.03,0.08,-0.04,465,437,458,329,377
4.96,-7.67,-7.67,0.09,0.14,-0.09,465,436,458,329,377
4.26,-7.76,-7.76,0.06,0.18,-0.10,464,436,458,329,377
3.75,-8.38,-8.38,0.08,0.45,0.01,465,437,458,329,377
5.15,-8.38,-8.38,-0.06,0.40,0.06,464,437,457,329,377
5.28,-7.80,-7.80,-0.12,0.26,0.04,465,436,458,329,377
5.46,-7.76,-7.76,0.12,0.03,-0.15,465,435,458,329,377
3.75,-8.11,-8.11,0.00,0.21,0.12,465,436,458,330,377
4.61,-8.42,-8.42,0.08,0.05,-0.18,465,435,458,330,377
5.05,-8.02,-8.02,-0.11,0.07,0.05,465,435,458,329,377
4.30,-7.78,-7.78,-0.27,0.10,0.12,466,436,458,329,377
2.71,-7.37,-7.37,0.25,0.39,-0.05,466,436,458,329,377
4.42,-7.39,-7.39,0.09,0.28,-0.09,466,435,458,329,377
4.44,-7.85,-7.85,0.05,0.09,-0.09,466,436,457,329,377
4.95,-7.80,-7.80,-0.02,0.22,0.07,466,436,457,329,377
4.01,-7.02,-7.02,-0.01,0.16,-0.07,467,435,457,329,377
3.72,-7.26,-7.26,0.14,0.25,0.03,467,435,457,329,377
3.55,-7.54,-7.54,-0.03,0.10,-0.10,468,434,457,329,377
3.82,-7.09,-7.09,0.21,0.23,-0.11,468,434,458,329,377
3.75,-7.93,-7.93,-0.01,0.13,-0.02,468,435,457,329,378
4.14,-8.18,-8.18,0.13,0.11,-0.09,469,435,457,329,378
2.66,-8.82,-8.82,-0.06,0.16,0.04,469,434,457,329,378
4.02,-8.28,-8.28,-0.41,0.05,0.04,469,434,457,329,377
1.52,-8.10,-8.10,0.08,0.43,0.05,471,434,457,329,377
3.72,-7.77,-7.77,-0.10,0.14,0.00,470,433,457,329,377
2.08,-7.59,-7.59,0.11,0.22,0.06,471,433,457,329,377
3.82,-7.44,-7.44,0.00,-0.05,-0.08,471,433,457,329,377
2.42,-8.14,-8.14,0.06,0.07,0.02,471,433,457,329,377
3.43,-7.99,-7.99,-0.05,-0.05,-0.05,471,433,457,329,377
END
2.94,-8.36,-8.36,0.03,-0.05,-0.17,464,436,455,330,373
5.23,-7.59,-7.59,0.03,0.01,0.03,463,435,455,330,373
5.29,-8.08,-8.08,-0.10,-0.03,0.05,463,435,455,330,373
4.59,-7.94,-7.94,-0.09,0.07,0.05,463,436,455,330,373
4.75,-8.14,-8.14,-0.13,0.07,0.01,463,435,455,330,373
4.18,-8.15,-8.15,-0.10,0.15,-0.08,463,435,455,329,373
5.19,-7.67,-7.67,-0.03,0.25,-0.05,463,435,454,330,373
4.21,-7.52,-7.52,0.21,0.30,0.02,463,435,454,329,373
4.79,-8.27,-8.27,0.01,0.38,0.16,463,435,454,329,372
4.27,-8.05,-8.05,0.01,0.25,0.04,463,435,454,330,372
5.53,-8.42,-8.42,0.08,0.09,-0.12,463,435,454,329,372
3.80,-8.69,-8.69,-0.08,0.25,0.26,464,435,455,329,373
5.18,-8.18,-8.18,0.03,-0.09,-0.16,463,435,455,329,374
3.60,-7.58,-7.58,-0.05,0.09,0.13,464,435,454,329,374
3.79,-8.15,-8.15,0.09,0.19,-0.02,464,435,454,329,374
3.97,-7.62,-7.62,-0.08,0.07,-0.01,464,435,454,329,374
4.61,-7.68,-7.68,-0.08,0.05,-0.23,464,435,454,329,374
3.89,-7.64,-7.64,0.11,0.19,-0.22,465,435,454,329,374
4.57,-7.55,-7.55,-0.08,0.08,0.00,466,436,454,329,375
3.00,-7.35,-7.35,0.15,0.13,-0.23,467,436,454,329,375
3.65,-6.78,-6.78,0.10,0.28,-0.02,468,436,454,329,375
3.18,-8.12,-8.12,0.07,0.05,-0.25,469,437,454,329,376
3.98,-7.25,-7.25,0.14,0.48,0.06,471,437,455,329,376
5.00,-8.63,-8.63,-0.11,0.23,-0.16,470,436,455,329,376
3.42,-8.41,-8.41,-0.07,0.25,0.03,472,436,455,329,375
3.35,-7.09,-7.09,-0.02,0.28,-0.02,473,436,455,328,375
3.31,-7.57,-7.57,-0.03,0.26,0.02,475,435,455,329,376
4.37,-7.32,-7.32,0.26,0.48,0.06,475,435,454,328,375
5.25,-8.04,-8.04,-0.04,-0.05,-0.14,474,435,454,328,375
3.14,-7.51,-7.51,0.03,0.12,0.10,476,436,454,329,375
3.56,-7.69,-7.69,0.09,0.03,-0.05,475,436,454,328,375
3.07,-7.40,-7.40,-0.01,-0.09,-0.15,475,435,454,328,374
3.13,-7.93,-7.93,0.14,-0.01,0.01,475,436,454,328,374
2.80,-7.60,-7.60,-0.05,-0.00,-0.03,475,436,454,328,374
3.14,-7.93,-7.93,0.09,0.01,-0.09,474,436,454,329,374
END
3.69,-7.68,-7.68,-0.03,-0.03,-0.08,462,432,452,330,370
6.17,-7.09,-7.09,-0.07,0.03,0.01,461,432,452,330,370
5.79,-7.00,-7.00,0.02,0.03,-0.05,461,432,451,329,370
5.81,-7.09,-7.09,0.00,0.09,-0.02,461,432,451,329,370
6.16,-7.13,-7.13,0.00,0.00,-0.03,461,432,452,329,370
5.15,-7.65,-7.65,-0.04,0.11,0.10,461,432,451,329,370
4.87,-8.18,-8.18,-0.05,0.16,-0.00,461,432,451,329,370
5.80,-7.85,-7.85,-0.16,0.16,0.03,461,432,451,330,370
5.43,-7.77,-7.77,-0.22,0.16,0.03,461,432,451,330,370
5.87,-7.86,-7.86,-0.05,0.12,-0.02,461,432,451,330,370
5.41,-7.20,-7.20,-0.08,0.06,0.01,461,432,451,330,370
5.19,-7.29,-7.29,0.16,0.14,0.08,461,432,451,329,370
5.19,-7.54,-7.54,-0.08,-0.06,0.04,461,432,451,329,369
3.81,-8.08,-8.08,0.05,0.31,0.16,461,432,451,329,369
4.87,-8.08,-8.08,0.02,0.13,-0.06,461,432,450,329,369
5.41,-8.28,-8.28,-0.01,0.33,0.04,461,432,451,330,369
4.26,-6.95,-6.95,-0.04,0.02,-0.05,462,432,451,329,370
4.88,-7.52,-7.52,-0.04,0.20,0.12,462,431,451,329,370
5.33,-8.04,-8.04,-0.08,-0.02,-0.14,462,431,451,329,370
4.11,-8.03,-8.03,-0.04,0.21,0.20,463,432,451,330,370
4.61,-8.23,-8.23,0.04,0.08,-0.12,463,431,450,329,370
4.65,-7.90,-7.90,0.00,0.14,0.09,463,431,450,330,370
4.39,-7.82,-7.82,0.13,0.12,-0.10,463,431,450,329,369
5.63,-7.37,-7.37,0.02,0.01,0.01,463,431,450,329,370
4.02,-7.62,-7.62,0.02,0.05,-0.05,464,432,450,329,370
3.42,-7.44,-7.44,-0.01,0.14,0.11,464,432,450,329,370
3.45,-7.37,-7.37,0.13,0.17,-0.09,465,432,450,328,370
3.62,-7.59,-7.59,0.10,0.14,-0.10,465,432,450,329,370
4.32,-7.47,-7.47,0.32,0.27,-0.16,466,432,450,329,370
4.96,-7.88,-7.88,0.09,0.23,-0.04,466,432,450,329,370
4.26,-7.84,-7.84,0.11,0.26,-0.06,467,433,450,329,370
3.21,-7.50,-7.50,0.01,0.20,0.10,468,432,450,329,370
4.30,-7.41,-7.41,-0.01,0.23,-0.11,468,433,450,329,370
4.73,-6.98,-6.98,0.08,0.03,-0.10,468,432,450,329,370
4.24,-7.62,-7.62,0.04,0.09,0.10,469,432,450,329,370
END
3.57,-7.79,-7.79,0.00,0.01,-0.11,459,429,449,329,368
6.61,-6.81,-6.81,0.01,0.01,0.00,459,429,449,329,368
6.37,-6.78,-6.78,-0.03,0.03,0.06,459,429,449,329,368
5.96,-7.04,-7.04,0.01,0.02,0.02,459,429,448,329,368
6.31,-6.91,-6.91,-0.00,-0.03,-0.01,459,429,448,329,368
5.22,-7.17,-7.17,-0.00,0.05,0.03,459,429,448,329,368
5.98,-7.88,-7.88,0.01,0.11,0.04,459,429,449,329,368
5.78,-7.88,-7.88,-0.10,0.14,0.03,459,429,448,329,368
6.47,-7.08,-7.08,-0.03,0.02,-0.18,459,429,448,329,368
5.70,-7.13,-7.13,-0.17,0.10,0.13,459,429,448,329,368
5.26,-7.46,-7.46,0.11,0.01,-0.03,458,429,448,329,368
5.94,-7.83,-7.83,-0.03,0.11,0.10,459,430,448,329,368
4.42,-7.81,-7.81,-0.13,0.19,0.10,459,430,448,329,368
4.93,-7.77,-7.77,0.10,0.20,-0.12,459,430,449,329,368
6.83,-6.83,-6.83,-0.08,-0.12,-0.44,458,430,449,329,368
5.45,-6.38,-6.38,-0.12,0.28,0.03,458,430,448,329,368
6.83,-6.90,-6.90,-0.01,0.02,-0.07,457,430,448,329,368
5.06,-7.22,-7.22,-0.09,0.28,0.27,458,430,448,329,368
5.06,-7.56,-7.56,0.06,0.12,-0.02,458,430,448,329,368
5.46,-7.95,-7.95,0.02,0.28,0.12,458,430,448,329,368
4.20,-7.75,-7.75,-0.20,0.23,0.28,458,429,448,329,368
5.53,-6.77,-6.77,0.18,0.08,-0.39,458,429,448,329,368
5.99,-7.43,-7.43,-0.14,0.03,0.15,458,429,448,329,369
5.52,-8.33,-8.33,0.09,0.11,-0.16,460,430,447,329,369
4.42,-7.76,-7.76,-0.03,0.15,-0.00,460,429,448,329,369
4.47,-7.58,-7.58,0.16,0.17,-0.16,461,430,448,329,369
4.69,-7.32,-7.32,0.04,0.24,0.11,462,430,448,329,369
5.50,-7.90,-7.90,-0.10,-0.08,0.02,463,430,448,329,369
3.42,-7.91,-7.91,-0.04,0.47,0.21,466,431,448,329,369
4.89,-7.55,-7.55,0.02,0.08,-0.19,466,431,448,329,370
5.75,-7.44,-7.44,0.02,0.31,0.03,466,430,448,329,370
4.26,-7.37,-7.37,0.19,0.50,0.21,468,431,448,329,370
4.03,-7.87,-7.87,0.02,0.11,-0.03,469,431,447,328,369
5.02,-7.29,-7.29,-0.09,0.15,0.03,471,431,447,329,369
3.52,-7.56,-7.56,0.05,0.07,-0.06,471,431,447,328,369
END
4.53,-7.77,-7.77,0.12,0.02,-0.05,457,428,445,330,368
6.91,-6.59,-6.59,-0.17,-0.01,0.04,457,428,446,330,368
5.65,-6.32,-6.32,-0.13,0.01,0.08,457,428,446,329,368
5.70,-6.17,-6.17,-0.03,0.08,0.04,457,428,446,329,368
5.89,-6.15,-6.15,0.16,0.03,-0.13,457,427,446,329,368
6.63,-6.88,-6.88,0.03,0.04,-0.08,457,427,446,329,368
5.72,-6.92,-6.92,0.07,0.08,-0.07,456,428,446,329,368
6.58,-7.14,-7.14,0.04,0.07,-0.02,457,427,446,329,368
7.02,-7.46,-7.46,0.16,0.01,-0.10,456,427,445,329,368
6.79,-6.99,-6.99,-0.14,0.10,0.15,457,428,445,329,368
6.35,-7.06,-7.06,0.09,-0.04,-0.18,456,427,445,329,368
6.68,-7.34,-7.34,-0.07,0.15,0.08,456,427,445,329,368
5.35,-7.24,-7.24,-0.04,0.11,-0.02,457,427,446,328,368
5.99,-6.95,-6.95,0.05,0.21,-0.03,457,427,446,329,368
5.10,-7.57,-7.57,-0.26,0.13,-0.00,456,427,446,329,368
7.19,-6.86,-6.86,-0.18,0.04,-0.14,456,427,445,329,369
6.26,-6.33,-6.33,-0.04,0.34,0.05,457,427,445,329,369
6.20,-6.63,-6.63,-0.01,0.20,0.09,456,427,445,329,369
5.37,-6.70,-6.70,0.05,0.18,0.01,457,427,445,329,369
4.98,-6.87,-6.87,0.03,0.22,0.09,457,427,445,329,369
6.17,-7.40,-7.40,-0.06,-0.01,-0.10,457,427,445,329,370
4.61,-7.25,-7.25,0.05,0.18,-0.05,457,427,445,329,370
5.05,-6.93,-6.93,-0.04,0.10,0.15,458,427,445,329,370
5.31,-7.39,-7.39,0.05,0.07,0.03,459,428,445,329,371
4.39,-7.56,-7.56,0.18,0.49,0.18,459,427,445,329,370
5.60,-8.21,-8.21,-0.06,0.06,-0.03,459,427,445,329,370
4.42,-8.18,-8.18,0.10,0.30,0.01,461,428,445,329,370
5.41,-7.65,-7.65,-0.22,0.05,-0.09,460,428,444,329,369
4.49,-8.02,-8.02,0.10,0.21,-0.07,462,428,444,329,369
5.23,-7.45,-7.45,0.10,0.26,-0.08,462,428,445,329,370
4.26,-7.80,-7.80,0.13,0.28,0.01,464,428,445,329,370
3.36,-7.37,-7.37,0.07,0.45,0.31,466,429,445,328,369
4.23,-7.58,-7.58,0.04,0.37,0.03,464,428,444,328,369
3.45,-7.42,-7.42,0.10,0.35,0.11,465,427,444,329,369
4.40,-7.73,-7.73,0.14,0.24,-0.04,465,428,444,329,369
END
4.16,-7.42,-7.42,-0.05,-0.03,-0.06,457,426,444,329,367
6.40,-7.41,-7.41,-0.13,0.03,0.09,457,426,443,329,367
5.97,-6.93,-6.93,-0.02,-0.06,-0.03,456,426,443,329,367
5.05,-6.80,-6.80,-0.04,0.05,0.10,456,426,443,329,367
5.38,-7.01,-7.01,0.12,-0.01,-0.09,456,426,443,329,367
5.36,-7.03,-7.03,0.01,0.05,-0.01,456,426,443,329,367
5.02,-7.56,-7.56,0.18,0.11,-0.13,456,426,444,329,367
6.81,-7.26,-7.26,0.04,0.05,-0.15,456,426,444,329,367
6.50,-7.44,-7.44,-0.05,-0.07,-0.23,456,427,443,329,367
5.90,-6.81,-6.81,-0.09,0.14,0.02,456,428,444,329,367
5.51,-7.07,-7.07,0.10,0.07,-0.09,456,428,443,329,367
5.71,-7.64,-7.64,0.00,0.15,-0.05,456,428,443,329,367
4.99,-7.37,-7.37,-0.00,0.25,0.06,456,427,443,329,367
6.14,-7.01,-7.01,0.12,0.06,-0.15,456,427,443,329,367
6.10,-6.89,-6.89,0.07,0.25,0.12,456,427,443,328,367
5.92,-6.80,-6.80,0.04,0.16,-0.02,456,427,443,328,367
6.20,-6.87,-6.87,-0.04,0.22,0.15,456,427,443,328,367
5.34,-6.86,-6.86,-0.04,0.11,0.05,456,427,443,329,367
6.12,-7.41,-7.41,0.01,-0.01,-0.13,456,427,443,329,367
4.06,-7.03,-7.03,0.18,0.23,0.03,457,427,443,329,367
5.63,-7.28,-7.28,-0.14,0.02,0.02,457,427,443,329,367
5.15,-7.14,-7.14,0.08,0.12,-0.13,457,427,443,329,367
5.33,-7.01,-7.01,-0.10,0.19,0.13,457,427,443,329,367
4.43,-7.39,-7.39,-0.01,0.08,-0.13,457,427,443,329,367
4.52,-7.33,-7.33,-0.09,0.18,0.13,457,427,443,329,367
4.69,-7.14,-7.14,0.02,0.11,0.03,458,427,442,329,367
4.52,-7.29,-7.29,0.08,0.09,0.05,459,428,442,329,367
4.88,-7.59,-7.59,-0.09,0.20,0.11,459,428,443,328,367
4.10,-7.42,-7.42,-0.02,0.14,-0.12,460,428,442,328,367
4.51,-7.44,-7.44,-0.01,0.26,-0.02,460,427,443,329,367
4.13,-7.80,-7.80,-0.04,0.15,-0.08,460,427,443,329,367
4.05,-7.59,-7.59,0.01,0.33,0.07,461,428,443,328,367
3.87,-7.47,-7.47,-0.06,0.15,-0.13,461,428,443,328,367
3.74,-6.88,-6.88,0.02,0.37,0.04,462,428,443,329,367
4.63,-8.15,-8.15,0.16,0.33,-0.22,462,427,443,328,367
END
4.72,-7.11,-7.11,-0.01,0.12,-0.05,454,425,442,329,367
5.72,-7.02,-7.02,0.04,0.04,0.02,454,425,442,329,367
5.64,-6.89,-6.89,0.05,0.05,0.06,454,424,441,329,367
6.50,-6.89,-6.89,0.07,-0.07,-0.08,454,424,441,329,367
6.18,-7.19,-7.19,-0.00,-0.02,-0.00,454,424,442,329,367
6.85,-7.36,-7.36,0.12,-0.08,-0.12,454,424,441,329,367
5.67,-7.28,-7.28,-0.10,0.10,0.23,454,424,442,329,367
6.05,-7.72,-7.72,0.09,-0.00,-0.07,454,424,442,329,367
5.68,-7.89,-7.89,-0.10,0.13,0.16,454,424,442,329,367
5.82,-7.57,-7.57,-0.02,-0.01,-0.05,454,424,442,329,367
6.13,-7.11,-7.11,-0.11,0.00,0.03,454,424,442,329,367
6.74,-6.69,-6.69,0.14,-0.13,-0.28,454,424,442,329,367
6.21,-6.57,-6.57,-0.17,0.09,0.13,454,424,442,329,367
4.76,-7.10,-7.10,0.08,0.20,0.04,454,424,442,329,367
6.14,-7.59,-7.59,-0.05,0.15,0.02,454,424,442,329,367
4.74,-7.80,-7.80,-0.01,0.16,-0.01,454,424,442,329,367
6.82,-7.73,-7.73,-0.08,0.05,-0.15,454,424,442,329,366
5.25,-7.56,-7.56,-0.16,0.15,0.04,454,425,442,329,368
5.58,-7.54,-7.54,0.01,0.11,-0.02,454,424,442,329,368
5.77,-7.54,-7.54,-0.06,0.03,0.01,454,424,441,329,368
5.27,-7.69,-7.69,0.02,0.00,-0.10,454,424,441,329,368
5.28,-7.77,-7.77,-0.10,0.10,0.02,454,424,442,329,368
5.52,-7.44,-7.44,-0.06,0.03,-0.04,454,424,441,329,367
4.41,-7.07,-7.07,-0.02,0.22,0.04,455,424,441,329,368
4.85,-7.22,-7.22,0.05,0.10,-0.01,454,424,441,329,368
4.16,-7.44,-7.44,0.03,0.29,0.17,455,425,441,329,368
4.72,-7.83,-7.83,0.03,0.15,0.07,455,425,441,330,368
3.67,-8.43,-8.43,0.02,0.27,0.02,456,425,441,329,368
4.41,-7.62,-7.62,-0.04,0.20,0.00,457,425,441,329,368
3.89,-7.44,-7.44,-0.10,0.26,0.20,457,426,442,329,368
3.62,-7.72,-7.72,0.01,0.24,-0.05,458,425,441,329,368
2.73,-7.85,-7.85,0.20,0.32,0.24,461,426,442,329,368
3.61,-7.64,-7.64,0.09,0.67,0.04,459,426,442,329,368
2.73,-8.65,-8.65,0.12,0.47,0.75,460,425,442,329,368
2.05,-7.64,-7.64,0.00,0.12,0.05,460,425,442,328,367
END
2.90,-7.80,-7.80,0.09,-0.14,-0.31,454,424,440,329,366
5.53,-7.54,-7.54,0.00,0.05,0.07,454,424,440,329,366
5.48,-7.64,-7.64,0.04,-0.04,-0.09,454,423,440,329,365
5.10,-7.47,-7.47,-0.03,0.07,0.02,454,424,440,329,365
5.31,-7.27,-7.27,0.05,0.01,-0.09,454,424,440,329,365
4.87,-7.47,-7.47,-0.02,0.14,0.01,454,423,440,329,366
5.20,-7.53,-7.53,0.01,0.14,-0.02,454,424,440,329,366
4.72,-7.73,-7.73,0.16,0.15,-0.10,454,424,440,329,366
6.37,-7.74,-7.74,-0.04,-0.01,-0.11,454,424,440,329,366
4.95,-7.72,-7.72,-0.08,0.17,0.02,454,423,440,329,366
5.91,-7.39,-7.39,-0.15,-0.00,-0.00,454,424,440,329,366
5.36,-7.65,-7.65,0.05,0.08,-0.03,453,423,440,329,365
5.58,-7.62,-7.62,-0.07,0.01,0.13,453,423,439,329,365
4.48,-8.00,-8.00,0.13,0.07,-0.07,454,423,440,329,365
6.35,-7.25,-7.25,-0.05,-0.11,-0.15,453,423,440,329,365
4.52,-7.10,-7.10,0.01,0.16,0.08,453,423,440,329,365
6.15,-7.40,-7.40,0.02,-0.01,-0.01,453,423,440,329,365
5.08,-7.18,-7.18,-0.01,0.07,0.10,453,423,440,329,365
4.87,-7.65,-7.65,0.12,0.01,-0.10,453,423,440,329,365
4.29,-7.90,-7.90,0.02,0.17,0.05,453,423,439,329,365
4.52,-8.23,-8.23,0.12,0.15,-0.09,453,423,440,328,365
3.20,-7.66,-7.66,0.01,0.31,0.13,454,423,440,328,365
4.47,-7.10,-7.10,0.15,0.17,-0.25,454,423,440,329,364
4.90,-6.96,-6.96,0.07,0.30,0.05,454,424,439,329,365
5.66,-7.76,-7.76,-0.07,-0.04,-0.08,454,424,439,329,365
4.16,-8.07,-8.07,-0.01,0.32,0.09,455,424,440,329,365
4.47,-7.89,-7.89,-0.04,0.14,0.06,455,424,440,329,365
3.84,-8.16,-8.16,0.01,0.19,-0.03,455,424,440,329,366
4.05,-7.68,-7.68,-0.15,0.10,0.04,455,424,440,329,366
3.19,-7.80,-7.80,0.14,0.28,-0.09,456,424,440,329,366
3.88,-7.68,-7.68,0.06,0.23,-0.00,456,424,440,329,366
3.49,-7.66,-7.66,-0.00,0.13,-0.11,456,424,439,329,366
3.03,-7.25,-7.25,0.00,0.21,0.19,456,424,440,329,366
2.66,-8.49,-8.49,0.02,0.16,-0.06,458,424,440,329,367
3.44,-8.46,-8.46,-0.06,0.16,0.11,458,424,440,328,367
END
2.70,-8.27,-8.27,-0.18,0.18,0.06,454,423,440,329,367
5.77,-7.66,-7.66,-0.05,-0.04,-0.04,454,423,440,329,367
5.40,-6.83,-6.83,-0.04,0.12,0.08,454,423,440,329,367
6.30,-6.94,-6.94,0.00,-0.06,-0.07,454,423,440,329,367
5.39,-7.14,-7.14,-0.04,-0.03,0.03,454,423,440,329,367
6.14,-7.52,-7.52,-0.00,-0.03,-0.08,454,423,440,329,367
5.44,-7.36,-7.36,-0.05,-0.02,0.06,453,423,439,329,367
5.29,-7.20,-7.20,-0.04,-0.05,-0.05,454,423,439,329,367
5.23,-7.27,-7.27,-0.04,0.05,-0.02,453,423,440,329,367
4.92,-7.32,-7.32,0.00,0.03,-0.07,453,423,439,328,367
5.51,-7.43,-7.43,0.08,0.04,-0.09,454,423,439,329,367
6.63,-7.35,-7.35,-0.22,-0.19,-0.13,453,423,439,329,367
4.82,-7.28,-7.28,0.12,0.32,0.07,453,422,439,328,366
6.25,-7.33,-7.33,-0.03,0.04,-0.03,453,423,439,329,367
4.88,-7.69,-7.69,0.04,0.24,0.02,453,423,439,329,367
5.30,-7.39,-7.39,-0.03,0.16,-0.02,453,423,439,329,367
5.30,-7.44,-7.44,-0.10,0.18,-0.01,453,423,439,329,366
5.50,-6.85,-6.85,-0.31,0.13,0.17,453,423,439,328,366
4.75,-7.20,-7.20,-0.02,0.20,0.01,453,422,438,329,366
6.07,-7.76,-7.76,-0.03,0.00,-0.03,453,422,438,329,366
5.22,-8.06,-8.06,0.09,0.08,-0.02,453,423,438,329,366
5.92,-8.09,-8.09,-0.05,0.01,-0.01,453,422,438,329,366
4.57,-8.03,-8.03,-0.05,-0.00,-0.03,453,423,438,329,366
4.40,-7.80,-7.80,0.04,0.21,0.01,453,423,438,329,366
5.32,-7.95,-7.95,-0.02,0.12,-0.03,453,422,438,329,366
5.29,-7.84,-7.84,-0.04,-0.03,-0.03,453,423,438,329,366
3.52,-7.94,-7.94,-0.06,0.11,-0.05,454,423,439,329,366
4.56,-7.17,-7.17,-0.06,0.03,0.01,454,423,438,329,366
3.15,-7.35,-7.35,0.02,0.27,0.07,455,423,438,329,366
4.80,-6.96,-6.96,0.04,0.18,0.09,454,423,439,328,366
3.77,-7.72,-7.72,0.06,0.23,0.00,455,423,439,328,366
3.93,-7.73,-7.73,0.03,0.19,-0.04,456,423,439,329,366
3.77,-7.77,-7.77,-0.16,0.11,0.08,456,423,439,328,366
3.79,-6.87,-6.87,0.16,0.29,-0.05,457,423,439,329,366
3.91,-9.02,-9.02,0.01,0.21,-0.02,457,423,438,329,366
END
4.26,-7.46,-7.46,-0.00,0.22,0.08,452,422,438,329,366
5.66,-6.88,-6.88,-0.14,-0.02,0.02,452,421,438,328,366
5.17,-6.82,-6.82,0.07,0.01,-0.04,453,422,438,328,366
5.50,-7.17,-7.17,0.05,-0.01,0.01,452,422,438,328,366
5.09,-7.29,-7.29,0.07,-0.11,-0.08,452,422,438,328,366
5.46,-7.53,-7.53,0.09,0.06,-0.01,452,422,438,329,366
4.95,-7.85,-7.85,-0.02,0.04,0.04,452,422,438,329,366
5.53,-7.86,-7.86,-0.01,0.03,-0.03,453,423,438,328,367
4.92,-7.23,-7.23,-0.09,0.06,0.05,455,424,439,328,368
4.24,-7.26,-7.26,0.06,0.17,0.05,457,424,440,328,370
4.67,-7.39,-7.39,-0.07,0.20,0.12,457,422,440,329,372
5.58,-7.67,-7.67,0.14,0.19,0.00,457,422,440,328,372
4.39,-7.75,-7.75,-0.05,0.25,0.17,458,422,440,328,372
5.74,-7.94,-7.94,0.02,0.10,-0.02,457,421,440,328,372
4.30,-7.65,-7.65,-0.09,0.33,0.26,458,420,441,328,373
4.29,-8.03,-8.03,-0.12,0.15,0.20,459,420,440,328,373
3.35,-8.79,-8.79,-0.05,0.21,0.17,459,420,440,328,373
3.45,-8.67,-8.67,-0.18,0.15,0.09,460,420,440,328,372
3.82,-8.34,-8.34,-0.09,0.11,0.09,460,420,440,329,373
3.23,-8.26,-8.26,-0.15,0.17,0.22,461,420,440,328,373
3.22,-8.46,-8.46,-0.07,0.12,0.04,461,420,440,328,372
3.53,-8.17,-8.17,-0.10,0.14,0.03,462,420,438,329,372
2.15,-8.62,-8.62,0.07,0.30,0.01,462,421,439,328,372
2.89,-8.31,-8.31,-0.05,0.16,-0.04,462,422,439,328,371
2.30,-8.53,-8.53,0.06,0.31,-0.07,462,421,439,328,371
1.86,-8.87,-8.87,0.10,0.33,-0.03,462,422,439,328,371
3.35,-7.78,-7.78,0.06,0.29,-0.06,462,422,439,328,370
1.53,-8.06,-8.06,0.04,0.14,-0.01,462,424,438,328,370
2.42,-8.07,-8.07,0.09,0.16,-0.06,462,423,438,328,369
1.78,-8.59,-8.59,0.10,0.08,-0.21,463,424,438,328,370
1.69,-7.94,-7.94,0.06,0.16,-0.11,463,425,438,328,370
1.89,-8.55,-8.55,-0.03,0.24,-0.01,462,424,438,328,369
2.56,-8.38,-8.38,0.00,0.12,0.01,462,424,438,328,369
2.32,-8.50,-8.50,0.00,0.11,0.07,463,424,438,328,369
1.35,-8.45,-8.45,0.01,0.09,0.24,463,424,438,328,369
END
1.80,-8.36,-8.36,-0.13,-0.08,-0.02,455,423,437,329,370
5.18,-7.12,-7.12,-0.08,-0.09,-0.05,455,422,437,329,370
4.45,-7.06,-7.06,-0.05,0.07,0.03,455,422,437,328,370
5.20,-6.86,-6.86,-0.04,-0.02,-0.05,455,421,437,328,370
4.34,-7.29,-7.29,0.04,0.03,-0.06,455,423,438,328,370
5.97,-7.19,-7.19,0.05,-0.05,-0.14,455,423,438,328,370
3.88,-7.42,-7.42,-0.01,0.10,0.09,455,423,437,329,370
5.14,-7.87,-7.87,0.18,0.08,-0.10,455,422,438,329,370
5.30,-7.68,-7.68,0.06,0.12,0.04,455,422,437,329,370
5.19,-7.34,-7.34,-0.05,-0.08,-0.12,455,422,437,328,370
5.13,-7.34,-7.34,0.08,0.03,-0.06,454,422,437,329,370
4.59,-7.52,-7.52,-0.04,0.03,0.01,455,422,437,329,370
4.51,-7.70,-7.70,0.10,0.06,-0.09,454,422,437,328,370
4.02,-7.86,-7.86,-0.07,0.19,0.03,454,422,437,328,370
4.62,-7.57,-7.57,0.00,0.12,-0.12,454,421,437,329,370
5.05,-7.49,-7.49,-0.15,0.12,-0.01,454,422,437,329,370
5.72,-7.47,-7.47,0.02,0.02,-0.16,454,421,437,329,370
5.15,-7.18,-7.18,-0.16,0.08,0.11,454,421,437,328,370
5.06,-7.63,-7.63,-0.00,-0.02,-0.05,454,422,437,328,370
4.72,-7.19,-7.19,-0.08,0.06,0.05,454,422,437,328,370
4.64,-7.39,-7.39,0.09,0.08,-0.05,454,421,437,328,370
4.94,-7.42,-7.42,-0.03,0.03,0.04,454,421,437,329,370
4.05,-7.59,-7.59,0.07,0.14,0.02,454,421,437,328,370
4.69,-7.95,-7.95,0.03,0.09,-0.11,454,421,437,328,370
4.41,-7.59,-7.59,0.05,0.23,-0.02,454,421,437,329,370
4.39,-7.80,-7.80,-0.10,0.24,0.07,454,421,436,328,369
3.94,-7.36,-7.36,0.04,0.20,-0.08,454,421,437,329,369
4.54,-7.42,-7.42,-0.04,0.10,-0.03,454,422,437,328,369
3.12,-7.39,-7.39,0.02,0.14,-0.11,455,422,437,328,369
4.91,-7.32,-7.32,-0.03,0.17,0.03,455,422,437,329,369
4.14,-7.92,-7.92,-0.09,0.08,-0.03,455,421,437,328,369
3.40,-7.67,-7.67,0.09,0.25,0.04,455,421,437,329,369
4.57,-8.21,-8.21,-0.06,0.12,0.05,455,421,436,329,369
3.14,-7.99,-7.99,0.10,0.30,0.00,455,421,436,329,369
3.34,-7.67,-7.67,-0.07,0.14,0.00,455,421,436,328,369
END
3.27,-7.54,-7.54,-0.00,0.08,-0.17,453,423,436,328,367
4.96,-6.99,-6.99,-0.01,-0.00,0.01,453,423,436,329,367
4.90,-7.13,-7.13,0.08,-0.04,-0.05,453,422,436,329,368
5.24,-7.31,-7.31,0.08,-0.03,-0.06,453,423,436,328,368
5.10,-7.57,-7.57,0.10,0.01,-0.06,453,423,436,329,368
4.90,-7.57,-7.57,-0.03,-0.01,-0.01,453,423,436,329,368
4.77,-8.13,-8.13,0.04,0.03,-0.10,453,423,436,328,367
5.52,-8.18,-8.18,-0.07,0.09,-0.01,453,422,436,328,367
6.79,-6.96,-6.96,-0.16,-0.06,-0.13,453,422,436,328,367
6.46,-6.81,-6.81,-0.11,0.08,0.03,452,422,436,328,367
4.80,-7.09,-7.09,-0.06,0.05,0.08,451,422,437,328,367
5.18,-7.07,-7.07,0.06,0.08,0.08,451,422,437,328,367
5.00,-7.53,-7.53,-0.03,0.08,0.12,451,422,437,328,367
4.61,-7.82,-7.82,0.06,-0.03,0.00,451,422,436,328,367
5.06,-7.56,-7.56,-0.04,-0.01,0.01,451,422,437,328,367
5.36,-7.29,-7.29,-0.04,-0.22,-0.02,451,422,437,328,367
4.33,-7.31,-7.31,0.01,0.05,0.00,451,422,437,328,367
4.87,-7.36,-7.36,0.10,0.10,-0.02,451,422,436,329,366
4.73,-7.55,-7.55,0.02,0.07,-0.03,451,421,436,328,367
4.31,-7.65,-7.65,0.10,0.13,-0.10,451,422,436,328,366
5.97,-7.77,-7.77,0.07,0.01,-0.10,451,422,436,328,366
4.55,-7.88,-7.88,0.04,0.11,-0.10,451,421,436,328,366
5.63,-7.41,-7.41,-0.14,0.07,0.02,451,422,436,328,366
4.54,-7.59,-7.59,-0.00,0.20,0.06,452,422,437,329,366
5.69,-7.96,-7.96,-0.01,0.11,-0.03,451,422,437,328,366
4.90,-7.80,-7.80,0.04,0.17,0.00,452,422,437,329,366
5.23,-7.70,-7.70,-0.11,0.06,0.03,451,422,437,329,366
4.51,-7.49,-7.49,0.03,0.07,-0.06,452,421,436,328,366
4.16,-7.68,-7.68,-0.04,0.12,-0.03,452,422,436,328,366
4.08,-7.52,-7.52,0.01,0.14,-0.07,452,422,437,329,366
3.27,-7.85,-7.85,-0.06,0.34,-0.05,452,422,437,328,366
5.15,-6.88,-6.88,-0.02,0.27,-0.02,452,422,437,328,366
4.63,-7.87,-7.87,-0.02,0.16,-0.00,453,422,436,329,366
4.77,-7.72,-7.72,-0.08,0.06,0.02,453,422,437,328,366
3.40,-7.57,-7.57,-0.08,0.12,0.06,454,423,436,329,366
END
4.03,-8.20,-8.20,-0.03,0.04,-0.16,453,422,437,328,369
5.21,-7.17,-7.17,-0.03,-0.08,-0.04,453,421,436,328,368
4.57,-7.21,-7.21,0.02,-0.01,-0.07,453,421,437,329,369
5.71,-7.16,-7.16,-0.03,0.00,-0.01,453,421,437,328,368
5.41,-7.29,-7.29,-0.01,-0.01,-0.04,453,421,437,329,368
5.24,-7.18,-7.18,0.01,0.01,-0.08,453,421,436,328,368
5.20,-7.44,-7.44,0.02,0.01,-0.08,452,421,437,328,368
5.04,-8.07,-8.07,-0.03,0.06,-0.02,452,421,436,329,368
4.82,-7.98,-7.98,-0.08,0.09,-0.00,452,421,436,328,368
5.03,-7.75,-7.75,-0.03,0.10,-0.07,452,421,436,329,368
5.53,-7.04,-7.04,-0.24,0.02,-0.10,452,421,436,328,368
5.45,-7.05,-7.05,-0.05,0.10,-0.08,452,421,436,329,368
5.59,-7.31,-7.31,-0.23,-0.03,0.05,452,421,436,329,369
4.86,-7.58,-7.58,0.00,0.06,-0.14,452,421,436,328,368
5.74,-7.91,-7.91,-0.09,0.07,0.03,452,421,436,328,369
4.70,-7.30,-7.30,0.01,0.09,-0.04,452,421,436,328,369
6.77,-7.39,-7.39,0.15,-0.04,-0.22,452,421,436,328,369
4.73,-7.02,-7.02,-0.07,0.13,0.05,452,421,436,329,368
6.47,-7.24,-7.24,-0.19,-0.34,-0.17,452,421,435,328,369
4.43,-7.08,-7.08,-0.03,0.16,0.07,452,420,436,329,369
4.36,-7.05,-7.05,0.00,0.19,0.14,452,421,436,329,369
5.20,-7.65,-7.65,0.05,0.14,-0.01,452,421,436,329,369
4.69,-8.03,-8.03,-0.01,0.19,0.06,452,421,436,328,369
6.19,-8.00,-8.00,0.08,0.08,-0.16,452,421,436,329,369
4.58,-7.69,-7.69,-0.09,0.16,0.11,452,421,436,329,369
5.23,-7.68,-7.68,-0.04,0.00,-0.14,452,421,435,328,368
4.35,-7.24,-7.24,-0.06,0.14,0.12,453,421,435,328,368
5.05,-7.15,-7.15,-0.09,0.01,-0.07,452,421,435,329,368
3.82,-7.46,-7.46,0.01,0.16,0.02,453,421,436,328,369
5.05,-7.57,-7.57,-0.01,0.05,0.03,453,421,435,328,369
3.99,-7.80,-7.80,0.06,0.14,0.04,453,421,435,328,369
4.10,-7.70,-7.70,0.00,0.09,0.04,454,421,435,329,369
3.76,-7.99,-7.99,0.08,0.15,-0.03,454,421,435,328,369
4.00,-7.83,-7.83,-0.01,0.11,-0.09,454,421,435,329,369
3.79,-7.84,-7.84,0.03,0.28,0.08,454,421,435,328,369
END
4.25,-7.93,-7.93,-0.01,0.21,-0.03,451,420,435,329,368
5.08,-6.72,-6.72,0.01,-0.02,0.02,451,420,435,329,368
5.31,-7.37,-7.37,0.13,0.05,-0.06,451,420,435,329,368
5.45,-7.01,-7.01,0.03,0.09,0.03,451,420,435,329,368
5.52,-7.29,-7.29,0.12,0.06,-0.06,451,420,435,329,368
6.02,-7.08,-7.08,0.01,0.10,0.03,451,420,435,329,369
5.71,-7.06,-7.06,-0.01,0.01,0.01,451,420,435,329,368
5.54,-7.38,-7.38,0.03,0.07,0.02,451,420,435,329,368
6.04,-7.70,-7.70,-0.04,0.01,-0.09,451,420,435,329,368
5.86,-7.29,-7.29,0.01,0.04,-0.04,451,420,435,329,368
4.50,-6.96,-6.96,-0.27,0.10,0.10,451,420,435,329,368
4.69,-6.58,-6.58,-0.01,0.06,-0.07,451,420,435,328,368
5.48,-7.16,-7.16,-0.06,0.07,0.01,451,420,435,329,368
5.53,-7.16,-7.16,-0.04,0.02,-0.03,451,420,435,329,368
5.35,-7.39,-7.39,-0.07,0.09,0.08,451,421,435,328,368
5.36,-7.73,-7.73,0.08,0.07,-0.08,451,421,435,328,368
5.32,-7.69,-7.69,0.07,0.25,0.12,451,421,434,328,369
4.33,-7.58,-7.58,0.03,0.21,0.04,451,421,434,329,367
4.70,-7.63,-7.63,0.07,0.17,0.04,451,421,434,329,367
4.49,-7.96,-7.96,0.00,0.08,-0.03,451,421,434,329,367
4.69,-7.62,-7.62,-0.08,0.02,-0.03,451,421,434,329,367
4.21,-7.63,-7.63,-0.06,0.07,0.01,451,421,434,329,367
4.53,-7.73,-7.73,0.03,-0.01,-0.13,451,421,434,328,367
3.54,-8.15,-8.15,0.09,0.22,0.03,451,421,434,328,367
5.33,-8.03,-8.03,0.05,0.03,-0.12,451,420,434,328,367
3.80,-7.57,-7.57,-0.01,0.38,0.20,451,420,434,328,367
4.82,-7.11,-7.11,0.04,0.06,-0.06,451,420,434,328,367
4.05,-7.75,-7.75,0.03,0.20,0.16,451,421,434,328,367
3.18,-7.88,-7.88,-0.05,0.16,0.16,452,421,434,329,367
3.62,-7.82,-7.82,0.11,0.04,-0.18,452,421,434,329,367
2.59,-7.69,-7.69,0.06,0.27,0.12,452,421,434,329,367
2.95,-7.95,-7.95,0.08,0.06,-0.30,452,421,434,328,367
2.66,-7.44,-7.44,0.09,0.36,0.04,452,421,435,328,367
4.58,-7.80,-7.80,0.01,0.10,-0.05,451,420,434,329,367
2.48,-7.76,-7.76,0.02,0.34,0.13,452,420,434,328,367
END
3.29,-8.01,-8.01,-0.02,0.07,0.01,452,420,435,328,367
5.40,-7.37,-7.37,-0.09,0.11,0.09,452,420,435,329,367
5.61,-7.04,-7.04,-0.05,-0.12,-0.11,452,421,435,329,367
5.00,-6.89,-6.89,0.10,0.13,0.02,452,421,435,329,367
6.01,-7.77,-7.77,0.13,-0.13,-0.21,452,421,436,329,368
5.51,-7.44,-7.44,-0.16,0.07,0.16,452,421,435,329,368
4.63,-7.47,-7.47,0.02,0.09,0.03,451,420,435,329,368
5.73,-7.93,-7.93,-0.01,-0.01,-0.07,451,421,435,329,368
4.76,-7.44,-7.44,-0.03,0.19,0.10,451,420,435,329,367
5.33,-7.45,-7.45,0.07,0.03,-0.12,451,420,435,329,368
4.35,-7.09,-7.09,-0.03,0.22,0.08,451,420,435,329,366
5.94,-7.31,-7.31,0.24,-0.00,-0.21,451,420,434,329,367
4.88,-7.74,-7.74,-0.11,0.14,-0.00,451,420,434,329,367
5.38,-7.49,-7.49,0.03,0.06,-0.11,451,421,435,328,368
5.44,-8.00,-8.00,-0.14,0.04,-0.06,452,420,435,329,368
4.87,-7.59,-7.59,-0.11,0.11,0.06,452,420,434,329,368
4.92,-7.21,-7.21,0.01,0.06,0.02,452,420,435,329,369
4.95,-7.24,-7.24,0.01,0.03,0.01,452,420,435,329,369
3.99,-7.54,-7.54,0.11,0.12,-0.04,452,420,435,329,369
4.37,-7.67,-7.67,0.02,0.17,0.01,452,419,434,329,368
3.79,-7.93,-7.93,0.11,0.16,-0.09,452,419,435,329,369
5.85,-7.29,-7.29,-0.09,0.10,-0.02,452,419,434,329,368
4.01,-7.47,-7.47,0.06,0.19,0.02,452,419,435,328,368
5.44,-7.43,-7.43,-0.08,0.04,0.06,452,419,434,329,368
3.99,-7.96,-7.96,0.10,0.13,-0.11,453,420,435,329,368
4.19,-7.93,-7.93,0.02,0.16,0.15,453,419,435,329,368
4.36,-8.02,-8.02,-0.02,0.00,-0.12,453,420,435,329,368
4.13,-7.37,-7.37,-0.05,0.16,0.10,453,420,435,329,368
4.21,-7.77,-7.77,-0.01,0.10,0.02,453,419,434,329,368
3.65,-7.72,-7.72,-0.06,0.04,0.02,453,419,434,329,368
3.06,-7.43,-7.43,0.06,0.20,-0.03,452,419,434,329,368
3.39,-7.72,-7.72,0.03,0.14,-0.05,452,419,434,328,368
3.22,-8.30,-8.30,0.14,0.24,-0.03,452,419,434,329,368
3.68,-7.81,-7.81,-0.01,0.15,0.07,453,418,434,329,368
2.86,-8.44,-8.44,-0.00,0.12,-0.01,453,418,434,329,368
END
3.25,-8.11,-8.11,-0.03,0.14,-0.01,451,420,434,328,367
5.84,-6.91,-6.91,-0.01,-0.02,-0.00,451,420,434,329,367
5.51,-7.39,-7.39,-0.01,-0.03,-0.05,451,420,434,329,367
5.92,-7.00,-7.00,-0.02,0.08,0.03,450,420,434,329,367
5.10,-6.63,-6.63,0.04,-0.02,-0.08,450,420,434,329,367
5.94,-6.83,-6.83,0.09,0.14,0.04,450,420,434,329,367
6.46,-7.15,-7.15,0.07,-0.02,-0.10,450,420,434,329,367
6.12,-7.10,-7.10,-0.03,0.04,0.02,450,420,434,329,367
4.80,-7.16,-7.16,-0.04,-0.06,-0.05,450,420,433,329,367
5.89,-7.44,-7.44,-0.02,0.09,-0.02,450,420,434,329,367
5.76,-7.34,-7.34,-0.15,0.08,0.09,450,420,434,329,367
5.73,-7.53,-7.53,-0.01,0.09,0.02,450,421,434,329,367
6.05,-7.45,-7.45,-0.21,0.05,0.15,450,420,434,329,367
5.49,-7.72,-7.72,0.05,-0.01,0.00,450,420,434,329,367
5.19,-7.35,-7.35,-0.12,0.09,0.20,450,420,434,329,367
5.05,-7.77,-7.77,0.12,-0.01,-0.08,450,420,434,329,367
5.05,-7.10,-7.10,-0.06,0.18,0.23,450,420,434,329,366
4.49,-7.14,-7.14,0.10,-0.09,-0.14,450,420,433,329,367
4.34,-7.49,-7.49,0.06,0.11,0.12,450,420,434,329,366
4.34,-7.90,-7.90,0.24,0.10,-0.13,450,420,433,329,366
5.22,-7.75,-7.75,-0.06,0.15,0.13,450,420,434,329,366
3.84,-7.67,-7.67,0.14,0.08,-0.19,451,420,434,329,367
4.42,-7.75,-7.75,-0.03,0.16,0.01,451,421,434,329,366
4.64,-7.39,-7.39,0.06,0.13,-0.09,451,420,434,329,367
4.74,-7.89,-7.89,-0.02,0.18,0.07,451,421,434,329,367
4.95,-7.87,-7.87,0.03,0.12,-0.05,451,420,434,329,367
4.34,-7.09,-7.09,-0.05,0.24,0.17,451,421,434,329,367
3.16,-7.42,-7.42,0.13,0.23,0.00,451,420,434,329,366
3.80,-7.42,-7.42,0.03,0.16,0.07,451,421,434,329,366
3.89,-7.42,-7.42,0.02,0.14,-0.03,452,421,434,329,366
3.24,-8.15,-8.15,0.02,0.23,0.14,452,420,433,329,366
4.28,-7.89,-7.89,-0.07,0.08,-0.08,452,420,433,329,365
3.39,-7.98,-7.98,-0.01,0.11,0.01,453,420,433,329,366
3.31,-7.45,-7.45,0.06,0.17,0.00,452,420,433,329,366
3.51,-7.82,-7.82,0.02,0.07,-0.07,453,421,433,328,366
END
3.41,-7.81,-7.81,0.06,0.08,-0.06,451,421,434,329,367
5.19,-7.35,-7.35,0.02,-0.00,0.04,451,421,433,329,367
5.18,-7.38,-7.38,0.14,-0.01,-0.00,451,420,433,328,368
5.23,-7.52,-7.52,0.09,0.02,-0.01,451,421,433,329,369
4.70,-7.84,-7.84,0.07,0.07,0.09,451,421,433,329,369
5.44,-7.99,-7.99,0.02,0.03,0.10,451,420,432,329,369
4.19,-8.06,-8.06,0.08,0.04,-0.00,451,420,433,329,369
4.81,-7.72,-7.72,0.11,0.11,0.02,451,420,432,329,369
5.54,-7.59,-7.59,0.03,0.09,0.02,451,420,433,329,369
4.50,-7.48,-7.48,0.05,0.08,0.03,451,420,433,329,369
5.07,-7.65,-7.65,0.01,0.03,-0.06,451,420,432,329,369
4.46,-7.57,-7.57,0.05,0.08,-0.01,451,420,433,329,369
4.69,-7.61,-7.61,0.04,0.06,0.02,451,420,433,329,369
4.03,-7.75,-7.75,0.05,0.07,-0.03,451,420,433,329,369
4.57,-7.70,-7.70,0.05,0.10,-0.03,451,420,432,329,369
3.69,-7.72,-7.72,-0.02,0.22,0.07,451,420,433,329,368
4.87,-7.78,-7.78,0.13,0.17,-0.14,451,420,432,328,368
4.76,-7.72,-7.72,-0.05,0.16,0.06,451,420,433,328,367
3.61,-7.52,-7.52,0.06,0.16,-0.01,451,420,433,329,367
4.75,-7.95,-7.95,-0.03,0.02,-0.14,451,420,432,329,367
3.63,-7.80,-7.80,-0.00,0.16,-0.09,452,420,432,329,367
4.32,-8.05,-8.05,-0.06,0.12,-0.04,452,421,432,329,367
4.06,-8.15,-8.15,-0.05,0.08,-0.16,452,420,432,329,367
4.38,-7.60,-7.60,-0.15,0.13,0.08,452,420,432,329,368
4.48,-7.72,-7.72,-0.04,0.16,-0.03,452,420,431,328,367
3.93,-7.36,-7.36,0.04,0.20,0.10,452,420,431,328,367
3.68,-7.77,-7.77,0.02,0.09,-0.05,452,420,431,328,367
3.42,-7.34,-7.34,0.12,0.10,-0.05,452,420,431,329,367
2.63,-7.45,-7.45,0.12,0.22,0.04,453,420,431,328,369
2.62,-8.23,-8.23,0.09,0.13,-0.01,453,420,431,329,367
3.52,-8.12,-8.12,0.12,0.25,-0.07,454,420,431,329,367
4.31,-7.62,-7.62,-0.11,0.06,0.01,453,420,432,329,367
2.17,-7.76,-7.76,-0.04,0.23,0.17,454,420,432,328,367
3.10,-7.42,-7.42,0.02,0.17,-0.09,454,420,432,329,367
3.64,-7.85,-7.85,-0.03,0.08,-0.02,454,420,433,329,367
END
2.71,-7.72,-7.72,-0.03,0.12,-0.00,451,421,433,329,367
5.18,-7.34,-7.34,0.05,-0.05,-0.03,451,421,433,329,367
5.18,-7.17,-7.17,0.09,0.14,0.11,452,421,433,329,367
4.31,-9.16,-9.16,0.19,0.03,-0.08,451,421,433,329,367
5.58,-7.63,-7.63,0.07,0.07,-0.01,451,421,433,329,367
4.29,-6.91,-6.91,-0.02,0.05,0.07,451,421,433,329,367
4.93,-7.52,-7.52,0.25,-0.01,-0.11,451,420,433,329,367
5.16,-7.67,-7.67,0.08,0.14,0.07,451,421,433,329,367
6.98,-7.16,-7.16,-0.02,-0.26,-0.21,451,421,433,329,367
3.52,-7.17,-7.17,-0.00,0.11,0.09,451,421,433,328,367
5.23,-7.88,-7.88,0.11,-0.11,-0.20,450,420,433,329,367
3.94,-7.72,-7.72,-0.11,0.15,0.04,451,420,433,329,367
4.90,-7.58,-7.58,0.02,0.02,-0.12,450,420,433,330,367
5.15,-7.77,-7.77,-0.07,0.15,-0.01,451,420,433,329,367
4.92,-7.78,-7.78,0.03,0.10,-0.07,450,420,433,329,367
5.23,-7.84,-7.84,-0.03,0.18,-0.04,451,420,433,329,367
5.64,-7.93,-7.93,-0.02,-0.05,-0.15,450,420,433,329,367
5.37,-7.47,-7.47,-0.13,0.09,0.02,450,420,433,329,367
4.96,-7.26,-7.26,-0.02,0.03,-0.05,450,420,433,329,367
4.60,-6.87,-6.87,-0.02,0.11,0.06,450,420,433,329,367
4.53,-7.09,-7.09,0.10,0.05,-0.05,450,420,433,329,366
3.85,-7.21,-7.21,0.08,0.19,0.10,451,420,433,329,366
4.63,-7.81,-7.81,0.08,0.05,-0.08,450,420,433,329,367
4.64,-7.79,-7.79,0.03,0.21,0.11,451,420,432,328,366
4.17,-7.81,-7.81,-0.11,0.03,0.18,451,420,432,329,367
4.18,-7.69,-7.69,0.01,0.02,-0.01,451,420,432,329,367
4.27,-7.93,-7.93,-0.07,0.10,0.06,451,420,433,329,367
3.91,-7.62,-7.62,0.05,0.07,-0.05,451,420,433,329,367
3.86,-7.44,-7.44,0.05,0.15,0.03,451,420,433,329,367
3.50,-7.66,-7.66,0.10,0.06,-0.13,451,420,432,328,367
2.68,-7.93,-7.93,0.15,0.28,0.13,452,420,432,329,367
4.28,-7.95,-7.95,0.03,0.09,-0.01,451,420,432,329,367
3.56,-8.23,-8.23,-0.04,0.11,-0.02,452,420,432,329,367
3.04,-8.00,-8.00,0.08,0.25,-0.00,452,420,432,329,366
3.35,-7.99,-7.99,-0.01,0.15,-0.05,452,420,432,329,367
END
3.32,-7.54,-7.54,0.09,0.15,-0.07,450,420,432,329,365
5.28,-7.04,-7.04,0.08,0.02,0.04,450,420,432,329,365
6.17,-7.14,-7.14,-0.05,-0.07,-0.01,450,420,432,329,366
4.87,-7.29,-7.29,0.08,0.04,0.07,450,421,433,329,366
5.84,-6.81,-6.81,0.06,-0.07,-0.01,450,420,433,329,365
4.92,-7.24,-7.24,0.06,0.03,0.08,450,420,432,329,365
5.23,-7.91,-7.91,0.17,-0.03,-0.04,450,420,432,329,365
5.00,-7.86,-7.86,0.04,0.12,0.16,450,420,432,329,366
5.09,-8.05,-8.05,0.14,-0.03,-0.12,450,420,432,329,365
5.26,-7.77,-7.77,-0.11,0.15,0.21,450,420,432,329,365
4.67,-7.44,-7.44,0.03,0.10,0.06,450,420,432,329,365
5.55,-7.39,-7.39,0.06,-0.10,-0.02,450,420,432,329,366
4.57,-7.87,-7.87,0.00,0.08,0.06,450,421,434,329,367
4.78,-8.03,-8.03,-0.02,-0.04,-0.07,450,420,434,329,367
3.24,-7.73,-7.73,-0.10,0.14,0.03,450,420,434,329,367
4.73,-8.05,-8.05,0.08,0.16,-0.07,450,420,434,329,367
5.38,-7.47,-7.47,-0.09,-0.02,-0.09,450,420,434,330,367
4.61,-7.54,-7.54,0.08,0.14,-0.03,450,419,433,329,367
4.94,-7.36,-7.36,-0.05,-0.03,-0.05,450,419,433,329,367
3.86,-7.57,-7.57,0.01,0.07,0.04,450,419,434,329,367
4.26,-8.00,-8.00,0.03,0.04,-0.04,450,420,433,329,367
4.22,-7.71,-7.71,0.08,0.15,-0.02,450,419,433,329,366
5.37,-7.51,-7.51,0.06,0.07,-0.05,450,419,433,328,367
4.52,-7.52,-7.52,0.12,0.14,-0.00,451,420,433,329,367
3.83,-7.31,-7.31,0.07,0.11,0.05,451,420,433,329,367
4.24,-7.83,-7.83,0.07,0.10,-0.05,451,420,433,329,367
3.36,-7.90,-7.90,0.07,0.22,0.06,451,420,433,329,367
3.96,-8.31,-8.31,0.03,0.18,-0.10,451,420,433,329,367
3.93,-7.85,-7.85,0.01,0.28,0.00,451,420,433,329,366
3.56,-7.91,-7.91,0.01,0.18,-0.08,451,420,433,329,366
4.17,-7.65,-7.65,0.04,0.29,0.11,451,420,433,329,366
4.08,-7.67,-7.67,-0.02,0.07,-0.06,451,420,432,329,366
3.33,-7.39,-7.39,0.11,0.20,-0.06,452,420,432,329,366
4.07,-6.98,-6.98,0.01,0.13,-0.02,452,420,432,329,366
3.21,-7.78,-7.78,0.09,0.15,-0.00,452,421,432,329,366
END
2.40,-7.67,-7.67,0.04,0.25,0.05,450,420,433,329,365
4.48,-7.87,-7.87,-0.03,-0.03,-0.10,450,420,432,329,365
5.53,-7.14,-7.14,-0.04,0.15,-0.04,450,420,432,329,365
5.53,-7.10,-7.10,-0.21,0.03,-0.02,449,420,433,329,365
5.30,-7.33,-7.33,-0.18,0.01,-0.01,449,420,432,329,365
5.32,-7.26,-7.26,-0.16,0.02,0.01,449,420,432,329,364
4.80,-7.14,-7.14,-0.03,0.10,0.04,449,420,432,329,364
4.32,-7.15,-7.15,-0.05,0.04,0.04,449,420,432,329,365
4.54,-7.22,-7.22,0.11,0.17,0.02,449,420,432,328,365
3.90,-7.19,-7.19,-0.10,0.07,-0.28,449,420,432,329,365
5.20,-7.44,-7.44,0.27,0.33,-0.10,449,420,432,329,364
6.14,-6.93,-6.93,-0.08,0.07,-0.12,449,420,432,329,364
4.72,-7.65,-7.65,0.16,0.19,-0.04,449,420,431,329,364
4.95,-7.68,-7.68,-0.11,0.11,0.03,449,420,431,329,364
4.31,-7.26,-7.26,-0.05,0.11,-0.06,449,420,431,329,364
4.80,-7.40,-7.40,-0.10,0.06,-0.06,449,420,431,329,364
5.18,-7.37,-7.37,-0.14,0.06,-0.11,449,420,431,329,364
5.44,-7.15,-7.15,0.03,0.12,-0.09,449,419,431,329,364
5.08,-6.85,-6.85,-0.14,0.12,0.08,448,419,431,329,364
4.82,-6.96,-6.96,0.13,-0.01,-0.17,448,419,431,329,364
4.94,-7.04,-7.04,-0.12,0.11,0.10,449,420,431,329,364
4.16,-7.21,-7.21,0.05,-0.09,-0.15,449,420,431,329,364
4.37,-7.47,-7.47,-0.14,0.15,-0.02,449,420,431,329,364
3.88,-7.34,-7.34,0.05,0.11,-0.10,449,419,431,329,364
5.76,-7.40,-7.40,-0.09,0.19,0.00,448,419,431,329,364
4.40,-7.26,-7.26,-0.07,0.12,0.06,448,420,431,329,363
4.16,-7.77,-7.77,-0.02,0.06,-0.06,449,420,431,329,363
4.92,-7.39,-7.39,0.02,0.06,0.01,449,420,431,329,363
4.10,-7.36,-7.36,-0.04,0.10,0.08,449,420,430,329,363
4.26,-7.44,-7.44,-0.03,0.06,0.10,450,420,430,329,363
3.56,-7.52,-7.52,0.05,0.21,0.14,449,420,430,328,363
3.95,-7.85,-7.85,-0.06,0.07,0.06,450,420,430,329,363
3.46,-7.74,-7.74,0.05,0.18,-0.02,450,420,429,329,363
3.64,-8.08,-8.08,-0.02,0.04,-0.13,451,419,430,329,363
3.17,-7.86,-7.86,0.02,0.25,0.03,451,420,430,329,363
END
3.39,-7.73,-7.73,0.05,0.15,-0.21,448,419,430,329,365
5.49,-7.31,-7.31,-0.07,-0.04,0.04,448,419,430,329,365
4.41,-7.04,-7.04,0.04,0.10,0.04,448,419,430,329,365
5.64,-7.26,-7.26,0.05,0.04,-0.04,448,419,430,329,365
4.39,-6.98,-6.98,0.12,0.16,0.09,448,419,430,329,365
5.38,-7.85,-7.85,0.19,0.06,-0.01,448,419,430,329,365
4.71,-7.63,-7.63,-0.05,0.13,0.12,448,419,430,330,364
4.77,-7.42,-7.42,-0.01,0.05,-0.07,448,419,430,329,365
4.70,-6.73,-6.73,-0.11,0.35,0.10,447,419,430,329,365
4.57,-7.47,-7.47,0.03,0.00,-0.17,447,419,430,329,364
4.77,-7.72,-7.72,-0.12,0.16,0.08,447,419,430,329,364
4.50,-8.00,-8.00,-0.04,-0.04,-0.18,447,418,430,329,364
4.57,-7.57,-7.57,-0.14,0.10,0.02,447,419,430,329,365
4.26,-7.54,-7.54,0.01,0.09,-0.09,447,419,430,330,364
4.41,-7.01,-7.01,-0.03,0.15,-0.02,447,419,430,329,364
4.70,-7.54,-7.54,0.08,0.09,-0.05,447,419,429,330,364
3.83,-7.57,-7.57,-0.03,0.11,-0.01,447,419,429,330,365
5.03,-7.77,-7.77,0.08,0.06,-0.16,447,419,430,329,364
4.41,-7.58,-7.58,-0.06,0.12,-0.03,448,419,429,329,364
4.64,-7.71,-7.71,-0.02,0.12,-0.14,447,419,430,329,364
4.67,-7.01,-7.01,-0.23,0.28,0.14,448,419,429,329,364
3.45,-7.88,-7.88,-0.01,0.12,-0.01,448,418,429,329,364
4.78,-7.91,-7.91,-0.02,0.10,-0.06,447,418,429,329,363
3.62,-8.08,-8.08,-0.05,0.17,0.06,448,418,429,329,364
4.33,-7.75,-7.75,0.06,0.14,-0.11,448,418,429,329,363
3.60,-6.92,-6.92,0.01,0.22,0.09,448,418,429,329,364
3.19,-7.56,-7.56,0.10,0.06,-0.08,448,418,429,329,364
3.22,-7.29,-7.29,0.03,0.18,-0.02,449,418,429,329,363
2.58,-7.49,-7.49,0.19,0.24,-0.14,449,418,429,329,364
END
5.20,-6.97,-6.97,0.02,-0.00,0.01,473,445,470,329,369
4.78,-7.21,-7.21,-0.02,-0.00,0.02,473,445,469,329,368
5.04,-7.19,-7.19,0.05,0.02,-0.04,473,445,469,329,368
5.19,-7.17,-7.17,0.05,0.05,-0.03,473,445,469,329,369
5.23,-7.31,-7.31,0.02,0.04,-0.01,473,445,469,329,368
4.50,-7.59,-7.59,0.07,0.02,-0.05,473,444,469,329,368
4.92,-7.75,-7.75,0.02,0.08,-0.04,472,444,469,329,368
5.30,-8.05,-8.05,-0.03,0.07,-0.01,472,445,469,329,368
4.67,-7.80,-7.80,-0.23,-0.11,0.00,472,444,469,329,369
4.11,-7.77,-7.77,-0.00,0.19,-0.01,473,444,469,329,369
4.98,-7.60,-7.60,-0.07,0.10,-0.06,473,444,469,330,369
4.95,-7.19,-7.19,-0.07,0.06,-0.11,473,444,468,329,369
5.36,-7.21,-7.21,-0.07,0.09,-0.10,473,444,468,330,370
5.31,-7.30,-7.30,-0.03,0.12,-0.01,473,444,467,329,370
4.64,-7.34,-7.34,-0.04,0.08,0.02,473,444,467,330,370
5.66,-8.43,-8.43,-0.02,0.01,-0.08,473,443,465,329,371
4.74,-7.49,-7.49,-0.09,0.10,0.11,473,443,465,329,371
4.71,-7.47,-7.47,0.08,0.08,-0.06,473,443,465,329,371
5.16,-7.47,-7.47,0.02,0.03,-0.09,473,443,465,329,372
4.20,-7.31,-7.31,-0.09,0.05,0.08,473,442,465,329,372
4.84,-7.64,-7.64,0.05,0.03,-0.14,474,442,465,329,372
3.85,-7.54,-7.54,-0.02,0.23,0.05,474,442,465,329,373
4.80,-7.90,-7.90,-0.05,0.09,-0.14,474,442,465,329,373
3.62,-7.27,-7.27,-0.11,0.23,0.13,475,442,464,329,374
5.68,-8.00,-8.00,0.21,-0.03,-0.31,474,442,465,329,374
4.68,-7.93,-7.93,-0.04,0.15,0.05,474,441,464,329,374
4.44,-7.57,-7.57,-0.01,0.04,-0.10,474,441,464,330,374
4.59,-7.85,-7.85,-0.04,0.04,-0.01,474,441,464,329,374
4.74,-8.10,-8.10,-0.02,0.01,-0.06,474,441,464,329,375
4.44,-7.85,-7.85,-0.04,0.01,-0.13,475,441,464,329,374
4.52,-7.52,-7.52,0.01,0.05,-0.02,475,441,464,329,374
4.77,-7.82,-7.82,-0.04,-0.03,-0.12,475,441,464,329,374
3.70,-7.49,-7.49,0.05,0.15,0.07,476,441,464,329,373
4.61,-8.15,-8.15,-0.12,0.05,0.06,476,441,464,329,374
3.63,-7.92,-7.92,0.09,0.21,0.01,477,441,465,329,376
END
4.49,-8.46,-8.46,-0.27,-0.04,-0.06,468,438,461,329,368
5.64,-7.30,-7.30,-0.10,0.01,0.05,468,437,460,329,368
5.53,-7.37,-7.37,-0.08,-0.02,-0.04,468,438,460,329,368
5.45,-6.85,-6.85,-0.04,0.05,-0.01,468,438,460,329,368
5.20,-6.87,-6.87,-0.01,0.00,-0.06,468,437,460,329,368
5.31,-7.15,-7.15,-0.02,0.04,-0.03,468,437,461,329,368
5.74,-7.15,-7.15,0.02,0.05,-0.06,468,438,460,329,368
5.66,-7.15,-7.15,0.02,-0.00,-0.05,468,437,461,329,369
5.51,-7.42,-7.42,-0.01,0.00,0.01,468,437,461,329,369
5.79,-7.39,-7.39,-0.18,-0.12,-0.11,468,437,461,329,369
5.37,-7.59,-7.59,0.08,0.13,-0.17,468,438,460,329,369
6.14,-6.99,-6.99,-0.23,-0.02,0.10,468,438,460,329,370
5.38,-7.35,-7.35,0.10,0.03,-0.11,468,437,460,328,369
5.47,-7.09,-7.09,-0.11,0.14,0.17,468,437,460,329,369
5.69,-7.59,-7.59,0.01,0.02,-0.06,468,437,460,329,370
4.97,-7.90,-7.90,-0.13,0.23,0.14,468,437,460,329,370
5.29,-7.95,-7.95,-0.08,0.13,0.05,468,436,460,328,371
5.28,-7.76,-7.76,-0.02,0.06,-0.09,469,436,460,329,372
5.08,-7.49,-7.49,-0.17,0.06,0.08,468,437,460,329,372
5.46,-7.36,-7.36,0.08,-0.08,-0.21,469,437,460,329,372
4.89,-7.49,-7.49,-0.17,-0.03,0.14,469,437,460,329,372
5.49,-7.60,-7.60,-0.04,0.07,-0.19,469,437,460,329,372
5.63,-7.57,-7.57,-0.05,0.07,0.06,469,437,460,329,371
4.80,-7.60,-7.60,0.04,0.09,-0.02,469,437,460,329,371
4.64,-7.52,-7.52,-0.00,0.09,-0.01,469,437,460,329,371
5.59,-7.57,-7.57,0.05,0.04,-0.13,469,436,460,329,371
5.38,-7.14,-7.14,0.03,0.09,-0.08,469,437,460,329,371
4.41,-7.83,-7.83,0.07,0.15,-0.10,470,436,460,329,371
5.05,-7.59,-7.59,0.00,0.14,-0.05,470,437,460,329,371
5.41,-7.37,-7.37,0.08,0.10,-0.15,470,437,460,328,371
5.00,-7.44,-7.44,0.06,0.25,0.05,470,437,460,329,371
5.30,-7.53,-7.53,0.03,0.15,-0.03,470,437,460,329,371
5.13,-7.36,-7.36,0.07,0.18,-0.04,470,437,460,329,371
4.64,-7.54,-7.54,0.02,0.24,0.08,470,437,459,329,371
5.41,-8.00,-8.00,-0.11,0.08,0.01,471,436,460,328,371
END
4.20,-7.43,-7.43,0.01,0.21,0.02,472,436,464,329,389
5.79,-7.16,-7.16,0.07,0.05,0.12,473,436,464,329,389
4.61,-7.59,-7.59,-0.02,-0.04,0.12,476,433,464,328,389
3.52,-7.57,-7.57,0.02,0.06,0.23,479,431,465,329,390
4.77,-8.10,-8.10,0.09,-0.03,-0.03,478,430,465,329,389
4.77,-8.10,-8.10,0.06,0.07,0.03,478,430,464,329,389
3.70,-8.01,-8.01,-0.04,0.10,0.07,478,429,464,329,388
4.39,-8.72,-8.72,0.07,0.20,-0.06,477,429,464,329,388
5.48,-8.46,-8.46,-0.08,0.08,-0.13,476,429,464,329,388
4.86,-8.46,-8.46,-0.20,0.13,-0.01,476,429,464,329,387
4.60,-7.65,-7.65,-0.15,-0.00,-0.08,475,428,464,328,387
3.45,-8.26,-8.26,-0.06,0.16,0.02,475,428,463,329,386
3.83,-7.56,-7.56,-0.06,0.07,-0.09,475,428,464,328,386
3.34,-7.31,-7.31,0.07,0.21,-0.06,475,428,464,328,386
5.48,-7.83,-7.83,0.02,0.16,-0.10,475,427,464,328,386
4.67,-7.98,-7.98,-0.03,0.20,-0.17,475,428,464,328,386
4.68,-7.77,-7.77,-0.11,0.16,-0.01,475,427,464,328,386
3.74,-8.05,-8.05,0.00,0.15,-0.12,475,428,464,328,385
4.92,-7.91,-7.91,-0.05,0.14,-0.04,476,427,464,328,385
4.80,-7.59,-7.59,0.02,0.17,-0.03,476,428,464,328,385
3.79,-7.46,-7.46,0.09,0.13,0.03,475,427,464,328,385
4.17,-7.98,-7.98,0.01,0.13,-0.10,475,428,463,328,385
5.20,-7.24,-7.24,0.09,0.07,-0.16,475,427,463,328,385
4.01,-7.62,-7.62,0.02,0.19,-0.00,475,427,463,328,385
4.47,-7.82,-7.82,0.04,0.07,-0.08,475,428,463,328,384
4.20,-7.48,-7.48,0.06,0.12,-0.04,476,427,463,328,384
4.36,-7.65,-7.65,0.03,0.12,-0.05,476,427,463,329,384
4.26,-7.93,-7.93,0.05,0.10,-0.11,475,427,463,328,383
3.92,-7.91,-7.91,-0.00,0.17,0.04,475,427,463,328,383
3.63,-7.88,-7.88,0.07,0.15,-0.05,476,427,463,328,383
3.88,-7.87,-7.87,0.07,0.17,-0.03,476,427,463,328,382
4.19,-7.52,-7.52,0.01,0.17,-0.06,475,428,463,328,382
3.60,-7.98,-7.98,0.11,0.23,0.01,475,429,462,329,382
3.72,-7.99,-7.99,-0.02,0.20,0.03,475,429,462,329,382
3.65,-8.17,-8.17,-0.00,0.13,0.06,475,428,462,328,382
END
3.54,-8.09,-8.09,-0.10,0.07,0.18,467,431,460,328,377
5.36,-7.24,-7.24,0.06,0.09,-0.06,467,431,460,329,377
6.45,-7.11,-7.11,-0.05,-0.00,-0.02,467,431,460,329,377
5.01,-6.91,-6.91,-0.02,0.05,-0.01,467,431,460,329,376
6.08,-7.37,-7.37,0.04,-0.03,-0.10,466,430,460,329,377
4.84,-7.32,-7.32,-0.03,0.01,-0.02,466,431,460,329,376
5.94,-7.28,-7.28,0.05,0.03,-0.09,466,431,460,328,376
5.53,-7.72,-7.72,-0.06,0.02,-0.06,466,430,460,329,376
6.07,-7.43,-7.43,-0.06,0.04,-0.00,466,430,460,329,376
6.20,-7.42,-7.42,-0.03,-0.05,-0.14,466,430,460,329,376
5.49,-7.22,-7.22,-0.10,-0.01,-0.02,467,430,460,329,376
6.22,-7.12,-7.12,-0.01,-0.09,-0.20,467,431,460,329,376
5.67,-6.55,-6.55,-0.14,-0.01,-0.03,467,430,460,329,376
6.40,-6.50,-6.50,-0.01,-0.08,-0.12,467,431,460,329,376
6.38,-6.81,-6.81,-0.00,-0.03,-0.04,467,430,460,328,376
6.78,-7.49,-7.49,0.02,0.01,0.00,467,430,460,329,376
5.62,-7.53,-7.53,-0.07,0.00,0.10,467,430,460,329,376
4.74,-7.72,-7.72,0.02,0.10,0.10,467,430,460,329,376
5.61,-7.51,-7.51,-0.11,0.02,0.01,468,430,460,329,376
4.90,-6.88,-6.88,0.11,0.20,0.07,469,430,460,329,377
5.24,-7.31,-7.31,-0.04,0.09,-0.03,469,429,460,329,378
4.81,-7.31,-7.31,0.09,0.26,-0.09,469,430,460,329,378
6.22,-7.26,-7.26,-0.08,0.20,0.09,468,429,460,328,379
4.96,-7.49,-7.49,0.10,0.26,-0.07,469,429,460,329,378
5.29,-7.44,-7.44,0.03,0.25,0.12,469,429,460,329,378
5.01,-7.56,-7.56,0.01,0.11,-0.06,470,429,460,329,378
5.18,-7.28,-7.28,0.02,0.13,0.03,469,429,459,328,378
6.34,-7.22,-7.22,-0.06,0.05,0.10,469,429,459,329,377
4.63,-7.95,-7.95,0.03,0.17,0.21,470,429,459,328,377
4.81,-7.97,-7.97,-0.05,0.01,-0.02,471,430,459,328,377
5.17,-8.18,-8.18,-0.12,0.03,0.11,471,429,459,328,377
3.57,-7.94,-7.94,0.05,0.16,0.09,472,430,459,328,377
4.34,-7.82,-7.82,0.02,0.11,0.01,472,430,459,328,377
4.06,-7.65,-7.65,0.01,0.21,0.13,473,430,459,328,376
4.10,-7.78,-7.78,0.08,0.11,-0.12,473,430,459,328,376
END
3.35,-7.83,-7.83,0.08,0.28,0.12,466,433,458,329,377
5.50,-7.52,-7.52,-0.00,0.02,-0.01,466,433,458,329,377
4.94,-7.35,-7.35,-0.03,0.07,0.01,466,432,457,328,377
5.00,-7.50,-7.50,-0.07,0.13,-0.04,466,432,457,329,377
5.60,-6.73,-6.73,-0.14,-0.04,-0.19,466,433,457,328,377
6.47,-7.78,-7.78,0.05,0.11,-0.02,465,432,457,329,377
5.66,-7.03,-7.03,-0.25,0.00,0.06,465,432,457,329,377
5.60,-7.14,-7.14,-0.00,-0.10,-0.16,465,432,457,329,377
4.72,-7.62,-7.62,-0.01,0.11,-0.08,465,432,457,328,377
5.47,-7.60,-7.60,0.05,0.02,-0.29,465,432,457,329,377
6.65,-6.55,-6.55,-0.14,0.19,-0.24,466,432,458,329,377
6.90,-6.63,-6.63,-0.09,0.01,-0.20,466,432,458,329,377
6.20,-7.19,-7.19,-0.08,0.15,-0.03,466,432,457,329,376
6.50,-7.54,-7.54,-0.13,0.04,0.12,466,432,457,329,376
5.35,-7.54,-7.54,0.03,0.02,0.05,466,432,457,328,376
6.61,-7.48,-7.48,-0.10,0.03,0.14,466,431,457,328,376
6.28,-7.16,-7.16,0.05,-0.01,-0.07,466,432,456,329,376
5.58,-7.12,-7.12,-0.05,-0.04,-0.01,466,432,457,328,376
5.62,-7.42,-7.42,0.07,0.08,0.01,466,432,457,329,376
6.07,-6.90,-6.90,-0.10,0.07,-0.13,467,432,456,329,376
5.48,-6.16,-6.16,0.08,0.11,-0.14,467,432,457,329,376
6.20,-7.18,-7.18,-0.03,0.05,-0.00,467,432,457,329,376
5.55,-7.25,-7.25,-0.06,0.01,-0.00,467,432,456,329,375
5.21,-7.34,-7.34,0.04,0.08,0.05,467,432,457,328,375
4.83,-7.62,-7.62,0.06,0.21,0.01,467,432,456,328,375
5.59,-7.34,-7.34,0.15,0.18,-0.01,467,431,457,328,375
5.96,-7.24,-7.24,0.07,0.16,0.06,467,432,456,329,375
5.41,-7.42,-7.42,0.21,0.24,0.01,467,432,456,328,375
6.04,-7.43,-7.43,0.00,0.22,0.12,468,432,456,328,375
6.30,-7.44,-7.44,0.10,0.10,-0.07,468,432,456,328,375
4.68,-7.16,-7.16,0.01,0.24,0.05,469,432,456,329,375
5.51,-7.06,-7.06,0.15,0.04,-0.12,469,432,456,328,375
4.66,-7.44,-7.44,0.17,0.42,-0.02,468,432,457,328,374
5.74,-7.18,-7.18,0.04,0.20,-0.11,468,432,457,329,374
4.61,-7.25,-7.25,0.12,0.26,0.00,468,432,457,328,373
END
4.26,-7.06,-7.06,0.05,0.17,-0.01,464,432,454,329,370
6.56,-6.79,-6.79,-0.01,-0.00,-0.01,464,432,454,329,370
5.57,-6.91,-6.91,-0.04,-0.03,-0.05,464,432,454,329,371
6.45,-7.06,-7.06,-0.05,-0.11,-0.14,463,431,454,331,370
6.12,-6.94,-6.94,-0.08,0.08,0.07,463,431,455,329,370
5.99,-6.92,-6.92,0.07,-0.06,-0.02,463,430,455,329,370
5.72,-7.32,-7.32,0.02,0.01,0.02,463,430,454,329,370
5.84,-6.99,-6.99,0.13,-0.02,-0.12,463,431,455,329,370
6.35,-6.97,-6.97,-0.03,0.04,-0.03,463,430,455,329,370
6.23,-6.93,-6.93,0.11,0.12,-0.03,463,430,455,329,370
6.25,-7.15,-7.15,0.06,-0.00,-0.09,463,430,455,329,370
5.95,-7.54,-7.54,-0.01,0.08,0.02,463,430,455,327,370
6.74,-7.53,-7.53,-0.16,0.03,0.09,462,430,455,329,370
5.27,-7.53,-7.53,0.06,0.07,-0.10,463,430,455,329,370
6.65,-7.23,-7.23,-0.20,0.09,0.07,462,430,455,329,371
6.25,-7.37,-7.37,0.01,-0.05,-0.19,462,430,455,329,371
5.77,-6.45,-6.45,-0.15,0.16,0.20,463,430,455,329,371
5.97,-6.87,-6.87,0.10,-0.02,-0.16,462,430,455,329,371
4.36,-6.88,-6.88,0.02,0.18,0.14,463,430,454,329,370
6.19,-7.49,-7.49,0.03,0.10,-0.02,463,430,455,329,371
4.57,-6.65,-6.65,-0.02,0.12,0.13,463,430,454,329,371
5.44,-6.41,-6.41,0.21,0.10,-0.17,463,430,454,329,371
5.63,-6.58,-6.58,0.09,0.17,0.05,463,430,454,329,371
5.88,-7.08,-7.08,0.12,0.02,-0.16,463,430,455,329,371
5.11,-7.19,-7.19,0.01,0.19,0.08,464,430,454,329,371
5.93,-7.41,-7.41,-0.01,0.02,-0.05,464,430,454,329,371
4.98,-7.44,-7.44,0.05,0.14,-0.07,464,430,455,329,371
5.33,-7.96,-7.96,0.01,0.10,-0.01,464,430,455,329,371
5.81,-7.42,-7.42,0.02,0.12,0.01,464,430,455,329,371
5.74,-7.65,-7.65,-0.05,0.06,-0.05,464,430,454,329,371
4.80,-7.21,-7.21,0.05,0.15,0.03,465,430,455,329,371
4.75,-7.47,-7.47,-0.06,0.10,0.05,465,430,454,329,371
4.67,-7.52,-7.52,0.07,0.13,-0.04,465,430,454,329,371
4.89,-7.32,-7.32,0.02,0.21,0.09,465,430,455,329,371
5.42,-7.93,-7.93,0.01,0.16,0.13,465,430,454,329,371
END
4.08,-7.68,-7.68,-0.01,0.29,0.13,463,432,453,329,370
4.49,-7.70,-7.70,0.06,-0.06,-0.04,463,432,453,329,370
5.31,-7.65,-7.65,-0.05,0.01,-0.01,462,432,453,329,370
7.28,-7.65,-7.65,-0.14,-0.03,-0.09,462,431,453,329,370
6.31,-7.51,-7.51,-0.09,0.02,0.00,462,431,453,329,370
6.27,-7.38,-7.38,-0.16,-0.10,0.03,461,431,453,330,370
4.57,-6.89,-6.89,-0.05,-0.04,0.04,461,431,453,329,370
5.99,-7.13,-7.13,0.01,0.04,-0.02,461,431,453,329,370
4.95,-7.35,-7.35,-0.07,0.09,0.04,461,431,453,329,370
6.28,-7.75,-7.75,0.02,-0.10,-0.20,460,431,453,330,370
4.38,-7.57,-7.57,0.05,0.09,-0.05,461,430,453,329,370
6.58,-7.53,-7.53,-0.11,0.03,-0.08,460,430,453,329,369
5.81,-7.46,-7.46,-0.07,0.11,-0.02,461,431,453,329,369
6.60,-7.69,-7.69,-0.11,0.10,0.05,461,431,453,329,370
4.15,-7.45,-7.45,-0.00,0.21,0.15,461,431,453,329,370
6.22,-7.47,-7.47,-0.04,0.05,-0.01,461,431,453,329,370
4.84,-6.67,-6.67,0.10,0.33,0.24,461,431,453,329,369
5.31,-7.72,-7.72,0.21,0.06,-0.07,461,431,453,329,369
4.52,-7.09,-7.09,-0.08,0.14,0.10,461,431,453,329,369
5.86,-7.98,-7.98,0.11,0.02,-0.09,461,430,453,329,369
5.14,-8.16,-8.16,-0.07,0.01,0.02,461,431,453,329,369
5.77,-8.33,-8.33,0.28,0.01,-0.26,462,430,453,329,369
4.64,-7.64,-7.64,-0.07,0.24,0.15,462,430,452,328,369
5.23,-7.14,-7.14,0.12,-0.00,-0.24,462,431,452,329,369
5.10,-7.49,-7.49,0.10,0.16,-0.00,462,431,452,329,369
4.29,-7.34,-7.34,0.08,0.13,-0.07,462,431,453,329,369
4.49,-7.51,-7.51,0.06,0.17,0.07,462,431,453,329,369
4.92,-7.31,-7.31,-0.06,0.11,0.09,462,431,452,329,369
3.93,-7.32,-7.32,0.07,0.16,-0.03,463,431,452,329,369
3.99,-7.26,-7.26,0.11,0.27,0.19,463,431,452,328,369
5.05,-8.23,-8.23,0.09,0.07,-0.06,463,431,452,328,368
4.17,-7.54,-7.54,0.10,0.21,0.17,465,431,452,328,368
4.29,-8.36,-8.36,-0.02,0.08,-0.19,464,431,452,328,368
2.96,-7.69,-7.69,0.02,0.20,0.06,465,431,452,328,368
4.55,-7.54,-7.54,-0.06,0.05,-0.15,464,431,452,328,368
END
3.55,-7.59,-7.59,-0.03,0.14,0.03,461,430,452,329,369
6.61,-7.29,-7.29,-0.11,-0.06,-0.20,460,430,452,329,370
5.66,-6.93,-6.93,-0.13,0.05,0.06,460,430,452,329,369
5.55,-6.81,-6.81,-0.03,-0.07,0.02,460,430,452,329,369
5.50,-7.11,-7.11,-0.00,-0.05,0.01,460,430,452,329,369
5.89,-6.77,-6.77,0.06,-0.04,0.06,460,430,452,330,369
5.51,-7.22,-7.22,0.10,0.02,0.01,460,430,452,330,369
6.04,-7.36,-7.36,0.02,0.06,0.05,460,430,451,330,369
5.02,-7.75,-7.75,0.09,0.06,-0.10,460,429,452,329,369
6.61,-6.86,-6.86,-0.11,0.06,0.05,460,430,452,329,369
5.05,-7.03,-7.03,0.05,0.13,-0.08,460,430,452,329,369
6.40,-7.37,-7.37,-0.11,0.06,0.10,460,430,452,329,369
4.15,-7.51,-7.51,-0.02,0.13,0.11,460,430,452,329,369
6.28,-7.86,-7.86,0.09,-0.03,0.01,460,430,452,329,369
4.75,-7.98,-7.98,0.02,0.11,0.07,460,430,452,329,369
5.78,-7.98,-7.98,0.06,0.01,0.00,460,430,452,329,369
4.34,-8.04,-8.04,-0.02,0.11,0.15,460,430,452,329,369
5.01,-7.81,-7.81,-0.01,0.06,0.04,461,430,452,329,369
4.82,-7.46,-7.46,-0.03,0.03,0.06,462,430,452,329,370
4.35,-7.43,-7.43,-0.04,0.09,0.10,462,430,452,329,371
4.64,-7.34,-7.34,-0.13,0.06,0.12,464,431,453,329,372
3.40,-7.37,-7.37,0.07,0.11,0.05,466,431,453,329,372
3.93,-7.90,-7.90,0.03,0.06,0.09,466,431,453,329,373
2.87,-8.13,-8.13,0.12,0.05,-0.05,468,431,453,329,373
3.47,-8.00,-8.00,0.08,0.17,-0.04,468,431,454,329,374
3.62,-7.91,-7.91,0.06,0.09,-0.14,471,430,455,329,375
3.92,-7.85,-7.85,-0.01,0.11,0.04,472,429,454,329,375
3.82,-8.03,-8.03,0.01,0.06,-0.03,473,429,455,329,375
3.19,-8.06,-8.06,-0.03,0.12,0.07,475,428,456,329,375
3.83,-8.57,-8.57,-0.05,0.05,-0.03,475,427,456,328,375
3.20,-7.86,-7.86,-0.07,0.15,0.13,476,427,456,329,375
4.16,-8.58,-8.58,0.09,0.12,-0.24,475,427,456,329,375
3.45,-8.00,-8.00,0.13,0.32,-0.03,475,427,456,329,375
4.13,-7.86,-7.86,-0.01,0.13,-0.06,474,426,456,329,375
3.09,-8.20,-8.20,0.02,0.19,-0.01,474,426,456,329,375
END
4.44,-8.30,-8.30,-0.06,0.12,0.06,463,430,454,329,371
4.55,-7.35,-7.35,0.07,-0.01,-0.01,463,430,454,329,371
5.47,-7.07,-7.07,0.07,-0.01,-0.02,463,429,454,329,370
5.09,-7.33,-7.33,-0.01,0.04,-0.02,463,429,454,329,370
5.44,-7.52,-7.52,-0.02,0.03,-0.00,463,429,454,329,370
5.06,-7.40,-7.40,-0.08,-0.07,0.00,463,429,454,329,370
4.48,-7.68,-7.68,0.05,0.08,-0.00,463,429,454,330,370
5.68,-7.49,-7.49,-0.02,-0.04,-0.06,463,429,454,329,370
4.19,-7.79,-7.79,0.00,0.06,0.02,463,429,454,329,370
6.02,-7.45,-7.45,-0.01,0.02,-0.11,463,429,454,329,370
5.27,-7.06,-7.06,-0.08,0.06,-0.01,463,429,454,329,370
5.41,-7.34,-7.34,-0.02,-0.03,0.07,463,429,454,330,370
4.51,-8.11,-8.11,0.06,-0.05,0.02,463,429,454,330,370
4.57,-7.82,-7.82,-0.06,0.02,0.04,463,429,454,330,370
4.72,-7.46,-7.46,-0.00,-0.05,-0.08,463,429,454,329,370
4.52,-7.49,-7.49,0.01,0.04,0.01,463,429,454,329,370
4.49,-7.55,-7.55,0.05,-0.04,-0.15,463,429,454,329,369
4.88,-7.57,-7.57,0.10,0.05,-0.10,463,430,455,329,369
5.02,-7.59,-7.59,-0.02,0.04,-0.04,464,430,454,329,369
5.80,-7.45,-7.45,0.07,-0.09,-0.23,463,430,455,328,369
4.26,-7.15,-7.15,0.01,0.08,-0.02,464,430,455,329,369
5.88,-7.81,-7.81,0.15,-0.03,-0.20,463,429,455,329,369
5.25,-7.73,-7.73,-0.11,-0.02,0.07,464,430,454,329,369
4.98,-6.93,-6.93,0.10,0.06,-0.13,464,430,455,329,368
6.18,-7.03,-7.03,-0.06,0.06,0.03,464,429,455,328,368
4.95,-7.26,-7.26,0.06,-0.06,-0.17,464,429,455,329,368
5.38,-7.43,-7.43,-0.01,0.11,-0.05,464,429,454,329,368
4.96,-7.47,-7.47,-0.00,0.00,-0.11,464,429,454,329,368
4.59,-7.19,-7.19,0.05,0.18,-0.06,465,430,454,329,368
5.65,-7.05,-7.05,0.06,0.07,-0.07,464,429,454,329,368
4.41,-6.94,-6.94,0.11,0.29,0.10,466,430,455,329,368
5.36,-7.53,-7.53,0.17,0.24,-0.11,465,430,454,329,368
5.33,-7.45,-7.45,0.09,0.19,-0.10,465,430,454,329,368
5.42,-7.26,-7.26,-0.10,0.13,-0.03,465,429,455,329,368
5.99,-7.14,-7.14,-0.02,0.07,0.05,465,429,454,329,368
END
4.11,-7.75,-7.75,-0.14,0.13,0.16,465,430,453,329,370
6.49,-7.73,-7.73,0.01,0.09,-0.01,465,430,453,330,370
6.03,-7.69,-7.69,-0.04,0.12,0.12,465,430,453,330,369
5.92,-6.97,-6.97,-0.05,0.07,0.05,465,430,453,329,369
5.85,-7.01,-7.01,0.02,0.09,0.03,464,430,453,329,369
6.15,-7.01,-7.01,-0.04,-0.06,0.02,464,430,453,329,369
4.97,-7.31,-7.31,0.05,0.08,0.08,465,430,453,329,370
5.07,-7.22,-7.22,0.10,0.04,0.08,464,430,453,329,369
5.48,-7.54,-7.54,0.07,-0.05,-0.02,464,430,452,329,369
5.36,-7.82,-7.82,0.11,0.10,0.06,464,430,453,329,369
4.92,-7.70,-7.70,-0.04,0.01,0.01,464,430,453,329,369
5.82,-7.93,-7.93,0.11,0.02,-0.15,464,430,453,329,369
5.23,-7.37,-7.37,-0.16,0.03,0.07,464,430,453,329,369
5.16,-7.49,-7.49,0.03,0.01,-0.13,464,430,453,329,369
5.33,-7.52,-7.52,-0.05,0.04,0.01,464,430,453,329,369
5.10,-7.70,-7.70,0.05,0.01,-0.04,464,430,453,329,369
5.18,-7.67,-7.67,-0.04,0.01,-0.08,464,430,453,329,369
5.02,-7.51,-7.51,0.03,0.07,-0.08,464,430,453,329,369
5.58,-7.37,-7.37,0.08,-0.12,-0.20,464,430,453,329,368
6.29,-7.33,-7.33,-0.00,0.10,-0.01,464,429,453,328,368
4.84,-7.01,-7.01,0.04,0.15,0.01,464,429,453,329,368
5.98,-7.37,-7.37,0.02,0.14,0.03,464,429,453,329,368
4.51,-7.32,-7.32,0.03,0.23,0.05,464,429,453,329,368
5.26,-7.34,-7.34,0.22,0.07,-0.21,464,429,453,329,368
4.84,-7.60,-7.60,0.06,0.15,0.01,464,430,453,329,368
5.52,-7.34,-7.34,0.18,0.17,-0.10,464,430,453,329,368
5.38,-7.17,-7.17,0.04,0.19,0.06,464,430,452,329,368
5.26,-7.49,-7.49,0.08,0.07,-0.05,464,430,453,329,368
5.13,-6.96,-6.96,-0.03,0.09,-0.03,464,430,453,329,368
4.85,-7.05,-7.05,-0.04,0.01,-0.03,464,430,453,329,367
4.41,-7.23,-7.23,0.05,0.14,-0.08,465,430,453,329,368
5.66,-6.83,-6.83,-0.02,0.07,-0.00,464,430,453,329,367
3.84,-6.98,-6.98,0.13,0.14,-0.17,465,430,452,329,367
4.64,-7.33,-7.33,-0.10,0.08,0.08,464,430,452,329,367
4.60,-6.78,-6.78,0.07,0.27,0.06,465,430,452,329,367
END
4.63,-6.99,-6.99,-0.01,0.18,0.09,463,430,452,329,369
5.92,-7.57,-7.57,0.11,-0.10,-0.06,463,430,452,329,369
5.80,-7.13,-7.13,0.01,0.01,0.09,462,430,451,329,369
5.51,-6.90,-6.90,0.08,-0.03,-0.01,462,430,451,329,369
5.89,-6.99,-6.99,-0.01,-0.01,-0.03,462,430,451,329,369
5.45,-7.31,-7.31,0.05,-0.01,-0.05,462,430,451,329,368
5.86,-7.59,-7.59,0.08,0.09,0.03,462,430,451,329,369
5.89,-7.45,-7.45,0.02,-0.04,0.04,462,430,451,329,369
5.36,-7.17,-7.17,0.06,-0.05,-0.03,462,430,451,329,369
6.21,-7.44,-7.44,0.17,0.11,0.02,462,430,452,329,368
6.56,-7.34,-7.34,-0.05,-0.12,0.02,462,429,451,329,369
5.24,-7.98,-7.98,0.06,-0.04,-0.02,462,429,451,329,369
5.33,-7.78,-7.78,-0.02,-0.00,0.06,461,430,451,329,368
5.26,-7.33,-7.33,-0.16,-0.02,0.04,462,429,451,329,369
5.74,-7.47,-7.47,0.07,-0.06,-0.08,461,429,451,329,369
5.29,-7.42,-7.42,-0.00,0.03,0.07,461,429,451,330,368
5.23,-8.04,-8.04,0.07,-0.02,-0.02,461,429,451,329,369
5.20,-7.85,-7.85,0.02,0.05,0.00,461,429,451,329,369
4.83,-7.65,-7.65,-0.02,0.01,-0.06,461,429,452,330,368
6.70,-7.44,-7.44,0.02,-0.00,-0.04,461,429,452,330,368
4.90,-7.19,-7.19,-0.08,0.03,0.06,461,429,452,329,370
4.86,-7.77,-7.77,0.11,0.00,-0.11,461,429,452,329,368
4.85,-7.18,-7.18,0.01,0.09,-0.01,461,429,452,329,369
4.96,-7.48,-7.48,0.13,0.05,-0.08,461,429,452,329,369
4.14,-7.37,-7.37,0.15,0.19,-0.02,462,429,452,329,368
6.25,-7.99,-7.99,0.14,0.05,-0.17,461,429,451,329,369
4.04,-7.74,-7.74,0.11,0.24,-0.03,462,429,451,329,368
6.33,-7.73,-7.73,0.04,0.21,0.01,461,429,451,329,368
5.61,-7.51,-7.51,0.01,0.15,-0.01,461,429,451,329,368
5.46,-7.73,-7.73,-0.11,0.07,0.01,461,429,452,328,368
4.36,-7.59,-7.59,-0.05,0.16,0.05,461,428,451,329,368
4.79,-7.12,-7.12,0.01,0.07,-0.10,461,429,451,329,368
4.59,-7.11,-7.11,0.09,0.13,-0.09,461,428,451,329,368
3.95,-7.15,-7.15,0.13,0.28,0.12,462,429,452,329,368
4.80,-7.99,-7.99,-0.04,0.02,-0.09,461,428,452,329,367
END
3.84,-7.66,-7.66,0.09,0.21,0.05,461,431,450,330,365
5.61,-7.18,-7.18,0.05,0.06,0.00,461,431,450,330,365
5.30,-7.32,-7.32,0.05,0.10,0.06,461,430,450,330,365
5.90,-7.28,-7.28,0.12,0.06,-0.02,461,430,450,330,365
5.19,-7.34,-7.34,-0.02,-0.03,-0.01,460,430,450,330,365
4.61,-7.35,-7.35,0.10,0.14,0.02,461,430,450,329,365
5.64,-7.24,-7.24,0.03,-0.00,-0.02,460,430,450,330,365
4.14,-7.93,-7.93,0.11,0.09,-0.03,460,430,449,330,365
6.25,-7.75,-7.75,0.08,-0.06,-0.22,460,430,450,330,365
5.36,-7.49,-7.49,-0.03,0.10,-0.01,460,430,450,330,365
5.18,-7.10,-7.10,-0.02,0.02,-0.02,460,430,450,330,365
5.15,-7.41,-7.41,0.05,0.01,-0.04,460,430,450,330,365
4.97,-7.42,-7.42,0.11,0.07,-0.05,460,430,450,330,365
5.23,-7.54,-7.54,-0.07,0.00,-0.03,460,430,450,330,365
4.81,-7.52,-7.52,0.01,0.14,-0.04,460,429,450,330,365
5.76,-7.50,-7.50,-0.04,0.01,-0.05,460,430,450,329,365
4.82,-7.57,-7.57,0.04,0.06,-0.08,460,430,450,330,365
5.52,-7.52,-7.52,-0.02,0.02,-0.04,460,430,450,329,365
5.55,-7.47,-7.47,0.03,0.04,-0.01,460,430,450,329,365
5.80,-7.52,-7.52,0.02,-0.01,-0.03,460,430,450,330,365
4.29,-7.21,-7.21,0.05,0.11,0.03,461,430,450,330,365
5.25,-7.41,-7.41,-0.03,0.01,-0.02,461,430,450,330,365
4.75,-7.03,-7.03,0.00,0.04,0.04,461,430,450,330,365
4.08,-7.25,-7.25,0.06,0.04,0.03,461,430,450,330,365
4.95,-7.67,-7.67,0.16,0.12,-0.02,461,430,450,330,365
4.67,-7.61,-7.61,0.13,0.12,-0.06,461,430,450,330,365
5.15,-7.58,-7.58,0.10,0.15,-0.04,461,430,450,330,365
4.31,-7.39,-7.39,0.06,0.16,0.06,461,430,451,330,365
4.39,-7.55,-7.55,0.06,0.05,-0.09,461,430,449,330,365
4.39,-7.41,-7.41,0.03,0.13,-0.03,462,430,451,330,365
4.73,-7.48,-7.48,-0.09,0.04,-0.13,461,430,451,330,365
5.73,-7.42,-7.42,-0.18,-0.10,-0.08,462,430,451,330,365
4.56,-7.65,-7.65,-0.10,0.07,0.14,461,430,451,330,366
4.87,-7.63,-7.63,-0.08,-0.01,0.01,462,429,451,330,366
3.87,-7.75,-7.75,-0.02,0.08,-0.01,462,429,451,329,365
END
4.31,-7.50,-7.50,-0.01,0.07,-0.04,459,429,449,330,366
4.90,-7.57,-7.57,-0.05,0.12,-0.01,459,429,449,330,366
5.77,-6.73,-6.73,-0.11,0.08,-0.06,459,429,449,330,365
4.97,-6.91,-6.91,-0.04,0.01,-0.03,459,429,449,330,367
5.97,-7.45,-7.45,-0.01,-0.04,-0.05,459,429,449,330,366
5.38,-7.26,-7.26,0.01,0.02,0.01,459,429,450,329,366
5.11,-7.41,-7.41,0.06,-0.07,-0.07,459,429,449,330,366
4.72,-7.44,-7.44,0.08,0.06,-0.04,459,429,449,330,366
6.04,-7.02,-7.02,0.07,-0.09,-0.10,459,429,449,330,366
5.47,-6.94,-6.94,0.01,0.04,-0.08,459,429,450,330,366
6.37,-7.46,-7.46,0.04,-0.02,-0.12,459,429,449,330,366
5.03,-7.52,-7.52,-0.05,0.10,0.06,459,428,449,329,365
6.18,-7.54,-7.54,-0.03,-0.00,0.04,459,429,449,329,366
4.92,-7.62,-7.62,-0.10,0.05,0.14,459,429,449,329,366
5.81,-7.85,-7.85,0.08,-0.05,-0.06,459,429,449,329,366
4.97,-7.56,-7.56,-0.13,0.05,0.06,459,429,449,329,366
5.16,-7.12,-7.12,0.03,0.01,-0.05,459,429,449,330,366
4.93,-7.31,-7.31,-0.03,-0.02,-0.01,459,429,449,329,366
5.08,-7.86,-7.86,0.09,0.01,-0.05,459,429,449,330,366
5.00,-7.93,-7.93,-0.05,0.00,-0.03,459,429,449,329,366
5.53,-7.93,-7.93,0.11,0.08,-0.11,459,429,449,329,366
6.46,-7.74,-7.74,0.06,-0.08,-0.22,459,429,449,329,366
5.21,-7.51,-7.51,0.04,0.10,-0.03,459,428,449,329,365
5.72,-6.78,-6.78,-0.06,0.02,0.01,459,428,449,330,365
4.91,-6.70,-6.70,0.15,0.19,-0.03,459,429,449,329,365
5.03,-6.96,-6.96,-0.04,0.11,0.14,459,428,449,329,365
4.60,-7.86,-7.86,0.17,0.09,-0.09,459,428,449,329,365
5.66,-7.44,-7.44,-0.08,0.25,0.06,459,428,449,329,365
4.57,-7.02,-7.02,0.13,0.16,-0.06,460,429,449,329,365
4.41,-7.51,-7.51,0.24,0.14,-0.08,460,429,448,329,364
5.20,-7.70,-7.70,-0.15,-0.05,0.02,459,429,449,329,364
4.21,-7.85,-7.85,-0.06,0.04,0.07,460,429,448,329,364
3.93,-7.93,-7.93,-0.05,0.16,0.07,460,429,448,329,364
3.98,-8.03,-8.03,0.08,0.30,0.02,461,429,448,329,364
5.34,-7.45,-7.45,-0.06,0.06,-0.09,460,428,448,329,364
END
4.10,-6.78,-6.78,-0.06,0.17,-0.00,459,430,446,330,365
5.38,-7.58,-7.58,0.03,-0.05,-0.08,459,430,447,330,365
4.38,-7.21,-7.21,-0.02,0.05,-0.00,459,430,446,330,365
5.54,-7.21,-7.21,0.05,-0.09,-0.13,459,430,447,330,365
5.52,-7.51,-7.51,0.06,0.03,-0.04,459,430,446,330,365
5.44,-7.44,-7.44,0.01,-0.08,-0.09,459,430,447,329,365
5.05,-7.24,-7.24,0.01,0.01,-0.01,459,430,447,329,365
5.60,-7.52,-7.52,0.10,-0.01,-0.10,459,430,447,330,365
5.66,-7.46,-7.46,-0.03,0.03,0.05,459,430,447,330,365
5.15,-7.42,-7.42,0.03,-0.05,-0.04,459,430,447,330,365
5.42,-7.35,-7.35,-0.03,-0.00,-0.01,459,430,447,329,365
4.48,-7.21,-7.21,0.04,-0.03,-0.09,459,430,447,330,365
5.63,-7.34,-7.34,0.01,0.00,-0.03,459,430,447,330,365
5.08,-7.42,-7.42,0.05,0.01,-0.07,459,430,447,330,365
4.73,-7.38,-7.38,-0.01,0.08,0.01,459,430,447,329,365
5.28,-7.47,-7.47,0.03,0.05,-0.06,459,430,447,330,365
4.56,-7.91,-7.91,-0.07,0.13,0.04,459,430,447,330,365
5.15,-7.85,-7.85,0.03,0.12,-0.10,459,430,448,330,365
5.72,-7.45,-7.45,-0.06,0.07,-0.04,459,429,447,330,365
5.18,-7.01,-7.01,0.03,0.02,-0.08,459,429,448,329,365
5.38,-6.96,-6.96,-0.09,-0.13,-0.13,459,429,448,329,365
4.26,-6.87,-6.87,0.06,0.11,-0.00,459,429,448,329,365
5.78,-7.20,-7.20,0.03,-0.02,-0.10,459,429,448,330,365
4.49,-7.52,-7.52,0.09,0.17,0.05,459,429,447,328,365
5.69,-7.92,-7.92,0.08,0.03,-0.09,459,429,448,329,365
4.49,-7.52,-7.52,-0.03,0.22,0.11,459,429,448,330,365
5.23,-7.44,-7.44,0.04,0.07,-0.05,459,429,448,330,365
4.60,-7.69,-7.69,-0.03,0.16,0.09,459,429,448,330,365
4.72,-7.70,-7.70,0.05,0.14,0.00,459,429,448,329,365
4.90,-7.55,-7.55,-0.05,0.07,0.04,459,429,447,330,365
4.13,-7.53,-7.53,0.02,0.13,0.07,460,429,447,330,365
3.77,-7.52,-7.52,0.02,0.12,0.01,460,429,448,329,365
4.60,-7.42,-7.42,0.05,0.06,-0.08,460,428,448,329,365
2.83,-7.82,-7.82,0.04,0.27,0.06,461,429,449,329,365
3.84,-7.16,-7.16,0.09,0.14,-0.18,460,429,450,329,365
END
4.06,-7.26,-7.26,0.11,0.24,-0.03,459,430,447,330,365
4.87,-7.48,-7.48,0.12,0.04,0.07,459,430,447,330,365
4.67,-7.16,-7.16,0.07,-0.02,0.02,458,430,448,329,365
4.77,-7.57,-7.57,0.20,0.03,-0.00,459,430,447,329,365
5.00,-7.58,-7.58,0.09,-0.07,-0.02,458,429,447,330,365
4.36,-7.80,-7.80,0.13,-0.08,-0.02,458,430,447,329,366
4.45,-7.77,-7.77,0.13,-0.02,-0.01,458,429,447,329,366
4.08,-7.83,-7.83,0.11,0.02,0.04,458,429,447,329,366
4.02,-7.82,-7.82,0.05,0.20,0.14,458,429,448,330,366
4.80,-7.96,-7.96,0.15,0.01,-0.08,458,429,447,329,366
4.00,-7.91,-7.91,0.04,0.08,0.04,458,429,448,330,366
3.88,-8.01,-8.01,0.10,0.03,-0.02,458,429,447,330,365
4.10,-7.70,-7.70,0.06,-0.00,-0.04,458,429,447,329,366
3.90,-7.66,-7.66,0.04,0.02,-0.06,458,429,448,330,365
3.82,-7.60,-7.60,0.06,0.11,0.00,458,429,447,330,365
3.80,-7.64,-7.64,0.07,0.02,-0.10,458,429,447,329,365
3.75,-7.64,-7.64,-0.01,0.06,-0.12,458,429,447,329,365
3.44,-7.85,-7.85,0.04,0.25,0.03,458,429,448,329,365
4.56,-7.90,-7.90,-0.05,0.01,-0.11,458,429,448,329,365
3.37,-8.00,-8.00,-0.01,0.19,0.02,458,429,448,329,364
4.16,-8.12,-8.12,-0.06,0.12,0.02,458,429,447,329,365
3.50,-8.00,-8.00,-0.10,0.11,0.02,459,429,448,329,365
3.73,-7.91,-7.91,-0.04,0.15,0.03,458,429,448,329,365
3.26,-7.93,-7.93,-0.08,0.12,0.07,459,429,447,329,365
2.46,-8.01,-8.01,-0.09,0.15,0.03,459,429,447,329,365
2.76,-8.03,-8.03,-0.11,0.07,0.07,459,429,447,329,364
2.68,-7.79,-7.79,0.01,0.11,-0.10,459,429,447,328,365
2.21,-7.73,-7.73,0.03,0.19,0.07,459,429,448,329,365
3.25,-7.93,-7.93,0.04,0.06,-0.12,459,429,447,329,364
2.18,-7.91,-7.91,0.10,0.17,-0.06,460,429,447,329,364
2.80,-8.10,-8.10,-0.04,-0.02,-0.16,460,429,448,329,364
3.35,-8.08,-8.08,0.07,0.13,-0.10,460,429,448,329,364
3.29,-7.96,-7.96,-0.10,0.08,0.14,460,429,448,329,364
2.18,-8.59,-8.59,0.10,0.04,-0.10,460,429,447,329,364
2.20,-8.48,-8.48,-0.02,0.10,0.00,461,429,448,329,364
END
2.33,-8.54,-8.54,0.08,0.14,-0.05,457,429,446,330,363
4.17,-7.91,-7.91,0.11,-0.03,-0.05,456,428,446,329,364
4.27,-8.00,-8.00,0.06,-0.03,-0.01,456,428,446,329,364
3.55,-8.13,-8.13,0.06,-0.05,-0.07,456,428,446,329,364
3.61,-7.86,-7.86,0.04,0.07,0.03,456,428,446,330,364
4.52,-7.59,-7.59,0.08,-0.02,-0.08,456,428,446,330,364
4.13,-8.10,-8.10,0.14,0.09,-0.02,456,428,446,329,364
4.32,-8.20,-8.20,0.06,0.06,-0.03,456,429,446,330,364
4.78,-8.44,-8.44,0.05,0.08,-0.10,456,429,446,330,364
4.97,-7.90,-7.90,-0.22,0.02,0.02,456,428,446,329,364
2.47,-7.64,-7.64,-0.05,0.11,-0.03,456,428,446,330,365
4.27,-8.03,-8.03,0.06,0.03,-0.08,456,428,446,330,365
3.98,-7.59,-7.59,-0.02,0.06,-0.00,456,429,446,329,365
4.41,-7.77,-7.77,0.14,-0.01,-0.18,456,428,446,330,365
4.24,-7.93,-7.93,-0.06,0.14,0.07,456,428,446,330,366
4.46,-8.24,-8.24,0.15,0.15,-0.02,456,428,446,329,366
4.08,-8.10,-8.10,0.04,0.03,-0.02,456,428,446,329,366
4.01,-8.14,-8.14,0.11,0.15,-0.01,457,428,447,330,366
4.43,-7.85,-7.85,-0.05,-0.01,-0.03,457,428,447,329,365
3.85,-7.78,-7.78,-0.01,0.09,0.04,457,428,447,329,366
4.51,-7.82,-7.82,0.00,-0.01,-0.04,457,428,447,329,366
3.77,-7.88,-7.88,0.08,0.06,-0.04,457,428,447,329,365
4.22,-7.55,-7.55,0.05,-0.09,-0.16,457,428,447,330,365
3.48,-7.95,-7.95,0.06,0.10,-0.07,457,428,447,329,365
4.54,-7.71,-7.71,0.03,-0.01,-0.12,457,428,447,329,365
4.34,-7.74,-7.74,0.00,0.05,-0.02,457,428,447,329,365
3.83,-7.85,-7.85,0.08,0.07,-0.01,458,428,447,329,365
4.34,-8.12,-8.12,-0.00,0.06,0.09,457,428,447,329,365
3.17,-8.26,-8.26,-0.02,0.29,0.08,459,428,448,329,366
4.60,-7.32,-7.32,0.07,0.07,-0.06,458,428,448,329,367
4.05,-7.77,-7.77,0.03,0.09,0.07,458,428,448,329,367
3.98,-7.75,-7.75,0.06,0.05,-0.02,458,428,448,329,367
3.23,-8.36,-8.36,-0.10,0.04,0.06,458,428,448,330,367
2.96,-8.32,-8.32,0.17,0.09,-0.14,459,428,448,329,367
3.58,-7.90,-7.90,0.13,0.24,-0.02,459,428,448,329,366
END
3.35,-8.78,-8.78,-0.01,0.05,-0.02,456,428,446,330,365
4.74,-7.75,-7.75,0.02,-0.11,-0.05,457,428,446,330,364
3.90,-7.60,-7.60,-0.04,-0.10,0.01,456,428,446,330,364
4.41,-8.15,-8.15,0.12,-0.08,-0.08,456,428,446,330,364
4.74,-7.75,-7.75,-0.08,-0.05,0.05,456,428,446,330,364
3.88,-7.99,-7.99,0.11,-0.04,-0.06,456,428,446,330,364
3.99,-8.31,-8.31,0.06,0.10,0.06,457,428,446,330,364
4.60,-8.68,-8.68,0.07,0.06,-0.03,457,428,446,330,364
5.05,-8.28,-8.28,0.01,0.04,-0.01,456,428,446,329,364
3.70,-7.83,-7.83,0.06,-0.04,-0.05,456,428,446,330,364
4.74,-8.18,-8.18,0.07,-0.04,-0.08,456,428,446,329,364
4.57,-8.00,-8.00,0.02,0.05,0.02,456,428,446,330,364
3.86,-8.21,-8.21,0.03,0.01,-0.03,456,428,446,330,365
4.09,-8.33,-8.33,0.05,0.03,-0.02,456,428,447,329,365
3.62,-7.88,-7.88,-0.02,0.06,0.04,457,428,446,330,364
4.36,-7.85,-7.85,0.06,-0.02,-0.08,456,428,447,329,364
3.85,-7.95,-7.95,0.04,0.09,0.02,457,428,447,330,364
4.23,-8.00,-8.00,0.11,0.01,-0.03,457,428,447,329,364
3.85,-8.15,-8.15,0.07,0.07,-0.02,457,428,447,330,364
3.56,-7.94,-7.94,0.12,0.02,-0.10,457,428,447,330,364
4.31,-8.20,-8.20,0.06,-0.00,-0.15,457,428,447,330,364
3.32,-7.98,-7.98,0.02,0.15,0.03,457,428,447,330,364
4.27,-8.18,-8.18,0.07,0.05,-0.14,457,428,447,329,364
3.85,-8.08,-8.08,0.02,0.09,-0.04,457,428,447,329,364
4.67,-8.26,-8.26,-0.00,0.03,-0.09,456,428,446,329,364
3.84,-7.95,-7.95,-0.01,0.06,-0.02,457,428,447,330,365
3.67,-7.72,-7.72,0.02,0.12,-0.02,457,428,447,330,364
4.13,-7.77,-7.77,0.06,0.07,-0.09,457,428,447,330,364
3.45,-7.74,-7.74,0.14,0.24,0.01,457,428,447,330,364
4.20,-7.92,-7.92,0.03,0.12,0.01,457,428,446,329,364
4.01,-7.97,-7.97,0.12,0.28,0.02,458,428,446,329,364
3.91,-8.05,-8.05,-0.04,0.14,0.13,457,428,446,329,364
3.10,-8.48,-8.48,0.11,0.17,-0.04,458,428,446,329,364
3.99,-8.22,-8.22,0.02,0.22,-0.04,457,428,446,329,364
3.13,-7.35,-7.35,0.01,0.21,0.01,457,428,446,329,363
END
2.75,-7.93,-7.93,-0.11,0.15,-0.03,456,428,446,330,365
4.72,-7.54,-7.54,0.06,0.02,0.04,456,428,446,330,365
5.57,-8.16,-8.16,0.18,0.02,-0.05,456,427,445,330,366
5.06,-7.57,-7.57,0.04,-0.10,0.03,456,427,445,330,365
5.15,-7.55,-7.55,0.20,-0.03,-0.02,456,427,446,330,365
3.69,-7.53,-7.53,0.05,0.00,0.05,455,427,445,330,365
4.72,-8.23,-8.23,0.27,0.04,-0.06,456,427,446,330,365
4.26,-8.33,-8.33,-0.03,0.13,0.11,456,427,446,329,365
4.29,-8.19,-8.19,0.09,0.17,-0.06,455,427,446,330,365
6.02,-8.51,-8.51,-0.03,0.08,-0.07,455,427,446,330,365
4.06,-7.94,-7.94,-0.00,0.13,0.08,455,427,446,330,365
4.70,-7.84,-7.84,0.07,-0.02,0.02,455,427,446,330,365
4.80,-8.54,-8.54,0.06,-0.07,-0.14,456,427,446,329,365
4.29,-7.93,-7.93,-0.13,0.07,0.14,456,427,446,330,365
4.29,-8.13,-8.13,0.08,0.07,0.02,456,427,446,330,365
4.56,-8.22,-8.22,-0.00,0.08,0.13,456,427,446,330,365
3.40,-7.72,-7.72,0.13,0.09,-0.05,456,427,446,330,365
4.16,-7.29,-7.29,0.09,0.15,0.13,456,427,446,330,365
3.02,-7.95,-7.95,0.01,0.29,0.16,456,427,446,330,365
2.36,-7.20,-7.20,-0.01,0.41,0.28,456,427,446,330,365
3.50,-7.79,-7.79,0.18,0.05,-0.07,456,427,446,329,365
3.07,-8.18,-8.18,0.12,0.17,0.06,456,427,446,330,364
3.19,-8.44,-8.44,0.11,0.02,-0.01,456,427,446,329,365
3.16,-8.56,-8.56,-0.02,0.11,0.05,457,427,446,330,365
3.42,-8.55,-8.55,0.10,0.04,-0.11,457,427,447,330,364
1.72,-8.67,-8.67,-0.05,0.20,0.13,458,427,447,330,364
2.23,-8.88,-8.88,-0.00,0.16,-0.05,458,427,446,330,364
2.90,-8.11,-8.11,-0.42,0.14,-0.04,457,427,447,330,364
2.14,-8.31,-8.31,0.14,0.29,-0.09,457,427,447,329,363
4.09,-8.01,-8.01,-0.02,0.15,-0.03,457,427,448,330,363
3.24,-8.49,-8.49,0.01,0.03,-0.09,456,427,448,329,363
2.16,-7.96,-7.96,0.01,0.05,-0.05,457,426,447,329,363
2.71,-8.20,-8.20,-0.02,-0.06,0.02,457,427,447,329,363
1.55,-8.75,-8.75,0.09,0.17,0.03,458,427,447,329,363
2.25,-8.70,-8.70,0.01,-0.02,-0.07,458,427,447,330,363
END
1.54,-8.69,-8.69,0.06,0.14,-0.02,457,428,445,330,364
4.77,-8.16,-8.16,0.10,0.13,0.04,457,428,445,330,364
5.40,-7.93,-7.93,-0.10,-0.02,0.06,457,427,445,330,364
3.85,-8.18,-8.18,0.05,0.10,0.09,456,427,445,330,364
5.01,-7.96,-7.96,0.03,0.02,0.12,456,427,444,330,364
3.75,-8.22,-8.22,0.10,0.04,0.10,456,427,445,330,364
4.77,-8.61,-8.61,0.10,0.06,0.05,456,427,445,329,364
3.68,-8.02,-8.02,-0.07,-0.03,0.01,456,427,445,330,364
3.98,-8.02,-8.02,0.12,-0.02,-0.09,456,427,445,330,364
3.44,-7.88,-7.88,-0.01,0.01,0.08,457,427,445,330,366
3.93,-8.54,-8.54,0.21,0.01,-0.11,456,427,445,330,365
3.64,-8.36,-8.36,0.02,0.02,-0.04,457,427,445,330,366
3.89,-8.54,-8.54,0.07,0.04,-0.11,456,428,445,330,365
5.36,-8.11,-8.11,0.01,-0.17,-0.14,456,427,445,329,365
3.49,-8.35,-8.35,0.08,0.28,0.05,456,427,445,330,365
5.21,-8.40,-8.40,0.12,0.17,0.03,456,427,445,329,365
4.21,-8.34,-8.34,-0.04,0.18,0.10,456,427,445,330,365
3.54,-8.20,-8.20,0.05,0.08,-0.12,456,427,445,330,365
3.73,-7.52,-7.52,0.08,0.26,0.16,456,427,445,329,365
4.90,-7.93,-7.93,-0.00,-0.03,-0.10,456,427,445,330,365
3.12,-8.05,-8.05,-0.02,0.13,0.11,456,427,445,329,365
3.52,-7.93,-7.93,0.06,0.03,-0.05,456,427,445,330,365
3.50,-8.11,-8.11,-0.00,0.02,-0.02,456,427,445,330,365
2.94,-8.05,-8.05,0.08,0.12,-0.04,456,427,445,329,365
3.07,-7.93,-7.93,0.07,-0.01,-0.17,457,427,445,329,365
3.45,-8.00,-8.00,-0.12,0.14,0.20,456,427,445,330,364
3.09,-8.07,-8.07,0.06,0.15,-0.04,457,427,445,330,364
3.27,-8.35,-8.35,-0.01,0.13,-0.01,457,426,445,330,364
3.65,-7.85,-7.85,-0.04,0.09,-0.06,457,426,445,329,364
2.84,-8.32,-8.32,-0.02,0.08,-0.00,457,426,445,329,364
2.46,-8.13,-8.13,-0.15,0.02,-0.05,458,427,446,329,364
3.40,-8.27,-8.27,-0.06,0.07,-0.03,458,426,446,329,364
2.24,-8.78,-8.78,-0.00,0.35,0.25,459,427,446,329,364
3.45,-7.80,-7.80,-0.06,0.06,-0.00,459,426,446,330,364
2.75,-8.63,-8.63,0.06,0.18,0.16,459,427,446,329,364
END
2.90,-8.50,-8.50,-0.05,-0.04,-0.04,455,428,444,330,364
4.09,-7.90,-7.90,0.08,0.20,0.14,455,428,444,330,365
4.08,-7.95,-7.95,0.02,-0.02,-0.03,455,427,444,330,365
4.43,-8.16,-8.16,0.01,0.12,0.07,455,428,444,330,365
4.03,-7.80,-7.80,-0.00,-0.01,-0.03,455,428,444,330,365
3.91,-7.80,-7.80,-0.06,-0.08,-0.05,455,428,444,330,365
2.99,-8.05,-8.05,0.08,0.10,0.05,456,428,444,329,366
4.80,-8.23,-8.23,0.04,-0.05,-0.09,456,428,445,330,366
4.09,-8.00,-8.00,0.03,0.10,-0.04,456,428,444,330,366
5.05,-7.62,-7.62,0.02,-0.13,-0.10,456,428,444,330,366
3.45,-7.87,-7.87,0.08,0.03,0.03,456,428,444,330,366
4.01,-8.07,-8.07,0.14,-0.03,-0.05,456,428,444,330,366
2.86,-8.21,-8.21,0.06,0.06,-0.00,456,427,444,330,366
4.21,-8.05,-8.05,0.13,0.03,-0.15,456,428,443,330,366
4.30,-8.15,-8.15,0.02,0.03,-0.07,456,428,444,330,366
4.29,-8.00,-8.00,0.03,0.02,-0.10,456,428,444,330,366
3.98,-7.93,-7.93,-0.01,0.09,0.03,457,428,445,330,366
4.18,-8.16,-8.16,0.06,-0.03,-0.17,458,429,444,330,366
3.76,-7.73,-7.73,-0.03,0.12,-0.02,458,429,444,330,366
4.03,-7.98,-7.98,0.02,0.02,-0.12,458,428,444,330,366
4.27,-7.54,-7.54,0.05,0.14,-0.02,458,428,444,330,366
4.25,-7.67,-7.67,0.08,-0.03,-0.15,457,428,444,330,366
4.17,-7.79,-7.79,0.03,0.13,-0.02,457,428,444,330,365
4.68,-7.75,-7.75,0.09,0.03,-0.17,458,428,444,329,366
3.91,-7.70,-7.70,-0.04,0.18,0.13,458,428,444,330,366
4.35,-8.09,-8.09,0.06,0.05,0.00,458,428,444,330,365
3.43,-8.24,-8.24,0.03,0.25,0.09,459,428,444,329,366
3.42,-7.87,-7.87,0.06,0.13,-0.06,460,428,444,330,366
5.02,-8.11,-8.11,0.01,-0.05,-0.17,459,428,444,330,365
4.32,-7.33,-7.33,-0.10,0.03,0.02,460,428,444,330,365
3.76,-7.25,-7.25,0.03,0.13,0.06,460,428,444,330,365
3.22,-7.65,-7.65,-0.05,0.11,0.09,460,428,444,330,365
3.01,-7.55,-7.55,0.09,0.13,0.01,460,428,444,330,365
3.03,-7.67,-7.67,-0.05,0.06,0.05,460,428,443,330,364
2.91,-8.43,-8.43,0.11,0.19,-0.14,461,428,444,330,364
END
3.90,-7.90,-7.90,-0.13,0.10,0.00,458,429,445,330,363
5.64,-7.30,-7.30,-0.08,-0.08,0.06,458,429,445,329,363
4.67,-7.49,-7.49,-0.06,-0.05,0.10,458,429,445,330,363
5.46,-7.61,-7.61,-0.05,-0.01,0.09,458,429,444,330,363
5.65,-7.75,-7.75,0.02,-0.06,-0.01,458,429,445,330,363
5.30,-7.30,-7.30,-0.15,-0.13,-0.02,458,429,444,330,363
4.69,-7.41,-7.41,0.06,0.05,0.02,458,429,445,330,363
4.85,-7.42,-7.42,-0.04,-0.06,-0.04,457,429,445,329,363
5.51,-7.74,-7.74,0.12,-0.03,-0.04,458,429,444,329,363
5.72,-7.97,-7.97,0.13,-0.06,-0.05,457,429,445,329,364
5.26,-7.77,-7.77,-0.13,0.01,0.10,457,428,444,330,364
5.60,-8.31,-8.31,0.07,0.13,0.02,457,428,444,330,364
4.62,-8.22,-8.22,-0.04,0.03,0.08,457,428,444,330,364
5.32,-8.94,-8.94,0.11,0.19,-0.01,457,429,444,330,364
4.29,-8.13,-8.13,-0.08,0.24,0.16,457,429,444,330,364
5.36,-8.12,-8.12,0.11,0.06,-0.12,457,428,444,330,364
3.91,-7.34,-7.34,-0.05,0.32,0.26,457,428,445,330,364
4.68,-7.86,-7.86,0.22,0.03,-0.07,457,428,444,330,364
4.24,-7.62,-7.62,0.09,0.31,0.21,457,428,444,330,363
4.35,-7.65,-7.65,0.23,-0.00,-0.05,457,428,444,330,363
2.72,-8.08,-8.08,0.15,0.23,0.03,457,428,444,330,363
3.93,-8.12,-8.12,0.28,0.13,-0.14,457,428,445,329,363
4.22,-8.09,-8.09,0.04,0.12,-0.05,457,429,445,330,364
3.80,-8.16,-8.16,0.11,0.15,-0.00,457,428,445,330,364
4.96,-7.84,-7.84,0.02,0.07,0.01,457,428,445,329,363
3.12,-7.85,-7.85,0.12,0.29,0.16,457,428,445,330,363
3.13,-8.07,-8.07,0.13,0.10,-0.07,457,428,444,330,364
2.86,-8.17,-8.17,0.12,0.19,-0.02,458,428,444,330,363
2.94,-8.15,-8.15,0.05,0.17,-0.02,458,428,445,330,363
3.18,-8.07,-8.07,0.00,0.21,-0.02,457,428,444,330,363
3.65,-7.85,-7.85,0.03,0.19,0.00,457,427,444,330,363
2.91,-8.16,-8.16,-0.00,0.20,0.03,458,428,444,330,363
2.66,-7.75,-7.75,0.00,0.21,-0.03,458,428,444,330,363
3.52,-8.12,-8.12,-0.04,0.07,-0.10,457,427,445,330,363
2.55,-7.68,-7.68,-0.03,0.17,0.14,458,427,445,330,363
END
2.23,-7.96,-7.96,-0.05,0.07,-0.01,456,428,444,330,363
4.52,-7.94,-7.94,0.17,0.03,-0.15,455,428,444,330,363
5.10,-7.93,-7.93,0.03,0.14,-0.02,455,428,444,330,363
4.59,-8.07,-8.07,-0.08,-0.00,-0.05,455,427,444,330,363
4.45,-7.85,-7.85,-0.09,0.04,-0.03,455,427,443,330,363
4.59,-7.59,-7.59,-0.06,-0.00,-0.07,455,427,443,330,363
4.14,-7.75,-7.75,-0.01,0.09,-0.04,455,427,443,330,363
4.37,-7.62,-7.62,-0.04,0.02,-0.11,455,427,443,330,363
3.73,-8.09,-8.09,0.06,0.12,-0.02,455,427,443,330,363
5.08,-7.54,-7.54,0.07,0.05,-0.08,455,427,443,330,363
4.53,-7.82,-7.82,0.01,0.12,0.04,454,427,443,330,363
4.63,-8.00,-8.00,0.07,0.03,-0.01,455,427,443,330,363
3.58,-7.91,-7.91,-0.02,0.13,0.06,455,428,443,330,362
4.52,-7.87,-7.87,0.09,0.06,-0.07,455,428,443,330,362
3.40,-8.43,-8.43,0.00,0.06,-0.03,455,428,442,330,362
4.85,-7.77,-7.77,0.17,-0.09,-0.34,455,427,442,330,362
4.92,-7.05,-7.05,-0.07,0.16,-0.02,455,428,442,330,362
4.93,-7.24,-7.24,0.08,0.06,-0.09,455,428,443,330,362
4.11,-7.31,-7.31,-0.04,0.06,0.04,455,428,443,330,362
4.28,-7.37,-7.37,0.09,0.07,0.02,455,428,443,330,363
4.67,-7.62,-7.62,0.13,0.06,0.05,456,428,443,330,363
4.64,-7.81,-7.81,0.20,0.07,-0.05,456,428,442,330,363
4.36,-7.98,-7.98,-0.04,0.14,0.12,456,428,442,330,363
3.95,-7.60,-7.60,0.06,0.01,-0.08,457,428,443,330,363
3.34,-7.55,-7.55,0.04,0.07,-0.06,457,429,442,330,363
3.64,-7.50,-7.50,0.02,0.07,-0.14,457,428,443,330,363
3.34,-7.26,-7.26,-0.08,0.08,-0.03,457,428,442,330,362
4.42,-7.45,-7.45,-0.09,-0.03,-0.07,457,428,442,330,362
3.78,-8.12,-8.12,-0.02,0.16,-0.04,457,428,442,330,362
4.46,-7.52,-7.52,-0.07,0.10,-0.02,457,428,442,330,362
3.52,-7.43,-7.43,0.08,0.18,-0.23,458,428,442,330,363
4.00,-6.87,-6.87,0.15,0.15,-0.10,457,428,442,330,362
4.23,-7.56,-7.56,-0.07,0.10,-0.03,457,428,442,330,362
3.44,-6.90,-6.90,0.03,0.27,0.13,457,428,442,330,362
3.49,-7.96,-7.96,-0.13,0.10,-0.01,457,428,442,330,362
END
3.04,-7.57,-7.57,0.05,0.30,0.14,455,428,443,330,367
4.36,-7.74,-7.74,0.11,-0.03,-0.10,455,428,443,330,367
3.97,-7.80,-7.80,0.04,0.10,0.03,455,428,443,330,366
4.64,-7.86,-7.86,0.10,-0.02,-0.13,455,428,443,332,366
4.88,-7.82,-7.82,-0.10,0.10,0.05,455,428,443,330,367
4.54,-7.63,-7.63,-0.11,-0.03,0.00,455,428,443,331,366
4.05,-8.31,-8.31,0.02,0.07,0.03,455,428,443,331,367
4.49,-8.12,-8.12,-0.05,0.03,0.06,455,428,443,330,366
4.20,-8.11,-8.11,0.16,0.11,-0.04,455,427,443,330,366
5.47,-7.99,-7.99,-0.13,0.05,0.07,455,428,443,331,366
3.80,-7.87,-7.87,-0.01,0.05,0.01,455,428,443,330,366
4.47,-7.71,-7.71,0.00,0.01,-0.01,455,428,443,330,366
4.43,-8.01,-8.01,0.06,-0.01,-0.06,455,428,443,330,366
3.50,-7.93,-7.93,0.02,-0.07,-0.04,455,428,443,330,367
4.33,-8.28,-8.28,0.16,0.00,-0.08,455,427,443,330,366
4.57,-8.10,-8.10,0.03,-0.03,-0.05,455,427,443,331,366
3.80,-8.34,-8.34,0.03,0.05,-0.01,455,427,443,330,366
3.78,-8.13,-8.13,-0.01,-0.06,-0.08,455,428,443,330,366
4.16,-8.22,-8.22,0.09,0.10,-0.07,455,428,443,330,366
4.47,-7.64,-7.64,0.06,-0.10,-0.18,455,428,443,330,366
4.66,-7.52,-7.52,0.05,0.09,-0.01,455,428,443,330,366
4.82,-7.76,-7.76,0.05,-0.07,-0.16,455,427,444,330,366
4.38,-7.76,-7.76,0.05,0.04,-0.07,456,428,444,330,366
4.80,-8.00,-8.00,0.09,-0.03,-0.15,455,427,443,330,366
4.87,-7.83,-7.83,0.00,-0.00,-0.08,455,428,443,330,366
4.82,-7.44,-7.44,-0.01,0.04,-0.07,455,428,443,330,366
4.54,-7.42,-7.42,0.08,-0.06,-0.14,456,428,443,330,366
4.34,-7.46,-7.46,0.04,0.12,0.00,456,428,444,330,366
5.59,-7.39,-7.39,0.07,-0.02,-0.13,456,428,444,330,366
END