6.73,1.90,-7.40,0.04,0.03,-0.02,323,300,296,337,316
6.68,1.36,-7.30,0.06,0.03,-0.07,323,300,296,337,316
6.97,1.26,-7.19,0.04,0.02,-0.05,323,301,296,336,315
6.87,1.36,-7.21,0.01,-0.00,-0.06,323,300,296,337,316
6.77,1.77,-7.34,0.04,0.01,-0.03,322,300,296,337,316
6.86,1.86,-7.59,0.07,-0.00,-0.04,323,300,296,336,316
6.82,2.05,-8.00,0.11,0.03,-0.03,322,300,297,336,316
6.80,1.67,-7.60,0.15,0.06,-0.00,323,300,296,337,316
6.74,1.18,-6.97,0.17,0.09,-0.02,323,300,296,337,316
7.01,1.11,-7.27,0.16,0.09,-0.03,323,300,296,337,316
7.01,0.99,-6.90,0.15,0.12,0.04,323,300,296,337,316
6.98,1.00,-7.09,0.19,0.09,-0.00,323,300,296,337,316
7.29,0.47,-6.63,0.19,0.06,-0.00,323,300,296,337,316
7.27,0.52,-6.25,0.15,0.04,0.03,323,298,296,337,316
7.05,-1.70,-6.64,0.17,0.04,-0.02,323,300,296,337,316
7.52,-0.05,-6.89,0.07,0.08,0.07,323,300,297,336,316
6.83,0.24,-6.85,0.14,0.18,0.13,323,301,297,337,316
7.47,-0.03,-6.71,0.14,0.07,-0.02,323,300,297,337,316
7.06,-0.17,-6.44,0.17,0.12,0.02,323,300,297,337,316
7.56,-0.42,-6.47,0.20,0.08,-0.04,323,300,296,337,316
7.95,-0.93,-5.95,0.20,0.04,-0.06,323,300,297,337,316
8.27,-1.19,-5.70,0.15,0.09,0.08,323,300,297,337,316
7.94,-1.23,-6.26,0.04,0.05,0.07,323,300,296,337,316
7.71,-0.90,-6.35,0.06,0.01,0.07,324,300,296,337,316
7.22,-1.14,-6.25,0.07,0.10,0.10,323,301,296,337,316
7.25,-0.94,-6.62,0.08,0.05,-0.02,323,300,296,337,316
7.81,-1.22,-6.43,0.10,-0.05,-0.16,323,300,296,337,316
8.15,-1.28,-6.12,0.11,0.02,-0.09,323,300,296,337,316
7.34,-0.95,-6.41,0.15,0.02,-0.10,323,300,296,338,316
7.47,-0.89,-5.92,0.21,0.04,-0.16,322,301,296,337,316
8.49,-1.51,-5.40,0.14,0.02,-0.18,321,300,296,337,316
8.91,-1.62,-5.88,0.12,0.21,0.08,321,300,296,337,316
7.52,-1.51,-5.28,0.03,0.18,0.12,320,300,296,336,316
7.60,-1.64,-5.34,0.03,0.08,-0.02,320,300,296,336,316
8.07,-1.59,-5.51,0.03,0.02,-0.04,320,300,296,336,316
8.08,-1.35,-5.98,0.03,-0.01,-0.03,321,300,296,336,316
END
8.13,-1.49,-5.56,0.01,-0.04,-0.04,320,300,297,337,316
8.20,1.57,-6.14,0.03,-0.00,-0.03,321,300,298,337,316
8.28,1.74,-6.30,0.03,-0.03,-0.04,322,300,297,337,316
7.68,1.63,-6.11,0.04,-0.02,-0.01,321,300,297,337,316
7.68,1.51,-6.35,0.05,-0.03,-0.03,321,300,297,337,316
7.47,1.77,-6.41,0.05,0.01,0.00,321,300,297,337,316
7.72,2.53,-6.68,0.09,-0.00,-0.01,321,300,297,337,316
7.15,2.89,-6.81,0.26,0.11,0.04,321,300,297,337,316
7.57,1.61,-5.99,0.36,0.08,-0.09,321,300,297,336,316
7.72,1.71,-6.22,0.34,0.12,-0.01,320,300,297,337,316
7.54,0.81,-5.69,0.42,0.07,-0.10,320,300,297,337,316
8.15,0.00,-5.40,0.35,0.03,-0.11,321,300,296,337,316
8.34,0.14,-5.64,0.29,0.03,-0.15,321,300,297,337,316
7.91,-0.12,-5.63,0.28,0.11,-0.04,321,300,297,337,316
8.33,0.32,-5.56,0.19,0.06,-0.12,321,300,297,337,316
8.08,0.09,-5.65,0.19,0.02,-0.15,321,300,297,337,316
8.48,-0.37,-5.53,0.19,0.05,-0.10,321,300,297,337,316
7.87,0.26,-5.66,0.18,0.05,-0.07,321,300,297,337,316
7.58,-0.11,-5.20,0.20,-0.04,-0.23,321,300,297,337,316
8.33,-0.39,-4.84,0.12,0.15,-0.03,321,300,297,337,316
8.43,-0.17,-5.44,0.11,0.07,-0.09,321,300,297,337,316
8.51,0.06,-5.86,0.12,0.03,-0.06,321,300,297,336,316
8.46,-0.49,-5.59,0.18,0.02,-0.07,321,300,297,337,316
8.36,-0.33,-5.28,0.09,0.06,0.03,321,300,296,337,316
8.30,-0.28,-5.50,0.09,0.05,0.05,321,300,297,337,316
8.46,-0.17,-5.53,0.10,-0.02,-0.03,321,300,297,337,316
8.45,-0.43,-5.41,0.07,-0.00,0.00,320,299,297,337,316
8.08,-0.51,-5.46,0.04,0.00,0.00,321,299,297,337,316
8.64,-0.38,-5.48,0.05,0.01,-0.01,321,300,297,337,316
8.35,-0.67,-5.36,0.05,0.02,0.02,321,300,297,337,316
8.17,-0.40,-5.23,0.02,0.03,0.02,320,299,297,337,316
8.02,-0.19,-5.68,0.05,0.02,-0.01,321,300,296,337,316
8.41,-0.52,-5.36,0.02,0.02,-0.03,320,299,296,336,316
8.04,-0.78,-5.08,0.01,0.05,-0.00,320,299,296,336,316
8.70,-0.75,-5.33,0.01,-0.00,-0.08,320,300,296,336,316
8.54,-0.43,-5.52,0.04,0.07,-0.01,320,299,296,336,316
END
7.99,-0.67,-4.55,0.02,0.02,-0.04,323,301,299,340,316
7.83,1.18,-5.87,0.06,-0.00,-0.05,323,301,299,340,316
7.85,1.11,-6.12,0.06,0.00,-0.01,323,301,299,340,316
7.87,0.87,-6.17,0.06,-0.02,-0.04,323,300,299,340,316
7.72,0.90,-5.89,0.03,0.01,-0.06,323,301,299,340,316
7.90,1.72,-6.12,0.03,0.05,-0.02,322,301,299,340,316
8.03,2.49,-6.68,0.11,0.03,-0.05,323,301,299,340,316
7.58,1.29,-6.02,0.24,0.06,-0.08,323,300,299,340,316
7.78,0.69,-5.58,0.22,0.07,-0.08,323,300,299,340,316
8.01,0.88,-5.74,0.18,0.09,-0.04,323,301,299,339,316
7.87,1.11,-5.91,0.18,0.07,-0.08,323,300,299,340,316
8.19,0.92,-5.99,0.20,0.02,-0.15,323,300,298,339,316
8.50,0.98,-6.02,0.22,0.04,-0.04,323,300,299,340,316
8.32,0.85,-5.96,0.21,-0.10,-0.13,323,301,298,340,316
8.36,0.78,-6.10,0.17,-0.29,-0.24,323,301,298,340,316
7.84,0.59,-6.44,0.20,-0.13,-0.08,323,300,298,340,316
7.13,0.47,-6.42,0.20,-0.10,-0.14,323,300,299,339,316
7.60,0.24,-5.97,0.20,-0.04,-0.19,323,300,298,340,316
7.44,0.29,-6.09,0.17,0.01,-0.18,323,300,299,339,316
7.57,0.42,-5.84,0.19,-0.01,-0.28,322,300,298,339,316
8.01,0.70,-6.72,0.15,0.02,-0.21,322,301,299,339,316
7.99,0.57,-6.46,0.19,0.10,-0.06,322,300,298,339,316
7.77,0.78,-6.53,0.17,-0.02,-0.15,322,300,298,339,316
7.57,1.00,-6.93,0.16,-0.00,-0.14,322,300,299,339,316
7.81,0.30,-6.28,0.21,-0.00,-0.15,323,300,298,339,316
7.91,0.11,-6.33,0.19,0.09,-0.06,322,300,298,339,316
8.21,0.57,-5.99,0.19,0.17,0.09,322,300,298,339,316
8.03,-0.27,-5.63,0.18,0.10,0.05,322,300,298,339,316
7.75,-0.11,-5.99,0.11,0.09,0.04,322,300,298,339,316
7.82,-0.18,-5.74,0.07,0.02,-0.05,322,300,298,339,317
7.57,-0.02,-5.92,0.07,0.07,0.05,323,300,298,339,316
8.11,-0.34,-5.97,0.00,-0.00,-0.02,322,299,299,339,316
7.79,0.07,-5.99,0.06,0.02,-0.06,322,299,298,339,316
8.21,-0.27,-5.87,0.09,0.04,-0.07,321,299,298,338,316
8.18,-0.17,-5.97,0.08,0.09,-0.02,321,299,298,339,316
8.09,-0.13,-5.81,0.06,0.04,-0.05,321,299,298,338,316
END
8.18,-0.24,-6.00,0.05,0.03,-0.04,323,300,300,340,316
7.37,1.60,-6.37,0.06,0.04,-0.03,323,300,300,341,316
7.80,1.92,-6.70,0.06,0.03,-0.04,323,299,300,341,316
7.72,1.72,-6.37,0.05,-0.01,-0.06,323,300,300,340,317
7.62,1.44,-6.08,0.05,0.05,0.03,323,299,300,341,316
7.85,2.91,-6.83,0.09,0.04,0.02,322,300,300,341,316
7.59,2.89,-6.81,0.28,0.08,0.03,323,300,300,341,316
7.40,1.17,-6.29,0.30,0.06,-0.05,323,300,300,341,316
7.38,1.02,-5.66,0.26,0.08,-0.03,323,300,300,341,316
8.20,1.61,-6.51,0.24,0.08,0.01,323,300,300,341,316
7.69,1.13,-6.34,0.32,0.02,-0.07,323,300,300,340,316
8.03,0.22,-5.92,0.31,-0.04,-0.16,322,299,300,341,316
8.09,0.26,-5.73,0.26,0.01,-0.09,322,300,300,340,316
8.41,0.38,-6.37,0.22,0.02,-0.09,322,300,300,341,316
7.47,0.52,-5.92,0.22,-0.01,-0.10,322,300,299,340,316
7.45,0.37,-5.84,0.23,-0.02,-0.14,322,300,300,340,316
7.45,0.04,-5.94,0.23,0.03,-0.18,322,300,299,340,316
8.15,0.02,-6.01,0.23,0.03,-0.17,322,300,300,340,316
7.94,-0.50,-5.90,0.21,0.02,-0.19,322,300,300,340,316
8.05,-0.10,-5.71,0.14,0.00,-0.14,322,300,299,340,316
7.54,0.22,-5.99,0.15,0.02,-0.11,322,300,299,340,316
8.15,0.48,-6.27,0.16,-0.01,-0.17,322,300,299,340,316
8.11,0.09,-5.95,0.18,0.04,-0.12,322,300,299,340,316
8.13,0.46,-6.45,0.27,0.13,-0.04,322,299,299,339,316
7.90,-0.05,-5.97,0.22,0.06,-0.10,322,300,298,339,316
8.32,-0.29,-5.98,0.16,0.00,-0.12,322,299,299,339,316
7.92,-0.21,-5.74,0.14,-0.01,-0.10,322,300,299,341,316
8.21,-0.14,-5.69,0.11,-0.02,-0.05,322,300,299,339,316
8.03,-0.24,-5.43,0.04,-0.01,0.00,322,299,299,339,316
7.93,-0.35,-5.50,0.05,0.01,0.00,322,299,299,339,316
8.30,-0.26,-5.92,0.02,0.02,0.02,321,299,299,339,316
8.20,-0.17,-5.86,0.02,0.08,0.09,321,299,299,339,316
7.65,-0.32,-5.58,0.06,0.05,-0.01,321,299,298,339,316
7.80,-0.28,-5.96,0.05,0.04,-0.02,321,299,298,339,316
8.35,-0.51,-5.82,0.01,0.01,-0.04,321,299,298,338,316
7.95,-0.46,-5.83,0.02,0.03,-0.00,320,299,299,338,316
END
8.09,-0.34,-5.86,0.02,-0.00,-0.04,324,301,302,344,316
7.61,1.06,-6.40,0.01,0.00,-0.04,324,301,302,344,316
8.12,0.98,-6.37,0.04,-0.02,-0.08,324,301,302,344,316
7.79,0.97,-6.53,0.06,0.04,0.02,324,301,303,344,316
7.71,0.65,-6.11,0.05,-0.02,-0.06,324,301,302,344,316
7.62,1.38,-6.33,0.02,0.05,0.04,324,301,302,344,316
7.65,2.55,-7.17,0.16,0.00,-0.03,324,301,302,344,316
7.30,1.08,-6.28,0.30,0.02,-0.05,324,301,302,344,316
6.98,0.59,-6.29,0.33,0.04,-0.04,323,301,302,343,316
7.77,0.77,-6.75,0.29,-0.03,-0.08,324,301,301,344,316
7.25,0.33,-6.73,0.37,-0.01,-0.07,324,301,302,343,316
8.14,-0.77,-6.00,0.31,-0.05,-0.13,324,301,302,343,316
7.40,-0.67,-5.98,0.25,-0.03,-0.14,324,301,302,343,316
7.84,-0.34,-6.28,0.22,-0.03,-0.13,324,301,302,343,316
7.24,-0.48,-6.18,0.22,0.06,-0.04,324,301,302,343,316
7.18,-0.29,-6.35,0.17,-0.01,-0.18,324,301,301,343,316
7.80,-0.32,-6.55,0.22,0.05,-0.17,324,301,303,343,316
7.20,-0.39,-6.26,0.17,0.08,-0.13,324,301,301,343,316
7.46,0.12,-6.32,0.17,-0.05,-0.33,324,301,301,343,316
8.15,-0.73,-5.99,0.21,0.10,-0.18,324,301,301,342,316
8.35,-0.70,-5.95,0.14,0.08,-0.12,324,301,301,341,316
8.18,-0.09,-6.30,0.14,0.00,-0.14,324,300,301,342,316
8.37,-0.37,-6.16,0.17,0.03,-0.06,324,300,301,342,317
7.83,-0.38,-6.23,0.19,-0.01,-0.07,324,301,301,342,316
7.54,-0.19,-6.06,0.21,-0.01,-0.08,323,300,301,342,316
7.65,-0.82,-6.02,0.17,0.03,-0.06,323,300,300,341,316
7.75,-0.57,-5.70,0.16,0.02,-0.10,323,300,300,341,316
7.71,-0.70,-6.25,0.14,-0.00,-0.08,323,300,300,341,316
7.72,-0.63,-5.92,0.13,-0.03,-0.10,323,300,300,340,316
7.89,-0.45,-5.92,0.16,0.01,-0.08,323,300,300,340,316
8.15,-1.01,-5.79,0.14,0.02,0.00,323,300,300,340,316
8.19,-1.80,-5.14,0.09,0.04,0.05,322,300,300,340,316
7.70,-0.51,-6.48,0.02,0.04,0.08,322,300,300,340,316
7.70,-1.17,-5.55,0.08,0.05,0.00,321,300,299,340,316
7.93,-1.01,-6.12,0.02,0.03,0.01,321,299,299,339,316
7.74,-0.95,-5.99,0.06,0.04,-0.02,321,300,299,340,316
END
8.37,-1.16,-5.88,0.03,0.02,-0.07,324,300,303,344,317
7.83,0.95,-6.50,0.06,0.02,0.02,324,300,303,343,316
7.63,1.20,-6.52,0.09,0.04,0.03,324,300,303,343,316
7.66,0.85,-6.20,0.10,-0.01,-0.06,324,300,302,344,316
7.69,0.86,-6.20,0.10,-0.01,-0.06,324,300,302,343,317
7.90,1.32,-6.40,0.14,-0.01,-0.05,323,300,302,343,316
7.93,1.21,-6.59,0.20,-0.04,-0.05,324,300,303,343,316
7.57,0.95,-6.41,0.27,-0.03,-0.05,323,300,302,343,316
7.31,0.25,-6.16,0.29,-0.06,-0.14,324,300,302,342,316
7.62,-0.13,-5.72,0.26,0.03,-0.11,324,300,302,342,316
8.00,-0.37,-5.74,0.21,-0.01,-0.19,323,300,303,343,316
7.88,0.09,-6.33,0.16,-0.03,-0.11,323,300,303,343,316
7.93,0.11,-6.45,0.18,-0.06,-0.10,323,300,303,343,316
7.59,-0.13,-6.22,0.17,-0.05,-0.05,323,300,303,343,316
6.78,-0.11,-5.98,0.11,-0.07,-0.09,323,300,303,342,316
7.26,-0.42,-6.17,0.09,-0.07,-0.12,323,300,303,342,316
7.57,0.57,-6.78,0.06,-0.09,-0.21,323,300,302,343,316
7.70,0.76,-7.37,0.18,-0.02,-0.17,323,300,300,342,316
7.53,0.03,-6.66,0.27,0.03,-0.15,322,300,302,342,316
7.65,-0.60,-6.19,0.25,0.02,-0.16,323,300,302,342,316
7.12,-0.67,-6.30,0.17,-0.03,-0.16,323,300,302,342,316
8.27,-0.49,-6.52,0.14,-0.01,-0.14,323,300,302,342,316
7.62,-0.06,-6.58,0.09,0.01,-0.06,323,300,302,342,316
7.31,0.15,-6.38,0.11,0.07,-0.02,323,300,302,342,316
7.18,0.36,-6.75,0.16,0.07,-0.09,323,300,302,342,316
7.61,-0.09,-6.21,0.22,0.12,-0.11,323,300,302,342,316
7.98,-0.71,-5.53,0.14,0.12,0.00,322,299,302,342,316
8.26,-0.81,-5.94,0.02,0.08,0.06,322,299,302,342,316
7.54,-0.37,-6.12,0.06,0.08,0.08,322,299,302,341,316
7.42,-0.50,-6.11,0.05,0.03,-0.00,322,299,302,340,316
7.92,-0.51,-5.97,0.04,-0.01,-0.08,321,299,301,341,316
7.95,-0.63,-5.81,0.04,0.03,-0.02,321,299,302,340,316
7.39,-0.42,-5.92,0.05,0.04,-0.06,321,299,301,340,316
8.21,-0.55,-5.99,0.04,0.04,-0.04,321,299,301,340,316
7.85,-0.74,-6.14,0.06,0.05,-0.01,320,299,301,340,316
7.75,-0.62,-5.73,0.03,0.02,-0.04,320,299,301,340,316
END
8.26,-0.68,-6.39,0.03,-0.00,-0.04,322,301,303,343,316
7.23,1.19,-6.38,0.07,-0.04,-0.11,323,300,302,344,316
7.57,1.03,-6.37,0.04,-0.01,-0.04,323,300,303,344,316
7.45,1.65,-6.82,0.05,-0.01,-0.01,323,301,303,344,316
7.69,0.83,-6.35,0.09,-0.06,-0.08,323,300,303,344,317
7.49,1.28,-6.32,0.08,0.02,0.00,323,300,303,343,317
7.42,1.67,-6.63,0.13,-0.01,-0.05,323,301,302,343,316
6.98,2.08,-6.97,0.14,-0.00,-0.06,323,300,303,343,316
7.31,1.49,-6.69,0.24,-0.01,-0.15,323,300,303,344,317
7.43,0.60,-6.53,0.24,0.08,-0.02,323,300,302,344,317
8.28,0.77,-6.45,0.24,-0.06,-0.16,323,300,302,344,316
7.15,0.69,-6.71,0.26,0.02,-0.03,323,301,302,343,316
7.42,0.13,-6.36,0.26,-0.03,-0.19,323,301,302,343,316
7.33,-0.46,-5.71,0.21,0.14,-0.06,323,300,302,343,316
7.26,0.01,-6.01,0.13,0.12,-0.08,323,300,302,343,316
7.85,0.39,-6.73,0.11,0.04,-0.12,323,300,302,343,317
7.39,0.45,-6.52,0.12,0.06,-0.06,322,300,302,343,316
7.72,0.57,-6.64,0.16,-0.03,-0.17,323,300,302,343,317
7.40,0.21,-6.15,0.18,0.03,-0.11,322,300,301,343,316
7.77,0.19,-6.38,0.17,0.01,-0.16,322,300,302,343,316
7.66,0.22,-6.37,0.17,0.04,-0.16,322,300,302,342,316
8.01,0.22,-6.01,0.15,0.05,-0.17,322,301,301,342,316
7.82,0.38,-6.04,0.18,0.11,-0.13,322,300,301,342,316
8.45,0.07,-6.32,0.15,0.11,-0.07,322,300,301,342,317
7.62,0.38,-5.95,0.17,0.04,-0.11,323,300,301,342,316
7.99,0.06,-5.74,0.18,-0.01,-0.12,322,300,301,342,316
7.62,0.28,-5.97,0.15,-0.03,-0.06,322,300,300,341,316
7.66,0.53,-6.50,0.17,-0.07,-0.08,322,300,301,342,316
7.65,0.20,-6.04,0.17,-0.11,-0.19,322,300,301,342,316
8.41,0.04,-6.20,0.14,-0.02,-0.07,322,300,301,342,316
7.95,0.10,-6.14,0.10,0.06,0.02,322,300,301,342,316
7.72,-0.56,-5.73,0.08,0.07,0.06,322,300,301,342,316
7.85,-0.06,-6.25,-0.01,0.00,0.04,322,299,301,342,316
7.57,0.19,-6.15,0.08,0.06,0.02,321,300,301,342,316
7.81,-0.33,-5.86,0.11,0.09,0.02,321,299,301,342,316
8.32,-0.31,-5.64,0.07,0.08,0.01,321,299,300,341,316
END
7.53,-0.92,-5.33,0.08,0.02,-0.00,323,300,303,344,317
8.03,0.93,-6.33,0.04,0.03,-0.07,323,300,304,344,317
7.76,0.78,-6.53,0.02,0.05,0.03,324,300,303,344,317
7.54,0.97,-6.34,0.04,0.03,-0.02,323,300,303,344,317
7.79,1.11,-6.41,0.04,0.02,-0.03,323,300,303,344,317
7.63,1.21,-6.45,0.08,0.01,-0.04,323,300,303,344,316
7.70,1.34,-6.54,0.12,-0.01,-0.07,323,300,303,344,317
7.70,1.39,-6.42,0.19,0.04,-0.02,323,300,303,344,316
7.72,0.63,-6.04,0.25,-0.03,-0.13,324,300,303,344,316
8.03,0.17,-5.84,0.20,-0.01,-0.07,323,300,303,343,316
7.98,0.41,-6.82,0.16,-0.04,-0.07,323,300,303,343,316
7.44,0.57,-6.79,0.22,-0.06,-0.13,323,299,303,343,316
7.59,0.38,-6.89,0.26,-0.02,-0.15,323,300,302,343,316
7.07,0.09,-6.16,0.27,0.06,-0.09,323,300,302,343,316
7.27,-0.37,-5.81,0.25,0.04,-0.20,323,300,302,343,316
7.77,-0.23,-6.12,0.24,0.10,-0.20,323,300,303,343,316
7.97,-0.15,-6.18,0.19,0.11,-0.16,323,300,302,343,316
8.23,-0.12,-6.44,0.18,0.07,-0.16,323,300,302,343,316
8.12,0.24,-6.40,0.16,0.02,-0.15,323,300,302,343,317
7.39,0.37,-5.92,0.20,0.02,-0.14,323,300,302,343,316
7.62,0.01,-5.85,0.21,0.05,-0.14,323,300,302,343,317
8.06,0.17,-6.02,0.18,0.05,-0.21,323,300,302,343,316
8.13,0.19,-5.82,0.17,0.02,-0.23,323,300,302,342,316
8.28,0.14,-5.64,0.20,0.04,-0.17,322,300,302,343,316
8.47,-0.22,-5.65,0.22,0.03,-0.14,323,300,302,342,316
7.95,-0.24,-5.69,0.16,0.01,-0.13,322,300,302,342,316
8.01,-0.42,-5.42,0.08,-0.00,-0.08,323,300,302,342,316
8.04,0.29,-5.67,0.03,0.00,-0.11,323,300,302,343,316
8.19,0.62,-6.00,0.08,0.04,-0.06,323,300,302,342,316
7.96,0.37,-5.64,0.13,-0.02,-0.09,322,300,302,342,316
7.77,0.15,-5.87,0.13,-0.03,-0.10,322,300,301,342,316
7.75,0.14,-5.81,0.14,0.03,-0.07,322,300,301,342,316
7.79,0.39,-5.83,0.14,0.03,-0.10,322,300,301,342,316
8.23,-0.47,-4.87,0.02,-0.02,-0.08,322,299,301,342,316
8.31,0.27,-5.82,-0.05,0.01,0.06,321,298,300,341,317
8.44,-0.52,-5.54,-0.01,0.00,-0.06,321,299,300,341,316
END
8.00,0.19,-5.89,0.02,0.06,0.01,323,300,302,343,316
8.42,0.51,-5.90,0.05,-0.02,-0.06,323,300,302,343,317
7.96,0.45,-5.91,0.04,-0.04,-0.05,323,300,302,343,316
7.83,0.55,-5.96,0.02,-0.02,-0.01,323,300,302,343,317
7.54,1.34,-6.06,0.07,0.02,-0.01,323,300,302,343,316
7.94,0.90,-5.94,0.16,0.02,-0.07,323,300,302,343,316
7.94,0.55,-5.72,0.14,0.01,-0.09,323,299,301,343,316
8.02,1.08,-6.35,0.15,-0.08,-0.13,323,300,302,343,317
8.48,0.31,-6.38,0.18,-0.13,-0.15,323,300,302,343,317
7.31,0.01,-6.07,0.18,-0.03,-0.01,323,300,302,343,317
7.84,0.63,-6.46,0.17,-0.12,-0.13,323,300,301,343,316
7.44,0.28,-6.03,0.23,0.03,0.02,323,300,301,343,317
7.70,0.12,-6.09,0.26,-0.07,-0.26,323,300,301,342,316
7.36,-0.45,-5.84,0.26,-0.02,-0.17,323,300,301,342,316
7.94,-0.47,-5.93,0.17,0.02,-0.10,322,299,301,342,316
7.26,0.24,-6.50,0.15,-0.04,-0.15,322,300,301,342,316
7.95,-0.33,-6.16,0.17,0.05,-0.07,323,300,300,342,316
7.57,-0.02,-6.04,0.15,0.03,-0.10,322,299,301,342,316
7.68,-0.14,-6.22,0.19,-0.04,-0.25,322,299,300,341,316
7.87,-0.43,-6.04,0.20,0.00,-0.22,322,299,300,341,316
8.07,-0.46,-6.36,0.11,0.02,-0.16,322,300,301,341,316
7.93,0.22,-6.96,0.16,0.09,-0.04,322,300,300,341,316
7.99,-0.15,-6.18,0.21,-0.03,-0.20,322,300,300,341,316
8.13,-0.38,-6.46,0.29,0.07,-0.13,322,299,300,340,316
8.22,-0.54,-6.02,0.24,0.15,0.05,322,299,299,341,316
7.40,-1.04,-5.57,0.23,0.14,0.06,321,299,299,340,316
7.62,-1.08,-5.50,0.12,0.05,-0.09,320,299,300,340,316
8.25,-0.29,-6.24,0.04,0.01,-0.03,320,299,299,340,317
8.38,-0.52,-5.88,0.02,-0.03,-0.06,320,299,299,340,317
8.25,-0.75,-5.93,0.05,-0.00,-0.01,320,299,299,340,316
8.08,-0.53,-6.00,0.02,0.06,0.09,320,298,298,339,316
7.58,-0.89,-5.82,0.03,0.01,-0.03,319,299,298,339,316
7.86,-0.97,-5.61,0.02,0.03,0.01,320,299,298,339,316
8.01,-0.75,-5.83,0.01,-0.01,-0.03,319,299,298,339,316
8.06,-0.78,-5.78,0.02,-0.01,-0.02,319,298,298,339,316
7.82,-0.62,-5.91,0.02,-0.02,-0.04,319,299,298,339,316
END
7.96,-0.75,-5.28,0.02,-0.01,-0.04,322,300,301,342,317
7.62,1.32,-6.27,0.09,0.01,-0.01,322,300,301,342,317
7.53,1.31,-6.37,0.08,-0.04,-0.08,322,299,301,342,317
7.43,1.11,-6.26,0.08,0.02,-0.02,322,300,301,342,317
7.52,1.50,-6.55,0.12,0.03,-0.05,322,300,301,342,317
7.21,1.48,-6.44,0.14,0.04,-0.07,322,300,301,342,317
7.75,1.19,-6.37,0.16,0.02,-0.11,322,300,301,342,317
7.75,1.16,-6.37,0.15,0.05,-0.05,322,299,301,342,317
7.87,1.20,-6.24,0.15,0.02,-0.03,322,300,301,342,316
7.89,0.95,-6.11,0.14,0.09,0.10,322,300,301,342,317
7.51,0.86,-6.27,0.16,0.03,-0.01,322,300,301,341,317
7.72,0.97,-6.32,0.19,0.01,-0.04,321,300,301,342,317
7.57,0.34,-6.34,0.25,0.04,-0.06,322,299,301,341,317
7.47,0.60,-6.48,0.22,0.01,-0.11,322,300,301,341,317
7.44,0.57,-6.46,0.24,0.01,-0.12,322,300,301,341,316
8.11,0.21,-6.19,0.26,0.09,-0.10,321,300,301,341,317
7.89,0.09,-6.09,0.28,0.05,-0.15,322,299,301,341,316
7.99,-0.27,-5.79,0.26,-0.00,-0.15,322,300,301,341,316
7.73,-0.29,-5.74,0.20,-0.04,-0.16,322,299,301,341,317
7.62,-0.15,-5.94,0.19,-0.03,-0.11,322,299,301,341,316
7.72,-0.02,-6.63,0.18,-0.02,-0.13,322,300,301,341,317
7.51,0.10,-6.09,0.18,-0.03,-0.19,322,299,300,341,317
7.84,0.35,-6.30,0.22,0.02,-0.20,322,300,301,341,316
8.11,-0.13,-6.11,0.21,-0.02,-0.20,322,299,300,341,317
7.82,-0.09,-6.10,0.19,0.00,-0.11,322,299,300,343,316
7.93,0.01,-6.09,0.21,0.00,-0.11,322,299,301,341,316
7.82,-0.29,-6.01,0.23,-0.02,-0.14,322,300,300,341,316
7.78,-0.28,-5.97,0.20,-0.01,-0.09,322,300,300,341,317
7.87,-0.69,-5.53,0.21,0.05,-0.09,321,300,300,341,317
8.75,-1.21,-5.17,0.05,0.01,-0.05,321,300,300,341,317
8.39,0.18,-6.73,0.09,0.17,0.18,320,299,300,341,317
7.08,-1.08,-5.26,0.12,0.15,0.08,320,299,299,341,317
7.59,-0.49,-5.99,0.06,0.04,-0.07,320,299,299,340,317
7.77,-0.47,-5.98,0.05,0.00,-0.07,320,299,299,340,317
8.48,-0.70,-5.71,0.03,0.01,-0.04,320,299,299,339,317
7.79,-0.66,-5.50,0.04,0.04,0.00,320,299,298,338,317
END
8.03,-0.57,-5.79,0.04,-0.00,-0.05,325,302,305,345,318
7.55,1.03,-6.20,0.06,0.03,-0.03,326,302,305,346,318
7.58,1.14,-6.40,0.05,-0.01,-0.09,326,302,305,345,318
7.76,1.03,-6.29,0.03,-0.01,-0.06,325,302,305,345,318
7.66,1.19,-6.18,0.03,-0.01,-0.06,325,302,305,345,318
7.72,1.57,-6.45,0.06,0.01,-0.04,325,301,305,345,318
7.43,1.56,-6.33,0.11,0.00,-0.08,325,301,304,345,318
7.52,1.48,-6.35,0.15,0.06,-0.03,325,301,304,345,318
7.75,0.99,-6.16,0.16,0.10,0.00,325,301,304,345,317
7.52,1.44,-6.04,0.13,0.03,-0.05,325,302,304,345,318
8.07,1.36,-6.03,0.15,0.02,-0.10,325,301,304,344,317
7.62,1.14,-6.40,0.22,0.19,0.11,325,301,303,344,318
7.95,0.47,-6.09,0.24,0.04,-0.11,324,301,303,343,317
8.43,0.55,-6.45,0.25,-0.04,-0.15,324,301,303,344,317
8.50,0.04,-6.27,0.28,0.01,0.01,324,301,303,343,317
7.42,0.35,-6.18,0.23,-0.09,-0.08,324,301,302,343,317
8.32,0.22,-6.01,0.27,-0.10,-0.14,324,301,302,343,317
7.28,0.19,-6.13,0.28,-0.02,-0.07,324,301,302,343,317
7.46,-0.47,-6.12,0.31,0.02,-0.08,323,300,302,340,318
8.17,-0.49,-5.90,0.25,0.06,-0.11,323,300,301,342,317
7.45,-0.55,-5.95,0.28,0.25,0.06,323,300,301,342,318
7.67,-0.62,-5.94,0.24,-0.05,-0.31,323,301,302,341,317
8.31,-0.62,-6.17,0.28,0.10,-0.09,323,301,301,341,317
8.04,-0.78,-5.75,0.24,0.02,-0.16,323,300,301,342,317
8.55,-0.55,-5.78,0.27,-0.01,-0.15,323,300,301,342,317
8.05,-0.75,-5.46,0.29,0.05,-0.10,323,300,301,341,317
8.33,-0.94,-5.61,0.27,0.03,-0.09,323,300,300,341,317
7.87,-1.06,-5.35,0.18,-0.01,-0.05,323,300,300,341,317
8.04,-1.00,-5.42,0.13,-0.04,-0.11,323,300,300,341,317
7.70,-0.93,-5.53,0.09,-0.02,-0.09,322,300,300,341,317
7.69,-0.90,-5.09,0.07,-0.05,-0.13,322,300,300,341,316
8.54,-1.15,-5.18,0.00,-0.04,-0.14,321,300,300,341,317
8.28,-0.55,-6.10,-0.01,0.01,-0.01,321,300,300,341,317
8.15,-0.63,-5.95,0.07,0.04,-0.05,321,300,300,341,317
8.13,-0.63,-5.48,0.01,-0.01,-0.06,320,300,300,341,317
7.62,-0.70,-5.79,0.03,0.01,-0.09,320,300,300,341,317
END
8.36,-0.61,-5.71,-0.02,-0.06,-0.09,322,300,301,342,317
7.55,1.23,-6.64,0.06,0.02,0.02,322,300,301,342,317
7.55,0.91,-6.06,0.06,-0.05,-0.12,322,300,301,342,317
6.92,1.10,-6.31,0.11,0.07,0.03,322,299,301,341,317
7.96,0.62,-6.37,0.11,-0.01,-0.13,321,300,301,342,317
8.02,1.56,-6.83,0.14,0.06,0.03,322,299,300,342,317
7.78,1.24,-6.65,0.22,-0.07,-0.12,322,300,301,342,317
7.80,1.15,-6.62,0.29,-0.01,-0.04,322,300,301,342,317
7.54,0.96,-6.19,0.37,-0.03,-0.16,322,300,301,342,317
8.01,0.37,-6.14,0.43,0.07,-0.06,322,299,301,342,317
7.75,0.48,-6.46,0.42,0.03,-0.11,322,300,301,342,317
7.68,-0.31,-5.86,0.42,-0.04,-0.13,322,300,301,342,317
7.99,-0.83,-5.74,0.37,-0.11,-0.18,322,300,301,342,317
7.55,-1.04,-5.34,0.31,-0.05,-0.10,322,300,301,342,317
7.67,-1.14,-5.71,0.20,-0.12,-0.21,322,300,300,342,317
7.67,-0.57,-6.61,0.18,-0.01,-0.08,322,301,300,342,317
7.21,-0.02,-6.98,0.21,-0.06,-0.14,322,300,301,342,317
7.76,-0.50,-6.81,0.29,0.00,-0.09,322,300,300,342,317
7.83,-1.31,-6.25,0.34,-0.10,-0.32,322,300,300,342,317
8.18,-1.51,-6.14,0.29,0.05,-0.01,321,300,300,342,317
7.21,-1.58,-6.06,0.19,-0.06,-0.15,321,299,300,342,317
7.20,-1.39,-6.09,0.16,0.04,-0.03,321,299,300,342,317
6.84,-1.26,-5.97,0.14,0.04,-0.10,321,299,300,341,317
7.70,-1.07,-6.23,0.16,0.08,-0.19,321,299,300,341,317
8.25,-1.06,-6.26,0.17,0.15,-0.07,321,299,300,341,317
8.38,-1.06,-6.26,0.17,-0.02,-0.21,321,300,300,341,317
8.18,-1.23,-5.84,0.16,0.05,0.00,321,299,300,341,317
7.76,-2.21,-5.01,0.12,0.07,0.04,320,299,300,340,317
7.85,-1.70,-5.51,-0.03,-0.01,-0.08,320,300,300,341,317
8.16,-0.66,-6.67,-0.00,0.04,0.00,320,300,300,341,317
7.51,-1.47,-5.76,0.08,0.05,0.04,320,299,299,341,317
8.01,-1.41,-5.96,0.02,0.03,-0.00,320,299,299,341,317
7.69,-1.72,-5.75,0.00,-0.00,-0.01,320,299,300,341,317
8.09,-1.54,-5.92,0.02,0.04,0.02,320,299,299,340,317
8.03,-1.53,-5.77,0.03,0.01,-0.05,320,299,299,340,317
7.88,-1.45,-5.83,0.04,0.05,-0.00,320,299,299,340,317
END
7.73,-1.49,-5.73,0.03,0.03,-0.02,323,300,300,339,317
7.87,2.08,-5.99,0.26,-0.01,-0.01,323,300,300,339,317
7.87,1.55,-5.91,0.26,0.02,0.01,322,300,301,339,317
8.08,1.32,-6.00,0.28,-0.04,-0.09,322,300,300,340,317
7.81,1.16,-5.77,0.25,-0.02,-0.00,323,300,300,339,317
7.62,1.20,-6.10,0.26,-0.00,-0.01,323,300,300,339,317
7.70,0.74,-6.00,0.29,0.00,-0.08,323,300,300,340,317
7.82,0.60,-5.89,0.29,0.04,-0.03,322,300,300,339,317
7.85,0.38,-5.81,0.30,0.01,-0.04,322,300,300,340,316
8.10,0.27,-5.84,0.27,-0.05,-0.09,323,300,300,339,317
7.90,0.39,-6.00,0.29,-0.02,-0.09,322,300,300,339,317
7.98,0.04,-6.07,0.28,0.03,-0.03,322,299,300,339,317
7.80,-0.34,-5.86,0.27,0.02,-0.06,322,300,300,339,317
7.58,0.03,-6.04,0.21,-0.00,-0.09,323,300,300,339,317
7.82,-0.17,-5.99,0.24,-0.00,-0.12,322,300,300,339,317
8.10,-0.37,-5.93,0.23,-0.01,-0.11,322,300,300,339,317
8.00,-0.57,-5.86,0.23,-0.02,-0.13,322,300,300,339,317
7.96,-0.63,-5.87,0.23,0.01,-0.08,322,300,301,340,317
7.74,-0.58,-5.90,0.25,0.03,-0.11,322,300,301,339,317
8.20,-0.79,-6.03,0.21,0.05,-0.03,322,300,300,340,317
7.79,-0.64,-5.84,0.23,-0.02,-0.07,322,300,300,340,317
7.76,-0.73,-5.82,0.26,-0.04,-0.12,322,300,300,340,317
7.98,-1.26,-5.86,0.24,-0.05,-0.14,322,300,300,340,317
7.96,-1.10,-5.97,0.17,-0.08,-0.12,322,300,301,340,317
8.22,-1.12,-5.73,0.18,-0.06,-0.10,322,300,300,340,317
8.23,-1.56,-5.43,0.13,0.05,0.05,321,300,300,340,317
8.13,-1.45,-5.74,0.08,0.07,0.13,321,300,301,340,317
7.61,-0.85,-6.16,0.10,0.10,0.12,321,300,301,339,317
7.20,-1.16,-5.68,0.12,0.09,0.05,321,300,300,340,317
7.29,-1.31,-5.77,0.07,-0.03,-0.16,320,300,300,339,317
8.34,-1.84,-5.66,0.05,-0.11,-0.26,320,300,300,339,317
8.71,-1.60,-6.22,-0.00,-0.03,-0.06,320,299,300,339,317
7.63,-1.64,-5.52,0.00,0.03,0.01,320,300,300,339,316
7.54,-1.31,-5.98,0.02,0.01,-0.01,320,299,300,339,317
7.98,-1.27,-6.13,0.01,-0.01,-0.04,320,299,300,339,317
7.73,-1.47,-5.64,0.02,-0.02,-0.04,319,299,300,339,317
END
7.90,-1.33,-5.64,0.01,-0.01,-0.03,323,300,303,342,317
7.11,1.93,-6.77,0.11,0.03,-0.05,322,300,303,342,317
7.08,1.51,-6.51,0.17,0.06,-0.05,323,301,303,342,317
7.36,1.05,-6.73,0.14,0.05,-0.08,323,300,303,342,317
7.24,1.46,-6.63,0.13,0.07,-0.07,322,300,303,342,317
7.50,1.69,-6.93,0.16,0.04,-0.10,322,300,303,342,317
7.57,1.16,-6.69,0.25,0.09,-0.07,322,300,303,342,317
7.26,0.79,-6.58,0.20,0.06,-0.08,322,300,303,342,317
7.62,1.06,-6.69,0.25,0.09,-0.06,322,300,303,342,316
7.81,0.62,-6.24,0.27,0.05,-0.09,322,300,303,342,317
8.10,0.62,-6.43,0.28,0.03,-0.07,322,300,303,342,317
8.19,0.44,-6.33,0.28,0.03,-0.03,322,300,303,342,317
7.65,0.30,-6.09,0.29,0.03,-0.03,323,300,303,342,317
7.09,0.27,-6.11,0.26,0.01,-0.04,322,300,303,342,317
7.33,0.21,-6.40,0.23,0.01,-0.07,323,300,302,342,317
7.64,-0.29,-6.20,0.23,-0.01,-0.12,322,300,303,342,317
7.67,-0.11,-6.07,0.20,0.01,-0.10,322,300,303,342,317
7.90,-0.29,-6.31,0.19,0.02,-0.08,322,300,303,342,316
7.60,-0.53,-5.98,0.22,0.03,-0.06,322,300,303,342,317
7.95,-0.65,-6.07,0.19,0.02,-0.09,322,300,302,342,317
8.05,-0.74,-6.06,0.15,0.02,-0.05,322,300,303,341,317
7.65,-0.34,-6.45,0.12,-0.01,-0.09,322,300,302,342,317
7.51,-0.47,-6.06,0.11,-0.04,-0.10,322,300,302,342,317
8.04,-0.58,-6.46,0.14,-0.03,-0.10,322,300,303,342,317
8.09,-0.18,-6.29,0.16,-0.05,-0.05,322,300,303,342,317
7.87,-0.45,-6.02,0.22,-0.05,-0.08,322,300,302,341,317
7.52,-0.78,-6.21,0.22,0.03,-0.00,322,300,302,342,317
7.39,-1.19,-5.87,0.20,0.02,-0.03,322,300,302,341,316
7.87,-1.54,-5.79,0.19,0.03,-0.08,322,300,302,341,317
7.20,-1.11,-6.36,0.17,0.08,-0.02,322,300,302,341,317
8.06,-1.51,-5.58,0.09,0.02,-0.03,321,300,302,341,317
7.78,-1.44,-5.46,0.02,-0.00,-0.02,321,300,302,341,317
7.67,-0.80,-6.26,0.02,0.03,0.04,323,300,302,342,317
7.44,-1.30,-5.93,0.07,0.01,-0.01,321,300,301,341,317
7.82,-1.47,-5.58,-0.01,-0.03,-0.04,321,300,301,341,316
7.98,-1.31,-6.22,0.01,0.02,0.01,321,300,301,341,317
END
7.98,-1.49,-6.00,0.03,0.02,-0.01,323,300,304,343,317
7.41,1.34,-6.71,0.04,-0.00,-0.03,323,300,304,343,317
7.18,1.51,-6.72,0.03,-0.02,-0.05,323,300,303,342,317
7.35,1.39,-7.05,0.05,-0.02,-0.02,323,301,303,342,317
7.26,1.23,-6.68,0.07,-0.02,-0.05,323,300,303,343,318
7.39,1.65,-6.93,0.06,-0.01,-0.03,323,299,303,342,318
6.85,2.01,-7.18,0.14,0.01,-0.00,323,300,303,343,317
6.94,1.41,-6.98,0.18,-0.02,-0.09,323,300,303,342,317
6.65,1.00,-6.38,0.17,0.06,-0.02,323,300,303,343,317
6.99,0.94,-6.37,0.18,0.07,-0.09,323,300,303,343,317
7.48,1.11,-6.67,0.16,0.06,-0.12,323,300,303,342,317
7.42,1.03,-6.65,0.18,0.07,-0.12,323,300,303,343,317
7.72,1.08,-6.75,0.18,0.03,-0.13,323,300,303,342,317
8.08,0.78,-6.93,0.25,0.07,-0.06,323,300,303,342,317
7.31,0.56,-6.41,0.25,0.04,-0.08,323,300,303,342,317
7.21,0.57,-6.22,0.24,-0.01,-0.16,322,300,303,342,317
6.87,0.32,-6.27,0.23,0.08,-0.10,323,300,303,342,317
7.50,0.04,-6.18,0.19,0.12,-0.09,322,300,303,342,317
7.59,0.32,-6.31,0.15,0.11,-0.13,322,301,303,342,317
7.98,0.95,-7.03,0.15,0.08,-0.14,323,300,302,342,317
7.98,0.80,-6.66,0.22,0.06,-0.16,322,300,302,342,317
8.27,0.19,-6.25,0.25,0.03,-0.11,322,300,302,342,317
7.67,-0.09,-5.79,0.20,-0.02,-0.15,323,300,302,342,317
7.80,-0.22,-5.94,0.14,0.01,-0.06,323,300,303,342,317
7.75,0.39,-6.46,0.13,0.03,-0.10,322,300,302,342,317
7.75,0.35,-6.24,0.13,0.02,-0.10,322,300,302,342,315
7.43,0.08,-6.40,0.14,0.02,-0.14,322,300,301,342,317
8.00,0.24,-6.30,0.15,-0.01,-0.21,322,300,302,341,317
8.59,-0.19,-5.88,0.19,0.05,-0.13,322,300,301,341,317
8.15,-0.15,-5.96,0.13,0.02,-0.04,322,300,302,341,317
7.98,0.48,-6.30,0.16,0.04,-0.04,322,300,300,341,317
7.58,0.00,-6.07,0.19,0.09,-0.00,322,300,301,341,317
7.77,-0.55,-5.46,0.18,0.07,-0.07,322,300,301,341,317
8.05,-0.22,-5.76,0.07,0.02,-0.06,322,300,300,341,317
8.54,0.05,-6.06,0.08,0.07,0.09,322,299,300,341,317
7.87,-0.56,-5.74,0.09,0.11,0.10,321,299,300,340,317
END
8.18,-0.42,-5.68,0.06,0.04,0.02,322,299,301,341,317
7.75,0.88,-6.30,0.04,0.03,-0.03,322,299,301,342,317
7.55,1.05,-6.35,0.05,0.04,-0.02,322,299,302,342,317
7.76,0.91,-6.35,0.07,0.01,-0.04,322,299,301,342,317
7.43,0.75,-6.17,0.06,0.02,-0.04,322,299,301,342,317
7.99,1.35,-6.58,0.07,-0.02,-0.07,322,300,301,342,317
7.64,1.42,-6.53,0.14,0.05,0.01,322,300,301,342,317
7.65,0.90,-6.32,0.19,0.02,-0.06,322,299,301,342,317
7.71,0.91,-6.25,0.22,0.01,-0.11,322,299,301,342,317
7.85,0.32,-6.04,0.21,0.05,-0.01,322,300,301,342,316
7.80,0.50,-6.27,0.20,-0.03,-0.12,321,299,301,342,317
8.13,0.61,-6.74,0.21,0.02,-0.05,322,299,301,342,317
7.27,0.07,-5.99,0.21,0.04,-0.03,322,300,301,342,317
7.77,0.14,-6.05,0.22,-0.02,-0.09,322,300,301,342,317
7.22,0.09,-5.97,0.23,0.03,-0.06,322,299,301,342,317
7.52,-0.13,-6.07,0.20,-0.03,-0.21,322,300,301,342,317
8.00,-0.37,-6.09,0.21,0.08,-0.12,322,300,301,342,317
7.58,-0.39,-6.12,0.18,0.04,-0.16,322,300,301,342,317
8.23,-0.31,-5.95,0.19,0.06,-0.14,322,300,301,342,317
8.20,-0.02,-6.26,0.18,0.05,-0.13,322,299,301,342,317
8.64,0.29,-6.20,0.17,0.01,-0.09,322,299,301,342,317
8.04,-0.23,-6.04,0.24,0.01,-0.08,322,299,301,341,317
8.01,-0.90,-5.44,0.19,-0.04,-0.13,322,300,301,341,317
8.03,-0.77,-5.69,0.15,0.05,-0.04,322,299,301,342,317
7.63,-0.38,-5.99,0.13,-0.03,-0.15,322,300,301,341,317
7.57,-0.21,-5.93,0.12,0.02,-0.10,322,299,301,341,317
7.87,0.08,-5.79,0.11,-0.04,-0.17,322,300,301,342,317
8.17,-0.27,-5.99,0.13,-0.06,-0.14,322,300,301,341,317
8.43,-0.49,-6.31,0.11,-0.02,-0.08,322,300,301,341,317
7.86,-0.47,-5.86,0.13,-0.02,-0.13,322,299,301,341,317
7.69,-0.39,-5.92,0.07,-0.02,-0.06,321,299,301,341,317
7.71,-0.12,-6.01,0.04,-0.02,-0.09,321,299,300,341,317
8.16,-0.59,-5.63,-0.04,-0.08,-0.10,321,299,300,340,317
8.05,-0.29,-5.85,-0.03,-0.03,0.01,320,299,300,340,316
7.75,-0.28,-6.25,-0.00,-0.01,0.01,320,299,300,340,316
8.11,-0.22,-6.12,0.00,0.01,0.04,320,300,300,340,317
END
7.58,-0.26,-6.28,0.05,0.06,0.02,321,299,304,343,317
7.70,0.47,-5.96,0.12,0.02,-0.07,321,299,304,343,317
7.49,0.72,-6.11,0.08,0.03,-0.05,321,299,303,343,317
7.62,1.37,-6.60,0.09,-0.02,-0.09,321,299,303,343,317
7.62,1.20,-6.30,0.16,0.04,-0.05,321,299,303,343,317
8.07,0.57,-6.28,0.14,-0.01,-0.08,321,299,303,343,317
7.71,0.85,-6.00,0.15,0.01,-0.03,321,299,303,342,317
7.48,1.05,-6.40,0.16,-0.02,-0.06,321,299,304,342,317
7.90,0.51,-6.35,0.20,-0.03,-0.13,321,300,303,343,317
7.57,0.57,-6.21,0.21,0.06,-0.04,321,299,303,343,317
7.55,0.88,-6.47,0.21,0.02,-0.11,321,299,303,342,317
7.72,0.41,-6.14,0.19,0.02,-0.10,321,299,303,343,317
8.00,-0.01,-5.81,0.19,0.04,-0.13,321,299,303,342,317
8.28,0.32,-6.10,0.16,0.04,-0.10,321,300,303,342,317
7.75,0.38,-6.27,0.19,0.03,-0.11,321,299,303,342,317
7.98,0.46,-6.12,0.19,-0.00,-0.16,321,299,302,342,317
7.76,0.38,-6.01,0.24,0.05,-0.16,321,299,302,342,317
8.02,0.09,-5.99,0.21,0.05,-0.10,321,299,302,342,317
8.02,0.22,-5.94,0.17,0.00,-0.14,321,299,302,341,317
7.67,0.14,-5.74,0.19,-0.00,-0.15,321,299,302,342,317
8.05,0.06,-5.70,0.16,0.01,-0.11,321,299,302,342,316
7.95,0.09,-5.89,0.12,0.00,-0.16,321,299,302,341,316
7.90,0.91,-6.32,0.11,-0.02,-0.15,321,300,302,341,316
8.43,0.11,-6.08,0.16,0.06,-0.07,321,299,302,341,317
7.85,-0.15,-5.97,0.17,0.00,-0.11,321,299,301,341,316
7.72,0.38,-5.99,0.16,-0.02,-0.14,321,299,301,341,317
7.86,0.27,-6.01,0.20,0.02,-0.14,321,299,301,341,317
8.18,0.05,-5.88,0.18,0.04,-0.05,321,299,301,340,316
8.20,-0.42,-5.91,0.13,0.15,0.14,321,299,301,340,316
8.31,-0.58,-5.23,0.16,0.07,-0.04,320,299,301,341,317
8.14,-0.19,-5.61,0.05,0.06,0.00,320,298,301,340,317
8.08,-0.06,-5.93,0.06,0.08,0.04,320,299,301,340,317
7.24,-0.28,-5.47,0.07,0.01,-0.07,321,299,301,340,317
8.31,-0.24,-5.81,0.02,-0.05,-0.10,320,299,300,340,317
8.23,0.03,-5.92,0.05,-0.02,-0.10,320,298,300,340,317
8.71,0.05,-5.82,-0.00,-0.01,-0.04,320,299,300,339,317
END
8.53,-0.77,-5.42,0.05,0.04,-0.04,324,300,306,344,317
8.05,0.79,-5.99,0.13,0.02,-0.07,324,300,305,344,317
8.05,0.90,-6.17,0.15,-0.00,-0.06,324,300,305,344,316
8.08,0.50,-5.76,0.16,-0.03,-0.09,324,300,305,344,317
7.64,1.08,-5.95,0.14,0.03,-0.02,324,300,304,344,317
7.65,0.98,-6.09,0.19,0.01,-0.11,324,300,304,344,317
7.67,0.50,-5.71,0.14,0.13,0.01,323,300,305,344,317
7.85,0.50,-6.01,0.18,0.08,-0.15,323,300,305,344,317
8.51,0.95,-6.10,0.19,0.02,-0.14,323,300,304,344,317
8.19,0.47,-5.80,0.25,0.05,-0.01,324,300,304,344,317
8.63,0.11,-5.60,0.23,-0.04,-0.12,324,300,304,343,317
8.26,-0.01,-5.72,0.21,0.10,0.15,323,300,304,344,317
8.36,-0.45,-5.45,0.16,-0.05,-0.03,323,300,304,344,317
8.08,-0.01,-5.81,0.15,-0.03,0.00,323,297,304,343,317
7.52,-0.43,-5.69,0.17,-0.06,-0.04,323,300,304,344,317
7.99,-0.30,-5.86,0.16,-0.05,-0.07,323,300,305,343,317
7.22,-0.34,-5.76,0.19,-0.01,-0.08,324,300,304,344,317
7.37,-0.18,-5.63,0.16,0.00,-0.11,323,300,304,344,317
7.72,-0.71,-5.69,0.18,0.05,-0.11,323,300,304,343,317
8.32,-0.68,-5.85,0.13,0.01,-0.16,323,300,304,344,317
8.07,-0.32,-5.74,0.15,0.03,-0.12,323,300,304,343,317
8.10,-0.29,-5.79,0.17,0.02,-0.12,323,300,304,343,317
8.31,-0.39,-5.68,0.25,0.06,-0.08,323,300,303,343,317
8.00,-0.53,-5.55,0.26,0.06,-0.10,323,300,303,343,317
8.29,-0.72,-5.06,0.21,0.01,-0.14,322,300,302,342,317
8.15,-0.53,-5.41,0.16,0.02,-0.13,323,300,302,342,317
8.31,-0.51,-5.37,0.14,0.01,-0.11,322,300,302,341,317
8.09,-0.55,-5.65,0.14,-0.01,-0.12,322,300,302,342,317
8.03,-0.66,-4.86,0.10,-0.02,-0.14,322,299,302,342,317
8.29,-0.50,-5.58,0.07,-0.01,-0.11,322,299,302,341,317
8.15,-0.46,-5.53,0.05,0.00,-0.11,322,299,302,341,317
8.31,-0.30,-5.79,0.02,-0.00,-0.11,322,299,301,342,317
7.87,-0.24,-5.44,0.02,0.01,-0.10,321,299,301,341,317
8.24,-0.15,-5.30,0.04,-0.01,-0.19,320,299,301,341,317
8.54,-0.36,-5.30,0.04,0.02,-0.04,320,299,301,341,317
8.02,-0.06,-5.92,0.03,0.05,0.00,320,298,301,341,317
END
8.52,-0.14,-5.34,0.03,0.02,-0.01,323,300,305,344,317
8.52,0.36,-5.47,0.09,0.01,-0.06,323,300,305,345,317
8.33,0.15,-5.47,0.08,0.02,-0.02,323,300,305,344,317
8.35,0.22,-5.32,0.07,-0.02,-0.07,323,300,305,345,317
8.58,0.53,-5.62,0.08,0.03,-0.02,323,300,305,345,317
7.96,0.47,-5.61,0.11,-0.02,-0.10,323,300,305,345,317
8.53,0.73,-5.94,0.16,0.07,0.03,323,300,305,344,317
8.30,0.76,-5.93,0.25,0.09,0.00,323,300,305,345,317
8.13,0.07,-5.39,0.33,0.03,-0.07,323,300,305,344,317
8.13,-0.39,-5.19,0.32,-0.04,-0.17,323,300,305,344,317
8.72,-0.28,-5.18,0.31,0.06,-0.04,323,300,304,344,317
8.31,-0.63,-5.23,0.33,0.07,-0.02,323,300,304,344,317
8.94,-0.93,-4.47,0.32,-0.01,-0.09,323,300,304,344,316
8.34,-0.99,-5.18,0.22,0.01,-0.00,322,300,304,344,317
8.43,-0.93,-4.89,0.19,-0.07,-0.10,323,300,303,343,317
8.41,-0.74,-5.21,0.16,-0.07,-0.09,323,300,303,343,317
8.28,-0.81,-5.19,0.20,-0.06,-0.07,322,300,303,342,317
8.25,-1.28,-4.95,0.19,0.01,-0.01,322,300,303,342,317
8.37,-1.25,-5.10,0.20,0.01,-0.05,322,300,303,343,317
8.38,-1.59,-4.70,0.18,0.05,0.01,322,300,303,342,316
8.20,-1.52,-4.83,0.17,-0.04,-0.16,322,300,303,342,317
8.76,-1.32,-5.10,0.14,0.03,-0.01,322,300,303,342,317
7.98,-1.13,-5.78,0.19,0.04,-0.02,322,299,303,342,317
8.33,-1.69,-4.59,0.19,-0.11,-0.21,322,299,303,342,317
8.28,-1.77,-5.02,0.15,-0.05,-0.13,322,300,302,342,317
8.79,-1.58,-4.84,0.08,-0.07,-0.12,322,300,303,342,317
8.14,-1.05,-5.00,0.07,-0.02,-0.09,322,299,303,342,317
8.20,-1.06,-5.25,0.11,-0.05,-0.12,322,300,302,342,317
8.55,-1.61,-4.95,0.08,-0.04,-0.14,322,299,302,342,317
8.77,-1.50,-4.93,0.02,-0.01,-0.04,322,300,302,342,317
8.36,-0.80,-5.46,0.03,-0.01,-0.02,322,299,302,342,317
8.15,-1.28,-5.18,0.06,-0.03,-0.06,321,299,302,342,317
8.23,-1.28,-4.85,-0.01,-0.03,-0.07,321,299,301,341,317
8.05,-1.11,-5.28,0.02,-0.00,-0.06,321,299,301,341,317
7.59,-0.79,-5.21,-0.01,-0.05,-0.22,320,299,301,341,317
9.06,-0.96,-5.21,-0.05,-0.08,-0.22,320,299,301,340,316
END
8.32,-0.73,-5.45,-0.03,0.00,-0.07,323,300,303,344,317
8.28,0.47,-5.10,0.26,0.00,-0.07,323,300,303,343,317
8.44,0.32,-5.08,0.19,-0.02,-0.04,323,300,303,343,317
8.40,0.92,-5.51,0.17,0.06,0.09,323,300,303,343,317
8.22,0.87,-5.56,0.18,-0.07,-0.09,323,300,303,343,317
8.13,0.73,-5.55,0.22,0.00,-0.03,322,300,303,343,317
7.90,0.73,-5.64,0.25,-0.03,-0.13,322,300,303,343,317
8.26,0.17,-5.33,0.29,-0.01,-0.15,323,300,302,342,317
8.30,0.07,-5.23,0.22,-0.03,-0.18,322,300,302,343,317
8.57,0.70,-5.65,0.22,-0.01,-0.15,322,300,303,343,317
8.84,0.33,-5.44,0.24,0.01,-0.08,322,300,302,343,317
8.74,-0.39,-5.20,0.24,-0.04,-0.10,323,300,302,343,317
7.93,-0.22,-5.05,0.22,0.12,0.11,322,300,302,342,317
8.20,-0.37,-5.02,0.16,-0.01,-0.13,322,300,302,342,318
8.48,0.01,-5.51,0.12,0.07,0.01,322,300,302,343,317
8.21,-0.09,-5.64,0.12,-0.04,-0.08,322,300,302,342,317
8.33,-0.17,-5.44,0.13,-0.01,-0.03,322,300,302,342,317
8.27,-0.16,-5.68,0.15,-0.04,-0.08,322,300,302,342,317
8.25,-0.36,-5.30,0.14,-0.03,-0.05,322,300,302,342,317
8.21,0.11,-5.68,0.15,-0.03,-0.07,322,300,302,342,317
8.39,-0.09,-5.41,0.17,-0.06,-0.12,322,300,302,342,317
8.41,-0.75,-5.25,0.17,0.00,-0.07,322,300,302,343,317
7.90,-0.47,-5.13,0.16,0.10,0.01,322,300,302,342,317
8.27,-0.56,-5.37,0.09,0.01,-0.09,322,300,302,342,317
8.51,-0.40,-5.81,0.08,0.01,-0.03,322,300,302,341,317
8.16,-0.49,-5.47,0.09,-0.03,-0.05,322,300,301,341,317
7.99,-0.69,-5.18,0.09,-0.01,-0.07,322,299,301,341,317
8.26,-0.59,-5.30,0.06,0.00,-0.06,321,299,301,341,317
8.35,-0.35,-5.55,0.05,-0.00,-0.04,321,299,301,340,317
8.12,0.08,-5.91,0.06,0.01,-0.04,321,299,301,338,317
7.62,-0.54,-5.23,0.07,-0.05,-0.18,320,299,301,340,317
9.25,-0.31,-5.39,0.03,-0.06,-0.14,320,299,300,339,317
8.21,-0.65,-5.30,0.02,0.02,-0.02,320,298,300,339,317
8.36,-0.43,-5.32,0.01,0.06,0.01,319,298,300,339,317
8.24,-0.50,-5.29,0.01,0.03,-0.03,319,298,300,339,317
8.13,-0.48,-5.44,-0.00,0.01,-0.03,319,298,300,339,317
END
7.18,2.01,-6.22,-0.01,0.01,0.02,323,304,303,343,320
6.92,2.18,-6.75,0.05,0.03,-0.03,323,304,303,343,320
7.51,1.80,-6.79,0.07,-0.04,-0.11,323,304,303,343,320
7.11,1.80,-6.68,0.06,0.04,0.02,323,304,303,342,321
7.16,1.98,-6.96,0.05,-0.03,-0.09,323,304,303,343,320
7.19,2.45,-7.21,0.07,0.02,0.00,323,304,303,343,320
6.66,2.40,-6.58,0.11,0.03,-0.01,323,304,303,343,320
6.91,1.85,-6.64,0.16,0.02,-0.10,323,304,303,343,320
7.11,1.74,-6.47,0.16,0.06,-0.09,323,304,303,342,320
7.27,1.62,-6.67,0.16,0.10,-0.09,323,304,303,343,320
7.72,1.55,-6.88,0.18,0.11,-0.06,323,304,303,343,320
7.59,1.60,-6.82,0.17,0.08,-0.01,323,304,303,343,320
7.42,1.46,-6.40,0.20,0.04,-0.04,323,304,303,342,320
7.37,1.37,-6.60,0.20,0.02,-0.07,323,304,303,343,320
7.52,1.11,-6.70,0.21,0.07,-0.01,323,304,303,343,320
7.69,0.82,-6.67,0.22,0.08,-0.04,323,304,303,343,320
7.39,0.47,-5.99,0.19,0.10,-0.03,323,304,303,343,320
7.82,0.60,-6.50,0.12,0.06,-0.01,323,304,303,343,320
7.65,0.73,-6.22,0.12,0.05,0.01,323,303,303,343,320
7.72,0.65,-6.23,0.13,0.03,0.01,323,304,303,343,320
7.61,0.47,-6.41,0.15,-0.01,-0.07,323,304,303,342,320
7.32,0.52,-6.32,0.18,0.05,-0.07,323,304,303,343,320
7.56,0.45,-6.36,0.18,0.07,-0.10,323,303,303,343,320
8.10,0.53,-6.44,0.24,0.09,-0.10,322,303,303,344,320
7.90,0.15,-6.07,0.24,0.11,-0.04,323,303,302,343,320
7.85,-0.11,-5.56,0.24,0.09,-0.09,323,303,302,342,320
8.48,-0.19,-6.07,0.16,0.02,-0.12,322,303,302,343,320
8.60,-0.21,-5.81,0.16,0.05,-0.04,322,302,302,343,320
8.04,0.13,-6.08,0.10,0.06,0.02,322,302,302,343,319
7.73,0.18,-5.48,0.16,0.12,0.07,322,302,301,343,319
7.98,-0.44,-5.28,0.09,-0.00,-0.18,321,301,300,342,319
8.41,-0.36,-5.22,0.10,0.04,-0.05,320,301,300,341,319
7.87,-1.10,-5.50,-0.03,0.01,-0.03,320,301,299,340,320
8.33,-0.58,-5.82,-0.00,-0.02,-0.07,321,302,299,340,320
8.22,-0.42,-5.85,-0.00,-0.02,-0.05,320,301,299,340,320
8.09,-0.27,-5.54,0.01,-0.04,-0.05,320,301,299,339,320
END
8.19,-0.08,-5.61,0.02,-0.02,-0.03,328,308,306,346,320
8.32,0.72,-5.94,0.09,-0.03,-0.07,328,307,306,346,320
8.03,0.69,-5.86,0.07,-0.06,-0.06,328,308,305,345,320
7.83,0.65,-5.88,0.06,0.01,-0.00,328,307,306,345,320
7.52,0.41,-5.74,0.06,0.02,-0.04,328,307,305,345,320
7.95,1.10,-6.21,0.04,0.01,-0.05,328,307,305,345,320
7.57,1.54,-6.42,0.10,0.05,-0.06,328,307,305,345,320
8.15,0.77,-6.30,0.17,0.05,-0.08,327,307,306,345,320
7.76,0.62,-5.91,0.13,0.01,-0.09,327,307,305,345,320
8.13,0.53,-5.81,0.17,0.03,-0.06,327,307,305,345,320
7.90,0.76,-5.78,0.17,0.04,-0.07,327,307,305,345,320
8.07,0.69,-5.96,0.21,-0.00,-0.14,327,307,304,344,320
8.16,0.60,-5.92,0.22,-0.00,-0.16,327,307,304,345,320
8.49,0.61,-5.45,0.26,0.00,-0.15,327,307,304,344,320
8.17,0.11,-5.47,0.23,-0.00,-0.10,327,307,304,344,320
8.30,0.09,-5.79,0.14,-0.04,-0.11,326,307,304,344,320
7.96,0.11,-5.67,0.13,0.05,0.01,326,306,304,344,320
7.82,0.83,-6.17,0.16,-0.01,-0.09,326,307,304,344,319
8.01,0.75,-5.95,0.26,0.02,-0.09,326,306,304,343,319
8.22,0.19,-6.06,0.29,-0.02,-0.12,326,307,304,344,320
8.33,-0.24,-5.70,0.29,-0.03,-0.13,326,306,304,344,320
8.41,-0.64,-5.47,0.22,0.05,0.06,326,306,304,344,320
7.93,-0.34,-5.86,0.21,-0.04,-0.02,326,306,304,344,320
7.98,-0.73,-5.69,0.28,0.05,0.04,326,305,303,343,320
7.77,-0.83,-5.85,0.22,0.07,0.03,325,305,303,344,320
7.88,-0.90,-5.76,0.12,-0.07,-0.14,325,305,303,343,319
8.05,-0.99,-5.70,0.09,-0.07,-0.11,325,305,302,343,319
8.12,-0.68,-5.92,0.05,-0.02,-0.05,325,304,302,343,319
7.64,-0.34,-6.25,0.12,-0.04,-0.10,325,304,302,343,320
7.73,-0.55,-5.96,0.12,-0.06,-0.16,325,304,302,343,319
7.73,-0.50,-6.17,0.15,-0.01,-0.15,324,304,302,342,320
7.93,-0.80,-5.75,0.15,-0.02,-0.17,324,304,302,343,319
8.06,-0.94,-5.75,0.07,-0.03,-0.16,323,303,302,343,319
8.12,-0.15,-6.12,-0.00,-0.02,-0.12,323,303,301,343,320
8.32,-0.28,-5.89,0.07,-0.01,-0.11,322,303,301,343,319
8.02,-0.80,-5.69,0.05,0.03,-0.07,322,303,300,342,319
END
7.78,-0.50,-6.25,0.06,0.04,-0.08,324,304,303,344,320
7.62,1.11,-5.74,0.11,0.10,0.06,324,304,303,344,320
8.15,1.00,-5.51,0.07,-0.02,-0.09,324,304,303,344,320
7.86,1.26,-5.89,0.08,0.02,-0.01,324,304,302,344,320
8.14,0.94,-5.60,0.08,-0.01,-0.06,324,304,303,344,320
8.06,1.00,-5.93,0.08,0.02,-0.02,324,304,303,344,320
8.18,1.46,-6.20,0.12,0.02,-0.02,324,304,303,344,320
8.08,1.36,-5.79,0.18,0.02,-0.05,324,304,303,344,320
7.60,1.40,-5.66,0.25,0.04,-0.04,324,304,303,344,319
7.96,0.58,-5.62,0.21,-0.00,-0.15,324,304,303,343,320
8.23,0.25,-5.67,0.20,0.02,-0.09,324,304,303,344,320
8.28,0.26,-5.58,0.17,0.00,-0.05,324,304,303,344,320
7.91,0.11,-5.65,0.14,-0.02,-0.09,324,304,303,344,320
8.28,0.58,-5.79,0.14,-0.03,-0.10,324,304,302,344,320
8.00,0.57,-5.86,0.16,0.04,-0.04,324,304,302,343,319
8.00,0.29,-5.74,0.14,-0.01,-0.17,324,304,302,344,320
8.21,0.71,-5.74,0.18,0.06,-0.10,324,304,303,344,320
8.28,0.42,-5.94,0.19,0.03,-0.11,324,304,303,344,320
8.18,0.42,-5.48,0.17,0.03,-0.11,324,304,302,344,320
8.15,0.39,-5.37,0.15,0.06,-0.05,323,304,302,344,320
8.20,0.50,-5.55,0.11,-0.01,-0.11,324,304,302,344,319
8.28,0.44,-7.26,0.13,-0.03,-0.16,323,304,302,344,320
7.99,0.37,-5.67,0.15,0.02,-0.10,323,304,302,344,320
8.26,0.30,-5.64,0.16,-0.03,-0.19,323,304,303,344,320
8.05,0.73,-5.86,0.18,0.04,-0.13,323,304,302,344,320
8.46,0.69,-5.73,0.18,0.04,-0.12,324,304,302,343,320
8.74,0.58,-5.50,0.14,-0.03,-0.13,323,304,302,343,320
8.11,0.02,-5.23,0.18,-0.08,-0.18,323,303,302,343,319
7.83,0.29,-5.56,0.16,0.00,-0.06,323,304,302,343,319
8.18,0.03,-5.56,0.15,0.02,-0.07,323,303,302,343,319
8.51,0.00,-5.48,0.19,0.02,-0.09,323,303,302,343,320
8.43,0.34,-5.58,0.10,0.02,0.01,323,303,302,343,319
8.15,0.62,-5.93,0.14,0.05,0.04,323,303,302,343,319
7.62,-0.26,-5.20,0.08,0.07,0.01,323,302,301,343,319
8.31,0.16,-5.57,0.00,-0.00,-0.04,323,302,301,343,319
8.84,0.17,-5.62,0.08,0.06,0.02,322,302,301,343,319
END
7.87,-0.29,-5.38,0.10,0.04,-0.04,323,302,302,344,320
8.53,2.19,-5.37,0.11,0.01,-0.04,323,303,302,344,320
8.23,1.95,-5.38,0.14,0.04,-0.00,323,303,302,344,319
8.06,1.43,-5.10,0.11,0.04,0.01,323,302,302,344,319
7.94,1.55,-5.11,0.11,0.01,-0.07,323,303,302,344,320
8.56,1.78,-5.04,0.08,0.02,-0.05,323,302,302,344,320
8.24,2.10,-5.51,0.10,0.01,-0.05,323,303,302,344,320
8.45,1.64,-5.38,0.15,-0.02,-0.08,323,302,302,344,319
8.44,1.51,-5.13,0.14,-0.02,-0.09,323,303,302,344,320
8.32,1.69,-5.42,0.15,0.02,-0.03,323,303,302,344,322
8.47,1.87,-5.86,0.17,-0.01,-0.06,323,302,302,344,320
8.29,1.51,-6.00,0.24,0.02,-0.01,323,302,302,343,319
8.03,0.99,-5.63,0.27,0.00,-0.06,323,302,302,344,320
8.33,0.68,-5.51,0.28,-0.01,-0.12,323,303,302,344,320
8.62,0.81,-5.35,0.27,0.05,-0.01,323,302,302,344,320
8.20,0.82,-5.67,0.32,0.03,-0.04,323,302,302,344,320
8.36,0.45,-5.41,0.28,-0.04,-0.11,323,302,302,344,319
8.00,0.64,-5.30,0.28,-0.01,-0.06,323,303,301,344,319
8.46,0.52,-5.20,0.25,-0.01,-0.05,323,302,301,344,319
8.41,-0.16,-5.12,0.26,-0.03,-0.07,323,302,301,344,319
7.82,-0.22,-4.85,0.18,-0.02,-0.05,323,302,302,343,319
7.98,-0.04,-5.08,0.12,0.05,-0.09,323,302,301,343,319
8.33,0.27,-5.41,0.11,0.12,-0.03,323,302,302,343,319
8.21,0.22,-5.75,0.13,0.03,-0.15,323,302,302,343,319
8.64,-0.16,-5.54,0.15,0.02,-0.10,323,302,302,343,320
7.81,0.19,-5.33,0.18,-0.05,-0.14,323,302,301,343,319
8.48,0.45,-5.57,0.17,-0.18,-0.30,323,302,301,343,319
7.90,0.41,-5.63,0.15,-0.01,-0.06,323,302,301,343,319
8.08,0.11,-5.28,0.11,-0.08,-0.18,323,302,301,343,319
8.15,0.60,-5.79,0.07,-0.06,-0.16,323,302,300,342,319
8.02,0.62,-5.46,0.08,-0.04,-0.17,322,301,301,342,319
8.26,0.73,-5.87,0.09,0.02,-0.11,322,302,300,343,319
7.97,0.06,-5.46,0.11,0.01,-0.12,322,301,300,342,319
8.87,0.15,-5.30,0.12,0.06,-0.04,323,301,300,342,319
8.44,0.59,-5.86,0.06,0.06,0.07,322,301,300,342,319
8.14,0.88,-5.98,0.07,0.09,0.08,322,301,300,341,319
END
7.68,0.47,-5.28,0.07,0.03,-0.06,324,301,303,344,319
7.93,1.95,-5.17,0.13,0.02,-0.03,324,302,303,344,319
7.98,1.77,-5.33,0.09,-0.02,-0.05,324,302,303,344,319
7.96,1.90,-5.54,0.06,0.02,-0.01,324,301,303,345,319
8.10,2.14,-5.76,0.12,0.01,-0.05,324,301,302,344,319
8.22,1.79,-5.16,0.11,0.01,-0.04,324,302,302,344,319
7.80,1.92,-5.58,0.17,0.07,0.02,323,301,302,344,319
8.26,2.05,-5.66,0.18,-0.01,-0.09,324,301,302,345,319
8.17,2.24,-5.79,0.23,-0.06,-0.16,323,302,302,344,319
8.16,0.98,-5.28,0.31,0.02,-0.13,323,302,302,344,319
7.96,1.07,-5.29,0.22,0.06,-0.07,323,302,302,344,319
8.27,1.20,-5.66,0.23,0.04,-0.11,323,302,302,344,319
8.05,1.00,-5.39,0.22,0.13,0.00,324,301,302,344,319
8.10,0.79,-5.44,0.17,0.06,-0.05,323,301,302,344,319
8.36,1.48,-5.36,0.17,0.00,-0.14,323,301,302,343,319
8.40,1.64,-5.90,0.15,0.06,-0.04,323,301,302,343,319
8.68,1.33,-5.57,0.24,-0.04,-0.10,323,302,302,344,319
8.11,0.25,-5.17,0.26,0.03,-0.06,323,301,302,343,319
8.50,0.39,-5.42,0.16,0.02,-0.07,323,302,302,344,318
8.24,0.53,-5.39,0.15,0.08,0.00,323,301,302,344,319
8.26,0.67,-5.33,0.15,0.02,-0.06,323,302,302,343,318
9.02,0.95,-5.81,0.16,-0.09,-0.15,323,301,302,343,318
8.64,0.35,-5.62,0.21,-0.04,-0.00,323,301,302,344,318
7.81,0.50,-5.49,0.21,-0.07,-0.05,323,301,302,343,318
8.41,0.05,-5.41,0.20,-0.07,-0.06,323,301,301,343,318
7.85,-0.04,-5.17,0.16,-0.01,-0.01,323,301,301,343,318
8.08,0.18,-5.41,0.08,0.02,-0.01,323,301,301,343,318
8.06,0.46,-5.57,0.14,0.01,-0.06,323,301,301,343,318
8.30,0.08,-7.30,0.14,0.02,-0.03,323,300,301,343,318
8.20,-0.22,-5.24,0.18,0.05,-0.04,322,301,301,343,318
8.28,-0.12,-5.58,0.12,0.05,-0.07,322,301,301,342,318
8.04,0.23,-5.64,0.08,0.06,0.01,322,301,301,342,318
7.54,0.45,-5.41,0.10,-0.02,-0.14,322,300,300,341,318
8.82,-0.19,-5.05,0.03,-0.07,-0.16,321,300,300,341,318
8.94,-0.19,-5.43,-0.07,-0.01,0.01,321,300,299,340,318
7.98,0.09,-5.64,0.01,0.06,0.04,321,300,299,340,318
END
8.31,-0.01,-5.44,0.00,0.02,0.01,323,301,300,343,318
8.68,1.03,-5.19,0.12,0.01,-0.05,322,301,302,344,319
8.25,0.68,-5.30,0.13,-0.01,-0.04,323,301,302,344,318
8.70,0.70,-5.20,0.08,-0.04,-0.07,323,301,302,343,319
8.39,0.99,-5.30,0.11,0.02,-0.00,323,302,302,344,319
8.52,1.18,-5.66,0.11,-0.03,-0.06,323,301,302,344,319
8.20,1.16,-5.40,0.15,0.01,-0.01,323,301,302,344,319
8.16,0.98,-5.31,0.18,0.03,-0.03,323,301,302,343,319
8.23,0.41,-5.09,0.22,0.10,0.04,323,301,302,344,319
8.41,0.14,-5.07,0.18,0.00,-0.04,324,301,302,344,318
8.81,0.33,-5.34,0.17,-0.06,-0.09,323,302,302,343,318
8.23,0.27,-5.13,0.19,-0.04,-0.07,323,301,302,344,318
8.21,0.05,-5.08,0.16,-0.03,-0.07,323,301,302,344,318
8.08,0.11,-4.99,0.16,0.00,-0.10,323,301,302,343,318
8.50,0.17,-5.17,0.12,0.04,-0.10,323,301,302,343,318
8.40,0.62,-5.51,0.16,0.02,-0.12,323,301,302,344,319
8.94,0.29,-5.31,0.18,-0.01,-0.14,323,301,301,343,318
8.39,0.04,-5.03,0.20,0.02,-0.08,323,301,302,343,319
8.32,0.25,-5.18,0.19,-0.02,-0.14,323,301,302,343,319
8.76,-0.10,-4.75,0.23,0.08,-0.09,323,301,301,343,318
8.23,0.23,-5.11,0.15,0.09,-0.02,323,301,301,343,318
8.38,0.44,-5.21,0.17,0.01,-0.14,323,301,301,342,318
8.40,0.75,-5.92,0.16,0.00,-0.17,322,301,300,343,318
8.76,0.36,-5.84,0.21,-0.01,-0.16,322,301,301,342,318
8.97,-0.32,-4.82,0.21,-0.14,-0.22,322,301,300,342,318
8.69,-0.31,-4.57,0.14,-0.07,-0.03,322,300,300,342,319
8.38,-0.04,-4.74,0.10,-0.08,-0.05,322,301,300,341,318
8.30,0.09,-5.02,0.11,-0.02,-0.07,322,300,300,342,318
8.08,0.03,-4.69,0.07,0.07,-0.01,322,300,300,341,318
8.23,0.38,-5.70,0.02,0.01,-0.13,322,300,300,341,318
8.46,0.53,-5.84,0.08,-0.00,-0.11,322,300,300,341,318
8.31,0.42,-5.44,0.12,-0.03,-0.12,321,300,299,341,318
8.23,0.42,-5.40,0.16,-0.04,-0.10,321,300,300,341,318
7.72,-0.39,-4.59,0.10,-0.04,-0.14,321,300,299,341,318
8.72,0.11,-5.03,-0.06,-0.10,-0.12,322,300,299,341,318
8.64,0.95,-5.88,0.02,0.05,0.06,321,300,299,340,318
END
8.25,-0.17,-4.97,0.02,-0.00,-0.05,323,301,301,343,318
8.29,1.06,-5.00,0.09,0.12,0.12,323,301,301,343,318
8.35,1.01,-4.80,0.10,-0.03,-0.12,323,301,301,343,318
8.88,1.24,-5.00,0.09,-0.00,-0.07,323,301,301,343,318
8.69,0.88,-4.85,0.12,-0.02,-0.11,323,301,301,343,318
8.64,1.30,-5.00,0.11,0.01,-0.05,323,301,301,343,318
8.51,1.64,-4.88,0.15,-0.01,-0.07,323,301,301,343,318
8.89,1.35,-4.85,0.18,-0.03,-0.11,323,300,301,343,318
8.97,1.13,-4.62,0.18,0.02,-0.00,323,301,301,343,318
9.19,0.60,-4.80,0.15,-0.07,-0.05,322,300,301,343,318
8.66,0.61,-5.07,0.12,-0.04,0.02,323,300,301,343,318
8.47,0.86,-5.19,0.10,-0.08,-0.02,323,301,301,343,318
8.23,1.18,-5.66,0.12,-0.00,0.07,323,300,301,343,318
7.75,0.71,-5.21,0.13,-0.04,0.02,322,300,301,343,318
8.54,0.26,-4.94,0.16,-0.11,-0.16,323,301,301,343,318
8.33,0.22,-5.20,0.13,-0.01,-0.03,322,300,301,343,318
8.24,0.54,-5.44,0.14,0.00,-0.06,322,300,301,343,318
8.69,0.34,-5.19,0.17,-0.01,-0.14,322,301,301,343,318
8.63,0.17,-4.94,0.19,-0.02,-0.09,322,300,301,343,318
8.46,0.29,-5.30,0.13,-0.07,-0.16,323,300,301,342,318
7.83,0.81,-5.69,0.12,0.01,-0.10,322,300,301,342,318
8.05,0.40,-5.27,0.15,0.03,-0.15,322,301,301,342,318
8.26,0.58,-5.22,0.13,0.08,-0.09,322,300,301,342,318
8.59,0.73,-5.46,0.15,0.03,-0.22,322,300,301,342,318
8.92,0.57,-5.42,0.15,0.05,-0.11,322,300,302,342,318
8.92,0.37,-5.16,0.12,-0.05,-0.15,322,300,300,342,318
8.74,0.19,-5.00,0.07,-0.09,-0.14,322,300,301,342,318
8.27,1.03,-5.43,0.01,0.04,0.06,322,300,300,342,318
8.14,1.32,-5.57,0.11,-0.07,-0.16,322,300,301,342,319
8.29,0.81,-5.20,0.13,0.04,-0.03,322,300,301,342,318
8.50,0.31,-4.94,0.11,0.00,-0.10,322,300,301,342,318
8.72,0.60,-5.08,0.04,0.06,0.01,322,300,300,342,318
8.08,0.90,-5.43,0.05,-0.00,-0.07,323,300,301,342,318
8.11,0.85,-5.78,0.06,-0.04,-0.09,322,301,300,342,318
8.00,0.97,-5.49,0.11,-0.01,-0.11,322,300,300,342,318
8.28,0.95,-5.44,0.15,-0.03,-0.13,322,300,301,342,318
END
8.68,0.88,-5.41,0.12,-0.09,-0.16,323,301,303,343,319
8.40,2.30,-5.38,0.02,0.01,-0.07,323,300,303,343,319
8.31,2.07,-5.33,0.08,0.07,-0.01,323,300,303,343,319
8.26,1.43,-4.87,0.10,0.04,-0.04,323,300,303,343,319
8.56,1.67,-5.10,0.07,0.02,-0.04,323,300,303,343,319
8.59,1.96,-5.27,0.09,0.03,0.00,323,300,302,343,319
8.46,2.12,-5.21,0.12,-0.04,-0.04,323,300,302,343,319
8.46,1.73,-5.13,0.17,-0.01,-0.01,323,301,303,343,319
8.06,1.54,-4.99,0.18,0.02,0.00,323,300,303,343,319
8.34,1.64,-4.95,0.16,-0.04,-0.02,323,300,303,343,319
8.47,1.24,-5.18,0.14,-0.09,-0.09,323,300,302,343,319
8.01,1.10,-5.47,0.15,-0.00,0.00,323,300,302,343,319
8.30,1.21,-5.34,0.14,-0.08,-0.12,323,300,302,343,319
8.68,1.18,-5.54,0.19,-0.02,-0.04,323,300,302,343,319
8.48,1.02,-5.51,0.17,-0.03,-0.04,322,300,302,342,319
8.69,1.03,-5.76,0.21,-0.05,-0.06,322,300,301,342,318
7.82,1.00,-5.85,0.19,-0.03,-0.04,322,300,301,342,319
8.28,0.17,-5.33,0.17,-0.08,-0.05,322,300,301,342,318
7.41,0.62,-5.79,0.11,-0.03,-0.02,322,300,301,342,319
7.98,0.72,-5.53,0.14,-0.04,-0.14,322,300,301,342,318
7.87,1.05,-5.74,0.16,0.03,-0.17,322,300,300,342,318
7.84,1.18,-5.53,0.19,0.03,-0.19,322,300,301,342,318
9.12,0.22,-5.40,0.16,0.01,-0.22,322,300,301,342,319
8.18,0.38,-5.44,0.11,0.05,-0.12,322,299,301,342,318
8.32,0.75,-5.64,0.10,0.00,-0.16,322,300,300,341,318
8.17,0.91,-5.67,0.12,0.05,-0.13,322,300,300,341,318
7.92,0.79,-5.66,0.13,0.01,-0.18,322,300,300,341,319
8.42,1.21,-5.83,0.11,-0.03,-0.20,322,300,300,341,318
8.06,1.34,-5.69,0.18,0.07,-0.07,322,300,301,341,318
8.22,1.14,-5.59,0.27,0.02,-0.17,322,300,300,341,318
8.59,0.92,-5.49,0.27,0.05,-0.08,322,300,300,341,318
8.48,1.00,-5.41,0.18,0.01,-0.02,322,300,300,341,318
8.12,0.88,-5.41,0.17,0.01,-0.03,322,300,300,341,318
7.91,0.61,-5.48,0.18,0.04,-0.05,321,300,300,341,318
8.37,0.63,-5.45,0.14,0.05,-0.01,321,299,300,341,318
8.27,0.65,-5.49,0.09,0.04,-0.01,321,300,299,341,318
END
7.92,0.78,-5.65,0.11,0.02,-0.05,323,300,302,343,318
8.71,1.59,-5.22,0.09,-0.03,-0.07,323,301,302,343,318
8.62,1.44,-5.02,0.08,-0.02,-0.03,323,300,302,343,318
8.21,1.63,-5.16,0.11,0.01,-0.01,323,301,302,343,318
8.36,1.75,-5.18,0.12,-0.01,-0.05,323,301,301,343,318
8.25,1.77,-5.29,0.16,0.01,-0.02,323,301,301,343,318
7.95,1.59,-5.23,0.19,0.01,-0.05,323,301,301,342,318
7.82,1.70,-5.43,0.19,-0.04,-0.14,323,301,301,342,318
8.51,1.17,-5.13,0.23,0.01,-0.06,323,301,301,343,318
8.76,0.75,-5.26,0.19,-0.08,-0.14,323,301,302,343,318
8.48,0.83,-5.49,0.15,-0.10,-0.06,323,301,302,342,318
8.79,1.03,-5.66,0.18,-0.09,-0.06,323,300,301,343,318
7.82,1.03,-5.75,0.20,-0.06,-0.00,323,301,301,342,318
7.98,0.85,-5.68,0.18,-0.12,-0.11,323,300,301,342,318
7.67,0.89,-5.72,0.15,-0.03,-0.08,323,300,301,343,318
7.66,0.75,-5.56,0.17,0.02,-0.02,323,300,301,342,318
8.16,0.75,-5.52,0.16,-0.08,-0.22,323,300,301,342,318
8.13,0.85,-5.89,0.17,0.02,-0.10,322,300,301,342,318
7.85,1.03,-5.85,0.19,0.01,-0.17,323,300,301,342,318
8.43,0.60,-5.70,0.21,-0.04,-0.24,323,300,301,342,318
8.18,0.24,-5.59,0.19,0.01,-0.21,322,300,301,342,318
7.82,0.95,-5.68,0.12,-0.05,-0.24,322,300,301,341,319
7.91,1.03,-5.97,0.12,0.02,-0.15,322,301,301,341,318
7.84,0.84,-5.85,0.13,0.04,-0.11,322,300,301,341,318
8.20,0.69,-5.72,0.12,-0.01,-0.14,322,300,300,341,318
8.06,1.23,-6.06,0.14,0.08,-0.04,322,300,301,341,318
8.03,1.49,-6.01,0.17,0.06,-0.06,322,300,301,341,318
8.72,1.00,-5.79,0.21,0.04,-0.12,322,300,301,342,318
7.86,1.14,-5.84,0.19,0.09,-0.05,322,300,301,341,318
7.80,1.11,-5.53,0.18,0.03,-0.13,322,300,301,341,318
7.78,0.60,-5.42,0.09,0.04,-0.08,322,300,300,340,318
9.27,-0.01,-5.07,0.02,-0.05,-0.12,322,300,300,341,318
8.40,1.29,-6.09,0.01,0.04,0.06,322,300,300,341,318
8.24,0.95,-5.46,0.07,0.08,0.08,322,300,300,340,318
8.54,0.85,-5.54,0.04,0.01,-0.00,322,300,300,340,318
8.40,0.64,-5.50,0.06,0.05,0.06,322,299,300,340,318
END
8.02,0.50,-5.39,0.04,0.06,0.03,323,300,302,342,318
8.36,1.67,-5.67,0.11,-0.02,-0.00,323,300,302,342,318
8.14,1.33,-5.61,0.15,-0.08,-0.07,323,300,302,342,318
8.04,1.34,-5.85,0.13,0.00,0.05,323,300,302,342,319
8.00,1.28,-5.70,0.14,-0.01,-0.03,323,300,302,342,318
8.21,1.06,-5.76,0.13,-0.02,-0.03,323,300,302,342,318
8.01,1.11,-5.62,0.13,-0.03,-0.04,323,300,301,341,318
7.97,1.21,-5.89,0.13,-0.02,-0.04,322,300,299,341,318
7.76,1.25,-6.02,0.15,0.00,-0.01,322,300,301,342,318
8.46,0.82,-5.53,0.15,-0.03,-0.05,323,300,301,341,318
8.20,0.83,-5.61,0.14,0.03,0.00,323,300,301,341,318
7.77,0.88,-5.97,0.19,0.10,0.15,322,300,301,341,318
8.44,0.25,-5.78,0.24,-0.06,-0.15,322,300,301,341,318
8.40,0.21,-5.94,0.25,0.01,0.01,322,300,301,341,318
8.26,0.06,-5.64,0.21,-0.05,-0.02,322,300,301,341,318
7.95,0.30,-5.97,0.24,-0.10,-0.07,322,300,301,341,318
7.84,-0.28,-5.61,0.26,-0.07,-0.03,322,300,301,341,318
7.98,-0.74,-5.50,0.22,-0.07,-0.08,322,300,301,341,318
7.75,-0.53,-6.02,0.22,-0.03,-0.05,322,300,301,341,318
7.91,-0.44,-6.09,0.23,-0.03,-0.07,322,300,301,341,318
7.95,-0.90,-5.98,0.23,-0.04,-0.04,322,300,301,341,318
7.73,-0.88,-5.97,0.17,-0.05,-0.05,322,300,301,341,318
7.29,-0.60,-6.07,0.19,-0.02,-0.02,322,300,300,341,318
7.75,-0.64,-5.98,0.20,-0.03,-0.11,322,300,300,341,318
7.96,-0.99,-5.76,0.19,0.05,-0.06,322,300,301,341,318
7.61,-0.80,-6.07,0.21,0.08,-0.06,322,300,300,341,318
7.57,-0.97,-5.94,0.22,0.03,-0.12,322,300,300,341,318
8.19,-1.28,-5.70,0.23,0.05,-0.10,322,300,300,340,318
8.20,-1.18,-5.84,0.20,0.06,-0.05,322,300,299,340,318
7.97,-1.19,-5.81,0.28,0.07,-0.01,322,300,300,340,318
8.08,-1.33,-5.68,0.27,-0.01,-0.09,321,300,299,340,318
7.36,-1.06,-5.51,0.27,-0.06,-0.20,321,299,300,340,318
7.34,-0.90,-5.57,0.23,-0.03,-0.26,321,300,299,340,318
8.58,-1.84,-4.62,0.16,-0.16,-0.39,320,300,299,340,318
8.39,-0.87,-5.87,-0.00,-0.00,-0.06,320,300,299,340,318
8.26,-0.96,-5.36,0.08,0.02,-0.14,320,300,299,340,318
END
8.16,-0.95,-5.92,0.01,0.06,-0.01,324,302,305,345,319
8.11,0.83,-5.23,0.18,-0.10,0.00,325,302,305,344,318
8.18,1.11,-5.33,0.12,-0.09,-0.01,324,302,305,344,319
7.97,0.81,-5.36,0.15,-0.02,0.02,323,302,305,344,318
7.52,0.65,-5.16,0.10,0.02,-0.02,322,302,305,344,318
8.00,1.36,-5.60,0.11,0.04,-0.06,325,302,304,344,318
8.29,1.70,-5.79,0.13,0.05,-0.04,323,302,304,343,318
8.48,1.18,-5.56,0.20,-0.00,-0.12,323,302,304,343,318
8.37,0.74,-5.53,0.21,0.04,0.02,323,302,304,343,318
8.53,0.75,-5.46,0.19,-0.08,-0.07,323,302,303,343,318
8.42,0.72,-5.89,0.20,-0.15,-0.11,322,301,303,343,318
8.46,0.83,-6.07,0.21,-0.12,-0.05,322,301,303,343,318
8.16,0.73,-5.89,0.28,-0.10,-0.02,322,301,302,342,318
7.55,0.56,-5.82,0.25,-0.15,-0.09,322,301,302,343,318
7.89,0.16,-5.75,0.30,-0.07,-0.10,322,301,302,342,318
7.30,-0.21,-5.98,0.26,-0.01,-0.10,322,301,302,343,318
7.81,-0.27,-6.03,0.26,-0.04,-0.18,322,300,302,342,318
8.03,-0.42,-5.90,0.21,0.01,-0.11,322,301,302,342,318
7.77,-0.03,-6.30,0.18,-0.03,-0.15,322,301,302,342,318
7.46,-0.38,-5.97,0.18,-0.04,-0.16,322,301,302,342,318
8.15,-0.10,-6.19,0.18,-0.00,-0.08,322,300,302,342,318
7.55,0.27,-6.35,0.22,0.00,-0.08,322,300,302,342,318
8.59,0.09,-6.24,0.28,-0.10,-0.16,322,300,302,342,318
8.40,-0.57,-5.98,0.31,-0.01,-0.07,321,300,300,342,318
8.58,-0.83,-5.68,0.26,0.01,0.02,322,300,301,341,318
7.57,-0.78,-5.64,0.32,0.07,0.02,321,300,301,342,318
7.49,-0.71,-5.83,0.28,0.05,0.02,321,300,301,342,318
7.54,-1.30,-5.80,0.26,0.08,-0.04,321,300,301,341,318
7.24,-1.36,-5.97,0.17,0.03,-0.06,321,300,301,341,318
7.42,-1.78,-5.44,0.09,-0.12,-0.28,321,300,301,341,318
8.65,-0.96,-6.08,-0.01,-0.06,-0.13,321,300,301,342,318
7.74,-0.81,-6.04,0.03,-0.02,-0.08,320,300,301,342,318
8.35,-0.81,-5.81,0.06,-0.02,-0.07,320,300,300,341,318
8.03,-1.00,-6.08,0.04,0.04,0.01,320,300,300,341,318
7.75,-1.08,-5.70,0.05,0.08,0.01,320,300,299,341,318
7.75,-1.03,-5.74,0.05,0.04,-0.05,319,299,299,341,318
END
8.22,-1.01,-6.04,0.02,0.04,-0.01,339,322,319,353,320
7.71,2.43,-5.67,0.35,-0.03,-0.08,338,322,318,352,319
7.71,1.15,-5.46,0.40,-0.07,-0.19,337,321,318,352,320
8.19,0.26,-5.41,0.32,-0.00,-0.12,336,320,317,352,320
8.27,0.52,-5.41,0.20,-0.06,-0.16,336,318,316,351,320
8.36,1.46,-5.84,0.17,-0.01,-0.05,335,318,315,350,320
8.04,1.10,-5.73,0.24,0.01,-0.02,334,317,314,350,320
8.19,0.85,-6.02,0.25,-0.03,-0.05,334,316,314,349,320
7.75,0.68,-6.07,0.22,0.03,0.08,333,315,313,349,319
7.80,0.67,-5.93,0.26,-0.00,-0.01,333,314,312,347,319
8.15,0.50,-5.81,0.28,-0.12,-0.19,332,314,311,347,319
7.60,0.41,-5.94,0.25,-0.03,-0.02,331,313,311,347,319
7.86,0.03,-5.75,0.25,-0.09,-0.13,331,313,311,347,319
7.80,0.04,-5.95,0.18,-0.07,-0.10,331,313,311,347,319
7.47,-1.82,-5.96,0.18,-0.02,-0.10,331,313,311,347,319
8.03,0.10,-6.07,0.16,-0.04,-0.12,331,313,311,347,319
7.62,0.52,-6.27,0.18,-0.04,-0.14,331,313,311,347,319
7.62,0.47,-6.22,0.21,-0.14,-0.30,331,313,310,347,319
8.12,-0.32,-6.03,0.18,-0.05,-0.14,330,312,310,347,319
7.11,0.40,-6.43,0.20,0.05,0.02,330,312,310,346,319
8.02,0.54,-6.63,0.22,-0.03,-0.15,330,312,309,347,319
7.72,0.15,-6.40,0.52,0.07,0.05,329,311,308,346,319
7.27,-1.09,-5.98,0.54,0.14,0.05,327,310,306,345,319
7.44,-1.54,-5.64,0.29,0.02,-0.04,327,309,306,345,317
7.82,-1.27,-5.86,0.12,-0.09,-0.24,327,309,306,346,319
8.26,-1.11,-6.02,0.05,0.00,-0.09,327,309,306,346,319
7.55,-0.67,-6.50,0.04,-0.03,-0.10,327,309,306,346,319
7.69,-0.50,-6.51,0.09,0.01,-0.08,327,309,306,347,319
7.89,-0.85,-5.83,0.07,-0.02,-0.08,326,309,306,347,319
7.90,-0.41,-6.24,0.06,0.03,0.02,326,308,306,347,319
7.95,-0.85,-6.15,0.08,0.03,0.01,325,308,306,348,319
7.95,-1.04,-5.89,0.05,0.05,0.06,325,308,305,348,319
7.37,-0.78,-6.28,0.10,0.05,0.01,324,307,305,348,319
7.67,-1.06,-6.00,0.04,-0.00,-0.03,324,307,304,347,319
7.70,-1.13,-5.99,0.04,0.01,-0.04,324,306,304,347,319
8.06,-0.91,-6.13,0.02,0.01,-0.03,323,306,304,347,319
END
7.80,-0.99,-6.02,0.01,0.01,-0.01,325,307,308,348,320
7.40,1.83,-6.06,0.19,0.05,-0.07,325,307,308,348,319
7.70,1.22,-6.00,0.20,0.04,-0.15,325,307,308,348,319
8.15,1.21,-6.05,0.16,0.09,-0.06,325,307,307,348,319
7.97,1.25,-5.96,0.17,0.09,-0.04,325,306,307,348,319
8.10,1.17,-5.86,0.16,0.08,0.01,324,306,307,347,319
7.70,1.56,-6.34,0.17,0.00,-0.09,325,306,306,347,319
7.95,1.18,-5.94,0.18,0.00,-0.06,324,306,307,347,319
7.66,1.18,-6.00,0.19,0.02,-0.05,324,307,307,347,319
7.84,1.03,-5.90,0.17,-0.01,-0.10,325,306,307,348,319
7.86,0.74,-5.90,0.17,-0.02,-0.10,325,306,307,347,319
8.15,1.18,-6.06,0.16,0.01,-0.05,325,306,307,347,319
7.72,0.79,-5.81,0.17,-0.04,-0.12,325,306,307,347,319
7.85,0.88,-6.04,0.14,-0.01,-0.08,324,306,307,347,319
7.89,0.73,-6.04,0.16,0.03,-0.05,324,306,307,347,319
7.90,0.79,-6.07,0.16,0.01,-0.08,324,306,307,347,319
7.90,0.80,-6.13,0.15,0.00,-0.06,325,306,307,347,319
8.20,0.62,-6.09,0.16,-0.02,-0.08,324,306,306,346,319
8.15,0.56,-6.09,0.16,0.02,0.01,324,305,306,347,319
7.82,0.74,-6.17,0.15,-0.10,-0.12,324,306,306,347,319
7.85,0.31,-6.12,0.16,-0.07,-0.07,325,306,306,346,319
7.39,0.29,-6.02,0.14,-0.08,-0.10,324,306,306,347,319
7.41,0.36,-6.21,0.13,-0.07,-0.11,324,306,306,347,319
7.54,0.44,-6.29,0.12,-0.01,-0.11,324,306,306,346,319
7.27,0.61,-6.66,0.13,0.00,-0.13,324,306,306,346,319
7.44,0.38,-6.04,0.18,0.02,-0.16,324,306,306,346,319
7.70,0.47,-6.39,0.14,-0.04,-0.21,324,306,306,346,319
7.92,0.67,-6.36,0.12,-0.00,-0.14,324,306,306,346,319
7.68,0.88,-6.50,0.13,0.01,-0.11,324,306,306,346,319
7.66,0.37,-6.46,0.12,-0.00,-0.10,324,306,305,346,319
8.28,-0.30,-5.91,0.12,0.04,-0.05,324,306,305,346,319
7.88,0.39,-6.19,0.05,0.05,0.08,324,306,305,346,319
7.49,0.65,-6.47,0.06,0.04,0.03,324,305,305,346,319
7.75,0.22,-6.20,0.05,0.06,0.01,324,305,305,347,319
7.78,0.45,-6.18,0.06,0.11,0.08,324,305,304,346,319
7.71,0.12,-5.87,0.04,0.05,0.00,323,304,304,347,319
END
7.86,0.19,-6.27,0.06,0.03,-0.04,325,304,307,348,319
7.72,1.38,-5.51,0.07,-0.04,-0.05,325,304,306,348,319
7.98,1.50,-5.58,0.08,0.00,-0.01,325,304,306,348,319
8.00,1.21,-5.56,0.09,-0.00,-0.04,325,304,306,348,319
7.93,1.19,-5.52,0.08,-0.01,-0.03,325,304,306,348,319
7.86,1.78,-6.17,0.09,0.02,-0.01,325,304,306,348,319
8.38,2.05,-6.16,0.13,-0.04,-0.08,325,304,306,348,319
8.18,1.44,-5.90,0.20,-0.01,-0.01,325,304,306,347,319
8.12,1.12,-5.72,0.21,-0.05,-0.05,324,304,306,347,319
8.03,1.05,-6.01,0.23,-0.04,-0.02,324,304,305,347,319
7.65,0.70,-5.85,0.27,-0.01,-0.04,324,304,305,347,319
8.14,0.35,-5.75,0.22,-0.00,-0.05,324,304,305,347,319
7.88,0.69,-5.80,0.19,-0.00,-0.03,324,304,305,347,319
7.72,0.24,-5.78,0.19,-0.04,-0.03,324,304,305,346,319
7.48,0.57,-6.32,0.14,-0.04,-0.04,324,305,304,346,319
7.65,0.81,-6.16,0.20,0.01,-0.11,324,304,304,346,319
7.84,0.47,-6.11,0.26,0.03,-0.14,323,304,304,345,319
8.28,0.41,-6.21,0.25,0.00,-0.14,323,304,304,345,319
8.16,-0.08,-5.94,0.25,0.00,-0.09,323,303,304,345,319
8.15,-0.27,-5.57,0.21,-0.04,-0.09,323,303,303,345,319
7.78,0.06,-6.05,0.17,-0.02,-0.03,323,303,303,345,319
8.23,-0.04,-5.84,0.20,-0.04,-0.08,323,303,303,345,319
7.45,-0.16,-5.48,0.13,-0.04,-0.02,323,303,303,345,319
7.94,-0.04,-6.17,0.16,0.00,-0.01,323,303,302,344,318
7.55,-0.54,-6.12,0.17,-0.02,-0.04,323,303,303,344,319
8.42,-0.78,-6.22,0.19,-0.09,-0.13,323,303,303,344,319
7.54,-0.79,-5.90,0.15,-0.05,-0.06,323,303,303,344,319
7.55,-0.32,-6.22,0.14,-0.08,-0.13,323,303,303,344,318
7.44,-0.42,-6.29,0.19,-0.01,-0.12,322,303,303,344,319
7.59,-0.75,-6.02,0.18,-0.01,-0.15,323,303,302,344,319
7.76,-0.51,-6.17,0.17,-0.02,-0.16,322,303,303,344,319
7.41,-0.76,-6.03,0.12,-0.03,-0.16,322,303,302,344,319
7.74,-1.20,-5.53,0.06,-0.01,-0.13,322,303,302,344,319
7.88,-0.14,-6.56,0.02,-0.02,-0.11,322,303,302,344,319
7.90,-0.04,-6.81,0.08,0.03,-0.02,322,302,302,344,319
7.98,-0.34,-6.04,0.07,0.01,-0.03,321,302,302,344,320
END
7.40,-0.19,-6.25,0.04,0.01,-0.03,324,304,306,347,319
8.13,1.41,-5.92,0.05,0.06,0.04,324,304,307,348,319
7.49,1.40,-5.51,0.06,0.01,-0.02,324,304,307,348,319
8.42,1.51,-5.86,0.05,-0.03,-0.05,324,304,307,348,319
7.75,1.41,-5.82,0.08,0.04,0.00,324,304,307,348,319
8.09,1.34,-5.81,0.09,-0.01,-0.08,324,304,307,348,319
8.18,1.71,-6.07,0.12,0.03,-0.02,324,304,306,348,319
8.05,1.63,-6.09,0.16,-0.02,-0.08,323,304,306,347,319
8.22,1.32,-6.04,0.21,-0.03,-0.10,324,303,305,347,319
7.98,1.34,-6.01,0.22,-0.03,-0.04,323,303,305,346,319
8.20,0.84,-5.79,0.24,-0.06,-0.08,323,304,305,347,319
7.63,1.39,-5.96,0.24,-0.05,-0.07,321,303,304,346,319
7.52,0.91,-6.01,0.27,-0.03,-0.08,323,303,304,346,319
7.59,0.48,-5.90,0.28,0.01,-0.18,323,303,305,346,319
8.05,0.41,-5.82,0.25,0.09,-0.08,323,303,304,346,319
8.10,0.42,-6.27,0.27,0.05,-0.15,322,303,304,345,319
8.05,0.09,-5.71,0.28,0.09,-0.08,322,303,304,345,319
8.31,0.11,-5.78,0.21,0.02,-0.09,322,303,304,345,319
8.04,0.43,-6.04,0.20,-0.04,-0.14,322,303,304,346,319
8.05,0.04,-5.98,0.22,0.00,-0.05,322,303,304,345,319
7.97,-0.04,-5.97,0.21,-0.03,-0.10,322,303,303,345,319
8.12,0.18,-6.10,0.19,-0.08,-0.12,322,303,303,345,319
8.41,-0.02,-5.99,0.28,0.02,-0.03,322,303,303,345,318
8.10,-0.28,-5.95,0.22,0.00,0.06,322,302,303,345,319
7.58,-0.83,-5.73,0.22,-0.12,-0.10,322,302,303,345,319
7.67,-0.70,-5.84,0.17,-0.11,-0.06,322,303,303,345,319
7.26,-0.53,-5.98,0.17,-0.07,-0.10,322,303,303,345,319
7.39,-0.37,-6.09,0.17,-0.02,-0.13,322,303,303,345,319
7.67,-0.45,-6.20,0.18,0.05,-0.05,322,303,303,345,319
7.90,-0.54,-6.09,0.16,-0.04,-0.16,322,303,303,345,319
8.31,-0.76,-6.00,0.16,-0.02,-0.12,322,303,303,345,319
7.59,-1.02,-5.98,0.13,0.01,-0.10,322,302,303,344,319
8.11,-1.17,-5.50,0.05,-0.01,-0.03,322,302,303,345,319
7.76,-0.80,-6.02,-0.01,-0.01,-0.02,322,302,303,345,319
7.77,-0.21,-6.45,0.03,0.05,0.04,322,302,303,345,319
7.69,-0.50,-6.23,0.11,0.06,0.04,321,302,303,345,318
END
7.91,-1.12,-5.70,0.16,0.13,0.08,322,302,305,347,320
7.55,0.71,-6.09,0.05,-0.02,-0.06,322,302,305,346,319
7.70,0.86,-6.20,0.05,0.01,-0.02,323,302,305,346,319
7.75,1.05,-6.25,0.07,0.03,-0.04,323,302,305,347,319
7.56,0.69,-5.94,0.08,0.02,-0.05,322,302,305,346,319
7.92,1.29,-6.32,0.08,0.04,-0.04,322,302,305,346,319
7.72,1.21,-6.31,0.13,0.05,-0.03,322,302,305,346,319
8.01,1.06,-6.20,0.15,0.02,-0.07,322,302,305,346,319
8.10,0.91,-6.29,0.20,0.15,0.13,322,302,305,346,319
7.92,0.34,-5.70,0.24,0.10,0.04,322,302,305,346,319
8.05,0.28,-5.83,0.23,0.01,-0.06,322,302,305,346,319
7.85,0.50,-5.99,0.21,-0.01,-0.07,322,302,305,346,319
7.67,0.28,-5.89,0.26,0.02,-0.07,322,302,305,346,319
7.98,-0.18,-5.71,0.24,-0.01,-0.13,322,302,305,346,319
8.09,-0.20,-5.75,0.26,-0.03,-0.12,322,302,305,346,319
8.61,-0.45,-5.66,0.21,-0.02,-0.05,322,302,305,346,319
8.00,-0.32,-5.71,0.23,-0.01,-0.03,322,302,305,346,319
8.17,-0.59,-5.85,0.21,-0.02,-0.03,322,302,304,346,319
8.36,-0.70,-5.66,0.21,-0.07,-0.13,322,302,305,346,319
8.03,-0.66,-5.82,0.14,-0.03,-0.03,322,302,304,346,319
7.54,-0.40,-6.04,0.20,0.03,0.03,322,302,304,346,319
7.81,-0.88,-5.81,0.20,-0.00,-0.11,322,302,304,346,319
7.63,-0.78,-5.58,0.19,0.04,-0.05,322,302,304,346,319
7.93,-1.22,-5.61,0.19,0.00,-0.15,322,302,305,345,319
7.81,-1.05,-5.73,0.16,0.02,-0.10,322,302,304,346,319
8.08,-1.06,-5.63,0.15,0.01,-0.10,322,302,304,345,319
7.80,-0.95,-5.84,0.13,-0.06,-0.17,322,302,304,345,319
8.15,-0.73,-5.86,0.11,-0.01,-0.04,322,302,304,345,317
7.80,-0.84,-5.59,0.14,-0.02,-0.11,322,302,303,345,319
7.75,-0.67,-5.77,0.12,-0.00,-0.10,322,302,303,345,319
7.80,-0.42,-5.80,0.12,0.00,-0.14,321,302,303,345,318
7.79,-0.92,-5.79,0.14,0.02,-0.14,321,302,303,344,317
8.45,-0.93,-5.74,0.07,-0.04,-0.19,322,301,303,345,319
8.05,-0.35,-5.89,0.10,0.00,-0.11,322,301,303,344,319
8.22,-0.56,-5.78,0.12,0.04,-0.04,321,301,302,344,319
8.19,-0.89,-5.36,0.04,-0.00,-0.07,321,301,302,344,319
END
7.49,-0.31,-5.94,0.00,-0.01,-0.07,321,301,302,345,319
8.26,1.35,-5.40,0.05,0.01,-0.02,321,301,301,346,319
8.48,1.67,-5.78,0.09,-0.02,-0.04,321,301,302,345,319
8.15,1.03,-5.40,0.14,-0.01,-0.05,321,301,302,345,319
8.13,0.96,-5.32,0.14,-0.02,-0.07,321,301,302,345,319
8.13,1.77,-5.52,0.13,0.02,-0.01,321,301,302,345,319
8.13,1.33,-5.67,0.20,-0.02,-0.09,321,301,302,345,319
8.43,0.88,-5.52,0.21,0.00,-0.04,321,301,302,345,319
8.08,0.76,-5.58,0.22,0.00,-0.05,321,301,302,345,319
8.29,0.97,-5.55,0.21,-0.04,-0.07,321,301,302,345,319
8.41,0.78,-5.42,0.22,-0.02,-0.06,321,301,302,345,319
8.23,0.60,-5.49,0.22,-0.04,-0.07,321,301,302,345,319
8.08,0.42,-5.34,0.21,-0.02,-0.06,321,301,302,345,319
8.10,0.24,-5.48,0.19,-0.03,-0.10,321,301,302,345,319
8.18,0.14,-5.56,0.14,0.07,0.00,321,301,302,345,319
7.86,0.43,-5.52,0.19,0.04,-0.10,321,301,302,344,318
8.33,0.44,-5.57,0.20,0.03,-0.13,321,301,302,344,319
8.02,0.44,-5.51,0.20,0.04,-0.12,321,301,302,344,319
8.37,0.38,-5.62,0.21,-0.02,-0.15,321,301,302,344,319
8.51,0.01,-5.65,0.22,0.00,-0.09,321,301,302,344,319
8.51,0.08,-5.32,0.19,0.00,-0.04,321,301,301,344,319
8.79,0.05,-5.19,0.10,-0.00,0.00,321,300,301,343,319
7.72,0.29,-5.51,0.15,-0.00,0.01,321,300,301,343,319
8.30,-0.21,-5.66,0.17,-0.10,-0.16,320,301,301,342,319
8.18,-0.24,-5.64,0.18,0.04,0.05,321,300,302,343,319
8.09,-0.37,-5.66,0.17,-0.08,-0.12,321,301,301,343,319
8.00,-0.52,-5.43,0.20,-0.04,-0.12,321,300,301,342,319
8.23,-0.66,-5.67,0.15,-0.03,-0.07,321,301,301,343,319
8.26,-0.70,-5.36,0.14,-0.05,-0.13,321,301,301,343,319
8.16,-0.65,-5.54,0.14,0.10,0.11,321,301,301,343,319
8.13,-0.68,-5.53,0.13,0.03,-0.05,321,301,301,343,319
8.13,-0.44,-5.54,0.15,0.01,-0.08,321,301,301,343,319
8.21,-0.49,-5.51,0.17,0.05,-0.06,321,300,301,343,319
7.86,-0.94,-5.17,0.06,-0.02,-0.13,321,300,301,343,319
8.79,0.06,-5.94,0.04,0.02,-0.06,320,300,300,342,319
8.10,-0.73,-5.19,0.06,0.00,-0.09,320,300,300,341,319
END
8.56,-0.42,-5.33,0.02,-0.03,-0.11,322,302,304,347,319
7.87,0.23,-5.79,0.08,-0.01,-0.02,323,302,304,346,319
8.05,0.07,-5.66,0.08,-0.05,-0.09,322,301,304,347,319
7.94,-0.13,-5.67,0.07,0.01,-0.03,322,301,304,347,319
8.08,0.44,-5.96,0.06,0.03,-0.02,322,301,304,346,319
8.03,0.73,-6.04,0.11,0.01,-0.06,322,301,304,346,319
7.91,0.54,-5.95,0.17,0.00,-0.09,322,301,304,346,319
8.00,0.32,-5.53,0.19,0.04,-0.05,322,301,304,346,319
8.31,-0.06,-5.59,0.21,0.02,-0.11,322,302,304,346,319
8.71,-0.01,-5.53,0.17,0.03,-0.00,322,302,304,346,319
8.36,-0.01,-5.57,0.17,-0.05,-0.06,321,301,304,346,319
8.02,-0.19,-5.48,0.19,-0.07,-0.06,322,301,304,346,319
7.79,-0.23,-5.51,0.19,-0.03,-0.06,322,301,304,346,319
7.80,-0.27,-5.57,0.20,-0.02,-0.11,322,301,304,346,319
8.43,-0.22,-5.64,0.22,0.04,-0.06,322,301,303,345,319
8.18,-0.45,-5.68,0.22,0.05,-0.06,322,301,303,345,319
8.12,-0.34,-5.52,0.22,-0.05,-0.19,322,301,303,345,319
8.22,-0.52,-5.52,0.23,0.01,-0.10,321,301,303,345,319
7.77,-0.37,-5.44,0.22,-0.03,-0.15,320,301,302,345,319
8.02,-0.67,-5.22,0.23,0.00,-0.17,321,301,302,344,318
8.09,-0.90,-5.29,0.20,0.01,-0.21,321,301,302,344,319
8.10,-0.67,-5.40,0.16,0.06,-0.16,321,299,302,344,319
8.72,-0.32,-5.60,0.15,0.07,-0.11,321,303,302,344,319
8.97,-0.46,-5.61,0.15,-0.04,-0.16,321,301,302,344,318
8.61,-0.67,-5.28,0.16,0.01,0.00,321,301,302,344,319
8.07,-0.67,-5.21,0.15,-0.04,-0.06,321,300,302,344,319
8.26,-0.90,-5.33,0.14,-0.03,-0.06,321,300,301,344,319
7.83,-0.69,-5.09,0.10,-0.02,-0.09,321,300,301,344,319
8.31,-0.78,-5.15,0.06,-0.01,-0.04,321,300,301,343,318
8.25,-0.67,-5.36,0.05,0.02,-0.03,321,300,301,343,319
8.38,-0.52,-5.48,0.05,0.01,-0.02,320,300,300,343,319
8.21,-0.49,-5.65,0.08,-0.02,-0.03,321,300,301,343,318
8.04,-0.65,-5.33,0.09,-0.02,-0.04,321,300,301,343,319
7.65,-0.97,-5.32,0.11,0.03,-0.04,320,300,300,343,318
8.41,-0.68,-5.53,0.03,-0.05,-0.13,320,300,300,343,319
8.10,-0.61,-5.58,0.08,0.01,-0.09,320,299,300,342,318
END
8.43,-0.76,-5.53,0.03,-0.06,-0.13,320,300,301,345,319
8.23,1.74,-6.09,0.05,0.02,0.00,320,300,301,345,319
8.08,1.64,-6.06,0.10,0.01,-0.02,320,300,301,345,319
8.13,1.36,-5.71,0.12,-0.01,-0.04,320,300,302,345,319
7.57,1.31,-5.90,0.12,0.02,-0.02,320,300,302,345,319
7.98,1.61,-6.16,0.14,0.01,-0.10,320,300,301,345,318
8.16,1.87,-6.06,0.22,0.09,0.04,320,299,301,345,319
7.87,1.02,-5.76,0.28,0.03,-0.05,320,300,301,345,318
7.96,0.82,-5.51,0.26,-0.00,-0.10,320,300,301,344,318
7.93,0.93,-5.63,0.24,0.00,-0.11,320,300,301,345,319
8.46,0.57,-5.53,0.23,-0.03,-0.13,320,300,301,345,319
9.11,0.42,-5.60,0.21,-0.04,-0.09,320,300,301,345,319
8.04,0.55,-5.73,0.18,-0.00,0.02,320,300,301,345,319
8.26,0.50,-5.75,0.19,-0.10,-0.10,320,300,300,344,319
7.88,0.16,-5.66,0.18,-0.01,0.00,320,300,301,344,319
7.62,0.36,-5.81,0.16,-0.01,-0.05,320,300,301,344,319
7.63,0.08,-5.90,0.16,-0.04,-0.10,320,300,300,344,319
7.57,0.33,-6.03,0.15,0.01,-0.10,320,300,300,343,318
7.73,0.17,-6.03,0.18,0.07,-0.07,320,300,301,343,319
7.87,-0.11,-5.72,0.18,-0.01,-0.24,318,300,300,343,318
7.96,-0.18,-5.76,0.18,0.08,-0.11,320,300,300,344,318
8.22,0.32,-5.96,0.15,-0.00,-0.19,320,300,300,344,319
8.37,0.28,-5.92,0.20,-0.00,-0.16,320,300,300,343,319
8.15,-0.05,-5.52,0.20,-0.00,-0.13,320,300,301,343,319
8.08,-0.19,-5.46,0.16,0.02,-0.08,320,300,300,343,319
7.93,-0.22,-7.30,0.10,0.02,-0.10,320,300,300,343,318
8.39,0.27,-5.72,0.08,0.02,-0.08,320,300,300,343,318
8.09,0.20,-5.61,0.09,0.00,-0.06,320,299,300,343,319
8.13,0.30,-5.79,0.07,-0.00,-0.04,320,300,300,343,318
8.23,0.51,-5.90,0.09,0.00,-0.02,320,299,300,343,318
7.82,-1.82,-5.27,0.10,0.03,-0.01,320,299,300,343,318
8.34,0.24,-5.51,0.05,-0.01,-0.05,320,299,300,342,319
7.44,0.34,-5.89,0.09,0.07,0.00,320,299,300,341,319
8.36,-0.32,-5.13,0.08,-0.01,-0.18,319,299,299,341,319
8.66,-0.01,-5.76,0.03,0.04,0.02,319,299,298,340,319
7.91,-0.14,-5.72,0.01,0.06,0.03,319,299,298,339,318
END
8.25,-0.12,-5.61,0.02,0.02,-0.01,321,301,302,342,319
8.15,1.12,-5.51,0.09,-0.02,-0.06,321,300,301,343,319
8.14,1.16,-5.58,0.05,0.00,-0.01,321,300,302,342,319
8.05,1.32,-5.67,0.09,-0.03,-0.06,321,300,302,342,318
8.46,1.18,-5.61,0.10,0.04,0.04,321,300,302,342,319
7.92,1.40,-5.70,0.14,0.05,0.04,321,300,302,343,319
8.58,1.17,-5.68,0.17,-0.06,-0.09,320,300,302,343,319
8.05,0.99,-5.61,0.18,-0.03,-0.05,321,300,302,343,319
8.10,0.69,-3.70,0.20,-0.05,-0.08,321,300,302,342,319
8.13,1.09,-5.66,0.20,-0.03,-0.08,320,300,302,342,319
8.03,0.55,-5.58,0.25,0.01,-0.07,321,300,301,342,319
8.30,0.06,-5.50,0.21,-0.00,-0.08,321,300,301,342,319
8.20,0.06,-5.66,0.20,0.04,-0.05,320,300,301,342,318
8.05,0.34,-5.69,0.16,-0.04,-0.11,321,299,301,342,319
7.88,0.14,-5.64,0.18,0.03,-0.06,321,299,301,342,318
7.94,0.17,-5.46,0.15,0.00,-0.08,321,300,301,342,318
8.00,0.11,-5.58,0.13,-0.01,-0.13,321,300,301,342,319
8.32,0.34,-5.81,0.16,0.06,-0.02,321,300,301,342,319
8.48,-0.17,-5.33,0.17,-0.03,-0.12,321,300,301,342,319
8.33,-0.19,-5.46,0.15,-0.02,-0.07,320,300,301,342,319
7.72,-0.12,-5.58,0.11,0.01,-0.03,320,300,301,342,319
8.03,0.01,-5.67,0.13,-0.01,-0.10,321,300,301,342,319
7.82,0.27,-5.73,0.13,0.03,-0.06,320,299,301,342,318
8.24,0.04,-5.69,0.16,-0.02,-0.15,320,299,301,342,318
8.30,0.11,-5.87,0.17,0.02,-0.06,320,300,301,342,319
8.57,0.01,-5.64,0.20,-0.07,-0.14,320,299,301,342,319
8.21,-0.42,-5.42,0.18,-0.03,-0.09,320,299,300,342,319
8.10,-0.39,-5.26,0.16,-0.02,-0.08,320,300,301,342,319
8.08,-0.45,-5.40,0.16,0.07,0.00,320,299,301,342,319
8.17,-0.24,-5.56,0.15,0.06,-0.00,320,299,300,341,319
8.24,-0.17,-5.64,0.14,0.02,-0.06,320,299,300,341,319
8.00,-0.40,-5.57,0.18,0.02,-0.08,320,299,300,341,318
8.20,-0.60,-5.43,0.12,0.01,-0.05,320,299,300,341,318
7.72,-0.64,-5.36,0.10,0.03,0.01,320,299,300,341,318
8.20,-0.71,-5.32,0.05,-0.09,-0.18,320,299,300,342,318
8.14,-0.23,-5.56,0.06,0.01,-0.07,320,299,300,341,319
END