2.83,0.02,-9.16,0.03,0.02,-0.08,321,300,310,341,325
2.52,-1.51,-9.40,0.02,0.00,-0.04,321,300,310,341,325
2.70,-1.23,-9.59,0.04,0.00,-0.04,321,300,310,341,325
2.66,-1.51,-9.65,0.03,-0.00,-0.04,321,300,310,341,325
2.72,-1.34,-9.76,0.03,-0.01,-0.05,321,300,311,341,325
2.63,-1.26,-9.71,0.04,0.01,-0.05,321,300,310,341,325
2.28,-1.60,-9.12,0.02,0.00,-0.04,321,300,311,341,325
2.80,-2.07,-9.33,-0.06,-0.02,-0.10,320,300,310,341,325
2.40,-2.57,-8.53,-0.25,-0.10,-0.20,321,300,311,341,325
1.44,-2.65,-8.28,-0.44,-0.04,-0.12,321,300,310,341,325
2.63,-1.25,-8.36,-0.66,-0.04,-0.07,321,300,310,341,325
2.91,0.29,-8.76,-0.75,0.01,0.04,321,300,310,341,325
2.37,1.79,-8.56,-0.74,0.02,0.07,321,300,309,341,325
2.35,3.68,-8.74,-0.72,0.09,0.05,321,300,308,341,325
2.82,4.55,-9.23,-0.65,0.02,-0.17,321,300,307,341,325
2.46,4.59,-8.64,-0.62,0.02,-0.08,321,300,307,340,325
1.96,4.70,-8.13,-0.58,0.03,-0.08,321,300,307,341,325
2.28,5.53,-7.86,-0.54,0.00,-0.19,321,300,307,341,326
2.46,6.43,-8.08,-0.52,0.01,-0.29,320,300,307,340,325
2.24,6.83,-7.79,-0.49,0.02,-0.24,320,300,306,340,325
2.17,6.66,-6.69,-0.50,-0.04,0.01,320,300,306,340,326
2.15,7.04,-6.47,-0.42,0.03,-0.07,320,300,306,341,326
2.68,8.24,-6.30,-0.44,0.01,-0.14,321,300,306,341,326
2.42,7.81,-5.97,-0.36,0.11,0.04,320,300,306,341,326
1.34,8.90,-5.61,-0.31,0.01,-0.24,320,300,306,340,326
2.56,8.31,-5.41,-0.39,-0.07,-0.15,320,300,306,341,326
2.28,7.87,-4.82,-0.26,0.17,0.14,320,300,306,340,326
1.60,8.74,-4.53,-0.28,0.15,0.02,320,300,306,341,326
2.78,8.65,-4.09,-0.43,-0.06,-0.13,320,300,306,341,326
2.10,9.37,-3.75,-0.35,0.05,-0.10,320,300,306,341,326
2.36,9.42,-3.50,-0.36,0.05,-0.02,320,300,306,341,326
2.80,9.91,-2.89,-0.30,0.00,0.05,320,300,306,341,326
2.25,9.99,-3.04,-0.18,0.12,-0.00,320,300,306,341,326
1.68,9.76,-2.66,-0.18,0.06,-0.14,320,300,306,341,327
2.81,9.77,-2.48,-0.17,0.01,-0.04,320,300,306,341,326
2.37,10.11,-2.53,-0.04,0.05,-0.04,320,300,306,341,326
END
2.09,9.66,-2.67,-0.07,-0.00,-0.15,322,300,316,342,325
2.95,-1.21,-9.84,0.07,0.01,-0.08,322,300,315,341,325
2.87,-1.11,-9.86,0.05,-0.02,-0.03,321,301,316,342,325
2.84,-1.42,-9.66,0.08,0.01,0.05,321,301,315,342,325
2.17,-1.34,-9.08,0.05,0.01,-0.00,321,300,315,342,325
2.16,-2.11,-8.71,-0.10,-0.03,-0.05,321,301,315,342,325
2.72,-2.07,-8.59,-0.30,-0.12,-0.13,321,301,316,342,325
2.46,-1.41,-9.07,-0.43,-0.19,-0.13,322,301,316,342,325
2.18,-0.71,-9.23,-0.50,-0.12,0.04,322,301,315,341,325
1.90,0.42,-9.05,-0.53,0.01,0.16,322,301,314,342,325
2.74,1.59,-9.26,-0.59,-0.11,-0.02,322,301,313,341,325
2.07,1.49,-8.61,-0.73,-0.01,0.23,322,301,312,341,325
1.96,3.07,-8.48,-0.65,-0.04,0.08,321,301,312,341,325
1.92,3.81,-8.56,-0.80,-0.05,0.11,321,300,310,341,325
2.18,4.75,-8.29,-0.74,-0.04,-0.19,321,301,309,341,326
1.74,5.81,-7.39,-0.81,-0.07,-0.09,321,300,308,340,325
1.14,6.47,-7.35,-0.76,-0.06,-0.15,321,300,308,341,326
1.16,7.98,-6.87,-0.75,-0.05,-0.37,321,300,307,341,326
1.28,8.37,-6.64,-0.75,-0.06,-0.13,321,300,307,340,326
1.00,8.70,-5.92,-0.65,0.03,0.00,321,300,307,341,326
2.46,8.54,-5.56,-0.63,-0.01,-0.15,320,300,306,341,326
1.13,9.53,-5.31,-0.53,0.05,-0.17,321,300,306,340,325
1.82,9.24,-4.47,-0.56,-0.05,0.07,320,300,307,340,325
1.21,10.32,-4.36,-0.43,0.02,-0.10,321,300,306,341,326
1.64,8.62,-3.18,-0.49,0.01,0.08,321,300,307,340,326
0.49,10.62,-4.90,-0.52,0.03,0.07,320,300,307,342,326
1.90,10.42,-2.47,-0.42,-0.04,-0.10,320,299,307,340,326
1.52,10.44,-2.50,-0.33,0.03,0.01,320,300,307,340,327
1.22,11.08,-2.28,-0.21,0.02,0.00,320,300,307,341,326
1.33,10.73,-2.03,-0.08,0.04,-0.01,321,300,307,341,326
1.67,10.35,-1.95,-0.01,0.02,-0.02,320,300,307,341,326
1.90,9.75,-1.74,0.03,0.03,-0.01,320,300,307,341,326
1.90,9.63,-1.28,0.08,0.08,0.06,320,300,307,341,326
1.92,9.17,-1.98,-0.06,-0.02,-0.01,320,300,307,341,326
1.70,9.63,-1.42,0.02,-0.01,-0.04,320,300,307,341,327
1.93,9.71,-1.44,0.04,-0.01,-0.05,320,300,307,341,326
END
1.73,9.66,-1.41,0.04,-0.02,-0.07,322,301,318,342,325
2.47,-0.76,-9.80,-0.31,-0.09,0.00,322,301,317,342,325
2.10,-1.07,-9.35,-0.29,-0.06,0.08,322,301,317,342,325
1.98,-0.59,-9.37,-0.40,-0.03,0.02,322,301,316,342,325
1.90,0.75,-9.76,-0.38,-0.00,0.06,322,301,315,342,325
0.76,-0.60,-8.56,-0.48,0.06,0.15,322,301,315,342,325
1.67,1.66,-9.05,-0.45,0.12,-0.20,321,301,313,341,325
1.99,3.12,-8.62,-0.70,-0.02,-0.25,321,301,312,341,325
3.08,3.54,-9.68,-0.61,-0.15,-0.28,321,301,311,341,325
1.51,3.39,-9.38,-0.51,0.15,0.05,321,301,310,341,325
2.44,3.84,-8.71,-0.45,0.09,-0.03,321,301,310,341,325
2.26,4.70,-8.79,-0.57,0.04,-0.21,321,301,309,341,325
2.96,5.58,-8.72,-0.51,0.00,-0.23,321,301,310,341,325
2.35,6.78,-8.56,-0.32,0.01,-0.28,321,301,309,341,326
2.10,5.57,-7.92,-0.42,-0.03,-0.05,321,301,309,341,325
1.49,5.99,-7.01,-0.45,0.02,-0.21,321,301,309,341,325
2.20,6.89,-6.86,-0.45,-0.00,-0.19,321,301,309,341,326
1.59,7.09,-6.55,-0.45,0.07,0.12,321,301,309,341,325
2.58,7.56,-6.49,-0.47,0.01,-0.12,321,300,308,341,326
1.06,8.36,-5.95,-0.35,0.11,-0.08,321,299,308,341,326
2.43,8.67,-5.94,-0.36,0.00,-0.08,321,301,308,341,326
1.58,8.44,-5.73,-0.26,0.13,-0.07,321,301,308,341,326
1.62,8.09,-4.90,-0.34,0.05,0.10,323,300,308,341,326
2.39,8.59,-4.62,-0.39,-0.04,-0.08,321,301,308,340,326
2.02,8.83,-4.21,-0.34,0.06,-0.07,322,300,308,341,326
2.39,8.87,-3.74,-0.39,0.01,-0.09,321,301,308,341,326
1.84,9.50,-3.25,-0.35,0.06,-0.05,321,300,308,341,326
2.22,9.40,-2.84,-0.40,-0.01,-0.03,321,301,308,341,326
1.82,10.06,-2.61,-0.32,0.07,0.03,321,301,308,341,326
2.51,9.66,-2.16,-0.33,-0.01,-0.07,321,300,308,341,326
2.18,9.44,-1.84,-0.29,0.04,-0.02,320,300,308,341,326
2.09,9.99,-1.51,-0.24,0.06,-0.02,321,300,308,341,326
2.45,10.17,-1.38,-0.21,0.02,-0.00,321,300,308,341,327
2.04,11.00,-1.43,-0.08,0.05,-0.02,321,300,308,341,326
2.30,10.20,-1.23,-0.04,0.01,-0.04,321,300,308,340,326
2.23,9.53,-1.01,-0.01,-0.01,-0.06,321,300,308,341,326
END
2.41,9.58,-1.10,-0.01,-0.01,-0.06,324,304,317,343,325
2.52,-1.69,-9.23,-0.16,-0.01,0.02,324,304,317,343,325
2.62,-1.28,-9.78,-0.24,-0.08,-0.03,324,304,317,343,326
2.43,-1.06,-9.78,-0.23,-0.05,0.03,324,304,317,343,326
2.20,-0.70,-9.77,-0.21,-0.01,0.03,324,304,317,343,325
1.48,-1.44,-8.89,-0.35,-0.01,0.05,324,304,316,343,325
1.18,-0.24,-8.91,-0.41,0.04,-0.17,324,304,315,343,325
2.18,0.14,-9.20,-0.58,0.01,-0.04,324,301,314,342,325
2.06,1.60,-8.75,-0.45,0.16,-0.03,323,303,312,342,325
3.49,2.53,-9.16,-0.54,0.01,-0.03,324,303,311,342,326
2.12,3.04,-9.26,-0.56,0.08,-0.02,324,303,311,342,325
3.10,3.60,-9.30,-0.61,-0.07,-0.25,324,303,310,342,325
2.28,4.49,-8.66,-0.59,-0.02,-0.29,324,303,309,342,325
2.43,4.75,-8.15,-0.58,-0.03,-0.13,323,303,309,342,325
1.79,6.09,-7.68,-0.54,-0.01,-0.29,323,303,308,342,325
2.85,5.65,-8.09,-0.62,-0.09,-0.06,323,302,308,342,325
1.59,6.68,-7.61,-0.48,0.11,-0.09,323,303,308,341,325
1.56,7.46,-6.89,-0.45,0.11,-0.07,323,302,308,341,325
2.21,7.59,-6.72,-0.40,0.05,-0.27,323,303,308,341,326
2.28,7.77,-6.32,-0.39,0.16,0.22,323,302,308,341,326
1.58,8.06,-5.54,-0.39,0.19,-0.07,323,302,308,341,326
2.60,8.18,-5.99,-0.43,0.02,-0.17,323,303,308,341,326
2.69,8.57,-5.39,-0.36,0.03,-0.21,323,303,308,341,326
2.18,8.61,-4.98,-0.35,0.09,-0.19,323,303,307,341,326
2.51,9.02,-4.67,-0.36,0.05,-0.16,323,303,307,341,326
2.19,8.94,-3.99,-0.32,0.04,-0.05,323,302,307,341,326
2.04,9.02,-3.69,-0.30,0.06,-0.07,323,302,308,341,326
2.18,9.06,-3.32,-0.32,0.05,-0.01,323,302,307,341,326
2.21,9.68,-3.20,-0.27,0.06,0.03,322,303,307,341,325
2.26,9.68,-2.86,-0.26,0.04,-0.02,322,302,307,341,326
2.33,9.72,-2.20,-0.24,0.02,-0.02,322,302,307,341,326
2.40,10.37,-2.30,-0.14,0.04,-0.01,323,302,307,341,326
2.34,10.03,-2.49,-0.11,0.01,-0.11,323,302,308,341,326
2.27,9.91,-2.25,-0.06,0.02,-0.03,322,302,307,341,326
2.10,10.03,-2.10,-0.02,0.02,-0.02,322,302,307,341,326
2.28,9.69,-1.84,0.00,-0.02,-0.05,322,302,309,341,326
END
2.10,9.38,-1.69,0.03,0.03,-0.00,323,303,312,342,323
1.97,-1.12,-9.76,0.01,-0.01,-0.07,323,303,312,342,325
2.19,-1.61,-9.40,-0.06,-0.05,-0.18,323,303,312,342,326
2.56,-1.51,-9.35,-0.11,-0.02,-0.13,323,303,313,342,325
2.81,-0.92,-9.82,-0.15,-0.08,-0.05,323,303,313,342,325
1.20,-1.74,-9.02,-0.20,0.00,0.01,323,303,312,342,325
1.83,-1.67,-8.92,-0.42,-0.09,-0.14,323,303,312,342,324
1.44,-0.65,-8.99,-0.57,-0.14,-0.43,323,303,312,342,325
2.33,1.29,-9.21,-0.60,-0.15,-0.37,323,303,311,342,325
2.17,1.87,-9.60,-0.60,-0.00,0.03,323,303,311,342,325
1.39,3.10,-8.39,-0.51,0.11,0.15,323,303,311,342,325
1.72,3.57,-8.94,-0.54,0.03,-0.09,322,303,308,341,325
2.29,3.87,-8.76,-0.71,-0.09,-0.02,322,303,308,341,324
1.61,5.22,-8.74,-0.58,-0.05,-0.00,321,303,307,341,325
2.48,5.58,-8.30,-0.58,-0.04,0.10,322,302,307,342,325
1.63,5.71,-8.36,-0.58,0.08,-0.02,322,303,307,341,325
2.03,6.80,-7.70,-0.56,0.00,-0.17,322,302,307,341,326
1.93,6.17,-7.14,-0.60,0.04,0.12,322,303,307,341,325
1.91,8.07,-7.32,-0.47,0.04,-0.22,322,302,306,341,325
2.13,7.85,-6.41,-0.48,-0.02,-0.01,322,302,306,341,326
1.40,8.31,-6.24,-0.40,0.11,-0.18,322,302,306,341,326
2.44,8.10,-5.55,-0.45,-0.02,0.03,322,302,306,341,326
1.74,8.41,-5.22,-0.37,0.13,-0.06,322,302,307,341,325
2.07,8.94,-4.87,-0.43,0.00,-0.13,321,302,306,341,326
1.77,9.16,-4.53,-0.39,-0.00,-0.06,322,302,306,341,326
2.51,9.35,-4.08,-0.33,-0.00,0.01,321,303,306,341,326
1.69,9.55,-3.92,-0.23,0.12,0.05,321,302,304,341,326
1.82,9.30,-3.19,-0.26,0.03,-0.03,321,302,306,340,326
2.19,9.63,-2.92,-0.24,0.02,-0.03,322,302,306,341,326
1.94,9.70,-3.06,-0.22,0.02,-0.11,321,302,306,341,326
1.72,9.92,-2.64,-0.26,0.04,0.09,321,302,306,341,326
2.18,9.74,-2.10,-0.21,0.01,-0.09,321,302,306,341,326
2.12,9.79,-2.35,-0.15,0.04,-0.04,321,302,306,341,326
1.99,9.93,-1.83,-0.14,0.02,-0.02,321,302,306,341,326
2.02,10.32,-1.82,-0.13,-0.02,-0.05,322,302,306,341,325
2.08,9.60,-1.80,-0.04,0.03,0.05,321,302,307,341,326
END
2.03,9.75,-1.59,-0.05,0.00,-0.04,323,304,313,342,325
2.68,-1.23,-9.82,0.04,-0.00,-0.05,323,303,313,342,325
2.58,-1.26,-9.68,0.06,0.02,-0.08,323,303,313,342,325
2.66,-1.28,-9.66,0.02,0.03,-0.01,323,304,313,342,325
2.47,-1.42,-9.00,0.06,0.01,-0.05,323,304,313,342,325
2.76,-1.64,-9.17,-0.03,-0.04,-0.04,323,304,313,342,325
2.35,-2.28,-8.64,-0.23,-0.11,-0.02,324,304,313,342,325
2.20,-2.73,-8.22,-0.45,-0.14,-0.14,323,304,313,342,325
2.57,-0.70,-8.68,-0.65,-0.03,0.08,323,303,312,342,325
1.92,-0.11,-8.62,-0.64,0.04,0.16,323,303,311,342,325
1.50,1.85,-8.94,-0.63,0.14,0.09,323,303,309,342,325
2.66,4.03,-8.94,-0.77,0.02,-0.10,323,303,308,341,325
2.98,4.37,-9.14,-0.73,-0.01,-0.12,322,303,307,341,325
2.63,4.31,-9.05,-0.71,-0.06,-0.06,322,303,307,341,325
1.93,4.59,-8.18,-0.66,-0.07,-0.11,322,303,307,341,325
1.79,5.66,-8.08,-0.63,-0.08,-0.25,322,302,306,341,325
2.26,5.45,-7.35,-0.70,-0.04,-0.03,322,303,306,341,325
2.35,7.10,-7.08,-0.58,0.06,-0.24,322,303,306,341,326
2.07,7.85,-6.91,-0.54,0.00,-0.03,322,302,306,341,325
1.97,7.93,-6.55,-0.55,-0.01,-0.30,322,302,306,341,325
2.05,7.61,-5.95,-0.50,0.02,-0.02,322,303,306,340,326
1.90,9.02,-5.43,-0.41,0.06,-0.11,321,302,306,340,326
1.77,8.18,-5.08,-0.48,0.10,0.17,321,303,306,341,326
1.76,9.77,-4.80,-0.36,0.15,-0.04,321,303,306,341,326
2.02,9.23,-4.22,-0.36,0.08,0.08,322,302,306,341,326
1.49,9.65,-4.11,-0.34,0.14,-0.23,322,302,306,341,326
2.64,9.38,-3.69,-0.35,0.01,-0.04,321,302,306,341,326
2.18,9.93,-3.42,-0.23,0.08,-0.12,322,302,306,341,326
2.57,9.68,-3.73,-0.22,0.04,-0.00,322,302,306,341,326
2.30,9.58,-3.18,-0.23,0.10,-0.01,321,302,306,341,326
1.98,10.24,-2.80,-0.13,0.05,-0.10,321,303,306,341,325
2.61,9.78,-2.53,-0.13,0.01,0.00,321,302,306,341,326
2.05,9.63,-2.33,-0.06,0.09,0.06,322,302,306,341,326
2.28,9.62,-2.25,-0.07,0.02,-0.01,322,302,306,341,326
2.24,9.63,-2.04,-0.06,0.01,-0.05,321,302,306,341,326
2.31,9.65,-1.88,-0.05,0.02,-0.05,322,302,306,341,326
END
2.16,9.58,-1.67,-0.03,0.04,-0.00,323,304,316,343,325
3.49,-1.31,-9.43,0.02,0.03,0.05,323,304,315,343,325
3.05,-1.37,-9.48,0.03,-0.02,0.03,323,304,316,343,325
3.33,-1.26,-9.45,0.11,-0.02,0.00,323,304,315,343,325
2.90,-2.30,-8.51,0.04,-0.03,-0.06,323,304,316,343,325
3.40,-2.46,-8.17,-0.18,0.01,-0.11,323,303,316,344,325
3.53,-2.82,-7.81,-0.39,0.02,-0.11,323,304,316,343,325
2.96,-2.35,-7.32,-0.75,-0.02,-0.10,323,304,316,343,325
3.61,0.15,-8.41,-0.90,-0.07,-0.06,323,304,315,343,325
2.84,0.90,-7.86,-1.04,-0.06,0.19,323,304,314,342,325
2.64,2.86,-7.82,-0.87,-0.04,-0.32,322,303,311,342,325
2.28,4.86,-7.02,-1.16,-0.11,-0.26,322,303,310,342,326
3.88,6.22,-8.26,-0.97,-0.09,-0.17,322,303,308,341,325
3.19,8.66,-9.05,-0.68,0.16,-0.26,322,303,308,341,325
1.91,6.58,-7.43,-0.60,0.13,0.52,322,303,307,341,325
2.15,6.46,-6.22,-0.66,0.01,-0.32,322,303,308,341,326
3.14,6.47,-5.53,-0.81,-0.04,-0.27,322,303,308,341,326
2.41,8.77,-5.38,-0.63,0.09,-0.21,321,302,307,341,326
2.58,9.32,-4.71,-0.57,0.06,-0.11,321,303,307,341,325
2.27,8.67,-4.47,-0.68,0.06,-0.28,322,302,307,341,326
2.87,9.63,-3.90,-0.53,-0.00,-0.07,322,303,307,341,326
2.47,9.85,-3.24,-0.46,0.11,-0.12,322,303,307,341,326
2.73,9.65,-2.96,-0.42,0.12,0.08,322,303,308,341,326
3.14,10.31,-2.30,-0.28,0.15,0.01,322,303,308,342,326
2.33,10.45,-2.05,-0.25,0.15,0.08,322,303,308,341,326
2.52,10.69,-2.20,-0.20,0.00,-0.24,322,302,308,341,326
2.58,9.54,-1.90,-0.14,-0.03,-0.13,321,302,308,341,326
1.84,9.51,-1.53,-0.15,0.03,-0.09,322,302,308,341,326
2.48,9.12,-1.03,-0.18,-0.04,-0.06,321,302,308,341,326
2.42,9.72,-1.04,-0.18,0.00,-0.06,321,302,308,341,326
2.36,9.81,-0.70,-0.20,-0.03,-0.11,321,302,308,342,326
2.20,9.91,-0.47,-0.15,0.02,0.01,322,302,308,341,326
2.09,10.24,-0.45,-0.08,0.02,-0.01,321,302,308,342,326
2.07,9.99,-0.32,-0.03,-0.01,-0.05,322,302,308,341,326
2.17,9.72,-0.45,-0.00,-0.00,-0.04,322,302,308,341,326
2.23,9.71,-0.35,0.01,-0.01,-0.03,321,302,308,342,326
END
2.06,9.73,-0.24,0.04,0.01,-0.04,325,305,320,345,325
3.53,-1.69,-9.36,-0.19,-0.03,-0.17,325,306,319,345,325
3.42,-1.12,-9.60,-0.17,-0.03,-0.01,325,306,320,345,325
2.95,-1.98,-8.89,-0.21,-0.05,-0.03,325,306,320,345,325
2.83,-1.30,-8.93,-0.29,0.10,0.22,325,306,319,345,325
2.81,-0.64,-8.89,-0.31,0.13,0.16,325,306,319,345,325
2.41,-0.48,-8.99,-0.51,0.08,-0.03,325,306,318,345,325
3.25,0.95,-9.14,-0.50,-0.02,-0.21,324,305,316,344,325
3.54,1.02,-9.10,-0.61,-0.10,-0.27,324,305,315,344,325
2.34,1.96,-8.90,-0.54,-0.02,-0.14,324,305,314,343,325
3.21,2.65,-8.74,-0.59,-0.03,-0.06,324,305,314,343,325
2.90,3.81,-9.10,-0.48,0.07,-0.34,324,305,313,343,325
3.34,4.03,-8.36,-0.63,0.01,-0.07,324,305,312,343,325
3.53,5.01,-8.59,-0.50,-0.04,-0.33,324,305,312,343,325
2.30,5.30,-8.28,-0.53,0.06,-0.14,323,305,312,343,325
2.94,6.45,-7.71,-0.36,0.02,-0.31,323,305,311,342,325
2.38,5.72,-7.39,-0.43,0.08,0.11,323,304,311,342,325
2.60,6.45,-6.94,-0.42,0.01,-0.13,323,305,311,342,326
2.09,6.37,-6.42,-0.45,0.08,-0.06,323,304,311,343,326
3.34,7.12,-6.02,-0.48,0.05,-0.22,323,304,310,342,326
2.41,7.89,-6.08,-0.43,0.16,-0.16,323,304,310,342,326
2.77,7.90,-5.38,-0.47,0.01,-0.08,323,304,309,342,326
2.27,9.16,-5.51,-0.44,0.01,-0.37,322,304,309,342,326
2.82,8.36,-4.90,-0.46,-0.04,-0.11,322,304,308,342,325
2.12,8.48,-4.39,-0.37,0.08,-0.08,322,304,308,341,326
2.66,8.64,-3.88,-0.42,0.02,0.01,322,304,308,342,326
2.79,9.46,-3.51,-0.37,-0.01,-0.13,322,303,309,341,327
2.31,10.84,-2.92,-0.34,0.04,0.02,322,304,308,341,326
2.42,9.56,-2.77,-0.39,0.07,-0.01,322,304,308,341,326
1.36,10.56,-2.30,-0.33,0.06,-0.22,322,304,308,341,326
3.29,10.02,-2.17,-0.37,-0.07,-0.20,322,303,308,341,326
1.82,10.04,-1.75,-0.05,0.21,-0.02,322,303,308,341,326
2.32,9.66,-1.55,-0.21,0.05,0.08,322,303,308,341,326
2.41,10.22,-1.53,-0.12,0.03,-0.08,322,303,308,342,326
2.40,9.86,-1.08,-0.08,0.01,0.02,322,303,308,341,326
2.37,10.05,-1.00,-0.03,0.03,0.01,322,303,308,340,326
END
2.73,9.89,-1.20,-0.01,0.00,-0.01,325,306,320,345,326
3.23,-0.97,-9.81,0.01,-0.03,-0.07,325,307,320,345,326
2.77,-1.34,-9.55,0.00,-0.01,0.00,325,306,320,345,325
2.64,-1.49,-9.14,-0.06,-0.01,-0.09,325,306,320,345,325
3.35,-1.11,-9.53,-0.11,-0.05,-0.14,325,306,320,345,325
2.48,-2.34,-8.81,-0.26,-0.02,0.06,325,306,320,345,325
2.02,-2.22,-8.30,-0.41,-0.00,-0.03,325,306,320,345,325
2.78,0.09,-8.64,-0.50,0.06,0.02,325,306,317,345,325
2.79,0.95,-9.08,-0.54,0.10,0.06,325,306,316,344,325
2.79,1.49,-8.71,-0.68,0.05,-0.01,324,305,315,344,325
3.37,2.46,-8.79,-0.68,-0.05,-0.15,323,306,313,343,325
3.12,3.75,-8.41,-0.76,0.02,0.00,324,306,314,343,325
3.07,3.70,-8.18,-0.69,0.12,0.13,324,305,312,343,325
3.35,5.55,-8.55,-0.53,0.14,-0.05,323,305,311,343,326
3.43,5.18,-7.72,-0.67,-0.00,-0.06,323,305,311,343,326
3.46,6.14,-7.42,-0.56,0.02,-0.23,323,305,311,343,326
2.92,5.84,-6.97,-0.52,0.09,-0.07,323,305,311,343,326
3.55,7.15,-6.84,-0.46,0.11,-0.18,323,304,310,342,326
3.08,7.52,-6.30,-0.50,0.14,-0.09,322,304,310,342,326
3.11,7.79,-5.91,-0.46,0.08,-0.13,322,304,310,343,326
3.30,7.85,-5.54,-0.44,0.10,-0.11,323,304,310,342,326
4.21,7.75,-4.85,-0.46,0.03,-0.04,323,304,310,342,325
2.56,8.71,-4.59,-0.31,0.19,-0.15,322,304,310,343,326
3.73,8.68,-4.11,-0.49,-0.02,-0.02,323,304,310,342,326
3.40,9.07,-4.21,-0.38,0.08,-0.19,322,304,310,343,326
3.31,9.30,-3.65,-0.31,0.12,-0.00,323,304,310,342,326
3.29,9.36,-3.15,-0.28,0.12,-0.07,323,304,310,342,326
2.99,9.47,-2.77,-0.23,0.14,0.01,322,304,310,343,326
4.07,9.17,-2.15,-0.26,0.02,-0.12,323,304,310,343,326
3.28,9.38,-2.07,-0.16,0.08,-0.12,322,306,310,342,327
3.75,9.40,-1.83,-0.14,0.05,0.01,322,304,310,342,326
3.48,9.33,-1.92,-0.07,0.10,0.06,322,304,310,342,326
3.91,9.06,-1.74,-0.14,-0.03,-0.09,323,304,310,343,327
3.53,9.12,-1.56,-0.06,0.04,-0.04,323,304,311,343,327
3.42,9.34,-1.14,-0.09,0.02,-0.03,323,304,311,343,327
3.45,9.41,-1.43,-0.05,0.06,-0.01,323,304,311,343,327
END
3.52,9.40,-1.35,-0.06,0.03,-0.05,325,306,321,346,325
2.98,-1.59,-9.50,0.05,-0.00,-0.04,325,307,321,346,325
2.91,-1.76,-9.34,0.04,0.02,-0.05,325,307,321,346,325
2.94,-2.46,-8.96,-0.06,-0.01,-0.09,325,307,321,346,325
3.24,-2.15,-8.91,-0.19,-0.02,-0.11,325,307,322,346,325
3.22,-1.71,-8.97,-0.26,-0.04,-0.05,325,306,321,345,325
2.51,-1.41,-8.95,-0.39,-0.07,-0.08,325,307,321,345,325
2.20,-0.41,-8.84,-0.49,-0.05,-0.21,325,307,320,345,325
2.93,0.45,-9.27,-0.49,-0.06,-0.16,325,307,319,345,325
2.79,0.73,-9.04,-0.53,-0.05,-0.14,325,306,317,345,325
3.23,1.85,-9.17,-0.50,-0.01,-0.05,324,306,315,344,325
2.36,2.00,-8.69,-0.56,0.08,0.23,324,305,315,344,325
2.91,3.24,-8.84,-0.35,0.14,-0.19,323,305,313,343,325
3.22,3.43,-8.66,-0.63,-0.01,0.20,323,305,312,343,325
2.99,4.46,-8.69,-0.46,0.09,-0.04,323,305,312,343,325
2.85,4.49,-8.47,-0.47,0.11,-0.01,323,305,312,343,325
3.37,5.10,-7.98,-0.49,0.01,-0.10,323,305,312,342,325
3.19,5.26,-7.80,-0.50,0.03,-0.21,323,305,311,343,325
3.14,6.11,-7.30,-0.45,0.08,-0.19,323,305,311,343,326
3.19,6.20,-6.89,-0.44,0.04,-0.11,323,305,311,343,326
2.43,6.96,-6.59,-0.47,0.12,-0.17,323,304,311,343,326
3.59,7.22,-6.11,-0.53,0.05,-0.06,322,304,311,343,325
2.74,8.21,-6.23,-0.40,0.09,-0.27,323,304,310,342,326
3.73,7.78,-5.60,-0.47,-0.03,-0.17,322,304,310,342,326
2.88,8.29,-5.38,-0.40,0.10,-0.22,322,304,310,342,326
3.02,8.43,-4.57,-0.35,0.05,-0.09,322,304,310,342,326
2.86,8.68,-4.35,-0.39,0.06,-0.15,322,304,310,342,326
2.66,9.11,-4.01,-0.36,0.06,-0.13,322,304,310,342,326
2.60,9.04,-3.48,-0.35,0.08,0.02,322,305,310,342,326
2.74,9.57,-3.09,-0.33,0.06,-0.02,322,304,310,342,326
2.87,9.55,-3.07,-0.31,0.05,-0.03,322,304,310,342,326
2.69,9.79,-2.61,-0.27,0.08,0.01,322,304,310,342,326
2.89,9.53,-2.19,-0.24,0.05,-0.01,322,304,310,342,326
2.83,9.27,-1.97,-0.23,0.06,0.02,322,304,310,342,326
3.09,9.26,-1.39,-0.24,0.03,-0.07,322,304,310,342,326
3.16,9.49,-1.21,-0.20,0.06,0.01,322,304,310,342,326
END
2.71,9.92,-0.96,-0.19,0.04,-0.02,323,305,318,344,325
3.42,-1.94,-9.37,0.08,-0.01,-0.07,324,304,318,344,325
3.31,-1.64,-9.27,-0.01,-0.02,-0.06,324,305,318,344,326
3.30,-1.59,-9.35,-0.01,-0.02,-0.08,324,305,317,344,325
3.15,-1.65,-9.30,-0.02,0.01,-0.01,324,305,318,344,325
3.29,-1.69,-9.45,-0.00,-0.01,-0.04,324,305,318,344,325
2.86,-2.62,-8.64,-0.13,-0.06,-0.16,324,305,318,344,325
2.51,-2.52,-8.35,-0.37,-0.15,-0.32,324,305,318,344,325
3.17,-1.43,-8.48,-0.58,-0.20,-0.31,323,305,317,344,325
2.61,-1.06,-8.24,-0.70,-0.14,0.03,323,305,316,343,325
2.59,1.62,-8.98,-0.58,0.09,0.15,323,305,313,343,325
3.01,1.97,-8.87,-0.74,-0.05,-0.11,323,304,312,342,324
1.69,3.32,-8.70,-0.78,-0.01,-0.21,323,304,311,342,325
3.78,3.75,-8.70,-0.82,-0.12,-0.06,323,304,311,342,325
3.15,4.81,-8.55,-0.67,0.06,-0.08,322,304,310,341,325
1.13,5.56,-7.90,-0.62,0.14,0.51,323,304,311,342,325
3.30,6.06,-7.92,-0.64,0.10,-0.10,322,304,309,342,326
2.85,7.27,-7.75,-0.57,0.07,-0.24,322,304,309,341,326
3.94,6.22,-6.62,-0.69,-0.03,0.07,322,304,309,341,325
2.94,8.54,-7.24,-0.33,0.18,-0.29,322,304,309,342,326
2.36,7.16,-5.86,-0.54,0.11,0.06,322,304,309,341,326
3.35,8.63,-5.82,-0.43,0.06,-0.15,322,304,308,341,326
2.22,8.18,-5.38,-0.38,0.08,-0.21,322,304,309,341,326
3.79,8.69,-5.29,-0.48,-0.12,-0.30,322,303,309,342,326
2.43,8.81,-4.60,-0.27,0.07,-0.26,322,303,309,341,326
2.73,8.86,-3.97,-0.33,0.01,-0.05,322,303,309,341,326
2.43,9.32,-4.22,-0.28,0.05,-0.13,322,303,309,341,326
1.97,8.86,-3.18,-0.25,0.05,-0.03,321,303,309,341,326
2.90,9.07,-3.11,-0.29,0.02,-0.02,322,303,309,341,326
2.15,9.24,-2.89,-0.28,0.11,-0.08,322,303,308,341,326
2.83,9.26,-2.12,-0.32,0.01,-0.07,321,303,309,341,326
2.53,9.71,-1.93,-0.32,0.07,0.01,321,303,308,341,326
2.15,9.77,-1.98,-0.29,0.09,-0.02,321,303,309,341,326
2.38,9.67,-1.27,-0.37,0.03,0.01,322,302,308,341,326
2.63,9.71,-1.11,-0.31,0.03,-0.07,321,303,308,341,327
2.40,10.55,-1.06,-0.23,0.06,-0.09,321,303,308,341,327
END
2.91,10.55,-0.65,-0.17,-0.02,-0.14,323,304,313,342,325
2.84,-1.39,-9.27,-0.06,-0.02,-0.12,323,304,313,342,325
3.02,-1.57,-8.91,-0.20,-0.10,-0.20,323,304,313,342,325
2.99,-0.90,-9.04,-0.29,-0.11,-0.22,323,304,312,342,325
2.71,-0.78,-9.06,-0.36,-0.03,-0.06,323,304,312,342,325
2.91,0.42,-9.56,-0.36,0.01,-0.05,324,304,311,341,325
2.12,0.44,-8.82,-0.50,0.04,-0.05,322,304,311,341,325
3.18,2.04,-8.94,-0.47,0.01,-0.11,322,304,310,341,326
3.21,1.82,-9.03,-0.61,0.11,0.33,323,304,310,341,325
2.39,3.88,-9.25,-0.36,0.23,-0.02,323,304,309,341,325
3.14,3.88,-8.99,-0.59,0.01,-0.15,322,304,308,341,325
3.13,4.34,-8.74,-0.47,0.04,-0.33,322,304,308,341,325
3.65,5.07,-8.81,-0.44,0.01,-0.27,322,304,307,341,325
2.65,4.75,-8.11,-0.37,0.11,-0.16,322,304,308,341,325
3.68,6.20,-8.13,-0.37,-0.01,-0.33,322,304,308,341,326
3.15,5.68,-7.77,-0.40,0.00,-0.26,322,304,308,341,326
2.70,6.91,-7.28,-0.28,0.01,-0.28,322,304,307,341,326
3.27,5.46,-6.96,-0.39,0.04,-0.07,322,304,307,341,325
2.43,7.57,-7.17,-0.26,0.07,-0.32,322,303,307,340,326
2.65,7.01,-6.35,-0.36,-0.00,-0.02,322,303,307,341,325
1.71,7.37,-6.12,-0.35,0.07,-0.22,322,303,307,340,325
2.40,8.00,-5.82,-0.41,-0.08,-0.30,322,303,307,340,326
2.16,8.14,-5.72,-0.35,-0.02,-0.19,322,303,307,340,326
1.96,8.06,-5.31,-0.33,0.03,-0.10,322,303,306,340,326
2.30,8.05,-4.76,-0.37,0.00,-0.03,322,303,307,340,326
1.52,9.25,-4.20,-0.34,0.05,-0.18,322,303,307,340,326
2.17,9.25,-3.95,-0.37,-0.03,-0.04,322,303,307,340,326
1.84,9.73,-3.92,-0.30,0.03,-0.14,322,303,306,340,326
2.13,9.12,-3.50,-0.29,0.04,-0.01,321,303,307,340,326
2.15,8.61,-2.91,-0.34,0.07,-0.08,322,303,307,340,328
1.83,9.99,-2.90,-0.31,0.00,-0.12,322,303,306,340,326
1.64,10.06,-2.38,-0.30,-0.05,-0.13,322,303,307,340,326
1.39,9.85,-1.95,-0.24,0.07,0.04,322,303,307,340,326
1.54,9.89,-1.59,-0.26,0.02,-0.11,322,303,306,340,327
1.59,10.01,-1.54,-0.23,0.02,-0.07,322,303,307,340,327
1.56,9.91,-1.28,-0.19,0.06,-0.02,322,303,306,340,327
END
2.04,9.71,-1.16,-0.17,0.04,0.05,329,311,318,345,325
3.28,-1.41,-9.08,-0.17,-0.05,-0.14,329,311,318,344,325
2.94,-0.97,-9.28,-0.19,-0.06,-0.05,329,312,318,345,325
3.00,-0.26,-9.61,-0.23,-0.09,-0.12,329,312,317,345,325
2.63,-0.54,-9.35,-0.26,-0.06,-0.04,328,311,317,344,325
2.30,-0.76,-9.06,-0.29,0.05,-0.03,329,311,317,345,325
2.71,0.26,-8.89,-0.46,0.03,-0.07,328,311,316,344,325
3.38,1.36,-9.25,-0.48,-0.01,-0.23,328,311,315,344,325
2.33,1.92,-9.10,-0.53,0.01,-0.04,327,311,314,344,325
3.43,3.07,-9.34,-0.47,-0.02,-0.14,327,309,313,343,325
2.87,3.68,-9.23,-0.44,0.07,-0.01,327,310,312,343,325
2.38,3.22,-8.46,-0.43,0.05,-0.13,327,309,312,343,325
3.10,4.39,-8.60,-0.44,0.01,-0.21,327,309,312,343,325
2.93,4.85,-8.48,-0.40,0.01,-0.21,326,309,311,343,325
2.40,5.13,-8.43,-0.44,0.01,-0.23,326,309,311,343,326
2.81,3.98,-7.06,-0.57,-0.02,-0.09,326,309,311,343,325
2.86,6.86,-7.75,-0.39,0.04,-0.37,326,308,311,343,325
1.97,6.52,-6.91,-0.46,0.11,0.07,326,308,311,343,325
2.61,7.42,-7.13,-0.46,0.06,-0.14,326,308,310,342,326
2.25,7.37,-6.42,-0.43,0.09,-0.08,326,308,310,342,326
2.69,7.78,-5.48,-0.52,0.03,-0.03,326,308,310,343,326
2.96,8.50,-5.60,-0.43,0.04,-0.21,325,308,310,342,326
2.17,8.23,-4.98,-0.45,0.06,-0.02,325,308,310,343,326
2.66,8.53,-4.65,-0.44,0.04,-0.12,325,308,310,342,326
2.56,9.27,-4.29,-0.44,0.07,-0.02,325,308,310,342,325
2.51,9.60,-3.61,-0.35,0.12,-0.14,325,307,310,342,326
2.82,9.58,-3.33,-0.35,0.06,0.02,325,306,310,342,326
2.20,9.60,-2.71,-0.31,0.07,-0.08,325,307,310,342,326
2.37,9.37,-2.44,-0.35,-0.01,-0.10,325,307,310,342,326
2.58,9.49,-2.10,-0.31,0.02,-0.02,325,307,310,342,326
2.23,9.91,-1.77,-0.27,0.03,-0.11,325,307,310,342,326
2.81,9.55,-1.40,-0.26,0.01,-0.03,325,307,310,342,326
2.43,9.94,-1.26,-0.21,0.08,0.04,325,307,310,342,326
2.68,10.17,-1.10,-0.19,0.02,0.02,325,307,310,342,326
2.53,10.36,-0.97,-0.13,0.01,-0.09,325,307,310,343,327
2.43,9.52,-0.62,-0.11,0.03,0.01,325,307,310,343,326
END
2.56,10.01,-0.64,-0.10,-0.01,-0.08,329,310,321,345,325
2.89,-1.07,-9.71,0.02,0.01,-0.03,330,311,321,345,325
3.04,-1.16,-9.55,-0.01,-0.03,-0.05,329,310,322,345,325
2.75,-1.57,-9.15,0.02,0.01,-0.02,329,310,321,345,325
2.64,-1.95,-8.62,-0.13,0.01,-0.05,329,310,321,345,325
3.35,-1.80,-8.92,-0.32,-0.08,-0.14,329,310,321,345,325
2.87,-1.79,-8.69,-0.47,-0.12,-0.03,329,310,321,345,325
2.30,-0.51,-8.90,-0.51,-0.03,-0.02,329,310,320,345,325
2.73,0.73,-8.92,-0.60,-0.02,-0.03,329,310,319,345,325
2.19,2.19,-9.51,-0.52,0.03,-0.06,329,310,317,344,325
2.70,2.40,-8.84,-0.62,-0.06,-0.07,328,309,316,344,325
2.47,3.25,-9.09,-0.56,-0.01,-0.15,328,309,315,343,325
2.47,3.52,-8.74,-0.56,-0.01,0.06,328,309,314,343,325
2.66,4.89,-8.63,-0.39,0.02,-0.27,327,308,314,343,325
2.38,4.67,-8.38,-0.54,0.01,-0.03,327,308,313,343,325
3.15,5.69,-8.51,-0.40,-0.02,-0.25,327,308,313,343,325
2.09,5.27,-7.79,-0.42,0.00,-0.17,327,308,312,343,325
2.30,5.60,-7.26,-0.42,-0.04,-0.21,327,308,313,342,326
2.00,6.47,-7.16,-0.44,0.04,-0.10,327,308,312,343,326
2.12,7.14,-6.95,-0.43,-0.02,-0.18,326,308,312,342,326
1.50,6.87,-6.47,-0.47,0.03,0.02,326,308,312,342,326
2.40,8.20,-6.07,-0.45,-0.00,-0.19,326,307,311,342,326
1.70,8.05,-5.80,-0.42,0.05,-0.15,326,307,311,342,326
2.74,7.59,-4.87,-0.48,0.03,0.12,326,307,311,342,325
1.72,8.87,-4.97,-0.38,0.13,-0.10,326,307,311,342,326
2.13,8.44,-4.44,-0.44,0.06,-0.06,326,307,311,342,326
2.16,9.34,-4.31,-0.41,0.01,-0.10,326,307,311,342,327
2.31,9.49,-4.06,-0.36,0.05,-0.07,326,307,311,342,326
1.90,10.42,-3.39,-0.36,-0.01,-0.19,326,307,311,342,326
2.24,9.40,-3.04,-0.30,-0.02,-0.08,326,307,311,342,325
1.56,9.66,-2.48,-0.24,0.06,-0.06,326,307,311,342,326
1.97,9.50,-2.31,-0.24,0.08,0.01,325,307,311,342,326
2.19,9.31,-1.95,-0.26,0.06,0.03,326,307,310,342,326
1.98,9.73,-1.69,-0.25,0.05,-0.05,325,307,310,342,325
2.51,9.76,-1.18,-0.26,0.01,-0.01,325,306,310,342,326
2.25,10.06,-1.05,-0.19,0.06,0.00,325,307,311,342,326
END
2.31,9.91,-0.95,-0.17,0.06,0.06,327,308,320,345,325
3.10,-1.95,-9.22,-0.00,-0.02,-0.06,327,308,320,344,325
2.75,-2.47,-8.64,-0.09,0.01,-0.06,327,309,320,345,325
3.04,-1.41,-9.20,-0.20,0.02,-0.03,327,309,320,344,325
3.13,-1.85,-9.04,-0.26,-0.03,-0.08,327,308,320,344,325
3.00,-1.68,-8.69,-0.37,0.06,0.09,327,308,319,345,325
2.99,-0.94,-8.98,-0.55,-0.02,-0.05,327,308,319,344,325
2.99,-0.20,-8.75,-0.61,-0.04,-0.08,326,308,318,344,325
2.87,1.13,-8.94,-0.55,0.05,0.02,326,308,317,344,325
2.17,2.62,-8.64,-0.54,0.12,-0.12,326,308,316,344,325
3.53,2.86,-8.90,-0.63,-0.06,-0.21,326,308,315,343,325
2.66,4.30,-9.44,-0.67,-0.04,-0.38,325,308,314,343,325
3.85,2.95,-8.20,-0.75,0.04,0.16,325,307,314,343,325
2.48,5.43,-8.23,-0.34,0.24,-0.30,325,307,313,343,325
2.72,6.17,-7.67,-0.70,-0.02,-0.22,325,307,312,343,325
3.65,6.71,-8.11,-0.60,-0.08,-0.44,325,307,312,343,325
2.48,6.54,-7.41,-0.45,0.09,-0.15,325,307,312,343,325
2.74,6.87,-6.96,-0.49,-0.00,-0.21,324,307,311,342,326
2.46,6.93,-6.48,-0.52,-0.01,-0.28,325,307,311,343,326
2.81,8.11,-5.86,-0.47,-0.03,-0.30,325,307,311,342,325
2.42,7.82,-5.23,-0.46,0.11,0.04,324,307,311,342,325
1.77,9.59,-5.04,-0.38,0.14,-0.27,324,306,311,342,326
2.77,9.14,-4.72,-0.56,-0.05,0.07,324,306,310,342,326
2.29,9.30,-4.50,-0.41,0.02,-0.37,324,306,310,342,326
2.00,8.15,-3.59,-0.43,0.08,-0.03,324,306,311,342,326
2.23,10.29,-3.78,-0.40,0.07,-0.11,324,306,310,342,326
2.55,10.08,-3.21,-0.35,-0.02,-0.17,324,306,311,342,326
1.59,9.73,-2.74,-0.30,0.05,0.02,324,306,311,342,326
2.34,9.78,-2.15,-0.32,-0.02,-0.05,324,306,310,342,327
1.72,10.21,-1.82,-0.22,0.02,-0.13,324,306,311,342,326
2.10,10.10,-1.51,-0.22,-0.00,-0.08,324,306,310,342,326
1.94,10.35,-1.70,-0.09,0.11,0.01,324,306,311,342,326
2.10,9.75,-1.40,-0.10,0.06,0.02,324,306,311,342,326
1.92,9.55,-1.22,-0.07,0.07,0.01,324,306,310,343,326
2.46,9.70,-1.03,-0.07,0.02,-0.01,324,306,310,342,327
2.07,9.93,-0.80,-0.04,0.04,-0.02,324,306,310,342,327
END
2.33,9.96,-0.77,-0.02,-0.00,-0.05,326,308,319,344,325
1.85,-1.56,-9.33,0.05,0.01,-0.01,324,308,319,344,325
2.35,-1.31,-9.73,0.05,-0.00,-0.06,326,308,319,344,325
2.55,-1.49,-9.93,0.06,-0.00,-0.04,325,308,319,344,325
2.04,-1.92,-9.42,0.07,-0.00,0.03,326,307,319,345,325
2.05,-2.60,-8.86,-0.04,-0.01,-0.03,326,308,319,344,325
1.74,-2.81,-8.62,-0.24,-0.02,-0.11,326,308,319,344,325
2.34,-2.13,-8.74,-0.49,-0.14,-0.27,326,308,319,344,325
1.95,-0.93,-9.13,-0.57,-0.04,-0.06,326,308,318,344,325
2.25,-0.06,-9.06,-0.60,0.07,0.01,326,308,317,344,325
2.55,1.94,-9.83,-0.55,-0.05,-0.10,325,307,315,343,325
2.81,2.07,-9.39,-0.61,-0.25,0.24,325,307,315,343,325
1.32,3.13,-9.69,-0.37,0.01,-0.08,326,307,314,343,325
2.52,3.19,-9.30,-0.47,-0.10,-0.00,325,307,313,343,325
1.52,3.39,-9.25,-0.43,-0.02,-0.04,325,307,313,343,325
1.97,3.89,-8.77,-0.49,-0.07,-0.16,324,307,312,342,326
1.41,4.46,-8.71,-0.49,-0.01,-0.11,324,307,312,342,325
1.75,4.72,-8.44,-0.50,-0.04,-0.15,324,306,312,342,325
1.15,5.51,-8.11,-0.53,-0.01,-0.08,324,307,312,342,326
2.04,6.18,-8.08,-0.48,-0.02,-0.22,324,306,311,342,326
0.69,7.79,-7.95,-0.35,0.12,-0.08,324,306,311,342,326
2.66,6.04,-7.29,-0.47,-0.01,-0.04,324,306,311,342,326
0.42,7.21,-6.98,-0.31,0.18,-0.21,324,306,311,342,327
3.09,6.51,-5.86,-0.53,0.03,0.34,324,306,311,342,326
0.34,8.57,-6.45,-0.35,0.22,-0.34,324,306,311,342,327
2.63,7.25,-5.27,-0.63,-0.12,0.06,324,306,311,342,326
0.47,9.10,-5.38,-0.41,0.28,-0.63,324,306,310,343,326
2.01,8.56,-4.14,-0.54,0.00,0.24,324,306,311,342,325
2.24,9.84,-4.30,-0.33,0.20,-0.33,324,305,310,342,326
1.92,9.78,-4.04,-0.38,0.11,-0.09,324,306,310,342,326
1.72,9.71,-3.34,-0.31,0.09,0.16,324,306,310,342,326
2.27,9.83,-3.45,-0.31,0.01,-0.15,324,306,310,342,326
1.90,8.97,-2.66,-0.30,0.05,0.08,324,306,310,342,326
1.90,9.50,-2.07,-0.33,0.03,-0.12,324,306,310,342,326
1.72,9.63,-1.84,-0.35,-0.02,-0.03,324,306,310,342,326
1.80,10.58,-1.52,-0.29,0.03,-0.14,324,306,310,342,326
END
1.90,9.92,-1.41,-0.22,0.06,-0.03,326,307,319,344,325
2.43,-1.31,-9.24,0.04,-0.02,0.03,326,307,320,344,325
2.06,-0.91,-9.40,0.06,0.04,0.00,326,308,319,344,325
2.38,-0.78,-9.80,-0.02,-0.00,-0.03,326,308,319,344,325
2.61,-0.84,-9.76,0.03,-0.01,-0.07,326,308,319,345,325
2.40,-1.13,-9.45,0.04,0.01,-0.01,326,308,319,344,325
2.24,-1.81,-8.92,-0.08,-0.03,-0.23,325,308,319,344,325
2.71,-1.75,-8.86,-0.39,-0.17,-0.32,326,308,319,345,325
2.18,-1.38,-8.83,-0.47,-0.25,-0.66,326,308,319,345,326
2.84,0.19,-9.33,-0.64,-0.25,-0.12,326,308,318,345,325
2.04,1.55,-9.54,-0.41,-0.01,0.19,326,308,317,344,325
1.27,1.87,-8.45,-0.61,0.01,0.16,326,307,316,344,325
1.81,3.24,-9.10,-0.69,-0.11,0.01,325,307,314,343,325
2.07,5.00,-8.74,-0.61,-0.13,-0.06,325,307,314,343,325
2.00,5.74,-9.55,-0.44,-0.09,-0.31,325,306,312,343,325
1.01,5.29,-9.01,-0.43,-0.00,0.18,325,307,311,343,325
1.64,4.96,-8.59,-0.43,-0.04,0.00,325,307,311,342,325
1.82,4.67,-7.96,-0.46,0.03,0.14,325,307,311,342,325
1.67,6.39,-8.00,-0.40,0.00,-0.18,324,307,311,342,325
1.32,5.38,-6.96,-0.61,-0.04,0.25,325,306,311,342,325
2.00,6.75,-6.85,-0.44,0.06,-0.21,324,306,311,342,325
0.57,7.54,-5.80,-0.40,0.13,-0.13,325,306,311,342,325
2.23,8.09,-6.17,-0.58,0.01,-0.07,324,306,310,342,325
1.54,8.56,-5.71,-0.50,0.05,-0.23,324,306,311,342,325
1.88,8.57,-5.48,-0.46,0.08,0.03,324,306,311,342,325
1.67,9.12,-4.94,-0.42,0.08,-0.10,324,306,311,342,326
2.35,9.08,-4.36,-0.43,0.01,-0.05,324,306,311,342,326
1.70,9.60,-4.55,-0.39,0.04,-0.02,324,306,310,342,326
2.19,9.30,-3.69,-0.35,-0.01,0.00,324,306,310,342,326
1.82,9.52,-3.52,-0.26,0.09,0.05,324,306,310,342,326
2.01,9.63,-2.13,-0.23,0.08,0.03,324,306,310,341,326
1.90,9.19,-2.63,-0.22,0.06,0.05,323,306,311,342,326
1.82,9.60,-2.45,-0.23,0.03,0.03,324,306,310,342,326
2.11,9.16,-2.02,-0.26,0.07,0.07,324,306,310,342,326
2.21,10.37,-1.97,-0.23,0.10,0.01,324,306,311,342,325
2.52,10.21,-1.93,-0.21,0.04,0.03,324,306,310,342,326
END
1.96,9.86,-1.11,-0.18,0.05,-0.05,326,307,318,344,325
2.84,-1.46,-9.51,0.07,-0.01,-0.03,326,308,318,345,325
2.56,-1.37,-9.43,0.04,-0.01,-0.02,326,308,317,344,325
2.87,-1.44,-9.51,0.01,-0.01,-0.04,326,307,318,345,325
2.79,-1.06,-9.71,0.03,0.01,-0.02,326,308,318,344,325
2.56,-2.02,-9.08,-0.04,-0.00,-0.05,326,307,318,344,325
2.48,-2.72,-8.41,-0.27,-0.01,-0.01,326,308,318,344,325
3.01,-1.59,-8.93,-0.46,-0.10,-0.10,326,308,318,344,325
2.51,-0.98,-8.96,-0.58,-0.12,0.05,326,308,317,344,324
1.92,-0.10,-8.66,-0.58,-0.03,0.11,325,307,316,344,325
2.15,1.28,-8.97,-0.62,0.07,0.17,325,307,315,343,325
2.85,3.49,-9.40,-0.53,0.03,0.02,325,307,313,343,325
2.02,3.17,-9.57,-0.72,-0.11,-0.14,325,307,312,343,325
2.76,3.32,-8.82,-0.62,-0.05,-0.08,325,306,311,342,325
1.57,4.19,-8.38,-0.62,0.01,-0.00,324,306,310,342,325
2.68,5.20,-8.49,-0.53,-0.03,-0.16,324,305,310,342,325
1.79,5.33,-7.70,-0.60,0.02,-0.07,324,306,310,342,326
3.89,5.76,-7.60,-0.64,-0.01,0.29,324,306,310,342,325
1.00,7.06,-7.62,-0.46,0.21,-0.20,324,306,309,342,325
2.72,6.69,-6.77,-0.77,-0.08,0.25,324,306,309,342,325
2.18,8.26,-6.49,-0.44,0.13,-0.51,324,306,309,342,325
2.23,8.24,-5.68,-0.50,0.09,-0.03,324,306,309,341,326
3.80,8.61,-5.73,-0.47,0.04,-0.29,324,306,309,342,325
1.78,8.60,-5.34,-0.26,0.22,-0.15,324,305,309,342,326
2.91,8.27,-4.69,-0.40,0.04,-0.04,324,305,309,342,326
2.21,9.03,-4.49,-0.30,0.07,-0.15,324,305,309,342,326
2.45,8.94,-4.05,-0.33,0.04,-0.13,324,305,308,341,326
2.18,9.29,-3.61,-0.30,0.07,-0.02,324,305,308,341,326
2.36,9.32,-3.24,-0.28,0.04,-0.09,324,305,308,341,325
2.20,9.50,-2.91,-0.36,0.06,0.01,323,305,309,341,326
3.11,8.75,-2.30,-0.32,0.02,0.12,324,305,309,342,326
2.09,10.40,-2.43,-0.19,0.11,-0.15,324,305,309,342,326
2.61,9.92,-1.82,-0.27,-0.03,-0.11,324,305,308,341,326
2.60,9.82,-1.86,-0.20,0.03,-0.03,324,305,308,342,327
2.25,9.63,-1.71,-0.16,0.06,-0.05,324,305,309,342,326
2.46,8.68,-0.95,-0.20,0.07,0.14,324,305,309,342,326
END
2.44,9.74,-0.01,-0.22,0.06,-0.03,325,308,321,346,325
2.89,-1.70,-9.54,0.00,-0.03,-0.07,326,308,320,346,325
2.60,-1.97,-9.07,-0.06,0.03,0.02,326,308,321,347,325
2.98,-1.37,-9.40,-0.16,-0.03,-0.13,326,308,320,345,325
3.04,-1.19,-9.45,-0.20,-0.07,-0.12,326,308,321,344,325
2.60,-1.13,-9.17,-0.25,-0.00,0.04,326,308,321,346,325
2.87,-1.27,-8.93,-0.39,-0.04,-0.01,326,308,321,346,324
2.25,-0.65,-8.64,-0.55,0.01,0.20,326,308,320,346,325
2.84,0.73,-9.42,-0.50,-0.05,-0.12,325,308,318,345,325
2.27,1.41,-8.93,-0.64,-0.04,0.03,326,308,318,345,325
3.07,2.92,-9.20,-0.52,0.00,-0.01,325,307,317,345,325
2.94,2.98,-8.92,-0.51,0.12,0.23,325,307,316,344,325
3.20,3.23,-8.64,-0.47,0.10,0.14,325,307,316,344,325
2.36,4.34,-8.87,-0.48,0.11,-0.00,325,307,316,344,325
3.29,4.52,-8.35,-0.54,-0.02,-0.04,324,307,315,344,325
2.98,5.16,-8.51,-0.42,-0.01,-0.46,325,307,314,344,324
2.94,5.18,-7.90,-0.50,0.00,0.04,324,306,315,344,325
3.33,6.21,-7.85,-0.36,0.06,-0.16,324,307,314,344,325
1.67,5.37,-6.71,-0.45,0.19,0.06,324,307,314,344,325
3.03,6.86,-6.51,-0.43,0.16,-0.16,324,307,313,344,326
2.80,7.23,-6.21,-0.47,0.14,-0.06,324,307,313,344,325
3.37,7.57,-6.01,-0.51,0.05,-0.13,324,307,313,344,326
3.17,8.06,-5.78,-0.48,0.08,-0.17,324,307,313,343,326
3.09,8.38,-5.30,-0.38,0.05,-0.21,324,306,314,343,325
2.84,8.36,-5.03,-0.41,0.05,-0.12,324,306,313,343,325
2.95,8.49,-4.23,-0.41,0.05,-0.18,324,306,313,343,325
2.25,10.78,-4.06,-0.39,0.05,-0.28,324,307,313,343,325
2.42,9.53,-3.43,-0.38,-0.03,-0.21,324,306,313,343,326
2.05,10.04,-3.04,-0.31,0.00,-0.39,324,306,313,343,326
2.02,9.48,-3.08,-0.33,-0.01,-0.11,324,306,312,343,326
2.38,9.48,-2.89,-0.24,0.07,0.03,324,306,312,343,326
1.25,9.91,-2.23,-0.23,0.12,-0.04,324,306,312,343,326
2.37,9.42,-2.05,-0.29,0.01,0.08,324,306,312,343,325
1.95,9.67,-1.47,-0.22,0.10,-0.07,324,306,312,343,326
1.89,9.68,-1.11,-0.28,0.06,0.01,324,306,312,343,326
2.34,9.96,-0.84,-0.25,0.06,-0.02,323,306,312,343,326
END
2.17,9.58,-0.62,-0.19,0.08,0.07,327,310,321,346,325
3.08,-1.40,-9.36,-0.09,-0.02,-0.12,327,310,321,347,326
3.22,-1.08,-9.66,-0.11,-0.05,-0.10,327,310,321,347,325
2.73,-1.00,-9.45,-0.11,-0.04,-0.02,327,310,321,347,325
2.49,-1.25,-9.21,-0.18,-0.06,0.01,327,310,321,346,325
2.66,-1.74,-8.77,-0.35,-0.11,0.00,327,310,321,346,325
1.85,-1.01,-8.95,-0.42,-0.10,-0.11,327,310,320,346,325
2.39,-0.32,-8.79,-0.57,-0.10,-0.01,327,310,319,346,325
2.07,1.54,-9.24,-0.51,0.06,0.01,327,310,318,345,325
2.96,1.69,-9.38,-0.57,0.03,0.14,327,309,317,345,325
2.08,2.22,-9.02,-0.52,0.22,0.27,326,309,317,345,326
2.32,3.66,-8.99,-0.61,0.10,0.04,326,309,316,345,325
2.61,4.15,-8.73,-0.56,0.05,-0.19,326,309,315,345,325
2.71,4.62,-8.54,-0.63,-0.02,-0.23,326,309,315,344,326
3.19,5.86,-8.48,-0.49,-0.06,-0.39,326,308,314,344,326
2.51,5.02,-7.76,-0.62,0.01,0.09,325,308,314,344,326
3.07,6.42,-7.52,-0.39,0.08,-0.22,326,308,313,344,326
2.33,6.30,-6.89,-0.47,0.14,0.03,326,308,313,344,326
2.68,7.44,-6.81,-0.49,0.02,-0.29,326,308,312,344,326
2.42,7.53,-6.37,-0.48,0.02,-0.27,325,307,312,343,326
2.08,7.90,-6.14,-0.47,-0.01,-0.18,325,308,312,343,327
2.03,7.95,-5.52,-0.47,0.02,-0.23,325,308,312,343,326
2.53,9.13,-5.30,-0.40,0.01,-0.18,325,308,312,343,326
1.95,8.41,-4.73,-0.41,0.05,-0.08,325,307,312,343,324
2.12,8.98,-4.20,-0.43,-0.04,-0.16,325,307,312,343,327
1.88,9.23,-4.14,-0.41,0.02,-0.19,325,307,312,343,326
1.94,9.32,-3.35,-0.38,0.01,-0.11,325,307,312,343,326
1.65,9.82,-3.12,-0.33,0.04,-0.11,325,307,312,343,326
1.36,10.06,-2.81,-0.31,0.04,-0.17,325,307,312,343,326
1.48,9.77,-2.22,-0.29,0.04,-0.12,325,307,312,343,326
1.16,9.72,-2.15,-0.30,0.03,-0.10,325,307,312,343,326
1.06,9.72,-1.45,-0.26,0.07,-0.09,325,307,312,343,326
1.31,9.99,-1.21,-0.25,0.04,-0.10,325,307,312,343,327
1.10,10.04,-1.02,-0.23,0.09,0.03,325,307,312,343,327
1.56,10.00,-0.77,-0.20,0.04,-0.04,325,307,313,343,327
1.06,9.80,-0.42,-0.16,0.08,-0.03,325,306,312,343,327
END
1.51,-2.03,-9.37,0.06,0.03,-0.02,321,302,313,341,326
2.66,1.28,-10.39,-0.23,-0.11,-0.15,321,303,314,341,326
1.49,-0.24,-9.66,-0.23,-0.02,0.17,322,302,314,341,326
1.67,1.37,-10.01,-0.16,0.04,0.15,322,303,314,342,326
2.13,1.46,-10.42,-0.20,-0.02,0.07,322,303,313,342,326
1.21,0.83,-9.83,-0.17,0.01,0.16,321,303,313,342,326
1.61,1.73,-9.67,-0.20,-0.05,-0.09,321,302,313,342,326
1.27,1.31,-9.72,-0.24,-0.03,-0.00,321,303,313,342,326
1.72,2.65,-9.86,-0.20,-0.01,-0.01,321,303,313,342,326
1.86,1.38,-9.32,-0.27,-0.03,0.04,321,302,313,341,326
0.73,2.23,-9.11,-0.22,0.08,-0.06,321,303,312,341,326
1.52,3.09,-9.39,-0.33,-0.04,-0.12,321,302,313,341,326
1.65,3.80,-9.42,-0.36,-0.01,-0.26,321,302,311,341,326
1.44,3.87,-9.04,-0.35,0.00,-0.16,321,303,310,341,326
1.45,3.60,-8.69,-0.38,-0.02,-0.11,321,302,311,341,326
1.19,4.78,-8.70,-0.39,-0.01,-0.23,321,302,310,341,327
1.36,5.24,-8.43,-0.42,-0.03,-0.12,321,302,310,341,327
0.92,5.71,-8.32,-0.38,-0.04,-0.29,321,302,309,341,327
2.01,6.19,-7.80,-0.46,-0.10,0.05,321,302,309,341,327
0.10,6.94,-8.07,-0.26,0.05,-0.53,321,302,308,341,327
0.95,5.88,-6.55,-0.68,-0.20,0.29,321,302,309,341,327
1.04,7.90,-6.93,-0.32,-0.04,-0.45,321,303,308,341,327
0.94,7.77,-6.39,-0.61,-0.05,-0.04,321,302,308,341,327
0.50,8.99,-6.51,-0.41,-0.01,-0.12,321,302,308,341,327
0.47,7.98,-5.83,-0.40,0.13,0.14,321,302,308,341,327
0.43,9.45,-4.99,-0.35,0.05,-0.08,321,302,307,341,327
0.53,9.11,-4.69,-0.39,0.04,-0.02,321,302,307,341,327
1.36,8.71,-4.25,-0.37,0.01,0.13,321,302,307,340,327
0.27,9.75,-4.40,-0.25,0.03,-0.27,321,302,307,340,328
0.90,9.18,-3.85,-0.48,-0.10,0.06,321,302,307,341,327
1.07,9.79,-3.63,-0.38,0.01,-0.26,320,302,307,341,328
0.67,9.32,-2.81,-0.38,0.01,-0.00,321,302,307,341,327
0.70,9.96,-2.47,-0.33,-0.00,0.04,321,302,307,340,327
1.06,10.57,-2.44,-0.34,-0.02,-0.07,320,302,307,340,327
1.08,10.35,-1.99,-0.27,0.01,0.25,320,302,308,340,327
0.60,10.44,-1.98,-0.21,0.02,-0.04,320,302,307,341,328
END
1.23,10.01,-1.75,-0.25,-0.06,-0.07,322,303,316,343,326
2.40,-1.69,-9.59,0.05,-0.01,-0.08,322,303,316,343,326
2.12,-2.02,-9.05,-0.07,-0.03,-0.03,322,303,316,343,326
3.01,-1.25,-9.71,-0.12,-0.06,-0.09,322,303,316,343,325
2.37,-0.67,-10.07,-0.09,-0.05,0.06,322,303,316,343,326
2.00,-1.50,-9.39,-0.09,-0.06,-0.05,321,304,315,343,326
1.53,-1.86,-9.14,-0.27,-0.09,-0.06,322,303,315,343,326
2.27,-1.26,-9.16,-0.42,-0.15,-0.09,322,303,315,343,325
1.79,-0.73,-8.94,-0.53,-0.16,-0.09,322,303,315,342,326
1.50,0.73,-9.14,-0.58,-0.11,-0.01,322,303,314,342,326
1.63,1.28,-9.10,-0.65,-0.17,-0.02,321,303,312,342,326
1.28,2.89,-9.59,-0.57,-0.11,-0.04,321,303,312,342,325
1.12,2.40,-8.75,-0.69,-0.04,0.18,322,303,311,342,326
1.44,4.13,-8.54,-0.44,0.00,-0.21,321,303,311,341,326
0.62,4.52,-8.32,-0.73,0.04,0.41,321,303,310,341,326
0.87,5.65,-8.52,-0.44,0.08,-0.23,322,303,310,341,326
0.80,6.60,-8.39,-0.66,-0.09,-0.27,321,303,309,341,326
1.21,6.20,-7.55,-0.61,-0.07,-0.09,321,303,309,341,326
-0.18,6.75,-7.21,-0.59,0.01,-0.29,321,302,309,341,326
0.83,7.12,-6.33,-0.69,-0.12,-0.10,321,303,309,341,326
0.97,7.54,-5.94,-0.64,-0.02,-0.12,321,302,308,341,326
-1.03,9.45,-5.47,-0.62,-0.01,-0.26,321,303,308,341,326
0.90,9.97,-4.99,-0.61,-0.21,-0.12,321,302,308,341,326
0.06,8.73,-4.31,-0.54,0.02,-0.00,321,302,308,341,326
0.29,10.95,-3.82,-0.42,-0.12,-0.34,321,302,307,340,326
-0.09,9.05,-2.99,-0.59,-0.06,-0.00,321,302,308,341,326
-0.07,9.81,-2.64,-0.53,0.02,0.06,321,303,308,341,326
-0.14,10.29,-2.41,-0.60,-0.05,0.18,321,302,308,340,326
0.34,11.23,-1.91,-0.45,-0.00,0.02,321,303,307,341,326
0.51,9.96,-1.03,-0.41,0.04,0.24,321,302,307,341,326
0.31,11.15,-1.11,-0.37,0.00,0.00,321,303,308,340,327
0.84,11.03,-0.61,-0.23,0.07,0.09,321,303,307,341,326
0.67,10.95,-0.88,-0.11,0.06,0.03,320,302,308,341,327
1.09,10.39,-0.55,-0.03,0.02,0.02,321,302,308,341,327
1.00,10.14,-0.37,0.02,0.02,-0.03,321,302,308,341,327
1.10,10.02,-0.17,0.04,0.02,-0.01,321,302,308,341,328
END
1.08,9.94,-0.06,0.04,-0.00,-0.03,322,303,315,342,326
1.90,0.37,-9.63,-0.45,-0.10,-0.02,322,303,314,342,326
1.92,1.14,-10.10,-0.45,-0.06,0.12,322,303,314,342,326
1.51,1.67,-9.75,-0.29,-0.03,0.07,322,303,312,342,326
1.86,2.07,-10.15,-0.31,-0.03,-0.01,322,303,313,342,326
1.62,1.55,-9.71,-0.29,0.03,0.06,322,303,313,341,325
1.28,1.26,-9.04,-0.36,0.06,0.03,322,303,312,342,326
2.18,2.98,-9.50,-0.37,-0.01,-0.21,322,303,312,341,326
2.18,3.53,-9.58,-0.38,-0.02,-0.09,322,303,312,341,326
2.10,3.59,-9.44,-0.35,0.01,-0.02,322,303,312,342,326
1.28,3.29,-8.81,-0.34,0.08,-0.01,322,303,311,341,326
1.56,4.17,-8.69,-0.39,0.02,-0.15,322,303,311,341,326
2.46,4.39,-8.23,-0.48,-0.05,-0.18,321,302,311,341,326
1.23,5.61,-8.23,-0.38,0.05,-0.02,321,303,310,341,326
2.18,5.56,-7.98,-0.47,-0.08,-0.04,321,303,310,341,326
1.14,6.33,-8.12,-0.39,0.05,-0.17,321,303,310,341,326
1.56,6.03,-7.46,-0.50,0.03,-0.07,321,303,309,341,326
2.00,7.10,-7.20,-0.45,0.04,-0.18,321,303,309,341,326
1.23,6.29,-6.20,-0.54,0.09,0.02,321,303,309,341,326
1.73,7.72,-5.83,-0.47,0.05,-0.23,321,303,309,341,327
1.20,7.80,-5.02,-0.61,0.04,-0.05,321,303,309,341,326
2.05,9.00,-5.06,-0.59,0.04,-0.13,321,302,309,341,326
1.51,9.78,-5.00,-0.43,0.16,0.15,321,303,309,341,327
2.12,9.27,-4.22,-0.48,0.13,-0.08,321,303,308,341,326
1.52,10.01,-4.07,-0.46,0.10,-0.11,321,302,308,341,326
1.90,9.96,-3.40,-0.42,-0.00,-0.05,321,303,308,341,326
1.76,9.71,-3.08,-0.40,0.04,-0.03,322,302,308,341,326
1.66,10.10,-2.32,-0.31,0.06,0.02,321,303,308,341,326
1.81,9.76,-1.64,-0.33,0.03,0.03,321,302,308,341,326
1.74,9.38,-1.59,-0.34,0.03,0.01,321,302,308,341,326
2.22,10.17,-1.12,-0.29,-0.01,-0.05,321,302,308,341,326
2.10,9.81,-0.94,-0.30,0.04,0.08,321,302,309,341,326
2.03,10.06,-0.88,-0.23,0.10,0.11,321,302,309,341,327
2.58,10.04,-0.55,-0.19,0.02,-0.04,321,302,309,341,327
2.07,10.37,-0.32,-0.13,0.00,-0.03,321,302,309,341,327
2.25,10.32,-0.06,-0.02,0.02,-0.01,321,302,309,341,327
END
2.27,9.96,-0.19,0.04,-0.01,-0.05,322,303,315,342,326
2.62,-1.77,-9.40,-0.13,-0.05,-0.04,322,303,316,343,326
3.00,-0.80,-10.06,-0.10,-0.05,0.03,322,303,316,343,326
2.09,-1.88,-9.49,-0.07,0.01,0.15,322,303,316,342,326
2.00,-1.21,-9.48,-0.09,0.04,0.30,322,303,315,342,326
2.30,-0.99,-9.83,-0.07,-0.05,-0.03,322,303,315,343,326
1.84,-2.06,-9.40,-0.14,-0.04,0.00,322,303,315,342,326
2.10,-1.72,-8.94,-0.23,-0.02,-0.01,323,303,315,343,326
1.91,-1.15,-9.10,-0.35,-0.05,-0.13,322,303,315,342,327
2.37,-0.24,-9.45,-0.39,-0.01,-0.04,323,303,315,342,326
2.35,0.75,-9.82,-0.35,0.07,0.10,322,303,314,342,325
2.05,0.28,-9.19,-0.41,-0.03,-0.18,322,303,314,343,325
1.74,1.37,-9.48,-0.41,-0.07,-0.31,322,303,314,342,326
2.01,2.25,-9.18,-0.54,-0.05,-0.02,322,303,313,342,326
1.97,2.97,-9.07,-0.42,-0.01,-0.12,322,303,312,341,326
1.81,2.75,-9.09,-0.52,0.00,-0.13,322,303,313,342,326
1.55,3.52,-8.66,-0.53,-0.03,-0.21,322,303,312,342,326
2.10,4.23,-8.21,-0.53,-0.07,-0.41,322,303,311,342,326
1.09,4.41,-8.00,-0.70,0.03,0.20,322,303,311,341,326
2.14,6.59,-8.02,-0.37,0.00,-0.16,322,303,310,341,326
1.15,5.69,-7.34,-0.70,0.07,-0.16,321,303,310,341,326
1.91,6.78,-6.88,-0.61,0.05,-0.50,321,302,309,341,326
1.53,7.67,-6.25,-0.65,0.09,0.05,321,303,308,341,326
1.80,8.00,-5.81,-0.64,0.12,0.17,321,303,308,341,326
1.59,8.80,-5.60,-0.57,0.09,-0.08,321,303,308,341,326
1.97,8.66,-5.04,-0.64,0.04,0.11,321,302,308,341,326
2.77,9.76,-4.69,-0.52,0.00,0.08,322,302,308,341,326
1.23,9.50,-4.14,-0.45,0.10,-0.25,321,302,308,341,326
2.43,9.56,-3.27,-0.52,-0.10,-0.03,321,302,308,341,326
1.66,10.11,-2.96,-0.43,0.06,-0.14,321,302,308,341,326
1.72,10.34,-2.56,-0.46,-0.00,-0.04,321,303,308,341,325
1.56,10.14,-2.05,-0.41,-0.03,-0.02,321,302,309,340,326
1.58,9.56,-1.60,-0.42,-0.04,-0.10,321,302,309,340,327
1.46,9.68,-1.13,-0.44,-0.00,-0.07,321,302,309,341,326
2.15,10.67,-0.64,-0.32,0.03,0.07,321,303,308,340,326
1.71,10.52,-0.42,-0.23,0.12,0.04,321,302,309,341,326
END
1.95,10.83,-0.56,-0.16,0.05,0.03,322,303,316,344,326
2.56,-1.68,-9.33,0.03,-0.01,-0.05,322,303,316,343,326
2.65,-1.67,-9.58,0.01,-0.01,-0.05,322,304,316,344,326
2.69,-1.28,-9.50,0.02,-0.04,-0.07,322,303,316,343,326
2.66,-1.93,-9.38,0.02,-0.03,-0.01,322,303,316,343,326
2.42,-2.61,-8.89,-0.07,-0.01,0.02,320,303,316,344,326
2.48,-2.48,-8.77,-0.27,-0.12,-0.14,322,304,316,343,326
2.86,-1.54,-9.33,-0.43,-0.19,-0.06,322,304,316,343,325
2.53,-1.10,-9.47,-0.37,-0.07,0.21,322,304,316,343,326
0.57,0.04,-8.82,-0.44,0.19,0.52,322,303,315,343,326
2.07,0.69,-9.52,-0.47,0.08,0.08,322,303,314,343,326
2.46,1.21,-9.42,-0.60,-0.04,-0.05,322,303,314,343,326
2.84,2.07,-9.40,-0.53,-0.09,-0.05,322,303,313,342,326
2.19,2.72,-9.25,-0.53,-0.03,0.02,322,303,312,342,326
2.11,3.31,-9.26,-0.56,-0.16,-0.15,322,303,312,342,326
1.64,4.06,-8.90,-0.55,-0.05,-0.22,322,303,311,342,326
1.64,4.95,-9.06,-0.43,-0.09,-0.16,322,303,310,341,326
1.41,5.89,-9.00,-0.35,-0.06,-0.41,321,303,309,341,326
1.65,5.08,-8.31,-0.57,-0.12,0.05,322,303,309,341,326
0.99,5.84,-8.47,-0.20,0.10,-0.08,322,303,309,341,326
0.70,5.33,-7.81,-0.46,0.06,0.17,322,303,309,341,326
1.46,5.89,-7.23,-0.48,-0.01,-0.13,322,303,309,341,326
1.21,5.97,-6.81,-0.45,0.15,0.13,322,303,309,341,326
1.82,8.19,-6.49,-0.37,0.10,-0.24,322,303,308,341,326
1.52,7.27,-6.05,-0.64,0.03,0.14,322,303,308,341,326
2.01,8.90,-5.97,-0.49,0.10,-0.10,322,303,308,341,326
0.88,7.98,-5.57,-0.53,0.12,-0.18,322,303,308,341,327
2.02,9.16,-4.72,-0.56,-0.04,-0.18,321,303,308,341,324
1.74,9.38,-4.40,-0.49,0.01,-0.30,321,303,307,340,326
1.44,9.32,-3.76,-0.51,-0.01,-0.22,321,303,308,341,326
1.48,10.39,-3.31,-0.46,0.01,-0.11,321,303,308,340,326
1.11,10.23,-2.84,-0.40,0.06,-0.03,321,303,308,340,326
0.98,10.08,-2.46,-0.39,-0.04,-0.04,321,303,308,341,326
0.87,9.96,-1.75,-0.35,-0.00,-0.06,321,302,308,340,326
1.23,9.80,-1.44,-0.40,-0.06,0.02,321,303,308,341,327
0.99,10.24,-0.87,-0.33,0.01,-0.09,321,303,308,341,326
END
1.06,10.19,-0.82,-0.31,-0.00,0.03,322,303,315,343,325
2.79,-2.23,-9.31,0.05,-0.01,-0.05,322,303,315,343,326
2.72,-1.86,-9.30,0.02,0.02,-0.02,322,302,315,343,326
2.59,-1.73,-9.50,0.00,-0.03,-0.07,322,303,316,343,326
3.07,-1.82,-9.43,-0.00,-0.03,-0.07,323,303,316,343,326
2.55,-2.44,-9.09,-0.03,0.02,0.01,322,303,316,343,325
2.98,-2.47,-8.90,-0.21,-0.08,-0.13,322,303,315,343,326
3.57,-2.20,-9.14,-0.24,-0.07,-0.02,322,303,316,343,325
2.44,-1.31,-9.24,-0.33,0.01,0.28,322,303,316,343,326
2.36,-0.91,-9.27,-0.45,0.01,0.20,322,303,315,343,325
2.24,-0.38,-9.11,-0.51,-0.07,0.02,322,303,315,342,326
2.25,0.29,-9.11,-0.58,-0.08,-0.05,322,303,315,342,326
1.93,1.18,-9.16,-0.62,-0.10,-0.04,322,303,314,342,326
2.05,2.46,-9.22,-0.60,-0.12,-0.11,322,303,313,342,326
1.91,3.60,-9.45,-0.53,-0.11,-0.17,322,303,313,342,325
1.60,2.94,-8.98,-0.63,-0.05,0.01,322,302,312,341,326
1.67,4.02,-8.63,-0.61,0.03,-0.05,322,303,312,341,326
1.97,4.63,-8.28,-0.56,0.00,-0.19,322,303,311,341,326
1.81,5.16,-7.89,-0.64,-0.01,-0.14,322,303,311,341,326
1.59,6.49,-7.62,-0.59,0.01,-0.30,321,303,310,341,326
1.85,6.90,-7.14,-0.67,-0.00,-0.07,321,303,309,341,326
0.87,8.42,-7.42,-0.39,-0.01,-0.55,321,303,308,341,326
2.25,7.63,-6.81,-0.73,-0.19,0.01,321,303,308,340,326
0.67,7.34,-6.02,-0.36,0.09,-0.37,321,303,308,341,326
0.88,7.03,-4.38,-0.87,-0.10,0.13,321,303,308,341,326
1.42,9.77,-4.60,-0.51,-0.10,-0.44,321,303,308,341,326
1.00,10.19,-3.91,-0.63,-0.12,-0.09,321,303,308,340,326
-0.09,10.90,-3.82,-0.50,-0.02,-0.13,321,303,308,340,326
0.15,10.08,-3.15,-0.48,0.00,0.08,321,303,308,340,326
0.92,10.29,-2.83,-0.40,-0.04,0.04,321,302,308,341,326
0.68,9.80,-2.45,-0.34,0.02,0.03,321,303,308,340,326
0.72,10.01,-1.90,-0.35,-0.01,0.07,321,302,308,340,326
0.88,10.19,-1.51,-0.28,0.04,0.02,321,302,308,340,326
0.72,10.33,-0.98,-0.28,-0.02,-0.03,321,302,308,341,326
1.08,9.68,-0.77,-0.28,0.01,0.08,321,302,309,340,326
1.16,10.60,-0.66,-0.20,0.05,0.02,321,302,308,340,326
END
1.08,10.09,-0.30,-0.24,0.02,0.09,323,304,317,344,326
2.89,-2.02,-9.35,0.01,0.00,-0.04,323,304,318,343,326
2.94,-2.12,-9.10,-0.02,-0.00,-0.05,323,304,317,344,326
2.99,-1.95,-9.53,-0.08,-0.05,-0.08,323,304,318,344,326
3.05,-1.62,-9.57,-0.12,-0.14,-0.16,323,304,318,344,326
2.73,-2.10,-9.17,-0.20,-0.12,-0.06,323,304,318,344,326
2.61,-1.51,-9.17,-0.24,-0.08,0.03,323,304,318,344,326
2.05,-0.69,-9.45,-0.32,-0.05,0.05,323,304,317,343,326
1.93,0.02,-9.63,-0.34,-0.11,-0.22,323,304,316,343,324
2.81,0.34,-10.14,-0.41,-0.16,-0.12,323,304,316,343,326
2.38,0.33,-9.55,-0.25,-0.03,-0.02,323,304,316,342,326
2.07,0.78,-9.42,-0.32,0.03,0.12,323,304,315,341,325
2.13,1.17,-9.19,-0.37,0.01,0.04,323,304,315,343,326
2.21,2.05,-9.51,-0.39,-0.01,0.06,323,304,315,343,326
2.71,2.83,-9.71,-0.34,0.01,0.01,323,304,314,342,326
2.20,3.04,-9.88,-0.36,0.04,0.13,323,304,313,342,326
2.20,3.66,-9.46,-0.28,0.01,-0.04,322,303,313,342,326
2.00,2.70,-9.22,-0.34,-0.01,0.00,322,303,313,342,326
2.23,3.42,-8.88,-0.28,0.03,-0.09,322,303,312,342,326
2.58,3.81,-8.63,-0.34,0.01,-0.07,322,303,312,342,326
2.32,4.05,-8.35,-0.31,0.02,-0.13,322,303,312,341,326
2.48,4.04,-8.23,-0.40,0.04,0.00,322,303,311,342,326
2.23,5.02,-7.92,-0.33,0.10,-0.11,322,303,311,341,326
2.53,5.98,-7.90,-0.44,-0.00,-0.12,322,303,311,341,326
2.59,5.71,-7.57,-0.45,-0.06,-0.24,322,303,311,341,326
1.87,6.45,-7.36,-0.42,0.02,-0.25,322,303,310,341,326
2.28,7.11,-6.90,-0.47,-0.05,-0.15,322,303,310,341,326
2.12,7.17,-6.88,-0.43,0.02,-0.21,322,303,310,341,326
2.86,6.92,-6.14,-0.44,-0.01,0.05,322,303,309,341,326
1.41,8.51,-5.99,-0.29,0.08,-0.45,322,303,308,341,326
1.68,9.07,-5.69,-0.52,-0.10,0.03,321,302,308,341,326
1.77,8.87,-5.32,-0.37,-0.02,-0.28,322,303,308,341,326
0.79,9.29,-5.08,-0.36,-0.01,-0.30,322,303,308,341,326
2.10,9.08,-4.36,-0.44,-0.09,0.01,321,302,308,341,326
0.64,8.87,-3.88,-0.27,0.07,-0.15,322,302,308,341,326
1.25,9.22,-3.31,-0.45,-0.11,0.02,322,303,308,341,326
END
1.49,9.99,-3.15,-0.39,-0.12,-0.13,322,304,318,344,326
2.49,-2.19,-9.18,0.03,-0.00,-0.03,323,304,318,344,326
2.89,-2.16,-9.26,-0.02,-0.01,-0.10,323,304,318,344,326
3.19,-1.62,-9.82,-0.05,-0.03,-0.08,323,304,319,344,326
2.66,-1.80,-9.48,-0.03,0.01,0.05,323,304,318,344,326
2.60,-2.28,-8.99,-0.08,0.00,-0.01,323,304,318,344,326
2.91,-1.92,-9.04,-0.21,-0.06,-0.05,323,304,319,344,326
2.60,-1.54,-9.38,-0.26,-0.11,-0.05,322,304,318,343,326
2.56,-1.41,-8.89,-0.34,-0.10,-0.04,322,304,317,344,326
2.30,-1.13,-8.90,-0.41,0.00,0.10,323,304,317,344,326
2.28,0.35,-9.22,-0.52,-0.03,0.01,323,304,316,343,326
2.16,1.44,-9.58,-0.58,-0.10,-0.14,323,304,315,343,326
2.56,2.12,-9.71,-0.54,-0.19,-0.24,322,304,315,343,326
2.31,2.54,-9.66,-0.53,-0.08,0.02,322,304,314,342,326
2.21,2.94,-9.40,-0.43,-0.05,0.05,322,304,313,342,326
1.63,2.84,-9.02,-0.47,-0.02,0.03,322,304,312,342,326
1.85,3.31,-8.54,-0.50,-0.03,-0.05,322,304,312,342,326
1.57,3.07,-7.95,-0.62,-0.00,-0.09,322,303,312,342,326
2.18,5.73,-8.00,-0.52,-0.00,-0.18,322,303,310,342,326
2.38,6.14,-7.80,-0.64,0.01,0.06,322,303,309,341,326
1.47,7.04,-8.10,-0.44,0.07,-0.08,322,303,309,341,326
2.16,6.57,-7.29,-0.52,-0.05,-0.19,322,303,309,341,326
1.48,7.14,-7.08,-0.44,0.05,-0.24,322,303,309,341,326
1.70,7.70,-6.63,-0.45,-0.00,-0.13,322,303,309,341,326
1.87,7.85,-6.32,-0.39,0.01,-0.26,322,303,309,341,326
1.11,8.38,-5.83,-0.44,0.02,-0.20,322,303,308,341,326
1.44,8.33,-5.18,-0.40,-0.04,-0.12,321,303,308,341,326
0.82,8.48,-4.92,-0.40,0.04,-0.26,321,303,308,341,327
1.59,8.88,-4.35,-0.46,-0.01,-0.02,322,303,308,341,326
1.03,9.73,-4.29,-0.38,0.04,-0.19,321,303,308,341,326
1.73,8.95,-3.56,-0.42,-0.05,0.06,321,303,308,341,324
0.67,9.98,-3.35,-0.35,0.06,-0.29,321,303,308,341,326
0.88,9.77,-2.70,-0.46,-0.02,0.02,321,303,308,341,326
0.94,10.32,-2.33,-0.38,0.02,-0.14,321,303,308,341,326
0.81,10.22,-2.02,-0.35,-0.01,-0.08,321,303,308,341,326
1.01,10.45,-1.69,-0.32,-0.02,-0.08,321,303,308,341,326
END
0.94,10.22,-1.31,-0.27,0.02,-0.03,322,304,317,344,326
2.66,-1.77,-9.25,-0.02,-0.00,-0.06,323,304,317,344,326
2.81,-1.90,-9.37,-0.07,-0.03,-0.11,323,304,317,344,326
3.17,-1.59,-9.55,-0.10,-0.02,-0.05,323,304,317,344,326
2.87,-1.37,-9.67,-0.04,-0.01,0.03,323,304,317,344,326
2.60,-2.14,-9.10,-0.14,-0.07,-0.05,323,304,316,344,326
3.10,-1.37,-9.20,-0.25,-0.04,0.11,323,304,317,343,326
2.42,-0.87,-9.57,-0.28,0.03,0.26,323,304,317,344,326
2.28,-0.90,-9.25,-0.34,-0.06,0.03,323,304,317,343,326
2.40,-0.57,-9.07,-0.42,-0.08,0.01,323,303,316,343,326
1.67,-0.39,-8.99,-0.46,0.01,0.01,323,304,315,343,326
2.38,1.00,-9.37,-0.58,-0.05,-0.13,322,304,314,343,326
2.53,2.00,-9.16,-0.61,-0.09,-0.12,322,304,314,343,326
2.07,3.27,-9.60,-0.45,-0.02,-0.14,322,304,313,342,326
1.86,3.18,-8.97,-0.65,0.00,0.11,322,304,312,342,326
2.03,4.18,-9.23,-0.39,0.01,-0.25,322,304,312,342,329
2.00,3.93,-8.51,-0.55,-0.03,-0.09,322,303,312,342,326
2.46,4.69,-8.20,-0.53,-0.04,-0.17,322,303,311,342,326
1.96,4.40,-7.61,-0.55,0.08,0.27,322,304,311,342,326
1.50,6.56,-7.31,-0.46,0.15,-0.13,322,303,311,342,326
3.07,6.70,-7.24,-0.66,-0.01,-0.10,322,303,310,342,326
2.09,7.95,-7.11,-0.46,0.16,-0.11,322,303,310,342,326
2.87,7.93,-6.80,-0.48,0.01,-0.19,322,303,309,341,326
1.96,7.67,-6.58,-0.40,0.13,-0.04,322,303,309,341,326
3.28,8.50,-6.25,-0.31,0.06,-0.15,321,303,309,341,326
2.25,8.08,-6.02,-0.22,0.05,-0.22,321,303,309,341,326
2.49,7.78,-5.43,-0.36,-0.06,-0.05,321,303,309,341,326
2.00,8.41,-4.66,-0.24,-0.01,-0.37,321,303,309,341,326
1.66,8.51,-4.70,-0.36,-0.06,-0.24,322,303,309,341,326
1.64,8.81,-4.13,-0.36,0.00,0.01,322,303,309,341,326
0.99,9.23,-3.95,-0.30,0.04,-0.37,321,303,309,341,327
1.54,9.14,-3.36,-0.45,-0.07,0.00,321,303,309,341,326
1.27,9.95,-2.95,-0.32,0.01,-0.26,321,303,308,341,326
1.23,9.55,-2.68,-0.38,0.04,0.06,321,303,308,341,326
1.37,10.04,-2.26,-0.32,0.03,-0.03,321,303,308,340,326
1.22,9.93,-2.00,-0.32,0.00,-0.08,321,303,308,341,326
END
1.26,9.94,-1.63,-0.34,-0.03,-0.06,321,303,306,341,325
2.91,-1.82,-9.40,0.03,0.00,-0.02,321,302,307,341,325
3.04,-2.17,-9.10,0.00,0.00,-0.05,321,302,307,341,325
2.97,-2.40,-8.92,-0.11,-0.06,-0.09,321,302,307,341,325
3.07,-2.43,-8.72,-0.25,-0.09,-0.11,321,303,308,341,325
2.67,-2.68,-8.20,-0.39,-0.05,-0.02,321,303,308,341,325
2.70,-1.39,-8.34,-0.66,-0.01,0.04,321,302,308,341,325
2.71,0.04,-9.42,-0.68,-0.06,0.01,321,302,307,341,325
2.52,0.58,-9.09,-0.70,-0.12,-0.08,321,302,307,341,325
2.08,2.35,-9.55,-0.67,-0.14,-0.07,321,302,306,341,325
2.03,2.86,-8.94,-0.67,-0.14,-0.08,321,303,307,341,325
1.68,3.68,-8.87,-0.56,-0.15,-0.26,321,301,305,340,325
1.39,4.53,-8.54,-0.62,-0.19,-0.35,321,302,305,340,325
1.46,4.90,-8.23,-0.73,-0.14,-0.19,321,302,305,340,325
1.11,5.94,-8.11,-0.57,-0.08,-0.25,321,302,304,340,325
1.37,6.60,-7.70,-0.50,-0.11,-0.31,320,302,303,339,325
-0.06,6.59,-7.14,-0.58,0.01,-0.18,321,302,303,340,326
0.95,7.82,-6.95,-0.56,-0.03,-0.05,320,302,302,339,325
0.23,8.49,-6.97,-0.46,-0.09,-0.40,320,302,302,339,325
0.84,8.40,-6.51,-0.45,-0.06,-0.11,320,302,302,339,325
-0.09,8.36,-6.03,-0.40,-0.04,-0.19,321,302,302,339,326
0.68,8.74,-5.59,-0.43,-0.14,-0.03,320,302,302,339,325
0.16,8.80,-5.12,-0.38,-0.05,-0.11,321,302,302,339,326
-0.19,9.26,-4.61,-0.37,-0.05,-0.07,320,302,303,339,325
0.29,9.11,-4.32,-0.38,-0.07,-0.01,321,301,302,339,326
-0.62,9.88,-3.98,-0.33,-0.03,-0.11,321,302,302,339,326
-0.20,9.96,-3.52,-0.32,-0.08,-0.03,320,302,302,339,325
-0.17,9.78,-3.48,-0.29,-0.02,0.04,320,302,302,339,326
0.32,9.61,-2.87,-0.28,-0.02,0.15,320,302,302,339,326
-0.47,9.72,-2.43,-0.20,0.12,0.15,320,302,302,339,326
0.49,10.36,-2.40,-0.21,-0.06,-0.04,321,302,302,339,326
0.14,9.88,-2.24,-0.17,-0.04,-0.12,320,302,301,339,326
0.11,10.05,-2.22,-0.17,-0.02,-0.06,321,301,302,339,326
0.41,9.85,-1.69,-0.17,-0.06,-0.08,320,302,302,338,325
0.04,9.80,-1.59,-0.17,-0.09,-0.16,320,302,302,338,326
0.12,9.93,-1.20,-0.19,-0.08,-0.04,320,302,302,338,326
END
-0.06,10.10,-0.95,-0.16,-0.00,-0.02,322,303,314,343,325
2.56,-2.18,-8.94,-0.13,-0.05,-0.17,322,303,314,343,325
3.08,-2.00,-8.82,-0.21,-0.07,-0.23,322,303,314,342,325
3.43,-1.09,-9.62,-0.28,-0.02,-0.03,322,303,314,343,325
2.99,-1.23,-9.36,-0.25,-0.04,0.02,322,303,314,342,325
2.72,-1.06,-9.09,-0.35,-0.06,0.02,323,303,313,343,325
2.61,-1.17,-9.00,-0.43,-0.13,-0.08,322,303,313,342,325
1.91,0.01,-8.86,-0.54,-0.10,-0.07,322,303,313,342,325
2.74,1.91,-9.61,-0.52,-0.23,-0.37,322,303,312,342,325
2.29,1.85,-9.66,-0.56,-0.10,-0.03,322,303,312,342,326
2.20,3.07,-9.56,-0.38,-0.00,0.05,322,303,311,341,325
2.37,3.15,-9.47,-0.47,-0.04,-0.01,322,303,311,341,325
1.92,3.45,-9.29,-0.38,-0.06,-0.04,322,303,311,341,325
2.37,4.06,-9.38,-0.39,-0.05,-0.01,322,303,310,341,325
1.63,3.90,-8.74,-0.37,-0.02,-0.08,322,303,310,341,325
1.81,4.69,-8.51,-0.41,-0.11,-0.22,321,303,308,341,325
1.62,4.98,-8.33,-0.47,-0.09,-0.10,321,303,308,340,325
1.26,5.41,-8.09,-0.42,-0.06,-0.23,322,303,307,340,325
1.29,6.45,-7.72,-0.46,-0.12,-0.13,321,303,307,340,325
1.18,5.81,-7.06,-0.52,-0.14,-0.19,321,302,306,340,325
0.95,6.18,-6.63,-0.56,-0.05,-0.10,321,303,307,340,325
0.97,7.92,-6.36,-0.51,-0.00,-0.14,321,303,306,340,325
0.85,8.23,-5.90,-0.60,-0.05,-0.07,321,303,305,340,325
0.81,9.51,-5.95,-0.48,-0.04,-0.09,321,302,305,340,325
0.81,8.81,-5.52,-0.47,0.01,0.06,321,302,304,339,325
0.78,9.40,-5.22,-0.40,0.01,-0.04,321,302,304,340,325
1.49,8.81,-4.56,-0.39,-0.08,0.00,321,302,304,339,325
0.25,9.14,-4.34,-0.37,-0.08,-0.31,321,302,304,340,325
0.68,9.21,-3.24,-0.48,-0.22,0.09,320,302,304,339,326
0.37,10.39,-2.99,-0.37,-0.10,-0.14,321,302,304,339,325
0.63,9.74,-2.40,-0.42,-0.06,0.06,321,302,304,339,325
-0.52,10.57,-2.23,-0.37,-0.05,-0.21,320,302,304,339,326
0.33,10.20,-1.77,-0.42,-0.12,-0.07,321,302,304,339,326
0.52,10.19,-1.57,-0.34,-0.01,0.06,321,302,304,339,326
-0.19,10.28,-1.00,-0.33,-0.02,-0.03,321,302,304,339,326
0.43,10.48,-0.91,-0.34,-0.03,0.06,321,302,304,339,326
END
0.30,10.83,-0.52,-0.19,0.04,0.01,322,303,315,343,325
3.25,-1.97,-9.32,-0.02,-0.02,-0.05,322,304,315,343,325
3.12,-1.64,-9.25,-0.06,-0.04,-0.03,322,303,315,343,325
3.01,-1.54,-9.43,-0.06,-0.05,0.01,322,303,315,343,325
2.79,-1.76,-9.45,-0.04,-0.03,0.07,322,303,314,343,325
2.56,-1.72,-9.36,-0.10,-0.02,0.09,322,303,314,343,325
2.28,-2.24,-8.71,-0.20,-0.07,-0.06,322,304,314,343,325
2.56,-1.56,-8.89,-0.38,-0.08,-0.00,322,303,314,343,325
2.28,-1.06,-8.97,-0.47,-0.10,-0.07,322,303,314,343,325
2.48,0.34,-9.41,-0.60,-0.12,-0.03,322,303,314,342,325
2.63,1.56,-9.83,-0.43,-0.10,-0.08,322,303,314,342,325
2.01,0.95,-9.28,-0.49,-0.02,0.20,322,304,313,342,325
1.94,2.31,-9.34,-0.33,0.05,0.02,322,303,312,341,325
1.54,2.16,-9.12,-0.50,-0.09,-0.18,322,303,311,341,325
2.40,3.47,-9.26,-0.50,-0.17,-0.34,322,303,310,342,325
2.56,4.48,-9.46,-0.44,-0.03,0.06,321,303,310,341,325
1.36,4.47,-9.27,-0.22,0.08,-0.15,322,303,309,341,325
1.63,4.05,-8.74,-0.44,0.04,0.02,321,303,309,341,325
2.02,4.57,-8.46,-0.38,0.03,-0.19,321,303,309,341,325
2.39,4.77,-8.01,-0.42,0.08,0.08,321,303,309,341,326
1.86,6.12,-8.31,-0.23,0.14,-0.21,321,303,309,341,325
1.87,5.58,-7.71,-0.51,0.00,0.06,321,303,308,341,325
2.51,7.21,-7.81,-0.28,-0.06,-0.38,321,303,308,341,325
2.01,6.56,-7.28,-0.37,-0.04,-0.11,321,303,308,340,325
1.54,6.36,-6.84,-0.37,-0.01,-0.13,321,303,308,341,325
2.13,7.45,-6.84,-0.35,-0.11,-0.22,321,303,308,340,325
1.38,7.66,-6.60,-0.33,-0.06,-0.21,321,302,307,340,325
1.72,7.77,-5.84,-0.36,-0.12,-0.12,321,303,307,341,325
0.97,8.05,-5.56,-0.33,-0.02,-0.03,321,303,307,340,325
1.16,8.96,-5.51,-0.30,-0.05,-0.16,321,303,307,340,326
0.96,8.57,-5.20,-0.38,-0.01,0.01,321,303,307,340,326
1.31,9.01,-4.63,-0.37,-0.04,0.06,321,303,307,340,326
1.06,9.58,-4.64,-0.26,-0.04,-0.15,321,303,307,340,326
1.20,9.05,-4.30,-0.31,-0.07,-0.07,321,303,307,340,326
0.78,9.40,-3.92,-0.25,-0.01,-0.01,320,302,307,340,326
0.84,9.74,-3.65,-0.26,-0.11,-0.06,321,302,306,340,326
END
0.75,10.21,-3.68,-0.21,-0.16,-0.26,322,303,314,343,325
3.29,-1.67,-9.17,-0.12,-0.03,-0.07,321,303,314,343,325
3.12,-1.35,-9.36,-0.17,-0.02,-0.02,322,303,314,343,326
3.40,-1.17,-9.35,-0.15,-0.04,-0.03,322,303,314,343,326
3.25,-1.21,-9.40,-0.19,-0.08,0.01,321,303,314,343,325
2.79,-1.00,-9.23,-0.17,-0.08,0.03,322,303,314,343,325
2.58,-1.06,-8.77,-0.37,-0.05,0.12,321,303,313,343,325
2.50,-0.31,-9.05,-0.38,0.00,0.09,321,303,313,343,325
2.54,0.12,-9.15,-0.44,-0.06,-0.10,321,303,313,343,325
2.86,1.41,-9.35,-0.51,-0.12,-0.08,321,302,313,342,325
2.59,1.87,-9.55,-0.43,-0.07,-0.00,321,303,312,342,326
2.76,2.61,-9.61,-0.41,-0.04,0.01,321,303,313,342,325
2.48,2.03,-9.14,-0.42,0.02,0.08,322,303,312,342,325
2.37,2.84,-8.84,-0.44,0.02,-0.02,321,303,311,342,325
2.31,3.75,-8.88,-0.39,-0.06,-0.23,321,303,310,342,325
2.22,3.92,-8.39,-0.50,-0.07,-0.06,321,303,310,341,326
1.87,4.40,-8.19,-0.46,-0.06,-0.23,321,303,309,341,325
2.26,5.40,-8.05,-0.48,-0.15,-0.23,321,303,308,341,325
2.38,5.33,-7.66,-0.56,-0.04,-0.12,320,303,308,341,325
1.59,6.92,-7.81,-0.38,0.10,-0.11,321,302,307,341,325
1.57,7.83,-7.51,-0.41,-0.04,-0.19,321,302,306,341,326
1.73,6.86,-7.24,-0.49,-0.02,-0.09,321,303,306,340,325
1.82,7.83,-6.93,-0.35,-0.02,-0.14,320,302,305,340,325
1.39,7.44,-6.30,-0.37,-0.00,-0.10,320,302,305,340,326
1.82,7.87,-5.90,-0.42,-0.08,-0.19,321,302,305,340,326
1.62,8.46,-5.63,-0.33,-0.04,-0.01,321,302,305,340,326
1.43,8.66,-5.32,-0.36,-0.09,-0.09,321,302,305,340,326
0.93,8.56,-4.89,-0.37,-0.03,-0.07,321,302,305,340,326
1.87,9.22,-4.64,-0.33,-0.08,-0.03,321,302,305,340,326
1.09,9.10,-4.47,-0.32,0.02,-0.12,321,302,305,339,326
1.00,9.45,-4.05,-0.31,-0.03,-0.02,320,302,305,340,326
1.26,9.30,-3.60,-0.32,-0.03,-0.06,321,302,305,339,326
1.31,9.71,-3.28,-0.32,-0.08,-0.10,320,302,305,340,326
1.18,9.98,-2.96,-0.27,-0.05,-0.06,321,302,305,340,326
0.85,9.88,-2.84,-0.25,-0.03,-0.08,321,302,304,340,326
1.47,9.34,-2.33,-0.26,-0.13,-0.07,321,302,305,340,326
END
0.69,9.85,-1.87,-0.23,-0.01,-0.02,322,303,313,342,325
3.50,-1.95,-9.33,0.03,0.00,-0.08,322,303,313,342,325
3.41,-2.28,-9.04,0.02,0.00,-0.03,322,303,313,342,325
3.33,-2.28,-9.09,-0.04,-0.01,-0.05,322,303,313,342,325
3.56,-1.78,-9.14,-0.07,-0.02,-0.03,321,303,313,342,325
3.40,-2.05,-9.15,-0.05,0.05,0.08,322,303,313,342,325
3.40,-2.61,-8.73,-0.14,0.02,0.05,322,303,313,342,325
3.65,-2.10,-8.83,-0.26,-0.01,0.15,321,303,313,342,325
3.03,-1.22,-9.01,-0.35,0.02,0.19,322,303,313,342,325
2.92,-1.14,-9.17,-0.39,-0.03,0.10,322,303,313,342,325
2.78,-0.90,-9.20,-0.47,-0.11,-0.04,322,303,313,342,325
2.99,-0.43,-8.92,-0.47,-0.08,-0.04,322,303,313,342,325
2.95,0.78,-8.84,-0.53,0.07,0.12,322,303,312,342,325
2.91,1.87,-9.44,-0.51,-0.01,-0.12,322,303,311,342,325
2.48,2.13,-9.03,-0.57,-0.13,-0.22,321,303,311,341,325
2.93,2.68,-8.94,-0.53,-0.15,-0.30,322,303,310,341,325
2.20,3.26,-8.56,-0.53,-0.11,-0.26,321,303,310,340,325
2.53,3.96,-8.52,-0.51,-0.09,-0.18,321,303,309,341,325
1.96,4.42,-8.20,-0.54,0.03,-0.30,321,303,309,341,325
1.92,6.47,-8.18,-0.53,0.03,-0.05,321,303,308,341,325
2.02,5.92,-7.93,-0.51,0.06,-0.17,321,303,308,341,325
2.00,6.58,-7.47,-0.49,-0.03,-0.43,321,303,307,340,325
2.35,7.37,-7.14,-0.52,-0.09,-0.20,321,303,307,340,325
1.50,7.39,-6.70,-0.45,-0.04,-0.34,321,303,307,340,326
1.28,8.56,-6.64,-0.43,-0.10,-0.36,321,303,306,340,325
1.30,8.38,-6.26,-0.46,-0.12,-0.34,321,303,306,340,325
1.39,8.31,-5.71,-0.44,-0.10,-0.11,321,303,306,340,325
0.08,8.80,-5.43,-0.35,-0.02,-0.18,321,303,306,340,325
0.96,8.66,-4.70,-0.45,-0.08,0.04,321,302,305,340,325
0.45,9.43,-4.38,-0.37,-0.04,-0.16,321,302,305,340,326
0.46,9.18,-3.91,-0.43,-0.06,0.00,321,302,305,340,326
0.05,9.79,-3.59,-0.37,-0.07,-0.14,321,302,306,340,327
0.59,9.97,-3.34,-0.36,-0.13,-0.09,322,302,305,340,326
-0.09,10.42,-3.32,-0.27,-0.04,-0.07,321,303,306,339,326
0.26,10.24,-2.89,-0.24,-0.06,-0.02,321,302,305,340,326
0.22,9.64,-2.35,-0.21,-0.03,0.01,321,303,306,340,326
END
0.22,9.76,-1.95,-0.24,-0.06,-0.07,322,303,316,344,325
3.12,-1.87,-9.23,0.04,0.01,-0.02,322,303,316,344,325
3.29,-1.77,-9.32,0.04,-0.01,-0.04,322,303,316,344,325
3.19,-1.87,-9.29,0.03,0.01,-0.01,323,303,316,344,325
3.25,-1.73,-9.17,0.03,0.00,-0.02,322,303,316,344,325
3.23,-1.92,-9.41,0.05,-0.01,-0.06,322,303,316,344,325
3.27,-2.13,-9.39,0.03,0.02,-0.02,322,303,316,344,325
2.89,-2.65,-8.77,-0.00,0.01,-0.04,322,303,316,344,325
3.69,-2.95,-8.38,-0.15,-0.02,-0.09,322,303,316,344,326
3.60,-2.44,-8.65,-0.31,-0.08,0.01,322,304,316,344,325
3.55,-2.07,-8.78,-0.44,-0.12,0.04,323,303,316,344,325
2.77,-1.09,-8.85,-0.56,-0.18,0.04,322,303,316,343,325
2.46,-0.33,-8.69,-0.69,-0.20,0.00,322,303,316,343,325
2.03,0.80,-8.98,-0.70,-0.08,-0.10,322,303,314,343,325
2.66,2.16,-9.23,-0.73,-0.19,-0.07,322,303,313,343,325
2.31,2.84,-8.71,-0.70,-0.17,-0.14,322,303,312,342,325
1.92,4.27,-9.30,-0.58,-0.15,-0.09,322,303,310,341,325
1.48,4.46,-8.44,-0.66,-0.15,-0.14,322,303,310,342,325
1.79,5.43,-8.71,-0.61,-0.13,-0.16,322,303,309,341,325
1.47,5.61,-8.47,-0.50,-0.01,-0.13,321,303,308,341,325
0.76,6.53,-7.92,-0.52,0.01,-0.05,321,303,308,341,326
2.03,7.25,-7.99,-0.38,-0.12,-0.29,321,303,307,340,325
0.62,7.26,-7.46,-0.45,-0.03,-0.03,321,303,307,340,325
1.55,8.04,-7.33,-0.34,-0.09,-0.13,321,302,306,340,325
0.42,6.91,-6.98,-0.31,0.02,-0.04,321,302,306,340,325
1.25,7.79,-6.51,-0.30,-0.02,-0.09,321,303,306,340,325
0.76,6.97,-6.18,-0.34,0.02,0.00,321,303,306,340,326
1.10,7.87,-5.64,-0.36,-0.04,-0.14,321,303,306,340,325
0.57,7.74,-5.26,-0.40,-0.02,-0.12,321,302,306,340,325
1.34,9.04,-5.03,-0.42,-0.11,-0.18,321,303,306,340,326
0.47,9.30,-4.76,-0.34,-0.00,-0.25,321,303,306,340,326
0.44,9.16,-4.30,-0.41,-0.02,-0.05,321,303,305,340,326
0.60,9.25,-3.89,-0.39,-0.02,-0.07,321,302,306,340,326
0.39,9.37,-3.47,-0.43,-0.05,-0.21,321,302,306,340,326
0.54,9.86,-2.97,-0.42,-0.10,0.00,321,302,306,339,326
0.04,10.24,-2.64,-0.39,-0.07,-0.13,320,302,306,340,326
END
0.92,10.36,-2.13,-0.32,-0.08,-0.04,322,303,315,344,325
3.13,-2.07,-9.25,-0.01,-0.01,-0.04,322,303,316,344,325
3.00,-2.12,-8.94,-0.02,-0.01,-0.06,322,303,315,343,325
3.38,-2.40,-9.11,-0.08,-0.01,-0.06,322,303,315,343,325
3.36,-2.22,-8.93,-0.19,-0.03,0.01,322,303,315,344,325
3.11,-1.87,-9.10,-0.27,-0.07,0.02,322,303,315,344,325
2.46,-1.96,-8.80,-0.33,-0.09,-0.01,322,303,314,343,325
2.89,-0.97,-9.12,-0.46,-0.08,0.02,322,303,314,343,325
2.86,-0.69,-9.16,-0.46,-0.05,0.04,322,303,315,343,325
2.56,0.47,-9.32,-0.47,0.09,0.37,322,303,314,343,325
2.83,1.27,-9.53,-0.41,0.09,0.16,322,303,314,343,325
2.66,0.98,-9.39,-0.46,-0.01,-0.04,322,303,313,343,325
2.95,2.15,-9.23,-0.52,-0.03,-0.14,322,303,313,343,325
2.62,2.44,-9.09,-0.46,-0.10,-0.18,322,303,313,343,325
2.64,3.23,-8.98,-0.47,-0.11,-0.28,322,303,312,342,326
2.15,3.52,-8.76,-0.48,-0.14,-0.33,322,303,311,342,325
2.31,4.29,-8.66,-0.52,-0.16,-0.23,322,303,310,341,325
1.92,4.59,-8.29,-0.50,-0.09,-0.19,321,303,309,341,325
1.94,5.45,-8.08,-0.41,-0.04,-0.18,322,303,309,340,325
1.46,6.27,-8.05,-0.45,-0.03,-0.22,321,303,308,341,325
1.88,6.04,-7.54,-0.49,-0.10,-0.20,321,303,307,341,325
1.10,7.21,-7.48,-0.42,-0.03,-0.33,321,303,307,341,325
1.31,7.16,-6.81,-0.48,-0.06,-0.16,321,303,307,340,325
1.00,8.03,-6.59,-0.44,-0.03,-0.15,321,303,306,341,325
0.82,7.72,-6.20,-0.48,-0.03,-0.11,321,303,306,340,325
1.11,8.38,-5.58,-0.46,-0.06,-0.21,321,303,306,340,325
0.19,8.01,-4.94,-0.51,-0.01,-0.08,321,303,306,340,326
0.55,9.30,-4.42,-0.46,-0.09,-0.31,321,302,306,340,325
-0.27,9.83,-4.18,-0.51,-0.14,-0.37,321,302,305,340,325
0.56,9.50,-3.63,-0.45,-0.18,-0.15,321,302,305,339,325
-1.23,10.25,-3.32,-0.41,-0.08,-0.34,321,302,305,339,326
-0.73,10.21,-2.70,-0.42,-0.15,0.05,321,302,304,339,326
-0.70,10.38,-2.48,-0.35,-0.09,-0.04,321,302,305,339,326
-1.24,9.82,-1.79,-0.31,-0.02,-0.01,321,302,304,339,326
-0.53,9.87,-1.57,-0.32,-0.09,0.06,320,302,305,339,326
-0.65,9.77,-1.00,-0.30,-0.03,0.03,321,302,304,339,326
END
-0.57,10.67,-0.83,-0.28,-0.04,-0.01,322,303,316,344,326
2.90,-2.60,-8.83,-0.02,0.00,-0.02,322,303,316,344,325
3.47,-2.65,-8.84,-0.12,-0.06,-0.12,322,305,316,343,325
3.31,-2.00,-9.20,-0.20,-0.06,-0.03,322,303,316,344,324
3.33,-1.34,-9.29,-0.24,-0.11,-0.07,322,303,316,343,325
2.86,-1.64,-9.25,-0.23,-0.10,-0.01,324,303,316,343,324
2.71,-1.44,-8.97,-0.33,-0.04,0.06,322,303,316,343,325
2.70,-0.98,-9.04,-0.39,-0.03,0.07,322,304,315,343,325
2.51,0.54,-9.58,-0.47,-0.02,0.10,322,303,315,343,325
2.76,0.90,-9.45,-0.43,-0.14,-0.20,322,303,314,343,325
2.49,1.30,-9.66,-0.43,-0.15,-0.13,323,303,314,342,325
2.15,1.28,-9.15,-0.45,-0.13,-0.12,322,303,313,342,324
1.99,2.70,-9.66,-0.37,-0.08,-0.20,322,303,313,342,325
2.24,2.73,-9.36,-0.45,-0.07,-0.01,322,303,312,342,325
2.05,3.12,-9.12,-0.34,-0.01,-0.09,322,303,311,342,325
2.00,4.03,-9.22,-0.29,-0.06,-0.19,322,303,311,342,325
1.74,3.80,-9.06,-0.34,-0.05,-0.17,322,303,311,342,325
2.20,4.64,-9.12,-0.30,-0.05,-0.09,322,303,310,342,325
1.22,4.81,-8.95,-0.22,0.05,-0.12,322,303,311,341,325
2.43,4.77,-8.48,-0.32,-0.03,-0.07,322,303,310,341,325
1.42,4.77,-8.41,-0.19,0.03,-0.18,322,303,310,341,325
1.64,4.92,-7.85,-0.40,-0.04,-0.04,321,303,310,341,325
2.54,6.17,-7.81,-0.35,-0.06,-0.18,321,303,309,341,325
1.11,5.54,-7.30,-0.31,0.09,0.02,322,303,309,341,325
1.62,6.75,-7.01,-0.44,0.00,-0.04,321,303,308,341,325
1.25,6.69,-6.76,-0.43,-0.01,-0.27,321,303,309,341,325
1.78,7.11,-6.14,-0.52,-0.04,-0.08,321,303,309,341,325
1.72,7.26,-5.53,-0.53,-0.01,-0.12,321,303,308,341,325
1.23,8.51,-5.23,-0.55,0.03,-0.04,321,303,308,340,325
1.44,9.22,-4.85,-0.46,-0.04,-0.18,321,303,307,341,325
0.78,9.04,-4.62,-0.54,-0.07,-0.27,321,303,307,341,326
1.38,9.50,-3.97,-0.53,-0.15,-0.17,321,303,307,340,326
0.57,10.11,-3.57,-0.49,-0.11,-0.23,321,303,307,341,326
1.03,9.46,-2.95,-0.51,-0.17,-0.04,321,302,307,340,325
-0.29,11.16,-2.56,-0.37,-0.13,-0.36,321,303,306,340,326
0.54,10.67,-2.02,-0.41,-0.12,0.14,321,302,306,339,326
END
-0.32,10.52,-1.88,-0.26,0.04,-0.03,322,303,316,344,325
3.41,-1.94,-9.26,0.04,-0.01,-0.06,322,303,316,344,325
3.33,-2.12,-8.99,0.02,-0.01,-0.05,322,303,316,344,325
3.40,-2.12,-9.12,0.01,-0.01,-0.06,322,303,316,344,325
3.45,-1.98,-9.32,-0.00,-0.02,-0.03,322,303,316,344,325
3.01,-2.50,-8.72,-0.03,-0.01,-0.02,322,303,316,344,325
3.21,-2.46,-8.66,-0.15,-0.05,-0.09,322,303,316,344,325
2.86,-1.84,-9.10,-0.27,-0.16,-0.27,322,303,316,344,325
3.43,-1.36,-9.11,-0.32,-0.33,-0.47,322,303,316,344,325
2.61,-0.82,-9.24,-0.35,-0.18,-0.11,322,303,315,344,325
2.67,-0.07,-9.10,-0.47,-0.18,-0.07,322,303,315,343,325
2.49,0.67,-9.62,-0.52,-0.20,-0.04,322,303,315,343,325
2.19,0.98,-9.22,-0.55,-0.14,0.14,322,303,313,343,325
1.67,2.67,-9.88,-0.38,-0.06,0.01,322,303,312,342,325
1.87,2.16,-9.52,-0.49,-0.11,0.13,322,303,312,342,325
2.09,3.34,-9.53,-0.38,-0.03,0.04,322,303,312,342,325
1.72,3.55,-9.51,-0.35,-0.02,0.05,322,303,311,342,325
1.63,3.22,-8.99,-0.39,-0.07,-0.06,322,303,311,342,325
1.63,4.23,-9.13,-0.32,0.01,-0.02,322,303,310,342,325
1.59,3.80,-8.46,-0.39,-0.02,-0.02,322,303,310,342,325
1.69,5.71,-9.02,-0.32,-0.05,-0.22,322,304,309,341,325
2.02,4.21,-8.08,-0.49,-0.09,0.01,322,303,309,341,325
1.51,5.61,-8.19,-0.35,-0.06,-0.25,322,303,309,341,325
1.26,5.84,-7.77,-0.47,-0.07,-0.07,321,303,309,341,325
1.69,6.82,-7.46,-0.37,-0.11,-0.26,321,303,308,341,325
0.62,5.89,-6.99,-0.49,-0.06,-0.11,321,303,307,341,325
1.10,7.04,-6.41,-0.48,-0.11,-0.08,321,303,307,341,326
0.80,8.55,-6.45,-0.45,-0.13,-0.37,321,303,306,341,325
-0.27,7.95,-5.64,-0.58,-0.09,-0.04,321,303,306,341,326
-0.01,9.21,-5.52,-0.45,-0.14,-0.55,321,303,305,340,326
0.14,8.84,-4.67,-0.59,-0.17,0.06,322,303,305,340,326
0.77,9.23,-4.37,-0.44,-0.06,-0.01,321,302,305,340,326
-1.00,9.50,-4.12,-0.41,-0.03,-0.30,321,303,305,340,326
0.44,9.73,-3.32,-0.53,-0.23,0.21,321,302,305,340,326
-0.45,10.14,-3.05,-0.31,-0.03,-0.28,321,302,305,340,326
-0.14,10.22,-2.68,-0.43,-0.10,0.15,321,302,305,340,326
END
-0.43,10.03,-2.17,-0.33,0.03,0.08,323,304,320,345,325
2.86,-1.68,-9.27,0.01,0.00,-0.06,323,304,320,345,325
3.21,-1.48,-9.50,0.00,-0.00,-0.05,323,304,319,345,325
3.09,-1.89,-9.17,-0.01,-0.03,-0.08,323,304,320,345,325
3.18,-2.18,-8.81,-0.11,-0.06,-0.12,323,304,320,345,325
3.17,-1.67,-9.05,-0.17,-0.10,-0.20,323,304,319,345,324
3.64,-1.80,-8.97,-0.25,-0.10,-0.10,323,304,319,345,325
3.09,-1.51,-8.85,-0.37,-0.12,0.05,323,304,319,345,325
2.84,-0.30,-9.26,-0.49,-0.21,0.01,323,304,318,344,325
2.48,0.54,-9.31,-0.53,-0.25,0.02,323,303,317,344,325
1.90,1.58,-9.69,-0.48,-0.24,-0.02,323,304,316,343,325
1.82,1.72,-9.50,-0.55,-0.21,0.16,323,304,316,343,325
1.54,2.36,-9.49,-0.39,-0.10,0.06,323,304,314,343,325
1.45,2.66,-9.35,-0.48,-0.10,0.13,322,304,313,343,325
1.46,3.37,-9.00,-0.50,-0.11,0.07,322,303,313,342,325
1.69,3.89,-8.83,-0.43,-0.07,-0.05,322,304,312,342,325
1.13,4.14,-8.56,-0.51,-0.10,-0.06,322,303,310,342,325
1.72,5.08,-8.59,-0.49,-0.09,-0.01,322,303,310,341,324
0.70,5.53,-8.48,-0.41,-0.04,-0.16,322,303,309,341,326
0.62,6.11,-8.14,-0.50,-0.07,-0.13,321,303,309,342,325
1.16,5.93,-7.77,-0.49,-0.07,-0.09,322,303,308,341,325
0.36,6.92,-7.44,-0.45,-0.00,-0.24,321,303,307,341,325
1.06,7.80,-7.17,-0.44,-0.07,-0.11,321,303,306,341,325
0.36,8.36,-7.10,-0.38,-0.01,-0.24,321,303,306,340,325
0.82,8.05,-6.65,-0.40,-0.02,-0.01,321,303,306,340,325
0.17,8.41,-6.40,-0.30,-0.02,-0.25,321,303,306,340,325
0.39,8.18,-5.91,-0.35,-0.10,-0.12,321,303,306,340,325
0.04,8.58,-5.63,-0.30,-0.07,-0.18,321,303,306,340,325
0.10,8.26,-5.05,-0.32,-0.05,-0.04,321,302,306,340,325
-0.10,9.24,-4.80,-0.31,-0.07,-0.14,321,302,306,340,326
0.10,9.30,-4.49,-0.32,-0.12,-0.10,321,302,305,340,325
-0.47,9.53,-4.29,-0.26,-0.06,-0.14,321,303,306,340,325
-0.04,9.38,-3.93,-0.29,-0.08,-0.00,321,303,305,340,325
-0.69,9.43,-3.47,-0.27,-0.01,-0.03,321,302,305,340,325
-0.07,9.33,-3.05,-0.33,-0.08,0.04,321,302,306,340,325
-0.45,9.99,-3.01,-0.28,-0.05,-0.10,321,303,305,340,325
END
0.27,9.48,-2.37,-0.31,-0.06,0.04,322,304,318,344,325
3.04,-1.79,-9.30,-0.03,-0.03,-0.13,322,304,318,344,325
2.97,-1.37,-9.82,-0.07,0.02,0.04,322,304,318,345,325
3.04,-1.59,-9.35,-0.02,-0.03,-0.05,322,304,318,344,325
3.35,-1.82,-9.06,-0.11,-0.07,-0.05,322,305,318,344,325
3.30,-1.77,-9.01,-0.16,-0.07,-0.03,322,304,318,344,325
3.00,-1.83,-9.02,-0.28,-0.08,0.04,322,304,317,344,325
3.14,-1.26,-9.01,-0.38,-0.16,0.02,323,304,317,344,325
1.98,-0.62,-8.95,-0.45,-0.11,0.26,322,304,317,344,325
2.46,0.98,-9.49,-0.41,-0.10,0.02,323,304,316,344,325
2.04,0.48,-9.75,-0.44,-0.08,0.07,323,304,316,343,325
2.84,0.62,-8.93,-0.56,-0.07,0.16,322,304,315,343,325
1.69,2.33,-9.50,-0.48,0.04,0.05,322,304,315,343,325
2.41,3.13,-8.94,-0.58,-0.11,0.02,323,303,313,343,325
2.04,3.49,-9.61,-0.49,-0.04,-0.17,322,303,314,343,325
2.29,3.92,-9.10,-0.51,-0.08,0.06,322,304,313,342,325
2.10,3.85,-8.55,-0.44,0.04,0.01,322,303,313,343,325
1.65,4.97,-8.76,-0.40,0.06,0.06,322,304,312,342,325
2.27,4.80,-8.20,-0.43,-0.04,-0.18,323,304,311,342,325
1.63,5.51,-8.31,-0.39,0.06,-0.12,322,303,311,342,326
2.03,5.93,-7.72,-0.45,-0.03,-0.10,322,303,311,342,325
1.67,6.29,-7.76,-0.35,0.06,-0.17,322,303,311,342,325
2.58,6.27,-7.18,-0.44,-0.07,0.04,322,303,311,342,325
1.23,6.75,-6.57,-0.34,0.12,0.04,322,303,311,342,325
2.84,7.97,-6.50,-0.35,0.03,-0.08,322,303,310,342,327
1.36,6.99,-6.21,-0.37,0.12,-0.07,322,303,310,341,325
2.96,8.37,-5.83,-0.43,-0.05,-0.15,322,303,310,341,324
1.50,7.17,-5.25,-0.51,0.04,-0.05,322,303,310,341,324
1.94,9.29,-4.69,-0.44,0.01,-0.16,322,303,309,341,325
2.04,9.32,-4.52,-0.45,0.01,-0.08,321,303,309,341,325
1.93,9.29,-4.29,-0.44,0.06,0.01,322,303,309,341,325
2.06,9.96,-4.06,-0.33,0.07,-0.00,322,303,309,341,325
1.81,9.55,-3.55,-0.30,0.00,-0.17,322,303,309,341,325
2.06,9.15,-3.06,-0.34,-0.07,-0.10,321,303,309,341,325
2.13,9.83,-2.73,-0.31,-0.05,-0.15,322,303,309,341,325
1.11,9.76,-2.42,-0.26,0.02,-0.05,321,303,309,341,325
END