3.35,-8.71,-8.71,0.06,-0.12,-0.13,336,419,440,496,321
2.47,-8.81,-8.81,0.07,0.05,-0.06,336,419,440,496,321
2.33,-8.87,-8.87,-0.17,0.02,0.12,336,419,439,496,321
1.87,-7.50,-7.50,-0.05,-0.00,-0.03,336,419,440,496,321
2.29,-8.38,-8.38,0.02,0.13,0.09,335,419,440,496,321
2.85,-8.08,-8.08,0.06,0.00,-0.05,335,418,440,496,321
0.93,-7.16,-7.16,0.39,0.11,-0.13,334,419,440,496,321
-0.89,-7.31,-7.31,0.99,0.52,-0.33,332,420,440,496,320
3.11,-7.22,-7.22,1.55,-0.06,-1.30,333,421,439,497,320
4.97,-6.55,-6.55,1.80,0.75,-0.71,334,421,440,499,321
5.71,-4.53,-4.53,2.36,0.26,-1.72,335,423,439,499,321
7.08,-2.71,-2.71,1.98,0.47,-0.81,338,422,440,500,321
7.62,-0.80,-0.80,1.46,0.57,-0.71,340,423,440,500,321
4.75,0.87,0.87,1.32,0.75,-0.69,341,424,441,500,321
7.46,-0.14,-0.14,0.21,1.04,-0.30,343,424,440,500,321
4.12,1.06,1.06,-0.22,1.87,0.35,343,425,440,499,321
3.52,0.88,0.88,0.53,0.72,-0.41,343,425,440,498,322
3.31,0.32,0.32,0.15,0.13,-0.27,343,426,439,498,322
3.36,0.44,0.44,0.07,-0.20,-0.22,342,426,439,498,321
2.92,0.29,0.29,-0.19,-0.02,0.06,342,425,439,498,322
2.36,0.29,0.29,-0.32,-0.03,0.17,342,426,439,498,322
2.51,-0.37,-0.37,0.02,-0.19,-0.07,342,425,439,497,322
3.04,0.11,0.11,-0.20,0.05,0.20,341,425,439,497,321
2.51,-0.53,-0.53,-0.11,-0.14,-0.01,340,425,439,497,322
3.11,-0.96,-0.96,-0.08,-0.02,0.04,340,425,439,497,321
2.30,-0.83,-0.83,-0.09,0.04,0.12,340,425,439,497,321
2.63,-1.31,-1.31,-0.00,-0.14,-0.09,340,425,438,497,321
3.99,-1.03,-1.03,-0.17,-0.04,0.08,340,425,439,497,321
2.20,-1.62,-1.62,-0.25,-0.06,0.14,340,425,439,497,322
3.11,-1.77,-1.77,-0.24,-0.17,0.03,339,424,439,497,321
3.80,-2.05,-2.05,-0.60,-0.03,0.28,339,424,439,496,321
3.32,-2.86,-2.86,-0.79,-0.07,0.25,339,424,439,497,321
4.34,-3.43,-3.43,-1.72,-0.14,0.62,339,423,439,496,321
4.16,-5.09,-5.09,-2.49,0.19,0.88,339,422,439,495,321
-0.77,-6.30,-6.30,-1.22,0.66,0.40,337,422,439,496,322
END
2.22,-7.21,-7.21,-0.55,-0.56,-0.55,343,416,436,491,322
3.65,-8.28,-8.28,-0.03,-0.02,-0.03,343,416,436,491,322
3.46,-8.26,-8.26,-0.00,-0.00,-0.02,343,416,436,491,322
2.39,-7.39,-7.39,0.03,-0.02,-0.05,343,416,436,491,322
3.23,-7.87,-7.87,0.04,0.10,0.03,343,415,436,490,322
1.86,-7.79,-7.79,0.21,0.15,-0.15,342,416,437,491,322
3.45,-9.31,-9.31,0.06,0.29,0.15,342,416,436,491,322
2.19,-8.33,-8.33,0.32,0.47,-0.11,338,416,436,492,322
2.15,-7.18,-7.18,0.74,0.44,-0.57,335,416,436,492,322
3.30,-7.40,-7.40,1.28,0.81,-0.25,334,415,437,494,321
5.52,-7.76,-7.76,0.30,-0.13,-0.09,335,415,438,495,321
6.76,-7.61,-7.61,1.64,0.55,-0.76,336,416,438,496,321
3.19,-6.00,-6.00,1.19,0.47,-0.14,337,417,438,496,321
5.25,-6.42,-6.42,0.63,0.00,-0.30,338,418,439,496,320
3.37,-5.31,-5.31,1.40,0.40,-0.59,339,420,439,496,320
5.52,-5.77,-5.77,0.54,0.28,-0.01,340,419,438,496,320
3.01,-4.68,-4.68,0.76,0.47,-0.53,340,421,439,495,320
6.07,-2.86,-2.86,1.00,0.13,-0.59,340,420,439,495,320
7.04,-1.84,-1.84,0.84,0.08,-0.83,341,420,438,495,320
7.06,-1.54,-1.54,0.34,0.80,0.13,343,420,438,495,320
5.35,-2.60,-2.60,0.14,0.13,-0.23,342,420,438,495,320
6.34,-1.44,-1.44,-0.07,0.05,-0.08,342,420,438,494,320
6.20,-2.05,-2.05,-0.15,0.03,0.08,341,420,438,494,321
5.59,-2.37,-2.37,0.02,0.02,-0.06,341,420,438,494,321
5.42,-2.20,-2.20,-0.02,0.03,0.01,341,420,437,494,321
5.66,-2.43,-2.43,0.05,-0.03,-0.05,340,420,438,494,320
5.65,-2.34,-2.34,-0.00,0.01,0.07,340,420,438,494,320
5.18,-2.92,-2.92,0.02,-0.04,0.00,340,419,437,494,320
5.18,-2.67,-2.67,0.02,0.07,0.05,340,420,438,494,320
5.33,-2.68,-2.68,-0.07,-0.04,0.01,340,420,437,494,320
5.01,-2.94,-2.94,0.02,0.05,0.03,339,419,437,494,320
5.13,-2.69,-2.69,-0.10,0.03,0.10,339,420,437,494,320
4.70,-3.01,-3.01,-0.06,-0.01,0.01,339,420,437,494,320
5.30,-3.10,-3.10,-0.05,-0.03,-0.00,339,419,437,494,320
5.57,-3.26,-3.26,-0.21,-0.02,0.14,339,419,437,493,320
END
5.02,-3.40,-3.40,-0.15,-0.06,0.14,337,416,437,490,321
3.76,-8.74,-8.74,0.09,-0.04,-0.12,337,416,436,490,321
3.23,-8.85,-8.85,-0.06,-0.13,0.08,337,416,436,490,321
3.81,-9.00,-9.00,-0.39,-0.37,-0.20,337,416,436,489,321
2.43,-7.98,-7.98,0.02,0.03,0.07,336,416,436,489,320
2.01,-7.70,-7.70,-0.11,-0.03,-0.01,336,416,436,489,321
2.14,-8.00,-8.00,0.05,0.13,0.08,336,416,436,489,321
0.85,-7.50,-7.50,0.37,0.39,0.10,336,416,436,490,320
1.05,-7.35,-7.35,0.64,0.67,-0.07,336,416,436,491,320
1.29,-8.01,-8.01,0.91,0.52,-0.08,336,415,437,493,321
2.80,-8.55,-8.55,1.33,0.89,-0.42,336,415,437,493,324
5.99,-8.99,-8.99,0.91,0.20,-0.43,336,414,437,495,325
4.67,-8.08,-8.08,0.61,0.29,-0.11,336,415,437,495,325
4.59,-7.65,-7.65,0.38,0.29,0.04,336,415,437,495,325
2.60,-6.44,-6.44,0.51,0.19,0.02,335,415,438,495,325
5.46,-7.14,-7.14,0.80,-0.02,-0.37,335,415,437,494,324
3.08,-6.92,-6.92,0.88,0.36,-0.17,335,415,437,495,324
2.31,-6.66,-6.66,0.63,0.27,-0.15,334,416,438,495,324
4.06,-6.95,-6.95,0.45,0.15,-0.38,335,417,437,494,324
0.09,-5.28,-5.28,0.92,0.65,-0.16,335,417,438,494,324
5.55,-4.54,-4.54,0.50,0.05,-0.52,335,417,437,493,323
4.36,-3.83,-3.83,0.72,0.58,-0.25,335,416,437,493,323
4.52,-3.83,-3.83,0.30,0.17,-0.19,335,416,437,493,323
5.08,-4.01,-4.01,0.15,0.01,-0.21,335,416,437,493,323
3.83,-3.70,-3.70,-0.01,0.07,-0.03,335,416,437,493,323
4.53,-3.85,-3.85,0.17,0.14,0.02,335,417,437,493,323
3.36,-4.13,-4.13,-0.11,0.01,0.05,335,417,436,493,323
3.73,-3.80,-3.80,0.07,-0.03,-0.07,335,417,436,492,323
3.99,-3.83,-3.83,-0.02,0.00,-0.02,335,416,436,493,323
3.68,-3.92,-3.92,0.05,-0.04,-0.05,335,417,436,493,323
3.70,-4.03,-4.03,0.03,0.03,0.00,335,417,436,493,323
3.57,-4.05,-4.05,-0.00,-0.05,-0.04,335,417,437,492,323
3.61,-4.01,-4.01,0.04,0.08,0.03,335,417,436,493,323
3.55,-4.08,-4.08,0.01,-0.04,-0.03,334,417,436,492,322
3.65,-4.05,-4.05,0.05,0.04,-0.01,334,417,436,492,322
END
3.63,-4.13,-4.13,-0.05,0.03,0.03,331,415,434,490,320
3.59,-8.80,-8.80,0.10,-0.00,-0.05,331,415,435,490,320
3.82,-8.94,-8.94,0.00,-0.03,-0.01,331,415,435,490,320
3.34,-8.96,-8.96,-0.05,-0.06,-0.05,331,415,435,490,320
3.29,-8.99,-8.99,-0.16,-0.06,0.04,331,415,434,490,320
3.21,-8.80,-8.80,-0.08,-0.08,0.02,331,416,435,490,320
3.01,-9.21,-9.21,-0.08,-0.09,0.03,332,416,435,490,320
3.08,-9.78,-9.78,-0.24,-0.12,0.20,333,416,435,490,320
1.39,-8.59,-8.59,-0.16,-0.02,0.13,333,417,435,490,320
2.01,-8.28,-8.28,0.24,0.19,0.20,333,417,435,490,320
1.13,-7.64,-7.64,0.63,0.24,-0.14,333,417,436,491,320
1.44,-8.42,-8.42,1.19,0.20,-0.47,334,418,436,491,320
6.77,-8.70,-8.70,0.86,-0.06,-0.59,335,417,435,492,320
3.79,-7.97,-7.97,0.69,0.46,-0.08,335,417,436,492,320
4.68,-6.88,-6.88,0.96,-0.39,-0.89,335,417,436,492,320
3.59,-5.82,-5.82,0.53,0.66,0.19,335,417,437,492,320
5.30,-5.65,-5.65,0.61,-0.26,-0.56,334,418,436,492,320
6.25,-5.05,-5.05,0.82,-0.12,-0.58,335,418,436,492,320
4.19,-4.99,-4.99,0.57,0.40,-0.02,336,419,437,492,320
3.42,-4.44,-4.44,0.63,0.05,-0.35,338,420,437,492,320
6.73,-4.24,-4.24,0.74,-0.24,-0.89,341,421,436,492,320
4.66,-3.42,-3.42,0.13,0.58,-0.05,342,421,436,492,320
6.67,-2.90,-2.90,0.50,-0.16,-0.72,342,421,436,492,320
5.68,-2.81,-2.81,-0.03,0.43,-0.12,342,421,435,491,320
5.80,-2.53,-2.53,0.17,0.24,-0.27,342,421,436,491,320
6.02,-2.51,-2.51,-0.11,0.40,0.03,342,421,435,491,320
5.89,-2.54,-2.54,0.21,0.02,-0.32,342,421,435,491,320
5.88,-2.15,-2.15,0.06,0.29,0.07,341,420,435,491,320
5.92,-3.05,-3.05,-0.00,-0.12,-0.13,341,421,435,491,320
5.26,-2.63,-2.63,-0.02,0.09,0.08,341,421,435,491,320
5.24,-2.76,-2.76,-0.03,0.01,0.04,341,421,435,491,320
4.67,-2.73,-2.73,-0.01,0.01,0.04,340,421,435,491,320
5.13,-2.89,-2.89,0.03,-0.07,-0.06,340,421,435,490,320
4.59,-2.72,-2.72,-0.00,0.00,0.03,340,421,435,491,320
5.11,-2.94,-2.94,0.01,-0.05,-0.04,340,420,435,491,320
END
4.70,-3.04,-3.04,-0.01,0.02,0.03,335,416,433,488,319
3.24,-8.73,-8.73,-0.22,-0.04,0.02,335,416,433,488,319
3.08,-8.52,-8.52,-0.02,0.01,0.04,335,416,433,488,319
2.71,-8.62,-8.62,-0.09,-0.08,-0.02,335,416,433,488,319
1.88,-8.96,-8.96,0.08,0.11,0.01,335,416,433,489,319
2.33,-8.73,-8.73,0.06,0.11,-0.04,336,416,433,489,319
2.25,-8.87,-8.87,0.42,0.20,-0.09,335,416,433,489,319
1.11,-8.41,-8.41,0.93,0.28,-0.20,335,417,434,490,319
3.48,-9.10,-9.10,0.59,0.15,-0.37,335,417,434,490,319
8.66,-8.47,-8.47,0.99,-0.17,-0.87,335,417,433,490,319
2.65,-7.19,-7.19,0.70,0.71,0.29,335,417,434,490,319
7.31,-7.83,-7.83,0.26,-0.47,-0.46,335,417,433,490,320
3.08,-7.28,-7.28,0.62,0.63,0.04,335,418,435,490,320
5.30,-6.32,-6.32,0.60,-0.47,-0.75,335,417,434,490,320
3.46,-6.00,-6.00,0.37,0.39,0.04,336,418,434,490,320
5.47,-6.05,-6.05,0.48,-0.22,-0.49,337,418,434,490,320
2.87,-5.26,-5.26,0.60,0.80,0.10,337,419,435,490,320
6.16,-5.13,-5.13,0.61,-0.45,-0.78,339,419,434,490,320
3.29,-3.65,-3.65,1.13,0.37,-0.30,341,422,436,491,320
7.06,-4.44,-4.44,0.01,-0.04,-0.36,343,420,434,490,320
4.52,-2.86,-2.86,0.00,0.75,0.11,341,421,434,490,320
5.74,-4.06,-4.06,0.01,0.33,-0.24,341,420,434,489,320
5.54,-2.93,-2.93,0.10,0.35,-0.11,341,421,434,489,320
5.46,-3.22,-3.22,-0.02,-0.02,-0.23,341,421,434,489,320
5.25,-3.24,-3.24,0.10,0.10,-0.11,340,421,434,488,320
6.01,-3.50,-3.50,0.07,-0.04,-0.12,340,421,434,489,320
5.14,-3.56,-3.56,0.02,-0.04,0.04,339,421,434,489,320
5.18,-3.92,-3.92,0.00,-0.12,-0.03,339,421,434,489,320
5.14,-3.50,-3.50,0.02,-0.04,0.07,339,421,434,489,320
4.80,-3.73,-3.73,0.06,-0.06,-0.03,339,421,434,489,320
4.88,-3.52,-3.52,0.07,-0.09,-0.02,339,421,434,489,320
4.65,-3.73,-3.73,0.01,-0.05,0.01,338,421,433,489,320
5.07,-3.68,-3.68,-0.02,-0.06,0.00,338,421,433,488,320
5.23,-3.71,-3.71,0.01,0.00,0.01,338,421,434,488,320
6.38,-3.68,-3.68,-0.17,-0.14,0.11,337,421,434,488,320
END
6.60,-4.47,-4.47,-0.62,-0.26,0.24,334,417,433,486,320
2.73,-8.77,-8.77,0.07,0.04,0.04,334,418,433,486,320
2.76,-8.75,-8.75,-0.13,-0.09,-0.02,334,418,433,486,320
2.33,-8.59,-8.59,-0.03,-0.03,0.03,334,417,433,486,320
1.78,-8.41,-8.41,-0.20,-0.07,0.06,334,417,432,486,320
2.30,-8.56,-8.56,0.01,-0.03,0.03,334,417,432,486,320
-0.38,-7.24,-7.24,0.37,0.27,0.31,334,418,433,487,319
-0.01,-8.15,-8.15,1.87,0.80,-0.46,333,419,434,488,319
2.66,-7.47,-7.47,1.98,-0.06,-0.43,333,419,436,490,319
3.40,-7.16,-7.16,1.83,0.44,-0.70,334,419,436,489,319
3.25,-5.81,-5.81,0.86,0.18,-0.28,334,419,436,492,319
7.26,-5.99,-5.99,0.91,-0.12,-0.78,335,419,436,491,319
4.90,-3.48,-3.48,1.20,0.34,-0.58,334,419,437,493,319
6.74,-3.50,-3.50,1.07,0.36,-0.49,335,419,435,493,319
4.31,-2.91,-2.91,0.99,0.33,-0.49,335,418,435,495,319
4.44,-2.90,-2.90,0.51,-0.38,-0.34,335,418,435,495,319
5.12,-2.61,-2.61,-0.00,0.27,-0.01,335,417,434,494,319
4.21,-1.82,-1.82,0.29,0.05,-0.20,335,417,434,493,319
4.53,-1.54,-1.54,0.37,-0.20,-0.31,335,416,434,494,319
4.59,-0.87,-0.87,0.12,0.22,-0.08,335,416,434,494,319
4.31,-0.68,-0.68,0.50,-0.05,-0.35,335,416,434,494,319
5.33,-0.55,-0.55,0.62,-0.44,-0.41,335,416,433,494,319
5.66,0.14,0.14,0.10,0.22,-0.08,334,416,433,494,319
4.36,0.07,0.07,-0.03,0.13,-0.02,334,416,433,493,319
5.35,-0.50,-0.50,0.14,-0.09,-0.17,334,416,433,492,319
5.15,-0.23,-0.23,-0.02,0.01,-0.12,334,416,432,492,319
5.49,-0.06,-0.06,-0.12,-0.05,-0.05,334,415,432,491,319
5.21,-0.18,-0.18,-0.04,-0.05,-0.07,334,415,432,491,319
5.46,-0.27,-0.27,-0.10,-0.00,-0.02,334,415,432,491,319
4.95,-0.51,-0.51,-0.04,0.00,-0.02,334,415,432,490,319
5.13,-0.35,-0.35,-0.05,0.04,-0.02,334,415,432,490,320
5.13,-0.31,-0.31,-0.09,0.00,0.02,334,415,432,490,320
5.14,-0.78,-0.78,-0.08,0.01,0.04,334,415,432,490,319
5.78,-1.34,-1.34,-0.67,-0.17,0.11,334,415,432,489,320
6.63,-1.34,-1.34,-1.70,-0.03,0.73,334,414,432,488,319
END
4.74,-3.88,-3.88,-1.52,-0.03,0.56,332,413,432,484,320
3.05,-8.88,-8.88,0.02,0.10,0.04,332,413,432,484,319
2.81,-8.85,-8.85,-0.17,0.01,0.04,332,413,431,483,320
3.09,-8.63,-8.63,-0.09,0.06,0.02,331,413,431,483,320
3.01,-9.13,-9.13,-0.07,0.00,0.00,332,413,431,483,320
2.59,-8.87,-8.87,-0.04,0.03,0.05,332,413,431,484,319
1.05,-8.19,-8.19,0.22,0.11,0.11,331,413,431,485,319
2.59,-8.89,-8.89,1.21,0.49,0.07,331,413,432,486,319
2.53,-8.18,-8.18,1.75,0.12,-0.63,331,413,433,489,320
2.79,-7.47,-7.47,1.49,-0.19,-0.24,330,413,433,491,321
5.11,-7.06,-7.06,1.08,0.36,-0.05,329,413,434,491,322
4.11,-6.63,-6.63,1.17,0.19,-0.52,330,414,434,491,323
5.21,-5.37,-5.37,1.28,0.09,-0.37,330,413,434,492,323
4.37,-5.59,-5.59,0.29,0.18,-0.00,330,412,434,491,322
3.98,-4.66,-4.66,0.57,0.19,-0.24,330,413,434,492,322
3.87,-4.18,-4.18,0.43,-0.01,-0.18,330,412,433,492,322
4.47,-4.52,-4.52,0.60,-0.00,-0.40,331,413,433,492,322
4.54,-3.10,-3.10,0.53,0.26,-0.27,332,413,433,492,322
4.85,-2.30,-2.30,0.80,-0.24,-0.62,333,413,432,491,323
4.31,-1.56,-1.56,0.45,0.34,-0.27,334,413,432,491,322
4.24,-1.15,-1.15,0.55,-0.05,-0.33,334,412,431,491,322
5.18,-0.64,-0.64,0.30,0.49,-0.03,334,412,431,490,321
3.84,-0.17,-0.17,0.28,0.31,-0.09,334,412,431,490,321
3.78,-0.66,-0.66,0.37,0.30,-0.12,334,412,431,490,321
4.90,-0.68,-0.68,0.08,0.33,-0.07,334,411,430,489,321
3.10,-0.55,-0.55,-0.09,0.17,0.00,333,411,431,489,321
4.23,-0.43,-0.43,0.10,-0.43,-0.22,333,410,430,488,321
4.12,-0.45,-0.45,-0.19,0.14,0.13,333,410,430,488,321
3.71,-0.69,-0.69,-0.07,-0.18,-0.02,333,410,430,488,321
3.80,-0.92,-0.92,-0.21,-0.03,0.13,333,410,430,488,321
3.89,-1.42,-1.42,-0.25,-0.08,0.08,333,410,430,488,321
4.38,-1.54,-1.54,-0.11,-0.07,0.03,332,410,430,487,321
3.82,-1.85,-1.85,-0.26,-0.06,0.12,332,410,430,487,321
4.02,-2.51,-2.51,-0.09,-0.09,-0.00,332,410,430,487,320
3.68,-2.03,-2.03,-0.19,-0.13,0.08,332,410,430,486,320
END
4.88,-3.17,-3.17,-0.39,-0.25,0.04,328,412,429,482,320
3.50,-8.88,-8.88,-0.03,-0.00,-0.02,328,412,429,482,319
3.93,-9.01,-9.01,-0.15,0.01,0.14,328,412,429,482,320
3.52,-8.90,-8.90,-0.26,-0.09,0.02,328,412,429,482,319
3.65,-8.57,-8.57,-0.10,0.01,0.12,329,412,429,482,319
2.82,-8.36,-8.36,-0.24,-0.08,0.08,328,412,429,482,319
2.16,-8.74,-8.74,0.16,0.10,0.04,328,412,430,482,319
1.55,-9.01,-9.01,0.78,0.32,-0.03,328,412,430,484,319
3.24,-8.63,-8.63,1.68,0.19,-0.36,328,412,432,485,319
1.44,-7.10,-7.10,1.40,0.10,-0.06,328,414,434,487,319
5.46,-6.76,-6.76,1.04,-0.25,-0.32,328,414,433,488,319
4.52,-6.07,-6.07,0.77,-0.10,-0.22,328,414,433,488,319
3.63,-6.39,-6.39,0.28,0.10,0.04,329,414,433,488,319
3.19,-5.81,-5.81,0.53,0.02,-0.33,329,415,433,488,319
4.64,-5.62,-5.62,0.40,0.02,-0.17,329,414,432,487,319
3.10,-5.11,-5.11,0.76,0.46,-0.25,330,414,433,488,319
2.88,-4.11,-4.11,0.17,0.27,-0.00,331,414,433,488,320
3.30,-3.68,-3.68,0.42,0.31,-0.15,331,414,433,489,324
2.58,-3.34,-3.34,0.14,0.27,0.13,331,414,433,488,324
2.92,-3.51,-3.51,0.41,0.15,-0.14,331,414,433,488,322
2.56,-3.04,-3.04,0.49,0.20,-0.07,330,414,432,488,321
2.38,-3.07,-3.07,0.58,0.28,-0.12,330,413,432,487,320
3.83,-2.62,-2.62,0.68,-0.32,-0.51,330,413,432,487,319
3.77,-2.20,-2.20,0.06,0.36,0.13,329,414,432,487,319
3.18,-2.42,-2.42,0.13,0.04,-0.11,329,414,432,487,319
3.25,-2.25,-2.25,0.09,-0.06,-0.06,329,413,432,487,319
2.56,-2.12,-2.12,-0.03,0.01,-0.03,329,414,432,487,319
3.00,-2.11,-2.11,-0.01,-0.19,-0.10,329,414,432,487,319
3.14,-2.00,-2.00,-0.04,0.01,-0.00,329,414,432,487,319
2.77,-1.99,-1.99,0.03,-0.12,-0.07,330,414,432,487,319
3.03,-2.27,-2.27,0.00,-0.04,-0.03,329,414,432,487,319
3.17,-2.40,-2.40,-0.08,-0.12,-0.06,329,414,432,486,319
3.86,-2.33,-2.33,-0.05,0.06,0.04,329,414,431,486,319
3.02,-2.41,-2.41,-0.03,-0.06,-0.03,329,414,431,486,319
3.29,-2.71,-2.71,0.01,-0.08,-0.06,329,414,431,486,319
END
3.17,-2.52,-2.52,0.01,0.03,-0.02,327,410,428,479,318
5.07,-8.64,-8.64,0.08,-0.27,0.16,328,410,428,479,318
3.15,-7.79,-7.79,0.21,-0.28,-0.00,328,410,428,480,318
3.56,-8.48,-8.48,0.13,-0.19,0.11,328,410,428,480,318
3.71,-8.46,-8.46,0.28,-0.10,-0.03,327,410,428,480,318
3.07,-8.94,-8.94,-0.06,-0.13,0.03,328,410,428,480,318
3.14,-8.83,-8.83,0.04,0.08,0.02,328,410,428,480,318
3.97,-9.54,-9.54,-0.12,0.10,0.03,327,410,428,480,318
4.19,-9.32,-9.32,0.23,0.26,-0.02,328,410,428,480,318
3.98,-8.84,-8.84,0.08,0.07,0.05,328,409,428,480,318
3.48,-8.48,-8.48,0.36,0.12,-0.21,328,409,428,481,318
1.56,-7.40,-7.40,0.34,0.28,0.17,327,409,429,482,318
3.73,-7.75,-7.75,0.35,0.04,-0.15,327,409,429,483,318
5.79,-7.80,-7.80,0.80,0.17,-0.39,328,409,429,483,318
3.02,-7.13,-7.13,0.50,0.35,0.27,328,409,430,484,318
4.67,-7.02,-7.02,0.53,-0.61,-0.62,328,410,430,484,318
3.94,-7.02,-7.02,0.56,0.07,-0.11,328,410,430,484,318
3.72,-6.19,-6.19,0.51,-0.08,-0.27,328,410,430,484,318
4.49,-5.99,-5.99,0.48,-0.42,-0.48,329,410,429,483,318
5.15,-5.57,-5.57,0.50,0.14,-0.23,328,411,430,483,318
4.61,-5.41,-5.41,0.27,0.17,-0.18,329,410,430,483,318
4.89,-4.68,-4.68,0.35,0.28,-0.24,329,411,429,483,318
4.62,-4.26,-4.26,0.29,-0.09,-0.44,329,411,430,483,318
6.02,-3.52,-3.52,0.34,0.19,-0.30,329,411,430,483,318
5.76,-3.28,-3.28,0.41,0.01,-0.41,330,412,430,483,319
6.11,-2.93,-2.93,0.33,0.28,-0.17,330,412,430,484,319
4.72,-2.83,-2.83,0.45,0.15,-0.24,330,412,430,484,319
6.35,-1.88,-1.88,0.63,-0.07,-0.47,330,411,430,485,319
5.83,-1.35,-1.35,0.43,0.15,-0.24,330,411,430,485,319
4.90,-1.16,-1.16,0.20,0.31,0.00,330,411,430,486,319
4.90,-1.28,-1.28,0.12,-0.02,-0.16,330,411,430,485,319
5.57,-0.85,-0.85,0.04,0.12,-0.03,330,411,430,485,319
5.15,-0.88,-0.88,-0.06,0.05,-0.02,330,411,430,484,319
5.24,-1.18,-1.18,0.11,0.01,-0.09,330,410,429,484,319
5.05,-0.96,-0.96,-0.00,0.06,-0.01,330,410,429,484,319
END
4.92,-1.11,-1.11,0.03,0.06,-0.00,329,409,427,479,318
3.75,-8.69,-8.69,0.01,0.11,0.03,329,409,427,479,318
3.80,-8.54,-8.54,-0.17,0.02,0.06,329,409,427,479,318
3.73,-8.55,-8.55,0.02,0.13,-0.02,329,409,427,479,318
4.53,-8.76,-8.76,0.01,0.07,-0.10,329,409,427,479,318
4.01,-8.72,-8.72,-0.08,0.06,0.06,329,409,427,479,318
3.46,-8.46,-8.46,0.09,0.20,-0.10,329,409,427,480,318
3.24,-8.61,-8.61,0.26,0.33,-0.09,329,409,427,480,318
2.67,-8.74,-8.74,0.48,0.58,-0.04,330,410,428,483,319
2.78,-8.25,-8.25,0.62,0.43,-0.11,330,410,429,484,320
2.20,-7.59,-7.59,0.73,0.47,-0.01,330,410,429,485,321
4.14,-7.79,-7.79,0.66,0.43,-0.05,330,410,429,486,322
4.86,-6.45,-6.45,0.93,-0.05,-0.54,330,409,429,487,322
3.78,-6.22,-6.22,0.42,0.22,-0.09,330,409,429,486,322
4.32,-5.64,-5.64,0.38,0.39,0.13,330,409,429,486,321
2.12,-4.81,-4.81,0.51,-0.02,-0.10,331,409,429,486,321
3.74,-4.53,-4.53,0.88,0.30,-0.05,331,408,430,488,321
2.14,-4.19,-4.19,0.92,-0.00,-0.28,330,408,431,489,321
3.58,-3.40,-3.40,0.72,0.09,-0.23,330,408,431,487,320
2.10,-2.64,-2.64,0.41,0.13,-0.02,330,408,431,487,320
3.50,-2.70,-2.70,0.46,0.05,-0.24,331,408,430,487,320
3.31,-2.04,-2.04,0.26,0.15,-0.05,331,408,430,488,320
3.07,-1.88,-1.88,0.34,0.06,-0.13,331,407,430,487,319
2.79,-1.44,-1.44,0.66,0.09,-0.22,331,407,430,488,319
3.36,-0.69,-0.69,0.56,-0.08,-0.25,330,407,430,487,319
3.09,-0.20,-0.20,0.12,0.29,0.04,330,407,429,487,319
2.66,-0.67,-0.67,0.25,-0.02,-0.07,330,407,429,486,318
3.96,-0.10,-0.10,0.25,-0.10,-0.11,330,406,429,486,318
2.64,-0.01,-0.01,-0.04,-0.18,0.07,330,406,429,485,318
3.14,-0.04,-0.04,-0.01,-0.26,-0.03,330,406,428,484,317
3.39,-0.71,-0.71,0.06,0.05,0.01,330,406,428,484,318
3.17,-0.35,-0.35,0.09,0.04,-0.03,330,406,428,484,318
3.47,-0.62,-0.62,-0.04,-0.05,-0.03,330,406,428,483,318
3.52,-0.53,-0.53,-0.01,0.01,-0.02,330,406,428,483,318
3.23,-0.50,-0.50,-0.06,-0.07,-0.03,330,406,428,483,318
END
3.69,-0.46,-0.46,-0.08,-0.04,-0.00,328,411,426,475,319
3.24,-8.28,-8.28,0.09,-0.04,-0.05,329,411,426,476,319
3.19,-8.69,-8.69,0.29,0.05,-0.07,329,411,427,476,319
2.61,-8.79,-8.79,0.44,0.19,-0.12,329,409,427,478,319
4.05,-9.59,-9.59,0.66,0.28,-0.17,328,410,427,479,319
4.20,-9.20,-9.20,-0.25,-0.10,0.13,329,410,426,479,319
3.14,-8.36,-8.36,0.14,0.06,-0.11,329,410,427,480,319
2.43,-8.10,-8.10,0.49,0.16,-0.14,329,409,427,480,319
3.00,-9.00,-9.00,0.74,0.29,-0.25,328,408,427,481,319
4.06,-7.31,-7.31,0.67,0.35,-0.12,327,405,429,483,320
2.83,-7.09,-7.09,1.09,0.85,-0.04,327,405,429,483,321
5.09,-7.14,-7.14,1.22,0.21,-0.31,328,404,429,485,321
4.34,-7.09,-7.09,0.68,0.16,-0.10,329,405,429,485,321
3.62,-6.14,-6.14,0.67,0.06,-0.05,330,406,429,486,322
3.53,-5.89,-5.89,0.53,-0.26,-0.29,330,406,429,484,322
2.52,-4.34,-4.34,1.08,0.04,-0.36,330,406,429,484,323
6.29,-4.23,-4.23,0.80,-0.32,-0.57,330,405,427,483,321
3.92,-2.81,-2.81,0.69,0.56,-0.06,331,406,428,484,321
3.89,-2.89,-2.89,0.59,-0.20,-0.36,331,406,428,484,321
5.34,-2.76,-2.76,0.54,0.12,-0.18,331,405,427,484,321
4.44,-2.47,-2.47,0.07,-0.24,-0.27,331,405,426,482,321
5.14,-1.77,-1.77,0.25,0.15,-0.14,331,405,426,482,320
3.98,-1.75,-1.75,0.18,-0.01,-0.21,331,405,427,482,320
4.41,-1.39,-1.39,0.16,-0.04,-0.25,330,405,426,482,320
4.10,-0.72,-0.72,0.32,0.25,-0.20,330,405,426,482,320
4.61,-0.57,-0.57,0.30,-0.07,-0.33,330,405,426,482,320
4.87,0.38,0.38,0.19,0.27,-0.20,330,405,426,481,320
4.82,0.67,0.67,0.29,0.02,-0.27,330,405,426,482,320
4.69,0.49,0.49,0.16,0.20,-0.09,330,405,426,482,320
3.90,0.61,0.61,-0.02,0.15,-0.05,330,405,426,481,320
4.19,0.60,0.60,0.15,-0.02,-0.10,330,405,426,481,320
4.42,0.68,0.68,-0.02,0.11,-0.02,330,405,426,480,319
3.80,0.33,0.33,0.01,0.03,-0.03,330,405,426,480,319
3.98,0.55,0.55,-0.01,-0.07,-0.03,330,405,426,480,319
4.06,0.53,0.53,-0.04,-0.00,-0.02,330,405,425,479,319
END
3.88,0.17,0.17,0.06,0.00,-0.07,329,406,424,474,318
4.87,-8.27,-8.27,0.02,-0.03,-0.05,328,406,424,474,319
4.60,-8.89,-8.89,-0.06,0.04,0.02,329,406,424,475,318
4.05,-9.10,-9.10,0.15,0.13,-0.09,329,406,424,475,318
5.29,-9.17,-9.17,-0.26,-0.01,0.03,329,406,424,475,318
3.82,-9.04,-9.04,-0.15,0.20,0.13,329,406,424,474,318
2.66,-7.97,-7.97,0.00,0.39,0.10,329,406,424,475,318
2.02,-7.92,-7.92,0.53,0.64,-0.10,329,406,424,476,318
1.57,-7.65,-7.65,0.91,0.44,-0.36,329,406,425,478,318
4.88,-7.32,-7.32,1.87,0.87,-0.46,329,405,425,479,319
4.11,-5.78,-5.78,0.76,0.32,-0.23,329,406,427,481,320
4.28,-4.72,-4.72,1.23,0.63,-0.23,329,406,427,480,319
3.52,-3.93,-3.93,0.59,0.11,-0.14,329,406,426,479,320
4.85,-4.16,-4.16,0.56,0.13,-0.21,329,406,426,478,319
3.58,-3.52,-3.52,0.33,0.20,0.02,328,406,426,478,319
3.29,-3.94,-3.94,0.27,0.12,-0.14,329,406,426,478,319
3.01,-3.47,-3.47,0.36,0.28,-0.05,329,406,426,478,319
2.59,-3.45,-3.45,0.22,0.34,0.01,329,407,426,478,319
3.08,-3.07,-3.07,0.32,0.33,-0.11,329,407,426,478,319
2.25,-2.69,-2.69,0.27,0.26,-0.19,329,406,426,478,319
2.99,-2.19,-2.19,0.33,0.30,-0.23,329,406,426,478,319
2.02,-1.52,-1.52,0.40,0.22,-0.28,329,406,426,478,319
2.18,-0.85,-0.85,0.66,0.12,-0.36,329,406,426,478,318
2.91,-0.56,-0.56,0.57,0.23,-0.30,329,406,426,478,318
2.22,-0.09,-0.09,0.13,0.04,-0.11,329,406,425,478,318
2.71,-0.65,-0.65,0.24,-0.21,-0.18,329,406,426,478,318
2.57,-0.27,-0.27,0.02,0.06,0.03,329,406,426,478,318
2.20,-0.24,-0.24,0.02,-0.08,-0.04,329,406,426,478,318
2.24,-0.16,-0.16,0.03,-0.06,-0.04,329,406,425,477,318
1.95,-0.23,-0.23,0.11,-0.03,-0.06,329,406,426,477,318
2.75,0.06,0.06,0.12,-0.19,-0.16,329,406,425,477,318
2.69,0.11,0.11,-0.01,0.13,0.02,328,406,425,477,318
2.43,-0.20,-0.20,0.06,-0.03,-0.08,329,406,425,477,318
2.61,0.03,0.03,0.03,0.02,-0.04,329,406,425,477,318
2.63,-0.09,-0.09,0.02,-0.02,-0.07,329,406,425,477,318
END
2.51,0.19,0.19,0.02,-0.01,-0.03,332,407,423,468,318
3.20,-8.29,-8.29,-0.00,-0.03,-0.06,332,407,423,468,318
3.73,-8.32,-8.32,0.07,0.09,-0.01,332,407,423,468,318
4.49,-8.28,-8.28,0.03,-0.02,-0.04,332,407,423,468,318
3.32,-7.84,-7.84,0.13,0.06,-0.02,331,407,423,468,318
4.02,-8.03,-8.03,0.08,-0.06,-0.12,331,406,423,468,318
3.35,-8.37,-8.37,0.27,0.18,-0.08,332,407,423,469,318
3.63,-9.09,-9.09,0.51,0.30,-0.14,331,407,424,470,318
4.12,-8.85,-8.85,0.48,0.40,0.12,331,407,424,472,317
2.81,-7.93,-7.93,0.72,0.22,-0.08,331,408,425,474,315
5.17,-8.54,-8.54,0.43,0.03,-0.02,331,408,426,478,317
4.45,-8.33,-8.33,0.66,0.11,-0.26,331,409,426,478,317
4.47,-8.14,-8.14,0.65,0.22,0.11,331,409,427,479,317
4.36,-8.03,-8.03,0.64,0.12,-0.11,331,409,427,479,317
2.67,-7.77,-7.77,0.55,0.39,0.33,331,409,427,479,317
2.94,-8.16,-8.16,0.34,0.19,0.12,332,409,427,478,317
2.66,-7.44,-7.44,0.54,0.13,-0.06,332,409,427,478,317
2.78,-6.98,-6.98,0.76,0.18,-0.14,332,409,427,477,317
3.61,-7.09,-7.09,0.74,-0.20,-0.55,331,409,427,477,317
2.76,-6.56,-6.56,0.88,0.51,-0.00,332,409,427,477,316
4.02,-5.80,-5.80,0.66,-0.39,-0.53,332,411,428,477,317
5.03,-5.88,-5.88,0.41,0.35,0.25,332,411,428,477,317
1.18,-5.25,-5.25,0.33,0.39,0.12,332,412,428,478,317
2.91,-4.61,-4.61,0.58,0.02,-0.38,332,411,428,478,317
4.10,-3.98,-3.98,0.45,-0.10,-0.32,332,411,428,478,317
3.47,-3.24,-3.24,0.57,-0.16,-0.41,332,411,428,477,317
6.11,-2.40,-2.40,0.71,-0.36,-0.68,332,411,427,477,317
4.72,-1.81,-1.81,0.21,0.44,0.10,331,411,427,477,317
3.29,-1.74,-1.74,0.66,0.22,-0.33,332,411,427,477,317
5.48,-1.26,-1.26,0.29,-0.19,-0.32,332,411,427,477,317
5.10,-1.01,-1.01,0.02,0.08,-0.00,331,410,427,477,317
4.38,-0.70,-0.70,-0.01,-0.06,-0.05,331,410,426,476,316
4.67,-1.25,-1.25,-0.02,-0.01,0.02,331,411,426,475,317
4.13,-1.46,-1.46,-0.01,0.03,-0.02,331,411,426,476,317
4.02,-1.28,-1.28,-0.01,-0.05,-0.06,331,410,426,476,317
END
4.34,-1.23,-1.23,-0.04,0.05,0.01,334,406,422,467,319
3.88,-8.33,-8.33,0.04,0.02,0.00,334,405,422,467,320
3.54,-8.49,-8.49,0.06,0.05,-0.07,334,405,421,467,320
4.08,-8.54,-8.54,-0.02,0.01,0.07,334,405,421,467,319
3.92,-7.87,-7.87,0.02,-0.06,-0.07,334,405,421,467,319
3.14,-8.07,-8.07,0.10,0.02,0.04,333,405,421,467,319
3.69,-8.56,-8.56,0.24,-0.02,-0.12,333,406,422,469,319
3.11,-8.08,-8.08,0.78,0.29,0.04,333,409,425,475,319
2.90,-8.57,-8.57,0.83,0.17,0.03,334,412,426,476,318
3.64,-8.46,-8.46,0.68,0.11,0.18,335,413,427,480,319
4.82,-8.79,-8.79,0.22,-0.15,-0.12,334,412,427,479,319
1.57,-7.97,-7.97,0.79,0.46,0.21,334,412,427,478,318
3.68,-8.48,-8.48,0.34,0.03,-0.02,334,412,427,477,318
4.55,-8.43,-8.43,0.44,0.16,-0.25,334,411,426,476,318
1.55,-7.16,-7.16,0.50,0.49,0.19,334,412,426,476,318
4.69,-8.13,-8.13,0.38,-0.04,-0.28,334,411,426,476,318
4.43,-7.43,-7.43,0.57,-0.06,-0.61,334,411,426,476,318
3.40,-6.14,-6.14,0.70,0.13,-0.32,334,411,426,476,318
6.45,-5.56,-5.56,0.55,-0.18,-0.45,334,410,425,476,318
4.06,-5.63,-5.63,0.94,0.21,-0.34,334,411,426,476,318
6.12,-5.37,-5.37,0.51,-0.13,-0.39,335,411,426,476,318
4.62,-5.06,-5.06,0.01,0.31,0.15,335,411,426,476,318
3.73,-4.24,-4.24,0.46,0.04,-0.37,335,411,426,476,318
7.06,-3.63,-3.63,0.42,-0.13,-0.55,334,411,426,475,318
4.38,-3.16,-3.16,0.49,0.46,-0.01,334,411,426,476,318
5.09,-3.24,-3.24,0.50,-0.06,-0.35,335,411,425,476,317
5.47,-2.67,-2.67,0.41,0.00,-0.25,335,411,426,476,318
5.57,-1.84,-1.84,0.34,0.38,0.07,334,411,426,476,318
5.38,-2.35,-2.35,0.13,-0.15,-0.28,335,411,426,476,318
6.06,-1.64,-1.64,0.26,0.19,-0.05,335,411,426,476,318
5.04,-1.41,-1.41,-0.00,-0.12,-0.06,335,411,426,475,317
5.44,-1.84,-1.84,0.20,0.04,-0.07,334,411,426,476,318
5.15,-1.73,-1.73,-0.04,-0.13,-0.01,334,411,426,475,318
5.17,-1.90,-1.90,0.04,0.00,0.02,334,411,426,475,318
4.62,-1.57,-1.57,0.09,-0.09,-0.07,334,411,425,475,318
END
5.22,-2.06,-2.06,0.02,-0.03,-0.03,332,408,422,468,318
3.00,-8.43,-8.43,-0.00,-0.02,0.01,332,408,422,468,318
3.52,-8.77,-8.77,-0.02,-0.08,-0.01,333,407,421,468,318
2.51,-8.95,-8.95,-0.08,-0.02,0.02,333,407,422,468,318
2.78,-8.54,-8.54,-0.03,0.02,-0.13,332,408,422,468,318
2.89,-8.82,-8.82,-0.27,-0.04,0.01,333,407,422,468,318
2.28,-8.32,-8.32,0.08,0.06,-0.04,332,407,422,468,318
2.37,-8.68,-8.68,0.06,0.08,0.17,332,408,422,469,318
2.71,-8.72,-8.72,0.38,0.12,-0.17,332,408,423,469,318
2.51,-8.29,-8.29,0.59,0.09,0.14,332,412,425,472,318
2.43,-8.43,-8.43,0.56,-0.06,-0.05,332,412,425,471,318
4.22,-8.16,-8.16,0.72,-0.20,-0.28,332,412,425,472,319
1.18,-7.78,-7.78,1.05,0.07,-0.27,332,414,426,473,319
4.44,-8.60,-8.60,0.36,-0.17,-0.15,332,413,425,473,319
3.86,-8.12,-8.12,0.56,-0.06,-0.34,332,414,426,473,318
4.24,-8.09,-8.09,0.49,0.06,-0.01,332,413,425,473,318
3.62,-7.71,-7.71,0.46,-0.21,-0.50,333,413,425,473,319
5.31,-7.03,-7.03,0.66,-0.08,-0.60,333,412,425,473,318
4.30,-6.75,-6.75,0.56,0.16,-0.26,334,412,426,474,318
4.39,-6.16,-6.16,0.88,0.17,-0.72,334,413,425,474,318
6.51,-5.84,-5.84,0.62,0.27,-0.51,335,412,425,475,318
5.08,-4.95,-4.95,0.41,0.40,-0.21,335,412,425,474,318
7.00,-4.03,-4.03,0.64,0.34,-0.45,335,412,425,474,318
5.22,-3.45,-3.45,0.30,0.22,-0.22,335,412,425,474,318
6.75,-3.07,-3.07,0.67,0.45,-0.28,335,411,425,474,318
4.94,-3.10,-3.10,0.49,0.30,-0.33,335,411,425,474,318
5.60,-2.33,-2.33,0.53,0.30,-0.32,335,411,425,474,317
6.00,-1.37,-1.37,0.38,0.34,-0.12,335,411,425,475,318
5.66,-1.96,-1.96,0.22,0.09,-0.23,335,411,425,475,318
5.19,-1.20,-1.20,0.14,0.03,-0.00,334,411,425,475,318
4.69,-1.60,-1.60,-0.03,0.01,-0.06,334,411,425,474,318
4.85,-1.04,-1.04,0.17,0.12,-0.09,334,410,425,474,318
4.83,-1.46,-1.46,-0.09,-0.09,-0.13,334,410,425,473,318
5.24,-1.22,-1.22,0.10,0.07,-0.10,334,410,424,473,318
5.33,-1.08,-1.08,0.01,-0.06,-0.17,334,410,424,473,318
END
5.89,-0.92,-0.92,0.06,0.05,-0.06,331,407,420,464,320
4.13,-10.89,-10.89,-0.75,-0.78,-0.29,332,407,420,463,321
1.64,-6.84,-6.84,-0.54,-0.48,0.29,332,407,420,462,322
3.09,-6.47,-6.47,-0.71,-0.59,-0.26,332,406,420,461,323
1.90,-6.88,-6.88,0.46,0.26,-0.10,332,406,420,462,323
3.29,-7.98,-7.98,0.07,-0.05,-0.04,331,405,420,461,323
2.63,-8.03,-8.03,0.37,0.32,-0.14,332,406,420,462,323
2.50,-7.49,-7.49,-0.14,0.01,0.14,332,406,420,461,323
1.35,-8.16,-8.16,0.46,0.55,-0.01,332,406,420,462,322
1.62,-8.80,-8.80,0.47,0.59,0.09,331,407,421,465,321
-1.16,-6.02,-6.02,1.25,1.16,0.05,331,409,422,469,319
1.42,-7.31,-7.31,1.32,0.38,-0.43,332,409,423,472,319
7.46,-8.48,-8.48,1.19,0.25,-0.52,332,408,423,474,319
2.99,-7.61,-7.61,1.54,0.83,-0.21,332,409,426,480,319
5.79,-6.96,-6.96,0.99,0.15,-0.20,332,408,427,481,319
3.25,-6.58,-6.58,0.69,0.15,-0.03,332,409,427,480,319
3.84,-6.32,-6.32,0.85,0.04,-0.39,332,409,427,479,319
4.52,-5.11,-5.11,0.82,-0.01,-0.46,332,409,426,478,319
3.97,-4.91,-4.91,0.41,0.14,-0.30,332,409,425,477,318
3.88,-3.85,-3.85,0.71,0.32,-0.12,332,409,426,477,318
5.44,-3.66,-3.66,0.25,-0.28,-0.38,332,408,426,476,318
5.15,-3.76,-3.76,0.49,0.07,-0.23,332,409,426,475,318
4.97,-3.22,-3.22,0.29,0.02,-0.15,332,409,426,475,318
4.03,-2.85,-2.85,0.41,0.13,-0.30,332,409,426,475,318
5.38,-2.50,-2.50,0.53,0.19,-0.22,333,409,425,475,318
5.08,-1.84,-1.84,0.26,0.13,-0.15,333,408,425,475,318
4.72,-1.23,-1.23,0.28,0.15,-0.16,333,408,425,475,318
5.02,-1.26,-1.26,0.20,0.22,-0.05,333,408,425,474,318
4.01,-1.21,-1.21,0.30,0.26,-0.13,333,408,425,475,318
4.52,-1.06,-1.06,0.05,0.21,-0.07,332,408,424,474,317
3.27,-1.10,-1.10,0.09,0.45,0.02,332,408,424,474,317
3.82,-0.73,-0.73,0.15,0.09,-0.17,332,408,424,474,318
3.96,-0.68,-0.68,0.10,0.06,-0.08,332,407,424,473,318
3.91,-0.83,-0.83,-0.04,-0.04,-0.04,332,408,424,473,318
3.68,-0.68,-0.68,-0.07,-0.07,-0.02,332,408,424,473,317
END
3.93,-0.71,-0.71,-0.12,-0.05,0.03,344,411,421,460,323
2.29,-7.56,-7.56,-0.02,0.01,-0.03,344,410,422,460,322
2.75,-8.30,-8.30,0.06,0.03,0.01,343,410,421,460,322
2.19,-8.36,-8.36,0.05,0.02,-0.04,343,411,421,460,323
3.09,-7.77,-7.77,0.06,0.01,-0.07,343,410,421,460,322
2.08,-7.16,-7.16,0.11,0.00,0.04,343,410,422,461,322
2.05,-7.89,-7.89,0.57,0.33,-0.20,343,410,422,463,321
2.52,-8.64,-8.64,0.58,0.25,-0.12,343,411,424,466,321
2.27,-8.99,-8.99,0.85,0.51,-0.06,343,412,425,469,319
3.42,-8.97,-8.97,0.20,0.05,0.04,343,412,425,471,318
4.49,-8.94,-8.94,0.52,0.27,-0.27,343,412,425,471,318
2.68,-7.78,-7.78,0.46,0.13,0.18,342,412,425,473,318
4.36,-9.10,-9.10,0.55,0.12,-0.10,341,412,425,473,318
4.29,-8.29,-8.29,0.88,0.11,-0.17,340,412,425,474,318
2.96,-8.75,-8.75,0.91,0.43,0.34,340,412,426,474,318
3.46,-8.79,-8.79,0.30,-0.18,-0.09,340,412,425,474,317
0.25,-7.67,-7.67,0.82,0.23,0.15,340,413,426,474,318
2.06,-6.89,-6.89,0.89,-0.71,-0.84,339,412,425,474,317
5.55,-6.66,-6.66,1.04,-0.32,-0.64,339,411,424,473,317
4.42,-6.10,-6.10,0.66,-0.04,-0.30,338,411,424,473,317
3.48,-5.68,-5.68,0.91,0.07,-0.57,338,411,425,474,318
5.73,-4.77,-4.77,0.68,0.25,-0.21,338,411,425,474,317
4.31,-4.59,-4.59,0.20,0.07,-0.41,338,411,424,473,317
5.36,-3.50,-3.50,0.44,0.32,-0.29,339,411,424,473,317
4.80,-3.28,-3.28,0.30,0.19,-0.27,339,410,424,473,317
5.71,-2.35,-2.35,0.84,0.24,-0.67,339,411,424,474,317
5.26,-1.50,-1.50,0.49,0.27,-0.25,339,410,424,475,317
5.36,-1.45,-1.45,0.81,0.48,-0.43,340,410,424,476,317
4.82,-0.19,-0.19,0.48,0.39,-0.12,340,410,424,475,317
3.76,0.14,0.14,0.32,0.16,-0.22,339,410,424,475,317
5.18,0.22,0.22,0.25,-0.04,-0.22,339,410,424,474,317
5.17,0.37,0.37,0.05,0.14,0.01,339,410,424,473,317
3.88,0.27,0.27,-0.02,0.01,-0.02,339,410,423,473,317
4.32,-0.05,-0.05,0.14,0.00,-0.05,339,410,424,473,317
4.19,-0.08,-0.08,0.02,-0.02,-0.00,339,410,423,473,317
END
4.38,-0.25,-0.25,-0.01,0.00,-0.04,336,410,420,459,321
3.91,-8.15,-8.15,0.07,-0.10,-0.01,335,410,420,460,321
3.50,-8.26,-8.26,0.25,0.03,-0.08,335,410,419,459,321
4.62,-8.67,-8.67,0.05,-0.18,-0.09,335,409,420,459,321
3.12,-8.12,-8.12,0.14,-0.06,-0.06,335,409,420,460,321
3.19,-8.18,-8.18,0.09,-0.09,-0.08,335,409,420,460,321
2.45,-8.35,-8.35,0.38,0.15,-0.04,335,409,421,463,320
3.55,-8.81,-8.81,0.76,0.25,-0.10,335,412,422,466,320
4.67,-9.03,-9.03,0.34,0.02,0.04,335,411,422,467,319
3.61,-8.31,-8.31,0.61,0.06,0.14,335,412,423,469,319
4.09,-9.19,-9.19,0.27,-0.17,-0.10,335,412,423,468,319
2.56,-8.71,-8.71,0.51,0.15,0.04,335,412,423,469,319
3.51,-8.93,-8.93,0.23,-0.03,0.05,335,412,422,469,318
3.88,-8.88,-8.88,0.37,0.05,-0.03,335,412,422,469,319
0.95,-8.76,-8.76,0.49,0.30,0.16,335,412,423,469,318
5.16,-8.76,-8.76,0.36,-0.25,-0.49,334,411,422,470,318
1.77,-7.82,-7.82,0.42,0.31,0.03,335,412,423,469,318
3.57,-7.72,-7.72,0.52,-0.09,-0.37,335,412,423,470,318
4.69,-7.77,-7.77,0.39,-0.01,-0.25,334,412,423,470,318
2.50,-7.55,-7.55,0.33,0.36,0.30,335,412,423,470,318
3.54,-7.70,-7.70,0.23,0.03,-0.20,335,411,423,470,318
2.58,-7.19,-7.19,0.49,0.30,-0.08,335,412,422,470,318
4.29,-6.69,-6.69,0.57,0.01,-0.47,335,411,423,470,318
3.31,-5.84,-5.84,0.73,0.06,-0.43,334,411,423,470,318
4.97,-5.64,-5.64,0.47,-0.00,-0.36,335,411,422,470,318
4.31,-5.38,-5.38,0.45,0.22,-0.08,335,411,423,470,317
3.61,-4.89,-4.89,0.31,0.19,-0.05,333,410,422,470,318
3.28,-4.90,-4.90,0.28,0.24,-0.05,335,410,422,470,317
3.45,-4.30,-4.30,0.44,0.11,-0.23,335,411,422,470,318
3.47,-3.82,-3.82,0.42,-0.17,-0.40,335,410,422,469,318
4.28,-3.66,-3.66,0.23,0.21,-0.10,334,410,422,469,317
3.50,-3.40,-3.40,0.17,0.16,-0.08,335,411,422,469,317
4.38,-3.01,-3.01,0.33,0.21,-0.16,335,410,422,469,318
3.75,-2.53,-2.53,0.42,0.21,-0.21,335,410,422,469,317
4.03,-2.27,-2.27,0.41,0.12,-0.13,335,410,422,470,317
END
2.48,-2.07,-2.07,0.40,0.12,-0.07,333,406,419,461,321
5.28,-8.75,-8.75,0.21,-0.01,-0.06,333,407,420,464,320
4.55,-7.73,-7.73,0.53,0.11,0.28,333,409,423,467,319
5.03,-7.42,-7.42,0.35,-0.26,-0.24,333,409,424,470,319
5.60,-8.05,-8.05,0.57,-0.08,-0.04,333,409,424,470,319
4.45,-7.80,-7.80,0.59,-0.02,0.24,333,410,425,471,319
3.31,-8.34,-8.34,0.47,0.10,0.17,334,410,425,471,318
4.05,-8.74,-8.74,0.58,0.05,0.06,334,410,425,471,318
3.42,-9.19,-9.19,0.43,0.08,0.10,334,410,424,470,318
4.13,-8.70,-8.70,0.54,0.12,0.02,334,410,424,471,318
3.40,-8.81,-8.81,0.33,0.05,0.07,334,410,424,471,318
2.80,-8.36,-8.36,0.59,0.17,0.22,334,410,424,472,318
2.48,-8.36,-8.36,0.52,-0.02,0.02,334,410,424,471,317
4.46,-8.19,-8.19,0.70,-0.32,-0.51,333,410,424,471,318
2.65,-7.79,-7.79,0.42,0.15,0.29,334,410,424,472,318
3.13,-7.12,-7.12,0.68,-0.50,-0.75,334,410,424,471,318
5.66,-6.69,-6.69,0.51,-0.14,-0.26,333,409,424,471,318
1.97,-6.38,-6.38,0.67,0.21,-0.07,333,410,424,472,318
5.41,-5.25,-5.25,0.89,-0.10,-0.50,334,409,424,472,318
4.29,-5.03,-5.03,0.74,0.16,-0.19,334,409,424,473,319
4.46,-4.43,-4.43,0.95,0.27,-0.41,334,408,424,474,318
4.59,-3.29,-3.29,0.88,0.28,-0.41,335,408,425,476,319
5.16,-2.28,-2.28,0.77,0.33,-0.16,334,408,426,478,318
3.78,-1.67,-1.67,0.62,0.11,-0.29,334,408,426,478,319
4.91,-1.31,-1.31,0.37,-0.06,-0.32,334,408,426,477,319
4.34,-0.70,-0.70,0.26,0.10,-0.14,333,408,425,476,319
4.62,-0.41,-0.41,0.20,0.17,-0.17,334,408,425,476,319
4.24,-0.28,-0.28,0.24,0.07,-0.20,334,408,425,475,319
4.34,0.27,0.27,0.18,-0.01,-0.18,334,408,425,475,319
4.09,0.14,0.14,0.18,0.10,-0.19,333,407,424,473,319
4.06,0.38,0.38,0.15,0.10,-0.07,333,407,424,474,319
4.33,0.22,0.22,-0.12,-0.04,-0.08,333,407,424,473,319
4.43,0.44,0.44,-0.02,-0.01,-0.01,333,407,424,472,319
4.08,0.17,0.17,-0.15,-0.09,-0.01,333,407,424,472,319
4.25,0.13,0.13,-0.14,-0.06,0.01,333,407,423,472,319
END
3.96,-0.13,-0.13,-0.14,-0.06,0.03,334,406,420,460,323
3.54,-8.01,-8.01,0.15,-0.05,-0.02,334,406,420,460,322
4.32,-7.56,-7.56,0.14,-0.03,-0.05,334,406,420,460,323
4.00,-7.95,-7.95,0.13,-0.11,0.03,334,406,420,460,322
3.16,-7.52,-7.52,0.19,0.01,0.06,335,406,420,460,322
4.10,-8.15,-8.15,0.06,-0.07,-0.11,334,406,420,460,322
3.15,-7.95,-7.95,0.30,0.12,0.15,334,407,421,462,321
3.29,-8.94,-8.94,0.49,0.29,-0.04,335,408,422,464,320
3.98,-9.14,-9.14,0.57,0.30,0.01,334,409,423,466,320
3.12,-8.76,-8.76,0.54,0.13,0.23,336,410,423,469,321
3.59,-8.25,-8.25,0.45,-0.17,-0.27,335,410,423,469,321
3.39,-8.28,-8.28,0.38,-0.16,0.15,335,410,423,470,321
2.60,-8.55,-8.55,0.34,-0.05,0.18,335,410,423,469,321
2.59,-8.94,-8.94,0.51,-0.05,0.01,335,411,423,469,320
3.69,-9.52,-9.52,0.45,-0.05,0.06,335,411,423,470,320
1.95,-8.61,-8.61,0.58,0.10,0.08,335,412,424,470,320
0.51,-8.27,-8.27,0.95,0.39,0.21,335,413,424,471,319
2.20,-7.88,-7.88,0.96,-0.01,-0.32,335,413,424,471,319
2.79,-7.71,-7.71,0.69,-0.18,-0.24,335,413,424,472,319
3.26,-7.74,-7.74,0.49,0.14,-0.02,335,413,424,472,319
2.82,-7.95,-7.95,0.35,0.10,-0.20,334,413,424,472,319
3.49,-7.57,-7.57,0.63,0.27,0.05,335,413,424,473,319
1.14,-6.36,-6.36,0.58,0.11,-0.22,334,413,425,474,319
3.07,-6.52,-6.52,0.70,0.33,-0.31,335,412,424,473,319
1.86,-5.13,-5.13,0.48,0.35,-0.09,335,410,425,475,319
2.43,-5.33,-5.33,0.08,0.39,0.13,336,408,424,475,319
1.28,-4.98,-4.98,0.45,0.11,-0.19,336,408,424,475,319
1.92,-5.02,-5.02,0.51,0.28,-0.19,336,408,424,474,319
0.72,-3.82,-3.82,0.73,0.22,-0.15,336,408,424,475,319
3.73,-3.50,-3.50,0.66,-0.00,-0.42,337,407,423,474,319
2.07,-3.37,-3.37,0.32,0.31,0.18,338,407,423,475,319
1.62,-3.29,-3.29,0.31,-0.04,-0.05,337,407,423,475,319
1.49,-3.15,-3.15,0.25,-0.01,-0.01,337,407,423,474,318
0.23,-2.66,-2.66,0.41,-0.05,-0.16,337,407,423,474,318
1.62,-2.15,-2.15,0.16,-0.29,-0.21,337,407,423,474,319
END
0.98,-1.87,-1.87,0.38,0.05,-0.23,336,405,419,456,324
5.36,-7.99,-7.99,0.21,0.13,-0.08,336,405,419,457,323
4.27,-7.66,-7.66,0.18,0.04,0.06,335,404,420,458,323
3.78,-7.21,-7.21,0.43,0.07,0.01,335,404,420,459,323
4.44,-7.47,-7.47,0.38,0.03,-0.11,335,404,421,459,322
4.59,-7.10,-7.10,0.13,-0.12,-0.03,335,405,421,460,321
3.42,-7.19,-7.19,0.65,0.22,-0.06,335,405,422,462,320
3.55,-8.15,-8.15,0.72,0.37,-0.41,335,405,422,464,320
6.53,-8.50,-8.50,0.53,0.44,0.05,334,404,422,465,319
4.16,-8.01,-8.01,0.67,0.43,0.24,335,405,424,470,319
5.61,-8.36,-8.36,0.47,0.17,0.04,335,405,424,471,319
4.03,-7.75,-7.75,0.47,0.16,0.30,335,405,424,471,319
4.65,-8.33,-8.33,0.45,0.15,-0.06,335,405,424,471,319
4.70,-8.01,-8.01,0.53,0.21,0.16,334,405,424,472,318
3.58,-7.57,-7.57,0.49,-0.09,-0.17,334,405,424,471,318
3.35,-6.91,-6.91,1.37,0.41,-0.08,334,403,425,474,318
4.49,-7.83,-7.83,0.24,-0.06,0.02,334,402,424,473,318
2.63,-6.50,-6.50,1.03,0.14,-0.29,334,402,423,472,318
3.86,-6.59,-6.59,-0.03,-0.10,0.22,333,402,423,470,318
2.33,-6.52,-6.52,0.56,0.21,0.08,333,402,423,471,318
4.86,-6.12,-6.12,0.29,-0.11,-0.09,333,402,423,470,318
3.32,-6.12,-6.12,0.45,0.14,-0.04,333,402,423,470,318
3.91,-5.64,-5.64,0.46,-0.00,-0.17,333,402,423,470,318
5.13,-5.62,-5.62,0.22,0.03,-0.18,333,402,422,470,318
3.48,-4.97,-4.97,0.59,0.47,-0.08,333,401,422,470,318
3.42,-4.87,-4.87,0.36,0.18,-0.06,333,401,422,469,318
3.65,-4.51,-4.51,0.40,0.14,-0.04,333,401,422,470,318
2.92,-4.13,-4.13,0.10,-0.02,-0.09,333,401,422,470,318
3.32,-4.03,-4.03,0.40,0.19,-0.09,333,401,422,470,318
3.24,-3.68,-3.68,0.20,0.00,-0.19,334,400,422,470,318
2.61,-3.43,-3.43,0.34,0.14,-0.13,333,401,422,470,318
4.29,-2.62,-2.62,0.48,-0.10,-0.29,333,401,422,470,318
3.37,-3.03,-3.03,0.22,-0.15,-0.26,334,401,421,469,318
3.34,-2.46,-2.46,0.12,0.23,-0.03,333,401,421,470,318
2.55,-1.84,-1.84,0.06,0.23,-0.05,333,400,421,470,318
END
3.37,-2.15,-2.15,0.22,0.09,-0.19,332,400,416,453,323
4.19,-7.25,-7.25,0.11,-0.08,-0.01,332,400,416,453,323
3.65,-7.39,-7.39,0.13,-0.03,0.05,332,400,416,453,324
4.13,-7.24,-7.24,-0.02,-0.09,-0.00,332,400,416,453,324
3.66,-6.79,-6.79,0.03,-0.02,0.03,332,400,416,454,324
3.80,-6.92,-6.92,-0.00,-0.08,-0.04,332,400,416,454,324
2.76,-7.62,-7.62,0.18,0.12,0.09,332,400,416,454,324
3.78,-7.90,-7.90,0.59,0.30,0.02,332,401,418,456,323
2.58,-8.20,-8.20,1.31,0.76,0.24,332,406,421,460,321
4.66,-8.36,-8.36,0.37,-0.01,-0.07,332,406,422,462,320
3.93,-7.67,-7.67,0.23,-0.06,0.16,331,406,422,464,320
3.65,-7.75,-7.75,0.52,0.16,0.04,331,406,422,464,319
3.60,-8.39,-8.39,0.53,0.03,0.04,331,407,422,465,319
2.77,-8.31,-8.31,0.96,0.44,0.22,331,406,422,466,319
4.24,-8.72,-8.72,0.67,0.13,-0.09,332,407,422,467,319
2.45,-8.49,-8.49,0.76,0.32,0.19,331,407,423,469,318
3.14,-8.97,-8.97,0.35,-0.00,0.00,331,407,423,469,318
2.57,-8.76,-8.76,0.35,0.04,0.08,331,407,423,469,318
2.54,-8.84,-8.84,0.45,0.12,0.09,331,408,423,468,318
2.37,-8.58,-8.58,0.39,-0.00,-0.11,331,407,423,469,318
1.60,-7.98,-7.98,0.69,0.08,-0.17,331,408,423,468,318
4.87,-7.82,-7.82,0.58,-0.23,-0.30,331,408,422,467,318
3.00,-7.42,-7.42,0.75,0.22,-0.02,331,408,422,467,318
3.06,-6.90,-6.90,0.74,-0.26,-0.44,332,408,423,468,318
3.52,-6.79,-6.79,0.37,0.21,0.12,332,408,422,468,318
3.02,-6.41,-6.41,0.61,-0.11,-0.43,331,408,422,468,318
4.22,-6.12,-6.12,0.33,0.08,0.04,332,408,422,468,317
3.24,-5.78,-5.78,0.39,-0.01,-0.29,332,408,422,468,318
4.12,-5.53,-5.53,0.36,0.04,-0.18,332,407,422,468,317
4.48,-5.33,-5.33,0.11,-0.01,-0.13,332,408,422,467,318
3.44,-4.82,-4.82,0.26,0.23,-0.02,332,407,422,467,318
3.50,-4.55,-4.55,0.28,0.09,-0.10,332,407,422,467,318
3.14,-4.43,-4.43,0.61,0.18,-0.23,332,407,422,467,318
3.63,-4.13,-4.13,0.34,0.12,0.02,332,407,422,468,317
2.36,-3.72,-3.72,0.47,0.13,-0.03,332,407,423,471,318
END
3.62,-3.08,-3.08,0.54,0.05,-0.27,335,403,418,454,322
4.68,-8.08,-8.08,0.39,0.06,-0.06,335,403,418,455,322
4.69,-7.66,-7.66,0.24,-0.02,0.05,335,403,418,455,321
4.14,-7.73,-7.73,0.06,-0.10,0.03,335,403,418,455,321
3.71,-7.76,-7.76,-0.00,-0.13,0.08,335,403,418,455,321
3.70,-7.62,-7.62,0.05,-0.07,0.04,335,403,418,455,321
3.77,-8.18,-8.18,0.28,0.11,-0.01,334,403,419,456,321
3.74,-8.42,-8.42,0.99,0.64,0.05,334,405,420,460,319
4.87,-9.12,-9.12,0.42,-0.07,-0.05,333,406,421,462,319
1.64,-7.95,-7.95,0.95,0.41,0.23,332,406,422,465,319
4.02,-8.43,-8.43,0.75,0.04,-0.08,332,406,422,467,318
4.77,-8.46,-8.46,0.73,0.18,-0.21,332,406,422,467,318
2.00,-7.98,-7.98,0.82,0.29,0.25,332,406,422,469,318
4.73,-8.35,-8.35,0.15,-0.41,-0.31,332,406,422,468,318
2.64,-7.52,-7.52,0.93,0.47,0.14,332,405,422,469,318
6.02,-7.72,-7.72,0.63,-0.43,-0.62,331,403,422,469,318
3.99,-7.90,-7.90,0.63,0.40,0.16,331,403,422,469,318
2.88,-6.81,-6.81,0.76,0.12,-0.07,331,404,422,471,318
5.58,-6.59,-6.59,0.65,-0.19,-0.47,331,403,422,470,318
3.31,-6.01,-6.01,0.86,0.37,-0.04,332,404,422,471,317
4.85,-5.51,-5.51,0.33,-0.38,-0.47,332,404,421,470,318
4.35,-4.65,-4.65,0.82,0.37,-0.12,332,404,422,470,317
3.85,-4.39,-4.39,0.37,-0.21,-0.34,333,404,421,470,317
5.10,-4.29,-4.29,0.29,0.11,-0.13,333,403,421,470,317
4.60,-3.17,-3.17,0.29,0.13,-0.08,333,403,421,470,317
4.26,-3.54,-3.54,0.54,0.01,-0.35,332,403,421,470,317
5.61,-2.86,-2.86,0.28,0.15,-0.12,332,403,421,470,317
3.12,-2.80,-2.80,0.28,0.40,-0.02,332,403,421,471,317
4.74,-1.77,-1.77,0.72,0.32,-0.44,332,402,421,472,318
END
3.17,-7.80,-7.80,0.00,0.19,0.06,349,430,441,495,317
2.42,-8.13,-8.13,0.02,-0.03,-0.08,349,430,440,495,317
1.95,-7.87,-7.87,-0.05,-0.00,0.06,349,430,440,495,317
2.25,-7.81,-7.81,0.00,-0.05,-0.08,349,430,440,495,317
1.77,-7.67,-7.67,0.01,-0.01,-0.03,349,429,440,495,317
2.13,-7.82,-7.82,0.01,-0.04,-0.02,349,429,440,495,317
1.92,-7.95,-7.95,0.09,0.01,-0.03,349,429,440,495,317
1.96,-8.03,-8.03,0.10,-0.05,-0.14,347,429,442,497,317
1.43,-8.13,-8.13,0.35,0.02,0.12,345,429,443,498,317
1.48,-8.36,-8.36,0.47,-0.01,0.17,345,428,442,498,317
2.87,-7.96,-7.96,0.55,-0.09,-0.01,345,428,442,499,317
0.42,-7.18,-7.18,1.28,0.36,0.23,343,429,443,499,317
0.26,-7.65,-7.65,0.92,0.01,0.17,341,327,443,499,317
2.94,-7.83,-7.83,1.25,-0.12,-0.38,340,429,442,498,316
0.44,-7.94,-7.94,1.08,0.25,0.37,342,429,442,499,317
2.44,-8.26,-8.26,0.86,-0.24,-0.31,342,428,441,498,317
1.32,-8.31,-8.31,1.15,0.20,0.02,343,429,442,499,317
0.38,-7.23,-7.23,1.48,-0.12,-0.60,342,428,442,499,317
3.15,-6.59,-6.59,1.64,-0.11,-0.40,344,427,441,499,317
1.79,-5.86,-5.86,1.24,0.22,-0.36,345,426,440,500,317
2.63,-4.79,-4.79,1.16,0.13,-0.37,345,426,440,500,317
2.96,-3.62,-3.62,0.81,0.28,-0.08,345,426,439,501,317
1.49,-3.63,-3.63,0.91,0.28,-0.26,344,426,439,500,317
2.73,-1.97,-1.97,1.14,0.20,-0.43,345,425,439,500,317
1.44,-0.61,-0.61,0.55,0.18,-0.23,344,425,438,501,317
2.36,-0.47,-0.47,0.94,0.30,-0.43,344,424,438,501,317
2.58,-0.13,-0.13,0.32,-0.24,-0.22,344,423,438,501,317
2.27,0.73,0.73,0.18,0.02,-0.17,343,423,438,501,316
2.01,1.00,1.00,0.12,-0.01,-0.09,343,423,438,501,317
1.90,0.77,0.77,0.05,-0.16,-0.05,343,423,437,500,317
1.98,0.77,0.77,0.00,-0.12,-0.11,342,423,437,500,317
2.33,0.72,0.72,-0.12,-0.00,-0.06,342,423,437,500,317
2.30,1.02,1.02,-0.09,0.04,-0.06,342,423,437,499,317
2.55,0.47,0.47,-0.09,0.01,-0.05,342,423,437,499,317
2.29,0.24,0.24,-0.01,-0.02,-0.09,342,422,437,499,317
END
2.46,0.47,0.47,-0.08,-0.03,-0.05,341,417,433,487,319
3.40,-7.01,-7.01,0.00,-0.11,0.11,341,417,433,487,319
2.62,-7.65,-7.65,-0.00,0.03,0.15,341,417,432,487,319
2.66,-8.60,-8.60,0.02,0.13,0.08,341,417,433,488,319
1.69,-7.92,-7.92,0.04,0.26,-0.19,341,417,433,488,319
3.80,-5.56,-5.56,-0.12,0.22,0.00,341,417,433,488,319
2.39,-4.43,-4.43,0.01,0.16,0.08,341,417,433,487,319
3.51,-5.32,-5.32,0.05,-0.01,0.10,340,417,433,487,319
2.54,-6.17,-6.17,0.13,0.06,-0.04,340,417,432,487,319
2.73,-7.34,-7.34,0.29,0.04,-0.01,340,417,433,488,318
1.11,-7.27,-7.27,0.93,0.48,0.17,339,419,434,493,317
1.34,-7.24,-7.24,1.26,0.75,0.25,340,420,434,493,317
2.16,-8.14,-8.14,1.35,0.32,0.28,341,419,434,493,316
3.70,-9.02,-9.02,0.81,0.31,0.47,341,419,435,494,317
1.17,-7.70,-7.70,1.46,0.43,0.14,341,419,435,494,316
3.65,-7.75,-7.75,1.76,0.07,-0.19,341,418,434,494,316
2.61,-6.56,-6.56,1.70,0.52,0.28,343,417,435,495,316
0.16,-6.85,-6.85,1.58,0.52,0.24,345,416,433,495,316
1.03,-6.14,-6.14,1.06,-0.22,-0.31,343,416,433,495,316
2.01,-5.98,-5.98,0.91,-0.25,-0.49,343,415,433,494,316
1.62,-5.46,-5.46,0.66,0.33,-0.24,343,415,432,494,316
1.23,-5.21,-5.21,0.57,0.14,-0.25,342,415,432,494,316
1.76,-4.11,-4.11,0.17,0.17,-0.22,342,415,432,494,316
0.85,-3.50,-3.50,0.47,0.01,-0.45,341,415,431,494,316
2.73,-3.11,-3.11,0.24,0.11,-0.28,341,414,431,494,316
2.17,-2.63,-2.63,0.45,0.27,-0.32,342,414,431,494,316
2.79,-2.56,-2.56,0.54,-0.01,-0.39,342,415,431,494,316
2.79,-2.71,-2.71,0.27,0.35,-0.07,342,415,431,494,315
1.78,-1.74,-1.74,0.17,0.16,-0.13,342,415,431,493,316
1.59,-1.71,-1.71,0.09,0.14,-0.11,341,415,430,493,316
1.09,-2.26,-2.26,0.23,0.24,-0.16,341,415,430,493,315
1.69,-2.03,-2.03,0.07,0.38,-0.11,341,415,429,493,315
1.18,-1.79,-1.79,-0.07,0.13,-0.18,341,414,429,492,315
1.90,-1.91,-1.91,-0.02,0.17,-0.13,340,414,429,492,315
0.58,-1.72,-1.72,-0.16,0.11,-0.13,340,414,429,492,315
END
1.23,-1.49,-1.49,-0.19,-0.20,-0.21,340,414,425,477,323
1.08,-6.15,-6.15,-0.02,0.01,0.02,340,414,425,477,322
0.93,-5.91,-5.91,0.26,0.19,0.07,340,414,426,478,323
0.35,-7.16,-7.16,0.85,0.66,-0.19,340,417,429,482,321
4.06,-7.57,-7.57,0.18,0.06,0.17,340,418,430,484,319
2.12,-7.44,-7.44,0.37,0.17,0.02,340,418,432,487,319
1.54,-6.37,-6.37,0.50,0.19,0.11,339,419,432,489,318
1.61,-7.09,-7.09,0.74,0.25,0.02,339,419,432,490,317
2.49,-8.02,-8.02,0.69,0.09,-0.01,341,417,431,490,317
-0.85,-8.58,-8.58,1.03,0.40,0.22,342,417,430,489,316
3.13,-9.21,-9.21,1.02,0.03,0.17,346,417,431,490,317
2.36,-8.56,-8.56,1.36,0.18,-0.32,347,417,430,490,317
0.91,-8.10,-8.10,0.86,0.15,0.32,348,416,431,491,317
1.63,-8.65,-8.65,0.90,0.17,-0.10,350,416,431,491,316
1.29,-8.23,-8.23,1.06,0.33,0.03,350,416,431,493,316
0.98,-8.32,-8.32,0.77,-0.13,-0.25,350,415,430,492,316
2.69,-7.98,-7.98,1.01,0.08,-0.21,349,414,429,492,316
1.82,-7.70,-7.70,0.44,-0.12,-0.17,349,413,428,491,316
3.27,-6.88,-6.88,0.98,0.08,-0.27,347,413,428,491,316
1.54,-5.83,-5.83,0.89,0.10,-0.25,346,413,428,492,316
2.74,-5.37,-5.37,0.90,-0.25,-0.38,346,413,427,492,316
2.63,-4.83,-4.83,0.39,0.19,-0.07,345,413,427,491,316
1.64,-4.56,-4.56,0.40,0.42,-0.04,345,413,426,491,316
2.72,-3.80,-3.80,0.58,-0.25,-0.32,345,413,427,490,316
2.82,-3.79,-3.79,0.43,-0.06,-0.22,345,412,427,490,316
3.40,-3.22,-3.22,0.36,-0.00,-0.25,345,412,426,490,315
3.25,-2.68,-2.68,0.28,0.22,-0.09,345,412,426,490,316
3.32,-2.79,-2.79,0.37,0.04,-0.21,344,412,426,489,316
3.01,-2.07,-2.07,0.46,0.03,-0.23,345,412,426,489,315
3.59,-1.39,-1.39,0.32,-0.12,-0.22,345,412,426,489,315
3.36,-1.62,-1.62,0.27,0.13,-0.10,345,412,425,489,315
3.07,-1.08,-1.08,0.36,0.06,-0.15,344,411,426,489,315
3.45,-0.95,-0.95,0.26,-0.07,-0.14,344,412,426,490,315
3.95,-0.45,-0.45,0.27,0.02,-0.10,344,412,426,490,315
2.87,-0.50,-0.50,-0.05,-0.04,-0.02,344,412,426,490,315
END
2.89,-0.48,-0.48,0.08,-0.03,-0.05,333,417,423,474,321
1.36,-7.21,-7.21,0.15,0.08,0.02,333,417,423,474,321
1.64,-7.34,-7.34,0.12,0.16,0.06,333,417,423,474,320
2.10,-6.50,-6.50,0.21,0.19,0.05,333,417,424,476,319
2.62,-7.26,-7.26,0.53,0.38,-0.02,333,418,426,479,319
4.69,-8.71,-8.71,0.10,-0.10,0.05,333,418,427,480,318
1.30,-7.47,-7.47,1.40,0.85,-0.05,333,420,429,485,317
1.23,-8.14,-8.14,1.01,0.42,0.28,333,419,430,487,317
2.58,-8.78,-8.78,1.22,0.28,-0.37,333,418,430,488,317
3.34,-8.72,-8.72,1.30,0.23,-0.01,333,417,430,488,316
4.67,-8.89,-8.89,0.63,-0.02,-0.03,333,416,429,487,317
4.01,-8.20,-8.20,0.94,0.10,-0.07,333,416,429,487,317
2.16,-7.93,-7.93,1.03,0.29,0.05,333,416,429,486,316
3.56,-7.97,-7.97,0.98,-0.12,-0.39,333,415,428,487,316
2.54,-7.29,-7.29,0.48,0.27,0.04,333,414,428,487,317
3.20,-6.95,-6.95,0.50,-0.02,-0.20,333,414,428,487,316
2.93,-6.52,-6.52,0.31,0.03,-0.06,333,414,428,486,316
2.73,-6.26,-6.26,0.67,0.27,-0.20,333,414,427,486,316
3.63,-5.81,-5.81,0.64,-0.00,-0.22,333,414,427,487,316
4.13,-5.54,-5.54,0.45,0.13,-0.19,333,413,427,486,316
2.31,-4.41,-4.41,0.58,0.36,-0.16,333,413,427,486,316
3.31,-3.81,-3.81,0.57,0.16,-0.22,333,413,426,487,316
3.77,-3.71,-3.71,0.82,0.26,-0.35,333,413,426,487,317
2.84,-2.60,-2.60,0.60,0.26,-0.26,333,413,426,487,316
4.19,-3.16,-3.16,-0.05,-0.42,-0.28,333,413,425,486,316
3.11,-2.25,-2.25,0.20,0.24,-0.10,333,413,425,486,316
2.92,-1.99,-1.99,-0.13,0.00,-0.06,333,413,424,485,316
3.12,-1.86,-1.86,0.42,0.05,-0.33,333,413,424,485,316
2.77,-0.79,-0.79,0.35,-0.10,-0.26,333,412,425,486,316
3.91,-1.31,-1.31,0.41,0.09,-0.27,333,412,425,486,316
3.95,-0.93,-0.93,0.17,0.15,-0.05,333,413,425,486,316
3.16,-0.98,-0.98,0.34,0.02,-0.18,333,413,425,486,317
3.75,-1.06,-1.06,0.22,-0.15,-0.14,333,412,424,486,316
3.35,-0.32,-0.32,0.02,0.14,-0.00,333,412,424,486,317
3.39,-0.34,-0.34,-0.02,-0.03,-0.02,333,413,424,485,317
END
3.41,-0.34,-0.34,-0.06,-0.08,-0.00,338,408,420,473,319
3.59,-7.54,-7.54,0.05,-0.10,0.03,338,408,419,473,319
3.11,-7.43,-7.43,0.03,-0.15,0.10,338,408,420,472,319
2.68,-6.73,-6.73,0.05,-0.14,-0.02,337,407,419,473,319
3.47,-7.04,-7.04,0.18,-0.11,0.04,337,408,419,473,319
2.84,-7.35,-7.35,0.17,-0.15,0.00,337,408,420,473,319
1.89,-7.10,-7.10,0.32,0.06,-0.01,336,408,422,477,319
2.45,-6.56,-6.56,0.75,0.14,-0.17,336,410,424,480,318
1.60,-8.42,-8.42,1.04,0.29,-0.42,334,410,427,484,317
5.30,-8.57,-8.57,0.19,-0.45,-0.16,334,410,427,485,316
2.12,-8.41,-8.41,1.73,0.68,-0.15,334,410,428,486,316
3.11,-8.09,-8.09,1.17,0.12,0.21,334,410,427,486,316
4.80,-7.93,-7.93,1.73,0.51,-0.38,335,409,425,484,316
3.88,-7.58,-7.58,1.45,0.35,0.18,336,408,426,485,317
3.29,-7.45,-7.45,0.41,-0.03,0.14,335,407,425,484,317
3.22,-7.59,-7.59,0.92,0.19,-0.03,336,408,425,484,317
2.08,-7.11,-7.11,0.51,0.27,0.21,335,408,425,484,316
2.56,-7.06,-7.06,0.45,0.35,0.14,335,407,424,484,316
1.53,-6.57,-6.57,0.45,0.35,0.17,335,407,424,484,317
2.23,-6.51,-6.51,0.39,-0.04,-0.14,335,407,424,484,317
0.65,-5.60,-5.60,0.61,0.25,0.00,335,407,424,484,316
1.34,-5.39,-5.39,0.39,-0.04,-0.15,337,407,424,483,316
2.12,-5.61,-5.61,0.46,0.03,-0.19,335,407,423,483,316
2.32,-5.10,-5.10,0.26,-0.04,-0.15,335,407,423,483,316
2.23,-4.78,-4.78,0.34,0.03,-0.16,335,407,423,483,316
2.07,-4.67,-4.67,0.40,-0.23,-0.32,335,407,423,483,316
2.79,-4.15,-4.15,0.34,0.04,-0.09,335,407,423,483,317
2.28,-3.66,-3.66,0.36,-0.13,-0.25,335,407,423,483,316
2.58,-3.40,-3.40,0.50,-0.06,-0.28,335,407,423,483,316
2.81,-2.73,-2.73,0.35,0.07,-0.16,335,407,423,483,316
2.38,-2.20,-2.20,0.23,0.21,-0.08,335,407,423,483,316
2.09,-2.05,-2.05,0.28,0.04,-0.20,335,407,423,482,316
3.35,-1.97,-1.97,0.29,-0.03,-0.24,335,407,423,483,316
2.40,-1.85,-1.85,0.15,0.20,-0.04,335,406,423,483,316
2.64,-1.72,-1.72,0.23,0.20,-0.07,335,406,422,483,316
END
2.05,-1.51,-1.51,0.14,0.12,-0.03,332,411,420,472,318
2.05,-6.96,-6.96,0.21,-0.02,0.02,332,412,421,473,317
3.35,-7.85,-7.85,0.07,-0.06,-0.10,332,412,420,473,317
2.30,-7.14,-7.14,0.28,0.01,0.07,332,412,420,473,317
2.30,-7.58,-7.58,0.22,0.07,-0.07,332,412,420,474,317
2.67,-7.80,-7.80,0.31,0.10,-0.04,332,412,421,475,317
1.91,-8.30,-8.30,0.44,0.28,0.05,332,413,421,476,316
2.78,-8.62,-8.62,1.00,0.55,0.12,332,415,423,480,316
2.87,-9.53,-9.53,0.70,0.19,0.38,332,415,426,484,316
2.46,-8.54,-8.54,1.08,0.22,-0.03,332,415,426,485,316
2.00,-8.70,-8.70,0.39,-0.17,0.16,332,415,426,484,316
3.19,-8.67,-8.67,0.58,-0.01,-0.01,331,415,426,483,316
2.34,-8.94,-8.94,0.43,0.00,0.11,332,415,426,484,316
0.85,-8.61,-8.61,0.73,0.17,0.04,331,415,426,484,316
2.17,-8.24,-8.24,0.70,-0.07,-0.03,331,414,426,484,316
2.47,-8.65,-8.65,1.01,0.22,-0.05,331,414,425,483,315
2.30,-8.28,-8.28,0.55,0.07,0.12,331,413,425,483,315
2.23,-8.39,-8.39,0.38,0.17,0.14,331,413,425,483,315
1.60,-8.03,-8.03,0.30,0.13,0.14,331,413,425,483,315
1.00,-7.56,-7.56,0.39,0.10,0.10,331,413,425,483,315
1.41,-7.57,-7.57,0.47,-0.13,-0.13,331,413,425,483,315
1.36,-7.14,-7.14,0.80,0.13,-0.10,331,413,425,483,315
0.07,-6.32,-6.32,0.89,-0.06,-0.14,331,413,426,483,315
1.90,-6.58,-6.58,0.83,0.17,-0.03,331,412,425,485,315
0.20,-4.74,-4.74,0.76,-0.04,-0.29,331,413,426,486,315
2.54,-4.21,-4.21,0.84,-0.54,-0.49,331,412,425,485,315
3.41,-4.02,-4.02,0.47,0.25,-0.16,331,411,424,485,315
1.59,-3.53,-3.53,0.23,0.27,-0.05,331,411,424,484,315
1.84,-3.34,-3.34,0.49,0.15,-0.11,331,411,424,485,315
1.85,-3.05,-3.05,0.61,0.29,-0.23,331,412,423,484,315
0.97,-2.39,-2.39,0.38,0.14,-0.22,332,412,423,485,316
2.28,-1.31,-1.31,0.34,0.27,-0.15,334,413,422,485,315
2.70,-0.68,-0.68,0.61,-0.21,-0.32,335,412,422,485,315
3.15,-0.69,-0.69,0.20,-0.09,0.01,335,412,422,485,316
2.13,-0.89,-0.89,0.16,0.05,0.03,334,412,422,484,315
END
1.14,-0.90,-0.90,0.08,0.01,0.01,332,409,416,468,319
2.17,-7.32,-7.32,0.18,0.15,0.09,331,409,417,469,319
3.17,-7.49,-7.49,0.12,0.09,-0.02,332,409,417,469,319
2.39,-7.45,-7.45,0.33,0.27,0.18,333,409,418,470,318
3.72,-8.41,-8.41,0.16,0.00,0.08,332,410,419,471,318
2.51,-7.39,-7.39,0.36,0.17,0.03,331,410,419,472,317
2.63,-7.60,-7.60,0.46,0.03,0.03,331,412,420,473,317
2.52,-7.82,-7.82,0.36,0.13,0.00,331,414,420,475,316
2.05,-7.68,-7.68,0.91,0.27,0.11,330,415,422,477,317
2.78,-9.64,-9.64,0.09,-0.18,0.27,331,415,422,478,316
1.40,-8.76,-8.76,0.93,0.54,0.25,331,416,423,479,315
1.90,-8.60,-8.60,0.61,0.03,0.02,331,416,424,480,315
3.05,-8.80,-8.80,1.05,0.39,0.17,331,415,423,480,315
0.93,-8.44,-8.44,1.03,0.12,-0.07,331,416,425,481,315
2.88,-8.79,-8.79,0.94,0.22,-0.01,331,415,424,481,315
1.29,-8.41,-8.41,1.06,0.38,-0.10,331,414,424,481,315
1.19,-8.27,-8.27,0.59,0.35,0.10,331,413,423,481,315
0.77,-7.38,-7.38,0.75,0.10,-0.06,331,413,424,482,315
0.93,-7.18,-7.18,0.59,0.09,0.13,331,412,423,481,315
1.56,-6.94,-6.94,0.64,0.01,0.01,331,412,423,481,315
2.71,-6.87,-6.87,0.56,-0.18,0.05,331,412,423,481,315
-0.22,-5.78,-5.78,0.83,0.32,0.19,330,412,423,481,314
1.23,-5.88,-5.88,0.73,0.09,0.14,331,411,423,480,315
-0.01,-4.93,-4.93,0.93,0.34,0.00,330,412,423,481,314
-1.18,-3.75,-3.75,0.78,-0.28,-0.26,330,412,423,482,314
1.44,-3.73,-3.73,0.74,-0.39,-0.36,331,411,422,481,315
-0.23,-3.11,-3.11,0.38,0.24,-0.09,330,411,422,481,314
0.70,-2.23,-2.23,0.54,-0.20,-0.38,330,411,422,481,315
0.98,-1.65,-1.65,0.56,0.04,-0.33,330,411,422,482,315
1.55,-0.97,-0.97,0.41,-0.08,-0.28,330,411,422,481,314
1.96,-0.96,-0.96,0.46,0.08,-0.17,331,411,422,481,314
1.18,-0.69,-0.69,-0.03,0.17,-0.02,330,411,422,482,315
1.26,-0.58,-0.58,-0.02,0.07,0.01,330,411,421,481,314
1.43,-0.75,-0.75,-0.05,0.01,-0.00,330,411,421,480,314
0.75,-1.08,-1.08,-0.02,-0.05,-0.01,330,411,421,480,314
END
0.55,-1.02,-1.02,-0.03,0.00,0.00,329,408,415,464,320
3.60,-6.85,-6.85,0.20,-0.06,-0.05,329,407,415,464,320
3.22,-6.42,-6.42,0.24,-0.04,-0.16,329,408,415,465,320
3.94,-7.40,-7.40,0.12,-0.14,-0.07,329,408,415,464,320
2.93,-6.99,-6.99,-0.06,-0.19,-0.17,328,407,415,464,319
2.51,-6.45,-6.45,0.00,0.00,0.04,329,407,415,464,319
2.68,-6.35,-6.35,0.08,0.13,-0.04,329,408,415,465,319
3.57,-7.83,-7.83,0.41,0.43,0.19,329,409,417,468,319
3.93,-7.29,-7.29,1.11,0.87,-0.28,329,414,421,473,317
4.41,-8.46,-8.46,1.29,0.74,-0.02,329,414,423,478,316
4.36,-8.77,-8.77,0.62,-0.20,0.24,329,413,424,479,316
2.91,-7.90,-7.90,1.41,0.31,0.11,329,412,424,480,315
1.88,-8.19,-8.19,0.86,0.08,0.28,328,411,424,479,315
2.92,-8.07,-8.07,0.97,0.21,0.15,329,411,423,479,315
1.27,-8.05,-8.05,1.05,0.24,0.10,329,411,423,479,315
1.85,-7.94,-7.94,0.54,-0.06,-0.02,329,411,424,480,315
2.53,-7.98,-7.98,0.63,0.15,-0.09,329,411,423,479,315
0.71,-6.53,-6.53,0.92,0.31,-0.08,329,411,423,480,315
2.06,-6.93,-6.93,0.71,0.07,-0.23,329,410,422,479,315
2.16,-5.99,-5.99,1.22,0.19,-0.41,329,410,422,480,315
0.14,-4.87,-4.87,0.30,0.21,-0.05,329,409,422,480,315
3.53,-4.80,-4.80,1.23,0.12,-0.73,331,405,420,480,315
0.97,-3.52,-3.52,0.39,0.42,-0.14,332,405,420,479,315
2.38,-2.93,-2.93,1.04,-0.12,-0.70,332,404,420,480,314
1.80,-1.10,-1.10,1.03,-0.23,-0.59,332,404,419,480,315
5.37,-0.81,-0.81,0.93,0.03,-0.39,333,404,418,479,315
2.66,0.94,0.94,0.64,0.49,-0.12,332,404,419,480,314
3.60,-0.09,-0.09,0.10,0.40,-0.08,332,403,419,479,314
1.53,0.32,0.32,0.03,0.41,0.13,332,403,418,479,314
2.36,0.16,0.16,-0.03,-0.17,-0.09,332,403,418,478,314
1.84,-0.01,-0.01,0.00,0.02,0.04,331,403,418,477,314
1.87,-0.19,-0.19,-0.13,-0.02,0.03,331,403,418,477,314
1.75,-0.28,-0.28,-0.03,-0.08,-0.06,331,404,417,477,314
1.78,-0.24,-0.24,-0.15,-0.07,-0.01,330,403,418,476,314
1.85,-0.38,-0.38,-0.06,-0.06,-0.07,331,403,418,476,314
END
1.90,-0.48,-0.48,-0.06,-0.08,-0.04,330,402,412,459,323
2.27,-6.86,-6.86,1.15,0.89,-0.10,331,403,413,461,321
2.54,-6.30,-6.30,0.55,0.19,0.14,330,403,414,462,321
1.08,-7.05,-7.05,0.83,0.59,-0.02,330,404,415,464,319
2.96,-7.86,-7.86,0.08,-0.28,0.10,330,404,415,465,319
0.89,-7.01,-7.01,0.42,0.19,0.02,330,404,417,467,318
2.48,-7.52,-7.52,-0.00,-0.19,0.12,330,404,416,467,318
1.53,-7.40,-7.40,0.67,0.39,0.03,330,406,418,471,317
2.68,-7.16,-7.16,0.13,0.02,0.14,329,406,418,473,317
-0.02,-7.44,-7.44,1.85,0.94,-0.04,329,408,419,476,316
3.45,-9.72,-9.72,0.09,-0.28,-0.00,329,408,419,476,316
0.67,-8.22,-8.22,1.15,0.41,0.10,329,409,421,479,315
3.04,-8.88,-8.88,0.48,-0.30,-0.12,329,408,420,477,315
0.10,-8.07,-8.07,1.41,0.38,-0.02,329,409,421,477,315
2.39,-8.87,-8.87,1.08,-0.13,-0.23,329,409,420,477,315
1.63,-8.12,-8.12,1.79,0.33,-0.28,329,408,419,476,315
3.38,-8.06,-8.06,0.80,-0.28,-0.12,329,406,417,475,315
1.08,-6.93,-6.93,1.18,0.12,-0.19,329,406,417,476,315
2.52,-6.23,-6.23,0.52,-0.25,-0.21,330,406,417,476,314
3.97,-5.98,-5.98,0.92,0.14,-0.31,330,405,417,475,314
1.11,-4.74,-4.74,0.51,0.05,-0.17,329,405,417,477,314
4.80,-4.79,-4.79,0.68,0.43,-0.08,330,405,416,477,314
0.82,-3.68,-3.68,0.67,0.38,-0.33,330,405,417,479,314
2.64,-2.89,-2.89,0.70,-0.12,-0.49,330,404,418,480,314
2.63,-1.82,-1.82,0.80,0.12,-0.47,330,404,418,481,314
3.27,-1.80,-1.80,0.30,0.15,-0.22,330,402,417,481,314
2.12,-0.74,-0.74,0.43,0.47,-0.28,330,402,417,481,314
1.08,-0.47,-0.47,0.21,0.33,-0.21,329,401,416,480,313
2.31,0.18,0.18,0.42,0.32,-0.16,329,400,416,480,313
1.29,0.70,0.70,-0.05,-0.05,-0.01,329,400,416,479,313
2.39,0.24,0.24,-0.05,0.15,0.04,328,400,416,478,313
1.54,-0.01,-0.01,-0.07,-0.00,0.03,329,400,416,478,313
1.34,-0.51,-0.51,-0.02,-0.04,0.02,329,400,415,477,314
1.35,-0.63,-0.63,-0.04,-0.01,0.02,328,400,415,476,314
1.22,-0.81,-0.81,0.04,0.01,-0.05,329,400,415,476,313
END
1.46,-0.37,-0.37,-0.02,0.01,0.01,329,402,409,456,323
1.98,-5.82,-5.82,0.04,-0.04,-0.28,329,402,409,456,322
1.69,-5.76,-5.76,0.03,-0.10,-0.17,329,402,409,455,322
1.52,-5.87,-5.87,0.08,-0.03,-0.20,329,402,409,456,322
1.94,-5.46,-5.46,-0.00,-0.05,-0.11,329,402,409,456,322
1.81,-5.21,-5.21,0.20,0.05,-0.02,329,402,410,456,322
1.77,-5.81,-5.81,0.77,0.63,0.16,329,402,410,457,321
2.64,-6.88,-6.88,1.27,1.09,0.37,329,404,413,460,320
3.07,-6.83,-6.83,1.02,0.88,-0.15,329,407,415,464,319
2.73,-7.67,-7.67,1.32,0.89,0.29,329,412,419,472,317
4.67,-7.86,-7.86,0.08,-0.00,0.35,329,412,420,474,317
3.30,-7.71,-7.71,0.94,0.09,0.04,329,413,422,478,316
2.18,-8.14,-8.14,1.32,0.45,0.38,329,413,421,478,316
1.13,-8.39,-8.39,2.48,0.78,-0.12,329,412,420,476,315
0.95,-7.60,-7.60,0.76,-0.10,0.18,329,412,422,481,315
2.96,-7.95,-7.95,0.64,0.20,0.08,329,411,420,479,315
0.74,-7.14,-7.14,0.44,0.18,0.07,329,411,420,478,315
1.59,-7.82,-7.82,0.09,0.12,0.07,329,410,419,478,315
0.61,-7.24,-7.24,0.76,0.40,-0.06,329,409,419,478,315
-0.68,-6.73,-6.73,0.48,0.13,-0.06,329,409,419,478,315
1.30,-6.60,-6.60,0.98,0.51,-0.16,329,408,418,478,315
-0.32,-5.72,-5.72,0.60,0.15,-0.14,329,408,418,479,315
0.98,-5.38,-5.38,0.80,0.48,-0.11,330,406,418,478,315
-0.16,-4.37,-4.37,0.73,0.33,-0.05,330,406,418,478,314
1.58,-4.34,-4.34,0.89,0.14,-0.23,330,405,417,477,315
-0.35,-3.15,-3.15,0.56,0.31,0.00,330,405,417,478,315
0.99,-3.31,-3.31,0.32,0.09,0.01,330,405,416,477,315
-1.89,-2.46,-2.46,0.37,0.66,0.30,330,405,416,477,314
-1.40,-2.20,-2.20,0.40,0.08,-0.05,330,404,416,476,314
-1.14,-1.74,-1.74,0.29,0.34,0.07,330,404,415,477,314
-2.54,-1.22,-1.22,0.47,-0.07,-0.10,330,404,415,477,314
-1.15,-1.40,-1.40,0.27,-0.01,-0.08,330,403,415,476,314
-1.99,-0.88,-0.88,0.20,-0.12,-0.10,330,404,415,476,314
-0.50,-1.38,-1.38,-0.01,-0.29,-0.14,329,404,415,476,315
-0.86,-1.41,-1.41,-0.12,0.01,-0.05,329,404,415,475,315
END
-0.95,-1.16,-1.16,-0.13,-0.16,-0.12,329,403,410,457,321
1.93,-5.97,-5.97,-0.01,-0.01,0.16,330,403,410,457,321
2.52,-6.20,-6.20,-0.03,0.11,0.06,330,403,410,457,321
2.25,-6.51,-6.51,0.21,0.34,0.07,330,403,410,457,321
2.94,-6.27,-6.27,0.06,0.05,0.10,330,403,411,457,320
2.38,-6.81,-6.81,0.44,0.38,-0.01,330,405,411,458,320
2.70,-7.26,-7.26,0.52,0.32,0.28,330,406,413,460,320
1.36,-7.28,-7.28,0.97,0.84,-0.03,330,408,415,464,318
3.63,-8.94,-8.94,1.08,0.59,0.18,330,411,417,470,317
2.25,-8.23,-8.23,0.25,0.29,0.31,330,412,417,472,317
1.44,-7.76,-7.76,1.33,0.42,0.21,330,413,419,476,316
1.87,-8.84,-8.84,1.04,0.30,0.16,330,412,420,477,316
0.57,-8.83,-8.83,1.77,0.71,0.28,330,411,419,477,316
0.81,-8.31,-8.31,1.31,0.38,0.20,330,409,419,478,316
3.49,-8.00,-8.00,1.26,-0.00,-0.39,329,409,418,477,316
0.30,-6.82,-6.82,0.49,0.01,0.27,329,408,418,477,316
2.07,-7.67,-7.67,0.93,-0.15,-0.35,329,407,417,477,316
0.64,-6.91,-6.91,0.56,0.02,-0.07,330,407,418,477,316
3.54,-6.59,-6.59,0.84,-0.03,-0.32,329,407,418,477,316
2.76,-5.10,-5.10,1.03,-0.38,-0.49,329,406,418,477,316
3.40,-4.74,-4.74,1.11,0.19,-0.42,329,405,417,477,316
3.50,-3.40,-3.40,0.93,-0.07,-0.52,329,405,416,479,316
3.46,-2.94,-2.94,0.48,0.01,-0.34,329,404,417,480,316
3.88,-1.70,-1.70,0.70,0.01,-0.57,329,402,416,479,317
4.67,-0.99,-0.99,0.48,0.24,-0.40,329,399,415,478,318
2.90,0.11,0.11,0.50,0.36,-0.18,329,399,415,478,317
2.99,-0.10,-0.10,0.59,0.13,-0.29,329,398,414,477,317
3.60,1.25,1.25,0.50,0.16,-0.39,329,398,414,476,317
3.40,1.63,1.63,0.17,0.15,-0.09,329,397,414,476,317
3.88,1.49,1.49,0.25,-0.15,-0.20,329,397,413,476,318
3.57,1.62,1.62,0.04,-0.09,0.03,328,397,413,475,317
3.22,0.93,0.93,-0.04,-0.03,0.03,328,397,413,475,317
2.71,1.08,1.08,-0.11,-0.15,-0.00,328,397,413,474,317
3.13,0.98,0.98,-0.06,-0.04,-0.03,328,397,413,474,317
3.06,1.08,1.08,-0.07,-0.03,0.04,328,397,412,473,317
END
3.62,0.84,0.84,0.03,-0.02,-0.07,329,394,406,453,328
1.33,-5.05,-5.05,0.24,0.22,0.07,329,395,406,453,327
0.26,-4.24,-4.24,0.77,0.54,0.21,329,396,407,454,326
1.84,-5.34,-5.34,0.12,-0.02,0.02,329,396,407,455,325
0.63,-4.80,-4.80,0.32,0.05,0.06,329,396,408,456,325
-0.31,-5.97,-5.97,0.90,0.45,-0.05,328,397,410,457,323
1.80,-8.20,-8.20,1.26,0.70,-0.01,328,399,413,462,321
3.83,-8.00,-8.00,0.34,0.09,-0.15,328,399,414,465,320
2.27,-8.18,-8.18,0.75,0.25,-0.25,328,400,415,468,319
3.22,-7.53,-7.53,0.36,0.08,0.16,328,400,415,469,319
0.39,-7.23,-7.23,1.29,0.58,-0.26,328,401,416,472,318
4.47,-8.73,-8.73,0.29,-0.24,-0.30,328,400,415,472,318
0.88,-7.70,-7.70,1.71,0.66,-0.23,328,401,415,474,318
3.68,-9.04,-9.04,0.26,-0.10,0.05,327,399,415,474,318
0.90,-8.54,-8.54,1.44,0.86,-0.06,328,400,414,473,318
5.10,-7.95,-7.95,0.81,0.11,-0.45,328,398,414,474,318
4.82,-7.75,-7.75,1.02,0.54,-0.45,328,396,412,472,317
3.53,-6.84,-6.84,0.97,0.29,-0.18,328,395,412,475,318
5.31,-7.36,-7.36,0.01,-0.48,-0.30,328,394,411,473,317
5.20,-6.32,-6.32,0.58,0.38,0.05,328,394,412,473,318
4.08,-5.74,-5.74,0.21,-0.13,-0.16,328,394,412,472,317
4.59,-5.57,-5.57,0.64,-0.29,-0.35,327,394,412,472,317
3.48,-4.92,-4.92,0.65,-0.40,-0.12,327,395,411,471,317
6.15,-4.94,-4.94,0.83,-0.07,-0.23,328,397,412,471,317
5.60,-3.47,-3.47,0.96,-0.54,-0.88,328,397,412,470,317
7.24,-3.10,-3.10,0.52,-0.03,-0.25,327,397,411,470,317
6.59,-2.59,-2.59,0.51,0.02,-0.37,328,398,412,470,317
7.33,-2.40,-2.40,0.26,-0.06,-0.38,328,398,412,471,317
6.27,-2.00,-2.00,0.31,0.08,-0.16,328,399,412,470,317
7.09,-0.90,-0.90,0.44,-0.03,-0.44,328,399,412,470,317
7.39,-0.85,-0.85,0.06,0.09,-0.16,328,399,411,469,317
6.40,-0.62,-0.62,0.44,-0.10,-0.47,328,399,411,469,317
7.72,-0.19,-0.19,0.07,-0.03,-0.05,328,399,411,469,317
7.90,-0.37,-0.37,0.20,-0.14,-0.29,328,399,411,469,317
8.59,0.46,0.46,0.07,-0.14,-0.04,328,399,411,469,317
END
6.91,-0.28,-0.28,-0.07,0.06,0.11,335,399,406,454,321
0.31,-4.85,-4.85,0.08,-0.00,-0.09,335,399,406,454,322
1.62,-5.69,-5.69,0.14,0.06,-0.18,335,399,406,454,322
0.11,-4.98,-4.98,0.07,0.07,-0.00,335,399,406,454,321
0.99,-5.29,-5.29,-0.02,0.04,-0.09,334,398,406,454,321
0.67,-5.36,-5.36,0.09,0.16,0.01,334,398,406,454,321
0.20,-5.04,-5.04,0.32,0.38,0.10,334,397,406,454,321
0.29,-6.82,-6.82,0.85,0.88,0.03,334,398,408,456,320
1.05,-7.96,-7.96,1.31,0.98,0.30,332,400,411,462,319
3.32,-6.84,-6.84,0.95,0.79,0.07,332,402,413,465,317
2.35,-8.20,-8.20,1.08,0.67,0.07,332,402,413,469,317
1.91,-8.74,-8.74,0.60,0.31,0.23,332,404,413,470,317
2.25,-7.67,-7.67,1.10,0.57,0.19,332,404,414,471,317
1.92,-7.44,-7.44,1.13,0.28,-0.15,332,405,415,474,316
3.75,-8.36,-8.36,1.11,-0.01,-0.54,332,403,416,476,316
0.41,-7.27,-7.27,1.32,0.14,-0.27,332,402,420,480,316
5.23,-8.57,-8.57,0.40,-0.37,-0.19,331,400,419,479,316
2.91,-7.62,-7.62,0.99,0.27,-0.61,331,399,419,478,316
4.07,-7.18,-7.18,0.53,0.01,-0.53,331,399,418,477,317
6.00,-6.32,-6.32,1.16,0.37,-0.61,332,398,416,476,316
4.06,-3.80,-3.80,1.61,0.06,-0.89,331,397,416,477,315
8.32,-3.39,-3.39,1.77,0.11,-0.85,332,395,414,476,315
4.03,-2.47,-2.47,0.75,0.39,-0.28,332,395,414,477,315
5.58,-0.93,-0.93,0.54,0.47,-0.31,332,394,414,477,316
4.47,-0.39,-0.39,0.76,0.18,-0.50,332,394,413,477,316
5.87,0.57,0.57,0.62,-0.12,-0.50,332,393,412,476,316
4.77,1.17,1.17,0.36,0.02,-0.26,331,393,412,476,316
5.89,1.72,1.72,0.33,-0.08,-0.38,331,392,412,475,317
5.49,2.17,2.17,0.38,0.00,-0.26,331,392,412,474,317
5.58,2.05,2.05,0.01,0.01,-0.05,331,392,411,472,318
5.71,2.16,2.16,-0.02,0.04,-0.03,331,392,411,471,318
4.78,1.38,1.38,-0.06,0.02,0.09,331,392,411,471,319
4.23,1.77,1.77,-0.11,-0.17,-0.06,330,391,411,470,319
5.28,1.89,1.89,-0.14,-0.01,-0.04,330,391,410,470,319
4.89,1.40,1.40,-0.07,0.00,-0.02,330,391,410,469,318
END
5.42,1.46,1.46,0.00,-0.07,-0.09,337,397,405,451,328
-0.37,-4.67,-4.67,0.09,0.02,0.09,337,397,405,451,327
-1.36,-5.08,-5.08,1.08,0.87,-0.00,337,398,407,452,325
1.34,-6.30,-6.30,0.64,0.25,0.13,336,399,408,453,324
0.01,-7.05,-7.05,0.56,0.43,0.08,335,401,409,454,322
0.75,-6.97,-6.97,0.02,-0.19,0.14,335,401,409,455,322
-0.12,-6.27,-6.27,0.32,0.24,0.00,335,401,410,456,321
0.48,-6.80,-6.80,0.39,0.18,-0.10,333,402,412,459,320
-1.33,-6.12,-6.12,1.55,0.88,-0.73,330,410,416,467,318
2.68,-9.05,-9.05,0.02,-0.07,0.25,330,409,416,469,318
0.78,-7.75,-7.75,1.25,0.51,-0.91,330,410,418,472,317
3.50,-8.38,-8.38,0.37,-0.04,-0.29,329,409,417,472,316
4.35,-8.69,-8.69,0.76,0.58,0.00,330,409,417,473,316
3.43,-8.79,-8.79,0.45,0.23,-0.13,329,408,417,472,316
2.34,-8.23,-8.23,1.32,0.54,-0.19,330,407,416,472,316
3.55,-8.66,-8.66,0.22,-0.12,-0.11,330,405,414,471,316
3.57,-8.10,-8.10,0.93,0.34,-0.12,330,405,416,473,316
4.07,-8.00,-8.00,0.51,-0.06,-0.45,330,404,415,472,315
2.88,-6.69,-6.69,1.20,0.59,0.04,330,404,415,472,316
3.70,-7.82,-7.82,0.64,0.05,-0.31,330,403,413,472,317
4.31,-6.48,-6.48,1.16,0.30,-0.45,330,402,414,472,316
4.11,-4.95,-4.95,0.96,-0.05,-0.40,330,401,414,473,316
4.06,-4.51,-4.51,1.25,-0.00,-0.76,331,400,413,472,316
4.67,-2.84,-2.84,0.87,0.08,-0.34,330,400,413,473,316
5.20,-1.92,-1.92,0.98,-0.09,-0.50,330,399,413,472,316
5.94,-0.93,-0.93,0.87,-0.09,-0.49,330,399,413,472,315
6.95,-0.32,-0.32,0.49,0.21,-0.26,330,399,412,472,315
5.76,0.37,0.37,0.52,0.29,-0.23,330,398,412,472,316
5.61,0.92,0.92,0.52,0.06,-0.26,330,399,412,472,316
4.31,0.96,0.96,0.39,-0.02,-0.17,330,399,412,472,316
5.05,1.64,1.64,0.46,-0.04,-0.26,329,398,412,472,317
5.02,2.10,2.10,0.25,-0.02,-0.24,329,398,412,472,317
4.59,1.84,1.84,-0.01,0.10,-0.00,329,398,412,471,317
4.81,2.44,2.44,-0.09,0.12,-0.05,329,398,411,471,317
4.87,1.95,1.95,-0.24,0.07,0.01,329,397,411,470,318
END
4.78,1.62,1.62,-0.16,0.07,-0.00,333,389,402,449,327
0.42,-4.50,-4.50,-0.17,-0.03,0.06,333,388,402,449,328
-1.22,-4.41,-4.41,0.18,0.29,0.21,333,389,402,448,327
1.41,-4.72,-4.72,0.01,0.18,0.10,333,389,403,449,327
-0.06,-4.76,-4.76,0.69,0.61,0.33,332,390,404,450,325
0.80,-5.58,-5.58,1.29,0.75,0.13,333,392,407,455,322
0.65,-5.46,-5.46,1.39,1.13,-0.43,332,395,410,461,320
1.46,-7.48,-7.48,0.83,0.31,0.02,332,395,411,464,319
4.75,-8.10,-8.10,0.47,-0.01,-0.06,332,395,411,464,319
0.75,-8.20,-8.20,0.74,0.49,0.18,332,395,412,465,318
0.55,-7.96,-7.96,0.61,0.31,-0.12,331,396,412,466,318
1.41,-7.74,-7.74,0.68,0.35,-0.18,331,397,412,467,318
3.93,-7.35,-7.35,1.22,0.44,-0.70,331,398,413,468,319
0.83,-8.64,-8.64,1.05,0.48,-0.12,331,399,413,469,319
5.52,-8.87,-8.87,0.67,0.05,-0.67,331,399,413,469,319
2.54,-8.18,-8.18,0.84,0.44,-0.30,331,399,413,470,318
4.69,-8.15,-8.15,0.78,0.25,-0.37,331,399,413,470,318
4.67,-7.02,-7.02,0.87,0.05,-0.54,331,399,413,470,318
5.48,-6.20,-6.20,0.83,0.14,-0.20,332,399,412,468,317
5.81,-5.30,-5.30,1.28,-0.14,-0.87,332,401,413,468,317
8.01,-5.14,-5.14,0.41,0.07,0.05,333,400,412,467,317
4.61,-4.57,-4.57,0.54,0.36,0.12,333,400,412,467,317
5.25,-3.81,-3.81,0.75,0.18,-0.21,333,400,412,467,317
4.57,-3.98,-3.98,1.00,0.38,-0.23,333,399,411,468,317
4.95,-2.91,-2.91,0.68,0.33,-0.29,333,399,411,468,318
4.85,-2.02,-2.02,0.92,0.46,-0.44,333,398,411,469,318
5.13,-0.57,-0.57,0.74,0.57,-0.04,334,397,411,470,322
4.09,-0.27,-0.27,0.55,0.15,-0.19,334,397,410,469,322
3.85,0.52,0.52,0.67,0.02,-0.31,334,396,410,469,322
4.72,0.81,0.81,0.35,0.05,-0.25,334,396,409,468,322
4.19,1.79,1.79,0.36,0.25,-0.03,334,396,409,468,322
4.56,1.37,1.37,0.07,-0.16,-0.14,333,395,409,467,322
4.64,1.72,1.72,0.01,0.08,0.10,333,395,409,467,322
4.09,1.11,1.11,-0.04,0.01,0.12,333,395,409,466,323
4.75,1.27,1.27,0.02,-0.07,0.07,333,395,408,466,323
END
4.36,1.18,1.18,0.01,0.02,0.07,353,388,401,445,331
0.29,-3.62,-3.62,0.04,0.07,-0.15,352,389,400,446,332
-0.49,-2.73,-2.73,0.01,0.03,-0.04,352,389,401,446,331
-0.51,-3.01,-3.01,0.15,0.08,-0.05,350,389,401,446,331
-0.38,-3.28,-3.28,0.24,0.26,-0.02,349,390,401,446,330
0.44,-3.19,-3.19,0.05,0.04,0.02,348,390,401,446,330
-1.44,-2.87,-2.87,0.89,0.83,0.17,347,391,402,448,327
1.97,-4.97,-4.97,0.63,0.50,-0.11,346,393,404,450,325
2.85,-7.30,-7.30,1.48,0.96,0.20,343,396,407,453,322
3.47,-6.98,-6.98,0.09,-0.38,0.12,342,397,409,456,321
-0.64,-5.53,-5.53,0.75,0.45,0.03,339,399,411,459,320
2.19,-6.99,-6.99,0.57,0.08,0.05,337,400,413,463,319
0.55,-9.00,-9.00,1.14,0.59,-0.18,336,401,413,465,319
4.77,-8.79,-8.79,0.15,-0.36,-0.02,336,401,412,465,320
0.68,-6.94,-6.94,1.53,0.62,-0.45,335,404,413,468,319
1.82,-8.41,-8.41,0.56,-0.16,-0.23,335,403,414,469,319
2.65,-7.97,-7.97,1.60,0.54,-0.41,334,404,414,470,319
3.37,-8.18,-8.18,1.06,0.18,-0.19,335,403,415,472,319
4.89,-8.15,-8.15,1.05,0.22,-0.41,335,403,415,472,318
3.76,-7.77,-7.77,0.94,0.13,-0.34,334,402,415,472,318
4.41,-7.87,-7.87,0.26,-0.17,-0.37,332,402,414,472,318
4.64,-7.29,-7.29,0.62,0.57,0.17,334,401,414,472,318
2.56,-7.59,-7.59,-0.13,0.11,-0.01,334,401,413,470,318
4.58,-6.24,-6.24,0.68,0.30,-0.30,334,401,413,470,318
3.45,-5.74,-5.74,0.66,-0.15,-0.70,334,401,413,470,318
7.07,-5.18,-5.18,0.77,-0.09,-0.69,334,400,413,470,318
5.66,-4.01,-4.01,0.92,0.18,-0.53,334,399,413,470,318
7.26,-3.57,-3.57,0.99,0.02,-0.53,334,398,412,470,318
5.58,-2.04,-2.04,1.19,0.23,-0.41,334,396,412,472,318
5.22,-1.47,-1.47,0.42,-0.12,-0.21,334,395,411,473,318
5.09,-0.90,-0.90,0.89,0.25,-0.18,334,395,412,474,318
5.92,-0.80,-0.80,0.12,-0.17,-0.14,334,394,411,472,319
5.15,-0.34,-0.34,0.37,0.20,-0.04,334,394,411,472,319
5.76,0.11,0.11,0.29,-0.07,-0.15,334,394,411,472,319
6.46,0.14,0.14,0.19,0.17,-0.02,334,394,411,471,318
END
6.37,0.63,0.63,0.12,0.18,0.10,336,391,403,448,332
0.99,-5.89,-5.89,0.42,0.21,-0.18,335,391,404,449,331
2.48,-6.49,-6.49,0.52,0.22,-0.15,335,392,406,451,329
2.86,-7.36,-7.36,0.47,0.10,-0.13,335,393,408,453,328
1.65,-7.89,-7.89,0.81,0.31,0.09,333,394,411,457,326
2.53,-7.58,-7.58,0.10,0.04,0.01,333,394,411,459,325
1.54,-7.06,-7.06,0.98,0.54,-0.22,333,396,413,463,324
2.86,-7.42,-7.42,0.30,-0.03,-0.21,333,395,412,464,323
-0.60,-5.92,-5.92,1.21,0.51,-0.07,333,395,413,467,323
4.61,-8.96,-8.96,0.76,0.09,-0.24,334,394,412,468,324
2.61,-8.52,-8.52,1.31,0.72,-0.30,335,395,412,469,326
4.80,-9.06,-9.06,0.94,0.32,-0.17,335,394,414,472,327
3.69,-8.36,-8.36,1.05,0.33,-0.40,336,395,414,471,326
3.45,-7.85,-7.85,0.86,0.36,0.26,335,394,415,473,325
4.32,-7.98,-7.98,0.51,0.04,-0.18,335,393,413,470,325
3.82,-7.68,-7.68,0.71,0.38,0.19,335,393,413,470,324
3.10,-7.30,-7.30,0.36,-0.20,-0.27,335,393,412,470,324
3.35,-6.77,-6.77,0.81,-0.02,-0.42,334,393,413,470,324
3.63,-6.02,-6.02,0.49,0.13,-0.12,334,392,413,470,325
3.64,-5.64,-5.64,0.76,-0.06,-0.66,334,392,412,469,323
5.71,-4.67,-4.67,0.48,0.04,-0.29,334,392,412,469,323
4.08,-4.47,-4.47,0.27,0.03,-0.24,334,392,412,469,323
4.40,-3.58,-3.58,0.57,0.04,-0.32,334,392,412,469,322
4.54,-3.23,-3.23,0.50,-0.30,-0.55,334,392,412,469,322
6.12,-2.68,-2.68,0.55,0.01,-0.34,335,392,411,469,322
5.29,-2.61,-2.61,0.25,0.31,0.00,334,392,411,468,322
4.93,-1.79,-1.79,0.41,0.14,-0.28,334,392,411,469,322
4.33,-1.18,-1.18,0.52,0.13,-0.38,334,391,411,468,322
4.96,-1.25,-1.25,0.47,0.14,-0.30,335,391,410,468,322
4.74,-0.11,-0.11,0.25,0.13,-0.27,335,391,410,468,322
5.30,0.37,0.37,0.42,0.28,-0.27,334,390,410,468,323
5.19,0.67,0.67,0.47,0.25,-0.22,334,390,410,468,324
4.17,1.60,1.60,0.60,0.13,-0.29,334,390,410,468,323
3.87,1.77,1.77,0.59,0.23,-0.20,335,390,410,468,322
5.24,1.69,1.69,0.24,0.09,-0.20,334,390,409,467,321
END
3.63,2.91,2.91,-0.12,0.15,0.17,333,392,407,451,324
0.29,-4.68,-4.68,0.21,0.24,0.09,333,392,409,454,324
1.60,-4.54,-4.54,0.24,0.23,0.12,332,391,410,455,323
0.69,-4.80,-4.80,0.42,0.36,0.17,332,391,410,455,323
1.06,-5.21,-5.21,0.25,0.16,0.12,332,392,411,456,322
1.24,-6.12,-6.12,0.36,0.36,0.09,332,392,411,457,321
1.21,-6.23,-6.23,0.61,0.50,0.27,332,393,412,459,320
0.82,-6.66,-6.66,0.42,0.40,0.04,331,394,413,461,319
1.03,-7.49,-7.49,1.12,0.82,-0.38,331,397,415,465,319
1.17,-6.68,-6.68,0.87,0.57,-0.22,331,399,416,468,317
2.99,-7.21,-7.21,1.16,0.53,-0.48,330,399,416,470,317
5.11,-8.23,-8.23,0.66,0.24,-0.50,330,399,416,469,316
3.66,-7.93,-7.93,0.73,0.51,0.34,330,400,416,469,316
3.17,-8.79,-8.79,0.45,0.31,0.42,330,401,415,468,315
1.61,-8.66,-8.66,0.86,0.49,-0.08,330,401,415,469,315
4.16,-8.98,-8.98,0.50,0.06,-0.09,330,401,414,468,315
3.07,-8.23,-8.23,1.13,0.34,-0.59,330,401,414,468,315
2.75,-8.08,-8.08,0.94,0.03,-0.37,330,401,414,467,315
6.35,-6.94,-6.94,1.15,0.11,-0.61,330,401,414,467,315
6.80,-6.50,-6.50,0.73,-0.18,-0.54,330,400,413,467,315
5.88,-5.78,-5.78,0.90,0.35,-0.10,330,401,413,467,315
5.32,-5.43,-5.43,0.75,0.17,-0.32,330,401,413,468,315
4.50,-4.66,-4.66,1.08,0.40,-0.31,330,401,414,468,315
5.20,-2.84,-2.84,0.97,0.08,-0.34,330,400,414,469,316
6.31,-2.63,-2.63,1.01,0.31,-0.29,331,399,413,470,318
3.68,-2.21,-2.21,0.65,0.30,0.02,331,399,414,472,319
3.64,-1.77,-1.77,0.34,0.14,-0.11,331,399,413,470,319
4.53,-0.85,-0.85,0.56,0.14,-0.20,331,398,413,470,320
4.49,-0.05,-0.05,0.50,-0.07,-0.34,331,398,413,470,321
4.32,0.52,0.52,0.56,0.18,-0.24,331,397,413,471,320
4.45,0.67,0.67,0.49,0.06,-0.32,331,397,412,470,320
4.91,2.23,2.23,0.37,0.09,-0.13,331,397,412,470,320
5.00,1.82,1.82,0.21,-0.36,-0.26,331,397,412,469,320
5.00,1.41,1.41,-0.01,0.04,0.15,330,396,412,469,320
4.41,1.55,1.55,-0.20,-0.05,0.09,331,396,411,469,320
END
5.70,1.37,1.37,-0.28,-0.11,0.10,333,392,402,448,328
0.53,-4.85,-4.85,0.29,0.30,0.08,333,393,403,450,327
1.77,-6.34,-6.34,0.26,0.43,-0.07,332,393,405,452,326
1.54,-6.64,-6.64,0.40,0.33,0.24,332,394,406,453,325
1.75,-6.57,-6.57,-0.12,-0.07,0.11,332,394,406,453,325
0.05,-6.08,-6.08,0.59,0.55,0.24,332,394,407,455,324
2.56,-6.93,-6.93,0.38,0.13,0.07,332,395,408,457,323
0.83,-7.11,-7.11,1.29,1.11,0.10,333,396,411,461,324
3.45,-7.80,-7.80,0.09,-0.06,0.16,333,396,415,468,327
3.17,-7.48,-7.48,0.79,0.61,-0.28,332,397,415,469,326
1.15,-7.65,-7.65,0.56,0.10,0.00,332,397,416,471,325
1.33,-7.25,-7.25,1.07,0.45,-0.57,332,397,415,469,324
2.97,-8.28,-8.28,0.82,0.50,0.06,333,397,413,468,324
2.87,-7.75,-7.75,1.11,0.31,-0.47,334,397,413,468,325
3.12,-8.34,-8.34,0.82,0.30,-0.02,335,397,412,468,324
4.29,-8.26,-8.26,0.51,-0.09,-0.38,335,396,412,468,324
3.96,-8.01,-8.01,0.99,0.31,-0.39,335,396,412,468,324
5.32,-7.90,-7.90,0.28,0.07,0.02,335,396,412,468,323
5.48,-7.34,-7.34,0.78,0.42,-0.21,335,395,411,468,323
3.40,-6.40,-6.40,0.74,0.14,-0.23,335,395,411,469,323
5.25,-6.04,-6.04,0.88,-0.06,-0.82,335,394,411,468,323
4.51,-5.21,-5.21,0.63,0.05,-0.54,335,394,411,468,323
5.44,-4.73,-4.73,0.48,0.27,-0.13,335,393,410,468,322
3.37,-4.57,-4.57,0.64,0.27,-0.26,335,393,411,468,322
5.69,-3.19,-3.19,0.40,0.26,-0.27,335,392,410,468,322
4.47,-2.36,-2.36,0.64,0.28,-0.22,335,392,410,468,323
5.86,-1.81,-1.81,0.75,-0.03,-0.55,335,392,410,468,322
5.43,-1.72,-1.72,0.63,0.14,-0.30,335,391,410,467,322
4.74,-1.03,-1.03,0.44,0.25,-0.16,335,391,410,468,322
4.41,-0.39,-0.39,0.36,0.19,-0.22,335,391,409,467,322
4.52,0.06,0.06,0.45,0.05,-0.34,334,391,410,467,322
5.00,1.11,1.11,0.27,-0.03,-0.27,334,391,409,467,322
5.16,1.05,1.05,0.13,-0.06,-0.17,335,390,409,467,322
4.49,1.04,1.04,0.12,0.00,-0.15,334,390,409,466,322
5.02,1.18,1.18,0.19,0.07,-0.15,334,390,409,466,322
END
4.41,1.12,1.12,0.08,0.01,-0.16,330,390,400,446,329
0.91,-4.67,-4.67,0.09,0.13,-0.11,330,390,400,447,329
0.28,-4.57,-4.57,0.00,-0.05,-0.02,331,390,400,447,328
0.52,-4.59,-4.59,0.03,0.04,-0.13,331,390,400,447,328
0.35,-5.18,-5.18,0.07,0.02,0.01,331,390,400,447,327
0.80,-4.82,-4.82,0.13,0.10,-0.06,331,390,400,447,327
0.33,-5.03,-5.03,0.28,0.16,0.01,331,391,400,447,327
-0.41,-4.54,-4.54,0.68,0.48,0.10,330,392,401,448,325
0.55,-6.06,-6.06,1.20,0.79,-0.06,330,394,402,450,324
1.29,-7.67,-7.67,1.16,0.98,-0.19,330,397,405,454,322
3.09,-7.75,-7.75,0.87,0.46,-0.24,330,399,408,459,321
2.60,-7.19,-7.19,1.67,0.92,0.13,330,402,410,463,319
5.41,-7.85,-7.85,1.04,0.26,-0.98,330,403,411,465,319
4.63,-7.96,-7.96,0.72,0.21,-0.09,330,401,410,465,318
5.52,-6.86,-6.86,1.35,0.45,-0.32,330,402,411,467,318
3.22,-7.71,-7.71,0.54,0.17,0.05,330,401,410,466,318
6.22,-8.27,-8.27,0.83,0.40,-0.20,330,400,411,467,318
3.92,-6.93,-6.93,0.60,0.29,0.01,330,400,410,466,318
4.95,-6.19,-6.19,1.00,0.07,-0.42,330,400,411,468,318
4.95,-5.84,-5.84,0.74,-0.00,-0.26,328,399,411,467,318
6.17,-5.41,-5.41,1.05,0.04,-0.54,329,399,411,467,317
5.30,-5.18,-5.18,0.47,0.02,-0.17,329,398,411,468,317
5.43,-4.41,-4.41,0.68,0.08,-0.37,329,398,411,468,317
5.92,-3.38,-3.38,0.63,0.17,-0.11,329,398,412,469,317
5.69,-2.44,-2.44,1.20,0.19,-0.35,330,399,412,468,318
6.58,-2.02,-2.02,0.76,0.01,-0.27,330,398,412,469,318
4.77,-1.06,-1.06,0.67,0.28,-0.24,330,398,412,470,317
5.56,-0.85,-0.85,0.53,0.08,-0.36,330,397,413,472,317
4.57,-0.30,-0.30,0.44,0.35,-0.31,329,396,413,471,318
4.95,0.45,0.45,0.35,0.36,-0.20,329,396,412,471,318
5.00,1.37,1.37,0.11,0.22,-0.35,329,396,412,470,318
4.84,1.18,1.18,-0.06,0.06,-0.39,329,396,412,468,319
5.15,1.64,1.64,-0.42,-0.02,-0.07,329,397,411,467,319
5.32,0.90,0.90,-0.65,-0.13,-0.17,329,396,410,466,320
4.32,0.92,0.92,-0.89,-0.22,0.20,329,397,410,464,320
END
5.71,-1.60,-1.60,-1.26,-0.38,-0.06,329,399,403,446,329
2.38,-5.39,-5.39,-0.04,-0.12,-0.09,329,399,403,446,329
2.37,-5.22,-5.22,0.01,-0.03,0.06,329,399,403,446,329
2.30,-5.35,-5.35,-0.06,0.06,0.11,329,399,403,446,328
2.43,-5.01,-5.01,0.01,0.15,0.13,329,399,403,446,328
2.51,-5.64,-5.64,0.38,0.51,0.28,329,399,404,447,326
2.47,-6.22,-6.22,0.55,0.58,0.38,329,401,406,450,324
2.77,-6.18,-6.18,0.77,0.68,0.05,329,402,408,453,323
3.54,-6.70,-6.70,0.90,0.66,-0.09,329,404,410,457,322
4.87,-8.21,-8.21,0.37,0.14,0.16,329,404,411,459,322
2.68,-7.50,-7.50,0.91,0.58,0.21,329,404,411,461,321
1.33,-7.69,-7.69,0.85,0.30,0.28,329,404,412,463,321
0.88,-7.49,-7.49,0.65,0.52,0.07,329,404,412,463,320
1.93,-7.57,-7.57,1.06,0.66,0.05,330,405,413,466,320
4.59,-8.84,-8.84,1.21,0.45,-0.54,330,404,413,466,321
2.73,-8.18,-8.18,1.13,0.74,0.14,330,402,412,467,321
1.82,-7.35,-7.35,0.83,0.58,-0.05,330,402,412,468,322
3.22,-7.93,-7.93,0.72,0.13,-0.41,331,401,412,467,322
4.36,-7.50,-7.50,0.82,0.45,-0.24,331,400,412,468,322
2.00,-6.64,-6.64,0.66,0.48,-0.16,331,400,412,468,322
4.08,-6.75,-6.75,0.57,0.19,-0.22,332,398,412,468,322
2.38,-5.47,-5.47,0.51,0.22,-0.03,331,398,412,467,321
2.21,-5.44,-5.44,0.20,0.14,-0.04,331,398,411,467,321
2.86,-4.96,-4.96,1.02,0.25,-0.29,331,397,411,467,321
3.35,-4.19,-4.19,1.10,-0.19,-0.41,331,397,411,468,321
3.86,-2.95,-2.95,1.38,-0.21,-0.66,331,396,411,468,320
4.72,-1.48,-1.48,1.32,-0.23,-0.58,331,395,410,469,319
4.22,-0.66,-0.66,0.45,0.21,-0.15,331,394,410,469,319
3.24,0.88,0.88,0.44,0.35,-0.19,330,394,410,469,319
3.67,1.02,1.02,0.70,-0.15,-0.41,330,393,409,469,319
4.33,1.85,1.85,0.41,0.13,-0.21,330,393,409,469,320
3.78,1.95,1.95,0.16,0.05,-0.17,330,393,409,467,320
4.09,2.00,2.00,-0.24,-0.01,0.06,330,394,408,465,321
6.03,1.23,1.23,-1.15,-0.39,0.02,329,393,408,464,324
3.97,-0.14,-0.14,-1.52,-0.68,0.78,330,396,406,460,322
END
5.97,-0.55,-0.55,-2.07,-0.95,0.56,331,393,402,447,326
1.53,-5.71,-5.71,0.19,0.10,-0.04,331,393,403,447,325
0.60,-5.89,-5.89,0.84,0.69,0.13,331,394,405,449,324
1.22,-7.19,-7.19,0.80,0.56,0.09,330,395,407,453,322
2.64,-7.73,-7.73,0.30,0.31,-0.03,331,396,408,455,321
-0.40,-7.07,-7.07,0.91,0.75,0.09,331,396,410,459,320
1.67,-7.70,-7.70,0.34,0.27,0.18,331,395,411,461,320
2.81,-7.75,-7.75,0.43,0.33,-0.17,330,395,411,461,319
3.27,-8.39,-8.39,0.69,0.42,-0.12,330,395,410,462,318
1.79,-8.60,-8.60,0.62,0.23,-0.16,330,395,410,463,318
2.66,-8.31,-8.31,1.05,0.26,-0.85,330,397,410,463,318
2.51,-8.03,-8.03,0.90,0.29,-0.16,330,399,410,465,318
5.97,-7.93,-7.93,0.99,-0.09,-0.97,330,399,410,465,318
4.95,-7.65,-7.65,1.18,0.60,0.00,332,398,410,466,318
5.50,-7.07,-7.07,0.96,-0.19,-1.01,332,399,410,467,318
3.63,-5.72,-5.72,1.35,0.40,-0.85,333,399,410,466,318
8.55,-6.13,-6.13,0.48,0.10,-0.18,335,398,409,466,318
6.22,-5.17,-5.17,0.84,0.33,-0.55,335,398,409,466,318
6.63,-3.72,-3.72,0.72,0.67,-0.04,335,397,409,466,317
5.69,-2.94,-2.94,0.54,0.14,-0.49,336,397,409,466,317
6.78,-2.71,-2.71,0.52,0.22,-0.31,336,396,408,466,317
5.62,-2.33,-2.33,0.49,0.61,-0.00,335,396,408,465,317
5.56,-1.81,-1.81,0.61,0.29,-0.21,335,396,408,465,317
6.03,-1.84,-1.84,0.69,0.48,-0.04,335,395,408,465,317
4.24,-0.43,-0.43,0.66,0.41,-0.06,335,394,408,466,316
3.98,-0.71,-0.71,0.95,0.42,-0.47,336,393,407,467,316
4.14,0.68,0.68,0.55,0.14,-0.33,336,392,407,469,316
4.80,2.15,2.15,0.21,0.05,-0.22,335,391,407,469,316
3.91,1.77,1.77,0.03,-0.07,-0.18,335,391,407,467,316
4.91,0.80,0.80,0.06,-0.00,-0.07,334,391,407,466,315
4.74,1.03,1.03,-0.44,-0.33,-0.13,334,390,407,465,316
5.12,0.43,0.43,-0.86,-0.51,0.08,334,390,406,462,316
7.01,-0.23,-0.23,-1.40,-0.79,0.13,334,393,406,461,316
5.39,-1.31,-1.31,-1.74,-0.66,0.77,334,393,404,459,317
7.93,-3.63,-3.63,-2.37,-1.03,0.51,334,393,402,456,317
END
5.61,-5.20,-5.20,-2.00,-0.61,1.20,330,398,402,446,328
1.28,-6.20,-6.20,0.10,0.06,0.07,330,398,402,446,327
0.45,-6.14,-6.14,0.54,0.42,0.05,331,398,404,448,326
1.89,-6.81,-6.81,0.03,-0.04,0.01,331,399,405,448,325
-0.14,-6.42,-6.42,0.93,0.67,-0.23,330,402,407,452,323
2.39,-7.59,-7.59,0.34,0.19,-0.26,330,403,409,455,323
1.53,-7.14,-7.14,1.72,1.14,-0.49,329,407,411,460,320
3.14,-8.17,-8.17,1.59,0.80,-0.35,330,408,412,465,319
4.26,-8.97,-8.97,0.46,-0.13,-0.31,330,406,410,464,318
4.62,-8.29,-8.29,1.12,0.40,-0.46,329,407,412,466,319
4.21,-8.65,-8.65,0.40,0.06,0.04,329,406,411,464,319
2.27,-7.93,-7.93,1.19,0.60,-0.02,329,407,413,465,318
4.01,-8.06,-8.06,1.21,0.11,-0.13,329,406,412,464,318
2.80,-6.96,-6.96,1.63,0.53,-0.05,329,407,413,465,318
5.12,-6.37,-6.37,0.98,0.00,-0.26,330,406,412,466,319
4.66,-5.45,-5.45,0.93,0.13,-0.36,330,406,411,466,318
3.87,-4.79,-4.79,0.86,0.10,-0.32,330,405,412,466,319
4.32,-4.90,-4.90,0.79,0.01,-0.30,329,404,411,465,319
3.63,-4.06,-4.06,0.74,0.05,-0.48,329,404,411,466,319
4.70,-3.12,-3.12,0.82,0.39,-0.37,329,403,410,464,319
4.91,-0.78,-0.78,1.00,0.22,-0.56,329,403,410,466,319
5.64,-0.17,-0.17,0.66,-0.31,-0.50,329,401,410,466,319
4.23,-0.32,-0.32,0.66,0.05,-0.33,329,401,410,466,319
3.95,0.75,0.75,0.51,-0.07,-0.38,329,400,410,466,319
4.41,1.72,1.72,0.43,-0.05,-0.30,329,400,410,466,320
5.08,2.48,2.48,0.54,-0.36,-0.49,329,399,409,465,320
4.39,2.51,2.51,0.50,-0.19,-0.44,330,400,409,464,320
5.76,2.91,2.91,0.19,-0.07,-0.35,330,400,408,463,319
3.47,3.33,3.33,-0.08,0.42,0.00,330,400,408,463,320
END