2.35,-9.30,-0.85,0.08,-0.12,-0.05,550,481,482,344,339
3.80,-8.83,1.88,-0.03,-0.02,-0.01,550,481,482,344,339
3.26,-8.48,1.87,0.01,-0.01,-0.03,550,481,482,345,339
3.41,-8.46,1.61,0.01,-0.03,-0.03,550,481,482,344,339
2.98,-8.63,1.90,0.07,0.00,-0.04,549,481,481,344,339
2.99,-8.81,1.87,0.04,-0.04,-0.09,549,481,481,344,339
2.83,-8.89,2.18,0.17,0.07,-0.10,549,481,481,344,338
2.04,-9.40,2.46,-0.02,0.09,-0.08,548,481,480,344,338
0.53,-9.35,2.48,-0.13,0.33,0.04,548,481,481,343,338
-0.68,-8.77,2.22,-0.14,0.61,-0.11,548,481,480,344,338
1.13,-8.92,3.22,-0.05,0.84,-0.09,548,481,480,344,338
2.92,-9.43,3.98,-0.17,0.86,-0.29,547,480,480,345,338
3.12,-8.59,4.03,-0.31,0.80,-0.34,547,481,481,345,338
3.23,-7.73,3.42,-0.38,0.80,-0.29,546,480,481,345,338
2.33,-7.88,3.12,-0.29,0.85,-0.22,545,480,480,345,338
2.62,-8.59,3.50,-0.27,0.83,-0.35,545,480,480,345,338
2.96,-8.56,3.61,-0.37,0.87,-0.39,545,480,480,345,338
2.82,-8.05,2.84,-0.40,0.82,-0.57,544,480,480,346,342
3.84,-7.86,2.78,-0.32,0.88,-0.41,544,479,480,346,351
3.67,-8.27,2.70,-0.35,0.75,-0.43,543,479,480,347,351
4.19,-8.61,2.80,-0.28,0.71,-0.33,543,479,480,345,346
4.46,-7.95,2.25,-0.32,0.67,-0.32,543,479,480,345,342
3.93,-8.66,2.73,-0.37,0.66,-0.19,543,478,479,345,341
5.43,-8.25,2.52,-0.47,0.55,-0.30,543,479,479,346,340
3.73,-8.04,1.84,-0.53,0.49,-0.22,542,478,479,345,339
4.15,-8.24,1.95,-0.49,0.58,-0.42,542,478,479,345,339
4.66,-8.03,1.56,-0.45,0.63,-0.47,542,478,479,346,338
3.95,-8.23,1.66,-0.58,0.57,-0.39,541,478,479,345,337
5.56,-7.54,1.25,-0.51,0.56,-0.39,541,477,478,345,337
5.81,-7.07,1.11,-0.56,0.47,-0.22,541,477,478,345,337
6.14,-6.93,0.88,-0.50,0.52,-0.32,540,477,478,346,338
6.03,-6.50,0.24,-0.52,0.48,-0.18,540,477,478,346,337
5.06,-6.87,0.62,-0.51,0.50,-0.18,540,477,478,345,337
5.81,-7.16,0.30,-0.51,0.59,-0.30,540,476,477,346,336
7.07,-7.00,-0.28,-0.64,0.50,-0.21,539,476,478,345,337
6.54,-7.57,0.46,-0.38,0.46,-0.11,538,475,477,345,336
END
5.58,-7.60,0.38,-0.41,0.45,-0.05,542,475,476,344,334
2.84,-8.94,0.73,0.04,0.00,-0.10,541,475,476,344,334
2.10,-8.69,0.93,0.08,-0.10,-0.01,541,474,475,344,334
1.93,-9.31,0.90,0.13,-0.13,-0.06,541,474,475,344,333
1.86,-9.91,1.35,0.11,-0.09,-0.05,541,474,475,344,333
0.60,-9.87,1.67,0.01,-0.02,-0.06,541,474,475,344,333
-0.93,-10.11,2.07,-0.09,0.23,0.01,541,474,475,344,333
-0.74,-9.22,1.95,-0.05,0.58,-0.06,541,474,475,344,333
-1.66,-8.37,2.20,0.00,0.82,-0.08,541,474,475,344,333
-1.47,-8.27,3.24,0.11,1.07,-0.18,541,475,475,344,333
0.88,-8.83,4.16,0.13,1.20,-0.16,540,474,475,344,333
1.67,-8.95,3.89,0.08,1.14,-0.33,540,474,475,344,332
1.81,-9.13,3.99,-0.05,1.11,-0.30,540,474,475,344,332
2.25,-9.47,4.13,-0.11,1.10,-0.32,539,474,474,344,331
2.38,-8.94,3.56,-0.25,0.90,-0.32,539,474,474,344,332
1.12,-8.65,3.22,-0.22,0.99,-0.24,539,474,475,344,331
1.12,-8.61,3.16,-0.26,0.89,-0.38,539,473,474,344,331
1.19,-8.35,3.08,-0.23,0.94,-0.42,538,473,474,344,331
1.54,-8.36,2.94,-0.25,0.94,-0.50,538,473,474,344,331
1.72,-8.47,3.17,-0.25,0.88,-0.39,538,473,474,344,330
2.05,-8.75,3.19,-0.26,0.90,-0.39,538,473,474,344,331
2.66,-8.37,2.47,-0.35,0.93,-0.40,538,473,474,344,330
3.63,-8.44,2.57,-0.31,0.85,-0.37,537,473,474,344,331
2.89,-8.68,2.19,-0.36,0.76,-0.44,537,473,474,344,330
3.16,-8.52,2.05,-0.33,0.60,-0.42,536,473,474,344,330
3.58,-8.56,1.82,-0.34,0.66,-0.43,536,473,473,343,330
3.18,-8.36,2.07,-0.28,0.64,-0.34,536,473,473,343,331
2.97,-8.54,1.70,-0.37,0.73,-0.36,535,473,473,344,330
3.60,-8.46,1.92,-0.42,0.75,-0.48,535,473,473,344,330
4.04,-8.70,1.56,-0.55,0.73,-0.48,535,472,473,344,330
4.36,-8.48,1.54,-0.50,0.78,-0.33,535,472,473,344,330
7.26,-8.06,0.86,-0.35,0.71,-0.17,534,472,473,344,330
4.77,-7.59,1.15,-0.36,0.67,-0.05,534,472,473,344,330
5.58,-7.27,1.01,-0.50,0.54,-0.34,533,472,473,344,330
5.94,-6.53,0.04,-0.39,0.53,-0.28,533,472,473,344,330
5.74,-6.91,0.54,-0.38,0.45,-0.25,533,471,472,344,330
END
6.03,-7.35,0.32,-0.34,0.47,-0.13,534,469,471,344,330
1.67,-9.58,1.68,-0.01,0.10,-0.04,534,469,471,343,330
1.73,-8.84,1.69,-0.06,0.04,0.04,533,470,471,343,331
1.54,-8.23,1.50,-0.04,0.05,-0.17,533,470,471,344,330
-0.34,-9.08,2.56,0.18,0.22,0.09,533,470,471,344,331
-1.99,-9.39,2.84,0.14,0.51,-0.00,534,470,471,344,331
-0.51,-9.63,3.16,0.05,0.69,-0.20,534,470,471,343,330
0.49,-8.50,2.42,0.16,0.99,-0.30,533,470,471,343,330
0.72,-8.03,3.50,0.19,0.87,-0.32,534,470,471,344,330
1.44,-8.91,4.11,0.06,0.91,-0.36,533,470,470,343,330
1.28,-9.22,4.59,-0.06,0.90,-0.38,533,470,470,343,330
1.87,-8.99,4.13,-0.24,0.90,-0.32,533,470,470,343,330
1.72,-8.73,4.03,-0.13,0.93,-0.22,532,470,470,343,329
0.35,-7.49,3.40,0.09,1.19,-0.29,532,470,470,344,330
1.78,-8.86,4.47,-0.19,0.82,-0.47,532,470,470,344,329
1.87,-8.35,3.89,-0.18,0.86,-0.38,532,470,470,344,330
2.05,-9.17,4.27,-0.28,0.72,-0.47,531,470,470,344,330
1.34,-8.43,3.69,-0.27,0.73,-0.38,531,470,470,344,329
1.51,-8.59,3.55,-0.33,0.69,-0.50,531,470,470,344,329
2.48,-7.93,2.89,-0.34,0.64,-0.48,531,470,470,344,329
1.25,-8.53,3.68,-0.24,0.67,-0.29,531,470,469,344,329
1.07,-8.20,3.08,-0.29,0.77,-0.46,531,469,469,343,329
2.54,-8.99,3.24,-0.34,0.72,-0.42,531,469,469,343,329
2.66,-8.73,2.59,-0.34,0.85,-0.50,530,469,469,343,329
3.17,-8.64,2.86,-0.42,0.87,-0.40,531,469,469,344,330
3.56,-8.61,2.89,-0.45,0.81,-0.39,530,469,469,344,329
3.70,-8.31,2.15,-0.47,0.78,-0.38,530,469,469,344,329
4.39,-8.17,2.39,-0.51,0.65,-0.45,530,469,469,344,329
3.98,-8.18,2.15,-0.39,0.67,-0.37,530,469,469,345,329
4.07,-7.97,1.49,-0.57,0.70,-0.45,529,469,469,344,329
5.57,-7.56,1.26,-0.63,0.65,-0.56,529,468,469,343,329
4.66,-7.80,0.99,-0.68,0.65,-0.27,529,468,469,344,329
5.58,-7.24,0.83,-0.60,0.70,-0.46,528,468,469,344,328
6.02,-7.34,0.31,-0.55,0.64,-0.42,528,468,468,344,329
5.10,-6.83,-0.14,-0.51,0.72,-0.17,527,468,468,344,329
7.83,-6.44,1.07,-0.21,0.67,-0.41,527,467,468,344,329
END
9.07,-6.64,0.83,-0.34,0.48,-0.10,529,471,476,343,406
-0.90,-9.45,2.18,-0.22,0.09,-0.02,529,471,476,343,407
-0.15,-8.83,2.39,-0.06,0.37,-0.10,529,471,476,343,407
-0.46,-8.36,1.96,0.00,0.48,-0.29,529,471,475,343,406
2.45,-8.87,2.47,0.12,0.48,-0.20,529,471,476,343,406
-1.09,-8.63,2.69,0.05,0.62,-0.16,529,471,476,343,406
1.87,-9.36,3.65,0.07,0.77,-0.18,529,471,476,343,405
1.72,-9.09,3.53,0.12,0.90,-0.18,529,471,476,343,405
-0.27,-8.47,2.94,0.06,0.91,0.11,529,471,475,343,404
0.28,-9.15,4.48,-0.01,0.84,-0.39,528,471,475,343,404
0.60,-8.88,4.29,-0.18,0.78,-0.44,529,471,475,343,404
1.46,-8.93,4.29,-0.24,0.79,-0.44,528,471,475,343,403
0.73,-8.35,3.98,-0.26,0.82,-0.43,528,471,475,343,403
1.90,-7.89,3.67,-0.26,0.81,-0.48,528,471,475,343,402
2.26,-7.95,3.04,-0.17,0.83,-0.47,528,471,475,343,402
2.56,-8.18,3.23,-0.14,0.82,-0.39,528,471,475,343,402
1.62,-8.41,3.70,-0.16,0.82,-0.48,528,471,475,343,401
2.05,-8.59,5.20,-0.30,0.74,-0.50,527,471,474,343,401
2.55,-8.33,3.54,-0.26,0.74,-0.56,527,470,474,343,401
1.86,-8.54,3.55,-0.29,0.74,-0.17,527,470,474,343,401
2.73,-8.88,3.24,-0.29,0.67,-0.45,527,470,474,342,401
2.47,-8.40,2.81,-0.33,0.65,-0.23,526,470,474,343,401
3.57,-8.38,2.61,-0.34,0.59,-0.36,527,470,474,343,401
3.04,-8.36,2.76,-0.32,0.65,-0.35,526,470,474,343,400
3.26,-8.54,2.51,-0.38,0.66,-0.28,526,470,474,343,400
2.86,-8.43,2.35,-0.50,0.63,-0.31,525,470,474,343,400
2.73,-8.23,2.28,-0.47,0.71,-0.39,525,470,474,343,400
3.70,-8.03,1.86,-0.53,0.63,-0.41,525,470,474,343,400
4.44,-7.99,1.26,-0.41,0.71,-0.35,524,470,473,344,400
4.70,-8.15,1.43,-0.40,0.69,-0.37,524,469,473,343,400
5.53,-7.97,1.31,-0.46,0.66,-0.22,524,469,473,343,400
5.18,-7.33,0.90,-0.47,0.62,-0.22,524,469,473,343,399
4.38,-7.62,1.44,-0.39,0.71,-0.29,523,469,473,343,399
4.83,-7.26,1.15,-0.52,0.77,-0.27,523,469,473,343,399
4.99,-7.08,1.57,-0.51,0.73,-0.27,522,469,473,343,399
5.93,-6.77,1.08,-0.41,0.73,-0.12,522,468,473,344,399
END
7.48,-6.71,0.95,-0.21,0.61,-0.18,527,471,473,343,386
2.04,-9.33,2.42,0.07,-0.40,-0.01,527,470,473,342,385
1.32,-8.57,1.82,-0.05,-0.44,0.11,527,470,473,342,386
2.44,-9.33,2.12,0.09,-0.40,-0.05,527,470,473,343,386
0.76,-9.55,1.74,0.10,-0.20,0.14,527,470,473,343,386
-0.60,-9.48,1.80,0.01,-0.22,-0.20,527,470,473,342,386
-2.30,-10.36,2.54,-0.13,0.12,-0.24,527,470,473,342,386
-1.76,-8.84,1.41,-0.15,0.57,-0.24,527,471,473,342,386
-2.20,-8.15,1.64,-0.03,0.88,-0.22,527,471,473,342,386
-0.01,-8.94,3.90,0.33,1.33,-0.24,527,471,473,343,386
2.63,-9.98,5.59,0.04,1.30,-0.35,526,471,473,342,385
2.61,-9.75,5.23,-0.27,1.28,-0.27,526,470,472,343,385
2.94,-9.35,4.36,-0.39,1.12,-0.23,526,470,472,343,384
2.28,-8.47,3.58,-0.36,0.99,-0.35,525,470,472,342,384
2.19,-8.45,3.40,-0.34,0.96,-0.32,525,470,472,343,384
2.45,-7.90,2.99,-0.27,0.92,-0.39,525,470,472,342,384
2.16,-7.66,2.97,-0.22,0.92,-0.30,525,470,472,342,384
2.94,-7.84,2.86,-0.17,0.83,-0.43,525,470,472,342,384
2.58,-8.23,2.59,-0.20,0.79,-0.39,525,470,472,342,384
3.47,-8.54,2.71,-0.24,0.74,-0.38,525,470,472,342,384
2.43,-8.91,2.91,-0.22,0.80,-0.34,525,470,472,342,384
3.73,-8.13,1.93,-0.37,0.76,-0.39,524,470,472,342,385
4.32,-8.70,2.40,-0.25,0.61,-0.35,524,469,472,342,384
4.13,-8.51,1.72,-0.24,0.60,-0.25,524,469,472,342,384
3.70,-8.91,2.40,-0.26,0.52,-0.30,524,469,472,342,384
3.43,-8.54,2.05,-0.25,0.58,-0.16,524,469,471,342,384
3.26,-8.80,2.10,-0.31,0.51,-0.22,523,469,472,342,384
3.66,-8.57,2.10,-0.30,0.58,-0.24,523,469,471,342,384
3.70,-8.36,1.67,-0.31,0.59,-0.20,523,469,471,342,384
3.97,-8.31,1.55,-0.26,0.56,-0.22,523,469,471,342,384
4.06,-8.69,1.56,-0.27,0.52,-0.15,523,469,471,342,384
3.07,-8.42,1.22,-0.37,0.58,-0.18,523,469,471,342,384
4.63,-8.54,1.43,-0.35,0.52,-0.21,522,469,471,342,384
3.79,-8.31,1.46,-0.32,0.58,-0.23,522,469,471,342,384
4.30,-8.33,1.51,-0.42,0.53,-0.13,522,469,471,342,384
4.87,-7.93,0.90,-0.37,0.49,-0.23,522,469,471,342,384
END
3.80,-7.94,0.98,-0.36,0.50,-0.20,521,467,469,342,375
2.25,-9.19,0.50,0.03,-0.31,-0.17,521,466,469,342,375
2.25,-9.15,0.39,0.11,-0.28,-0.04,522,467,468,342,375
2.10,-9.18,0.14,0.14,-0.47,0.01,523,467,469,342,376
-0.88,-8.83,0.34,0.12,-0.17,-0.04,523,467,469,342,376
-1.81,-9.29,0.74,0.21,0.49,-0.23,523,467,468,342,376
-0.83,-8.74,1.33,0.18,0.67,-0.26,523,467,469,342,376
0.57,-9.58,2.27,0.42,1.25,-0.25,523,468,469,342,376
0.68,-10.00,3.53,0.06,1.16,0.01,523,467,468,342,375
2.76,-9.78,4.47,0.06,1.21,-0.21,523,467,468,342,375
2.38,-8.82,3.96,-0.07,1.18,-0.15,523,467,468,342,376
2.84,-8.54,4.29,-0.03,1.04,-0.07,523,467,468,342,375
2.81,-8.58,3.92,-0.06,1.02,-0.13,522,467,468,343,375
2.53,-8.64,3.74,-0.08,0.88,-0.27,522,467,468,343,374
1.97,-8.35,3.75,-0.23,0.81,-0.45,522,467,468,343,375
1.58,-8.02,3.83,-0.00,1.01,-0.11,522,467,468,343,375
2.08,-8.31,4.05,-0.16,0.84,-0.33,521,467,468,343,375
1.03,-8.07,2.99,-0.19,0.78,-0.40,521,467,468,343,375
2.10,-8.64,3.80,-0.21,0.71,-0.55,520,467,468,343,376
1.36,-8.92,3.59,-0.37,0.67,-0.54,520,467,468,343,375
2.51,-8.51,3.50,-0.35,0.68,-0.41,520,466,468,343,375
2.44,-8.80,3.53,-0.37,0.68,-0.38,519,466,467,343,375
2.78,-8.75,2.78,-0.31,0.55,-0.33,519,466,467,343,375
2.42,-9.10,2.77,-0.39,0.53,-0.27,519,466,467,343,375
3.23,-8.63,2.07,-0.34,0.53,-0.37,519,466,467,343,375
3.32,-8.89,1.93,-0.55,0.51,-0.37,519,466,467,343,375
3.17,-8.62,1.65,-0.36,0.56,-0.33,519,466,467,343,375
2.45,-8.28,0.68,-0.41,0.73,-0.23,518,466,467,343,375
3.34,-8.65,1.86,-0.44,0.66,-0.34,518,466,467,343,375
3.68,-8.28,1.21,-0.36,0.75,-0.26,518,466,467,343,375
5.52,-8.02,1.44,-0.44,0.76,-0.38,518,466,467,343,375
5.31,-8.15,1.50,-0.54,0.62,-0.20,517,465,467,343,375
4.93,-8.20,0.73,-0.49,0.67,-0.20,517,465,467,343,376
4.86,-8.81,1.01,-0.52,0.60,-0.23,517,465,467,343,376
5.86,-8.38,0.52,-0.65,0.56,-0.24,517,465,467,343,376
5.28,-7.76,0.10,-0.62,0.49,-0.06,516,465,467,343,377
END
5.57,-7.38,-0.78,-0.61,0.51,-0.10,517,465,465,343,373
1.17,-9.48,-0.09,-0.01,0.20,0.04,517,465,465,342,373
0.65,-9.45,0.36,0.01,0.30,0.09,518,465,465,342,373
0.28,-9.60,0.93,-0.02,0.49,-0.14,518,465,465,342,374
-0.70,-8.74,0.96,0.03,0.67,-0.09,518,465,465,342,374
1.82,-9.43,1.39,-0.16,0.69,-0.25,518,464,465,342,373
1.96,-9.46,2.43,-0.03,0.98,-0.21,518,465,465,342,374
2.56,-9.79,2.11,-0.12,0.94,0.05,517,464,465,343,373
2.70,-9.35,2.33,-0.18,0.87,-0.32,517,464,464,342,373
3.60,-9.23,1.92,-0.07,0.86,0.18,517,464,464,342,373
1.49,-8.76,1.56,-0.15,0.89,-0.21,517,464,464,342,373
1.00,-9.02,1.86,-0.06,0.92,0.07,517,464,464,342,373
2.58,-9.02,2.02,-0.18,0.93,-0.28,517,464,464,342,373
1.36,-8.82,2.60,-0.10,0.99,-0.10,516,464,464,342,373
3.04,-9.51,3.04,-0.20,0.77,-0.32,516,464,464,342,373
3.05,-8.43,1.78,-0.19,0.74,-0.08,516,464,464,342,373
2.41,-9.04,1.63,-0.27,0.63,-0.27,516,464,464,342,373
2.18,-8.74,1.32,-0.27,0.72,-0.29,516,464,464,342,373
2.66,-8.62,1.71,-0.19,0.76,-0.19,516,464,464,343,373
0.23,-8.19,1.24,-0.14,0.97,-0.02,516,463,464,342,373
2.57,-9.11,2.05,-0.22,0.82,-0.43,516,464,464,342,373
2.05,-8.82,1.57,-0.17,0.84,-0.24,516,464,464,341,372
2.98,-9.04,2.30,-0.41,0.69,-0.37,516,464,464,342,372
3.04,-8.70,1.84,-0.28,0.84,-0.34,515,464,464,342,373
4.29,-8.79,1.62,-0.44,0.65,-0.29,515,464,464,342,373
3.35,-9.02,1.52,-0.22,0.77,-0.11,515,463,464,342,372
2.67,-8.64,1.20,-0.54,0.70,-0.11,514,463,463,342,372
4.49,-8.71,1.41,-0.34,0.73,-0.35,514,463,463,342,372
3.59,-8.06,0.75,-0.46,0.78,-0.18,513,463,463,342,371
4.10,-9.02,1.79,-0.54,0.71,-0.28,513,462,463,342,372
4.16,-7.49,0.89,-0.67,0.71,-0.41,513,463,463,342,372
4.96,-8.56,1.43,-0.71,0.64,-0.28,512,463,463,342,372
6.04,-6.66,-0.29,-0.71,0.74,-0.19,512,462,463,342,372
5.42,-7.66,0.00,-0.55,0.75,0.03,512,462,463,342,372
6.13,-7.39,-0.42,-0.33,0.69,0.03,512,462,463,342,372
5.74,-8.39,0.32,-0.45,0.63,-0.01,511,462,463,342,372
END
5.56,-7.59,-0.03,-0.49,0.69,-0.17,518,463,462,341,369
-0.13,-9.38,0.96,-0.09,0.62,-0.04,518,463,462,341,369
0.80,-9.12,1.27,0.01,0.66,0.04,518,463,462,341,369
0.91,-9.01,1.49,0.06,0.66,-0.07,518,463,462,341,369
0.39,-9.10,1.40,0.08,0.70,-0.08,518,463,462,341,369
0.49,-9.77,1.12,-0.00,0.71,-0.22,517,463,462,341,369
1.49,-9.92,1.18,-0.09,0.67,-0.22,517,463,462,341,369
2.18,-10.04,1.75,-0.05,0.67,-0.13,518,463,462,341,370
2.01,-9.17,0.78,-0.09,0.75,-0.14,518,464,462,341,371
1.60,-9.23,1.18,-0.23,0.71,-0.27,517,464,462,341,371
2.02,-9.00,1.18,-0.13,0.85,-0.22,517,463,462,342,371
2.53,-9.00,1.14,-0.17,0.86,-0.17,517,463,462,341,371
3.09,-8.59,1.31,-0.08,0.83,-0.17,517,463,461,341,370
2.15,-8.34,0.93,-0.18,0.86,-0.18,516,463,461,341,371
2.48,-8.48,1.69,-0.09,0.74,-0.28,516,463,461,341,370
3.43,-8.56,1.74,-0.08,0.72,-0.41,515,463,461,341,371
2.88,-9.13,1.88,-0.09,0.70,-0.21,515,463,461,341,369
3.43,-8.92,1.67,-0.20,0.63,-0.15,515,463,461,341,370
3.12,-8.81,1.74,-0.27,0.61,-0.25,515,463,461,341,371
1.82,-8.42,1.60,-0.16,0.70,0.01,514,463,461,341,371
2.99,-9.25,1.79,-0.21,0.63,-0.19,514,463,460,342,371
2.59,-9.35,1.51,-0.34,0.64,-0.22,513,462,461,342,372
3.07,-9.15,1.41,-0.29,0.68,-0.22,512,462,461,341,372
3.29,-9.24,1.41,-0.39,0.67,-0.28,512,462,461,341,371
3.17,-8.96,1.60,-0.38,0.76,-0.08,512,462,461,341,371
3.84,-8.25,0.64,-0.31,0.69,-0.37,511,462,460,341,371
3.37,-8.89,1.39,-0.38,0.68,-0.15,511,462,460,341,371
4.85,-8.25,0.85,-0.27,0.69,-0.33,511,462,460,341,371
3.88,-8.61,1.16,-0.41,0.67,-0.15,511,462,461,342,371
5.24,-8.48,1.01,-0.29,0.58,-0.23,510,462,461,342,371
4.94,-7.75,0.53,-0.50,0.56,-0.21,510,462,460,342,370
5.53,-8.05,0.67,-0.40,0.44,-0.18,510,461,460,342,371
4.10,-7.69,-0.24,-0.34,0.50,-0.20,510,461,461,342,371
5.57,-8.10,0.04,-0.30,0.46,-0.10,510,461,461,342,371
4.67,-7.91,0.04,-0.25,0.45,0.08,509,461,461,342,371
3.72,-8.36,0.26,-0.21,0.44,0.20,509,461,460,342,371
END
4.65,-7.84,0.07,-0.17,0.50,0.18,521,456,463,342,373
2.18,-8.80,-0.03,-0.03,0.01,-0.11,521,413,463,342,372
0.96,-8.33,-0.03,0.08,0.05,-0.08,521,436,463,342,372
1.92,-9.63,0.47,0.12,0.13,-0.14,521,439,463,342,372
0.46,-9.63,0.91,0.03,0.25,-0.08,521,449,462,342,372
-1.16,-9.02,1.07,0.10,0.58,-0.07,521,440,463,342,372
-1.39,-9.91,1.95,0.05,0.77,-0.08,521,429,463,341,372
0.44,-9.99,2.75,-0.01,0.92,-0.27,521,448,463,342,371
1.67,-9.40,2.18,-0.10,0.98,-0.13,520,455,462,342,371
2.43,-9.10,2.81,-0.12,0.95,-0.25,520,457,462,342,371
2.58,-8.80,2.37,-0.11,0.95,-0.18,519,461,462,342,371
2.86,-8.64,2.40,-0.17,0.87,-0.29,519,461,462,341,371
1.93,-8.26,2.57,-0.07,0.92,-0.14,519,461,462,341,370
2.66,-8.92,2.68,-0.16,0.83,-0.30,519,377,462,341,370
1.95,-8.92,3.41,-0.09,0.87,-0.33,519,463,462,341,370
3.29,-9.10,3.15,-0.16,0.84,-0.42,519,463,462,341,371
3.00,-8.44,3.22,-0.10,0.82,-0.21,519,463,462,341,371
2.06,-9.06,3.50,-0.17,0.71,-0.17,519,463,462,341,371
2.34,-8.99,2.88,-0.22,0.76,-0.31,518,463,462,341,371
2.52,-9.02,3.17,-0.39,0.66,-0.31,518,463,462,341,370
2.86,-8.29,1.85,-0.23,0.79,-0.34,518,463,462,341,370
3.24,-8.69,1.95,-0.42,0.60,-0.29,518,463,461,341,370
2.41,-8.48,1.74,-0.20,0.74,-0.22,517,463,461,341,370
2.43,-8.31,1.95,-0.27,0.74,-0.28,517,462,461,341,370
3.08,-8.57,2.18,-0.26,0.74,-0.28,517,462,461,341,370
3.88,-8.48,1.89,-0.27,0.72,-0.40,517,462,461,341,370
3.95,-8.38,1.86,-0.32,0.63,-0.25,516,462,461,341,370
4.23,-8.35,1.30,-0.29,0.60,-0.24,516,462,461,341,371
3.62,-8.31,1.47,-0.36,0.58,-0.04,515,462,461,341,371
3.22,-9.11,1.80,-0.35,0.53,-0.29,515,461,461,341,371
2.80,-8.82,0.97,-0.40,0.64,-0.23,515,461,461,341,371
3.21,-9.07,1.64,-0.43,0.60,-0.20,514,461,461,341,372
3.57,-8.58,1.38,-0.45,0.69,-0.23,514,461,461,341,371
3.22,-8.74,1.76,-0.55,0.76,-0.20,513,461,460,341,372
4.92,-8.09,0.95,-0.54,0.80,-0.28,513,461,460,341,372
5.37,-7.59,0.87,-0.52,0.80,-0.14,512,461,460,341,372
END
6.97,-6.90,0.00,-0.53,0.67,-0.23,513,460,459,341,369
0.73,-9.52,0.57,0.08,0.07,-0.01,513,460,460,341,369
0.93,-9.11,0.50,0.06,0.16,-0.01,514,460,460,341,369
1.31,-9.81,0.40,0.06,0.28,-0.09,514,460,460,341,369
0.78,-9.71,0.62,-0.05,0.38,-0.06,514,460,459,341,369
1.07,-9.79,0.37,-0.08,0.51,-0.08,514,460,460,341,369
0.32,-9.08,0.42,-0.10,0.64,-0.08,514,460,459,341,370
0.80,-8.32,0.62,-0.00,0.74,-0.04,514,460,460,340,370
2.15,-8.85,1.26,0.00,0.69,-0.21,514,460,459,341,370
2.91,-9.54,1.60,0.02,0.69,-0.12,514,460,460,340,369
0.95,-9.54,1.82,-0.06,0.74,-0.17,514,460,459,341,369
1.38,-9.26,1.74,-0.17,0.81,-0.20,514,460,460,341,370
2.22,-9.09,1.98,-0.07,0.87,-0.26,514,460,459,341,369
2.59,-9.07,2.18,-0.08,0.85,-0.30,513,460,459,341,369
2.84,-8.82,1.91,-0.06,0.77,-0.19,513,460,459,341,369
2.53,-8.87,1.77,-0.03,0.75,-0.14,512,460,459,341,369
1.56,-8.82,2.21,-0.15,0.74,-0.25,513,460,459,341,369
2.84,-8.86,2.08,-0.18,0.80,-0.38,512,460,459,341,369
2.29,-8.99,2.51,-0.29,0.80,-0.36,512,460,459,341,369
3.42,-8.97,2.70,-0.28,0.78,-0.35,511,457,459,341,369
2.46,-8.22,2.24,-0.57,0.68,-0.35,511,457,459,341,369
3.13,-8.89,2.12,-0.36,0.76,-0.30,511,389,459,341,370
3.75,-8.73,2.05,-0.45,0.73,-0.30,510,459,459,341,370
3.84,-9.00,2.06,-0.46,0.71,-0.42,510,459,458,341,370
5.00,-8.32,1.18,-0.51,0.61,-0.27,509,459,458,341,370
4.83,-7.75,0.88,-0.49,0.52,-0.19,509,459,458,341,370
3.94,-8.18,0.45,-0.26,0.69,0.02,509,459,458,341,370
3.89,-8.96,0.80,-0.47,0.57,-0.10,508,459,458,341,369
3.86,-8.45,0.01,-0.49,0.68,-0.24,508,459,458,341,369
4.07,-8.58,0.15,-0.46,0.65,-0.06,507,459,458,341,369
4.19,-8.49,0.80,-0.40,0.75,-0.11,507,459,458,341,369
4.99,-8.30,0.21,-0.44,0.73,-0.15,507,459,457,342,369
4.70,-8.21,0.73,-0.43,0.68,-0.14,507,459,458,342,369
3.96,-8.24,0.95,-0.44,0.66,-0.17,506,459,458,342,369
5.23,-6.93,0.19,-0.48,0.67,-0.16,506,459,458,341,369
4.04,-7.67,0.58,-0.18,0.62,0.14,506,459,457,341,369
END
3.67,-8.18,0.69,-0.25,0.72,-0.03,526,467,464,341,373
2.21,-9.00,0.47,0.11,0.01,0.02,526,466,463,341,370
2.23,-8.91,0.49,0.04,-0.04,-0.06,526,466,462,341,363
2.27,-9.11,0.88,0.00,-0.03,-0.14,525,466,461,341,356
1.64,-9.11,1.00,0.00,0.08,-0.11,525,466,461,341,354
1.66,-8.97,0.98,-0.02,0.19,-0.05,524,466,461,341,354
0.44,-8.89,1.06,-0.03,0.37,-0.22,524,466,461,341,356
0.22,-9.74,2.48,-0.12,0.60,-0.29,524,466,462,341,361
1.99,-9.45,2.28,-0.18,0.86,-0.50,524,466,462,341,365
2.88,-9.80,2.53,0.03,1.17,0.13,524,466,463,340,368
1.73,-9.17,2.96,-0.08,1.32,0.04,524,466,464,341,371
0.77,-8.83,3.17,0.03,1.51,-0.08,523,467,465,341,373
2.76,-8.74,3.70,-0.15,1.33,-0.40,522,466,465,340,374
4.20,-8.76,4.33,-0.16,1.24,-0.39,521,466,466,341,374
3.36,-8.10,3.58,-0.20,1.10,-0.38,521,466,467,341,377
2.24,-7.90,3.85,-0.20,1.05,-0.23,521,466,469,341,379
3.14,-8.18,4.30,-0.20,0.83,-0.38,521,467,471,341,382
1.95,-8.07,3.33,-0.26,0.80,-0.29,521,467,472,341,383
2.01,-8.66,3.96,-0.28,0.78,-0.37,521,467,472,340,383
2.51,-8.08,3.21,-0.36,0.80,-0.48,520,467,471,341,383
3.60,-7.99,2.96,-0.26,0.72,-0.27,520,466,471,341,383
2.89,-8.49,3.02,-0.28,0.75,-0.36,520,466,471,341,383
2.71,-8.76,2.89,-0.48,0.65,-0.43,519,466,471,341,383
3.21,-7.75,2.02,-0.35,0.76,-0.39,518,466,470,340,382
2.99,-8.92,2.65,-0.51,0.67,-0.29,517,465,469,341,381
3.78,-8.33,2.18,-0.32,0.71,-0.32,516,465,469,341,382
2.84,-8.51,2.12,-0.47,0.67,-0.08,516,465,469,341,381
4.07,-8.88,2.31,-0.31,0.65,-0.24,515,465,469,341,381
3.32,-8.74,1.73,-0.43,0.72,-0.09,514,465,469,341,381
4.01,-8.61,2.26,-0.37,0.66,-0.19,514,464,469,341,381
3.33,-8.33,1.55,-0.53,0.74,-0.31,513,464,468,341,381
4.77,-7.71,0.82,-0.55,0.65,-0.26,512,464,468,341,381
4.27,-8.10,1.08,-0.57,0.68,-0.34,511,464,468,341,380
4.71,-7.55,0.38,-0.33,0.53,-0.31,511,463,468,341,380
3.91,-8.58,0.93,-0.40,0.61,-0.09,510,463,467,341,379
4.77,-7.19,-0.04,-0.31,0.59,-0.21,510,463,467,341,379
END
4.23,-7.71,0.91,-0.27,0.65,-0.11,514,461,463,340,369
2.83,-9.23,0.28,0.13,-0.09,-0.10,514,461,463,340,368
3.04,-9.12,0.80,0.11,-0.04,-0.09,514,461,463,340,369
2.94,-8.76,0.57,0.08,-0.03,-0.06,514,461,463,340,369
2.85,-9.43,0.75,0.13,0.05,-0.02,514,461,463,340,369
2.01,-9.85,1.23,0.11,0.20,-0.03,514,462,463,340,369
0.83,-9.73,1.08,0.05,0.48,0.11,514,462,463,340,368
0.06,-9.78,1.93,-0.06,0.62,0.01,514,461,463,340,368
0.56,-9.30,1.89,-0.07,0.94,0.01,514,461,463,340,367
1.16,-9.32,2.70,-0.16,0.97,-0.11,514,461,462,340,368
2.71,-8.89,3.27,-0.10,1.08,-0.04,514,460,462,340,367
2.61,-8.65,3.18,-0.15,1.07,-0.15,513,458,462,340,368
2.40,-8.28,3.37,-0.17,0.96,-0.15,513,459,462,340,369
2.15,-8.46,3.32,-0.09,0.95,-0.14,513,457,462,341,368
2.54,-8.79,3.41,-0.15,0.89,-0.30,513,459,462,341,368
2.05,-8.60,2.87,-0.11,0.90,-0.12,513,455,462,340,368
1.16,-8.61,3.38,-0.14,0.84,-0.19,513,461,463,340,368
1.08,-8.12,2.91,-0.10,0.90,-0.30,512,461,463,340,368
0.98,-8.89,4.08,-0.02,0.89,-0.25,513,457,463,340,368
1.82,-8.82,4.14,-0.15,0.84,-0.31,512,459,462,340,368
1.62,-8.29,3.30,-0.18,0.85,-0.30,512,460,462,340,368
2.56,-9.17,3.78,-0.24,0.76,-0.31,511,461,462,340,368
1.59,-8.17,3.01,-0.22,0.79,-0.25,511,460,462,340,368
2.24,-9.49,3.47,-0.30,0.78,-0.24,511,460,462,340,368
1.39,-8.36,2.63,-0.29,0.78,-0.20,511,460,462,340,368
2.48,-8.62,2.65,-0.21,0.72,-0.14,510,460,462,340,368
1.51,-8.59,2.93,-0.19,0.73,-0.25,510,460,462,340,368
2.94,-8.73,2.73,-0.24,0.72,-0.29,510,460,462,340,368
1.64,-8.79,2.61,-0.21,0.77,-0.30,510,460,462,340,368
2.87,-8.50,2.29,-0.24,0.76,-0.34,510,460,462,340,368
3.14,-8.39,2.25,-0.18,0.72,-0.29,509,460,462,341,368
2.91,-8.39,1.75,-0.25,0.70,-0.26,509,460,462,340,368
3.42,-8.38,1.93,-0.18,0.65,-0.32,509,460,462,340,369
2.22,-8.66,2.00,-0.15,0.70,-0.28,509,460,462,339,368
3.45,-9.02,2.20,-0.33,0.67,-0.50,509,460,462,340,368
3.14,-8.70,1.74,-0.50,0.67,-0.55,508,460,462,340,368
END
3.69,-8.21,0.81,-0.50,0.68,-0.48,509,459,460,340,367
2.05,-9.73,0.55,0.11,0.14,0.05,509,459,460,341,367
1.70,-9.86,0.90,0.07,0.29,-0.02,509,459,460,341,367
2.68,-9.55,1.20,-0.04,0.32,0.01,509,459,460,341,367
0.12,-9.71,1.72,0.01,0.53,-0.01,510,459,460,340,367
-0.14,-9.48,2.25,-0.06,0.85,-0.02,510,459,460,341,366
0.45,-9.22,2.51,-0.27,1.00,-0.35,509,459,460,340,366
2.23,-9.14,2.89,-0.07,1.08,-0.34,507,458,460,340,366
3.72,-8.92,2.71,-0.26,0.94,-0.24,507,459,460,340,366
3.45,-8.37,2.32,-0.16,0.95,-0.16,506,459,460,340,366
2.90,-8.66,2.63,-0.16,0.94,-0.13,506,459,460,341,366
3.26,-8.46,2.81,-0.20,0.86,-0.26,506,459,460,341,366
3.01,-8.38,2.71,-0.25,0.87,-0.25,506,459,459,341,366
2.49,-8.43,2.78,-0.27,0.86,-0.17,506,459,459,341,366
2.75,-8.70,3.07,-0.31,0.80,-0.31,506,459,459,341,366
3.65,-8.61,2.59,-0.30,0.80,-0.30,505,458,458,341,366
3.42,-8.35,2.22,-0.38,0.80,-0.35,505,458,459,340,366
3.52,-8.82,2.44,-0.33,0.70,-0.20,505,458,459,341,366
2.92,-8.61,1.92,-0.41,0.70,-0.34,505,458,459,341,366
4.50,-8.25,2.38,-0.27,0.69,-0.27,505,458,459,340,366
2.99,-8.41,1.76,-0.38,0.71,-0.20,504,458,459,341,366
3.99,-8.76,2.18,-0.42,0.70,-0.39,504,458,459,341,366
3.68,-7.97,1.36,-0.43,0.61,-0.21,504,458,459,340,366
4.91,-7.98,1.26,-0.43,0.61,-0.28,504,458,459,341,366
3.75,-7.86,0.32,-0.40,0.57,-0.12,504,458,459,341,366
4.05,-8.78,1.14,-0.35,0.55,-0.09,503,458,459,341,367
4.23,-8.74,0.59,-0.42,0.62,-0.22,503,457,459,340,366
4.09,-8.68,0.65,-0.44,0.64,-0.13,503,457,458,341,366
5.46,-8.10,0.57,-0.51,0.64,-0.32,502,457,458,340,365
5.09,-8.18,0.19,-0.44,0.62,-0.20,502,457,458,340,366
5.46,-7.72,0.09,-0.55,0.56,-0.24,502,457,458,341,366
4.93,-8.02,0.47,-0.44,0.61,-0.24,502,457,458,341,366
6.62,-6.98,-1.03,-0.56,0.58,-0.28,502,457,458,341,366
4.76,-8.09,0.32,-0.44,0.57,-0.14,501,457,458,341,366
6.49,-6.69,-0.96,-0.48,0.60,-0.30,501,457,458,341,366
6.61,-7.08,-0.13,-0.55,0.52,-0.23,501,457,458,341,367
END
6.58,-7.04,-0.50,-0.59,0.49,-0.25,513,459,458,341,365
1.92,-9.27,0.49,0.01,0.11,-0.05,513,459,458,340,365
1.44,-9.36,0.52,0.02,0.16,-0.02,513,459,458,340,364
1.90,-9.68,0.58,0.05,0.24,0.07,513,459,458,340,365
1.99,-9.40,0.61,-0.06,0.24,-0.05,513,459,458,340,365
-0.07,-9.64,0.90,-0.09,0.39,0.10,513,459,458,340,365
-0.76,-9.24,1.23,-0.11,0.56,-0.10,513,459,459,340,365
0.14,-9.23,1.42,-0.04,0.74,-0.16,513,459,458,340,366
1.34,-8.92,1.88,0.17,0.85,-0.35,513,459,458,340,364
2.29,-9.23,2.05,-0.03,0.80,-0.34,513,459,458,340,364
1.51,-9.27,2.37,-0.07,0.85,-0.02,514,459,458,340,364
3.45,-9.69,2.47,-0.17,0.76,-0.27,513,458,458,340,364
0.83,-8.61,2.38,-0.11,0.96,-0.30,513,459,458,340,364
2.24,-8.99,2.70,-0.03,0.93,0.01,512,458,458,340,364
1.46,-9.10,2.91,-0.09,0.93,0.02,511,458,457,340,364
2.51,-9.03,2.87,-0.08,0.90,-0.20,511,458,457,340,363
1.62,-8.93,2.83,-0.24,0.82,-0.23,510,458,457,340,363
1.64,-8.61,2.60,-0.27,0.71,-0.26,510,458,457,340,363
1.03,-8.59,2.44,-0.23,0.80,-0.28,509,457,457,340,363
1.74,-8.69,2.78,-0.23,0.79,-0.30,509,458,457,340,364
1.77,-8.99,3.00,-0.24,0.76,-0.43,508,458,457,340,364
2.83,-8.84,2.27,-0.42,0.72,-0.46,508,457,457,340,364
3.45,-8.44,2.30,-0.32,0.79,-0.40,507,457,457,340,364
3.86,-8.24,1.37,-0.37,0.66,-0.30,507,457,457,340,364
3.11,-8.71,2.10,-0.21,0.70,-0.19,507,457,457,340,364
4.21,-8.54,0.98,-0.37,0.67,-0.28,506,456,457,340,364
3.92,-8.61,1.07,-0.28,0.59,-0.19,506,457,456,340,364
3.83,-8.56,0.73,-0.45,0.68,-0.39,506,457,456,340,364
4.62,-8.95,1.52,-0.52,0.54,-0.34,505,456,456,340,364
3.52,-8.46,0.24,-0.57,0.63,-0.16,505,456,456,340,364
4.11,-8.82,0.82,-0.46,0.58,-0.20,504,456,456,340,364
4.55,-8.31,0.14,-0.55,0.60,-0.10,504,456,456,340,364
5.00,-7.87,0.01,-0.49,0.65,-0.16,503,456,456,340,364
5.28,-7.77,-0.19,-0.38,0.60,-0.04,503,456,456,340,364
4.93,-7.23,-0.24,-0.45,0.61,-0.05,502,456,456,340,364
4.37,-8.00,-0.29,-0.32,0.66,-0.18,502,456,456,340,365
END
5.29,-7.62,-0.35,-0.51,0.65,-0.20,510,457,457,340,365
1.32,-9.88,1.32,-0.02,0.17,-0.01,510,457,457,340,365
1.02,-8.94,0.89,-0.02,0.30,0.02,510,457,458,340,365
1.53,-10.86,0.40,0.03,0.36,-0.03,510,457,457,341,365
1.52,-9.09,0.74,0.07,0.41,-0.07,511,457,457,340,365
0.62,-9.81,1.34,-0.11,0.54,-0.45,511,457,457,341,365
1.28,-10.19,1.65,-0.07,0.72,-0.07,510,457,457,340,365
2.12,-9.41,1.82,-0.22,0.74,-0.61,510,457,457,340,365
3.12,-8.82,0.91,-0.12,0.67,0.28,510,457,457,341,365
1.51,-8.56,1.46,-0.06,0.76,-0.14,511,457,457,340,364
1.79,-8.85,1.48,-0.01,0.76,0.16,511,457,457,340,365
0.52,-8.35,1.72,0.01,0.92,-0.27,511,457,457,340,364
1.17,-8.41,2.10,0.02,0.93,-0.25,511,457,457,341,364
3.25,-9.67,3.20,-0.13,0.92,-0.52,510,457,457,340,364
1.66,-9.02,3.00,-0.17,1.00,-0.29,510,457,457,340,364
3.68,-9.35,2.63,-0.35,0.83,-0.24,509,457,457,341,364
2.53,-8.35,1.92,-0.09,0.97,-0.10,509,457,457,340,364
2.71,-8.23,2.75,-0.22,0.84,-0.19,509,457,457,340,364
2.05,-8.70,2.99,-0.15,0.81,-0.38,508,457,456,340,364
3.35,-8.82,2.40,-0.37,0.74,-0.42,507,457,457,340,364
3.65,-8.54,2.61,-0.35,0.67,-0.46,507,456,456,340,364
2.11,-8.46,2.40,-0.43,0.70,-0.40,507,456,456,340,364
3.76,-8.79,2.38,-0.35,0.74,-0.35,506,456,456,339,364
3.50,-8.56,1.71,-0.49,0.65,-0.32,505,456,456,340,364
3.82,-9.17,2.25,-0.39,0.71,-0.36,505,456,455,340,365
3.83,-8.71,1.41,-0.44,0.70,-0.20,505,456,456,340,365
4.65,-8.73,1.44,-0.42,0.67,-0.27,504,455,456,340,366
4.19,-8.26,1.05,-0.46,0.68,-0.14,504,455,456,340,365
4.60,-8.51,1.42,-0.51,0.61,-0.29,503,455,456,340,365
4.93,-7.91,0.78,-0.44,0.59,-0.29,503,455,456,340,365
4.42,-7.82,0.95,-0.60,0.60,-0.28,502,455,455,340,365
4.85,-7.89,0.65,-0.41,0.63,-0.28,502,455,455,340,364
5.56,-7.41,-0.11,-0.52,0.61,-0.15,502,454,455,340,365
5.17,-8.13,1.38,-0.38,0.62,-0.12,502,454,455,340,365
4.67,-7.54,1.16,-0.55,0.72,-0.21,501,454,455,341,365
5.45,-6.46,0.14,-0.57,0.80,-0.21,501,454,455,341,365
END
7.77,-5.43,0.29,-0.58,0.75,-0.26,506,455,454,340,363
3.80,-8.62,-0.19,-0.19,0.26,-0.08,506,455,454,340,363
3.49,-8.13,0.11,-0.05,0.37,0.17,506,455,454,340,363
3.67,-8.84,0.34,-0.05,0.36,-0.01,506,455,454,340,363
3.07,-8.74,0.24,-0.12,0.31,-0.09,506,455,454,340,363
1.92,-9.10,0.50,-0.07,0.46,0.01,506,455,454,339,362
2.24,-9.16,0.45,-0.13,0.59,-0.14,506,455,454,340,362
2.77,-9.69,0.87,-0.12,0.62,-0.03,506,455,453,340,362
2.08,-8.96,0.47,-0.08,0.65,0.22,506,455,454,340,362
4.10,-9.60,0.94,-0.12,0.57,0.00,506,455,454,340,363
2.74,-9.07,1.18,-0.14,0.57,0.04,506,455,454,340,363
2.38,-8.28,0.67,-0.07,0.57,0.12,506,455,454,340,363
2.41,-8.74,1.44,-0.02,0.61,-0.03,506,455,454,340,363
2.32,-8.84,1.44,-0.06,0.59,-0.08,506,455,454,340,362
2.11,-8.99,1.77,-0.08,0.58,-0.09,505,455,454,340,362
2.67,-9.01,1.44,-0.09,0.63,-0.23,505,454,454,340,362
2.38,-9.14,1.40,-0.13,0.60,-0.03,505,455,454,340,363
2.38,-8.83,1.23,-0.16,0.63,-0.20,505,455,454,339,362
2.53,-9.10,1.90,-0.15,0.65,-0.15,505,455,453,340,362
3.13,-8.59,1.28,-0.18,0.62,-0.25,504,455,453,340,363
2.84,-9.12,1.82,-0.19,0.55,-0.10,504,455,454,340,362
2.71,-8.86,1.32,-0.24,0.56,-0.20,504,455,454,340,362
3.24,-8.54,0.93,-0.24,0.60,-0.12,504,455,453,340,362
2.60,-8.94,1.42,-0.27,0.62,-0.18,504,454,454,340,363
3.00,-8.81,1.19,-0.26,0.67,-0.23,504,454,453,340,363
4.13,-8.74,0.75,-0.29,0.62,-0.26,503,454,453,340,363
3.55,-8.52,0.93,-0.27,0.62,-0.20,503,454,453,340,363
4.36,-8.92,0.72,-0.26,0.53,-0.21,503,454,453,340,363
4.13,-8.46,0.83,-0.28,0.52,-0.17,503,454,453,340,363
4.03,-8.53,0.27,-0.23,0.46,-0.07,502,454,453,340,363
3.36,-8.64,0.30,-0.22,0.52,-0.10,502,454,453,340,363
3.78,-8.97,0.82,-0.25,0.49,-0.11,503,454,453,340,363
3.40,-8.89,0.80,-0.27,0.56,-0.12,503,454,453,340,363
4.11,-8.61,0.69,-0.28,0.58,-0.16,502,454,453,340,363
4.51,-8.48,0.52,-0.38,0.56,-0.18,502,454,453,340,364
4.21,-8.18,0.11,-0.41,0.59,-0.22,502,454,453,340,363
END
5.13,-8.08,-0.47,-0.48,0.62,-0.36,523,463,465,340,388
3.17,-9.40,2.23,-0.01,0.05,-0.05,522,463,465,340,387
2.26,-8.88,2.16,0.03,0.23,-0.06,522,463,465,340,387
2.05,-8.61,2.01,-0.08,0.26,-0.01,521,463,465,340,386
2.31,-8.80,2.66,-0.08,0.37,-0.15,521,462,465,340,385
1.82,-8.82,3.11,-0.12,0.49,-0.13,520,462,465,340,384
1.09,-8.81,2.98,-0.06,0.72,-0.13,520,462,464,340,383
1.99,-9.12,3.37,-0.17,0.72,-0.18,519,462,464,340,383
2.64,-9.02,3.52,-0.21,0.85,-0.21,518,461,464,340,382
3.04,-9.05,3.46,-0.29,0.79,-0.27,518,460,464,340,382
3.81,-8.50,3.15,-0.34,0.75,-0.23,518,460,464,340,382
3.73,-8.16,2.96,-0.34,0.69,-0.19,518,461,464,341,382
3.55,-7.91,2.04,-0.32,0.63,-0.18,517,461,464,340,381
1.87,-7.94,2.30,-0.23,0.73,-0.09,517,461,464,340,380
2.14,-8.07,2.56,-0.15,0.73,-0.15,517,460,463,340,380
1.49,-8.23,2.60,-0.17,0.78,-0.18,517,460,463,341,379
2.55,-8.59,3.66,-0.13,0.77,-0.29,516,460,463,341,379
3.07,-8.82,3.47,-0.29,0.71,-0.34,516,459,462,341,379
3.24,-8.26,3.04,-0.21,0.75,-0.30,515,459,463,340,379
3.05,-8.73,3.65,-0.25,0.63,-0.17,516,460,463,341,379
3.14,-8.46,2.84,-0.28,0.62,-0.24,515,460,462,340,378
2.33,-8.40,2.51,-0.33,0.56,-0.10,514,459,462,340,378
2.43,-8.48,2.24,-0.25,0.62,-0.21,514,459,462,340,378
2.91,-8.79,2.07,-0.25,0.65,-0.20,513,459,462,340,377
3.27,-8.81,2.14,-0.29,0.65,-0.22,513,459,462,340,376
2.99,-8.70,2.25,-0.33,0.68,-0.29,513,458,461,342,376
3.23,-8.38,1.47,-0.41,0.68,-0.30,512,458,462,340,376
3.75,-8.41,1.30,-0.29,0.69,-0.34,511,458,461,340,376
4.08,-8.31,1.50,-0.34,0.63,-0.28,511,458,461,341,376
3.29,-8.18,1.29,-0.19,0.73,-0.23,511,458,461,340,375
4.58,-8.61,2.02,-0.33,0.60,-0.32,510,457,461,341,375
3.46,-8.29,1.45,-0.37,0.66,-0.20,509,457,461,340,375
3.78,-8.56,1.51,-0.48,0.60,-0.40,509,457,460,340,375
3.88,-7.85,1.26,-0.57,0.71,-0.48,508,457,460,340,375
5.15,-7.64,0.83,-0.47,0.66,-0.39,508,456,460,340,375
5.39,-7.49,0.89,-0.32,0.71,-0.24,507,456,460,340,374
END
5.45,-7.39,0.75,-0.21,0.66,0.12,509,455,457,340,370
1.83,-9.24,1.03,-0.02,0.18,-0.15,509,455,457,340,370
1.17,-8.95,1.36,0.02,0.22,-0.12,509,455,457,340,370
2.11,-9.48,1.10,-0.00,0.32,-0.18,509,455,457,340,370
2.38,-9.19,1.21,0.01,0.35,-0.04,510,455,457,340,370
1.41,-9.51,1.72,-0.03,0.35,-0.08,509,455,457,341,370
1.49,-9.14,1.49,-0.05,0.49,-0.20,509,455,457,340,370
1.92,-9.23,1.83,-0.04,0.56,-0.17,509,455,457,340,370
2.88,-9.46,1.62,-0.09,0.55,-0.23,509,454,457,340,370
2.40,-9.31,1.87,-0.10,0.59,-0.11,509,455,457,340,370
1.22,-8.80,1.78,-0.06,0.70,-0.16,509,454,456,340,370
1.91,-8.72,1.88,-0.14,0.68,-0.30,508,454,457,339,370
1.75,-8.65,2.88,-0.13,0.74,-0.30,508,454,457,340,370
2.48,-8.84,2.68,-0.25,0.71,-0.23,508,454,456,340,370
2.03,-8.77,3.01,-0.19,0.68,-0.31,507,454,456,339,370
2.08,-8.73,3.06,-0.20,0.78,-0.18,507,454,456,340,370
2.76,-8.79,2.71,-0.27,0.73,-0.23,507,454,456,340,370
3.37,-8.42,2.95,-0.20,0.73,-0.26,507,454,456,340,370
3.37,-8.60,2.40,-0.22,0.66,-0.18,506,454,456,339,370
2.85,-8.64,2.07,-0.23,0.68,-0.23,506,454,456,340,370
3.11,-8.59,2.35,-0.24,0.66,-0.27,506,454,456,339,370
3.06,-8.69,2.31,-0.28,0.63,-0.23,506,454,456,339,371
2.56,-8.89,2.09,-0.27,0.74,-0.30,505,453,456,339,370
2.90,-8.76,2.48,-0.44,0.66,-0.32,505,453,456,340,370
2.03,-8.93,2.44,-0.39,0.78,-0.42,505,453,456,340,370
3.65,-8.50,2.31,-0.54,0.73,-0.44,505,453,456,340,370
3.86,-8.38,2.07,-0.41,0.80,-0.24,504,453,456,340,370
4.73,-8.07,2.07,-0.50,0.75,-0.29,504,453,455,340,370
4.44,-7.99,1.47,-0.38,0.75,-0.15,504,453,456,340,370
4.88,-8.02,1.76,-0.45,0.71,-0.18,504,453,455,340,370
5.28,-7.80,1.47,-0.43,0.63,-0.19,503,453,455,339,370
4.85,-7.13,1.02,-0.40,0.66,-0.11,503,453,456,339,370
4.74,-7.95,1.11,-0.32,0.64,-0.25,503,453,455,340,370
4.83,-7.61,0.55,-0.40,0.73,-0.28,502,453,455,340,370
4.70,-8.27,1.00,-0.46,0.60,-0.23,502,453,455,340,370
4.33,-7.79,0.51,-0.55,0.80,-0.43,502,453,455,340,370
END
5.69,-7.72,0.91,-0.51,0.69,-0.43,505,453,455,340,371
1.72,-9.03,1.17,0.12,0.14,-0.12,506,453,455,340,371
1.76,-9.45,1.65,-0.02,0.16,-0.04,506,453,455,340,371
2.39,-9.30,1.15,0.07,0.28,0.01,506,453,455,340,371
1.60,-9.35,1.43,-0.04,0.29,0.00,506,453,455,340,371
1.31,-9.15,1.84,-0.04,0.32,-0.04,506,453,454,340,370
-0.46,-9.46,1.99,-0.10,0.55,-0.14,506,453,454,340,370
1.45,-9.29,2.10,-0.06,0.69,-0.15,505,453,454,340,370
2.02,-8.99,2.20,0.01,0.74,-0.02,506,453,454,339,370
2.23,-9.04,2.35,0.04,0.67,-0.01,506,454,454,340,370
2.68,-9.20,2.83,-0.00,0.66,-0.13,507,454,454,340,370
1.29,-8.97,2.28,-0.07,0.59,-0.08,507,454,454,339,370
1.77,-8.89,2.82,-0.06,0.64,-0.07,507,454,454,339,370
1.55,-8.78,2.70,-0.07,0.62,-0.29,507,454,454,340,370
1.13,-8.71,2.62,-0.03,0.68,0.01,507,454,454,340,370
1.52,-9.02,2.84,-0.06,0.65,-0.15,507,454,454,340,370
0.59,-8.71,2.86,-0.07,0.72,-0.24,507,454,454,339,370
2.07,-8.56,2.51,-0.11,0.72,-0.33,507,453,454,340,369
0.43,-8.85,3.17,-0.12,0.78,-0.22,507,454,454,339,370
2.81,-8.88,2.64,-0.16,0.75,-0.37,507,454,454,340,369
1.83,-8.96,2.86,-0.21,0.73,-0.31,506,454,454,339,369
2.36,-8.82,2.58,-0.14,0.71,-0.40,507,454,454,339,370
2.55,-8.74,2.58,-0.17,0.67,-0.20,506,454,454,340,369
2.71,-8.64,2.26,-0.18,0.62,-0.28,506,453,454,339,369
2.30,-8.54,1.99,-0.17,0.64,-0.18,506,454,454,339,369
2.14,-8.88,2.76,-0.16,0.59,-0.23,506,453,454,339,370
1.79,-8.84,2.10,-0.18,0.59,-0.23,505,453,454,339,369
2.23,-8.87,2.32,-0.21,0.60,-0.33,505,453,454,339,369
2.10,-8.34,2.05,-0.21,0.70,-0.28,505,453,454,340,369
3.45,-8.84,2.03,-0.22,0.69,-0.20,505,453,454,339,369
3.25,-8.89,2.05,-0.22,0.70,-0.28,504,453,454,339,369
3.48,-8.82,1.82,-0.38,0.72,-0.30,504,453,454,340,370
1.36,-8.74,2.12,-0.31,0.83,-0.19,503,453,454,339,370
4.00,-8.92,2.33,-0.44,0.64,-0.62,503,452,453,340,370
3.26,-8.36,1.49,-0.49,0.72,-0.38,502,452,453,340,369
3.49,-8.40,1.32,-0.46,0.66,-0.28,502,452,453,339,370
END
4.54,-7.88,1.33,-0.36,0.65,-0.29,507,452,455,339,369
1.29,-9.48,1.96,0.01,-0.20,0.07,506,452,454,340,369
1.50,-8.93,1.64,-0.01,-0.09,-0.12,507,452,455,339,369
2.10,-9.02,1.46,0.02,-0.10,-0.04,506,452,454,340,369
1.90,-8.99,1.61,0.05,-0.11,-0.05,507,452,455,340,369
1.61,-8.84,1.41,0.06,-0.11,0.00,506,452,455,340,369
1.11,-9.27,1.48,0.06,-0.06,-0.05,506,452,455,340,369
0.08,-9.92,1.97,0.01,0.04,-0.05,507,452,454,339,369
-0.45,-10.18,2.15,-0.06,0.30,-0.12,507,452,455,340,369
-0.11,-9.81,2.09,-0.05,0.56,-0.06,507,452,455,340,368
0.26,-9.22,1.69,-0.00,0.83,-0.14,507,452,455,339,368
0.46,-8.11,1.82,0.07,0.93,-0.17,508,452,454,339,368
1.94,-8.68,3.35,0.12,0.87,-0.13,507,452,454,339,367
1.87,-9.18,3.22,-0.05,0.81,-0.35,507,452,454,339,367
0.70,-8.68,2.84,-0.10,0.87,-0.16,507,452,454,339,367
2.11,-8.71,2.95,-0.07,0.79,-0.22,507,453,454,339,367
1.15,-8.57,2.89,-0.06,0.77,-0.11,508,425,454,339,367
1.56,-8.51,2.97,-0.08,0.72,-0.21,507,442,454,339,367
1.21,-8.77,3.39,-0.10,0.72,-0.34,507,451,454,339,367
0.65,-8.30,3.12,-0.18,0.73,-0.31,506,343,454,339,367
1.68,-8.32,3.41,-0.04,0.83,-0.42,506,435,454,339,367
1.54,-8.39,2.92,-0.13,0.75,-0.43,505,377,454,339,367
2.00,-8.59,3.89,-0.10,0.71,-0.32,505,369,454,339,367
1.77,-8.76,3.51,-0.12,0.72,-0.34,505,373,454,339,367
1.89,-8.51,3.21,-0.21,0.72,-0.48,505,445,454,338,367
2.73,-8.42,3.52,-0.18,0.72,-0.31,504,429,454,339,367
2.13,-8.66,3.62,-0.30,0.63,-0.42,504,449,454,339,367
3.04,-8.22,1.92,-0.35,0.70,-0.32,503,451,454,339,368
2.61,-9.46,3.16,-0.37,0.64,-0.30,503,451,453,339,368
2.53,-8.49,1.77,-0.30,0.76,-0.21,502,451,454,339,368
3.19,-9.08,2.35,-0.38,0.67,-0.23,502,450,453,339,368
2.61,-8.93,1.91,-0.27,0.72,-0.18,501,450,453,339,368
2.21,-9.20,2.31,-0.40,0.76,-0.13,500,450,454,339,368
3.15,-8.38,2.18,-0.30,0.73,-0.23,500,450,453,339,368
2.81,-8.82,2.18,-0.34,0.72,-0.13,499,450,452,339,368
3.92,-8.03,1.73,-0.21,0.68,-0.17,499,450,453,339,368
END
3.56,-9.25,0.91,0.11,-0.09,0.05,529,473,478,340,362
2.88,-9.13,1.59,0.03,0.00,-0.05,529,473,478,340,362
2.79,-8.82,0.98,0.00,-0.04,-0.02,529,473,478,340,362
2.70,-8.79,1.27,0.04,-0.07,0.02,529,473,478,340,362
2.53,-8.83,1.31,0.07,-0.07,-0.05,529,473,478,340,361
1.90,-9.04,1.20,0.06,-0.02,-0.01,529,473,478,339,362
1.11,-9.65,1.95,0.02,0.12,-0.04,529,473,478,340,362
0.78,-9.53,1.89,-0.07,0.23,-0.11,529,473,478,340,362
0.34,-9.02,1.87,-0.06,0.37,-0.05,529,472,478,340,362
0.85,-9.08,2.13,0.13,0.45,-0.10,529,472,478,340,361
0.59,-9.56,2.85,-0.04,0.76,0.15,528,472,477,340,362
1.79,-9.25,3.26,-0.07,0.76,-0.28,528,472,477,340,361
1.77,-8.78,2.60,-0.17,0.83,-0.13,528,472,477,340,362
2.67,-8.91,3.18,-0.13,0.81,-0.34,528,472,477,338,361
2.28,-8.14,3.06,-0.20,0.64,-0.53,527,471,477,340,361
3.62,-8.93,3.22,-0.18,0.71,-0.36,527,472,477,340,361
2.55,-8.59,2.63,-0.32,0.68,-0.31,527,471,477,340,361
2.54,-8.43,2.77,-0.37,0.71,-0.29,527,471,477,340,362
2.52,-8.29,2.27,-0.32,0.76,-0.28,526,471,477,339,361
2.64,-8.09,1.89,-0.24,0.85,-0.25,526,471,477,340,361
3.49,-8.58,2.50,-0.22,0.78,-0.33,525,471,476,339,361
3.04,-8.41,2.43,-0.23,0.85,-0.24,525,471,476,340,361
4.02,-8.44,2.53,-0.21,0.78,-0.20,524,471,476,339,361
2.89,-8.58,2.86,-0.22,0.76,-0.17,523,471,476,340,361
3.02,-8.78,3.22,-0.28,0.65,-0.17,523,471,476,340,361
4.06,-8.40,2.44,-0.22,0.72,-0.20,523,471,476,340,361
3.26,-8.62,2.42,-0.32,0.61,-0.12,523,470,475,340,360
3.15,-8.40,2.09,-0.19,0.73,-0.20,522,470,475,340,361
2.48,-8.66,2.06,-0.24,0.76,-0.13,521,470,475,340,361
2.51,-8.41,2.47,-0.34,0.80,-0.21,521,470,475,340,360
3.37,-8.40,2.35,-0.38,0.74,-0.28,520,470,475,340,360
3.60,-8.53,2.08,-0.40,0.73,-0.28,520,469,475,340,362
4.21,-8.55,2.52,-0.41,0.69,-0.30,519,469,475,340,361
3.36,-8.23,2.07,-0.39,0.67,-0.24,518,469,474,340,361
3.41,-7.84,1.84,-0.10,0.79,-0.26,518,469,474,340,360
3.93,-7.53,1.41,-0.27,0.66,-0.35,518,468,474,340,359
END
4.05,-7.63,1.68,-0.25,0.66,-0.33,519,466,472,339,361
1.95,-9.03,2.01,-0.03,0.22,-0.02,519,466,472,340,361
3.15,-9.10,2.43,-0.09,0.25,-0.19,519,466,472,340,361
3.37,-8.74,1.89,-0.05,0.24,-0.09,518,466,472,340,361
2.62,-8.92,1.45,-0.06,0.13,-0.07,519,466,472,340,361
1.90,-8.92,2.03,0.03,0.11,0.02,518,466,472,339,361
2.23,-8.91,2.11,0.08,0.12,0.01,518,466,472,340,361
-0.22,-8.97,2.72,0.07,0.16,0.18,518,465,472,339,361
-0.75,-9.39,2.76,-0.00,0.40,-0.01,518,466,472,339,361
-0.07,-9.19,1.97,0.02,0.63,-0.10,518,466,471,339,361
1.64,-8.84,1.93,0.11,0.78,-0.06,518,466,471,340,361
1.78,-8.88,2.47,0.18,0.83,-0.10,517,466,471,340,361
2.01,-9.25,3.02,-0.06,0.95,-0.54,517,466,471,339,361
0.73,-9.15,3.60,-0.32,0.91,-0.56,517,466,471,340,361
2.52,-8.98,3.47,-0.20,1.10,-0.43,516,466,471,340,361
2.38,-8.38,3.49,-0.16,1.07,-0.45,516,466,470,340,361
2.16,-8.42,4.00,-0.20,1.01,-0.43,516,466,470,339,361
2.97,-8.15,4.16,-0.15,1.02,-0.44,516,466,470,340,360
3.04,-7.79,3.68,-0.22,0.89,-0.35,515,466,470,340,361
2.97,-8.59,4.40,-0.27,0.85,-0.49,515,466,470,340,360
3.15,-8.29,3.44,-0.30,0.85,-0.45,515,465,470,339,361
2.73,-8.32,3.28,-0.48,0.71,-0.44,514,466,469,339,361
3.73,-8.11,2.71,-0.35,0.80,-0.55,514,465,469,339,361
3.35,-8.18,2.96,-0.51,0.67,-0.32,514,465,469,340,362
3.78,-8.08,2.28,-0.36,0.72,-0.37,513,465,469,339,362
3.52,-8.32,2.19,-0.57,0.62,-0.29,513,465,469,339,362
4.33,-8.20,2.38,-0.49,0.60,-0.42,512,465,469,339,362
4.24,-8.31,2.12,-0.41,0.64,-0.19,512,465,469,340,363
4.47,-7.77,1.53,-0.49,0.64,-0.36,511,465,469,340,363
5.36,-8.25,1.49,-0.55,0.55,-0.25,511,464,469,340,362
4.68,-7.67,0.93,-0.50,0.60,-0.36,510,464,468,340,363
4.36,-7.62,1.52,-0.52,0.53,-0.21,510,464,468,339,363
5.45,-7.63,0.98,-0.45,0.60,-0.47,510,464,468,339,363
4.69,-7.81,0.93,-0.55,0.61,-0.39,509,464,468,340,363
5.15,-7.59,1.10,-0.52,0.56,-0.30,509,464,468,339,363
5.04,-7.29,0.81,-0.46,0.66,-0.20,509,464,468,340,363
END
6.96,-7.19,0.98,-0.56,0.60,-0.31,514,463,467,339,362
1.46,-9.05,1.36,0.00,-0.00,0.00,514,463,467,339,362
1.87,-8.86,1.14,0.06,-0.00,-0.09,514,464,467,339,362
0.95,-8.94,1.37,0.15,0.04,-0.11,515,464,467,339,362
0.43,-9.71,2.41,0.16,0.12,-0.15,516,465,467,339,364
-0.45,-9.35,1.97,0.08,0.27,-0.18,518,466,468,339,366
-3.30,-9.06,2.69,-0.10,0.54,-0.49,519,467,470,339,368
0.85,-9.25,3.80,0.12,1.06,-0.39,519,468,470,339,369
1.35,-8.94,4.41,-0.04,1.11,-0.27,519,468,470,339,370
4.01,-9.10,4.51,-0.03,1.09,-0.29,518,467,470,339,370
1.42,-8.82,3.89,-0.28,0.98,-0.47,518,468,469,339,370
2.53,-8.68,4.59,-0.27,1.04,-0.24,518,468,470,339,373
2.90,-7.97,4.20,-0.36,0.85,-0.50,518,468,471,339,375
3.23,-7.84,3.76,-0.32,0.89,-0.40,518,468,471,339,377
3.18,-7.58,3.17,-0.20,0.82,-0.34,518,468,472,339,378
1.77,-7.81,3.34,-0.18,0.86,-0.41,518,469,473,339,379
3.24,-7.82,3.78,-0.22,0.78,-0.43,519,469,473,339,381
2.96,-7.80,3.54,-0.31,0.70,-0.42,518,469,472,339,380
3.68,-8.03,3.73,-0.32,0.70,-0.37,518,468,472,339,380
3.01,-8.35,4.12,-0.43,0.68,-0.54,517,468,472,340,380
3.06,-7.68,2.40,-0.57,0.76,-0.40,516,467,472,339,379
4.10,-7.58,2.74,-0.48,0.66,-0.50,514,467,471,339,379
3.63,-8.15,2.81,-0.25,0.73,-0.25,513,467,471,339,379
3.99,-8.22,2.89,-0.42,0.60,-0.29,513,466,471,339,378
3.85,-9.15,3.23,-0.29,0.55,-0.16,512,466,471,339,378
4.03,-8.29,2.48,-0.46,0.62,-0.35,512,466,470,339,377
3.63,-8.29,2.92,-0.43,0.62,-0.33,511,465,471,339,377
4.30,-8.31,2.44,-0.66,0.64,-0.49,510,465,470,339,377
4.94,-7.35,1.88,-0.64,0.66,-0.37,510,465,470,339,377
4.80,-7.96,1.88,-0.71,0.61,-0.26,509,465,470,339,376
6.62,-6.71,1.16,-0.59,0.65,-0.35,507,465,469,340,376
6.20,-7.68,1.42,-0.56,0.40,0.18,507,464,469,340,376
5.01,-7.16,0.31,-0.46,0.57,-0.05,506,464,469,340,376
5.31,-7.62,0.70,-0.31,0.50,-0.01,506,464,469,339,376
5.15,-7.23,0.54,-0.37,0.60,-0.14,506,464,469,340,376
5.45,-7.10,1.20,-0.38,0.58,-0.32,506,464,469,341,376
END
5.38,-7.26,0.67,-0.54,0.64,-0.34,514,463,466,338,367
3.10,-8.92,1.55,0.05,0.02,-0.04,514,463,466,338,367
2.30,-8.69,1.21,0.03,-0.03,-0.03,514,463,466,338,367
2.00,-9.19,1.61,0.08,0.01,0.02,514,463,467,339,367
1.45,-9.43,1.64,0.04,0.08,-0.09,514,463,466,338,367
1.35,-9.00,1.87,0.03,0.19,0.02,514,463,467,339,367
-1.34,-9.30,2.25,0.01,0.51,0.01,514,463,466,339,367
-0.52,-8.71,2.35,0.07,0.70,-0.18,514,463,466,338,367
0.58,-9.25,3.75,0.08,0.82,-0.24,514,463,466,339,367
1.49,-9.26,3.76,0.03,0.91,-0.23,514,463,466,339,367
1.93,-8.87,3.55,-0.10,0.93,-0.32,513,464,466,338,367
1.79,-8.67,4.08,-0.08,0.93,-0.20,513,463,466,338,367
2.79,-8.28,3.34,-0.18,0.94,-0.29,513,463,466,338,367
1.87,-8.51,4.24,-0.18,0.88,-0.39,512,463,466,338,367
2.09,-8.38,3.69,-0.18,0.93,-0.31,512,463,466,338,367
1.03,-8.42,4.51,-0.28,0.79,-0.60,512,463,466,338,367
3.26,-7.47,3.91,-0.36,0.85,-0.69,511,463,466,338,367
1.45,-8.41,4.29,-0.44,0.89,-0.49,511,463,466,338,367
4.00,-8.54,3.98,-0.37,0.79,-0.79,510,462,466,338,368
2.66,-8.49,3.29,-0.39,0.89,-0.37,509,462,466,338,368
3.68,-8.40,3.36,-0.43,0.81,-0.39,509,462,465,338,368
4.05,-8.34,2.94,-0.57,0.82,-0.41,507,461,465,338,368
3.79,-8.20,3.06,-0.57,0.76,-0.30,507,462,465,338,368
4.26,-8.26,3.12,-0.41,0.83,-0.36,506,461,465,338,368
3.61,-8.35,2.93,-0.44,0.75,-0.15,505,461,465,338,368
4.30,-8.28,2.65,-0.44,0.77,-0.20,505,461,465,338,368
4.31,-7.90,2.51,-0.51,0.71,-0.16,505,461,465,338,368
3.34,-8.19,2.44,-0.50,0.73,-0.11,505,461,465,338,368
4.37,-7.06,1.70,-0.55,0.74,-0.22,504,461,465,338,369
3.30,-7.99,2.40,-0.42,0.75,-0.11,504,461,465,338,369
4.72,-7.52,1.70,-0.40,0.79,-0.33,503,461,464,339,368
4.73,-8.18,1.86,-0.50,0.72,-0.25,503,461,465,338,368
5.87,-7.67,1.19,-0.55,0.70,-0.33,502,460,464,339,368
4.67,-7.59,0.78,-0.44,0.70,-0.16,502,460,464,338,368
5.43,-7.29,0.78,-0.41,0.76,-0.30,502,460,464,338,368
5.42,-7.90,1.41,-0.43,0.69,-0.28,501,460,464,339,368
END
4.94,-7.22,1.15,-0.24,0.79,-0.20,511,461,465,338,371
2.23,-9.18,1.07,0.04,-0.06,-0.15,511,461,465,338,371
0.52,-10.29,1.90,-0.02,0.08,-0.14,511,460,465,338,372
0.60,-10.19,1.72,-0.22,0.31,-0.43,511,461,465,338,371
0.11,-8.64,1.28,-0.11,0.67,0.00,512,461,465,338,371
2.04,-8.63,1.82,-0.02,0.66,-0.20,511,461,465,338,371
1.63,-8.68,2.06,0.01,0.89,0.06,511,460,464,338,371
1.36,-9.20,3.05,-0.15,0.88,-0.32,511,461,464,338,370
1.59,-8.69,3.28,-0.24,0.87,-0.24,510,460,464,338,370
5.05,-8.61,3.41,-0.19,0.63,-0.77,510,461,464,338,371
1.84,-8.26,3.12,-0.09,1.09,0.08,510,461,464,338,371
4.04,-8.75,2.61,-0.07,1.00,-0.07,509,460,465,338,371
2.12,-8.89,3.61,-0.21,0.98,-0.21,510,461,464,338,371
3.07,-8.79,3.46,-0.33,1.11,-0.17,509,460,464,338,370
3.29,-8.46,2.90,-0.40,0.89,-0.30,508,460,464,338,371
1.89,-7.43,2.68,-0.39,0.80,-0.39,508,460,464,338,371
2.74,-7.73,3.09,-0.11,0.83,-0.16,507,460,464,338,371
2.79,-7.84,2.98,-0.30,0.74,-0.49,507,459,464,338,371
4.44,-8.28,2.78,-0.20,0.65,-0.31,506,459,463,338,371
3.04,-8.76,2.90,-0.42,0.53,-0.47,506,459,463,338,371
3.56,-8.66,2.78,-0.33,0.54,-0.39,505,459,463,339,372
3.23,-8.28,2.17,-0.48,0.61,-0.48,505,459,463,338,372
3.75,-8.98,2.90,-0.39,0.57,-0.33,504,459,463,338,372
3.12,-8.08,1.54,-0.51,0.63,-0.32,504,459,463,338,372
5.06,-8.33,1.72,-0.58,0.59,-0.39,503,459,463,338,373
4.41,-8.28,1.71,-0.39,0.68,-0.18,503,459,463,339,373
5.47,-8.55,1.21,-0.53,0.57,-0.22,502,458,463,339,373
6.08,-7.59,0.99,-0.40,0.60,-0.23,502,458,463,338,373
5.03,-7.67,0.90,-0.37,0.58,-0.07,501,458,463,338,373
4.50,-7.69,0.57,-0.40,0.61,-0.14,501,458,462,339,372
5.20,-7.58,0.78,-0.41,0.59,-0.19,501,458,462,338,372
4.01,-8.53,1.51,-0.48,0.58,-0.26,500,457,462,339,372
4.59,-8.16,0.77,-0.63,0.58,-0.23,499,457,462,339,372
4.43,-7.32,0.74,-0.65,0.70,-0.28,499,457,462,339,372
4.29,-7.72,0.69,-0.56,0.72,-0.12,498,457,462,338,371
6.39,-6.14,0.45,-0.57,0.79,-0.24,498,457,462,339,371
END
5.44,-7.76,2.01,-0.46,0.68,0.03,506,458,462,338,366
2.14,-9.50,0.98,0.04,0.08,0.07,506,458,462,338,366
1.31,-9.44,1.22,0.02,0.27,0.00,506,458,461,338,365
2.83,-8.94,0.37,-0.01,0.30,-0.01,506,458,461,338,365
2.21,-8.92,0.71,0.01,0.33,-0.03,506,458,461,338,364
1.34,-9.04,1.39,0.02,0.41,-0.03,506,458,461,338,365
0.97,-9.58,2.00,-0.09,0.62,-0.22,506,458,461,338,365
2.89,-9.55,1.82,-0.08,0.71,-0.10,506,458,461,338,365
2.45,-8.60,1.96,-0.03,0.81,-0.28,506,458,461,338,365
3.76,-8.38,2.02,0.03,0.90,0.12,506,458,461,338,365
2.95,-9.02,2.66,-0.04,0.83,-0.16,506,458,461,338,365
2.81,-8.70,2.57,-0.20,0.82,-0.10,506,458,461,338,365
2.67,-8.55,2.69,-0.20,0.81,-0.14,505,458,461,338,365
1.80,-8.78,2.75,-0.17,0.82,-0.04,505,458,461,338,365
0.73,-8.19,3.52,-0.06,0.89,-0.28,505,458,461,338,364
1.44,-8.63,3.48,-0.09,0.94,-0.09,504,458,460,338,364
2.39,-8.29,3.80,-0.08,0.87,-0.37,504,457,460,338,364
2.53,-8.12,3.28,-0.16,0.84,-0.27,503,457,460,337,364
3.07,-8.62,3.72,-0.21,0.70,-0.64,503,457,460,338,364
3.18,-8.16,3.22,-0.30,0.80,-0.34,503,458,460,338,364
4.67,-8.59,3.29,-0.43,0.53,-0.58,502,458,460,338,364
4.10,-8.15,2.10,-0.39,0.53,-0.32,502,457,460,338,365
3.80,-8.64,2.65,-0.38,0.47,-0.42,502,457,460,338,365
3.60,-7.90,1.44,-0.38,0.48,-0.31,501,457,460,338,366
3.00,-8.84,2.33,-0.33,0.49,-0.37,501,457,460,338,366
3.07,-8.15,2.05,-0.46,0.58,-0.48,500,457,460,338,367
4.60,-8.36,1.63,-0.52,0.57,-0.49,500,456,460,338,367
4.10,-7.97,1.44,-0.37,0.65,-0.28,500,456,460,338,368
4.68,-8.90,2.50,-0.48,0.56,-0.24,500,456,460,338,368
4.64,-8.15,1.80,-0.40,0.67,-0.02,499,456,460,338,368
5.33,-8.54,1.92,-0.49,0.57,-0.10,499,456,460,338,368
5.60,-7.77,1.30,-0.44,0.62,-0.03,499,456,460,338,368
5.67,-7.47,1.30,-0.45,0.57,-0.04,498,456,460,338,368
4.91,-7.32,1.20,-0.42,0.61,-0.07,499,456,460,338,368
4.54,-7.39,0.83,-0.42,0.61,-0.17,498,456,460,338,368
4.55,-8.15,0.77,-0.42,0.68,-0.49,498,456,460,338,367
END
5.78,-7.34,1.11,-0.56,0.65,-0.47,505,458,459,338,366
1.82,-8.93,0.57,0.04,0.00,-0.01,505,458,459,338,366
1.72,-9.06,0.76,-0.01,0.01,-0.05,505,458,459,338,366
2.22,-9.17,0.85,0.03,0.04,-0.01,506,458,460,338,366
1.54,-9.06,0.77,0.13,0.10,0.10,509,459,460,338,367
1.00,-9.41,1.40,0.16,0.14,-0.25,511,460,461,338,368
-0.73,-9.66,2.05,0.15,0.44,-0.00,512,461,461,338,368
-1.66,-9.12,2.10,-0.03,0.57,-0.13,512,461,461,338,367
0.24,-9.35,2.90,-0.04,0.80,-0.17,511,461,461,338,367
2.26,-9.49,3.03,-0.10,0.77,-0.23,510,460,461,338,367
4.52,-8.52,1.14,-0.25,0.64,-0.01,509,460,461,338,368
1.74,-8.39,1.25,-0.04,0.67,0.11,508,460,462,339,368
0.56,-8.97,2.01,0.01,0.72,0.05,508,459,461,338,368
0.62,-9.43,2.61,-0.13,0.70,-0.28,507,459,461,338,368
-0.27,-9.47,2.81,-0.29,0.81,-0.31,506,459,460,338,368
0.37,-8.61,2.58,-0.26,0.84,-0.39,506,459,460,338,369
1.52,-9.16,2.38,-0.25,0.81,-0.30,505,459,460,338,369
2.36,-9.48,2.91,-0.23,0.85,-0.32,504,458,460,338,369
2.19,-9.04,2.13,-0.25,0.83,-0.27,504,458,460,338,369
2.58,-9.27,1.90,-0.30,0.80,-0.25,503,458,460,338,369
2.27,-9.08,1.93,-0.28,0.79,-0.17,503,458,460,338,369
2.25,-9.15,1.92,-0.35,0.80,-0.45,502,458,460,338,369
1.28,-9.22,1.97,-0.31,0.84,-0.13,502,458,460,338,369
2.76,-8.75,1.41,-0.36,0.81,-0.35,501,458,459,338,369
2.51,-8.29,0.80,-0.26,0.89,-0.09,501,457,459,338,369
3.10,-9.44,1.53,-0.35,0.75,-0.18,500,457,459,338,370
3.24,-8.20,0.84,-0.35,0.85,-0.38,500,457,459,339,370
3.12,-8.25,1.26,-0.34,0.80,-0.15,500,457,459,338,370
4.69,-8.21,0.92,-0.29,0.76,-0.34,499,457,459,338,370
2.56,-8.43,0.90,-0.29,0.83,-0.04,499,457,459,338,370
4.42,-8.23,1.43,-0.24,0.88,-0.42,498,457,459,338,370
3.49,-8.88,1.50,-0.27,0.72,-0.36,498,456,459,338,370
3.30,-8.83,1.30,-0.39,0.70,-0.34,497,456,458,338,370
3.18,-8.52,1.05,-0.39,0.77,-0.21,497,456,459,338,370
3.95,-8.72,1.69,-0.49,0.78,-0.34,496,456,459,338,370
4.96,-7.91,1.68,-0.58,0.85,-0.20,496,456,459,338,370
END
5.64,-8.00,1.66,-0.57,0.80,-0.23,506,457,458,339,364
2.71,-9.45,1.55,0.04,0.02,-0.07,506,457,458,339,364
2.32,-9.20,1.60,-0.01,0.05,-0.06,506,457,458,338,364
1.96,-8.99,1.11,-0.07,0.14,-0.07,506,457,458,338,364
2.08,-8.83,1.36,-0.07,0.23,-0.03,506,457,458,338,364
1.77,-8.97,1.63,-0.03,0.29,-0.04,506,457,458,338,364
0.51,-10.46,1.77,-0.31,0.52,-0.17,505,457,458,338,364
0.74,-10.14,1.44,-0.17,0.83,-0.03,505,457,457,338,364
1.24,-9.89,1.95,-0.26,0.95,-0.01,505,456,457,338,364
3.03,-9.20,2.02,-0.14,1.01,-0.02,504,456,457,338,364
2.71,-8.76,1.92,-0.12,1.01,0.13,504,456,457,338,363
2.81,-7.98,2.36,0.02,0.92,0.04,505,456,457,338,363
1.56,-7.78,2.50,-0.07,0.86,-0.20,505,457,457,338,363
0.89,-8.25,2.50,-0.00,0.95,-0.07,505,457,458,338,363
1.64,-9.02,3.22,-0.15,0.90,-0.27,505,456,457,338,363
0.95,-8.82,3.50,-0.12,0.96,-0.34,505,456,457,338,363
2.29,-8.91,3.45,-0.31,0.87,-0.34,504,456,457,338,363
2.31,-8.41,3.00,-0.28,0.89,-0.50,503,456,457,338,364
3.01,-8.33,2.88,-0.28,0.82,-0.30,502,456,457,338,363
3.23,-8.59,2.31,-0.28,0.89,-0.42,502,456,457,338,363
3.62,-8.59,2.99,-0.30,0.69,-0.44,501,455,456,338,362
3.35,-8.59,2.05,-0.31,0.67,-0.35,501,455,456,338,365
3.04,-8.36,1.84,-0.31,0.69,-0.27,501,455,456,339,364
3.45,-9.01,2.28,-0.34,0.63,-0.36,500,455,457,338,364
3.09,-8.03,1.54,-0.29,0.74,-0.23,500,455,456,338,364
3.78,-8.74,2.02,-0.41,0.66,-0.36,500,455,456,338,364
4.41,-7.78,2.01,-0.27,0.69,-0.30,499,455,456,339,364
4.39,-8.29,1.69,-0.43,0.59,-0.22,499,455,456,339,364
3.91,-8.15,1.79,-0.39,0.61,-0.17,498,454,456,338,364
4.13,-8.45,1.56,-0.41,0.59,-0.13,498,454,456,338,364
4.42,-8.54,1.23,-0.41,0.67,-0.12,498,454,456,338,365
4.36,-8.20,1.21,-0.32,0.66,-0.13,497,454,456,337,365
4.74,-7.81,1.43,-0.35,0.73,-0.11,497,454,456,338,365
4.52,-7.87,1.33,-0.27,0.70,-0.14,497,454,456,338,365
5.08,-7.19,1.37,-0.33,0.64,-0.08,497,454,456,338,365
5.48,-7.52,1.18,-0.20,0.62,-0.15,497,454,456,338,365
END
5.30,-7.71,1.69,-0.24,0.57,-0.11,511,463,469,338,388
1.84,-9.66,1.62,0.13,0.06,0.00,511,463,468,338,387
0.42,-10.54,2.50,-0.06,0.21,-0.11,510,462,468,338,386
-0.57,-9.53,1.66,-0.18,0.52,-0.04,510,462,468,339,386
2.07,-8.85,2.18,-0.07,0.66,-0.20,510,462,468,338,386
2.89,-8.85,2.58,-0.08,0.76,-0.09,510,462,468,339,385
2.84,-8.56,2.89,-0.10,0.82,-0.32,510,462,468,339,385
1.86,-8.69,3.29,-0.19,0.93,-0.18,510,462,467,338,384
4.56,-8.79,3.05,-0.32,0.90,-0.31,509,462,467,339,384
3.12,-8.39,2.47,-0.31,0.91,-0.28,509,462,467,338,383
4.81,-8.46,2.36,-0.31,0.82,-0.24,509,461,467,338,383
3.86,-8.11,2.71,-0.26,0.76,-0.16,508,461,467,339,382
3.24,-8.43,2.48,-0.23,0.70,-0.13,508,461,467,338,382
2.00,-8.67,2.62,-0.35,0.71,-0.37,508,461,466,338,381
2.10,-8.38,2.55,-0.44,0.85,-0.32,508,461,466,338,381
3.02,-7.67,2.76,-0.37,0.90,-0.45,507,461,466,338,381
4.65,-8.16,3.07,-0.27,0.86,-0.27,507,461,466,338,381
5.09,-8.38,2.34,-0.27,0.78,-0.29,507,461,466,338,381
4.78,-8.23,2.46,-0.29,0.69,-0.17,507,461,466,338,382
3.78,-8.51,2.60,-0.31,0.62,-0.09,507,461,466,338,382
4.02,-8.60,2.38,-0.30,0.64,-0.08,507,461,466,338,382
3.22,-8.67,2.23,-0.36,0.64,-0.12,507,460,466,338,382
4.60,-7.94,1.74,-0.31,0.65,-0.23,507,460,466,338,382
3.11,-8.36,1.84,-0.36,0.69,-0.20,506,460,466,338,381
4.12,-7.60,1.94,-0.33,0.74,-0.28,506,460,466,339,381
4.37,-8.03,1.94,-0.36,0.59,-0.26,506,460,466,338,381
3.88,-8.33,2.06,-0.37,0.61,-0.21,506,460,466,338,381
3.83,-8.12,2.07,-0.32,0.70,-0.16,505,460,466,338,381
4.26,-8.20,1.49,-0.46,0.60,-0.13,505,460,465,338,381
3.29,-8.39,1.59,-0.38,0.70,-0.04,504,459,465,338,381
4.28,-8.31,1.82,-0.44,0.71,-0.19,504,459,465,338,381
4.39,-8.14,3.49,-0.32,0.77,-0.09,503,459,465,338,381
3.96,-8.24,1.64,-0.49,0.74,-0.18,502,459,465,338,381
4.73,-8.01,1.58,-0.30,0.76,-0.20,502,458,465,338,380
4.38,-8.04,1.84,-0.48,0.73,-0.18,502,458,464,338,380
5.43,-7.34,1.14,-0.32,0.70,-0.20,501,458,464,339,380
END
4.80,-7.57,1.24,-0.30,0.64,-0.18,506,458,464,338,377
1.18,-8.60,0.92,-0.02,0.13,0.05,506,458,464,338,377
0.50,-8.97,1.27,-0.03,0.40,-0.05,506,458,464,339,377
3.04,-9.06,2.25,-0.10,0.53,-0.09,506,458,463,338,377
2.84,-9.07,2.46,-0.09,0.56,-0.21,506,458,464,339,377
3.17,-8.52,2.05,-0.19,0.56,-0.38,506,459,465,338,378
1.59,-8.00,2.18,-0.05,0.81,0.02,509,460,466,338,379
3.52,-8.90,3.22,-0.13,0.80,-0.09,510,460,467,339,380
2.91,-8.93,3.77,-0.16,0.95,-0.09,510,460,467,338,380
3.76,-9.27,3.97,-0.22,0.96,-0.00,510,460,467,338,381
3.05,-8.64,3.43,-0.28,0.95,-0.18,511,461,468,338,382
4.34,-8.41,3.05,-0.36,0.74,0.13,513,461,467,338,384
2.57,-8.22,2.53,-0.23,0.79,-0.16,511,460,467,339,383
1.69,-8.15,2.37,-0.24,0.73,-0.15,511,460,466,339,382
2.23,-8.05,2.98,-0.17,0.76,-0.27,510,460,466,339,382
2.35,-8.53,2.97,-0.17,0.73,-0.28,510,460,465,338,382
2.01,-8.50,3.16,-0.17,0.80,-0.32,510,460,466,339,382
1.69,-8.33,3.29,-0.25,0.78,-0.24,510,460,465,339,382
1.55,-8.21,3.50,-0.31,0.79,-0.36,509,459,465,339,382
2.19,-8.27,3.37,-0.32,0.81,-0.28,508,459,465,338,381
2.43,-8.71,3.76,-0.34,0.85,-0.32,508,459,465,338,380
3.14,-8.65,3.25,-0.36,0.92,-0.27,507,458,465,338,380
3.77,-8.92,3.03,-0.46,0.85,-0.38,506,458,465,338,380
4.31,-8.72,2.13,-0.50,0.87,-0.30,505,458,465,338,379
4.90,-8.56,2.02,-0.46,0.80,-0.25,505,458,464,338,379
4.01,-8.44,1.92,-0.45,0.81,-0.22,505,458,464,339,379
3.75,-8.58,1.67,-0.46,0.76,-0.19,504,458,464,338,379
3.50,-8.13,1.59,-0.46,0.80,-0.32,504,458,464,338,379
3.65,-7.74,1.51,-0.41,0.86,-0.36,504,457,464,338,379
3.78,-7.89,1.95,-0.49,0.85,-0.32,503,457,464,339,379
4.66,-7.51,1.35,-0.44,0.79,-0.33,502,457,463,339,378
4.88,-8.07,1.51,-0.39,0.69,-0.31,502,457,463,338,378
3.78,-8.18,0.98,-0.41,0.74,-0.21,502,456,463,338,378
4.17,-8.03,1.91,-0.38,0.75,-0.18,502,456,463,338,378
3.62,-7.26,1.95,-0.44,0.85,-0.30,502,456,463,338,378
4.51,-5.80,2.23,-0.39,0.95,-0.56,501,456,462,339,377
END
7.77,-4.51,1.74,-0.46,0.75,-0.89,504,454,459,338,370
2.63,-9.16,1.72,-0.08,0.32,-0.01,504,454,458,339,370
2.73,-9.04,1.85,-0.11,0.29,-0.08,503,454,459,339,370
2.70,-8.90,1.45,-0.11,0.33,-0.05,503,454,459,339,370
2.89,-8.36,1.31,-0.10,0.31,-0.08,504,454,459,338,370
1.92,-8.61,1.67,-0.06,0.31,-0.12,503,454,458,338,369
1.46,-8.97,1.79,-0.06,0.41,-0.10,503,454,458,339,370
1.67,-9.16,2.07,-0.05,0.55,-0.12,503,454,459,338,370
1.49,-9.14,1.95,0.08,0.64,-0.09,503,454,459,338,370
2.17,-8.62,2.51,0.04,0.73,-0.10,503,455,459,338,370
2.86,-9.38,3.00,-0.03,0.63,-0.22,503,455,459,338,370
2.18,-8.96,2.58,-0.23,0.71,-0.22,503,455,459,338,370
2.20,-8.69,2.93,-0.27,0.73,-0.15,503,455,459,338,369
2.05,-8.87,3.10,-0.30,0.69,-0.26,502,454,459,338,370
1.86,-8.48,3.14,-0.17,0.75,-0.24,502,454,459,338,369
2.16,-8.51,3.09,-0.22,0.67,-0.20,502,454,458,338,369
2.68,-8.38,3.11,-0.16,0.72,-0.21,501,454,458,338,370
2.71,-8.13,2.82,-0.25,0.66,-0.21,501,454,458,338,369
2.83,-8.36,2.96,-0.17,0.70,-0.25,501,454,458,338,369
2.81,-8.19,2.51,-0.17,0.69,-0.18,501,454,458,338,369
2.65,-8.24,2.66,-0.13,0.74,-0.13,500,454,458,338,369
1.83,-8.62,3.21,-0.22,0.67,-0.29,500,453,458,338,369
3.15,-8.31,2.56,-0.28,0.60,-0.37,500,454,458,338,369
2.61,-8.64,2.62,-0.32,0.60,-0.35,500,453,458,338,369
2.65,-8.78,2.82,-0.26,0.64,-0.17,499,453,458,338,369
2.67,-8.70,2.20,-0.25,0.69,-0.18,499,453,457,338,369
2.94,-8.86,2.69,-0.21,0.66,-0.09,499,453,458,338,369
2.68,-8.83,2.43,-0.22,0.71,-0.19,499,453,458,338,369
3.69,-8.42,2.21,-0.36,0.64,-0.21,498,453,457,338,370
3.33,-8.56,2.49,-0.19,0.69,-0.15,498,453,457,338,369
3.40,-8.45,2.06,-0.32,0.67,-0.16,498,453,458,338,370
3.72,-8.79,2.23,-0.30,0.64,-0.34,498,453,457,338,370
3.40,-8.56,1.77,-0.27,0.63,-0.23,498,453,457,338,370
3.00,-8.61,2.07,-0.39,0.61,-0.35,498,453,457,338,370
3.14,-7.90,1.46,-0.27,0.69,-0.32,497,453,458,338,370
3.57,-8.84,1.72,-0.34,0.66,-0.25,497,453,457,338,369
END
3.80,-8.33,1.79,-0.29,0.72,-0.32,499,452,456,338,369
2.81,-8.61,1.49,0.08,-0.23,-0.08,499,452,456,338,369
2.51,-8.81,1.24,0.15,-0.10,-0.12,499,452,457,338,369
1.11,-9.33,1.85,0.08,-0.01,-0.06,499,452,456,338,369
1.46,-9.64,2.12,0.00,0.16,-0.15,499,452,456,338,369
2.03,-9.64,2.43,-0.09,0.31,-0.23,499,452,456,337,369
2.15,-9.25,2.17,-0.19,0.43,-0.22,499,452,456,338,369
2.65,-9.12,2.19,-0.21,0.55,-0.17,499,452,456,338,369
2.84,-8.71,2.34,-0.21,0.60,-0.20,499,452,456,338,369
2.97,-8.62,2.00,-0.19,0.66,-0.02,499,452,456,339,369
3.22,-8.85,2.02,-0.19,0.67,-0.08,499,452,456,338,369
2.76,-8.68,1.79,-0.19,0.73,-0.07,499,452,456,338,369
3.29,-9.05,2.43,-0.20,0.73,-0.09,499,452,456,338,369
2.90,-8.91,2.06,-0.18,0.81,-0.12,499,452,456,338,369
2.89,-9.00,2.71,-0.21,0.75,-0.06,499,452,456,338,369
2.51,-8.84,2.54,-0.17,0.84,-0.15,499,452,456,338,369
2.79,-8.54,2.70,-0.25,0.75,-0.08,499,452,456,338,369
2.47,-8.10,2.57,-0.12,0.77,-0.06,499,452,456,338,369
1.85,-8.78,3.19,-0.20,0.73,-0.20,499,452,456,338,369
2.12,-8.23,2.48,-0.21,0.77,-0.22,499,452,457,338,369
2.60,-8.28,2.59,-0.20,0.77,-0.35,498,452,456,338,369
2.81,-8.59,2.98,-0.12,0.78,-0.21,498,452,456,338,369
1.86,-8.56,2.48,-0.22,0.66,-0.18,498,452,456,338,369
3.34,-8.51,2.70,-0.21,0.56,-0.24,498,452,456,338,369
2.63,-8.46,1.51,-0.22,0.58,-0.19,497,451,456,338,369
2.42,-8.88,2.46,-0.25,0.52,-0.23,497,451,456,338,369
2.40,-8.61,2.01,-0.24,0.62,-0.29,497,451,456,338,370
2.53,-8.82,1.92,-0.29,0.57,-0.25,497,451,456,338,369
2.62,-8.69,1.97,-0.29,0.67,-0.21,497,451,456,338,370
3.19,-8.87,2.20,-0.35,0.66,-0.20,497,451,456,338,369
3.60,-8.57,1.75,-0.29,0.72,-0.25,497,451,456,338,369
3.29,-8.90,2.11,-0.46,0.67,-0.26,496,451,456,338,369
4.36,-8.16,1.63,-0.39,0.70,-0.39,496,451,456,338,369
3.21,-8.32,1.61,-0.54,0.65,-0.36,496,451,456,338,369
4.53,-8.15,1.34,-0.43,0.68,-0.39,496,451,456,338,369
3.69,-8.56,1.33,-0.49,0.69,-0.34,495,451,456,338,369
END
5.05,-7.77,1.26,-0.48,0.74,-0.41,501,453,457,338,368
1.25,-10.01,2.96,0.33,-0.34,0.02,501,453,456,337,368
1.82,-9.57,2.40,0.11,-0.21,-0.03,501,453,457,338,368
2.28,-8.83,1.87,0.07,-0.16,-0.03,501,453,457,338,369
1.37,-9.28,1.82,0.15,-0.01,0.05,501,453,457,338,368
0.89,-9.65,1.84,0.08,0.06,0.04,501,453,456,338,368
0.36,-9.59,2.17,-0.03,0.18,-0.06,501,453,456,338,368
-1.87,-9.77,2.48,-0.17,0.47,-0.09,502,453,457,338,369
-1.34,-8.54,2.26,-0.02,0.85,-0.12,502,453,456,338,368
0.58,-9.12,3.23,0.04,1.00,-0.24,501,453,456,338,368
2.32,-9.25,3.81,-0.02,0.96,-0.09,501,453,456,337,368
2.81,-8.97,3.36,-0.06,1.03,0.07,501,453,457,338,367
0.50,-8.31,3.27,-0.14,0.98,-0.18,501,453,456,338,367
0.41,-8.56,4.11,-0.15,1.02,-0.38,501,453,456,338,367
1.13,-8.47,3.68,-0.17,1.02,-0.60,500,453,456,338,367
1.36,-8.74,3.91,-0.24,0.96,-0.60,500,453,456,338,367
2.81,-8.58,3.96,-0.31,1.00,-0.53,500,452,456,338,366
2.48,-7.41,3.14,-0.29,0.99,-0.48,499,453,456,338,366
2.83,-7.99,3.42,-0.13,0.92,-0.25,499,452,456,338,366
3.22,-7.95,2.81,-0.28,0.81,-0.41,498,452,456,338,366
3.27,-8.25,3.74,-0.13,0.73,-0.33,498,452,456,338,366
2.47,-8.23,3.55,-0.38,0.69,-0.53,498,452,456,338,366
3.98,-8.43,2.81,-0.47,0.70,-0.47,497,452,456,338,366
3.40,-8.21,2.40,-0.51,0.75,-0.44,496,451,455,338,366
3.65,-8.74,2.53,-0.50,0.74,-0.45,495,451,455,338,367
3.87,-8.66,2.28,-0.46,0.73,-0.38,495,451,455,338,366
3.80,-9.05,2.49,-0.42,0.78,-0.29,495,451,455,338,367
3.82,-8.66,2.03,-0.55,0.76,-0.24,494,451,455,338,367
3.91,-8.64,2.69,-0.48,0.81,-0.10,494,451,455,338,367
4.06,-7.68,2.00,-0.54,0.81,-0.09,493,450,455,338,367
4.40,-7.78,2.53,-0.43,0.86,-0.15,493,450,455,338,367
4.95,-7.62,2.08,-0.46,0.87,-0.29,493,450,455,338,367
5.87,-7.25,1.68,-0.37,0.79,-0.29,492,450,454,338,367
5.06,-7.57,1.75,-0.37,0.78,-0.25,492,450,455,338,366
6.28,-6.88,1.56,-0.32,0.65,-0.19,492,450,455,338,366
5.24,-7.47,1.39,-0.33,0.60,-0.19,492,450,454,339,367
END
5.57,-7.31,1.34,-0.30,0.58,-0.30,503,453,456,338,370
2.15,-9.12,0.61,0.04,0.03,-0.07,503,453,456,338,371
2.23,-9.11,0.49,0.02,0.02,-0.04,503,452,457,339,371
2.14,-9.12,0.97,0.02,0.02,-0.06,503,453,457,338,371
1.72,-9.01,0.55,-0.02,0.03,-0.18,503,453,457,338,371
1.41,-9.73,1.23,0.03,0.14,-0.13,503,453,456,338,371
-0.13,-10.04,1.33,-0.09,0.38,-0.17,503,453,457,338,371
1.00,-9.75,1.86,-0.05,0.62,-0.09,503,453,457,338,371
1.51,-9.02,1.89,-0.11,0.80,-0.01,502,453,457,338,372
2.15,-9.04,2.37,-0.06,0.87,0.02,502,453,457,338,371
1.44,-8.67,2.07,-0.15,0.96,-0.34,502,453,458,338,371
2.91,-8.91,2.37,-0.24,0.80,-0.36,502,453,458,338,372
3.42,-8.59,2.71,-0.22,0.85,-0.27,502,453,458,338,372
2.93,-8.59,2.69,-0.34,0.83,-0.45,502,453,458,338,372
5.01,-8.44,2.02,-0.44,0.69,-0.42,502,453,458,338,373
3.19,-8.28,2.21,-0.28,0.90,-0.06,501,453,458,338,373
4.73,-8.02,1.75,-0.37,0.72,-0.41,501,453,458,338,372
3.50,-7.87,0.13,-0.28,0.74,-0.09,501,452,458,338,373
3.74,-7.68,2.05,-0.29,0.69,-0.38,501,452,457,338,373
3.50,-8.33,1.63,-0.34,0.65,-0.27,500,452,458,338,373
2.46,-8.48,2.43,-0.42,0.79,-0.27,500,452,457,338,372
3.54,-8.82,2.39,-0.47,0.84,-0.27,499,451,457,338,373
4.33,-8.98,2.77,-0.58,0.81,-0.31,498,451,457,338,373
4.12,-8.15,2.25,-0.43,1.00,-0.00,498,451,457,338,373
5.01,-8.19,1.95,-0.47,0.96,-0.03,497,451,457,338,373
5.18,-8.33,2.53,-0.35,0.96,-0.08,497,451,457,338,374
5.53,-7.90,1.58,-0.46,0.90,-0.02,496,450,457,338,374
5.20,-7.85,2.08,-0.43,0.80,-0.04,496,450,456,337,374
4.39,-8.00,1.24,-0.38,0.83,-0.03,496,450,456,337,373
4.20,-8.01,2.07,-0.38,0.75,-0.21,496,450,456,338,374
4.11,-7.87,1.44,-0.45,0.75,-0.22,495,450,456,338,375
3.96,-7.85,1.16,-0.34,0.78,-0.11,495,450,456,338,373
3.80,-8.39,1.46,-0.26,0.88,-0.12,495,450,456,338,373
4.74,-8.78,1.41,-0.33,0.84,-0.10,495,450,456,338,373
4.46,-8.77,1.60,-0.39,0.81,-0.29,495,450,456,338,373
5.32,-8.60,2.02,-0.46,0.76,-0.47,494,450,456,338,372
END
5.44,-7.35,1.19,-0.50,0.79,-0.34,498,450,455,338,368
2.03,-9.18,0.58,-0.03,0.07,0.00,498,450,455,337,368
2.28,-8.63,0.60,0.02,0.17,-0.04,498,450,455,338,368
2.91,-8.61,0.46,-0.03,0.16,-0.10,498,450,455,338,368
2.50,-8.69,0.52,-0.01,0.16,-0.09,498,450,455,338,368
1.23,-8.88,0.63,-0.14,0.26,-0.01,497,450,455,338,369
-0.34,-9.80,1.25,-0.13,0.55,-0.29,497,449,455,338,369
2.13,-9.53,1.12,-0.19,0.60,-0.21,496,449,455,338,369
1.86,-9.03,1.65,0.03,0.85,0.04,496,449,455,338,369
1.90,-8.89,2.11,-0.05,0.90,0.11,496,449,454,338,369
2.38,-9.28,3.09,-0.17,0.80,-0.36,495,449,454,338,369
2.89,-8.64,1.96,-0.05,0.99,-0.21,495,449,454,338,369
3.06,-8.99,3.11,-0.18,0.91,-0.37,495,449,454,338,369
3.72,-8.53,2.94,-0.24,0.92,-0.42,494,449,454,338,369
4.14,-8.50,3.14,-0.36,0.84,-0.36,494,449,454,338,368
3.91,-8.50,3.87,-0.45,0.83,-0.44,493,448,454,338,368
3.11,-8.56,2.70,-0.73,0.76,-0.04,492,448,453,338,368
3.80,-8.84,2.56,-0.55,0.83,-0.55,492,448,454,338,368
5.64,-8.24,1.48,-0.51,0.77,-0.32,491,448,454,338,369
4.95,-8.36,1.68,-0.44,0.65,-0.24,491,448,453,338,368
4.94,-8.34,1.69,-0.49,0.66,-0.14,490,448,453,338,369
4.74,-8.05,0.98,-0.49,0.55,0.00,490,447,453,338,369
3.57,-8.33,0.95,-0.49,0.68,-0.07,490,447,453,337,369
4.29,-8.13,0.69,-0.40,0.64,-0.03,490,447,453,337,369
3.73,-8.27,0.89,-0.35,0.72,-0.02,490,447,453,337,369
4.34,-8.10,0.95,-0.40,0.68,-0.04,490,447,454,338,369
4.29,-8.08,0.78,-0.31,0.70,0.12,489,448,453,338,369
4.34,-8.87,1.25,-0.33,0.71,-0.02,489,447,453,338,370
4.61,-8.24,0.61,-0.38,0.74,-0.13,489,447,453,338,369
4.32,-7.65,0.53,-0.31,0.69,0.09,489,447,454,338,370
3.09,-8.72,1.11,-0.28,0.84,-0.12,489,448,454,338,370
4.53,-8.26,0.85,-0.42,0.80,-0.26,489,447,454,338,370
3.45,-9.59,1.75,-0.43,0.90,-0.13,489,447,454,338,370
4.64,-7.03,0.86,-0.49,0.98,-0.24,489,447,453,338,370
7.15,-7.46,0.90,-0.43,0.85,-0.14,489,447,453,338,370
6.53,-7.38,0.75,-0.25,0.68,0.00,489,447,453,338,370
END
4.73,-7.75,0.49,-0.31,0.54,0.06,498,449,454,338,369
2.51,-8.92,0.50,-0.00,0.09,-0.03,498,449,454,338,369
2.51,-8.76,0.65,0.02,0.08,-0.06,498,449,454,338,369
1.59,-9.14,1.16,0.12,0.18,-0.00,498,450,455,338,369
2.45,-9.02,0.67,0.04,0.15,-0.03,499,449,455,338,370
0.52,-9.24,1.76,0.04,0.36,-0.06,498,450,455,338,370
0.60,-8.91,1.67,-0.01,0.47,-0.19,498,450,454,338,369
1.23,-9.32,2.91,0.03,0.65,-0.13,498,450,455,338,370
2.79,-9.35,3.31,0.07,0.62,-0.36,498,450,454,338,369
2.59,-9.08,2.36,-0.06,0.69,0.10,498,450,454,338,369
2.23,-8.66,2.67,-0.07,0.74,-0.25,498,450,454,338,369
2.11,-8.31,2.82,-0.16,0.75,-0.10,498,450,454,338,369
2.56,-8.31,2.64,-0.21,0.72,-0.48,498,450,454,338,369
2.16,-8.35,2.74,-0.17,0.85,-0.18,497,449,454,338,369
3.22,-8.48,2.98,-0.22,0.69,-0.34,497,449,454,338,369
3.33,-8.71,2.92,-0.29,0.72,-0.41,496,449,454,338,369
3.08,-8.69,2.61,-0.41,0.70,-0.48,496,449,454,338,369
3.19,-8.61,2.93,-0.34,0.83,-0.22,495,449,454,338,369
3.64,-8.48,2.38,-0.34,0.75,0.03,495,449,454,338,370
3.18,-8.88,3.29,-0.25,0.82,-0.36,495,448,454,338,370
2.79,-8.34,2.79,-0.35,0.79,-0.15,494,448,454,338,370
3.84,-8.15,2.57,-0.32,0.70,-0.32,494,448,454,338,369
3.11,-8.09,2.20,-0.30,0.69,-0.11,494,448,453,338,370
3.24,-9.49,2.99,-0.32,0.63,-0.25,493,448,454,338,370
3.22,-8.34,2.23,-0.35,0.69,-0.23,493,448,454,338,370
3.27,-9.03,2.33,-0.34,0.63,-0.15,493,448,454,338,370
2.25,-8.51,2.48,-0.14,0.68,-0.06,492,448,453,338,370
3.26,-8.72,2.33,-0.29,0.65,-0.02,493,448,454,338,371
4.13,-8.56,2.09,-0.21,0.65,-0.09,493,448,454,338,371
3.60,-8.55,1.44,-0.30,0.65,-0.04,492,448,454,338,371
3.40,-8.76,1.97,-0.29,0.62,-0.16,492,448,453,339,370
3.01,-8.50,1.80,-0.42,0.63,-0.25,492,448,453,338,370
2.86,-8.45,1.04,-0.41,0.67,-0.23,492,448,453,337,370
3.54,-8.76,1.56,-0.45,0.69,-0.24,492,448,453,338,371
4.03,-8.08,0.75,-0.39,0.70,-0.36,491,447,453,338,371
4.11,-8.08,1.06,-0.34,0.72,-0.33,491,447,453,338,372
END
4.09,-8.08,1.10,-0.39,0.69,-0.37,496,448,454,338,374
2.28,-8.84,0.12,-0.02,0.01,-0.08,496,448,455,339,374
1.98,-9.35,0.78,0.06,0.10,-0.00,496,448,454,339,374
1.66,-9.23,0.15,-0.01,0.08,-0.07,497,448,454,339,374
1.52,-9.35,0.85,0.00,0.19,-0.06,496,448,454,339,374
0.07,-9.64,1.26,-0.03,0.39,-0.16,497,448,454,339,374
0.73,-9.43,1.11,0.01,0.68,-0.07,497,448,454,338,373
1.20,-9.40,1.41,-0.04,0.79,-0.12,496,448,454,338,373
2.00,-9.70,2.02,-0.05,0.85,-0.20,496,448,454,338,373
1.65,-9.32,2.15,-0.10,0.92,-0.00,496,448,454,338,373
2.72,-9.37,2.47,-0.17,0.98,-0.25,496,448,454,338,372
2.49,-8.94,2.40,-0.16,0.97,-0.15,496,448,454,338,372
2.47,-8.60,2.67,-0.28,0.95,-0.24,496,448,454,338,372
2.89,-8.37,2.00,-0.11,0.98,-0.06,496,448,454,338,372
2.07,-8.32,2.22,-0.16,0.88,-0.26,496,448,454,338,371
3.14,-8.28,2.44,-0.14,0.86,-0.14,495,448,453,338,371
2.50,-8.18,1.81,-0.07,0.81,-0.22,496,448,453,338,372
3.01,-8.76,2.44,-0.16,0.70,-0.17,495,448,453,338,371
3.05,-9.00,2.41,-0.07,0.72,-0.22,495,448,453,338,371
2.37,-9.11,2.35,-0.31,0.54,-0.26,495,448,453,338,371
2.61,-9.27,2.48,-0.25,0.62,-0.25,494,448,453,338,371
2.10,-9.40,2.26,-0.42,0.59,-0.16,494,448,453,338,371
1.59,-9.14,2.12,-0.38,0.62,-0.22,494,448,453,338,371
2.58,-9.24,2.29,-0.39,0.64,-0.19,493,447,453,338,371
1.81,-8.88,2.18,-0.45,0.72,-0.18,493,448,453,338,371
3.22,-8.23,1.68,-0.44,0.76,-0.18,492,447,453,338,372
2.73,-8.48,1.63,-0.40,0.81,-0.21,492,447,452,338,372
4.34,-8.48,1.36,-0.44,0.77,-0.14,492,447,452,338,372
4.13,-8.22,0.51,-0.32,0.78,-0.21,491,447,452,338,371
4.59,-8.37,0.32,-0.39,0.74,-0.08,491,447,452,338,371
4.12,-8.21,0.32,-0.34,0.75,-0.20,491,447,452,338,371
5.04,-8.17,0.17,-0.36,0.70,-0.15,491,447,452,337,372
3.75,-8.18,-0.05,-0.36,0.68,-0.28,491,447,452,338,371
4.90,-8.57,-0.11,-0.37,0.65,-0.28,491,447,452,338,371
4.30,-8.58,-0.07,-0.46,0.67,-0.30,490,447,452,338,371
4.95,-8.09,0.01,-0.44,0.67,-0.33,490,446,452,338,371
END
4.88,-7.87,-0.23,-0.55,0.63,-0.24,496,448,452,338,367
2.00,-9.47,1.26,0.05,0.13,0.04,496,448,452,338,367
2.34,-9.61,1.08,0.02,0.14,-0.06,496,448,452,337,367
1.82,-9.22,1.03,-0.05,0.18,0.02,496,448,452,339,367
2.33,-8.74,0.75,-0.04,0.21,-0.10,496,449,452,337,367
1.16,-8.94,1.29,-0.10,0.23,-0.14,496,448,452,338,367
0.60,-8.87,1.68,-0.08,0.45,-0.17,497,449,453,338,367
1.66,-8.93,1.62,-0.01,0.61,-0.20,497,449,453,338,367
2.37,-9.19,2.23,-0.04,0.61,-0.52,497,449,453,338,367
3.42,-9.19,2.09,-0.13,0.73,0.05,496,449,453,338,367
3.02,-9.20,2.39,-0.11,0.75,-0.23,496,449,453,338,367
2.84,-9.24,2.20,-0.29,0.71,-0.15,496,449,453,338,367
3.21,-8.65,2.23,-0.29,0.78,-0.27,496,449,452,338,367
2.89,-8.66,2.25,-0.38,0.73,-0.30,496,449,453,338,367
4.58,-7.77,1.69,-0.40,0.68,-0.35,495,449,452,338,367
3.35,-7.70,1.49,-0.29,0.71,-0.21,496,448,453,338,366
3.18,-8.31,1.92,-0.31,0.67,-0.29,495,448,452,338,367
3.47,-8.62,1.54,-0.28,0.69,-0.27,495,449,452,338,366
3.15,-8.61,1.74,-0.33,0.63,-0.22,495,448,452,338,366
3.23,-8.40,1.90,-0.22,0.73,-0.19,495,448,452,338,367
3.47,-8.23,2.02,-0.39,0.63,-0.30,494,448,452,338,367
4.69,-7.69,2.17,-0.32,0.70,-0.41,494,448,452,338,366
5.10,-7.87,1.99,-0.44,0.63,-0.36,493,448,452,338,368
5.94,-7.58,1.05,-0.47,0.52,-0.30,493,447,452,338,367
4.43,-8.43,1.30,-0.45,0.49,-0.12,492,447,452,338,367
5.09,-8.05,0.38,-0.27,0.55,-0.11,492,447,452,337,367
3.81,-8.92,1.41,-0.33,0.57,-0.01,491,447,451,337,367
4.98,-8.63,1.39,-0.41,0.60,-0.06,491,447,452,338,367
4.98,-8.38,1.23,-0.56,0.56,-0.02,491,447,452,337,368
4.84,-7.87,0.75,-0.52,0.67,0.00,491,447,452,338,368
4.21,-8.11,0.78,-0.47,0.67,-0.02,490,446,452,338,368
4.59,-8.34,0.63,-0.38,0.67,-0.04,490,446,452,337,368
5.17,-8.20,0.24,-0.35,0.63,0.13,489,446,452,338,368
4.56,-8.65,0.90,-0.31,0.61,0.10,489,446,452,338,368
4.29,-8.34,0.70,-0.25,0.66,0.12,489,446,452,337,368
4.51,-8.39,0.73,-0.33,0.62,0.03,489,446,451,338,368
END
3.84,-7.85,-0.17,-0.32,0.72,0.02,493,447,453,338,372
2.17,-8.97,0.08,0.02,0.05,-0.08,493,446,453,338,371
2.27,-9.14,-0.11,0.02,0.03,-0.00,494,447,453,339,372
2.52,-9.06,0.29,0.02,0.08,-0.12,493,447,453,338,372
1.92,-9.15,0.01,0.03,0.11,-0.02,494,447,453,338,372
1.00,-9.38,0.43,0.05,0.23,0.20,493,447,453,338,371
-1.41,-9.70,1.19,-0.01,0.49,-0.02,494,447,453,338,371
-2.09,-8.94,1.35,0.03,0.82,0.06,494,447,452,338,371
0.85,-10.19,2.40,0.04,0.98,-0.15,493,447,452,338,371
2.05,-9.92,2.18,-0.08,1.05,-0.13,493,447,452,338,370
3.48,-9.18,2.05,-0.05,0.98,0.04,493,447,451,338,370
1.14,-8.99,2.15,-0.11,0.84,-0.06,492,447,451,338,369
-0.15,-9.35,2.56,-0.07,0.97,-0.26,492,446,451,338,370
1.74,-9.01,2.24,-0.26,0.98,-0.39,492,447,451,338,369
1.59,-9.12,3.18,-0.16,1.05,-0.42,492,447,451,338,369
1.49,-8.33,2.53,-0.25,1.00,-0.29,492,447,451,338,370
2.44,-8.51,2.42,-0.11,1.01,-0.23,492,447,451,338,370
3.60,-8.55,2.16,-0.13,0.96,-0.36,492,447,451,338,369
3.83,-8.64,2.55,-0.20,0.78,-0.27,492,447,451,338,369
3.76,-8.66,2.18,-0.24,0.64,-0.24,492,447,451,337,369
3.20,-8.61,2.00,-0.37,0.56,-0.31,491,446,451,337,369
2.54,-8.62,1.66,-0.16,0.69,-0.14,491,447,451,338,370
2.61,-8.71,1.70,-0.36,0.57,-0.31,491,447,451,338,369
2.41,-8.42,1.81,-0.19,0.63,-0.17,491,446,450,338,369
2.61,-9.02,1.98,-0.27,0.63,-0.05,491,447,451,338,370
1.48,-9.13,1.89,-0.32,0.79,-0.01,490,446,451,338,370
2.71,-8.99,1.31,-0.32,0.92,0.04,490,446,451,337,370
2.31,-9.71,2.26,-0.26,0.85,-0.03,489,446,451,338,370
2.32,-9.38,1.73,-0.33,0.88,-0.01,489,447,451,337,370
3.22,-9.42,2.27,-0.37,0.83,-0.09,489,446,451,337,370
2.17,-8.99,1.54,-0.33,0.88,-0.18,489,446,451,337,370
2.99,-8.49,0.85,-0.44,0.93,-0.15,489,446,451,337,370
3.42,-8.95,1.26,-0.48,0.91,-0.20,488,446,450,338,369
2.84,-8.54,1.18,-0.50,1.07,-0.22,488,446,450,338,370
4.14,-8.36,0.60,-0.64,0.90,-0.20,487,446,450,338,370
4.02,-7.95,-0.09,-0.38,0.90,0.00,487,446,450,337,370
END
5.00,-7.94,-0.76,-0.34,0.73,0.15,495,449,454,339,374
1.89,-9.55,-0.47,0.08,-0.03,-0.03,495,448,454,339,374
0.68,-9.75,0.18,0.02,0.07,-0.00,495,449,453,339,374
1.72,-9.25,-0.34,-0.02,0.17,-0.00,495,449,454,339,374
2.06,-9.62,0.42,0.03,0.25,-0.07,495,448,453,338,374
1.64,-9.48,-0.10,0.03,0.22,0.02,496,449,454,338,374
0.67,-9.96,0.80,0.02,0.50,-0.04,496,449,454,338,373
0.08,-9.41,0.77,0.27,0.95,0.02,497,449,454,338,372
1.21,-9.50,2.16,0.06,0.83,-0.08,498,449,453,338,372
1.65,-9.74,1.94,-0.03,0.88,-0.04,498,449,453,338,371
2.17,-9.23,1.82,-0.15,0.82,-0.08,498,449,453,338,371
1.23,-8.88,1.49,-0.19,0.83,-0.05,498,449,453,338,371
1.05,-8.43,1.89,-0.01,1.02,-0.14,499,450,454,338,371
2.37,-9.07,2.53,-0.12,0.97,-0.10,499,450,453,338,371
2.95,-9.02,2.77,-0.17,0.95,-0.30,499,450,453,338,371
2.72,-9.17,2.48,-0.21,0.87,-0.15,498,449,453,338,372
2.58,-9.09,2.19,-0.21,0.82,-0.23,498,450,453,338,371
2.58,-8.65,2.28,-0.17,0.78,-0.26,498,449,454,338,371
2.73,-8.99,2.35,-0.26,0.75,-0.30,498,449,454,338,371
2.25,-8.79,1.05,-0.24,0.75,-0.26,498,449,454,338,371
1.19,-8.58,1.18,-0.36,0.80,-0.28,498,450,454,338,371
3.13,-8.10,1.03,-0.16,0.96,-0.42,498,449,454,337,371
3.43,-8.86,2.15,-0.20,0.85,-0.26,497,449,454,338,371
4.55,-8.76,1.72,-0.30,0.70,-0.35,496,449,454,337,371
2.81,-9.20,2.44,-0.33,0.62,-0.25,496,448,453,337,371
4.03,-7.96,0.70,-0.65,0.55,-0.51,495,448,453,337,371
2.73,-8.68,1.34,-0.40,0.63,-0.11,494,448,453,337,371
3.50,-8.28,1.11,-0.49,0.69,-0.21,494,448,453,337,372
4.33,-8.69,1.60,-0.26,0.73,0.11,493,448,453,337,371
4.15,-8.89,0.67,-0.33,0.72,0.05,493,448,452,337,372
4.57,-8.92,1.18,-0.26,0.70,0.13,492,448,453,337,372
3.50,-8.66,0.71,-0.30,0.78,0.00,492,447,452,337,371
4.03,-8.59,1.04,-0.44,0.76,-0.12,492,447,453,338,372
3.72,-8.69,0.92,-0.49,0.85,-0.30,491,447,453,338,372
5.16,-7.54,0.62,-0.64,0.82,-0.45,490,447,452,337,372
5.84,-7.03,-0.31,-0.30,0.73,-0.22,490,447,452,338,372
END
