2.80,-4.21,-4.21,-0.03,-0.04,-0.10,343,304,292,329,323
2.90,-3.85,-3.85,0.10,0.22,-0.01,343,304,291,329,322
3.10,-4.07,-4.07,0.20,0.07,0.10,343,304,291,329,322
1.87,-4.17,-4.17,0.09,0.03,0.03,343,304,292,328,322
1.46,-4.36,-4.36,0.11,0.16,0.12,342,304,291,329,321
2.56,-4.37,-4.37,-0.07,0.12,-0.02,342,304,291,329,321
2.35,-3.88,-3.88,-0.14,0.11,0.11,342,304,291,329,321
2.38,-4.94,-4.94,-0.08,0.14,0.13,342,304,291,328,321
1.46,-3.64,-3.64,-0.21,0.18,0.32,342,304,291,328,320
1.73,-3.75,-3.75,-0.08,0.18,0.24,340,304,291,329,319
2.28,-3.41,-3.41,-0.07,0.03,0.27,340,304,291,329,320
2.33,-4.65,-4.65,0.08,0.01,0.23,340,304,291,329,319
1.54,-5.05,-5.05,0.06,-0.03,0.22,340,304,291,328,319
2.10,-5.32,-5.32,-0.09,0.05,0.25,340,304,291,329,319
2.26,-4.62,-4.62,-0.17,0.01,0.21,339,303,290,329,319
1.62,-4.22,-4.22,-0.09,0.11,0.28,339,303,290,329,319
2.84,-4.26,-4.26,-0.17,0.09,0.04,339,303,291,329,319
1.74,-3.83,-3.83,0.01,0.08,0.20,339,303,291,328,319
2.58,-3.88,-3.88,-0.05,0.08,0.05,338,304,291,328,319
1.50,-3.71,-3.71,0.06,-0.06,0.27,339,304,291,328,319
3.31,-4.82,-4.82,-0.09,0.10,-0.16,339,303,291,329,319
2.13,-3.64,-3.64,-0.03,-0.27,0.19,338,303,291,329,319
1.34,-3.90,-3.90,0.08,0.06,-0.10,338,304,291,328,320
2.11,-4.11,-4.11,0.14,-0.05,0.06,339,303,291,329,320
2.67,-4.12,-4.12,0.01,0.02,-0.18,338,304,291,328,320
0.68,-3.38,-3.38,0.11,-0.10,0.09,338,304,291,329,319
1.20,-4.65,-4.65,0.10,0.16,-0.08,338,303,291,329,319
3.04,-5.27,-5.27,-0.07,0.05,-0.10,338,303,289,328,320
3.44,-5.08,-5.08,-0.05,0.09,-0.09,338,304,291,328,320
2.39,-4.55,-4.55,0.03,-0.11,0.02,338,304,291,328,320
0.99,-3.88,-3.88,0.04,-0.00,-0.10,338,304,291,329,320
1.31,-4.24,-4.24,0.11,0.03,0.01,338,304,291,328,320
2.65,-4.26,-4.26,-0.00,0.09,-0.11,338,304,291,329,320
2.12,-3.96,-3.96,0.09,-0.02,0.02,338,304,291,328,320
1.64,-4.16,-4.16,0.03,0.02,-0.04,338,304,291,329,320
END
2.05,-4.08,-4.08,0.07,0.06,-0.04,339,304,291,328,322
1.03,-2.67,-2.67,0.06,0.06,0.13,340,304,291,328,322
2.08,-2.23,-2.23,-0.03,0.07,0.06,340,304,292,328,321
1.42,-2.07,-2.07,0.05,-0.03,0.08,339,304,291,328,321
1.18,-2.56,-2.56,0.01,0.11,-0.11,339,304,291,328,321
0.25,-2.28,-2.28,0.13,0.06,0.10,340,304,291,328,321
0.96,-2.55,-2.55,0.15,0.13,0.10,340,304,292,328,321
1.83,-3.06,-3.06,0.10,0.16,0.09,340,304,291,328,321
2.65,-3.40,-3.40,-0.00,0.01,0.06,340,304,291,328,321
1.23,-2.87,-2.87,-0.01,-0.13,0.17,339,304,291,328,321
0.37,-2.81,-2.81,0.03,0.05,0.20,339,304,291,328,321
0.55,-2.33,-2.33,-0.05,0.09,0.11,339,304,291,328,321
1.66,-3.27,-3.27,0.02,0.27,0.10,339,304,291,328,321
2.45,-2.84,-2.84,0.03,0.16,0.13,339,304,291,328,321
2.89,-3.02,-3.02,-0.11,0.06,-0.03,339,304,291,328,321
1.53,-2.52,-2.52,0.06,0.01,0.11,339,304,291,328,321
2.00,-2.96,-2.96,-0.00,-0.02,-0.03,339,304,291,328,321
0.66,-2.76,-2.76,0.06,-0.03,0.10,339,304,291,328,321
1.21,-3.07,-3.07,0.08,0.09,0.05,339,304,291,328,321
1.33,-2.63,-2.63,0.07,0.06,0.10,339,304,291,328,321
2.20,-2.85,-2.85,0.10,0.12,0.03,339,304,291,328,321
1.80,-3.14,-3.14,0.17,0.02,0.11,339,303,292,328,321
1.81,-3.72,-3.72,0.18,0.06,0.02,339,304,291,328,321
1.88,-3.62,-3.62,0.03,0.01,0.06,338,303,291,328,321
1.28,-3.31,-3.31,-0.01,0.04,0.01,338,303,291,328,321
1.44,-3.50,-3.50,0.08,0.12,0.06,338,303,291,328,321
1.85,-3.29,-3.29,0.04,0.05,0.02,337,303,291,328,321
1.88,-3.62,-3.62,0.13,0.09,0.06,337,303,291,328,321
2.10,-3.34,-3.34,0.17,0.16,0.05,338,304,292,328,321
3.45,-4.90,-4.90,0.15,0.09,0.08,338,304,291,328,321
3.06,-4.38,-4.38,0.11,0.02,0.01,338,303,291,328,320
2.50,-4.54,-4.54,0.04,-0.05,0.03,337,303,291,328,321
1.56,-4.09,-4.09,0.06,-0.01,0.01,337,304,291,328,320
2.42,-4.33,-4.33,0.04,0.06,-0.04,337,303,291,328,320
2.42,-4.27,-4.27,0.03,0.03,-0.06,337,303,291,328,320
END
1.99,-4.19,-4.19,0.07,-0.01,-0.02,338,304,292,328,321
0.73,-1.92,-1.92,0.01,-0.04,0.07,338,304,291,328,321
1.03,-1.76,-1.76,-0.01,0.06,0.01,338,304,291,328,321
1.07,-2.12,-2.12,0.04,0.04,0.07,339,304,291,328,321
1.54,-1.69,-1.69,0.11,0.02,0.07,338,304,291,328,321
0.70,-2.73,-2.73,0.05,-0.07,0.11,339,304,291,328,321
0.24,-2.27,-2.27,0.02,0.05,0.19,338,304,291,328,320
0.96,-2.22,-2.22,-0.05,0.12,0.14,338,304,292,328,320
0.65,-1.96,-1.96,0.02,0.07,0.25,338,304,292,328,320
0.98,-1.69,-1.69,0.00,0.24,0.03,338,304,292,328,320
1.44,-1.87,-1.87,0.08,0.08,0.24,338,304,292,328,320
0.57,-2.65,-2.65,0.16,0.23,0.20,338,304,292,328,320
2.64,-2.86,-2.86,0.02,0.24,0.06,338,304,292,328,320
1.73,-2.51,-2.51,0.07,0.03,0.25,338,304,292,327,320
1.38,-2.39,-2.39,0.04,0.11,0.08,338,304,291,328,320
1.92,-3.03,-3.03,0.10,0.09,0.14,338,304,292,328,320
2.01,-2.46,-2.46,0.04,0.04,0.11,338,304,292,328,320
2.18,-3.12,-3.12,0.07,0.13,0.00,338,304,292,328,320
1.96,-2.73,-2.73,0.09,0.07,0.06,338,304,292,328,320
2.73,-3.30,-3.30,0.05,0.11,0.04,338,304,292,328,320
2.23,-2.88,-2.88,0.06,-0.03,0.17,338,304,291,328,320
2.08,-2.96,-2.96,0.16,0.01,0.21,338,304,292,328,320
2.05,-3.66,-3.66,0.15,-0.02,0.17,338,304,292,328,320
2.17,-3.73,-3.73,0.09,0.13,-0.03,338,304,291,328,320
1.52,-3.57,-3.57,0.12,-0.01,0.25,338,304,291,328,320
2.32,-4.19,-4.19,0.14,0.15,0.13,337,304,291,328,320
1.74,-3.73,-3.73,0.12,-0.01,0.28,338,304,291,328,320
1.27,-4.68,-4.68,0.21,0.08,0.18,337,304,291,328,320
1.16,-4.38,-4.38,0.11,0.11,0.07,337,304,291,328,320
2.22,-5.12,-5.12,0.01,0.21,-0.05,337,303,291,327,320
1.72,-3.98,-3.98,0.01,-0.01,0.17,337,304,292,328,319
1.31,-4.02,-4.02,0.05,0.11,0.16,337,304,291,327,320
2.73,-5.11,-5.11,0.02,0.10,0.10,337,303,291,328,320
1.90,-4.69,-4.69,0.03,0.03,0.12,337,304,291,328,320
1.87,-4.59,-4.59,0.08,0.09,0.11,337,303,292,327,319
END
2.86,-5.85,-5.85,-0.00,0.16,-0.10,340,304,292,328,322
-1.18,-2.51,-2.51,0.02,0.04,-0.07,340,304,291,328,322
-0.33,-2.26,-2.26,-0.08,0.13,0.13,340,304,291,327,322
-0.63,-2.81,-2.81,0.06,0.10,0.22,340,304,291,328,322
0.07,-2.94,-2.94,-0.12,0.03,0.24,340,304,291,328,323
0.64,-2.45,-2.45,-0.04,0.18,0.12,340,304,291,327,323
0.42,-1.88,-1.88,-0.00,-0.07,0.15,339,304,291,328,323
0.17,-2.02,-2.02,0.02,0.20,-0.09,339,304,291,328,322
0.83,-2.14,-2.14,0.06,0.03,0.09,339,304,292,328,322
0.21,-2.08,-2.08,0.06,0.13,0.02,340,304,292,328,322
1.28,-2.28,-2.28,-0.02,0.11,-0.06,339,304,292,328,322
-0.46,-1.95,-1.95,0.11,0.07,0.12,339,304,292,328,321
1.43,-2.38,-2.38,0.04,0.22,-0.07,339,304,292,328,321
1.87,-2.37,-2.37,0.10,0.14,0.02,339,304,292,328,321
1.24,-2.44,-2.44,0.05,0.01,-0.02,339,304,292,328,321
0.24,-2.44,-2.44,0.11,0.01,0.02,339,304,292,328,321
1.69,-2.72,-2.72,-0.01,0.07,-0.14,339,304,292,327,321
0.65,-1.97,-1.97,0.06,0.01,0.07,339,304,292,328,321
1.03,-2.34,-2.34,0.10,0.09,-0.00,339,304,292,328,321
1.34,-3.02,-3.02,0.09,0.14,0.01,339,304,292,329,321
1.79,-3.08,-3.08,0.05,0.16,0.05,339,305,292,327,321
1.99,-2.89,-2.89,0.03,0.17,0.03,339,304,292,328,321
1.65,-2.30,-2.30,0.03,0.08,0.06,339,304,292,328,321
2.60,-3.25,-3.25,0.13,0.21,0.01,339,304,292,328,321
1.97,-2.62,-2.62,0.20,0.04,0.08,339,304,292,328,321
1.94,-3.42,-3.42,0.22,0.18,-0.05,339,304,292,328,321
2.81,-4.02,-4.02,0.12,0.16,-0.07,339,304,292,327,321
2.58,-3.70,-3.70,0.12,0.17,-0.05,339,305,292,327,321
2.64,-3.49,-3.49,0.05,0.04,0.04,339,304,291,327,321
2.50,-3.47,-3.47,0.04,0.10,-0.03,339,304,292,328,321
2.88,-3.68,-3.68,0.08,0.09,0.04,339,304,292,327,321
3.73,-3.83,-3.83,0.07,0.10,-0.03,339,304,292,328,321
2.62,-3.91,-3.91,0.09,-0.03,0.04,339,304,293,328,321
2.50,-3.86,-3.86,0.07,0.06,-0.03,339,305,292,328,321
3.35,-3.99,-3.99,0.02,0.05,-0.00,339,304,292,328,321
END
3.27,-3.91,-3.91,0.04,0.06,-0.01,338,304,292,328,322
0.80,-3.37,-3.37,0.01,0.01,-0.08,338,304,293,328,322
0.39,-3.26,-3.26,0.02,-0.05,0.03,339,304,292,328,322
0.27,-3.75,-3.75,0.03,0.12,0.06,338,304,293,328,322
1.05,-3.15,-3.15,-0.07,-0.06,0.17,338,304,292,328,322
-0.40,-2.69,-2.69,-0.01,0.03,0.27,337,304,292,328,321
0.29,-3.24,-3.24,0.08,0.09,0.08,337,304,292,328,321
0.35,-3.35,-3.35,0.03,0.10,0.27,337,304,292,328,321
0.47,-3.56,-3.56,0.10,0.22,0.24,337,304,292,328,321
0.96,-3.92,-3.92,0.06,0.16,0.19,338,304,293,328,321
1.04,-3.74,-3.74,-0.07,0.06,0.19,337,304,292,328,321
0.29,-3.80,-3.80,0.01,0.10,0.20,337,303,292,328,321
0.44,-3.10,-3.10,-0.06,0.10,0.21,337,304,292,328,321
0.39,-2.89,-2.89,0.04,0.17,0.21,337,304,292,328,321
1.87,-3.70,-3.70,-0.02,0.13,0.12,337,304,292,328,321
0.58,-3.50,-3.50,0.06,0.04,0.23,337,304,292,328,321
1.82,-3.61,-3.61,-0.01,0.18,-0.01,337,304,293,328,321
0.93,-3.27,-3.27,0.04,0.06,0.17,337,304,293,328,321
0.44,-3.31,-3.31,0.04,0.11,0.05,337,304,292,328,321
0.66,-3.75,-3.75,0.07,0.18,0.04,337,304,292,328,321
1.16,-3.30,-3.30,0.06,0.09,0.14,337,304,293,328,321
2.46,-4.44,-4.44,0.13,0.20,-0.07,337,304,292,328,321
0.51,-2.53,-2.53,0.07,-0.17,0.24,337,304,292,328,321
0.02,-4.31,-4.31,0.26,0.16,0.18,336,304,293,328,321
1.31,-3.96,-3.96,0.06,0.11,0.19,337,304,293,328,321
1.84,-5.25,-5.25,0.09,0.16,0.02,336,304,293,328,321
1.57,-4.52,-4.52,-0.04,0.08,-0.10,336,303,292,328,321
0.43,-3.80,-3.80,0.04,0.11,0.10,336,304,293,328,321
1.92,-4.51,-4.51,-0.07,0.19,-0.08,336,304,293,328,321
0.70,-3.36,-3.36,-0.06,-0.04,0.25,336,304,292,328,321
2.89,-4.99,-4.99,0.01,0.27,-0.11,336,304,293,328,321
2.95,-4.35,-4.35,-0.10,-0.25,0.20,336,304,293,328,321
0.88,-4.36,-4.36,0.05,0.03,-0.11,336,304,293,328,321
1.80,-4.64,-4.64,-0.02,0.06,-0.12,336,304,293,328,321
1.54,-4.11,-4.11,0.05,0.04,-0.11,336,304,293,328,321
END
1.74,-3.93,-3.93,0.08,-0.00,-0.04,337,304,293,328,320
1.03,-2.73,-2.73,0.01,0.00,-0.03,337,304,293,328,320
1.38,-3.37,-3.37,0.10,0.14,-0.09,337,304,293,328,322
2.15,-3.27,-3.27,0.02,0.00,0.00,337,304,293,328,320
1.21,-2.99,-2.99,-0.01,-0.01,-0.06,337,304,293,328,320
0.34,-2.69,-2.69,0.05,0.01,0.07,337,304,293,327,320
1.31,-3.22,-3.22,0.05,0.11,0.03,337,304,293,328,320
1.83,-3.14,-3.14,0.00,0.04,0.04,337,304,293,328,320
2.38,-3.08,-3.08,-0.01,0.05,-0.06,337,304,293,328,320
1.48,-3.22,-3.22,0.05,-0.12,0.12,337,304,293,328,320
0.51,-3.27,-3.27,0.00,-0.04,0.01,336,304,293,328,320
0.72,-3.05,-3.05,0.01,0.03,0.08,336,304,294,328,320
0.87,-3.31,-3.31,0.03,0.07,0.09,336,304,294,328,320
1.55,-3.06,-3.06,-0.01,0.06,0.06,336,304,293,328,320
2.53,-3.72,-3.72,-0.03,0.09,-0.01,336,304,293,328,320
1.87,-3.01,-3.01,-0.08,-0.19,0.14,336,304,294,328,320
0.27,-2.58,-2.58,0.05,-0.02,0.09,336,304,293,328,320
1.16,-2.68,-2.68,0.02,0.03,0.03,336,304,293,328,320
0.45,-2.63,-2.63,0.02,0.09,0.06,336,304,293,328,320
1.12,-2.63,-2.63,0.05,0.11,0.06,336,304,293,328,320
1.80,-3.23,-3.23,0.08,0.08,0.10,336,304,293,328,320
2.89,-3.83,-3.83,0.03,0.19,-0.17,336,304,293,328,320
0.76,-2.73,-2.73,0.02,-0.08,0.12,336,304,293,328,320
1.35,-3.73,-3.73,0.06,0.22,-0.13,336,304,293,328,320
2.12,-3.40,-3.40,-0.01,0.08,0.09,336,304,293,328,320
2.00,-3.01,-3.01,-0.05,0.13,-0.05,336,304,293,328,320
1.47,-2.38,-2.38,0.00,0.02,0.03,336,304,293,328,320
1.44,-3.14,-3.14,0.08,0.17,-0.02,336,304,293,328,320
2.58,-3.45,-3.45,0.02,0.20,-0.09,336,304,293,328,320
2.68,-3.25,-3.25,0.13,0.09,0.05,336,304,293,328,320
1.99,-3.19,-3.19,0.10,0.04,0.11,336,304,294,328,320
2.16,-3.40,-3.40,0.11,0.09,0.03,336,304,294,328,320
3.04,-4.26,-4.26,0.07,0.10,0.00,336,303,293,328,320
2.38,-3.78,-3.78,-0.01,0.00,0.01,336,304,293,328,320
3.17,-4.24,-4.24,0.06,0.12,-0.02,336,304,294,328,320
END
3.52,-3.75,-3.75,0.01,-0.08,0.04,336,304,293,328,320
1.47,-3.63,-3.63,-0.01,-0.00,0.04,336,304,293,328,320
0.97,-3.63,-3.63,0.04,0.04,0.12,336,304,293,328,320
1.84,-3.20,-3.20,0.01,0.01,0.05,336,304,293,328,320
1.72,-4.08,-4.08,0.06,-0.09,0.18,336,304,293,328,320
0.95,-3.66,-3.66,-0.03,-0.07,0.10,336,304,293,328,320
0.67,-3.57,-3.57,0.04,0.07,0.08,336,304,293,327,320
1.67,-4.29,-4.29,0.01,0.14,0.03,336,304,293,328,320
1.45,-3.82,-3.82,-0.05,0.09,0.16,336,304,293,328,320
0.90,-3.81,-3.81,-0.19,0.26,0.05,336,303,293,328,320
1.66,-3.19,-3.19,-0.14,0.19,0.20,336,304,293,328,320
1.82,-3.24,-3.24,-0.12,0.17,0.25,336,304,293,328,320
2.51,-3.35,-3.35,-0.08,0.14,0.25,336,304,293,328,320
2.95,-3.70,-3.70,0.02,0.16,-0.00,336,304,293,328,320
2.79,-3.65,-3.65,0.01,0.03,0.03,336,304,293,328,320
1.67,-3.36,-3.36,0.07,0.04,0.01,336,304,293,328,320
1.77,-3.64,-3.64,0.04,0.14,-0.12,336,304,293,328,320
2.60,-3.97,-3.97,-0.00,0.12,-0.01,336,304,293,328,320
2.36,-3.51,-3.51,-0.05,0.11,0.04,335,304,293,328,320
3.11,-3.70,-3.70,-0.04,0.16,-0.04,336,304,293,328,319
3.11,-3.33,-3.33,-0.03,0.01,0.08,336,304,293,326,320
2.79,-3.14,-3.14,0.01,0.07,-0.08,336,304,291,328,320
1.70,-2.95,-2.95,0.12,-0.02,0.10,336,304,293,328,320
2.66,-3.55,-3.55,0.08,0.13,-0.09,336,304,293,328,320
3.09,-3.86,-3.86,0.06,0.01,0.07,336,304,293,328,320
2.53,-3.65,-3.65,0.04,0.01,0.08,335,304,293,328,320
3.64,-3.86,-3.86,-0.03,0.05,-0.06,336,304,293,328,320
1.79,-3.12,-3.12,0.09,-0.15,0.25,335,304,293,328,320
2.64,-4.16,-4.16,0.07,0.18,-0.14,335,304,293,328,320
3.78,-4.53,-4.53,0.06,0.03,0.08,335,304,293,328,320
3.69,-4.68,-4.68,0.01,0.07,-0.06,335,304,293,328,320
3.27,-4.62,-4.62,0.00,0.02,-0.01,335,304,293,328,320
2.63,-4.21,-4.21,-0.05,0.06,-0.04,335,303,293,328,320
3.24,-3.75,-3.75,-0.06,0.11,-0.11,335,303,293,328,320
3.50,-3.37,-3.37,-0.01,0.02,-0.05,335,304,293,328,320
END
3.24,-3.51,-3.51,0.05,-0.01,-0.02,334,304,294,328,319
1.42,-1.92,-1.92,-0.02,-0.02,0.17,335,304,294,328,319
2.30,-1.50,-1.50,0.01,0.10,-0.00,335,304,294,328,319
2.00,-1.41,-1.41,0.04,-0.04,0.13,335,304,294,328,319
2.25,-1.54,-1.54,0.06,0.01,0.06,335,304,294,328,319
2.28,-1.59,-1.59,0.02,0.01,-0.01,335,305,294,328,319
1.84,-1.61,-1.61,0.09,-0.03,0.08,335,304,294,328,319
1.49,-1.51,-1.51,0.07,0.10,-0.04,335,304,294,328,319
1.17,-1.84,-1.84,0.14,0.03,0.19,335,304,294,328,319
2.28,-2.21,-2.21,0.14,0.07,0.13,335,304,294,328,319
1.99,-2.43,-2.43,0.11,-0.05,0.15,335,304,294,328,319
1.77,-2.31,-2.31,0.07,0.01,0.05,335,304,294,328,319
2.15,-2.25,-2.25,0.03,0.01,-0.00,335,304,294,328,319
1.39,-1.98,-1.98,0.13,-0.03,0.14,335,304,294,328,319
2.35,-2.27,-2.27,0.04,0.13,-0.14,335,304,294,328,319
2.33,-1.97,-1.97,0.09,0.04,0.13,335,304,294,328,319
2.51,-2.79,-2.79,0.01,-0.00,-0.04,335,304,294,328,319
1.07,-2.63,-2.63,0.04,-0.04,0.10,334,303,294,328,319
1.74,-2.22,-2.22,-0.01,0.05,0.01,334,304,294,328,319
2.18,-2.73,-2.73,0.07,0.04,0.09,335,304,294,328,319
1.59,-2.53,-2.53,0.12,0.06,0.09,335,304,294,328,319
1.21,-2.38,-2.38,0.09,0.08,0.14,335,304,294,328,319
2.96,-2.96,-2.96,0.19,0.25,0.04,335,304,294,328,319
2.05,-3.28,-3.28,0.21,0.04,0.19,335,304,294,328,319
2.20,-3.74,-3.74,0.38,0.15,0.27,335,304,294,328,319
2.68,-3.81,-3.81,0.19,0.10,0.06,334,304,293,328,318
1.72,-4.15,-4.15,0.55,0.28,0.38,334,303,292,328,319
3.15,-5.71,-5.71,0.22,0.27,0.12,334,303,293,328,319
2.33,-4.44,-4.44,0.38,0.17,0.35,334,303,293,327,319
2.77,-6.77,-6.77,0.21,0.12,0.02,334,304,292,327,319
2.11,-5.42,-5.42,0.20,0.09,0.27,333,301,292,328,319
3.49,-6.18,-6.18,0.05,0.21,-0.07,334,303,292,328,319
2.87,-5.69,-5.69,0.22,0.14,0.16,334,303,293,328,319
2.46,-5.65,-5.65,0.12,0.16,-0.02,334,303,292,328,319
3.41,-6.44,-6.44,-0.01,-0.01,-0.02,333,303,292,328,319
END
3.22,-5.71,-5.71,-0.03,-0.01,-0.18,335,304,293,328,319
2.84,-3.52,-3.52,0.02,-0.02,0.01,335,303,293,328,319
2.25,-3.96,-3.96,0.04,0.05,-0.03,335,304,293,328,319
3.28,-4.01,-4.01,0.03,0.03,-0.05,335,304,293,328,319
2.86,-3.63,-3.63,-0.05,-0.07,-0.04,335,304,293,328,319
1.51,-3.61,-3.61,0.03,-0.01,0.08,335,304,293,328,319
2.79,-3.60,-3.60,-0.02,0.07,0.02,335,304,293,328,319
2.38,-3.03,-3.03,-0.01,0.03,0.11,335,304,293,329,319
3.02,-3.91,-3.91,0.05,0.12,0.04,335,304,293,328,319
2.67,-4.11,-4.11,-0.00,0.00,0.11,335,304,293,328,319
2.94,-4.34,-4.34,0.00,0.03,-0.01,335,304,293,328,319
2.02,-3.83,-3.83,0.01,-0.10,0.17,335,303,293,328,318
2.43,-3.99,-3.99,0.09,0.08,-0.10,335,304,293,328,319
2.50,-4.09,-4.09,0.05,-0.02,0.10,335,304,293,328,319
3.01,-4.64,-4.64,0.08,0.06,0.01,335,304,293,328,319
3.37,-3.93,-3.93,-0.03,-0.03,0.03,335,303,293,328,319
2.56,-3.78,-3.78,0.01,-0.06,0.04,335,304,293,328,319
2.14,-3.86,-3.86,-0.03,-0.11,0.09,335,304,293,328,319
1.82,-4.01,-4.01,-0.03,0.01,-0.01,335,304,293,328,319
2.84,-4.01,-4.01,0.09,-0.12,0.36,335,304,293,328,319
0.60,-4.00,-4.00,0.06,-0.03,0.14,335,304,293,328,319
2.77,-4.49,-4.49,0.02,0.08,-0.00,334,304,293,328,319
0.93,-3.88,-3.88,0.05,0.08,0.08,335,304,293,328,319
2.79,-4.78,-4.78,-0.06,0.19,-0.17,334,304,293,328,319
2.09,-3.42,-3.42,0.01,0.10,-0.02,335,304,293,328,319
2.68,-4.03,-4.03,0.04,0.08,-0.03,335,304,293,328,319
2.86,-4.07,-4.07,0.03,0.06,-0.06,335,304,293,328,318
2.40,-3.94,-3.94,0.08,0.04,-0.01,335,304,293,328,318
2.81,-4.41,-4.41,0.11,0.03,-0.08,335,304,293,328,319
2.18,-4.47,-4.47,0.04,0.00,0.05,335,304,293,328,319
3.07,-4.35,-4.35,0.02,0.08,-0.11,335,304,293,328,319
1.49,-3.85,-3.85,0.14,-0.07,0.26,335,304,293,328,319
4.17,-5.81,-5.81,0.06,0.19,-0.11,335,304,293,328,319
5.69,-4.88,-4.88,-0.01,0.08,-0.15,335,304,293,328,319
2.30,-4.27,-4.27,0.03,-0.18,-0.01,335,304,293,328,319
END
1.91,-4.39,-4.39,0.04,0.01,-0.19,335,304,293,328,319
2.85,-1.99,-1.99,0.11,-0.02,-0.22,335,304,293,328,319
3.07,-1.85,-1.85,0.10,-0.06,-0.12,335,304,293,328,319
3.26,-2.10,-2.10,0.10,0.01,-0.11,335,304,293,328,319
3.70,-2.54,-2.54,0.04,0.00,-0.12,335,304,293,328,319
3.23,-2.67,-2.67,-0.03,-0.10,0.02,335,304,293,328,319
2.96,-2.25,-2.25,-0.05,-0.05,-0.11,335,304,293,328,319
2.80,-1.95,-1.95,-0.06,-0.20,0.04,335,304,293,328,319
2.48,-2.14,-2.14,0.03,-0.13,-0.03,334,304,293,328,319
2.29,-2.56,-2.56,0.06,-0.11,0.05,335,304,293,328,319
2.75,-2.29,-2.29,-0.03,-0.05,0.03,335,304,293,328,319
1.93,-1.92,-1.92,-0.03,0.01,0.16,335,304,293,328,319
3.70,-2.06,-2.06,-0.07,0.09,-0.06,335,304,293,328,319
2.71,-1.76,-1.76,0.00,-0.04,0.08,335,302,293,328,319
3.36,-2.30,-2.30,-0.01,-0.00,-0.14,335,304,293,328,319
1.77,-2.40,-2.40,0.06,-0.12,0.04,335,304,293,328,319
1.90,-2.42,-2.42,0.03,0.12,-0.19,335,304,294,328,319
2.78,-2.09,-2.09,0.06,0.04,0.08,335,304,294,328,319
2.62,-2.61,-2.61,0.07,0.05,0.10,335,304,293,328,319
2.27,-2.09,-2.09,0.00,-0.02,0.12,335,304,293,328,319
1.95,-2.20,-2.20,0.16,0.06,0.19,335,304,294,328,319
2.99,-2.28,-2.28,0.01,0.11,0.02,336,305,293,328,319
2.80,-2.53,-2.53,0.12,0.10,0.06,335,304,294,328,319
3.72,-2.84,-2.84,0.05,0.13,-0.11,335,304,293,328,319
2.33,-2.53,-2.53,0.08,-0.02,0.05,335,304,293,328,319
2.81,-2.97,-2.97,0.07,0.09,-0.02,335,304,294,328,319
2.36,-2.91,-2.91,0.03,-0.06,0.13,335,304,293,328,319
2.54,-2.80,-2.80,-0.03,0.02,0.09,335,304,293,328,319
2.20,-2.58,-2.58,-0.01,-0.07,0.15,335,304,293,328,319
1.81,-2.50,-2.50,-0.02,0.02,0.13,335,304,293,328,319
3.04,-3.60,-3.60,-0.04,0.12,0.05,334,304,293,328,319
4.24,-2.81,-2.81,-0.10,0.09,0.01,334,304,293,328,319
2.71,-2.47,-2.47,-0.02,-0.13,0.15,334,304,293,328,319
2.59,-2.69,-2.69,0.04,0.05,-0.01,335,304,293,328,319
2.73,-2.63,-2.63,0.05,0.02,-0.03,334,304,293,328,319
END
3.34,-3.32,-3.32,0.06,0.08,-0.09,336,304,293,329,319
1.95,-3.24,-3.24,-0.01,-0.09,0.04,336,304,294,328,319
2.16,-2.81,-2.81,-0.02,-0.04,-0.02,336,304,294,329,319
2.48,-2.81,-2.81,0.05,0.06,-0.05,336,304,294,328,319
2.91,-2.61,-2.61,-0.01,-0.04,-0.09,336,304,294,328,319
1.59,-2.67,-2.67,0.05,0.03,-0.05,336,304,294,328,319
2.29,-3.20,-3.20,0.03,0.04,-0.01,336,304,294,329,319
1.97,-3.12,-3.12,0.01,0.02,0.07,336,304,294,329,319
2.25,-3.89,-3.89,0.04,-0.01,0.16,336,304,294,329,319
2.04,-3.23,-3.23,-0.08,-0.06,0.12,336,304,294,328,318
1.87,-2.40,-2.40,-0.08,-0.06,0.12,335,304,294,328,319
2.01,-1.94,-1.94,0.03,-0.01,0.13,335,304,294,328,319
1.72,-2.47,-2.47,0.10,0.02,0.09,335,304,294,328,319
1.73,-2.62,-2.62,0.06,0.01,0.06,335,304,294,328,319
1.26,-2.91,-2.91,0.14,0.08,0.07,335,304,294,328,319
2.30,-3.47,-3.47,0.12,0.08,0.13,335,304,294,328,319
2.36,-3.55,-3.55,0.04,0.07,0.04,334,304,294,328,319
1.84,-3.88,-3.88,0.12,0.04,0.19,335,304,294,329,319
2.05,-3.74,-3.74,0.01,0.09,0.04,335,304,294,328,319
2.02,-3.65,-3.65,0.12,0.12,0.13,335,304,293,328,318
1.69,-3.02,-3.02,0.06,0.05,0.06,335,304,294,328,319
2.21,-3.80,-3.80,0.12,0.12,0.08,335,304,294,328,318
1.75,-3.60,-3.60,0.07,0.07,0.07,335,304,294,328,319
1.93,-3.98,-3.98,0.14,0.15,0.09,335,304,294,328,318
2.72,-4.54,-4.54,0.06,0.14,0.03,335,304,293,328,319
3.17,-4.83,-4.83,0.13,0.18,-0.01,335,304,294,328,318
2.86,-4.30,-4.30,0.02,0.01,0.05,335,304,294,328,318
2.18,-4.59,-4.59,0.10,0.09,0.03,335,304,293,328,318
2.70,-4.44,-4.44,-0.00,0.03,0.02,335,304,294,328,318
2.15,-4.18,-4.18,0.08,0.05,0.07,335,304,293,328,318
2.48,-4.49,-4.49,0.15,0.06,0.09,335,304,293,328,318
1.36,-4.47,-4.47,0.12,0.10,0.08,334,304,293,328,318
2.14,-4.46,-4.46,0.17,0.19,0.09,335,304,293,328,318
3.86,-5.93,-5.93,0.11,0.21,-0.04,334,304,294,328,318
3.83,-5.59,-5.59,0.02,0.08,-0.02,334,304,294,328,318
END
4.07,-5.52,-5.52,0.01,0.08,-0.11,334,304,293,328,318
2.80,-2.84,-2.84,0.05,-0.06,0.04,334,304,294,328,318
2.39,-2.65,-2.65,0.01,0.02,-0.05,334,304,293,328,318
2.90,-2.91,-2.91,-0.00,0.05,-0.04,334,304,292,328,318
2.78,-2.26,-2.26,-0.06,0.01,-0.05,334,304,293,328,319
2.15,-2.53,-2.53,0.02,0.01,0.07,334,304,294,328,318
2.61,-2.51,-2.51,-0.04,0.00,0.06,334,304,293,328,318
2.83,-2.56,-2.56,-0.14,-0.00,0.09,334,304,294,328,318
2.35,-2.05,-2.05,-0.05,-0.13,0.15,334,304,294,328,318
2.17,-2.05,-2.05,-0.04,-0.08,0.07,334,305,294,328,318
1.69,-1.91,-1.91,0.03,-0.06,0.16,334,304,293,328,318
1.87,-2.49,-2.49,0.08,0.08,0.12,334,304,294,328,318
2.66,-2.71,-2.71,0.11,0.09,0.10,334,304,294,328,318
2.11,-2.89,-2.89,0.14,0.15,0.17,334,303,294,328,318
3.17,-3.04,-3.04,0.02,0.10,0.05,334,304,294,328,318
2.62,-2.83,-2.83,0.05,0.04,0.12,334,304,293,328,318
2.38,-2.74,-2.74,0.05,0.05,0.04,333,304,294,328,318
2.15,-2.89,-2.89,0.07,0.09,0.07,334,304,294,328,318
3.12,-3.37,-3.37,-0.02,0.09,0.00,334,304,294,328,318
2.00,-2.30,-2.30,-0.06,-0.05,0.14,334,304,294,328,318
3.42,-3.32,-3.32,0.02,0.15,0.03,334,304,293,328,318
2.96,-2.69,-2.69,-0.05,-0.10,0.11,334,304,294,328,318
2.17,-3.10,-3.10,0.01,0.07,0.02,334,305,294,328,318
3.01,-3.07,-3.07,0.00,-0.02,0.06,334,304,294,328,318
2.30,-2.67,-2.67,0.01,-0.01,0.02,334,304,294,328,318
2.63,-3.17,-3.17,0.02,0.09,-0.07,334,304,293,328,318
2.33,-2.49,-2.49,-0.05,0.07,-0.02,334,304,293,328,318
1.89,-2.71,-2.71,0.06,0.03,0.11,334,304,294,328,318
3.26,-3.40,-3.40,0.04,0.17,-0.02,334,304,294,328,318
3.04,-2.99,-2.99,0.15,-0.06,0.17,334,304,293,328,318
2.81,-3.65,-3.65,0.24,-0.07,0.23,334,304,294,328,318
1.67,-3.79,-3.79,0.15,-0.12,0.21,334,304,293,328,319
2.59,-4.59,-4.59,0.11,0.09,0.01,334,304,293,327,318
3.42,-3.92,-3.92,-0.06,0.07,-0.03,334,304,292,328,318
2.53,-3.73,-3.73,-0.04,0.03,-0.07,334,304,293,328,318
END
2.03,-3.49,-3.49,-0.03,0.01,-0.05,335,304,294,328,319
2.78,-2.42,-2.42,-0.05,0.04,-0.02,335,305,294,328,318
2.21,-2.42,-2.42,-0.03,0.00,0.02,334,304,294,328,319
2.51,-2.43,-2.43,-0.02,0.02,0.00,334,304,294,328,318
2.86,-2.33,-2.33,-0.02,-0.00,0.01,335,304,294,328,318
2.30,-1.89,-1.89,-0.00,-0.01,-0.05,334,305,294,328,318
1.75,-2.51,-2.51,0.04,-0.03,0.10,334,304,294,328,318
2.67,-2.40,-2.40,-0.03,0.02,0.02,334,304,293,328,318
3.04,-2.34,-2.34,-0.08,-0.10,0.03,335,304,294,328,318
1.99,-2.02,-2.02,-0.06,-0.17,0.16,335,304,294,329,319
2.02,-1.85,-1.85,-0.06,-0.05,0.03,335,304,294,328,318
1.67,-1.46,-1.46,-0.01,-0.12,0.07,334,304,294,328,318
0.49,-1.54,-1.54,0.03,-0.03,0.06,334,304,294,328,318
1.63,-2.26,-2.26,0.08,0.17,-0.03,335,304,294,329,318
2.09,-2.00,-2.00,0.11,0.11,0.08,334,304,294,328,318
3.55,-3.17,-3.17,0.17,0.24,-0.05,334,304,294,328,318
2.52,-2.40,-2.40,0.02,0.01,0.09,334,304,294,328,318
2.23,-2.99,-2.99,0.03,0.22,-0.10,334,304,294,328,318
3.52,-2.58,-2.58,-0.12,0.30,-0.17,334,304,294,328,319
3.10,-2.20,-2.20,0.03,0.09,0.14,334,304,295,328,318
3.54,-1.81,-1.81,-0.03,0.17,-0.09,334,305,294,328,318
3.24,-1.91,-1.91,0.10,-0.04,0.20,334,304,294,328,318
3.21,-2.41,-2.41,0.13,0.03,0.11,334,304,295,328,318
3.55,-2.25,-2.25,0.08,-0.02,0.09,334,304,294,328,318
3.01,-2.47,-2.47,0.09,-0.03,0.04,334,304,294,328,318
3.40,-2.81,-2.81,0.10,0.05,0.01,334,304,294,328,318
3.04,-2.66,-2.66,0.09,0.02,0.00,333,304,294,328,318
2.69,-2.76,-2.76,0.09,0.08,0.01,333,304,293,328,318
3.25,-3.19,-3.19,0.09,0.09,-0.00,333,304,294,328,318
3.27,-3.33,-3.33,0.06,0.09,0.01,333,304,293,328,318
3.64,-3.12,-3.12,0.00,0.12,-0.06,334,303,293,328,318
3.62,-3.11,-3.11,0.05,0.05,0.03,333,304,293,328,318
3.87,-3.30,-3.30,0.06,0.09,-0.04,333,304,294,328,318
3.63,-3.07,-3.07,0.11,0.00,0.05,333,303,293,328,318
4.21,-3.85,-3.85,0.04,0.03,-0.06,333,304,293,328,318
END
3.13,-3.02,-3.02,0.00,-0.04,0.02,334,303,294,328,318
3.98,-2.86,-2.86,-0.01,-0.02,0.03,334,304,294,328,318
4.17,-2.63,-2.63,-0.04,-0.06,0.01,334,304,294,328,318
3.55,-2.43,-2.43,-0.03,-0.13,0.04,334,304,294,328,318
3.22,-2.79,-2.79,0.05,-0.06,0.07,334,304,294,328,318
3.69,-2.57,-2.57,-0.02,-0.02,-0.00,334,304,294,328,318
2.96,-2.68,-2.68,0.05,-0.02,0.12,333,304,294,328,318
3.65,-2.51,-2.51,-0.00,0.00,0.05,333,304,294,328,318
3.46,-2.10,-2.10,-0.00,0.01,0.05,334,304,294,328,318
4.22,-2.71,-2.71,0.03,0.04,0.06,334,304,294,328,318
3.25,-2.69,-2.69,0.01,-0.12,0.10,334,304,294,328,317
2.41,-2.92,-2.92,0.03,-0.05,0.15,334,304,294,328,318
3.47,-3.11,-3.11,-0.02,-0.00,0.09,334,304,293,328,318
2.76,-2.58,-2.58,-0.00,-0.11,0.19,334,304,294,328,318
3.04,-3.09,-3.09,0.12,0.02,0.06,334,304,294,328,318
2.53,-2.85,-2.85,0.13,-0.04,0.19,334,304,293,328,318
2.91,-3.34,-3.34,0.09,0.10,0.08,334,304,294,328,318
3.35,-3.46,-3.46,0.04,0.02,0.15,334,304,294,328,318
3.12,-3.57,-3.57,0.08,0.00,0.14,333,304,293,328,318
3.07,-4.06,-4.06,0.05,0.01,0.11,334,304,294,328,318
2.65,-3.67,-3.67,0.10,0.02,0.14,334,304,294,328,318
2.70,-3.92,-3.92,0.17,0.06,0.11,334,304,293,328,318
2.55,-4.21,-4.21,0.09,0.00,0.15,333,304,293,328,318
2.37,-4.03,-4.03,0.06,0.07,0.13,334,304,294,328,318
2.72,-3.88,-3.88,0.05,0.10,0.11,333,304,293,328,318
1.92,-3.64,-3.64,0.13,0.06,0.20,334,304,294,328,318
3.35,-4.75,-4.75,0.06,0.17,0.02,334,304,293,328,318
2.59,-3.80,-3.80,0.00,0.03,0.11,334,304,293,328,318
2.86,-3.94,-3.94,0.07,0.07,0.03,333,304,294,328,318
3.07,-4.16,-4.16,-0.03,-0.05,0.07,333,304,294,329,318
1.80,-4.13,-4.13,0.02,0.02,0.05,333,304,294,328,317
2.02,-3.96,-3.96,-0.03,0.01,0.05,333,304,294,328,318
2.18,-4.01,-4.01,0.07,0.10,0.04,333,304,293,328,318
3.03,-4.83,-4.83,0.14,0.02,0.14,334,304,293,328,318
2.98,-4.92,-4.92,0.10,-0.08,0.04,333,304,294,328,318
END
2.04,-4.91,-4.91,0.15,0.09,0.04,333,304,294,329,318
2.35,-2.84,-2.84,0.00,-0.06,0.20,333,304,294,329,318
3.60,-2.58,-2.58,-0.05,0.13,0.00,333,304,294,329,318
3.44,-1.70,-1.70,-0.05,-0.12,0.13,333,304,294,328,318
3.24,-2.42,-2.42,0.09,-0.00,-0.12,333,304,294,329,318
2.54,-2.56,-2.56,-0.01,-0.16,0.01,333,304,294,329,318
1.50,-2.96,-2.96,0.10,0.03,0.03,333,304,294,329,318
3.12,-2.66,-2.66,-0.00,-0.02,0.09,333,304,295,328,318
2.52,-2.96,-2.96,0.02,-0.03,0.13,333,304,294,328,318
3.37,-2.40,-2.40,-0.14,-0.12,0.02,333,305,294,328,318
1.43,-3.12,-3.12,0.04,-0.22,0.19,333,304,294,328,318
1.97,-2.82,-2.82,0.07,0.07,0.10,333,304,294,328,318
1.95,-2.68,-2.68,0.09,-0.00,0.23,333,304,294,329,318
2.32,-3.03,-3.03,0.09,0.13,0.17,333,304,294,328,318
1.90,-2.82,-2.82,0.18,0.12,0.18,332,304,294,328,318
2.84,-3.78,-3.78,0.14,0.16,0.05,333,304,294,328,318
2.33,-3.63,-3.63,0.18,0.07,0.15,333,303,294,328,318
2.32,-4.16,-4.16,0.14,0.07,0.07,333,304,294,328,318
2.70,-3.90,-3.90,0.06,0.05,0.10,333,304,294,328,318
1.81,-3.58,-3.58,0.07,0.06,0.09,333,303,294,327,318
3.24,-4.19,-4.19,0.05,0.16,-0.02,333,304,294,328,318
3.24,-4.33,-4.33,0.06,0.09,-0.00,333,304,294,328,318
3.51,-3.99,-3.99,0.02,0.03,0.00,333,304,294,328,318
2.61,-3.87,-3.87,0.02,-0.07,-0.02,333,304,294,328,318
2.25,-3.94,-3.94,0.08,-0.04,0.00,333,304,294,328,318
2.04,-4.03,-4.03,0.03,-0.06,-0.02,333,304,293,328,318
1.51,-4.03,-4.03,0.10,0.02,-0.01,333,304,294,328,318
3.17,-4.31,-4.31,0.05,0.05,-0.04,333,304,294,328,318
2.11,-3.90,-3.90,0.12,-0.02,0.05,333,304,294,328,318
2.61,-4.36,-4.36,0.07,0.07,-0.05,333,304,294,328,318
2.47,-4.52,-4.52,0.05,0.02,0.05,333,304,293,328,316
3.08,-4.71,-4.71,0.02,0.13,-0.08,333,304,294,328,318
2.69,-4.33,-4.33,-0.00,-0.00,0.06,333,304,294,328,318
1.92,-3.93,-3.93,0.15,0.09,0.06,333,304,294,328,318
3.51,-5.92,-5.92,0.30,0.12,0.15,333,304,294,328,318
END
3.54,-5.79,-5.79,0.02,0.14,0.04,333,304,294,328,317
1.86,-2.71,-2.71,0.01,-0.08,0.06,333,304,294,328,317
2.79,-3.40,-3.40,0.05,0.13,-0.11,333,304,294,328,318
1.97,-3.01,-3.01,0.09,-0.00,0.08,333,304,294,328,318
2.65,-3.90,-3.90,0.13,0.23,-0.10,333,304,294,328,318
3.04,-3.02,-3.02,-0.02,0.08,-0.04,333,304,294,328,318
1.63,-2.94,-2.94,0.04,0.03,0.12,333,304,294,328,318
3.30,-3.03,-3.03,-0.06,0.07,0.05,333,304,294,328,318
2.27,-3.05,-3.05,-0.07,-0.08,0.27,333,304,294,328,318
3.44,-3.94,-3.94,-0.10,0.08,-0.12,333,304,294,328,318
2.21,-3.19,-3.19,-0.05,-0.16,0.15,333,304,294,328,318
2.35,-3.26,-3.26,-0.06,0.06,-0.04,333,304,294,328,318
1.88,-3.14,-3.14,0.05,-0.02,0.14,333,304,294,328,318
3.10,-3.27,-3.27,0.03,0.17,-0.04,333,304,294,328,318
1.81,-3.31,-3.31,0.23,-0.09,0.35,333,304,294,328,318
3.01,-4.47,-4.47,0.10,0.20,-0.08,333,304,294,328,318
2.76,-3.42,-3.42,-0.01,-0.06,0.17,333,304,294,328,317
2.61,-4.26,-4.26,0.01,0.09,0.07,333,304,294,328,318
2.28,-3.47,-3.47,-0.03,-0.01,0.14,333,304,294,328,318
1.69,-3.68,-3.68,0.04,0.15,0.07,333,304,294,328,318
3.04,-4.04,-4.04,-0.05,0.24,-0.11,333,304,294,328,318
1.83,-2.98,-2.98,0.06,0.08,0.12,333,304,294,328,318
2.94,-3.00,-3.00,0.03,0.10,0.02,333,304,294,328,318
2.56,-3.65,-3.65,0.26,-0.07,0.23,334,304,293,328,318
3.64,-5.08,-5.08,0.08,0.17,-0.06,334,304,294,328,318
3.34,-4.08,-4.08,0.05,0.12,-0.03,334,304,294,328,318
2.48,-3.78,-3.78,0.03,0.06,0.01,333,304,294,328,318
2.90,-4.15,-4.15,0.08,0.07,0.04,333,304,294,328,318
2.78,-4.68,-4.68,0.07,0.06,0.02,333,304,294,328,318
2.79,-4.47,-4.47,0.07,0.14,0.01,333,304,293,328,318
4.16,-4.85,-4.85,-0.07,0.18,-0.12,333,304,294,328,318
3.55,-3.75,-3.75,-0.01,-0.06,0.05,333,304,294,328,318
2.55,-3.60,-3.60,0.17,0.06,0.10,333,304,294,328,318
4.13,-5.05,-5.05,0.33,-0.14,0.23,333,304,294,328,318
3.84,-5.50,-5.50,0.08,-0.02,-0.02,333,303,294,328,318
END
4.26,-5.51,-5.51,-0.01,0.17,-0.20,334,304,295,329,318
3.29,-3.12,-3.12,-0.06,-0.01,-0.09,334,304,294,329,317
2.56,-2.61,-2.61,-0.07,-0.03,-0.03,334,304,292,329,318
3.13,-2.74,-2.74,-0.02,0.01,-0.10,334,304,294,329,318
3.17,-3.06,-3.06,0.04,-0.03,0.02,334,304,295,329,318
2.72,-2.43,-2.43,-0.00,-0.04,-0.02,334,304,295,329,318
3.25,-3.21,-3.21,0.08,0.09,-0.04,334,304,295,329,318
3.68,-3.24,-3.24,0.00,-0.03,0.00,334,304,294,329,318
2.30,-2.87,-2.87,-0.02,0.00,0.13,333,304,294,329,318
4.51,-3.31,-3.31,-0.01,0.17,-0.16,333,304,294,329,318
2.83,-2.51,-2.51,0.05,0.01,0.05,334,304,295,329,318
3.42,-3.17,-3.17,0.05,0.05,-0.04,333,304,294,329,318
2.71,-3.09,-3.09,0.02,-0.04,0.04,333,304,295,329,318
2.40,-3.09,-3.09,-0.01,0.04,0.02,333,304,294,329,318
2.86,-3.77,-3.77,-0.02,0.01,0.13,333,304,295,329,318
3.41,-3.40,-3.40,-0.13,0.09,0.06,333,304,294,329,318
3.34,-2.96,-2.96,-0.06,0.08,0.13,333,304,294,329,319
4.16,-2.61,-2.61,-0.06,0.10,0.02,333,304,294,329,318
3.35,-2.21,-2.21,-0.01,-0.04,0.05,333,304,294,329,318
3.06,-2.31,-2.31,0.08,0.05,-0.06,333,303,295,329,318
3.47,-2.58,-2.58,0.09,-0.02,-0.06,333,303,295,329,318
1.69,-2.80,-2.80,0.18,-0.04,0.11,333,304,294,331,318
3.94,-3.99,-3.99,-0.02,0.11,-0.16,333,304,295,329,318
2.33,-2.76,-2.76,0.06,-0.06,0.15,333,304,294,329,318
3.13,-3.34,-3.34,0.02,0.07,-0.07,333,304,294,328,318
3.89,-3.79,-3.79,0.09,-0.00,0.07,333,304,294,329,318
3.38,-3.67,-3.67,0.00,-0.06,0.04,333,304,294,329,318
3.04,-3.52,-3.52,0.04,-0.04,0.13,333,304,294,329,318
2.86,-3.67,-3.67,-0.10,-0.11,0.03,333,304,294,328,318
2.72,-3.24,-3.24,0.04,0.04,0.04,333,304,294,328,318
3.59,-3.55,-3.55,0.14,0.17,0.05,333,305,294,328,318
3.70,-3.82,-3.82,0.16,0.13,0.01,333,304,294,328,318
5.28,-3.60,-3.60,0.21,0.07,0.08,333,304,294,328,318
3.88,-4.01,-4.01,0.33,-0.04,0.21,333,304,294,329,318
3.80,-4.93,-4.93,0.31,-0.01,0.18,333,304,294,328,318
END
4.03,-5.02,-5.02,0.23,0.08,0.08,333,304,295,329,317
2.33,-1.92,-1.92,0.03,-0.07,0.05,333,304,294,329,316
2.98,-2.75,-2.75,0.03,-0.02,0.02,334,304,295,329,317
2.60,-2.67,-2.67,-0.02,-0.03,0.07,334,304,294,329,317
2.61,-2.00,-2.00,0.01,-0.05,0.07,334,304,294,329,317
2.45,-1.96,-1.96,0.03,-0.05,0.03,333,304,294,329,317
2.13,-2.25,-2.25,0.11,-0.01,0.04,333,304,295,329,317
2.69,-2.33,-2.33,0.04,0.05,-0.04,333,304,295,329,317
2.09,-1.94,-1.94,0.16,-0.08,0.16,333,304,295,329,317
3.27,-3.55,-3.55,0.09,0.05,-0.06,334,304,295,329,317
2.02,-2.86,-2.86,0.01,-0.13,0.11,333,304,294,329,317
1.50,-3.27,-3.27,0.06,0.08,0.04,333,304,295,329,317
1.66,-3.07,-3.07,0.04,0.01,0.14,333,304,294,329,317
1.34,-3.09,-3.09,0.04,0.14,0.14,333,304,295,329,317
2.65,-3.34,-3.34,-0.03,0.11,0.18,333,304,295,329,317
2.56,-2.79,-2.79,0.04,0.16,0.11,333,304,294,329,317
3.45,-3.31,-3.31,0.00,0.14,0.06,333,304,294,329,317
2.02,-2.29,-2.29,0.00,0.09,-0.00,333,304,294,329,317
2.99,-3.20,-3.20,0.02,0.15,0.01,333,304,295,329,317
3.08,-3.12,-3.12,0.01,0.14,-0.06,333,304,294,329,317
2.68,-3.26,-3.26,0.07,0.09,0.04,333,304,294,329,317
3.32,-2.73,-2.73,-0.01,0.15,-0.02,333,304,297,329,317
3.42,-2.90,-2.90,0.02,0.04,0.02,333,304,295,329,317
2.86,-3.06,-3.06,0.07,0.03,0.09,333,304,295,329,317
3.17,-3.44,-3.44,0.02,0.07,0.01,333,304,295,329,316
2.79,-3.34,-3.34,0.10,0.11,0.12,333,304,294,329,317
3.83,-3.59,-3.59,0.07,0.18,-0.02,333,304,295,329,317
3.35,-3.91,-3.91,0.12,0.09,0.09,333,304,295,329,317
3.03,-3.50,-3.50,0.12,0.21,0.03,333,304,295,329,317
4.14,-3.43,-3.43,0.08,0.24,-0.06,333,304,295,329,317
4.06,-3.43,-3.43,0.17,0.14,0.09,333,303,295,329,316
3.71,-3.96,-3.96,0.10,0.18,0.09,334,304,295,328,317
3.79,-3.89,-3.89,0.26,0.11,0.13,334,303,295,329,317
3.79,-4.88,-4.88,0.23,0.16,0.10,333,304,295,329,317
4.43,-5.26,-5.26,0.22,0.29,0.13,333,304,295,329,317
END
5.51,-5.46,-5.46,0.04,0.24,-0.11,334,304,294,329,317
2.31,-2.02,-2.02,0.07,-0.04,0.07,334,304,294,329,317
2.29,-2.24,-2.24,0.07,-0.00,0.12,334,304,294,329,317
3.16,-2.07,-2.07,0.05,-0.07,0.12,334,304,294,328,317
1.63,-2.04,-2.04,0.06,-0.18,0.28,334,303,294,329,317
2.51,-2.37,-2.37,0.12,0.03,0.05,334,304,294,329,317
2.25,-2.03,-2.03,0.10,-0.14,0.29,334,304,294,329,317
1.92,-3.03,-3.03,0.20,0.05,0.08,334,304,295,329,317
1.94,-2.66,-2.66,0.28,0.08,0.21,334,304,294,329,317
2.45,-3.55,-3.55,0.09,0.01,0.13,334,304,294,329,317
1.85,-3.19,-3.19,0.11,0.04,0.15,334,304,294,329,317
2.23,-3.30,-3.30,-0.00,0.01,0.10,334,303,294,329,317
1.44,-2.96,-2.96,0.08,0.05,0.15,334,304,294,329,317
2.20,-4.27,-4.27,0.03,0.12,0.09,334,304,294,329,316
2.05,-3.61,-3.61,-0.01,0.09,0.14,334,304,294,329,316
1.90,-3.13,-3.13,-0.08,0.08,0.04,334,304,294,329,316
1.54,-3.30,-3.30,0.07,0.12,0.13,334,304,294,328,317
2.86,-4.15,-4.15,0.03,0.18,0.01,334,304,294,328,316
2.02,-3.27,-3.27,-0.00,0.12,-0.04,334,304,294,329,317
2.67,-4.39,-4.39,0.03,0.19,0.04,334,304,294,329,317
3.89,-4.03,-4.03,-0.13,0.13,-0.06,334,304,294,329,317
2.05,-2.39,-2.39,-0.06,-0.02,0.15,334,304,294,329,317
3.03,-3.20,-3.20,0.06,0.07,-0.02,334,304,294,329,317
2.63,-3.01,-3.01,0.10,-0.09,0.07,334,304,294,329,317
1.61,-3.22,-3.22,0.14,-0.05,0.11,334,304,294,329,317
2.51,-3.88,-3.88,0.06,0.07,-0.00,334,304,294,329,317
2.89,-4.32,-4.32,0.14,0.09,0.09,333,304,294,329,317
2.91,-4.13,-4.13,-0.06,0.00,0.02,334,304,294,329,317
1.88,-3.19,-3.19,0.04,-0.02,0.08,334,304,294,328,317
2.62,-4.02,-4.02,0.05,-0.04,0.02,334,304,294,328,317
1.54,-3.55,-3.55,0.11,-0.05,0.14,333,304,294,329,317
3.27,-4.59,-4.59,-0.04,0.19,-0.15,334,304,294,328,317
1.97,-3.36,-3.36,-0.05,-0.11,0.13,334,304,294,328,317
1.28,-3.49,-3.49,0.12,0.10,0.04,333,304,294,328,317
2.99,-4.48,-4.48,0.28,-0.02,0.29,334,304,294,328,317
END
2.94,-5.24,-5.24,0.16,0.06,-0.02,334,304,295,329,317
3.50,-3.29,-3.29,-0.00,-0.01,0.02,334,304,294,329,317
2.78,-2.71,-2.71,0.02,-0.08,0.08,334,304,294,330,317
2.45,-3.26,-3.26,0.14,-0.03,0.07,334,304,295,329,317
2.21,-3.25,-3.25,0.28,0.00,0.15,334,304,295,329,317
2.92,-3.85,-3.85,0.03,0.09,0.08,334,304,295,329,317
3.22,-3.65,-3.65,0.03,-0.04,0.15,334,304,295,330,317
2.43,-3.68,-3.68,0.05,-0.00,0.16,334,304,294,330,317
2.89,-3.54,-3.54,0.04,-0.02,0.09,334,304,295,330,317
2.20,-3.43,-3.43,0.01,-0.10,0.21,334,304,294,329,317
2.01,-4.11,-4.11,0.09,-0.00,0.15,334,304,294,329,317
1.77,-3.34,-3.34,-0.09,-0.11,0.12,333,304,294,329,317
1.65,-3.98,-3.98,0.10,0.02,0.24,333,304,294,329,317
2.76,-4.19,-4.19,-0.17,-0.00,-0.02,334,304,294,329,317
0.50,-3.17,-3.17,-0.07,0.01,0.19,333,304,294,329,317
2.38,-4.19,-4.19,0.03,0.23,-0.07,334,304,294,329,317
2.98,-3.50,-3.50,-0.12,0.05,0.11,334,304,294,329,317
2.94,-3.65,-3.65,-0.04,0.08,0.04,334,304,295,329,317
2.18,-3.45,-3.45,0.01,-0.04,0.11,334,304,294,329,317
1.98,-3.75,-3.75,0.02,0.04,0.01,333,304,294,329,317
2.28,-3.78,-3.78,0.05,0.10,-0.02,334,304,294,329,317
1.77,-3.59,-3.59,-0.02,0.07,0.00,333,304,294,329,316
2.75,-4.06,-4.06,0.04,0.21,-0.04,333,301,294,329,317
3.03,-3.75,-3.75,-0.05,0.08,0.04,333,304,294,329,317
3.03,-4.54,-4.54,-0.01,0.09,0.02,333,304,294,329,317
2.38,-3.34,-3.34,-0.05,-0.01,0.08,333,304,295,329,317
3.40,-3.59,-3.59,-0.04,0.03,-0.06,334,304,294,329,317
2.11,-3.31,-3.31,0.11,-0.08,0.12,334,304,294,329,317
2.85,-4.07,-4.07,0.17,0.06,-0.02,334,304,295,329,317
2.60,-3.97,-3.97,0.13,-0.06,0.13,334,304,294,329,317
2.35,-3.99,-3.99,0.07,0.10,-0.03,333,304,295,329,317
3.23,-4.23,-4.23,0.07,0.00,0.06,333,304,295,329,317
2.39,-4.13,-4.13,-0.18,-0.11,-0.05,333,304,294,329,317
2.89,-4.11,-4.11,0.08,0.16,-0.06,333,304,294,329,317
1.94,-3.83,-3.83,-0.03,-0.14,0.09,333,304,295,329,317
END
2.40,-4.29,-4.29,0.04,0.06,-0.15,332,304,295,330,317
3.95,-3.38,-3.38,0.04,0.06,-0.07,332,304,295,330,317
4.80,-3.10,-3.10,-0.05,-0.03,-0.07,332,304,295,330,317
3.34,-3.48,-3.48,0.06,0.01,0.02,332,304,295,330,317
4.47,-3.15,-3.15,-0.02,0.04,-0.11,332,304,295,330,317
4.10,-2.99,-2.99,0.05,-0.00,0.04,332,304,295,330,317
3.41,-2.96,-2.96,0.03,-0.04,0.08,332,304,295,330,317
3.19,-3.58,-3.58,0.10,0.02,0.09,332,304,295,330,317
4.21,-3.61,-3.61,0.04,0.03,0.05,332,304,295,330,317
3.90,-3.45,-3.45,0.06,0.04,0.08,332,304,295,330,317
3.39,-3.19,-3.19,-0.02,-0.05,0.15,332,304,295,330,317
3.54,-3.73,-3.73,0.03,0.02,0.12,332,304,296,330,317
3.05,-3.57,-3.57,0.01,-0.06,0.21,332,304,295,330,317
3.94,-4.10,-4.10,0.08,0.02,0.11,332,304,295,330,317
3.28,-3.63,-3.63,-0.10,-0.14,0.18,332,304,295,330,317
3.31,-3.73,-3.73,0.04,0.07,0.09,332,304,295,330,317
3.66,-3.79,-3.79,-0.06,-0.08,0.15,332,304,295,330,317
3.38,-3.87,-3.87,-0.01,0.04,0.04,332,304,295,330,317
3.17,-3.95,-3.95,-0.03,-0.02,0.06,332,304,295,330,317
2.50,-3.88,-3.88,0.01,0.07,0.04,332,304,295,330,317
3.04,-3.55,-3.55,-0.03,0.07,0.01,332,304,295,330,317
3.62,-3.42,-3.42,0.02,0.11,0.04,332,304,295,329,317
4.12,-3.71,-3.71,-0.29,-0.09,0.19,332,304,295,330,317
1.84,-2.63,-2.63,-0.13,-0.21,0.20,332,304,295,330,317
2.91,-3.95,-3.95,0.10,0.02,-0.04,332,304,295,329,317
2.71,-3.47,-3.47,0.03,-0.14,0.05,332,304,294,329,317
2.82,-4.11,-4.11,0.11,0.08,-0.09,332,304,295,330,317
2.61,-3.80,-3.80,-0.04,0.08,-0.14,332,304,295,330,317
2.55,-3.61,-3.61,0.15,0.15,-0.07,332,304,294,329,317
4.05,-4.11,-4.11,0.08,0.06,-0.12,332,304,295,329,318
3.17,-3.78,-3.78,0.06,-0.03,-0.02,332,304,295,329,317
4.51,-4.63,-4.63,-0.07,0.01,0.06,332,304,295,329,317
3.68,-3.67,-3.67,0.10,-0.14,0.16,332,304,294,329,317
1.23,-3.36,-3.36,0.15,-0.10,0.16,332,304,294,329,317
1.62,-4.06,-4.06,0.15,0.01,0.20,332,303,294,329,317
END
2.20,-4.33,-4.33,0.26,0.34,0.15,334,304,295,330,317
2.55,-2.63,-2.63,0.09,-0.12,-0.17,334,304,295,329,317
2.71,-2.25,-2.25,-0.01,-0.13,-0.18,334,304,295,330,317
2.90,-2.05,-2.05,0.09,-0.04,-0.18,334,304,295,330,317
2.87,-1.57,-1.57,0.08,-0.10,-0.17,334,305,295,330,318
2.84,-2.55,-2.55,0.12,0.01,-0.23,334,304,295,330,317
1.73,-2.38,-2.38,0.09,-0.14,-0.01,334,304,294,330,317
0.46,-2.84,-2.84,0.13,0.00,0.15,334,304,295,330,317
2.40,-2.48,-2.48,0.01,0.03,0.12,334,304,295,330,317
2.09,-2.64,-2.64,0.16,-0.05,0.33,334,304,295,330,317
1.72,-2.53,-2.53,0.02,-0.09,0.29,334,304,295,330,317
1.31,-2.73,-2.73,0.12,0.14,0.33,334,304,295,330,318
2.79,-3.12,-3.12,-0.02,0.13,0.26,334,304,295,330,317
1.59,-3.39,-3.39,0.03,0.30,0.25,334,304,295,330,317
3.15,-3.16,-3.16,-0.05,0.10,0.21,334,304,295,330,317
1.78,-3.24,-3.24,0.08,0.11,0.30,334,304,295,330,317
2.65,-3.10,-3.10,-0.00,0.11,0.12,334,304,295,330,317
2.29,-3.29,-3.29,0.10,0.20,0.13,334,304,295,329,317
3.38,-3.21,-3.21,0.00,0.16,0.03,334,304,295,330,317
2.28,-3.17,-3.17,0.12,0.09,0.13,334,304,295,329,317
3.52,-3.65,-3.65,0.03,0.14,-0.03,333,304,295,330,317
2.02,-3.27,-3.27,0.08,0.06,0.12,333,304,295,329,317
3.47,-4.01,-4.01,0.12,0.18,0.02,333,304,295,329,317
3.31,-3.58,-3.58,-0.01,-0.02,0.14,333,304,295,330,317
2.09,-3.93,-3.93,0.10,0.04,0.12,333,304,295,330,317
3.25,-3.69,-3.69,-0.04,0.18,-0.00,333,304,295,329,317
2.43,-2.73,-2.73,0.04,0.01,0.15,333,303,294,329,317
2.72,-3.42,-3.42,0.14,0.06,0.04,333,303,295,329,317
2.74,-3.48,-3.48,-0.03,-0.10,0.12,333,304,295,329,317
3.61,-4.61,-4.61,0.16,0.05,0.12,332,303,294,329,317
4.52,-4.49,-4.49,-0.13,-0.14,-0.03,333,304,294,329,315
1.79,-3.59,-3.59,0.12,-0.08,0.08,332,304,294,329,317
2.26,-4.12,-4.12,0.08,-0.05,-0.07,333,303,295,329,317
1.69,-4.20,-4.20,0.19,0.09,-0.01,332,303,294,329,317
1.36,-3.80,-3.80,0.14,0.19,-0.05,332,304,295,329,317
END
1.89,-4.69,-4.69,0.37,0.20,0.14,335,304,295,329,317
2.94,-2.58,-2.58,-0.00,-0.03,0.09,334,304,295,329,317
2.93,-2.61,-2.61,-0.01,-0.02,0.10,335,304,295,329,317
3.18,-2.81,-2.81,0.08,0.05,0.05,335,304,294,329,317
3.00,-2.77,-2.77,0.03,-0.03,0.11,335,304,295,329,317
2.63,-2.50,-2.50,0.01,0.01,0.03,334,303,295,329,317
2.30,-3.05,-3.05,0.04,0.03,0.12,335,304,295,329,317
3.21,-3.32,-3.32,0.04,0.08,0.08,335,304,295,329,317
2.97,-3.29,-3.29,0.02,-0.10,0.25,335,304,295,329,317
2.38,-3.14,-3.14,0.02,0.04,0.14,335,304,295,329,317
2.56,-3.02,-3.02,0.02,-0.01,0.13,335,304,295,329,317
1.92,-2.78,-2.78,0.02,0.03,0.14,334,304,295,329,317
2.57,-3.04,-3.04,0.05,0.10,0.06,334,304,295,329,317
1.68,-2.79,-2.79,0.02,0.00,0.17,334,304,295,330,317
2.71,-3.63,-3.63,0.04,0.19,0.02,334,304,294,329,316
2.97,-3.28,-3.28,0.02,0.03,0.16,334,304,295,329,316
3.03,-3.84,-3.84,0.03,0.11,0.04,334,304,295,329,316
3.98,-4.18,-4.18,0.02,0.18,-0.04,334,304,295,329,317
2.07,-3.17,-3.17,0.06,0.02,0.10,334,304,295,329,317
3.15,-3.70,-3.70,0.08,0.17,-0.04,334,304,295,329,317
2.86,-2.87,-2.87,0.04,0.10,0.01,334,304,295,329,317
3.49,-4.48,-4.48,0.11,0.19,-0.01,334,304,295,329,317
3.83,-3.41,-3.41,0.00,0.09,0.06,333,304,295,329,317
3.13,-3.70,-3.70,0.15,0.04,0.14,334,304,295,329,317
4.50,-3.98,-3.98,0.03,0.07,0.00,334,304,294,329,317
3.15,-3.49,-3.49,0.09,-0.07,0.11,334,304,294,329,316
3.32,-4.27,-4.27,0.07,0.05,-0.03,334,304,294,329,317
4.64,-4.13,-4.13,0.08,-0.08,0.07,334,304,294,329,317
1.95,-3.97,-3.97,0.13,-0.18,0.24,334,304,295,329,317
END
2.64,-3.01,-3.01,0.10,-0.29,-0.21,329,303,292,329,319
2.02,-3.83,-3.83,0.04,0.04,-0.01,329,303,292,329,319
2.05,-3.86,-3.86,0.07,0.10,-0.03,329,303,292,329,319
2.58,-4.11,-4.11,0.02,0.04,-0.09,329,303,292,329,319
2.52,-3.93,-3.93,0.00,0.03,-0.09,329,303,292,329,319
2.36,-3.97,-3.97,0.00,-0.04,-0.07,329,303,292,328,320
1.37,-3.96,-3.96,-0.01,-0.06,0.02,329,303,292,328,320
0.51,-3.52,-3.52,0.08,0.06,0.22,329,303,292,329,319
0.61,-3.22,-3.22,0.08,0.13,0.20,329,303,292,329,319
0.96,-3.55,-3.55,0.06,0.17,0.30,329,303,292,328,320
1.97,-4.29,-4.29,0.14,0.19,0.26,329,303,292,329,319
2.21,-4.67,-4.67,0.06,0.06,0.30,329,303,292,329,319
1.82,-4.82,-4.82,-0.07,0.07,0.15,329,303,292,329,319
2.18,-4.99,-4.99,0.09,0.07,0.25,329,303,292,328,319
1.56,-4.31,-4.31,-0.06,-0.03,0.09,329,303,292,328,319
1.49,-4.52,-4.52,0.15,0.09,0.23,329,302,292,328,319
1.19,-4.55,-4.55,-0.03,-0.07,0.15,328,303,292,328,319
1.34,-4.58,-4.58,0.07,0.15,-0.04,328,303,292,328,319
2.00,-3.43,-3.43,-0.10,0.02,-0.02,329,303,292,328,319
1.23,-5.08,-5.08,0.21,0.01,0.08,328,303,292,328,319
3.04,-5.99,-5.99,-0.07,0.11,-0.29,328,303,291,328,320
1.12,-3.80,-3.80,-0.18,-0.24,0.18,329,303,292,328,320
1.23,-4.73,-4.73,0.08,0.04,-0.02,329,303,292,328,320
1.85,-4.74,-4.74,-0.08,-0.03,-0.07,329,303,292,328,320
0.44,-4.49,-4.49,0.11,0.01,0.14,329,303,292,328,320
2.88,-5.15,-5.15,-0.13,0.16,-0.22,328,303,292,328,320
1.11,-3.78,-3.78,0.00,-0.17,0.20,328,303,292,328,321
1.44,-4.94,-4.94,0.01,0.13,-0.05,328,303,292,328,321
2.45,-4.47,-4.47,-0.01,0.09,-0.10,328,302,292,328,321
1.27,-4.02,-4.02,0.01,-0.01,0.04,328,302,292,328,321
2.14,-5.15,-5.15,0.27,0.20,-0.01,328,303,292,328,321
3.22,-5.58,-5.58,0.03,0.05,-0.04,328,303,292,328,321
1.94,-4.67,-4.67,-0.01,-0.04,-0.02,328,303,292,328,321
1.52,-4.41,-4.41,0.00,-0.02,-0.05,328,303,292,328,321
1.46,-4.53,-4.53,0.05,0.01,-0.12,328,302,292,328,321
END
1.61,-4.08,-4.08,0.04,0.04,-0.03,332,303,292,327,323
1.88,-2.63,-2.63,-0.03,0.02,-0.02,333,304,292,328,323
2.00,-2.22,-2.22,0.01,0.04,0.02,332,303,292,328,323
1.39,-2.56,-2.56,0.08,-0.06,0.14,332,304,292,327,323
1.62,-2.84,-2.84,0.09,0.01,0.09,332,304,292,328,323
1.13,-2.91,-2.91,0.15,-0.03,0.30,332,304,292,328,323
1.82,-2.98,-2.98,0.06,0.15,0.13,332,304,293,327,323
1.97,-2.94,-2.94,0.05,0.01,0.27,332,304,292,328,323
0.95,-3.02,-3.02,0.06,0.05,0.26,332,304,292,328,323
0.47,-2.43,-2.43,0.06,-0.01,0.32,332,304,292,328,323
1.50,-3.94,-3.94,0.04,0.19,0.16,332,304,292,327,323
1.76,-2.96,-2.96,-0.04,-0.02,0.27,332,304,292,327,323
2.18,-3.57,-3.57,0.03,0.07,0.06,332,304,291,327,323
1.56,-2.59,-2.59,0.03,-0.13,0.17,332,304,292,327,323
1.46,-3.53,-3.53,0.14,0.06,-0.00,332,303,292,327,323
1.03,-3.10,-3.10,0.06,-0.02,0.03,332,304,292,328,322
0.73,-3.45,-3.45,0.10,0.13,-0.03,331,304,292,327,323
0.93,-3.41,-3.41,-0.01,-0.08,-0.06,331,304,293,328,323
0.95,-4.36,-4.36,0.11,0.09,0.15,331,303,292,328,323
2.35,-3.78,-3.78,-0.08,0.06,-0.02,331,304,292,327,323
1.49,-3.42,-3.42,0.11,0.03,0.19,331,304,292,328,323
2.30,-3.96,-3.96,0.08,0.09,0.03,331,304,292,327,323
0.51,-2.84,-2.84,0.19,-0.21,0.40,331,304,292,327,323
0.51,-5.08,-5.08,0.23,0.27,0.00,331,304,292,328,323
1.62,-4.16,-4.16,0.10,0.07,0.04,331,304,292,327,322
0.47,-3.95,-3.95,0.07,0.12,-0.13,331,303,292,327,322
2.02,-4.97,-4.97,-0.05,-0.08,-0.02,331,303,292,327,322
1.23,-3.54,-3.54,0.00,0.22,-0.07,331,303,292,327,323
2.00,-4.53,-4.53,0.07,0.14,0.03,330,303,292,327,323
3.91,-5.33,-5.33,-0.01,0.16,-0.12,330,303,293,328,322
2.69,-4.84,-4.84,0.03,0.06,0.09,330,303,292,328,322
2.40,-4.34,-4.34,0.02,0.11,-0.06,330,303,292,328,323
2.66,-4.36,-4.36,0.04,-0.03,-0.01,330,304,292,327,323
1.99,-4.51,-4.51,0.11,0.01,-0.04,330,304,293,327,322
1.69,-4.48,-4.48,0.05,-0.03,0.01,330,303,292,327,322
END
2.45,-4.39,-4.39,0.04,0.07,-0.08,332,304,294,328,322
1.60,-3.04,-3.04,0.02,-0.18,-0.20,332,304,294,328,322
1.03,-3.04,-3.04,0.02,-0.07,-0.19,332,304,294,329,322
1.19,-2.74,-2.74,-0.01,-0.03,-0.08,332,304,294,328,322
0.74,-2.69,-2.69,-0.04,0.02,-0.04,332,305,294,328,322
0.67,-2.95,-2.95,-0.02,-0.05,0.19,332,304,294,328,322
-0.06,-1.91,-1.91,-0.14,-0.07,0.25,331,304,294,328,321
-1.23,-1.36,-1.36,0.02,-0.00,0.42,331,304,294,328,321
0.33,-2.20,-2.20,0.08,0.20,0.28,331,304,294,328,321
0.54,-2.56,-2.56,0.20,0.21,0.52,331,304,294,328,321
1.33,-3.14,-3.14,0.13,0.41,0.32,332,304,294,328,321
1.16,-3.11,-3.11,0.15,0.06,0.40,331,304,293,328,320
1.00,-3.12,-3.12,0.07,0.19,0.22,331,303,293,328,320
1.43,-3.68,-3.68,0.15,0.15,0.28,330,303,293,328,320
1.36,-3.24,-3.24,0.05,0.12,0.20,330,304,293,328,320
1.39,-3.31,-3.31,0.10,0.14,0.16,330,304,293,328,320
1.31,-3.59,-3.59,0.12,0.17,0.16,330,304,293,328,320
1.67,-3.68,-3.68,0.04,0.16,0.13,330,303,293,328,320
1.36,-3.91,-3.91,0.19,0.13,0.24,330,304,293,328,320
1.75,-3.93,-3.93,0.14,0.05,0.16,330,303,293,328,320
1.75,-4.29,-4.29,0.09,0.10,0.07,330,304,293,328,320
1.55,-4.06,-4.06,0.10,0.15,0.05,330,303,293,328,320
1.85,-4.49,-4.49,0.13,0.19,0.07,330,303,294,328,320
3.38,-4.58,-4.58,0.03,0.19,-0.14,330,303,294,328,320
2.43,-4.67,-4.67,-0.02,-0.01,0.08,330,303,293,329,320
1.58,-4.54,-4.54,0.07,0.07,0.03,330,303,293,328,320
2.21,-4.16,-4.16,0.04,0.02,0.03,330,303,293,328,320
1.86,-4.31,-4.31,0.17,0.13,0.03,330,303,293,328,320
1.74,-4.59,-4.59,0.08,0.01,0.07,330,303,293,328,320
2.49,-5.44,-5.44,0.06,0.21,-0.01,330,303,293,328,320
3.33,-5.31,-5.31,-0.03,0.08,-0.03,329,304,293,328,320
2.40,-4.42,-4.42,0.01,-0.03,0.12,330,303,293,327,320
3.12,-5.65,-5.65,0.04,0.03,-0.01,330,303,293,328,319
2.26,-5.25,-5.25,-0.01,-0.06,0.04,329,305,293,327,319
2.28,-4.90,-4.90,-0.05,0.01,-0.02,331,303,293,328,319
END
2.10,-4.77,-4.77,0.00,0.02,0.00,329,303,294,328,317
1.10,-2.99,-2.99,0.06,0.04,0.09,329,303,293,328,317
1.52,-3.19,-3.19,0.11,0.14,0.04,329,303,293,328,317
1.31,-2.79,-2.79,0.13,0.07,0.21,328,303,293,328,317
2.19,-3.58,-3.58,0.14,0.11,0.09,328,303,293,328,317
1.92,-3.55,-3.55,0.23,0.06,0.12,327,302,293,328,319
2.02,-4.43,-4.43,0.18,0.17,0.03,327,302,294,328,317
2.16,-4.12,-4.12,0.18,0.01,0.11,326,302,294,328,317
2.00,-3.93,-3.93,0.16,0.11,0.03,326,302,293,328,317
2.65,-4.69,-4.69,0.12,0.06,0.01,326,302,293,328,317
2.26,-4.42,-4.42,0.14,0.06,0.08,326,302,293,328,317
1.72,-4.62,-4.62,0.05,0.04,0.15,326,303,293,328,317
1.26,-4.29,-4.29,0.01,0.08,0.22,326,302,293,328,317
2.33,-4.48,-4.48,0.05,0.14,0.06,326,303,293,328,317
2.77,-4.57,-4.57,0.06,0.07,0.08,326,303,293,328,317
2.42,-5.07,-5.07,-0.05,0.04,0.03,326,302,293,328,317
1.79,-4.50,-4.50,0.10,0.08,0.08,326,302,293,328,316
2.26,-4.79,-4.79,-0.05,0.08,0.05,326,302,293,327,317
2.40,-4.62,-4.62,-0.02,0.08,0.02,326,302,293,327,317
1.82,-4.54,-4.54,0.01,0.03,0.16,326,302,293,328,317
2.86,-5.25,-5.25,0.02,0.15,-0.01,326,302,293,328,317
1.69,-5.13,-5.13,0.00,-0.06,0.25,326,302,292,328,317
1.82,-5.22,-5.22,0.04,0.08,0.01,326,302,293,327,317
1.80,-4.57,-4.57,-0.01,-0.07,0.21,326,302,293,328,317
1.43,-5.06,-5.06,0.14,0.11,-0.00,326,302,293,328,317
2.27,-5.05,-5.05,0.05,0.03,0.18,326,303,293,328,317
1.56,-4.83,-4.83,0.03,0.04,0.06,326,303,293,328,317
2.23,-5.23,-5.23,-0.01,-0.01,0.10,326,302,293,327,317
1.76,-5.32,-5.32,-0.13,-0.14,0.08,326,302,293,327,317
1.87,-5.10,-5.10,-0.14,-0.02,-0.01,326,302,293,327,317
1.16,-4.87,-4.87,-0.12,-0.10,0.06,326,302,293,327,317
1.65,-5.55,-5.55,0.02,0.22,-0.14,326,302,293,327,317
1.83,-5.18,-5.18,0.00,0.09,0.02,326,302,293,327,317
2.20,-5.29,-5.29,-0.01,0.15,-0.07,326,302,293,327,317
2.12,-4.70,-4.70,0.06,0.07,0.02,326,302,293,327,317
END
2.04,-5.10,-5.10,0.09,0.02,0.01,329,303,293,328,317
1.87,-3.47,-3.47,0.18,0.01,-0.06,329,303,294,328,317
0.88,-4.24,-4.24,0.09,-0.03,-0.04,329,303,293,327,317
1.24,-3.75,-3.75,0.05,0.02,0.05,329,303,293,328,317
1.46,-4.08,-4.08,-0.03,0.00,0.02,328,303,293,328,317
0.84,-3.56,-3.56,-0.09,0.01,0.16,328,303,294,328,317
0.76,-3.24,-3.24,-0.01,0.07,0.17,328,303,293,328,317
1.23,-3.74,-3.74,-0.04,0.12,0.17,328,303,293,328,317
0.75,-3.24,-3.24,0.06,0.08,0.24,328,303,293,328,317
1.34,-4.04,-4.04,0.07,0.22,0.12,328,303,293,328,317
1.74,-3.88,-3.88,0.06,0.06,0.25,328,303,293,328,317
1.84,-4.39,-4.39,0.08,0.25,-0.01,328,303,293,328,317
2.40,-4.40,-4.40,-0.02,0.04,0.10,328,303,293,328,317
1.34,-4.06,-4.06,0.10,0.05,0.07,328,303,293,327,317
2.24,-4.07,-4.07,0.05,0.02,0.02,328,302,293,328,317
1.26,-3.80,-3.80,0.05,-0.00,0.19,328,303,293,328,317
1.48,-4.24,-4.24,0.08,0.11,0.02,327,303,293,328,317
0.37,-3.50,-3.50,-0.04,0.07,0.20,328,303,293,328,317
1.08,-4.92,-4.92,0.16,0.41,0.04,328,303,293,328,317
3.80,-4.49,-4.49,-0.14,0.37,-0.20,328,303,294,328,317
3.48,-4.49,-4.49,0.04,0.23,0.04,328,303,293,328,317
3.24,-3.97,-3.97,0.01,0.04,0.02,328,303,293,328,317
0.96,-4.12,-4.12,0.18,-0.06,0.30,328,304,294,328,317
2.94,-4.66,-4.66,0.02,0.16,-0.17,328,303,294,328,317
2.10,-4.23,-4.23,0.07,-0.03,0.26,328,303,291,327,317
2.58,-4.62,-4.62,0.03,0.10,0.02,328,303,293,327,317
2.42,-4.54,-4.54,0.02,0.02,0.11,327,303,293,327,317
2.59,-4.72,-4.72,0.05,0.17,-0.00,327,303,292,327,317
3.85,-4.40,-4.40,-0.09,0.13,-0.15,328,303,294,327,317
3.26,-5.04,-5.04,0.15,0.08,0.06,328,303,293,328,317
4.13,-5.00,-5.00,0.09,0.03,-0.03,327,303,293,328,317
2.59,-5.10,-5.10,0.12,-0.03,0.14,328,303,293,327,317
3.25,-5.12,-5.12,0.05,0.05,-0.10,327,303,293,328,317
2.46,-4.97,-4.97,0.08,-0.00,0.01,327,303,293,328,317
2.79,-4.95,-4.95,0.03,0.06,-0.06,327,303,293,328,317
END
2.90,-5.11,-5.11,0.07,0.09,-0.07,328,304,294,328,317
1.59,-3.27,-3.27,0.07,-0.04,0.25,328,304,294,328,317
1.74,-3.62,-3.62,0.02,0.10,0.03,329,304,294,328,317
1.22,-3.92,-3.92,0.06,-0.04,0.29,329,304,294,328,317
2.18,-4.58,-4.58,0.06,0.19,-0.08,329,304,294,328,317
1.92,-3.50,-3.50,0.02,-0.03,0.26,328,304,294,328,317
1.05,-3.26,-3.26,-0.04,0.02,0.13,329,304,294,328,317
0.52,-3.61,-3.61,0.07,0.13,0.26,329,304,294,328,317
2.54,-4.11,-4.11,0.13,0.30,0.02,328,304,293,328,317
2.89,-4.19,-4.19,0.05,0.09,0.21,329,304,294,328,317
2.40,-4.21,-4.21,0.07,0.09,0.05,329,303,294,328,316
2.23,-4.35,-4.35,0.04,0.08,0.09,328,303,294,328,317
2.25,-4.27,-4.27,0.05,0.14,-0.06,328,304,294,328,317
2.43,-4.46,-4.46,0.03,0.12,-0.01,328,303,294,328,317
2.73,-4.55,-4.55,0.06,0.18,-0.02,328,304,294,328,316
2.35,-4.01,-4.01,0.06,0.16,0.15,328,304,294,328,317
3.12,-4.47,-4.47,0.06,0.15,0.07,328,304,294,328,317
2.76,-4.65,-4.65,0.14,0.10,0.18,328,304,293,328,317
3.18,-4.75,-4.75,0.07,0.06,0.13,328,304,294,328,317
2.76,-4.69,-4.69,0.03,0.05,0.15,328,304,294,328,317
2.77,-4.39,-4.39,0.13,0.04,0.13,328,304,294,328,317
3.12,-4.98,-4.98,0.11,0.05,0.02,328,304,294,328,317
2.18,-4.19,-4.19,0.12,-0.11,0.16,328,303,294,328,317
1.81,-5.18,-5.18,0.14,0.01,0.07,328,303,294,328,317
2.58,-5.42,-5.42,-0.08,-0.05,0.12,328,304,294,328,317
1.26,-4.60,-4.60,0.11,0.03,0.19,328,303,294,328,317
3.93,-5.95,-5.95,-0.06,0.07,-0.09,328,304,294,328,317
1.06,-5.04,-5.04,0.30,0.13,0.17,328,303,294,328,317
2.38,-6.20,-6.20,0.13,0.09,0.12,328,303,294,328,317
2.19,-6.09,-6.09,0.07,0.02,0.14,328,303,294,328,317
1.96,-5.89,-5.89,0.05,0.07,0.05,328,304,294,328,317
2.94,-6.10,-6.10,-0.17,-0.04,-0.01,328,303,294,328,317
1.45,-5.89,-5.89,0.14,0.06,-0.01,328,303,293,328,317
2.33,-5.92,-5.92,0.10,0.12,-0.10,328,303,293,328,317
2.71,-5.95,-5.95,0.03,0.05,-0.08,328,303,293,328,317
END
2.02,-5.43,-5.43,0.04,0.01,-0.02,330,304,294,328,317
1.89,-3.89,-3.89,0.02,-0.00,0.20,330,304,294,328,316
2.79,-4.02,-4.02,0.00,0.11,-0.03,330,305,294,328,317
1.92,-4.01,-4.01,0.06,-0.03,0.25,330,304,294,328,317
2.54,-4.24,-4.24,0.04,0.04,0.07,330,304,294,328,317
1.84,-3.98,-3.98,0.05,0.03,0.08,329,304,294,328,317
1.56,-4.40,-4.40,0.12,0.11,0.17,329,304,292,328,316
2.45,-4.85,-4.85,0.13,0.14,0.14,329,304,294,328,316
2.64,-4.67,-4.67,-0.04,0.05,0.21,329,304,294,328,316
2.41,-4.96,-4.96,0.04,0.13,0.18,329,305,294,328,317
2.09,-4.40,-4.40,-0.17,-0.04,0.25,330,304,294,328,317
1.59,-4.67,-4.67,0.04,0.05,0.21,330,304,294,328,316
2.38,-4.01,-4.01,-0.10,-0.03,0.10,329,304,294,328,317
1.00,-4.49,-4.49,0.07,-0.02,0.30,329,304,294,328,317
2.85,-4.76,-4.76,-0.12,0.03,0.01,329,304,294,328,317
0.70,-4.77,-4.77,0.07,-0.17,0.42,330,304,294,328,317
2.09,-4.91,-4.91,-0.00,0.24,-0.20,330,304,294,328,317
1.34,-3.63,-3.63,0.10,-0.04,0.30,329,304,294,328,317
1.52,-4.85,-4.85,0.18,0.19,-0.00,329,304,294,328,316
1.92,-4.90,-4.90,0.18,0.05,0.13,329,304,294,328,317
1.18,-5.51,-5.51,0.08,0.14,0.04,329,304,294,328,317
2.18,-5.30,-5.30,0.03,0.19,-0.04,329,304,294,328,317
1.92,-4.85,-4.85,0.03,0.13,0.07,329,304,294,328,317
2.76,-5.46,-5.46,-0.02,0.12,-0.04,330,304,294,328,317
1.31,-4.04,-4.04,-0.05,-0.10,0.18,329,304,294,328,317
2.22,-5.97,-5.97,0.08,0.18,-0.11,329,304,293,328,317
1.47,-4.39,-4.39,0.01,-0.11,0.23,329,304,294,328,317
0.74,-4.95,-4.95,0.11,0.11,0.10,329,304,294,328,317
3.25,-5.76,-5.76,-0.00,0.18,-0.06,329,304,294,328,317
2.05,-5.08,-5.08,0.12,0.06,-0.04,329,304,294,328,316
2.27,-5.51,-5.51,0.10,0.03,0.01,329,304,294,328,317
2.01,-5.69,-5.69,0.03,0.13,-0.08,330,304,294,328,316
3.12,-5.56,-5.56,0.00,0.23,-0.22,329,304,294,328,316
2.77,-5.43,-5.43,-0.03,-0.01,0.04,329,304,293,328,316
3.13,-4.95,-4.95,-0.01,0.06,-0.12,329,304,294,328,317
END
2.38,-5.17,-5.17,0.08,-0.12,0.01,333,304,293,328,317
1.90,-3.97,-3.97,-0.05,0.04,0.08,332,304,293,328,317
1.46,-3.58,-3.58,-0.06,0.01,0.15,332,304,293,328,317
1.68,-3.30,-3.30,-0.10,-0.07,0.22,331,304,293,328,317
0.44,-3.19,-3.19,-0.05,-0.06,0.34,331,304,293,327,316
1.28,-3.00,-3.00,-0.00,0.03,0.19,331,304,293,328,317
0.31,-3.53,-3.53,0.05,0.04,0.29,331,304,293,327,317
1.02,-3.80,-3.80,-0.10,0.15,0.13,331,304,293,328,317
0.70,-2.55,-2.55,-0.07,0.08,0.37,331,304,293,328,316
1.77,-4.24,-4.24,-0.11,0.21,-0.02,332,304,293,328,317
1.28,-3.07,-3.07,-0.15,-0.02,0.19,332,304,293,328,317
1.22,-3.32,-3.32,-0.08,0.09,-0.05,332,304,293,328,317
1.06,-2.86,-2.86,0.00,0.05,-0.05,332,304,293,328,317
0.71,-2.64,-2.64,0.14,0.10,0.02,332,304,293,328,317
2.20,-2.85,-2.85,0.15,0.10,-0.04,332,304,293,328,316
1.32,-3.10,-3.10,0.20,0.08,0.04,332,304,293,328,317
2.76,-4.03,-4.03,0.07,0.14,-0.09,331,306,293,328,317
2.25,-2.92,-2.92,0.02,0.00,0.08,331,304,293,328,317
1.90,-3.65,-3.65,0.14,0.13,-0.00,331,304,294,328,316
1.82,-3.12,-3.12,-0.02,-0.02,0.04,331,305,294,328,316
1.80,-3.80,-3.80,0.11,0.16,-0.03,332,304,294,328,317
2.71,-3.89,-3.89,0.04,0.01,0.14,332,304,293,328,317
2.04,-3.17,-3.17,-0.01,0.06,0.11,332,304,293,328,317
1.37,-3.50,-3.50,-0.06,0.08,0.15,331,304,293,328,317
3.72,-3.91,-3.91,-0.17,0.17,-0.11,332,304,293,328,317
3.00,-3.37,-3.37,-0.02,-0.06,0.13,331,304,294,327,317
1.88,-3.06,-3.06,0.01,-0.11,0.04,331,304,294,328,316
0.51,-2.76,-2.76,0.08,-0.04,0.12,330,304,293,328,317
1.01,-3.55,-3.55,0.20,0.18,0.02,330,303,293,327,316
2.33,-4.26,-4.26,0.01,0.21,0.02,329,303,293,328,317
2.54,-4.34,-4.34,0.11,0.15,0.06,329,304,293,327,317
4.74,-4.73,-4.73,0.14,0.31,-0.14,330,304,293,328,317
4.05,-4.64,-4.64,0.01,0.07,-0.00,329,303,293,328,317
2.84,-3.70,-3.70,0.00,0.01,-0.08,329,303,293,327,317
3.01,-3.74,-3.74,0.08,-0.05,-0.06,329,303,293,328,317
END
3.17,-3.67,-3.67,0.08,-0.06,-0.10,329,304,293,328,317
2.38,-3.93,-3.93,0.14,0.10,0.16,331,303,293,328,317
2.84,-3.77,-3.77,0.10,0.14,0.04,331,303,293,328,317
2.73,-3.83,-3.83,0.06,0.06,0.14,331,303,293,328,316
3.22,-3.69,-3.69,0.09,0.11,-0.05,331,303,293,328,317
2.58,-3.55,-3.55,0.04,-0.01,0.06,331,303,293,328,316
2.23,-4.08,-4.08,0.13,0.10,0.00,330,304,293,328,316
3.49,-4.62,-4.62,0.02,0.06,0.04,330,303,293,328,316
3.03,-4.29,-4.29,-0.16,0.01,0.05,330,303,293,328,316
2.46,-4.09,-4.09,0.04,0.03,0.08,330,303,293,328,316
2.81,-3.93,-3.93,-0.10,-0.06,0.04,330,303,293,328,316
1.74,-3.60,-3.60,0.04,0.01,0.16,330,303,293,328,316
2.50,-3.47,-3.47,0.06,0.11,-0.05,330,304,293,327,316
2.16,-3.87,-3.87,0.17,0.15,0.17,330,304,293,328,316
3.17,-4.39,-4.39,0.08,0.18,-0.04,330,304,293,328,316
3.16,-4.77,-4.77,0.03,0.11,0.10,330,304,293,327,316
2.89,-4.69,-4.69,-0.07,0.11,-0.02,330,304,293,328,316
2.86,-4.11,-4.11,-0.01,0.14,-0.02,330,304,293,328,316
3.30,-4.37,-4.37,0.01,0.19,-0.06,330,304,293,328,316
3.52,-4.34,-4.34,0.09,0.13,0.11,330,304,293,328,316
3.82,-4.40,-4.40,0.00,0.09,-0.06,330,304,293,328,316
3.33,-4.69,-4.69,0.12,0.12,0.15,330,304,293,328,316
4.21,-4.67,-4.67,-0.19,0.20,-0.27,330,303,293,328,316
4.15,-4.58,-4.58,0.09,0.16,0.19,330,304,293,328,316
4.18,-4.71,-4.71,-0.32,-0.09,-0.07,329,303,293,328,316
2.75,-3.74,-3.74,0.16,0.16,0.31,329,303,293,327,317
6.22,-4.49,-4.49,-0.10,0.04,-0.09,329,303,294,328,316
4.04,-3.86,-3.86,0.08,-0.22,0.26,329,303,293,328,317
2.87,-4.20,-4.20,0.10,-0.16,0.06,329,303,293,328,317
3.59,-5.02,-5.02,0.16,-0.00,0.02,329,303,293,327,317
3.84,-5.38,-5.38,0.15,-0.03,0.01,329,303,293,328,317
3.51,-5.44,-5.44,-0.04,0.06,-0.06,329,303,293,328,317
3.90,-4.38,-4.38,0.05,0.16,-0.14,329,304,294,328,317
4.24,-4.31,-4.31,0.09,-0.00,-0.01,329,303,293,328,317
3.80,-4.69,-4.69,0.19,-0.08,-0.03,329,303,293,328,317
END
3.33,-5.35,-5.35,0.14,-0.11,0.02,330,304,294,328,317
2.56,-4.17,-4.17,0.07,0.00,-0.02,329,304,293,328,317
3.42,-4.30,-4.30,0.01,0.01,-0.05,330,303,293,328,316
3.17,-4.26,-4.26,-0.03,-0.03,0.08,330,303,294,328,317
3.18,-4.00,-4.00,-0.03,-0.02,0.01,329,304,294,328,317
2.36,-3.63,-3.63,-0.00,-0.03,0.21,329,304,294,328,316
2.94,-3.91,-3.91,0.03,0.08,0.05,329,304,294,328,317
2.81,-2.68,-2.68,0.07,0.04,0.29,329,303,294,328,317
2.95,-4.92,-4.92,0.19,0.10,0.01,329,304,294,328,316
2.26,-5.23,-5.23,0.11,-0.08,0.26,329,303,294,328,316
2.46,-5.30,-5.30,-0.06,0.03,0.18,329,303,293,328,316
3.31,-4.62,-4.62,-0.26,-0.10,0.21,329,303,294,328,316
1.67,-4.97,-4.97,-0.14,-0.00,0.39,329,303,293,328,316
3.37,-4.20,-4.20,-0.31,0.08,0.01,328,303,293,328,316
1.18,-2.73,-2.73,-0.07,-0.04,0.33,328,303,294,328,317
3.08,-3.33,-3.33,-0.03,0.17,-0.11,329,303,294,328,316
1.69,-3.72,-3.72,0.05,-0.05,0.26,329,303,293,328,316
3.49,-4.70,-4.70,-0.06,0.20,-0.18,329,303,293,328,316
3.02,-4.35,-4.35,0.05,-0.05,0.26,328,303,294,328,316
2.90,-3.93,-3.93,-0.03,0.05,-0.09,329,303,294,328,316
1.16,-3.77,-3.77,0.02,-0.11,0.24,329,303,293,327,317
1.87,-4.49,-4.49,-0.02,0.24,-0.16,329,303,293,327,317
2.73,-3.91,-3.91,-0.03,0.15,0.04,328,303,293,328,316
3.07,-3.69,-3.69,-0.08,0.23,-0.17,329,303,293,327,316
2.57,-3.05,-3.05,0.21,0.16,0.12,328,303,293,328,317
3.29,-5.25,-5.25,0.22,0.16,0.12,329,303,294,328,317
3.94,-4.63,-4.63,-0.07,0.03,0.05,329,303,293,328,317
2.30,-4.08,-4.08,0.02,-0.11,0.24,328,303,293,327,317
2.21,-4.39,-4.39,-0.06,-0.12,0.08,329,303,293,328,317
1.94,-4.11,-4.11,0.17,0.05,0.09,328,303,293,328,317
3.25,-4.58,-4.58,0.00,0.06,-0.04,328,302,293,327,317
2.07,-4.19,-4.19,0.18,0.04,0.20,328,303,293,327,317
3.72,-5.58,-5.58,0.04,0.17,-0.07,328,303,293,327,317
3.92,-5.20,-5.20,0.06,0.16,-0.02,328,303,293,327,317
3.78,-5.12,-5.12,0.03,-0.01,-0.03,328,305,293,328,317
END
2.76,-4.77,-4.77,-0.02,-0.01,-0.11,330,304,293,328,317
3.40,-3.76,-3.76,0.00,-0.02,-0.05,329,304,294,328,316
2.84,-4.03,-4.03,0.00,-0.01,0.05,329,304,294,328,317
3.16,-4.08,-4.08,-0.00,0.05,-0.01,329,304,294,328,317
2.92,-3.67,-3.67,-0.03,0.07,0.10,329,304,294,328,316
3.07,-3.63,-3.63,-0.06,0.07,0.04,329,303,294,328,316
2.74,-3.68,-3.68,-0.04,0.05,0.19,329,304,293,328,316
3.36,-3.78,-3.78,-0.04,0.07,0.12,329,304,293,328,316
3.81,-3.84,-3.84,-0.02,-0.06,0.23,327,304,294,328,316
2.54,-3.90,-3.90,0.00,-0.11,0.23,329,304,293,328,316
2.58,-3.64,-3.64,0.01,0.01,0.13,329,304,293,328,317
2.71,-3.66,-3.66,-0.03,-0.00,0.13,329,304,294,328,316
1.87,-3.50,-3.50,0.06,0.02,0.15,329,303,294,328,317
2.38,-4.44,-4.44,0.04,0.11,0.13,329,304,294,328,316
2.53,-4.19,-4.19,-0.01,0.12,0.06,329,304,293,328,316
2.47,-4.52,-4.52,-0.05,0.02,0.08,329,304,293,328,317
2.53,-4.18,-4.18,-0.03,0.06,0.12,328,303,293,328,316
2.65,-3.17,-3.17,-0.09,0.13,-0.00,328,304,294,328,316
2.89,-4.04,-4.04,0.02,0.07,0.17,328,303,294,328,316
2.89,-3.91,-3.91,-0.10,0.16,0.03,328,303,294,328,316
3.45,-4.18,-4.18,-0.13,0.11,0.15,328,303,293,328,317
3.48,-4.00,-4.00,-0.08,0.02,0.13,328,303,294,327,316
3.15,-3.96,-3.96,0.00,-0.03,0.17,328,303,294,328,316
2.74,-4.35,-4.35,0.05,-0.04,0.11,328,303,293,328,316
1.97,-3.92,-3.92,0.00,-0.01,0.14,328,303,294,328,316
2.42,-4.10,-4.10,-0.01,0.04,0.10,328,303,293,328,316
1.72,-3.46,-3.46,-0.12,-0.07,0.27,327,303,293,327,316
2.33,-3.98,-3.98,0.07,-0.01,0.26,327,303,293,327,316
3.30,-4.41,-4.41,0.14,0.17,0.05,327,303,292,327,316
2.20,-4.14,-4.14,0.16,0.13,0.05,327,302,293,327,316
2.51,-4.35,-4.35,0.15,0.24,0.01,327,302,292,327,316
3.11,-4.72,-4.72,0.26,0.14,0.05,327,303,293,327,316
2.29,-5.02,-5.02,0.18,0.07,0.04,327,303,293,327,316
3.73,-5.46,-5.46,0.15,0.14,0.03,327,302,293,327,317
3.77,-5.65,-5.65,0.11,0.06,-0.02,326,302,293,327,316
END
3.31,-5.38,-5.38,0.03,0.07,-0.12,328,303,294,329,317
3.19,-3.98,-3.98,0.00,-0.07,-0.00,328,303,294,328,317
3.29,-4.21,-4.21,0.04,0.06,-0.06,328,303,294,328,317
4.19,-4.50,-4.50,-0.00,0.00,-0.02,327,303,294,328,317
2.93,-4.24,-4.24,-0.06,-0.04,0.10,328,303,294,328,317
3.30,-4.24,-4.24,-0.02,-0.01,0.10,328,303,294,328,317
2.60,-4.21,-4.21,-0.10,-0.08,0.25,328,303,294,328,317
2.21,-4.16,-4.16,-0.00,-0.06,0.42,327,303,294,328,317
2.48,-4.06,-4.06,-0.19,-0.02,0.20,328,303,294,328,316
2.96,-4.31,-4.31,0.01,0.07,0.34,328,303,294,328,317
2.94,-3.86,-3.86,-0.24,-0.02,0.20,328,303,294,328,317
2.24,-4.24,-4.24,0.07,0.25,0.21,327,303,294,328,317
2.87,-3.79,-3.79,-0.07,0.10,0.08,327,303,294,328,317
2.12,-3.98,-3.98,-0.00,0.09,0.15,327,303,294,328,316
3.21,-4.74,-4.74,-0.01,0.02,0.06,327,303,294,328,317
1.74,-4.00,-4.00,-0.05,-0.03,0.17,327,303,293,329,316
2.61,-4.08,-4.08,-0.11,0.06,-0.04,327,303,294,328,316
3.27,-5.05,-5.05,0.15,0.25,-0.09,327,303,293,328,316
4.16,-3.97,-3.97,-0.14,0.03,-0.06,327,303,294,328,317
2.61,-4.01,-4.01,0.01,0.01,0.07,327,303,294,328,317
3.32,-3.88,-3.88,-0.08,-0.10,0.05,327,303,294,328,317
1.51,-3.63,-3.63,-0.03,-0.20,0.28,327,303,293,328,317
2.50,-4.42,-4.42,-0.05,-0.04,-0.02,327,303,293,328,317
1.90,-4.08,-4.08,0.07,-0.03,0.12,327,303,294,328,316
2.79,-4.67,-4.67,0.03,0.09,0.04,327,303,292,327,316
2.37,-4.53,-4.53,0.08,-0.01,0.12,327,303,294,328,317
1.67,-4.50,-4.50,0.04,-0.07,0.17,327,303,293,328,316
1.72,-4.55,-4.55,-0.01,0.08,0.07,327,303,293,328,316
2.15,-3.98,-3.98,0.01,0.02,0.15,327,303,294,328,317
3.32,-4.39,-4.39,0.06,0.14,-0.15,327,303,292,327,316
2.84,-3.84,-3.84,0.00,-0.15,0.10,327,303,294,328,317
0.29,-3.40,-3.40,0.05,-0.10,0.18,327,303,293,327,317
1.08,-4.52,-4.52,0.14,0.11,0.08,327,303,293,327,317
2.35,-5.24,-5.24,0.00,0.21,-0.04,326,303,293,327,317
3.87,-5.29,-5.29,-0.03,0.23,-0.19,327,303,293,327,317
END
3.02,-4.24,-4.24,0.03,0.00,0.05,327,303,293,328,317
2.86,-4.32,-4.32,0.10,-0.09,-0.06,327,303,294,328,317
2.31,-4.16,-4.16,-0.05,-0.08,-0.05,327,303,293,327,317
1.84,-4.24,-4.24,0.04,0.06,0.00,327,303,293,328,317
2.20,-4.28,-4.28,-0.09,0.04,0.01,327,303,293,328,318
2.17,-3.94,-3.94,-0.01,0.10,0.12,327,304,293,328,318
0.55,-3.76,-3.76,-0.10,0.02,0.30,327,303,293,328,318
1.57,-4.31,-4.31,-0.13,0.09,0.26,327,303,293,328,317
1.18,-4.06,-4.06,0.10,-0.05,0.54,327,304,293,328,317
2.63,-5.27,-5.27,-0.06,0.17,0.05,327,303,293,328,317
2.02,-4.53,-4.53,0.01,-0.02,0.35,327,303,293,328,317
1.21,-3.85,-3.85,-0.05,0.00,0.22,327,303,293,328,317
1.22,-4.21,-4.21,0.04,0.10,0.24,327,303,293,328,317
1.15,-4.67,-4.67,0.04,0.15,0.13,327,303,293,328,317
2.23,-4.19,-4.19,-0.05,0.14,0.08,327,303,293,328,317
1.18,-3.83,-3.83,0.02,0.09,0.22,327,303,293,327,317
1.71,-3.97,-3.97,-0.04,0.12,0.02,327,303,293,328,317
0.18,-3.19,-3.19,0.18,0.15,0.29,327,303,293,327,317
3.42,-5.55,-5.55,-0.03,0.32,-0.26,327,302,293,327,317
2.57,-4.46,-4.46,0.23,0.08,0.24,327,303,293,327,317
2.56,-4.80,-4.80,0.11,0.21,-0.12,327,303,292,327,317
2.83,-6.07,-6.07,0.27,0.14,0.10,327,303,293,327,317
2.48,-5.46,-5.46,0.13,0.10,-0.03,327,303,292,327,316
2.10,-5.20,-5.20,0.18,0.11,0.04,327,302,293,327,317
2.37,-5.05,-5.05,0.25,0.12,0.02,327,303,293,327,317
2.58,-5.68,-5.68,0.10,0.11,-0.02,326,302,292,327,316
3.67,-6.35,-6.35,0.14,0.11,0.04,326,302,293,327,317
3.21,-6.01,-6.01,0.02,0.06,-0.02,326,302,293,327,317
3.13,-6.04,-6.04,0.04,0.16,-0.06,326,302,293,327,317
2.86,-5.90,-5.90,0.07,0.08,0.02,326,302,293,327,317
3.29,-6.13,-6.13,0.10,0.15,-0.06,326,302,293,326,317
3.80,-6.55,-6.55,0.11,0.01,0.01,325,302,293,327,317
3.45,-6.51,-6.51,0.13,0.07,-0.05,326,302,292,327,317
3.33,-6.24,-6.24,0.03,-0.05,0.04,326,302,293,327,317
3.27,-6.27,-6.27,-0.03,0.02,-0.12,326,302,293,327,317
END
3.15,-6.16,-6.16,0.03,-0.02,-0.02,327,303,293,327,317
3.14,-3.28,-3.28,0.17,0.17,0.02,327,303,293,327,317
3.44,-3.17,-3.17,-0.01,-0.02,-0.02,327,303,293,327,317
2.01,-3.14,-3.14,0.13,-0.00,-0.01,327,303,293,327,317
2.26,-3.73,-3.73,0.05,0.06,-0.04,327,303,293,327,317
2.45,-3.68,-3.68,0.00,0.07,-0.05,327,303,293,327,317
2.12,-3.59,-3.59,0.06,0.08,0.14,327,302,293,327,317
3.00,-3.98,-3.98,0.00,0.13,-0.01,328,303,293,327,317
2.85,-3.53,-3.53,-0.09,-0.04,0.04,327,303,293,327,318
2.44,-3.41,-3.41,-0.02,-0.00,0.12,327,303,293,327,317
2.62,-4.01,-4.01,0.00,0.02,0.06,327,303,293,327,317
2.69,-4.14,-4.14,-0.01,-0.02,0.20,327,303,293,327,317
2.31,-3.32,-3.32,0.05,0.05,0.12,328,303,293,326,317
1.49,-2.42,-2.42,0.07,-0.02,0.18,327,303,293,327,317
1.95,-4.14,-4.14,0.10,0.23,0.02,327,303,293,327,317
1.71,-3.38,-3.38,-0.03,0.11,-0.01,328,303,293,327,317
3.48,-5.05,-5.05,-0.05,0.26,0.07,327,303,293,327,317
3.72,-3.21,-3.21,-0.03,0.15,0.10,327,303,293,327,317
3.39,-4.08,-4.08,0.06,0.14,0.17,327,303,294,327,317
4.07,-4.20,-4.20,0.09,0.08,-0.02,327,303,293,327,317
2.94,-4.28,-4.28,0.11,0.03,0.12,327,303,293,327,317
3.65,-4.17,-4.17,0.03,0.13,-0.15,327,303,293,327,317
2.81,-4.15,-4.15,0.11,0.03,0.12,327,303,293,327,317
3.41,-4.20,-4.20,0.06,0.14,-0.20,327,303,293,327,317
3.40,-4.57,-4.57,0.11,0.05,0.10,327,303,293,327,317
4.06,-4.56,-4.56,-0.05,0.04,-0.04,327,304,293,327,317
3.27,-4.38,-4.38,0.00,-0.09,0.10,327,304,293,327,317
3.42,-4.52,-4.52,0.03,-0.01,0.02,327,304,293,327,317
2.53,-4.08,-4.08,-0.11,-0.06,0.07,327,304,293,327,317
1.91,-4.08,-4.08,0.21,0.01,0.17,327,304,293,327,317
3.80,-4.57,-4.57,-0.07,0.17,-0.15,327,303,293,327,317
3.71,-4.41,-4.41,0.34,0.27,0.13,327,303,293,327,317
3.71,-4.86,-4.86,0.17,0.07,0.29,327,303,293,327,317
4.21,-5.36,-5.36,0.19,0.05,0.04,327,303,293,327,317
4.47,-5.66,-5.66,0.01,-0.02,0.07,327,303,293,327,317
END
3.91,-5.43,-5.43,-0.19,-0.05,-0.12,327,303,293,327,317
3.45,-2.67,-2.67,0.02,0.04,0.19,327,303,293,327,316
2.29,-3.04,-3.04,0.10,-0.02,0.25,327,303,293,327,316
2.44,-3.55,-3.55,0.08,0.04,0.20,327,303,293,327,316
2.63,-3.40,-3.40,0.01,-0.02,0.26,327,303,293,327,316
1.55,-2.80,-2.80,0.01,0.02,0.23,327,303,293,327,316
1.11,-3.46,-3.46,-0.00,0.04,0.32,327,304,293,327,316
2.54,-3.59,-3.59,0.01,0.19,0.10,327,303,295,327,316
1.91,-3.55,-3.55,-0.23,-0.15,0.37,327,303,294,327,316
1.69,-3.03,-3.03,-0.10,0.14,0.09,327,303,293,327,316
2.30,-2.76,-2.76,-0.01,-0.03,0.12,327,303,293,327,316
1.77,-2.89,-2.89,0.11,-0.00,0.07,327,304,293,327,316
2.27,-3.57,-3.57,0.17,0.06,-0.04,327,303,293,327,316
2.36,-3.10,-3.10,0.11,-0.03,0.09,327,303,293,327,316
1.47,-3.88,-3.88,0.13,0.06,0.04,327,303,293,327,317
2.96,-4.22,-4.22,0.05,0.10,0.01,327,303,294,327,317
1.10,-3.46,-3.46,0.14,0.01,0.17,327,303,293,327,316
2.58,-3.65,-3.65,0.05,0.11,-0.07,327,303,293,327,316
1.29,-3.75,-3.75,0.26,0.10,0.22,327,303,293,327,316
3.22,-4.64,-4.64,0.07,0.21,-0.15,327,303,293,327,316
1.36,-3.84,-3.84,0.09,0.08,0.26,327,303,293,327,316
3.85,-5.27,-5.27,-0.10,0.31,-0.16,326,303,293,327,316
3.20,-3.87,-3.87,-0.13,0.03,0.31,326,303,293,327,316
3.60,-3.96,-3.96,-0.12,0.10,-0.05,326,303,293,327,316
3.33,-4.21,-4.21,0.07,-0.13,0.08,326,303,293,327,316
2.03,-3.96,-3.96,-0.05,-0.04,0.04,326,302,293,327,316
2.86,-3.90,-3.90,0.07,0.00,0.01,326,303,293,327,316
2.10,-3.87,-3.87,0.05,-0.02,0.02,326,303,293,327,316
2.89,-3.96,-3.96,0.10,0.12,-0.05,326,303,293,327,316
2.40,-4.03,-4.03,0.21,-0.08,0.12,326,303,293,327,317
2.60,-5.11,-5.11,0.04,0.05,-0.02,326,303,293,327,317
1.49,-3.55,-3.55,0.05,0.02,0.05,326,303,293,327,317
1.85,-4.39,-4.39,0.18,0.16,0.02,327,303,293,327,316
2.58,-4.82,-4.82,0.14,0.17,-0.07,326,303,293,327,317
2.55,-5.73,-5.73,0.31,0.19,0.09,326,302,293,327,317
END
4.60,-6.07,-6.07,0.02,0.18,-0.14,325,303,293,327,316
2.85,-4.69,-4.69,0.06,-0.02,0.05,324,303,293,327,316
3.36,-4.77,-4.77,0.03,-0.05,0.00,324,302,293,327,316
2.92,-4.69,-4.69,0.01,0.06,-0.01,324,303,293,327,316
3.43,-4.54,-4.54,-0.02,-0.01,0.04,324,303,293,327,316
2.51,-4.92,-4.92,0.04,0.07,0.10,324,303,293,327,316
2.69,-4.39,-4.39,-0.09,0.02,0.25,324,303,293,327,316
2.26,-3.84,-3.84,-0.13,-0.00,0.23,325,303,293,327,316
2.81,-5.03,-5.03,-0.08,0.05,0.20,325,303,293,327,316
2.93,-4.63,-4.63,-0.03,-0.05,0.28,325,303,293,327,316
2.15,-5.02,-5.02,0.11,0.06,0.15,325,303,293,327,316
3.09,-4.87,-4.87,-0.01,-0.04,0.06,324,303,293,327,316
1.37,-4.93,-4.93,0.16,-0.02,0.22,325,302,293,327,316
1.31,-5.16,-5.16,0.00,-0.02,0.18,325,303,292,327,316
1.86,-5.15,-5.15,0.08,0.21,0.09,325,303,293,327,316
2.43,-5.07,-5.07,0.03,0.07,0.16,324,303,293,327,316
2.18,-5.00,-5.00,0.02,0.10,0.04,324,303,292,327,316
1.37,-4.42,-4.42,0.07,0.05,0.13,324,303,293,327,316
1.79,-5.38,-5.38,0.09,0.21,-0.07,324,303,292,327,316
2.66,-5.37,-5.37,-0.10,0.07,0.02,325,303,293,327,316
2.59,-5.56,-5.56,-0.00,0.19,0.25,325,303,293,327,316
4.24,-5.32,-5.32,-0.09,0.07,-0.09,325,303,293,327,316
1.92,-4.70,-4.70,0.18,0.00,0.18,325,303,293,327,316
2.73,-6.02,-6.02,0.14,0.15,-0.09,325,303,293,327,317
2.39,-4.95,-4.95,-0.01,0.02,0.11,325,303,293,327,316
1.44,-5.08,-5.08,0.09,0.15,0.06,325,302,293,327,316
3.26,-6.08,-6.08,0.00,0.19,-0.08,325,303,293,327,316
2.60,-5.28,-5.28,0.00,0.03,0.05,325,303,293,327,316
3.29,-5.69,-5.69,-0.14,0.10,-0.10,326,303,293,327,316
2.13,-4.54,-4.54,-0.03,0.00,0.11,325,303,293,327,316
2.15,-4.11,-4.11,0.04,-0.03,0.01,325,303,293,327,316
2.73,-4.94,-4.94,0.29,-0.05,0.19,325,303,293,327,316
2.87,-6.33,-6.33,0.39,0.05,0.12,325,303,293,327,316
3.72,-7.40,-7.40,0.14,0.11,-0.01,326,303,292,327,316
2.88,-6.44,-6.44,0.01,0.19,-0.12,326,303,293,326,317
END
3.09,-6.49,-6.49,-0.05,0.13,-0.12,326,303,293,328,316
3.01,-3.28,-3.28,-0.02,-0.11,-0.01,326,303,294,328,316
1.77,-3.59,-3.59,0.06,0.05,-0.05,326,303,293,328,316
3.11,-3.49,-3.49,0.02,-0.00,-0.15,327,304,294,328,316
2.32,-3.69,-3.69,0.07,0.08,-0.05,326,303,294,328,316
3.68,-3.72,-3.72,0.02,-0.01,-0.15,327,304,294,328,316
1.52,-3.45,-3.45,0.04,-0.09,0.17,327,304,294,328,316
2.46,-3.93,-3.93,0.10,0.05,-0.05,326,303,294,328,316
2.96,-4.47,-4.47,0.18,0.03,0.06,326,304,294,327,316
1.95,-3.73,-3.73,-0.06,-0.12,0.33,326,304,294,328,316
2.46,-3.92,-3.92,-0.04,-0.00,0.02,326,303,294,328,316
1.67,-3.74,-3.74,0.05,0.01,0.29,326,303,294,328,316
2.30,-4.14,-4.14,0.03,0.04,0.07,326,303,294,327,316
1.26,-3.90,-3.90,0.04,0.03,0.34,326,303,294,328,316
1.53,-4.21,-4.21,0.12,0.08,0.05,326,303,294,328,316
1.83,-5.34,-5.34,0.17,0.14,0.10,326,303,294,327,316
2.00,-5.07,-5.07,0.06,0.10,0.06,326,303,294,327,316
2.55,-4.80,-4.80,0.10,0.29,0.04,325,304,294,328,316
2.63,-4.01,-4.01,-0.06,0.06,0.13,326,303,294,328,316
2.38,-4.64,-4.64,0.11,0.22,-0.07,326,303,294,328,316
3.09,-4.67,-4.67,-0.02,0.03,0.06,326,303,294,327,316
2.82,-5.79,-5.79,0.08,0.14,0.01,326,303,294,328,316
3.12,-4.74,-4.74,-0.18,-0.05,0.01,326,303,294,327,316
2.76,-4.98,-4.98,0.02,0.15,-0.02,326,303,293,327,316
2.94,-4.21,-4.21,-0.04,-0.08,0.03,326,303,294,327,314
1.60,-4.33,-4.33,0.09,-0.03,0.11,326,303,293,327,316
3.08,-5.01,-5.01,0.16,0.04,-0.01,326,303,293,327,316
2.32,-5.02,-5.02,0.15,0.01,0.03,325,303,293,327,316
2.49,-4.83,-4.83,0.12,0.04,0.01,325,303,293,327,316
1.50,-5.25,-5.25,0.25,0.12,0.20,325,303,293,327,316
3.07,-5.64,-5.64,0.01,0.13,-0.06,325,303,293,327,316
2.36,-5.68,-5.68,0.04,0.09,0.11,325,303,293,327,316
3.34,-5.32,-5.32,-0.10,0.08,-0.13,325,303,293,327,316
1.64,-4.54,-4.54,0.10,0.00,0.19,325,302,293,327,316
3.07,-5.29,-5.29,0.09,-0.03,-0.05,325,300,293,327,316
END
2.37,-5.61,-5.61,0.25,0.06,0.09,327,303,293,327,316
3.47,-5.45,-5.45,-0.04,-0.02,-0.04,327,303,293,328,317
2.46,-5.41,-5.41,-0.03,0.02,0.10,327,303,293,328,317
3.05,-5.28,-5.28,-0.04,0.05,0.01,327,303,293,328,316
2.68,-5.41,-5.41,-0.08,0.00,0.24,327,303,293,328,316
3.04,-5.13,-5.13,-0.05,0.08,0.03,327,303,293,328,316
2.51,-5.09,-5.09,0.04,0.09,0.26,327,303,293,328,316
2.71,-5.31,-5.31,0.15,0.09,0.03,327,303,293,328,316
3.10,-5.64,-5.64,0.06,0.09,0.15,326,303,294,327,316
2.74,-5.66,-5.66,0.02,-0.07,0.12,326,303,293,328,316
2.04,-5.79,-5.79,0.10,0.05,0.20,326,302,293,328,316
2.61,-6.10,-6.10,0.05,0.06,0.06,326,303,293,328,316
1.98,-5.53,-5.53,0.14,0.10,0.21,326,303,293,328,316
2.12,-6.06,-6.06,0.12,0.18,0.04,325,303,293,327,316
2.73,-6.30,-6.30,0.06,0.16,0.09,325,303,293,327,316
3.22,-6.12,-6.12,0.08,0.15,-0.03,325,303,293,327,316
2.36,-5.69,-5.69,0.13,0.14,0.15,325,303,293,327,316
2.98,-6.35,-6.35,0.09,0.18,-0.08,325,303,293,327,317
2.92,-6.28,-6.28,0.12,0.09,0.14,325,303,293,327,317
2.82,-7.01,-7.01,0.15,0.16,0.00,325,303,293,327,316
2.45,-6.38,-6.38,0.08,0.08,0.07,325,303,293,327,316
2.68,-6.81,-6.81,0.16,0.24,-0.04,325,303,293,327,316
3.17,-6.63,-6.63,0.09,0.10,0.03,325,303,293,327,316
3.03,-7.14,-7.14,0.18,0.18,0.04,325,303,293,327,316
3.89,-7.31,-7.31,-0.02,0.07,0.02,325,303,293,327,317
2.94,-6.53,-6.53,-0.04,0.09,0.02,325,303,293,327,316
3.47,-7.00,-7.00,-0.03,0.06,0.03,325,303,293,327,316
3.13,-6.70,-6.70,-0.19,-0.05,0.07,325,303,293,327,316
2.78,-6.68,-6.68,-0.18,-0.12,0.16,325,302,293,327,316
3.01,-6.77,-6.77,-0.17,0.01,-0.09,325,303,293,327,316
2.54,-5.89,-5.89,-0.16,-0.20,0.26,325,303,293,327,316
2.12,-6.82,-6.82,0.09,0.21,-0.07,326,303,293,327,316
3.55,-6.63,-6.63,-0.00,0.07,-0.01,326,303,293,327,316
2.51,-6.35,-6.35,-0.23,-0.13,0.02,325,303,293,327,316
2.39,-6.13,-6.13,-0.03,0.05,0.03,325,303,293,327,316
END
4.18,-7.19,-7.19,0.10,0.13,-0.13,326,303,294,328,317
3.19,-4.62,-4.62,-0.02,-0.00,-0.04,326,303,294,328,317
3.79,-4.31,-4.31,0.02,-0.03,-0.10,326,304,293,327,317
2.10,-4.60,-4.60,0.02,-0.08,0.15,326,304,294,328,317
2.49,-4.42,-4.42,0.02,0.08,0.08,326,303,293,328,317
2.88,-4.54,-4.54,0.04,0.17,0.29,326,303,294,328,316
3.17,-4.44,-4.44,-0.26,-0.02,0.22,326,303,294,328,316
3.37,-4.57,-4.57,-0.03,0.02,0.19,326,304,294,328,317
3.65,-5.03,-5.03,0.05,0.03,0.09,326,303,294,328,316
2.74,-4.28,-4.28,0.01,-0.05,0.12,326,303,294,328,316
1.21,-3.81,-3.81,0.15,0.00,0.19,326,303,294,328,316
2.30,-4.82,-4.82,0.10,0.14,0.04,326,304,294,328,317
3.17,-5.02,-5.02,0.13,0.16,0.03,326,303,293,328,316
2.25,-5.25,-5.25,0.07,0.08,0.21,326,303,294,327,316
2.96,-5.25,-5.25,-0.02,0.15,-0.08,326,303,294,328,316
2.25,-5.20,-5.20,-0.07,0.02,0.19,326,303,294,325,316
2.63,-5.08,-5.08,-0.08,0.10,-0.04,325,303,294,327,316
2.51,-4.63,-4.63,0.06,0.05,0.07,326,303,293,327,316
2.83,-5.22,-5.22,0.04,0.07,-0.04,326,303,294,327,316
3.13,-4.78,-4.78,0.12,-0.04,0.05,326,304,294,327,316
2.76,-5.15,-5.15,0.02,-0.04,0.02,326,304,294,328,316
3.29,-5.43,-5.43,-0.09,-0.03,-0.09,326,303,294,328,316
2.06,-4.73,-4.73,-0.16,-0.06,0.00,326,304,294,328,316
3.02,-5.72,-5.72,-0.02,0.16,-0.13,326,303,294,328,316
4.11,-5.23,-5.23,-0.06,0.05,-0.00,327,303,293,328,316
2.63,-4.13,-4.13,0.02,0.04,0.01,326,303,294,327,316
1.84,-4.86,-4.86,0.04,-0.04,0.20,326,303,293,327,316
2.65,-4.54,-4.54,-0.15,-0.01,-0.02,326,303,293,327,317
2.46,-5.13,-5.13,-0.10,0.03,0.20,326,303,293,327,316
2.94,-4.91,-4.91,-0.06,0.16,0.05,326,303,294,327,317
2.91,-4.51,-4.51,0.07,0.19,0.08,325,303,293,327,317
2.21,-4.78,-4.78,0.25,0.23,0.09,325,303,293,327,317
4.13,-5.33,-5.33,0.09,0.15,0.04,325,302,293,327,316
3.01,-4.81,-4.81,0.23,0.11,0.15,325,302,293,327,317
4.38,-5.58,-5.58,0.16,0.08,-0.01,325,302,293,327,317
END
2.49,-5.09,-5.09,0.20,-0.07,0.24,325,304,293,327,317
1.79,-3.41,-3.41,0.15,-0.08,0.20,325,304,293,328,317
2.53,-3.26,-3.26,0.07,0.09,-0.05,325,304,292,328,317
2.56,-2.44,-2.44,0.14,-0.02,0.35,325,303,293,328,317
2.70,-3.90,-3.90,0.17,0.14,0.10,325,303,293,327,317
3.40,-3.69,-3.69,0.10,0.01,0.16,325,304,293,328,317
1.87,-4.19,-4.19,0.22,0.10,0.26,325,304,293,328,317
3.15,-3.54,-3.54,-0.01,0.04,0.04,325,304,293,328,317
2.22,-3.93,-3.93,0.13,-0.01,0.27,325,303,293,328,317
3.16,-4.71,-4.71,0.09,0.00,0.02,325,304,293,328,317
2.51,-4.74,-4.74,-0.02,-0.12,0.19,325,303,293,328,317
0.77,-3.66,-3.66,0.00,-0.02,0.17,324,303,293,328,317
1.58,-4.52,-4.52,-0.05,0.05,0.16,324,304,293,328,316
0.57,-3.22,-3.22,0.05,0.03,0.20,324,303,293,328,316
1.80,-5.21,-5.21,0.01,0.04,0.15,325,303,293,328,316
2.33,-4.61,-4.61,-0.01,0.16,0.00,325,303,293,328,317
3.28,-4.62,-4.62,0.04,0.12,0.08,325,303,293,328,317
3.45,-4.93,-4.93,-0.09,0.03,0.02,325,303,292,328,317
2.73,-4.48,-4.48,0.09,0.06,0.15,325,303,293,327,317
2.34,-4.92,-4.92,-0.06,-0.04,0.12,325,303,293,327,317
2.44,-4.81,-4.81,-0.01,0.03,-0.06,325,303,293,328,317
1.38,-4.18,-4.18,-0.00,-0.08,0.12,325,303,292,327,316
1.60,-4.51,-4.51,0.06,0.15,-0.04,325,302,293,327,317
1.95,-3.91,-3.91,0.01,0.10,-0.00,324,303,293,327,317
2.42,-4.41,-4.41,0.05,0.28,-0.14,325,303,293,327,317
3.81,-5.02,-5.02,0.07,0.19,-0.02,325,303,293,327,317
2.09,-4.55,-4.55,0.10,-0.03,0.25,325,303,293,327,317
2.90,-5.31,-5.31,0.13,0.16,0.10,325,303,293,328,317
2.91,-4.94,-4.94,0.07,0.02,0.17,325,303,293,327,317
1.82,-4.93,-4.93,0.06,0.23,0.04,325,303,293,327,317
2.81,-5.00,-5.00,0.02,0.27,0.04,325,303,293,327,317
2.83,-5.39,-5.39,0.10,0.14,0.18,325,303,293,327,317
3.52,-5.63,-5.63,0.11,0.12,0.13,325,303,293,327,317
3.18,-6.25,-6.25,0.20,0.00,0.11,325,303,293,327,317
3.01,-5.99,-5.99,0.04,0.02,0.02,325,303,293,327,316
END
3.26,-5.70,-5.70,-0.04,0.16,-0.18,327,303,294,328,317
3.31,-4.04,-4.04,0.02,-0.02,-0.06,327,304,294,328,316
3.01,-4.09,-4.09,0.05,0.00,0.00,327,303,294,328,316
3.63,-4.28,-4.28,0.04,-0.00,0.01,327,303,294,328,316
3.50,-4.39,-4.39,0.12,0.02,0.06,327,303,294,328,316
3.29,-4.20,-4.20,0.03,-0.02,0.01,327,303,294,328,316
2.77,-4.47,-4.47,0.08,0.02,0.17,326,303,294,328,316
2.68,-4.60,-4.60,-0.01,-0.01,0.14,327,303,294,328,316
0.85,-4.52,-4.52,-0.15,-0.11,0.51,326,303,294,328,316
2.65,-4.81,-4.81,-0.16,0.13,0.10,326,302,294,327,316
3.59,-4.52,-4.52,-0.01,0.06,0.33,326,303,294,327,316
3.31,-4.57,-4.57,0.01,0.06,0.21,326,303,294,327,316
2.62,-4.34,-4.34,0.20,0.06,0.17,325,303,293,327,316
3.04,-5.13,-5.13,0.17,0.08,0.05,325,303,293,328,316
2.10,-5.02,-5.02,0.14,0.08,0.25,325,303,293,328,316
2.86,-5.36,-5.36,0.00,0.07,-0.06,325,303,293,328,316
1.74,-4.92,-4.92,0.27,0.18,0.23,325,303,293,328,316
3.73,-5.94,-5.94,-0.00,0.16,-0.17,325,302,293,328,316
1.95,-5.25,-5.25,0.22,0.13,0.23,325,303,293,328,316
2.57,-5.67,-5.67,0.06,0.14,-0.04,325,302,293,328,316
2.17,-5.93,-5.93,0.15,0.05,0.23,325,303,293,327,316
3.11,-6.51,-6.51,0.02,0.18,-0.14,325,303,293,327,316
3.15,-5.40,-5.40,-0.04,0.02,0.11,325,303,293,328,316
3.01,-5.34,-5.34,-0.07,0.06,-0.12,325,302,293,328,316
2.82,-5.48,-5.48,-0.20,-0.05,0.05,325,302,293,328,316
2.40,-5.22,-5.22,0.01,0.20,-0.09,325,303,293,328,316
2.90,-5.20,-5.20,-0.04,0.05,0.03,325,303,294,327,316
2.01,-5.47,-5.47,0.16,0.16,0.26,325,302,293,328,317
4.72,-6.55,-6.55,0.14,0.12,0.06,325,303,293,328,316
3.64,-6.36,-6.36,0.06,-0.01,0.13,325,302,293,327,316
3.24,-6.07,-6.07,0.05,0.02,0.11,325,302,293,327,317
2.82,-5.90,-5.90,-0.01,-0.14,0.39,325,302,293,327,317
0.30,-5.55,-5.55,0.02,-0.01,0.19,325,303,293,327,315
2.79,-6.48,-6.48,-0.15,0.23,-0.29,324,302,293,327,317
2.29,-6.04,-6.04,0.03,0.35,-0.09,325,302,293,327,317
END
3.97,-6.30,-6.30,-0.11,0.27,-0.16,327,303,295,329,316
3.01,-3.99,-3.99,-0.09,-0.18,-0.17,327,303,295,329,317
2.96,-3.78,-3.78,0.01,-0.16,0.12,327,303,295,329,317
2.18,-4.06,-4.06,-0.21,-0.12,0.14,327,303,294,329,317
3.15,-3.57,-3.57,0.10,0.10,0.20,327,303,294,328,317
3.00,-4.44,-4.44,0.18,0.05,0.24,327,303,294,329,317
3.21,-4.67,-4.67,-0.20,-0.10,0.19,328,303,294,328,317
2.29,-3.76,-3.76,-0.53,-0.37,0.43,333,303,294,329,317
3.04,-4.45,-4.45,0.20,-0.03,0.26,332,302,294,328,317
2.47,-3.54,-3.54,-0.04,-0.13,0.04,328,303,294,328,317
1.90,-4.21,-4.21,0.05,-0.04,0.15,327,303,294,328,317
1.08,-3.19,-3.19,0.13,-0.11,0.15,327,303,294,328,317
0.75,-4.34,-4.34,0.04,-0.11,0.09,327,303,294,328,317
2.84,-4.68,-4.68,-0.23,-0.06,-0.20,326,302,294,328,318
1.23,-3.69,-3.69,0.07,0.12,0.12,326,302,294,327,318
2.40,-3.78,-3.78,-0.10,0.15,-0.14,326,302,293,328,318
2.43,-4.13,-4.13,0.26,0.24,0.04,326,303,294,328,318
1.92,-3.90,-3.90,0.16,0.13,0.13,326,302,294,327,318
2.50,-5.27,-5.27,0.11,0.13,0.12,326,302,293,328,318
2.14,-4.54,-4.54,0.16,0.21,0.21,325,302,294,328,318
2.14,-4.64,-4.64,-0.02,0.06,0.18,325,302,294,328,318
2.15,-4.21,-4.21,0.12,0.27,0.12,325,302,293,328,318
3.29,-4.34,-4.34,-0.01,0.07,0.05,325,302,293,328,318
2.65,-4.21,-4.21,0.17,0.13,0.05,324,302,293,327,318
3.80,-4.71,-4.71,0.11,0.01,0.09,325,302,294,328,318
2.63,-4.57,-4.57,0.08,0.06,0.02,324,302,293,328,318
2.93,-5.16,-5.16,-0.07,0.05,0.01,324,302,293,328,317
2.45,-4.97,-4.97,-0.02,0.01,-0.04,324,302,293,328,317
1.90,-4.20,-4.20,0.06,-0.01,0.01,324,302,293,327,317
2.51,-5.08,-5.08,0.14,-0.04,-0.04,324,302,293,328,318
2.22,-5.06,-5.06,0.10,-0.03,0.09,324,301,293,328,318
2.51,-5.16,-5.16,0.12,0.03,0.10,325,302,293,328,318
1.88,-5.03,-5.03,0.01,0.03,0.03,325,302,293,328,318
1.71,-5.14,-5.14,0.09,0.16,0.04,325,302,293,328,318
2.89,-5.33,-5.33,0.01,0.21,-0.03,325,302,294,327,318
END
3.57,-5.15,-5.15,0.09,0.21,-0.21,327,303,293,328,317
1.74,-2.35,-2.35,0.27,-0.02,-0.03,326,303,293,328,317
0.89,-2.37,-2.37,0.26,-0.04,0.22,326,302,294,328,317
1.49,-3.23,-3.23,0.14,0.12,0.05,326,303,293,328,317
2.48,-3.35,-3.35,0.25,0.09,0.13,326,303,293,328,318
2.84,-3.41,-3.41,0.15,0.07,0.03,326,302,293,328,317
3.01,-3.65,-3.65,0.21,0.04,0.06,326,303,293,328,317
1.68,-3.51,-3.51,0.11,0.02,0.01,326,303,293,328,317
2.05,-3.63,-3.63,0.12,0.08,-0.07,326,302,294,328,317
1.62,-3.90,-3.90,0.18,0.08,0.09,326,303,293,328,317
2.29,-3.92,-3.92,-0.05,0.03,-0.03,326,303,293,328,317
2.63,-4.07,-4.07,0.03,-0.09,0.16,325,302,292,328,317
2.15,-4.07,-4.07,-0.04,-0.07,0.05,326,303,293,328,317
1.55,-3.50,-3.50,-0.07,-0.09,0.18,326,302,293,328,317
1.51,-3.90,-3.90,0.07,0.12,0.06,326,303,294,328,316
3.03,-4.59,-4.59,0.15,0.24,-0.04,326,303,295,328,317
1.92,-3.35,-3.35,-0.09,0.02,0.09,326,303,294,328,317
0.96,-2.63,-2.63,0.21,0.18,0.19,326,303,294,328,317
2.94,-4.14,-4.14,0.04,0.24,-0.08,326,303,294,328,317
2.63,-3.90,-3.90,0.18,0.21,0.06,326,303,293,328,317
3.16,-4.68,-4.68,0.07,0.22,-0.02,326,303,293,328,317
2.66,-4.15,-4.15,0.05,0.16,-0.01,326,303,293,328,317
4.33,-5.07,-5.07,0.16,0.30,-0.10,326,303,293,328,317
3.76,-4.23,-4.23,-0.12,0.09,-0.04,326,303,295,327,317
3.42,-4.11,-4.11,0.14,0.15,-0.07,326,303,293,328,317
3.13,-4.29,-4.29,0.27,0.08,0.27,326,303,294,328,317
4.49,-5.61,-5.61,0.25,0.19,0.01,326,303,293,328,317
3.09,-5.10,-5.10,0.15,0.18,0.09,325,303,294,328,317
3.82,-5.66,-5.66,0.07,0.21,-0.06,326,302,294,328,317
END