-1.18,-5.96,-7.93,0.03,-0.00,-0.01,512,461,455,344,350
-1.36,-5.20,-8.36,-0.02,0.02,-0.06,512,461,456,345,350
-1.50,-5.38,-8.26,0.03,-0.01,0.05,512,461,456,344,350
-1.42,-5.23,-8.15,0.01,-0.06,-0.04,512,461,456,345,350
-2.02,-5.20,-8.19,0.04,-0.04,-0.07,512,461,456,345,350
-1.92,-4.90,-7.84,0.05,-0.02,-0.08,512,461,456,345,350
-2.20,-4.04,-7.24,0.21,0.05,-0.13,513,461,456,345,350
-1.94,-3.07,-5.93,0.46,0.13,-0.17,512,461,456,345,350
-2.55,-3.03,-4.80,0.83,0.36,-0.45,512,461,455,344,350
-0.62,-6.70,-4.10,0.96,0.55,-0.62,512,461,455,344,350
0.10,-9.56,-3.82,1.27,0.94,-0.43,512,461,456,345,350
1.10,-9.22,-3.55,0.99,0.95,-0.77,513,461,456,345,349
3.95,-9.41,-1.67,1.21,1.08,-0.87,514,461,457,345,350
3.85,-9.75,0.06,0.65,1.01,-0.44,513,461,457,344,350
3.95,-10.47,0.11,0.66,1.26,-0.14,514,461,456,345,350
4.71,-10.75,1.69,0.38,1.19,-0.13,514,461,456,345,350
4.49,-11.03,2.37,0.09,1.17,-0.13,513,461,457,345,350
4.63,-11.55,2.68,-0.22,1.22,0.03,513,460,456,345,350
5.02,-11.82,1.97,-0.59,1.12,-0.01,513,460,457,345,350
5.38,-11.91,1.43,-0.81,1.00,0.12,513,451,457,345,350
5.79,-11.92,0.77,-1.09,0.69,0.08,512,458,456,345,350
4.99,-10.65,-0.57,-1.35,0.40,0.23,512,459,456,345,350
3.94,-9.66,-1.99,-1.42,0.09,0.20,512,460,456,345,350
2.79,-8.44,-3.64,-1.39,0.02,0.41,512,459,456,345,350
2.17,-6.63,-4.25,-1.24,-0.09,0.38,512,458,456,345,350
1.21,-5.64,-5.16,-0.97,-0.03,0.38,512,444,456,345,350
1.54,-5.68,-5.97,-0.93,-0.14,0.32,512,451,456,345,350
0.49,-5.46,-6.70,-0.72,-0.11,0.31,512,454,456,345,350
0.31,-5.41,-7.15,-0.72,-0.07,0.31,512,443,456,344,350
-0.27,-4.85,-7.34,-0.81,-0.14,0.27,512,445,456,345,350
-0.96,-3.50,-8.39,-0.62,-0.01,0.32,512,460,456,345,350
-0.76,-2.28,-8.77,-0.63,-0.05,0.21,512,460,456,345,350
-0.04,-0.82,-8.64,-0.42,-0.07,0.15,512,460,456,344,350
-2.48,-0.57,-10.84,-0.20,0.06,0.23,512,460,456,345,350
-1.75,0.39,-9.87,0.06,0.17,0.02,512,460,455,344,350
-0.56,-1.38,-9.76,0.17,0.09,-0.10,512,460,455,345,350
END
-1.03,-2.36,-9.90,0.21,0.06,-0.04,513,448,455,344,349
-1.66,-6.78,-6.90,-0.03,0.00,-0.05,513,443,455,344,349
-1.83,-6.26,-7.03,-0.01,0.00,-0.03,513,434,455,345,348
-1.61,-6.50,-7.00,0.00,-0.01,-0.03,513,439,455,345,348
-1.66,-6.44,-7.11,0.01,-0.01,-0.04,513,433,455,344,348
-1.59,-5.74,-7.27,0.04,-0.04,-0.15,512,443,455,345,348
-1.90,-3.63,-6.76,0.24,-0.01,-0.18,513,439,455,344,348
-1.92,-2.35,-5.45,0.50,0.06,-0.29,512,459,455,344,349
-2.29,-4.11,-3.51,0.84,0.35,-0.45,512,452,454,344,348
-0.98,-7.09,-1.11,1.04,0.54,-0.57,512,451,455,344,348
-0.27,-7.77,-2.17,1.28,0.83,-0.49,512,449,455,344,348
1.56,-12.19,0.06,1.12,0.82,-0.55,513,451,455,344,348
2.88,-14.00,0.46,0.66,0.98,-0.34,513,455,455,344,349
3.50,-11.52,-0.39,0.33,1.07,-0.07,512,457,455,344,349
2.74,-10.24,-0.57,0.16,0.89,-0.07,512,460,455,344,349
2.72,-11.00,0.19,-0.19,0.84,-0.08,511,460,455,344,349
2.66,-10.83,-1.46,-0.21,1.00,-0.06,511,456,455,345,349
2.61,-10.95,-0.31,-0.37,0.99,-0.05,510,459,455,345,351
2.97,-10.86,-0.72,-0.27,1.16,-0.05,510,458,455,344,351
2.48,-11.37,0.34,-0.40,1.05,0.13,510,458,455,344,351
2.10,-11.90,0.03,-0.53,1.19,0.22,509,459,454,344,350
3.99,-11.57,-1.26,-0.81,1.07,0.30,510,459,454,344,351
4.60,-11.46,-2.14,-0.97,0.77,0.42,510,460,455,344,350
4.25,-10.27,-3.07,-1.13,0.57,0.49,509,460,454,344,350
3.60,-8.75,-4.32,-1.26,0.31,0.45,509,460,454,344,350
2.98,-7.66,-4.78,-1.30,0.06,0.32,509,460,454,344,350
1.84,-6.54,-5.58,-1.17,0.04,0.35,509,459,454,344,350
1.23,-5.79,-5.99,-1.23,-0.17,0.20,510,460,454,344,350
-0.16,-4.23,-6.27,-1.02,0.02,0.38,510,460,454,344,350
1.19,-2.70,-7.11,-1.02,-0.19,0.10,510,459,454,344,350
-1.18,-1.17,-7.29,-0.59,0.03,0.37,510,459,454,344,350
-1.03,0.60,-8.54,-0.50,0.03,0.15,510,460,453,344,350
-1.25,1.35,-9.31,-0.10,0.12,0.10,511,460,453,344,350
-0.80,-0.30,-9.38,0.10,0.07,0.02,511,460,453,344,350
-0.04,-1.95,-10.06,0.24,0.07,-0.07,511,460,453,344,350
-0.94,-2.49,-10.14,0.15,0.06,-0.03,511,460,454,344,350
END
-0.16,-2.28,-10.16,0.12,0.05,-0.14,510,441,453,344,347
-2.23,-6.27,-7.81,0.07,0.03,-0.01,510,441,453,344,347
-2.02,-6.69,-6.80,0.03,-0.05,-0.00,510,441,453,343,347
-2.72,-6.61,-7.12,-0.01,-0.07,-0.01,510,441,453,344,347
-2.56,-6.60,-7.03,-0.05,-0.02,0.04,510,440,453,344,347
-2.62,-5.46,-7.16,-0.05,-0.08,0.01,510,441,453,344,347
-1.16,-3.62,-5.91,0.09,-0.14,-0.07,510,437,453,344,347
-2.14,-2.57,-5.69,0.60,-0.14,-0.10,510,442,453,344,347
-3.24,-4.07,-4.95,0.82,-0.08,-0.45,510,459,453,344,347
-3.45,-5.97,-2.60,0.94,0.22,-0.49,509,458,453,345,347
-3.21,-8.07,-2.70,1.04,0.49,-0.39,509,459,453,344,347
-0.95,-8.21,-2.58,0.75,0.52,-0.38,509,445,453,344,347
0.17,-10.23,-0.32,1.05,0.48,-0.31,509,456,453,344,347
-0.06,-12.40,-0.63,1.12,0.49,-0.28,509,458,453,344,348
-0.93,-14.16,1.33,0.47,0.67,-0.33,509,459,453,344,348
-0.12,-11.77,0.54,0.12,0.81,-0.33,508,459,453,344,348
-0.51,-12.96,-0.52,-0.10,1.14,-0.18,508,459,453,344,348
0.56,-12.00,0.52,-0.29,1.19,-0.25,507,459,453,344,348
0.99,-11.00,-0.75,-0.37,1.38,-0.03,507,458,453,344,349
1.69,-11.75,-0.27,-0.65,1.28,-0.02,506,458,453,344,349
2.73,-10.64,-1.28,-0.80,1.27,0.02,506,458,452,344,348
3.50,-10.37,-2.17,-0.88,0.97,0.14,505,458,452,344,349
4.54,-10.03,-2.96,-1.02,0.76,0.17,505,458,452,344,348
4.01,-9.20,-4.44,-1.09,0.43,0.21,505,458,452,344,348
3.21,-8.05,-4.94,-1.01,0.22,0.15,505,457,452,344,348
3.24,-6.38,-5.93,-1.04,-0.01,0.29,505,457,452,344,348
2.40,-5.75,-6.03,-0.93,-0.11,0.15,505,458,452,344,348
1.35,-5.05,-7.31,-0.87,-0.16,0.15,505,458,452,343,348
0.75,-4.90,-7.39,-1.03,-0.18,0.07,505,458,452,344,348
-0.94,-3.29,-8.10,-0.89,-0.08,0.18,506,458,452,344,348
-0.06,-2.32,-8.92,-0.77,-0.04,0.08,505,458,452,344,349
0.70,-1.09,-8.64,-0.57,-0.13,0.25,506,458,452,344,349
-0.19,1.82,-9.30,-0.29,0.03,0.42,506,458,452,344,349
-0.19,0.64,-8.80,-0.03,0.03,0.08,506,458,451,343,348
-0.26,-1.22,-9.68,0.21,0.15,0.07,506,458,451,344,348
-0.29,-1.84,-9.81,0.02,0.10,0.04,506,458,451,344,348
END
0.55,-1.07,-10.15,0.14,0.22,-0.02,517,460,453,344,347
-0.67,-7.24,-6.90,0.01,0.03,-0.06,520,462,454,343,348
-1.06,-6.93,-6.86,0.02,0.02,0.08,522,464,455,344,348
-1.30,-7.04,-6.41,0.02,-0.02,-0.00,524,464,455,344,349
-1.54,-7.06,-7.01,-0.00,-0.03,0.04,524,465,456,344,349
-1.17,-7.49,-6.64,-0.03,-0.12,-0.06,524,465,456,344,350
-1.35,-6.89,-6.93,-0.13,-0.12,-0.00,524,465,456,344,349
-1.90,-5.22,-6.80,-0.07,-0.11,-0.04,523,464,455,343,349
-2.61,-2.90,-5.64,0.21,0.00,0.01,522,464,455,344,349
-3.18,-3.35,-4.98,0.44,0.14,-0.16,521,464,454,343,349
-1.58,-5.92,-2.76,0.66,0.38,-0.34,520,463,455,343,349
-0.67,-7.84,-3.17,0.69,0.48,-0.30,519,463,454,344,349
-0.63,-9.32,-3.41,0.67,0.60,-0.25,519,463,454,343,349
0.09,-10.10,-3.67,0.67,0.77,-0.17,519,462,455,343,349
0.55,-9.17,-2.26,0.30,0.75,-0.16,517,462,455,343,350
1.92,-9.27,-1.97,0.52,0.86,-0.40,517,462,454,344,350
4.00,-9.55,-3.37,0.20,0.81,-0.51,516,461,454,344,350
3.85,-11.05,-2.01,0.05,0.90,-0.19,515,461,454,343,350
2.68,-11.70,-2.48,0.03,1.02,-0.11,514,460,453,344,351
3.75,-11.11,-2.66,-0.26,1.10,0.05,512,460,453,343,350
2.79,-11.79,-2.33,-0.46,1.14,0.22,512,460,453,343,351
4.22,-12.02,-2.71,-0.91,1.05,0.29,511,460,453,344,351
4.87,-12.05,-3.81,-1.10,0.83,0.44,511,460,453,343,351
5.16,-10.66,-4.84,-1.33,0.56,0.55,510,460,453,344,352
5.04,-8.84,-5.68,-1.29,0.31,0.61,510,459,453,344,352
3.97,-7.70,-6.40,-1.39,0.04,0.60,510,460,452,344,351
3.15,-5.88,-6.96,-1.36,-0.21,0.57,510,459,452,344,352
1.41,-4.59,-7.31,-1.10,-0.19,0.61,510,460,452,344,351
1.49,-3.24,-7.70,-1.01,-0.19,0.36,510,460,452,343,351
0.14,-0.97,-8.31,-0.87,-0.30,0.55,510,459,452,343,351
0.37,-0.69,-7.56,-0.52,-0.21,0.21,510,459,452,343,351
-0.67,0.17,-8.10,-0.35,-0.05,0.30,510,460,452,343,351
-0.28,-0.13,-8.04,-0.41,-0.11,0.08,510,459,452,343,351
-1.02,0.32,-8.69,0.04,0.15,0.17,510,460,451,343,350
-0.87,0.05,-9.45,-0.08,0.01,0.03,510,460,451,343,351
-1.22,-0.47,-9.63,0.12,0.13,0.08,511,460,452,343,351
END
-0.67,-0.62,-10.15,0.09,0.07,-0.06,515,458,453,344,348
-1.13,-6.51,-7.16,-0.03,0.00,-0.01,515,458,452,343,348
-0.99,-6.74,-7.32,-0.06,-0.05,-0.03,515,457,453,343,348
-1.34,-6.45,-7.14,-0.09,-0.04,-0.01,515,458,452,343,348
-1.16,-6.11,-7.47,-0.06,-0.03,-0.03,515,459,452,343,349
-0.80,-5.81,-7.71,-0.06,-0.06,-0.05,515,458,452,343,348
-1.30,-4.85,-7.25,0.04,-0.07,-0.08,515,460,452,343,348
-1.58,-2.81,-7.26,0.31,0.01,-0.17,515,458,452,343,348
-1.74,-2.64,-6.69,0.60,0.08,-0.22,515,457,452,343,349
-2.07,-5.08,-4.10,0.83,0.27,-0.37,515,459,452,343,348
-0.22,-6.37,-3.63,0.90,0.51,-0.64,514,459,452,343,348
0.81,-7.09,-2.63,1.06,0.64,-0.52,514,458,452,343,348
0.05,-9.24,-1.33,1.17,0.86,-0.46,513,458,452,343,348
1.56,-10.37,2.12,1.31,1.13,-0.58,514,458,452,343,348
2.19,-10.88,2.99,0.99,1.26,-0.48,514,460,452,343,348
5.31,-11.92,4.16,0.42,1.17,-0.67,513,460,452,343,348
4.80,-11.31,3.73,0.22,1.41,-0.44,513,460,452,343,348
4.74,-11.47,3.93,-0.11,1.36,-0.34,513,459,451,343,348
6.07,-11.36,3.17,-0.39,1.35,-0.42,513,458,451,343,349
5.92,-10.86,2.63,-0.65,1.18,-0.22,512,458,452,343,348
4.80,-10.42,2.79,-0.93,1.00,-0.18,512,458,452,343,349
5.32,-9.82,2.38,-0.99,0.94,-0.09,512,458,451,343,349
5.69,-10.27,1.92,-1.11,0.71,-0.01,512,457,452,343,349
6.35,-9.99,0.62,-1.24,0.41,0.05,512,458,452,343,349
5.10,-8.96,-1.15,-1.25,0.12,0.17,512,457,452,343,349
4.77,-8.56,-1.97,-1.23,-0.09,0.10,512,457,451,343,349
3.52,-8.38,-2.55,-1.25,-0.20,0.18,511,457,451,343,349
2.92,-6.70,-3.92,-1.28,-0.22,0.14,511,458,451,343,349
2.26,-5.79,-5.25,-1.22,-0.27,0.17,511,458,451,343,349
1.57,-4.62,-6.07,-1.13,-0.18,0.28,511,458,451,343,349
1.35,-3.21,-7.09,-1.10,-0.23,0.15,512,458,451,343,349
1.74,-3.02,-7.36,-0.94,-0.14,0.21,511,459,451,343,349
0.69,-1.69,-8.69,-0.84,-0.10,0.24,512,459,451,343,349
0.37,-0.65,-8.43,-0.71,-0.11,0.08,511,459,451,343,349
-0.22,1.35,-10.29,-0.30,0.04,0.18,512,459,451,343,349
-0.71,1.65,-10.16,-0.12,0.06,0.03,512,459,451,343,349
END
0.53,0.37,-10.42,-0.03,-0.00,-0.03,512,459,450,341,348
-3.01,-6.72,-6.81,0.01,0.05,-0.03,512,458,450,343,348
-2.93,-6.30,-6.47,-0.04,0.00,-0.06,512,458,450,343,349
-3.02,-5.89,-6.66,0.01,0.02,-0.06,512,459,450,343,348
-2.83,-5.36,-6.75,0.06,0.02,-0.18,511,459,450,343,348
-3.04,-4.84,-6.03,0.24,0.07,-0.33,511,459,450,343,348
-2.55,-4.27,-5.43,0.38,0.20,-0.29,511,459,450,343,348
-1.41,-3.88,-5.50,0.72,0.29,-0.61,511,459,450,343,348
-2.86,-6.25,-2.81,0.96,0.46,-0.72,511,459,450,343,349
-1.19,-7.27,-2.65,1.11,0.61,-1.10,510,458,450,343,348
1.11,-8.28,-1.51,1.02,0.76,-0.77,510,458,450,343,348
0.80,-8.13,0.50,1.19,0.88,-0.97,510,458,450,343,348
5.60,-10.21,2.30,0.74,0.78,-0.98,510,458,450,342,349
6.55,-10.65,2.85,0.56,1.09,-0.46,510,457,450,343,349
4.81,-11.41,2.83,0.33,1.24,-0.14,510,458,450,343,349
5.58,-10.01,2.74,-0.01,1.10,-0.54,510,458,450,343,349
5.85,-10.50,3.24,-0.27,1.11,-0.29,510,459,450,343,349
4.67,-9.22,3.22,-0.44,1.10,-0.11,509,459,450,343,349
5.76,-10.09,3.32,-0.61,0.87,-0.24,509,457,450,343,349
4.73,-10.03,3.19,-0.61,0.91,0.05,509,458,450,343,349
5.15,-10.75,3.58,-0.90,0.73,-0.03,509,458,450,343,349
4.24,-10.40,2.08,-0.98,0.71,0.12,509,458,450,343,349
4.84,-10.35,1.36,-1.18,0.55,0.03,509,457,450,343,349
5.19,-9.60,0.42,-1.28,0.35,0.01,509,457,450,342,349
5.31,-9.30,-0.94,-1.34,0.15,-0.03,508,458,450,343,349
3.96,-7.77,-2.27,-1.28,-0.06,0.02,508,458,450,343,349
3.65,-6.64,-4.01,-1.20,-0.17,0.06,508,458,450,342,349
3.37,-6.04,-5.02,-1.09,-0.28,0.02,509,458,450,343,349
2.96,-5.77,-5.79,-1.00,-0.31,0.05,509,458,450,343,349
2.02,-4.74,-6.42,-0.81,-0.25,0.04,509,458,450,343,350
1.65,-4.27,-6.85,-0.87,-0.31,0.07,508,458,450,343,350
1.87,-3.47,-7.30,-0.78,-0.29,-0.03,509,458,449,343,349
1.48,-2.80,-7.80,-0.63,-0.25,-0.07,509,458,450,343,349
1.38,-2.00,-8.47,-0.54,-0.32,-0.10,509,458,449,343,349
-0.39,0.02,-9.62,-0.15,-0.13,-0.06,509,458,450,343,349
-1.25,-0.11,-10.56,-0.04,-0.10,-0.14,509,458,449,343,350
END
-0.50,-1.42,-10.48,0.03,-0.02,-0.11,513,458,450,343,349
-1.12,-6.97,-6.77,-0.05,-0.00,-0.04,513,459,450,343,349
-1.01,-7.20,-6.52,-0.02,0.00,-0.03,513,459,450,343,349
-0.78,-7.06,-6.99,-0.04,0.01,-0.06,513,458,450,343,349
-0.88,-6.46,-6.35,0.09,0.01,-0.00,513,459,450,343,349
-1.11,-5.15,-6.36,0.17,-0.01,-0.04,513,458,450,343,349
-1.03,-4.02,-5.60,0.38,-0.00,-0.18,513,458,450,343,349
-2.45,-4.15,-5.29,0.75,0.18,-0.39,513,458,450,343,349
0.08,-6.44,-2.66,0.81,0.16,-0.86,512,458,450,343,349
0.05,-7.77,-2.46,0.98,0.68,-0.39,512,458,450,343,349
0.75,-8.03,-1.02,0.91,0.71,-0.51,512,458,450,343,349
1.71,-9.32,-0.95,1.05,0.85,-0.42,512,458,450,343,349
2.38,-11.49,1.62,0.84,0.89,-0.41,513,458,450,343,349
3.78,-12.85,1.35,0.59,1.12,-0.37,512,458,450,343,349
4.69,-11.41,2.51,0.21,1.02,-0.47,512,458,450,343,349
4.45,-10.39,2.79,0.07,1.00,-0.46,512,458,450,343,349
3.78,-9.40,2.28,-0.08,1.03,-0.30,511,457,450,343,349
3.71,-10.89,2.28,-0.41,0.93,-0.30,511,458,450,343,349
4.29,-10.66,2.56,-0.58,0.96,-0.06,511,457,450,343,349
5.59,-10.90,2.71,-0.80,0.74,-0.16,511,457,450,343,349
4.76,-9.99,1.89,-0.91,0.68,-0.00,511,457,449,343,350
4.54,-9.20,0.80,-1.01,0.54,0.01,510,457,449,343,349
4.85,-9.04,-0.25,-0.99,0.44,0.03,510,457,449,343,349
4.39,-8.71,-0.60,-1.07,0.25,-0.05,510,457,449,343,350
4.21,-7.86,-2.58,-0.95,0.10,0.04,510,457,450,343,349
4.75,-7.88,-3.58,-0.95,-0.02,0.01,510,457,449,343,350
4.02,-7.77,-3.88,-0.89,-0.14,-0.01,510,457,449,343,350
3.52,-6.85,-5.10,-0.87,-0.24,-0.10,510,457,450,343,349
2.73,-6.42,-5.64,-0.76,-0.24,0.07,510,458,450,343,350
2.46,-6.02,-6.85,-0.84,-0.25,0.10,510,457,450,343,349
2.95,-5.21,-6.95,-0.84,-0.32,0.09,510,457,449,343,349
2.17,-4.29,-7.22,-0.77,-0.35,0.28,510,457,449,343,349
1.44,-2.61,-8.46,-0.69,-0.40,0.15,510,457,449,343,349
0.48,-1.39,-8.87,-0.55,-0.41,0.12,511,458,450,343,350
-1.11,-0.66,-9.24,-0.22,-0.13,0.11,511,458,449,343,350
-0.95,-1.15,-9.69,-0.18,-0.12,-0.02,511,458,450,343,349
END
-0.03,-1.97,-9.82,0.02,0.03,-0.04,509,452,449,344,349
-0.76,-6.14,-7.37,-0.06,0.00,-0.02,509,452,449,344,349
-0.90,-6.60,-7.18,-0.04,0.00,-0.00,509,452,449,344,349
-0.86,-6.22,-7.13,-0.04,0.00,-0.04,509,452,449,344,349
-0.90,-5.93,-7.46,-0.00,0.01,-0.00,508,452,449,343,349
-1.72,-4.30,-6.71,0.19,0.01,-0.22,509,452,449,343,349
-0.08,-3.04,-6.17,0.47,0.01,-0.55,509,452,448,343,349
-0.88,-3.63,-5.61,0.85,0.18,-0.47,509,452,448,343,349
-0.59,-8.15,-2.97,0.86,0.35,-0.36,509,451,448,344,349
-0.85,-7.54,-4.30,0.91,0.58,-0.28,508,454,448,343,349
2.81,-8.24,-2.11,1.00,0.53,-0.62,509,453,448,343,349
2.87,-10.03,-1.02,0.93,0.56,-0.01,509,453,449,344,349
2.01,-11.22,-0.70,0.64,0.73,-0.26,509,452,449,344,349
2.53,-10.64,0.44,0.50,0.80,-0.20,509,452,449,343,349
1.77,-10.59,0.45,0.36,0.87,-0.32,509,452,449,343,348
3.06,-10.45,2.41,0.04,0.96,-0.45,508,451,449,343,349
4.03,-9.96,1.32,-0.07,1.09,-0.38,508,450,448,343,349
4.24,-9.78,1.95,-0.22,1.05,-0.22,508,448,448,343,349
4.94,-9.42,1.49,-0.22,0.92,-0.09,508,448,448,343,349
3.51,-9.04,1.78,-0.04,1.00,0.17,508,451,448,343,349
3.91,-10.34,2.85,-0.24,0.78,-0.13,508,449,448,343,349
3.97,-10.02,2.01,-0.27,0.90,-0.00,508,451,448,343,349
4.46,-10.27,2.04,-0.50,0.75,-0.08,508,456,448,343,349
4.07,-10.33,1.64,-0.60,0.64,-0.06,508,456,448,343,349
5.18,-10.27,1.06,-0.75,0.44,-0.10,508,456,448,343,349
4.41,-9.71,0.37,-0.80,0.27,-0.08,507,456,448,343,349
4.36,-9.08,-1.05,-0.87,0.11,-0.03,507,456,448,343,349
3.43,-8.66,-1.49,-0.85,0.01,-0.05,507,456,448,343,349
3.24,-8.26,-2.35,-0.85,-0.02,-0.02,507,456,448,343,349
3.02,-8.07,-3.29,-0.87,-0.09,-0.02,507,457,448,343,349
2.93,-7.49,-4.20,-0.78,-0.07,0.03,507,457,448,343,349
2.79,-7.24,-4.76,-0.78,-0.16,0.02,507,457,448,343,349
2.29,-6.86,-5.50,-0.71,-0.15,0.02,507,457,448,344,349
2.30,-6.54,-6.40,-0.76,-0.15,0.09,507,457,448,344,349
1.41,-5.30,-6.92,-0.68,-0.04,0.10,508,457,448,343,349
2.15,-5.23,-7.41,-0.69,-0.05,0.09,507,457,448,343,349
END
2.35,-4.24,-7.79,-0.69,-0.07,0.10,509,454,448,344,348
-3.36,-6.02,-7.08,0.12,0.08,0.05,509,454,448,343,348
-2.53,-6.46,-6.64,-0.02,0.01,-0.06,509,454,448,343,348
-2.97,-5.89,-7.27,0.02,0.06,-0.00,509,454,448,344,348
-2.84,-6.37,-6.98,-0.01,0.05,-0.05,510,457,448,344,349
-3.03,-5.83,-6.84,0.00,0.06,-0.08,509,456,448,344,348
-2.97,-4.83,-6.29,0.14,0.10,-0.21,509,458,448,344,349
-2.08,-3.51,-5.89,0.36,0.17,-0.34,509,457,448,343,348
-3.11,-3.17,-3.26,0.75,0.35,-0.50,509,457,448,343,349
-2.71,-4.72,-2.91,1.14,0.65,-0.61,508,456,448,343,348
-0.09,-8.59,-1.36,1.18,0.90,-0.57,508,456,447,343,349
1.68,-10.07,-1.03,1.20,0.99,-0.64,508,455,447,343,349
3.29,-10.37,-1.02,1.14,1.00,-0.51,508,456,448,343,348
3.04,-9.55,-0.45,1.05,0.89,-0.44,508,456,447,343,348
2.40,-8.89,1.21,0.83,0.82,-0.69,508,456,448,343,348
3.76,-11.42,4.36,0.62,0.91,-0.40,509,457,448,343,348
4.32,-13.96,4.03,-0.01,0.94,-0.37,509,457,449,343,349
4.65,-13.45,3.17,-0.70,0.95,-0.27,509,457,449,343,349
4.26,-11.57,2.00,-1.02,0.90,-0.20,508,456,449,344,349
4.62,-10.89,2.00,-1.07,0.80,-0.03,508,456,449,344,349
4.45,-10.27,1.69,-1.31,0.60,-0.07,507,456,448,344,349
4.94,-9.50,0.22,-1.27,0.54,-0.02,507,455,448,343,349
4.19,-8.54,-1.34,-1.31,0.29,0.13,507,456,448,343,350
4.65,-8.00,-2.78,-1.22,0.26,0.06,506,456,448,344,350
4.11,-7.30,-3.86,-1.19,0.11,0.15,506,456,448,344,350
3.58,-6.17,-4.42,-0.95,0.07,0.09,506,457,447,344,350
3.50,-5.38,-5.93,-0.89,0.00,0.12,506,457,448,344,350
3.02,-4.99,-6.12,-0.64,-0.02,0.12,507,457,448,344,350
3.16,-4.55,-7.27,-0.64,-0.13,0.10,507,457,448,344,350
2.36,-4.32,-7.26,-0.42,-0.04,0.12,507,457,448,344,351
2.19,-5.15,-7.74,-0.46,-0.13,-0.02,507,457,448,344,350
1.92,-4.72,-8.07,-0.43,-0.05,-0.02,507,457,447,343,349
2.48,-4.25,-8.75,-0.46,-0.11,-0.05,506,457,447,344,349
2.18,-3.73,-8.71,-0.48,-0.15,0.06,506,456,447,344,349
1.96,-2.79,-9.36,-0.40,-0.19,0.04,507,455,447,344,349
1.97,-2.54,-9.27,-0.46,-0.31,-0.02,507,457,447,344,349
END
0.98,-2.00,-9.04,-0.36,-0.32,0.06,509,457,447,344,351
-1.19,-6.43,-7.53,0.06,-0.04,0.01,509,457,447,344,351
-1.54,-6.68,-7.39,0.00,-0.04,-0.02,509,457,447,344,350
-1.43,-6.64,-7.39,-0.07,-0.02,-0.02,509,457,447,345,350
-1.67,-6.21,-7.68,-0.07,0.04,-0.03,509,457,447,345,350
-1.66,-5.65,-7.57,-0.11,-0.03,-0.01,509,457,446,344,350
-1.96,-4.16,-7.06,0.02,0.04,-0.01,508,457,446,344,350
-1.82,-3.14,-6.52,0.16,0.09,-0.08,508,457,446,345,350
-1.79,-4.25,-5.10,0.53,0.21,-0.10,508,457,446,344,350
-1.79,-6.82,-5.26,0.81,0.46,-0.14,508,457,446,344,350
-0.65,-7.88,-4.96,0.71,0.52,-0.30,507,457,446,344,350
0.24,-7.08,-4.02,0.73,0.67,-0.40,508,456,446,344,350
1.34,-7.26,-3.67,0.74,0.72,-0.36,508,457,446,345,350
1.69,-7.96,-2.67,0.87,0.76,-0.42,507,457,446,344,350
1.76,-9.18,-1.65,0.87,0.88,-0.51,507,457,446,344,349
3.18,-10.50,-0.75,0.62,0.87,-0.37,507,457,447,344,350
4.48,-11.26,-0.01,0.55,0.97,-0.28,507,457,447,345,350
4.52,-11.12,0.57,0.31,0.92,-0.13,507,456,446,345,350
4.36,-11.44,1.15,0.07,0.92,-0.11,507,456,446,344,350
4.24,-10.59,1.09,-0.07,0.93,-0.09,506,456,446,344,350
3.22,-10.72,1.49,-0.24,0.89,-0.04,506,456,446,344,350
3.65,-11.01,1.49,-0.42,0.95,-0.05,506,456,446,344,350
3.96,-11.66,1.51,-0.71,0.90,0.03,506,456,446,344,350
4.99,-10.69,0.71,-0.91,0.79,0.04,506,456,446,344,350
5.20,-10.10,0.13,-1.09,0.61,0.13,506,456,446,344,350
4.77,-9.45,-0.47,-1.12,0.40,0.05,506,456,446,344,350
5.15,-7.93,-2.05,-1.14,0.27,0.10,506,456,446,344,350
4.19,-7.43,-2.71,-0.99,0.13,-0.02,506,456,446,344,350
3.80,-7.18,-4.15,-0.95,0.05,0.06,506,456,446,344,350
3.28,-6.65,-4.72,-0.83,-0.04,0.02,506,456,446,344,350
3.13,-6.73,-5.79,-0.78,-0.16,0.05,506,456,446,344,350
2.86,-6.27,-6.07,-0.72,-0.19,0.01,506,456,446,344,350
2.18,-5.50,-6.73,-0.74,-0.26,0.07,506,456,445,344,350
1.59,-4.32,-7.16,-0.64,-0.24,0.04,506,456,446,344,350
1.79,-3.97,-7.45,-0.57,-0.26,-0.01,506,456,446,344,350
0.80,-3.53,-8.02,-0.44,-0.20,0.13,506,456,446,344,350
END
0.59,-3.05,-8.51,-0.33,-0.16,-0.00,513,457,447,344,350
-1.96,-5.37,-7.76,-0.05,-0.02,-0.01,513,457,447,344,350
-2.44,-5.82,-7.61,0.09,0.06,-0.08,512,457,447,344,350
-1.90,-6.80,-7.53,0.05,0.04,0.00,512,456,446,345,350
-1.74,-6.11,-7.79,0.04,0.06,-0.07,512,455,446,344,350
-2.28,-4.65,-7.16,0.10,0.05,-0.13,512,456,447,344,350
-2.28,-2.53,-5.19,0.52,0.08,-0.42,511,456,446,344,350
-1.42,-2.19,-5.08,0.81,0.21,-0.43,511,456,446,344,350
-0.28,-5.01,-3.98,1.07,0.44,-0.51,511,456,446,344,350
-0.61,-6.57,-2.62,1.17,0.40,-0.34,511,455,446,344,349
-0.19,-10.06,-1.14,1.31,0.76,-0.58,511,444,446,344,349
2.81,-10.21,1.59,1.07,0.71,-1.12,510,432,446,344,349
3.49,-9.34,1.08,0.95,0.75,-0.74,510,439,446,343,349
3.25,-10.82,2.12,0.84,1.05,-0.17,510,449,446,343,349
4.06,-11.26,4.16,0.37,0.84,-0.24,509,456,446,344,349
4.03,-10.85,3.20,0.39,1.07,-0.28,509,456,446,343,349
4.63,-11.99,4.05,0.11,1.02,-0.46,509,456,446,343,349
3.45,-11.94,3.96,-0.28,1.04,-0.37,509,455,446,344,349
3.31,-12.61,3.73,-0.92,1.02,-0.31,509,455,445,343,349
4.01,-11.83,4.45,-1.10,1.10,-0.50,508,456,446,343,349
5.58,-8.56,2.82,-1.13,0.89,-0.32,508,456,446,344,350
5.91,-8.64,1.78,-1.24,0.54,-0.18,508,455,446,344,350
5.62,-8.12,0.65,-1.33,0.26,0.10,508,455,446,344,350
4.90,-7.65,-1.26,-1.02,0.21,-0.05,508,455,446,344,350
4.52,-7.52,-2.86,-1.01,0.03,0.12,507,455,445,344,350
4.54,-7.53,-3.24,-0.98,-0.13,-0.04,507,455,445,344,351
4.19,-6.78,-4.74,-0.87,-0.17,0.03,507,455,445,344,350
3.53,-6.59,-5.15,-0.79,-0.18,0.02,507,455,445,344,350
3.72,-6.20,-6.10,-0.77,-0.27,0.00,507,455,445,344,350
2.61,-5.96,-6.40,-0.66,-0.28,0.01,507,455,445,344,349
2.58,-5.57,-7.19,-0.66,-0.31,0.01,508,455,446,344,351
1.82,-4.44,-8.04,-0.62,-0.31,0.06,508,455,446,343,351
1.58,-4.28,-8.19,-0.58,-0.27,0.06,508,456,446,344,351
2.39,-4.54,-7.85,-0.56,-0.28,0.01,508,456,445,344,351
1.55,-4.01,-7.81,-0.54,-0.28,0.05,508,455,446,344,351
0.68,-1.98,-8.75,-0.56,-0.32,0.12,508,455,446,344,352
END
-1.08,0.28,-9.92,-0.22,-0.12,0.15,508,454,446,343,351
-1.08,-7.07,-6.52,-0.03,0.03,-0.01,509,454,446,343,351
-1.15,-6.65,-6.50,-0.00,0.05,-0.04,509,453,446,344,351
-1.29,-6.01,-6.01,0.05,0.05,-0.01,508,454,446,344,351
-1.49,-6.03,-5.83,0.22,0.09,-0.14,508,454,446,343,351
-1.26,-5.41,-5.08,0.36,0.19,-0.22,509,450,446,343,351
-1.04,-5.41,-3.98,0.57,0.38,-0.34,508,442,446,344,351
-0.13,-6.15,-2.89,0.81,0.44,-0.50,508,442,446,344,351
1.72,-7.71,-2.40,0.83,0.55,-0.52,508,438,446,344,351
1.49,-9.02,-2.27,0.96,0.74,-0.34,508,442,446,343,351
2.77,-9.65,-1.46,0.87,0.82,-0.41,508,451,446,344,351
3.78,-9.45,-0.67,0.86,0.73,-0.50,508,445,446,344,351
3.83,-11.21,0.60,0.73,0.75,-0.40,508,453,446,344,352
4.85,-11.79,3.47,0.36,0.71,-0.34,508,451,445,344,351
4.46,-9.91,0.89,0.05,0.74,-0.32,508,452,445,344,351
3.27,-10.50,1.63,-0.03,0.81,-0.07,508,455,446,344,351
3.67,-10.72,3.17,-0.17,0.85,-0.12,508,454,446,344,351
4.03,-9.35,2.82,-0.33,0.79,-0.08,508,454,446,344,352
3.61,-9.19,1.87,-0.30,0.75,-0.05,507,455,446,344,352
4.81,-9.01,1.74,-0.31,0.64,0.05,507,454,446,344,352
3.37,-9.36,1.69,-0.29,0.61,0.12,507,455,446,344,352
3.69,-10.10,1.59,-0.41,0.53,0.05,507,454,446,344,352
3.57,-10.24,1.37,-0.61,0.48,-0.12,507,454,446,344,351
3.34,-9.87,0.93,-0.71,0.45,-0.05,507,455,445,344,352
3.42,-9.73,0.29,-0.76,0.37,-0.07,507,454,445,343,352
3.74,-9.38,-0.96,-0.77,0.25,-0.03,507,453,445,344,352
3.48,-8.85,-1.17,-0.76,0.14,-0.02,507,454,445,344,352
3.31,-8.61,-2.23,-0.73,0.06,0.02,507,454,445,344,352
2.96,-8.41,-2.68,-0.69,0.01,0.03,507,454,445,344,352
3.33,-8.35,-3.67,-0.70,-0.06,0.03,507,454,445,344,353
2.99,-8.11,-4.27,-0.72,-0.09,-0.01,507,454,445,344,352
2.61,-7.65,-5.15,-0.77,-0.14,0.03,507,454,445,344,352
2.33,-6.89,-5.68,-0.76,-0.16,0.05,507,454,445,343,351
2.77,-6.19,-6.34,-0.68,-0.25,0.05,507,455,445,344,352
2.12,-5.66,-7.05,-0.66,-0.30,0.12,507,455,445,344,351
1.56,-5.00,-7.07,-0.56,-0.31,0.07,507,455,445,344,351
END
0.97,-4.04,-8.13,-0.53,-0.36,0.04,506,449,445,344,351
-1.74,-7.42,-6.34,0.06,-0.20,-0.19,506,453,445,344,350
-2.63,-7.23,-6.24,0.04,-0.18,-0.23,506,455,445,344,350
-2.25,-6.25,-6.76,0.13,-0.05,-0.27,506,455,445,344,350
-1.22,-7.54,-6.33,0.19,0.06,-0.12,506,455,445,344,350
-1.01,-8.09,-5.81,0.14,-0.01,-0.16,505,455,445,344,350
-1.48,-6.30,-5.10,0.30,-0.01,-0.31,506,455,445,344,350
-1.11,-4.58,-3.73,0.44,0.05,-0.47,506,455,445,344,350
-1.21,-5.65,-3.60,0.78,0.24,-0.27,506,455,445,344,350
-0.37,-7.68,-2.23,0.83,0.34,-0.38,505,455,445,344,350
-0.60,-8.32,-2.03,0.93,0.59,-0.39,505,455,444,344,350
1.39,-9.57,-0.89,0.82,0.68,-0.55,506,455,445,344,350
1.88,-9.56,0.00,0.89,0.87,-0.40,505,455,445,344,350
3.85,-10.92,0.19,0.68,0.80,-0.48,506,455,444,344,350
4.87,-11.16,1.96,0.49,0.81,-0.31,506,455,445,344,350
4.49,-10.90,1.33,0.22,0.78,-0.28,505,455,445,344,350
4.06,-10.26,1.67,0.13,0.80,-0.10,505,455,444,343,350
2.91,-9.57,1.69,-0.14,0.73,-0.24,505,455,444,344,350
2.75,-9.38,1.84,-0.17,0.83,-0.23,505,455,444,344,351
2.71,-9.17,2.43,-0.24,0.85,-0.33,505,455,444,344,350
3.91,-9.11,2.34,-0.35,0.85,-0.31,505,455,444,344,350
3.92,-9.48,2.23,-0.40,0.74,-0.25,505,455,444,344,350
4.01,-9.23,1.59,-0.36,0.71,-0.18,505,455,444,344,350
4.44,-9.86,1.48,-0.46,0.51,-0.21,505,455,444,344,350
4.61,-10.16,1.27,-0.56,0.42,-0.14,505,455,444,344,350
4.62,-10.29,0.49,-0.74,0.29,-0.09,505,455,444,344,350
4.47,-10.00,0.48,-0.74,0.23,-0.04,505,455,444,344,350
4.21,-9.45,-0.98,-0.92,0.03,-0.02,504,454,444,344,351
4.11,-9.03,-1.75,-0.89,0.00,0.03,504,454,444,344,350
3.86,-8.09,-2.53,-0.90,-0.12,-0.00,504,454,444,343,350
3.61,-7.67,-3.70,-0.85,-0.11,0.04,504,455,444,344,350
3.35,-7.98,-4.31,-0.87,-0.14,-0.05,504,455,444,344,350
3.41,-7.21,-4.60,-0.86,-0.15,-0.01,504,455,444,344,350
3.16,-6.54,-5.64,-0.88,-0.28,-0.00,504,455,444,344,350
3.01,-5.92,-6.39,-0.81,-0.24,0.04,504,455,444,344,351
2.85,-4.55,-7.31,-0.75,-0.35,-0.02,504,455,444,344,350
END
1.73,-3.68,-7.34,-0.63,-0.33,0.05,503,454,444,344,350
-1.08,-6.45,-6.82,0.06,0.03,-0.04,503,454,444,344,350
-1.36,-6.36,-6.72,0.10,0.05,-0.09,503,454,443,344,350
-0.89,-6.98,-6.53,0.17,0.09,-0.10,503,454,443,344,350
-1.28,-6.90,-5.86,0.18,0.11,-0.14,503,454,444,344,350
-1.75,-6.10,-5.21,0.32,0.19,-0.31,503,454,443,344,350
-1.60,-6.22,-3.72,0.49,0.36,-0.20,502,454,444,344,350
0.27,-6.86,-4.43,0.71,0.47,-0.58,503,454,444,344,350
1.16,-7.47,-3.22,0.85,0.65,-0.14,503,454,444,344,350
2.00,-7.96,-2.90,0.81,0.70,-0.29,503,453,444,344,350
3.06,-8.62,-2.77,0.88,0.71,-0.17,503,454,444,344,350
2.53,-9.71,-1.28,0.79,0.72,-0.25,503,454,444,344,350
3.19,-10.56,-0.54,0.64,0.73,-0.25,503,454,444,344,350
3.15,-10.76,0.70,0.46,0.76,-0.18,503,454,444,344,350
2.68,-9.80,1.21,0.33,0.82,-0.20,503,454,443,344,350
3.42,-8.59,1.30,0.24,0.75,-0.22,503,454,443,344,350
3.76,-9.38,2.56,0.26,0.71,-0.21,503,451,444,344,350
3.80,-10.09,2.40,0.14,0.68,-0.34,503,449,443,344,350
3.01,-10.88,3.24,-0.06,0.74,-0.32,503,448,444,344,350
3.40,-10.48,2.35,-0.33,0.73,-0.28,503,447,444,344,350
3.08,-10.55,2.50,-0.50,0.76,-0.24,503,450,444,344,350
3.70,-10.37,1.99,-0.75,0.70,-0.25,503,452,444,344,350
3.79,-9.89,2.03,-0.79,0.66,-0.08,503,449,444,344,350
4.26,-9.15,0.76,-0.92,0.56,-0.06,503,448,443,344,350
4.54,-8.76,-0.02,-0.80,0.40,-0.05,502,446,444,344,350
4.58,-8.84,-0.77,-0.70,0.24,0.04,502,445,443,344,350
4.39,-9.07,-1.11,-0.73,0.08,-0.00,502,444,444,344,350
4.13,-8.87,-2.06,-0.69,-0.01,0.03,502,434,443,344,350
3.70,-8.76,-2.74,-0.73,-0.10,-0.02,502,433,443,344,350
3.92,-8.39,-3.13,-0.77,-0.18,-0.06,502,432,443,344,350
3.63,-7.99,-3.82,-0.83,-0.26,-0.04,502,434,444,344,350
3.09,-7.49,-4.60,-0.82,-0.26,-0.05,502,433,443,344,350
2.80,-6.68,-5.91,-0.80,-0.30,-0.08,502,438,444,344,350
2.67,-6.10,-6.31,-0.75,-0.28,-0.02,503,451,444,344,350
2.58,-5.49,-7.22,-0.71,-0.37,-0.10,502,445,443,344,350
1.82,-4.34,-7.62,-0.63,-0.41,-0.04,502,443,443,344,350
END
0.88,-3.38,-8.00,-0.55,-0.44,0.00,505,455,443,344,350
-0.97,-7.34,-6.39,-0.05,0.01,-0.07,504,455,444,344,349
-0.78,-7.28,-6.41,-0.03,-0.01,-0.02,504,454,443,344,350
-1.31,-6.88,-6.09,-0.00,-0.05,-0.07,505,454,444,344,350
-1.13,-6.72,-6.71,0.02,0.02,-0.06,505,455,443,344,349
-1.46,-6.12,-6.07,0.10,0.07,-0.07,504,454,444,345,350
-1.31,-5.47,-5.54,0.27,0.11,-0.17,504,455,443,344,350
-1.41,-4.24,-3.92,0.53,0.21,-0.32,504,455,443,344,349
-0.47,-5.66,-3.37,0.84,0.38,-0.28,504,455,443,344,350
-0.13,-7.49,-2.22,0.96,0.48,-0.40,504,455,443,344,350
1.46,-8.50,-1.66,0.98,0.61,-0.42,503,454,443,344,349
0.75,-9.44,-0.83,0.90,0.65,-0.47,503,455,443,344,350
2.18,-10.02,0.88,0.91,0.91,-0.34,503,455,443,344,350
2.65,-10.09,1.00,0.71,0.96,-0.41,503,454,443,344,350
3.60,-10.47,2.86,0.46,1.00,-0.39,503,454,443,344,350
4.35,-10.89,2.02,0.18,1.02,-0.55,503,454,443,344,350
4.77,-11.92,3.55,0.14,1.07,-0.48,503,454,444,344,350
4.36,-11.86,2.94,-0.18,1.13,-0.41,503,454,444,344,351
4.43,-11.03,3.35,-0.51,0.93,-0.32,502,454,444,344,351
4.29,-9.75,2.26,-0.68,0.88,-0.26,502,454,443,345,351
4.18,-9.75,2.53,-0.80,0.79,-0.17,502,454,443,344,351
5.02,-9.80,2.46,-0.84,0.66,-0.14,502,454,443,344,351
5.55,-10.11,2.02,-0.96,0.47,-0.11,502,454,443,344,351
5.36,-10.13,1.11,-1.06,0.29,-0.08,502,454,443,344,351
5.08,-8.96,-0.67,-1.13,0.10,-0.04,501,454,443,344,351
4.15,-8.15,-1.68,-1.19,-0.01,-0.02,501,454,443,344,351
3.87,-7.01,-3.12,-1.10,-0.00,0.03,502,454,443,344,351
4.19,-6.48,-4.28,-1.04,-0.11,-0.10,501,454,443,344,351
4.01,-6.28,-5.09,-0.89,-0.05,0.01,502,454,443,344,352
4.31,-5.27,-6.47,-0.93,-0.19,-0.03,502,454,443,344,352
2.89,-4.32,-7.19,-0.75,-0.26,0.10,502,454,443,344,352
2.73,-4.19,-6.73,-0.56,-0.27,-0.00,502,454,443,344,352
2.48,-4.36,-7.04,-0.48,-0.29,0.05,502,454,443,344,352
2.38,-3.70,-7.08,-0.43,-0.22,0.02,502,454,443,344,352
2.15,-2.99,-7.75,-0.25,-0.18,-0.02,502,454,443,344,351
1.34,-2.10,-8.61,-0.11,-0.11,-0.01,502,454,443,344,352
END
0.83,-2.43,-8.91,0.04,-0.09,-0.12,508,456,444,344,352
-0.66,-7.59,-6.27,0.07,0.12,-0.06,507,455,444,344,352
-0.59,-7.95,-6.62,0.09,0.07,-0.10,507,455,444,344,352
-0.41,-8.32,-6.71,-0.00,0.05,-0.02,507,455,444,344,352
-0.96,-7.83,-6.29,-0.04,0.02,-0.03,507,455,444,344,352
-0.85,-6.12,-5.57,-0.02,0.06,-0.00,506,455,443,344,352
-1.03,-4.89,-5.33,0.16,0.12,0.00,506,455,443,344,351
-1.14,-5.50,-5.01,0.42,0.21,-0.08,506,455,443,344,352
-1.02,-6.75,-4.10,0.60,0.38,-0.14,506,455,443,344,352
-0.07,-7.52,-4.40,0.64,0.53,-0.23,506,455,443,344,352
0.17,-7.44,-2.76,0.74,0.61,-0.25,506,455,443,344,352
0.32,-8.34,-2.95,0.82,0.78,-0.29,506,455,443,344,352
1.46,-9.83,-0.83,0.77,0.84,-0.34,506,455,443,344,352
2.76,-10.43,-0.88,0.68,0.91,-0.30,505,455,443,344,352
3.45,-9.96,-0.38,0.51,0.83,-0.26,505,454,443,344,352
3.60,-10.78,0.29,0.41,0.82,-0.16,505,454,443,344,352
2.68,-10.70,0.97,0.30,0.83,-0.15,505,454,443,344,351
2.62,-10.50,1.16,0.05,0.84,-0.19,505,454,443,344,351
2.99,-10.32,1.83,-0.06,0.88,-0.23,504,454,443,344,351
3.24,-9.53,1.81,-0.18,0.78,-0.20,504,454,443,344,351
3.27,-9.56,2.07,-0.21,0.76,-0.23,504,454,442,344,351
3.69,-9.15,1.87,-0.22,0.71,-0.15,504,454,442,344,351
3.51,-9.63,1.93,-0.29,0.64,-0.23,504,454,443,344,352
3.76,-9.60,1.27,-0.40,0.57,-0.21,504,455,443,344,352
4.06,-9.50,1.14,-0.43,0.49,-0.18,504,454,443,344,352
4.33,-10.26,1.10,-0.50,0.34,-0.10,504,454,443,344,352
4.32,-10.43,0.74,-0.62,0.18,-0.10,504,454,443,344,351
3.65,-9.99,-0.23,-0.70,0.16,0.01,503,454,442,344,351
4.39,-9.52,-0.49,-0.72,0.12,-0.07,503,454,442,344,352
4.21,-8.83,-1.41,-0.84,0.01,-0.07,503,454,442,344,352
3.85,-7.76,-2.83,-0.82,-0.07,-0.09,503,454,442,344,352
3.85,-7.88,-3.29,-0.83,-0.12,-0.03,503,454,442,344,352
3.79,-7.08,-4.63,-0.74,-0.21,-0.10,503,454,442,344,352
3.60,-7.10,-4.85,-0.71,-0.26,-0.04,503,454,442,344,352
3.14,-6.52,-5.05,-0.68,-0.29,-0.04,503,454,442,344,352
2.80,-5.61,-6.55,-0.69,-0.35,-0.05,504,455,443,344,352
END
1.85,-5.40,-7.01,-0.58,-0.22,-0.03,504,454,442,345,351
-1.42,-6.82,-6.83,-0.02,0.02,-0.03,504,454,442,345,351
-1.41,-6.86,-7.20,0.01,0.02,-0.04,504,454,442,345,351
-1.32,-6.58,-6.78,-0.01,-0.02,-0.05,504,454,442,344,351
-1.56,-6.22,-6.47,0.04,-0.00,-0.05,504,454,442,345,352
-2.07,-5.61,-6.05,0.17,0.03,-0.14,504,454,442,345,351
-1.89,-5.30,-5.14,0.35,0.13,-0.16,504,454,442,344,351
-2.09,-5.47,-4.37,0.58,0.28,-0.14,504,454,442,345,351
-1.47,-6.02,-3.32,0.71,0.35,-0.26,504,455,442,345,351
-0.13,-7.42,-3.40,0.90,0.50,-0.25,504,455,442,344,351
-0.31,-8.82,-2.41,0.94,0.54,-0.25,504,455,442,344,351
0.83,-10.20,-1.95,0.88,0.70,-0.29,504,455,442,345,351
1.29,-10.39,-0.76,0.64,0.74,-0.32,504,454,442,345,351
1.59,-10.70,-0.45,0.50,0.82,-0.33,504,454,442,344,351
2.24,-10.21,0.01,0.24,0.86,-0.29,504,454,442,344,351
2.79,-10.25,-0.26,0.24,0.96,-0.25,503,454,442,344,351
4.04,-10.25,0.42,0.21,0.84,-0.31,503,454,442,345,351
3.54,-10.37,0.57,0.09,0.78,-0.20,503,454,442,345,351
3.45,-10.08,0.50,-0.06,0.71,-0.16,503,454,442,345,351
3.74,-9.91,0.73,-0.12,0.63,-0.15,503,454,442,344,351
3.39,-9.84,0.42,-0.20,0.57,-0.11,503,454,442,344,352
3.35,-9.97,0.52,-0.32,0.52,-0.12,503,454,442,344,351
3.47,-9.63,0.63,-0.39,0.46,-0.08,503,454,442,345,351
3.19,-9.79,0.29,-0.41,0.40,-0.07,503,454,442,344,351
3.43,-9.78,-0.42,-0.49,0.33,-0.05,503,454,442,344,351
3.85,-9.77,-0.80,-0.54,0.26,-0.00,503,454,442,344,351
3.80,-9.51,-1.17,-0.55,0.18,0.01,503,454,442,344,351
3.57,-9.32,-1.67,-0.59,0.10,0.04,503,454,442,344,351
3.59,-9.39,-2.01,-0.66,0.01,0.00,503,454,441,345,351
3.40,-8.80,-2.86,-0.71,-0.01,-0.00,503,454,442,345,352
3.04,-8.59,-3.50,-0.72,-0.07,-0.03,503,454,442,345,351
3.09,-7.78,-4.44,-0.68,-0.07,-0.06,502,454,442,345,351
2.80,-7.37,-4.86,-0.66,-0.10,-0.01,503,454,442,345,351
2.60,-6.73,-5.33,-0.66,-0.17,-0.01,503,454,442,344,351
2.31,-6.56,-5.41,-0.56,-0.18,0.03,503,454,442,345,351
2.22,-6.03,-6.27,-0.60,-0.18,0.04,503,454,442,345,351
END
2.29,-5.18,-6.81,-0.57,-0.19,-0.00,502,454,441,345,350
-0.23,-6.87,-7.21,-0.05,-0.02,0.02,502,454,441,345,349
-0.46,-6.78,-7.16,-0.07,-0.02,-0.03,503,454,441,345,350
-0.59,-5.56,-7.10,-0.00,-0.01,-0.02,503,454,441,345,349
-0.87,-5.09,-7.15,0.19,0.07,-0.07,503,454,441,345,350
-1.15,-4.86,-6.24,0.36,0.15,-0.10,503,454,441,345,350
-1.69,-5.10,-4.26,0.58,0.29,-0.17,503,454,441,345,350
-0.49,-6.45,-4.12,0.74,0.54,-0.26,503,454,441,345,350
0.80,-6.93,-2.51,0.85,0.65,-0.30,502,454,441,344,350
1.06,-8.28,-3.38,0.96,0.79,-0.22,502,454,441,345,350
2.52,-9.58,-0.73,0.83,0.77,-0.30,502,454,441,345,350
3.22,-10.42,-1.10,0.69,0.90,-0.21,502,453,441,345,350
3.34,-10.29,0.46,0.49,0.84,-0.27,502,453,441,345,350
4.38,-10.63,0.39,0.43,0.82,-0.19,502,454,441,344,350
4.34,-9.33,0.40,0.28,0.67,-0.23,502,454,441,344,350
3.46,-9.13,0.80,0.38,0.68,-0.22,502,454,441,345,350
3.33,-9.93,1.35,0.20,0.73,-0.29,502,454,441,344,350
2.93,-10.85,1.83,-0.02,0.84,-0.31,502,454,441,345,350
3.80,-11.18,2.05,-0.41,0.87,-0.27,502,454,442,345,350
4.40,-10.34,1.97,-0.51,0.75,-0.24,501,454,441,345,350
4.49,-9.78,1.97,-0.55,0.73,-0.10,501,454,441,345,350
4.92,-9.19,1.58,-0.68,0.53,-0.16,501,454,441,345,350
4.67,-8.76,1.06,-0.59,0.47,0.00,501,454,441,344,351
5.01,-8.82,0.55,-0.66,0.32,-0.07,501,454,441,345,350
5.13,-8.88,-0.22,-0.63,0.23,-0.02,501,454,441,345,350
4.98,-8.93,-0.90,-0.65,0.03,-0.03,501,454,441,345,351
4.70,-8.57,-1.87,-0.70,-0.03,-0.01,501,454,441,345,351
4.44,-8.62,-2.15,-0.73,-0.11,-0.08,501,454,441,345,350
3.94,-7.96,-3.18,-0.74,-0.11,-0.04,501,454,441,345,351
3.92,-7.55,-4.22,-0.75,-0.14,-0.07,501,454,441,345,351
3.80,-7.01,-5.03,-0.71,-0.18,-0.06,501,454,441,345,351
3.91,-6.83,-5.83,-0.59,-0.20,-0.02,501,454,441,345,351
3.81,-6.70,-5.84,-0.71,-0.36,-0.05,501,454,441,345,351
3.09,-5.61,-6.39,-0.65,-0.37,-0.04,501,453,441,345,351
2.76,-5.14,-6.78,-0.61,-0.38,-0.05,501,454,441,345,352
2.86,-4.68,-6.96,-0.64,-0.45,-0.12,501,453,441,345,351
END
1.59,-2.89,-7.80,-0.49,-0.41,-0.07,505,454,442,345,352
-0.78,-8.05,-5.94,-0.05,0.06,-0.00,505,454,442,345,351
-1.14,-7.80,-6.12,-0.11,0.06,-0.00,504,455,442,345,351
-1.00,-7.35,-6.33,-0.11,0.05,-0.03,504,454,442,345,351
-1.11,-6.50,-6.24,-0.05,0.08,0.01,504,454,441,345,351
-0.71,-6.73,-6.78,-0.02,0.06,-0.02,504,454,442,345,351
-0.79,-6.22,-6.08,0.12,0.06,-0.08,504,454,442,345,351
-1.15,-5.76,-5.02,0.25,0.05,-0.07,504,454,442,345,351
-2.51,-5.15,-3.97,0.43,0.18,-0.14,504,454,441,345,351
-2.30,-5.61,-2.89,0.70,0.50,-0.27,504,454,441,345,351
-0.58,-7.13,-2.86,0.94,0.83,-0.35,503,454,441,345,351
0.24,-8.33,-1.24,0.91,0.99,-0.40,503,454,441,345,351
1.61,-9.78,-0.50,0.89,1.15,-0.40,503,454,441,345,351
3.25,-9.89,0.45,0.80,1.23,-0.33,503,454,441,345,351
4.65,-10.51,0.80,0.68,1.12,-0.37,503,454,441,345,351
4.47,-10.99,1.31,0.57,1.06,-0.27,502,453,441,345,351
4.03,-11.75,2.94,0.25,0.93,-0.34,502,453,441,344,351
3.92,-10.88,2.50,-0.02,0.87,-0.22,502,453,441,345,351
1.87,-10.65,2.60,-0.23,0.76,-0.29,502,453,441,345,351
3.60,-10.55,2.43,-0.32,0.77,-0.18,502,453,441,345,351
4.58,-10.09,1.81,-0.57,0.64,-0.21,502,453,441,345,351
4.67,-10.11,1.64,-0.57,0.52,-0.08,502,454,441,345,351
4.90,-9.42,1.58,-0.67,0.37,-0.06,502,454,441,345,351
4.31,-8.94,0.88,-0.67,0.21,-0.06,501,454,441,345,351
4.29,-8.52,-0.41,-0.65,0.10,-0.06,501,454,440,344,351
3.93,-8.82,-0.90,-0.67,0.01,-0.11,501,453,441,345,351
4.08,-9.01,-1.64,-0.68,-0.00,-0.06,501,453,440,345,351
3.96,-8.81,-2.14,-0.71,-0.11,-0.10,501,454,441,344,351
3.53,-7.99,-2.97,-0.69,-0.09,0.01,501,453,441,344,351
3.32,-7.58,-3.85,-0.65,-0.19,-0.05,501,453,441,345,351
3.27,-7.92,-4.37,-0.59,-0.23,-0.01,501,454,440,345,351
3.21,-7.64,-5.18,-0.62,-0.26,-0.02,501,453,441,345,350
3.29,-7.25,-5.45,-0.66,-0.33,-0.03,501,453,441,345,351
3.01,-6.49,-6.06,-0.72,-0.41,-0.05,501,453,441,345,351
2.33,-5.84,-6.36,-0.72,-0.45,-0.06,501,453,441,345,351
1.66,-4.70,-7.17,-0.73,-0.42,-0.05,501,453,441,345,351
END
0.59,-3.06,-7.82,-0.63,-0.41,-0.08,502,453,440,345,351
-0.82,-6.30,-7.13,-0.01,-0.06,-0.05,502,453,440,344,350
-1.05,-6.21,-6.84,-0.02,-0.03,-0.02,502,453,440,344,351
-1.25,-5.63,-7.63,0.09,0.04,-0.07,502,453,440,345,351
-0.49,-6.57,-7.11,0.14,0.06,-0.05,502,453,440,345,351
-1.07,-6.47,-6.42,0.17,0.06,-0.07,502,453,440,345,350
-1.15,-5.69,-6.15,0.21,0.14,-0.11,502,454,440,345,351
-1.44,-5.37,-5.43,0.40,0.31,-0.15,502,454,440,345,351
-1.06,-5.83,-3.47,0.58,0.46,-0.18,502,453,440,345,351
-0.03,-6.98,-4.28,0.72,0.68,-0.20,502,453,440,345,351
1.01,-7.62,-3.17,0.77,0.78,-0.26,502,453,440,345,351
1.95,-7.93,-2.48,0.86,0.83,-0.26,501,453,440,345,351
2.96,-9.88,-2.21,0.79,0.87,-0.26,501,453,440,345,351
3.07,-9.79,-1.14,0.67,0.88,-0.29,501,453,440,344,351
4.98,-10.66,-0.87,0.55,0.87,-0.29,501,453,440,345,351
4.15,-9.86,0.45,0.31,0.73,-0.18,501,453,440,344,351
3.91,-9.80,0.67,0.29,0.73,-0.24,501,453,440,344,351
3.58,-9.92,1.64,0.17,0.71,-0.24,501,453,440,345,351
4.03,-10.55,1.46,0.00,0.78,-0.27,501,453,440,345,351
4.31,-10.05,1.74,-0.19,0.73,-0.18,501,453,440,345,351
4.37,-9.54,0.94,-0.32,0.71,-0.11,501,453,440,344,351
4.36,-9.35,1.21,-0.36,0.65,-0.12,501,453,440,344,351
4.43,-9.32,1.39,-0.44,0.64,-0.09,501,453,440,345,351
4.85,-9.08,1.24,-0.46,0.54,-0.11,500,453,440,345,351
4.90,-8.94,0.80,-0.50,0.45,-0.05,500,453,440,344,351
5.09,-9.34,0.32,-0.53,0.27,-0.12,500,453,440,344,352
5.20,-9.48,-0.20,-0.59,0.18,-0.02,500,453,440,345,351
4.54,-9.75,0.11,-0.62,0.02,-0.08,500,453,440,345,351
5.18,-9.74,-0.47,-0.73,-0.05,-0.03,501,453,440,345,351
4.74,-8.94,-1.55,-0.83,-0.21,-0.06,501,453,440,345,351
3.98,-8.41,-2.63,-0.89,-0.29,-0.07,500,453,440,345,351
3.65,-7.80,-3.49,-0.75,-0.24,-0.10,500,453,440,344,351
4.07,-7.26,-4.50,-0.95,-0.35,-0.12,500,453,440,345,351
3.64,-6.33,-5.14,-0.91,-0.40,-0.08,501,453,440,345,351
3.47,-5.30,-6.33,-0.84,-0.44,-0.05,501,453,440,345,351
3.09,-4.77,-6.97,-0.77,-0.52,-0.07,500,453,440,345,350
END
-1.62,-7.05,-6.99,0.02,-0.04,-0.05,527,472,471,341,365
-0.70,-7.15,-5.38,0.45,0.31,-0.22,527,472,471,341,364
0.52,-8.58,-4.34,0.44,0.28,-0.19,527,471,471,341,365
0.34,-8.27,-4.58,0.43,0.33,-0.22,527,471,471,341,366
0.35,-8.43,-3.99,0.48,0.39,-0.20,527,471,471,341,365
0.35,-7.49,-2.76,0.49,0.45,-0.25,527,471,470,341,364
1.46,-8.34,-2.18,0.66,0.55,-0.24,526,471,470,341,364
1.67,-9.09,-1.50,0.64,0.65,-0.28,526,471,471,340,364
2.50,-10.16,-0.72,0.58,0.71,-0.30,526,471,470,341,364
2.00,-9.17,-0.40,0.47,0.78,-0.25,526,471,470,341,365
3.37,-10.06,1.11,0.44,0.82,-0.30,526,471,470,340,364
3.69,-9.63,0.93,0.29,0.81,-0.28,526,471,470,341,365
4.07,-9.64,1.82,0.20,0.77,-0.16,526,471,471,341,365
3.24,-8.74,1.61,0.18,0.79,-0.10,525,471,470,341,365
3.70,-9.55,2.38,0.13,0.62,-0.19,525,471,471,341,365
3.15,-10.35,2.97,0.01,0.67,-0.17,525,471,470,341,365
3.40,-9.65,2.67,-0.14,0.62,-0.18,524,471,470,341,365
3.35,-9.82,2.60,-0.25,0.59,-0.14,524,470,470,341,365
2.63,-9.73,2.51,-0.30,0.59,-0.07,524,470,470,341,365
2.77,-10.29,2.23,-0.40,0.56,-0.04,524,470,470,341,365
3.46,-9.84,1.79,-0.49,0.53,-0.02,524,470,470,341,365
3.36,-9.51,1.11,-0.59,0.45,-0.04,524,470,470,341,365
3.34,-9.32,0.90,-0.57,0.39,-0.04,524,470,470,341,365
3.59,-9.29,0.24,-0.61,0.27,0.02,524,470,470,341,365
3.10,-9.83,-0.09,-0.66,0.17,0.01,524,470,470,341,365
2.46,-9.74,-0.93,-0.75,0.13,0.04,524,470,470,341,365
2.46,-9.53,-1.41,-0.77,0.06,0.03,523,470,470,341,365
2.33,-9.21,-2.45,-0.82,0.03,0.06,524,470,470,341,364
2.44,-8.64,-3.32,-0.88,-0.01,0.07,524,470,469,341,364
2.34,-7.98,-3.67,-0.86,-0.03,0.10,524,469,469,341,365
2.25,-6.88,-4.89,-0.83,-0.03,0.13,524,470,469,341,365
1.33,-6.60,-5.80,-0.82,0.02,0.14,524,470,469,341,365
1.73,-5.46,-6.29,-0.79,0.07,0.06,524,470,469,341,364
2.15,-4.96,-7.19,-0.72,-0.00,0.00,524,470,469,341,365
1.72,-5.05,-8.13,-0.63,-0.04,0.07,524,470,469,341,364
1.88,-5.06,-8.08,-0.64,-0.15,0.04,524,470,469,341,364
END
1.29,-3.04,-8.69,-0.59,-0.20,0.05,522,469,467,341,362
-2.71,-7.09,-6.32,-0.04,0.02,0.11,522,469,467,341,362
-0.80,-8.00,-5.82,-0.05,-0.11,-0.14,522,469,467,341,362
-1.84,-7.19,-6.45,-0.05,0.02,0.05,522,468,467,341,362
-1.62,-6.68,-6.35,-0.04,-0.02,-0.00,522,469,467,341,362
-2.45,-5.53,-5.87,0.08,0.03,-0.07,522,469,467,341,362
-1.70,-4.63,-6.29,0.29,0.17,-0.15,522,469,467,341,362
-2.74,-3.91,-4.69,0.57,0.31,-0.13,522,469,467,341,362
-1.19,-5.50,-3.58,1.01,0.44,-0.36,522,469,467,341,362
-0.06,-7.57,-2.07,1.18,0.52,-0.64,522,469,467,341,362
1.16,-8.59,-0.08,1.20,0.57,-0.73,522,469,467,341,362
3.19,-10.34,-0.35,1.00,0.61,-0.61,522,469,467,341,362
3.87,-10.70,1.08,0.79,0.57,-0.42,522,469,467,341,361
2.68,-11.17,1.09,0.63,0.65,-0.25,522,469,467,341,362
2.30,-10.41,1.94,0.49,0.72,-0.30,522,469,467,341,362
2.61,-9.35,2.71,0.36,0.78,-0.32,522,469,467,340,362
2.66,-8.79,3.06,0.31,0.83,-0.38,522,469,466,341,362
3.19,-9.32,4.07,0.22,0.91,-0.35,522,468,467,341,362
2.89,-9.75,4.39,0.09,0.96,-0.52,522,469,467,341,362
3.78,-9.46,4.34,-0.17,1.02,-0.40,521,469,467,341,362
4.11,-9.53,4.40,-0.25,0.89,-0.49,521,468,467,341,362
4.06,-9.41,4.49,-0.41,0.82,-0.41,521,468,467,341,362
4.52,-9.37,4.08,-0.60,0.64,-0.35,521,468,466,341,362
4.22,-10.57,4.21,-0.76,0.53,-0.31,521,468,467,341,362
4.62,-9.91,3.39,-0.94,0.42,-0.27,520,468,466,341,362
4.34,-9.44,1.82,-1.11,0.21,-0.18,520,468,466,341,362
4.08,-9.20,0.91,-1.09,0.13,-0.08,520,468,466,341,362
4.47,-8.82,-0.28,-1.19,-0.03,-0.02,520,468,466,341,362
3.78,-7.74,-1.88,-1.19,-0.05,0.12,520,468,466,340,362
3.45,-7.52,-2.53,-1.15,-0.17,0.07,520,468,466,341,362
3.53,-7.24,-3.27,-1.07,-0.16,0.06,520,468,466,341,362
3.11,-6.34,-4.87,-1.09,-0.23,0.03,520,468,466,341,362
2.30,-5.67,-5.55,-0.96,-0.32,-0.00,520,468,466,341,362
2.18,-4.64,-7.28,-0.87,-0.31,0.05,520,468,466,341,362
1.59,-3.78,-7.57,-0.63,-0.31,-0.01,520,468,466,341,362
0.80,-2.97,-8.52,-0.54,-0.24,0.11,520,467,466,341,362
END
0.70,-2.66,-9.15,-0.34,-0.24,0.05,519,466,464,341,359
-1.09,-7.58,-6.51,0.05,0.04,-0.04,519,466,464,341,360
-1.13,-7.01,-6.67,0.06,0.02,-0.05,519,467,464,341,359
-1.11,-7.19,-6.32,0.09,0.02,-0.05,519,466,464,341,359
-0.80,-7.34,-6.68,0.07,0.02,-0.07,519,467,464,341,359
-1.30,-6.53,-6.08,0.12,0.03,-0.09,519,467,464,341,359
-1.34,-5.39,-5.34,0.30,0.11,-0.15,519,467,464,341,360
-1.55,-5.08,-4.88,0.74,0.23,-0.20,519,466,464,341,359
-1.33,-5.35,-3.29,0.90,0.26,-0.39,519,467,464,341,359
0.36,-7.87,-2.96,1.17,0.53,-0.53,519,466,464,341,359
0.90,-9.66,-1.79,0.92,0.60,-0.46,519,466,464,342,359
1.41,-10.67,-0.65,0.80,0.78,-0.37,519,466,464,341,359
2.05,-10.72,0.31,0.63,0.82,-0.35,519,467,463,341,359
2.31,-10.50,1.54,0.43,0.90,-0.37,519,467,464,341,359
2.75,-10.18,1.48,0.24,0.88,-0.36,519,467,464,341,359
2.99,-10.26,2.51,0.15,0.91,-0.31,519,466,463,341,359
3.25,-9.59,1.95,0.02,0.92,-0.35,519,466,464,341,359
3.34,-9.20,1.97,-0.04,0.95,-0.32,519,466,464,341,359
4.28,-9.50,2.18,0.10,1.13,-0.31,519,467,463,341,359
3.63,-9.27,2.54,-0.20,0.88,-0.25,518,467,463,341,360
3.22,-9.39,3.26,-0.37,0.73,-0.27,518,466,463,341,359
3.47,-9.83,2.97,-0.47,0.73,-0.26,518,466,463,341,359
4.80,-10.37,3.24,-0.62,0.64,-0.27,518,466,463,341,359
5.23,-10.38,2.44,-0.84,0.56,-0.23,517,466,463,341,359
4.46,-9.29,1.35,-0.96,0.42,-0.19,517,466,463,341,359
5.03,-8.39,-0.04,-1.00,0.32,-0.10,517,466,463,341,359
5.06,-8.51,-0.48,-0.98,0.15,-0.01,517,466,463,341,360
5.00,-8.15,-1.69,-1.00,-0.03,0.03,517,466,463,342,359
4.54,-8.03,-2.61,-1.00,-0.14,0.04,517,466,463,341,359
4.13,-7.28,-4.02,-1.05,-0.26,0.04,517,466,463,341,359
3.27,-6.86,-4.84,-1.07,-0.31,0.04,517,466,463,341,359
3.49,-6.35,-5.26,-1.08,-0.29,0.08,516,466,462,341,359
2.45,-5.17,-6.92,-0.95,-0.28,0.12,516,466,462,341,360
2.38,-4.41,-7.42,-0.93,-0.42,0.02,516,466,462,341,359
1.32,-2.72,-8.37,-0.83,-0.40,0.10,516,465,462,341,360
0.95,-2.10,-8.54,-0.69,-0.32,0.06,516,465,462,341,359
END
0.14,-0.48,-9.47,-0.44,-0.27,-0.03,516,465,460,342,357
-2.11,-5.25,-6.28,0.31,0.17,-0.23,516,465,460,342,357
-1.79,-4.72,-6.35,0.51,0.22,-0.37,516,465,460,342,357
-0.34,-5.66,-5.52,0.75,0.38,-0.51,516,465,460,342,357
0.09,-8.33,-3.86,0.78,0.43,-0.20,516,465,460,342,357
-0.95,-8.17,-2.30,0.67,0.45,-0.33,516,465,460,342,357
0.55,-8.94,-2.25,0.71,0.60,-0.30,516,464,460,342,357
0.98,-8.58,-0.34,0.67,0.65,-0.32,516,465,460,342,357
2.56,-10.06,-0.45,0.90,0.74,-0.48,516,465,460,342,357
2.60,-9.87,0.62,0.53,0.75,-0.46,515,465,460,342,357
3.03,-10.16,0.48,0.43,0.89,-0.37,516,465,460,342,357
2.91,-9.28,0.55,0.24,0.93,-0.32,515,465,460,342,357
3.65,-9.12,1.36,0.16,0.91,-0.38,516,465,460,342,357
4.53,-9.26,1.91,0.16,0.90,-0.32,516,464,460,342,357
4.85,-9.43,2.61,0.08,0.79,-0.41,515,464,460,342,357
4.94,-9.44,3.46,-0.08,0.75,-0.31,515,464,460,342,357
4.43,-9.68,3.50,-0.29,0.67,-0.34,515,464,460,342,358
5.04,-9.63,3.22,-0.41,0.64,-0.25,515,464,460,342,358
4.69,-9.77,3.17,-0.47,0.57,-0.20,515,464,460,342,358
4.77,-9.55,2.20,-0.60,0.44,-0.14,515,464,460,342,358
4.52,-9.31,1.74,-0.66,0.36,-0.10,515,464,459,342,358
4.53,-9.04,1.06,-0.79,0.29,-0.06,515,464,460,342,358
4.99,-8.93,0.61,-0.88,0.10,-0.14,515,465,460,342,358
5.65,-8.92,-0.65,-1.00,-0.00,-0.02,515,464,460,342,358
4.85,-8.36,-1.23,-1.10,-0.14,0.01,515,464,460,342,358
4.00,-7.57,-3.02,-1.03,-0.19,0.03,515,464,459,342,358
3.85,-7.34,-3.60,-0.86,-0.20,-0.01,515,464,459,342,358
3.75,-6.68,-4.37,-0.84,-0.17,0.13,514,464,459,342,358
3.61,-6.35,-5.05,-0.76,-0.21,0.08,514,464,459,342,358
3.15,-6.32,-5.60,-0.84,-0.32,0.13,514,464,459,341,358
3.03,-5.76,-6.45,-0.82,-0.37,0.08,514,464,459,342,358
2.61,-5.29,-7.50,-0.84,-0.41,0.08,515,464,459,342,358
2.33,-4.38,-8.13,-0.85,-0.44,0.09,514,464,459,341,358
1.66,-3.07,-8.74,-0.84,-0.54,0.09,514,464,459,342,358
-0.29,-1.13,-9.06,-0.64,-0.47,0.10,515,464,459,342,358
-0.87,0.56,-9.91,-0.38,-0.38,0.07,516,464,459,342,358
END
-1.15,0.20,-10.04,-0.08,-0.14,0.05,514,464,459,342,357
-1.36,-7.16,-6.41,-0.06,-0.00,0.06,514,464,458,342,356
-1.60,-6.68,-6.61,-0.01,0.01,0.07,514,464,458,341,356
-1.63,-6.76,-6.63,0.01,0.04,0.22,514,463,458,341,356
-1.99,-6.39,-6.39,0.00,-0.02,0.06,514,464,458,341,357
-2.86,-5.35,-6.03,0.20,0.12,-0.05,514,464,458,341,356
-3.42,-5.10,-4.91,0.40,0.30,-0.00,514,464,458,342,356
-2.41,-4.62,-4.06,0.65,0.40,-0.18,514,464,459,341,357
-1.61,-6.42,-4.13,0.92,0.63,-0.24,514,464,458,342,357
-1.22,-6.99,-2.16,1.09,0.74,-0.44,514,464,458,341,357
0.91,-8.09,-2.73,1.25,0.84,-0.88,514,464,458,342,356
2.10,-9.13,0.45,1.21,0.93,-0.59,514,464,458,341,356
3.27,-10.63,0.92,0.97,0.89,-0.69,515,464,458,341,357
4.57,-10.97,2.00,0.67,0.95,-0.40,515,464,458,342,357
3.70,-10.21,2.30,0.45,0.97,-0.41,514,464,458,341,356
4.92,-9.27,3.09,0.46,0.84,-0.45,514,464,458,341,357
4.47,-8.16,3.30,0.27,0.75,-0.48,514,464,459,342,357
4.07,-8.83,4.29,0.19,0.66,-0.41,514,464,458,341,357
4.04,-9.40,4.95,-0.19,0.59,-0.60,514,463,459,341,357
4.34,-9.52,4.79,-0.24,0.70,-0.46,514,463,459,341,357
4.81,-10.21,4.47,-0.54,0.65,-0.36,513,464,459,342,357
5.11,-10.43,4.59,-0.78,0.54,-0.32,513,463,459,341,357
6.38,-10.13,3.53,-0.98,0.38,-0.27,513,463,459,341,358
6.14,-9.17,2.42,-1.16,0.24,-0.15,512,463,458,342,358
5.45,-8.20,0.77,-1.24,0.00,-0.11,512,463,458,342,358
4.67,-7.59,-0.19,-1.26,-0.14,-0.09,511,462,458,342,358
4.27,-6.81,-2.05,-1.04,-0.15,0.06,512,463,458,342,359
4.51,-7.28,-2.65,-0.94,-0.22,0.08,511,463,458,342,359
4.08,-7.79,-3.36,-0.92,-0.22,0.15,511,463,458,342,359
3.65,-6.85,-4.57,-0.89,-0.25,0.14,511,463,458,342,359
3.51,-6.77,-4.95,-0.82,-0.25,0.10,511,463,458,342,359
3.68,-6.16,-5.74,-0.78,-0.29,0.13,511,463,458,342,359
3.04,-5.32,-6.10,-0.71,-0.33,0.10,512,463,458,342,359
1.71,-4.85,-7.61,-0.71,-0.33,0.16,512,462,458,342,359
1.19,-4.51,-7.29,-0.69,-0.24,0.17,511,463,458,342,359
1.86,-4.40,-7.86,-0.70,-0.23,0.24,511,463,458,342,359
END
1.23,-2.56,-8.86,-0.57,-0.14,0.27,513,463,457,341,356
0.33,-7.57,-6.75,0.03,0.20,0.01,513,463,457,341,356
-0.85,-7.80,-6.32,-0.01,0.31,0.25,513,463,457,341,356
-0.93,-7.63,-5.95,-0.04,0.21,0.08,513,462,457,342,356
-0.83,-7.12,-6.37,0.01,0.21,0.18,513,463,457,342,356
-1.21,-6.58,-5.84,0.13,0.09,-0.02,513,463,457,341,356
-2.15,-5.33,-5.03,0.38,0.11,-0.11,513,463,457,342,356
-2.92,-5.21,-3.57,0.58,0.32,-0.11,513,463,457,342,356
-1.59,-6.94,-2.28,0.87,0.53,-0.32,512,462,457,342,356
-0.50,-7.95,-1.85,0.83,0.64,-0.49,512,462,457,341,356
1.33,-7.89,-1.92,0.99,0.76,-0.64,512,462,457,341,356
1.67,-8.68,-1.26,1.01,0.91,-0.50,512,462,457,341,356
3.97,-10.07,0.56,1.03,0.84,-0.57,512,462,456,341,356
4.93,-11.29,1.34,0.76,0.85,-0.42,512,462,457,342,357
4.44,-12.03,3.47,0.51,0.89,0.05,512,462,457,342,357
2.08,-10.29,1.15,0.18,0.85,0.01,511,462,456,342,357
3.47,-9.52,2.24,0.19,0.79,-0.25,511,462,457,341,357
2.33,-9.11,2.81,0.09,0.86,-0.03,511,462,457,342,357
3.43,-10.19,3.92,-0.09,0.65,-0.28,511,462,457,342,357
3.40,-9.88,3.28,-0.33,0.68,-0.20,510,462,457,342,357
2.95,-9.26,3.35,-0.37,0.56,-0.25,511,462,457,342,357
2.65,-9.67,3.21,-0.46,0.57,-0.16,510,462,457,342,358
2.95,-10.04,3.09,-0.61,0.52,-0.24,510,462,457,342,357
3.59,-9.58,2.38,-0.70,0.50,-0.10,510,462,457,342,357
3.49,-9.62,1.89,-0.76,0.34,-0.13,510,462,457,341,357
3.52,-9.21,0.27,-0.82,0.34,-0.07,511,462,457,342,357
3.52,-9.22,-0.06,-0.84,0.21,-0.07,511,462,456,342,358
3.96,-8.76,-1.63,-0.85,0.09,-0.08,510,462,457,341,357
4.03,-9.05,-1.82,-0.86,-0.04,-0.04,510,462,456,342,357
3.33,-8.53,-2.96,-0.91,-0.13,-0.01,510,462,456,342,357
2.94,-7.56,-3.93,-0.87,-0.15,0.07,510,462,456,341,357
2.72,-7.04,-5.28,-0.87,-0.25,0.00,510,462,456,341,357
2.28,-7.01,-5.48,-0.84,-0.25,0.05,510,461,456,342,357
1.74,-6.90,-5.85,-0.80,-0.26,0.03,510,462,456,341,357
2.45,-6.06,-6.25,-0.89,-0.28,0.03,509,461,456,342,357
1.18,-4.12,-7.80,-0.89,-0.32,0.20,510,462,456,342,357
END
0.39,-2.33,-8.59,-0.75,-0.33,0.11,510,461,456,342,357
-1.27,-6.51,-6.41,0.02,0.01,-0.05,510,462,456,342,357
-1.00,-6.46,-6.43,0.13,0.06,-0.07,510,461,456,342,357
-1.00,-6.93,-6.22,0.15,0.07,-0.13,510,461,456,342,357
-1.32,-6.14,-5.28,0.22,0.13,-0.14,510,461,456,342,357
-1.88,-4.92,-4.86,0.50,0.26,-0.24,510,461,456,342,356
-0.65,-7.42,-4.54,0.68,0.50,-0.30,510,461,456,341,357
0.56,-9.02,-2.61,0.66,0.61,-0.24,509,461,456,342,357
1.43,-8.92,-3.64,0.61,0.68,-0.27,509,461,455,342,357
2.36,-8.58,-2.73,0.68,0.66,-0.27,509,461,456,342,357
2.79,-8.97,-1.87,0.74,0.61,-0.29,510,461,456,342,358
2.66,-8.97,-1.31,0.69,0.60,-0.38,510,461,456,342,357
3.47,-9.91,-0.11,0.65,0.61,-0.38,510,461,456,342,358
3.18,-10.16,0.83,0.41,0.65,-0.34,509,461,456,342,357
3.55,-10.49,1.44,0.24,0.70,-0.28,510,461,456,342,357
3.65,-9.75,2.27,0.04,0.72,-0.27,509,461,456,342,357
3.41,-8.59,1.97,-0.01,0.76,-0.15,509,461,456,342,357
3.57,-9.06,2.48,0.04,0.76,-0.15,509,461,455,342,357
3.61,-8.92,2.22,-0.00,0.74,-0.14,509,461,455,342,357
4.03,-8.99,2.63,-0.04,0.67,-0.15,509,461,456,342,357
3.21,-9.32,3.04,-0.11,0.65,-0.15,509,461,456,342,357
3.63,-9.71,2.99,-0.24,0.69,-0.14,509,461,456,342,357
4.28,-9.44,2.35,-0.37,0.63,-0.16,509,461,456,342,357
3.75,-9.61,2.25,-0.47,0.55,-0.09,509,461,456,342,357
3.57,-10.16,2.38,-0.60,0.50,-0.04,509,461,456,342,357
3.78,-9.79,1.81,-0.71,0.40,-0.13,509,461,456,342,357
3.85,-9.55,1.38,-0.75,0.30,-0.06,509,461,455,342,357
3.47,-9.09,0.02,-0.74,0.19,-0.04,509,461,456,341,357
3.65,-9.10,-0.64,-0.76,0.13,-0.01,508,461,455,342,358
3.29,-9.05,-1.11,-0.81,0.05,-0.02,509,461,455,342,358
3.53,-9.02,-1.82,-0.83,0.01,-0.05,509,461,455,342,358
3.54,-8.11,-3.35,-0.86,-0.02,-0.00,508,461,455,342,358
3.23,-7.74,-4.13,-0.87,-0.08,0.02,509,461,455,342,358
2.96,-7.33,-4.67,-0.77,-0.09,0.06,509,461,455,342,358
2.71,-6.88,-5.91,-0.82,-0.15,0.03,509,462,456,342,358
2.80,-6.37,-5.89,-0.78,-0.19,0.09,509,461,455,342,358
END
2.34,-5.14,-6.91,-0.84,-0.30,0.02,510,461,455,342,357
-0.62,-6.44,-6.35,0.11,0.06,-0.06,510,461,455,341,357
-0.47,-6.21,-6.50,0.26,0.10,-0.10,510,461,455,342,357
-0.98,-6.18,-5.42,0.33,0.12,-0.16,510,461,455,342,357
-0.78,-7.24,-4.78,0.47,0.29,-0.22,510,461,455,342,357
-1.21,-6.60,-3.54,0.50,0.43,-0.38,510,461,455,342,357
1.36,-7.22,-3.32,0.74,0.53,-0.58,510,461,455,342,357
2.53,-8.05,-2.78,0.70,0.64,-0.43,510,461,455,342,358
3.57,-8.98,-0.84,0.64,0.69,-0.33,509,461,455,342,358
3.59,-10.05,-1.23,0.48,0.83,0.23,509,461,455,342,358
2.64,-9.91,0.10,0.45,0.85,-0.18,509,461,455,342,358
3.96,-10.11,-0.16,0.38,0.84,-0.27,509,461,455,342,358
3.92,-9.60,0.64,0.31,0.91,-0.14,509,461,455,342,357
3.95,-10.02,1.18,0.14,0.76,-0.30,509,461,455,342,358
3.80,-9.06,0.99,0.11,0.98,-0.10,509,461,455,342,358
4.08,-9.11,2.07,0.02,0.80,-0.25,509,461,455,342,358
4.47,-9.35,2.53,-0.04,0.72,-0.16,509,461,455,342,358
4.53,-9.22,1.89,-0.13,0.53,-0.20,509,461,455,342,358
3.52,-9.04,2.25,-0.10,0.60,0.05,509,461,455,342,358
3.91,-9.35,2.43,-0.13,0.46,-0.16,508,461,455,342,358
3.49,-9.02,2.34,-0.18,0.48,-0.05,509,461,455,342,358
3.63,-9.17,2.18,-0.23,0.41,-0.10,509,461,455,342,358
3.18,-9.20,2.12,-0.32,0.42,-0.14,508,461,454,342,358
3.55,-9.47,2.35,-0.39,0.44,-0.11,508,461,455,342,358
3.35,-9.46,2.17,-0.49,0.42,-0.11,508,461,454,342,358
3.88,-9.57,1.35,-0.52,0.35,-0.15,508,461,455,342,358
3.55,-9.57,0.72,-0.64,0.30,-0.14,508,461,454,342,358
4.10,-9.66,0.03,-0.69,0.23,-0.10,508,461,455,341,358
4.29,-9.66,-0.25,-0.77,0.13,-0.06,508,461,455,342,359
4.65,-8.94,-1.14,-0.82,-0.03,-0.01,508,461,454,342,359
4.21,-8.34,-2.18,-0.89,-0.18,-0.01,508,461,455,342,358
3.12,-7.95,-2.94,-0.81,-0.15,0.09,508,461,454,342,359
3.21,-7.67,-3.98,-0.82,-0.21,0.06,508,461,454,342,359
2.58,-7.04,-4.72,-0.78,-0.20,0.10,508,460,454,342,359
2.44,-6.70,-5.20,-0.77,-0.23,0.07,508,460,454,342,359
2.25,-6.10,-6.64,-0.78,-0.21,0.12,508,460,455,342,358
END
2.44,-5.61,-6.14,-0.86,-0.34,0.03,509,460,454,342,358
-0.74,-6.10,-6.60,0.04,0.07,-0.04,508,460,454,342,358
-0.73,-5.55,-6.24,0.19,0.15,-0.08,509,460,454,342,358
-1.11,-5.50,-5.17,0.44,0.29,-0.19,509,460,454,342,358
0.59,-6.97,-5.40,0.60,0.45,-0.26,509,461,454,342,358
0.80,-7.18,-4.31,0.56,0.50,-0.24,509,460,454,342,358
1.08,-7.62,-4.16,0.73,0.57,-0.38,509,460,454,342,358
2.33,-8.48,-2.28,0.74,0.61,-0.34,508,460,454,342,358
3.85,-9.32,-1.71,0.74,0.66,-0.34,508,460,454,342,357
3.18,-8.90,-1.02,0.52,0.63,-0.27,508,460,454,342,358
3.73,-9.38,0.19,0.55,0.64,-0.33,508,460,454,342,358
3.90,-9.26,-0.18,0.42,0.68,-0.32,508,460,454,341,358
3.74,-9.03,0.60,0.36,0.77,-0.26,507,460,454,342,358
4.49,-9.57,1.00,0.23,0.81,-0.25,508,460,454,342,358
4.59,-9.86,2.09,0.06,0.78,-0.26,508,460,454,342,358
4.67,-9.42,2.70,-0.04,0.82,-0.19,507,460,454,342,358
4.64,-9.29,3.27,-0.22,0.74,-0.23,508,460,454,342,358
4.56,-8.81,3.09,-0.27,0.71,-0.25,507,460,454,342,358
4.72,-8.47,2.62,-0.34,0.65,-0.21,507,460,454,342,358
4.58,-8.91,2.79,-0.32,0.63,-0.16,507,460,454,342,358
5.20,-9.19,2.68,-0.42,0.54,-0.17,507,460,454,342,358
5.00,-9.53,2.89,-0.55,0.42,-0.10,507,460,454,342,358
5.04,-9.43,2.16,-0.62,0.40,-0.04,507,460,454,342,358
5.20,-9.40,1.84,-0.76,0.31,-0.06,507,460,454,342,358
5.12,-9.00,0.90,-0.84,0.15,-0.05,507,460,454,342,358
4.35,-8.78,-0.16,-0.85,0.13,0.04,507,460,454,342,358
4.52,-8.28,-0.88,-0.89,0.02,0.02,507,460,454,342,359
4.59,-8.28,-1.90,-0.82,-0.08,0.02,507,460,454,342,359
4.47,-7.85,-3.00,-0.84,-0.11,0.13,506,460,454,342,359
4.89,-7.73,-3.75,-0.84,-0.18,0.22,507,460,454,342,359
3.17,-6.81,-4.77,-0.76,-0.13,0.39,507,460,453,342,359
2.58,-6.64,-5.51,-0.70,-0.25,0.18,506,459,453,342,359
2.22,-6.33,-5.76,-0.61,-0.23,0.16,507,460,453,342,358
2.03,-6.21,-6.31,-0.59,-0.27,0.12,507,460,453,342,359
1.40,-5.99,-6.63,-0.62,-0.26,0.10,507,460,453,342,358
1.52,-5.25,-7.35,-0.64,-0.25,0.10,507,460,454,342,359
END
1.56,-4.70,-7.57,-0.67,-0.23,0.13,507,460,453,342,357
-0.76,-6.58,-5.95,0.11,0.05,-0.14,507,460,453,342,357
-0.88,-6.02,-6.22,0.26,0.19,-0.13,507,460,454,342,357
-0.41,-6.18,-5.19,0.45,0.29,-0.16,507,460,453,342,357
0.29,-7.14,-4.39,0.63,0.39,-0.26,507,460,453,342,357
1.16,-8.04,-2.74,0.70,0.37,-0.43,507,460,453,342,357
1.18,-8.36,-3.02,0.64,0.59,-0.30,507,460,453,342,357
0.93,-7.85,-1.61,0.64,0.68,-0.40,506,460,453,342,357
2.62,-9.01,-1.10,0.66,0.82,-0.44,506,460,453,342,357
3.85,-9.43,0.67,0.48,0.84,-0.56,506,460,453,342,357
5.48,-8.94,0.02,0.47,0.84,-0.36,506,460,453,342,357
5.79,-9.29,0.92,0.42,0.76,-0.38,506,460,453,342,357
5.81,-9.77,2.22,0.27,0.70,-0.25,506,459,453,342,357
5.05,-10.42,2.65,-0.00,0.69,-0.24,506,460,453,342,357
5.03,-9.20,2.20,-0.16,0.68,-0.20,506,459,453,342,357
4.08,-9.14,2.33,-0.28,0.61,-0.30,506,459,453,342,357
4.59,-9.04,2.82,-0.44,0.62,-0.53,506,459,453,342,357
5.66,-8.41,2.49,-0.53,0.71,-0.23,505,459,453,342,357
6.02,-8.46,2.11,-0.61,0.58,-0.24,505,459,453,342,359
6.50,-8.36,2.02,-0.67,0.53,-0.03,505,459,453,342,357
6.87,-8.50,1.66,-0.71,0.33,-0.12,506,459,453,342,358
5.90,-8.44,0.93,-0.74,0.25,0.04,505,459,453,342,358
5.61,-8.32,0.17,-0.84,0.12,-0.12,505,459,453,342,358
5.81,-8.05,-0.29,-0.84,0.18,0.01,505,459,453,342,358
6.36,-8.23,-0.98,-0.88,0.03,0.00,505,459,453,342,358
6.34,-7.80,-2.00,-0.90,-0.01,0.11,505,459,453,342,358
6.18,-7.24,-2.63,-0.87,-0.19,0.06,505,459,453,342,358
5.25,-6.32,-3.81,-0.87,-0.29,0.13,505,459,453,342,358
4.49,-5.47,-4.97,-0.80,-0.37,0.13,505,459,453,342,358
4.15,-5.52,-5.34,-0.65,-0.39,0.12,505,459,453,342,358
3.83,-5.57,-5.67,-0.61,-0.37,0.18,505,459,453,342,358
3.27,-5.48,-5.99,-0.54,-0.37,0.18,505,459,453,342,358
2.98,-4.94,-7.39,-0.56,-0.32,0.16,505,459,453,342,358
1.39,-3.95,-8.07,-0.44,-0.15,0.30,506,460,453,342,358
2.30,-4.41,-8.17,-0.41,-0.30,0.10,505,460,453,342,358
1.86,-3.41,-8.11,-0.35,-0.31,0.15,506,460,453,342,358
END
-0.44,-1.64,-9.86,-0.36,-0.35,-0.04,507,460,453,342,357
0.46,-7.93,-6.15,0.10,0.05,-0.09,507,460,452,342,356
-0.17,-7.85,-5.89,0.07,0.06,-0.07,507,460,453,342,357
0.39,-8.23,-5.30,0.08,0.05,-0.06,507,460,453,342,356
0.04,-7.56,-5.52,0.02,0.01,-0.06,507,460,452,342,357
-0.71,-6.44,-5.56,0.12,0.07,-0.10,507,460,453,342,357
-1.07,-5.95,-5.08,0.32,0.23,-0.19,507,460,453,342,357
0.94,-6.70,-4.69,0.64,0.37,-0.32,507,460,453,342,357
1.16,-7.33,-3.81,0.57,0.32,-0.35,506,460,453,342,357
0.98,-7.62,-2.71,0.69,0.49,-0.23,506,460,453,342,357
1.02,-8.14,-2.41,0.66,0.53,-0.32,506,460,453,342,358
2.12,-8.89,-0.28,0.64,0.69,-0.27,506,460,453,342,357
2.96,-9.63,-0.90,0.62,0.82,-0.29,506,460,453,342,357
4.16,-9.55,0.44,0.49,0.75,-0.38,506,460,452,342,357
3.91,-9.30,0.60,0.46,0.75,-0.38,505,460,452,343,357
4.92,-9.10,2.22,0.32,0.69,-0.25,505,460,453,342,357
4.63,-8.83,1.78,0.16,0.66,-0.29,505,460,453,342,357
4.34,-9.16,3.09,0.15,0.67,-0.25,505,460,453,342,357
4.70,-9.53,2.73,0.00,0.59,-0.28,505,460,453,342,358
3.85,-9.72,3.63,-0.12,0.75,-0.08,505,459,453,342,357
3.63,-9.10,3.67,-0.13,0.80,-0.37,505,459,453,342,357
3.94,-8.63,3.49,-0.33,0.75,-0.36,505,460,453,341,357
4.38,-8.78,3.98,-0.45,0.72,-0.28,505,459,453,342,357
4.69,-8.89,3.40,-0.52,0.69,-0.21,505,459,453,343,357
4.41,-8.74,3.25,-0.52,0.62,-0.20,505,459,453,342,357
4.46,-8.66,2.93,-0.56,0.60,-0.14,504,459,452,342,357
4.82,-8.56,2.45,-0.63,0.50,-0.14,505,459,453,342,357
4.63,-8.81,1.92,-0.62,0.45,-0.06,505,459,453,342,358
5.61,-8.85,1.22,-0.65,0.30,-0.09,505,459,452,342,358
5.04,-9.14,1.16,-0.63,0.17,0.07,504,459,453,342,358
4.59,-9.55,0.29,-0.71,0.03,0.02,504,459,452,342,358
4.43,-9.38,-0.39,-0.80,0.02,0.06,504,459,452,342,358
4.32,-9.17,-0.95,-0.93,-0.07,0.07,504,459,452,342,358
4.09,-8.48,-2.12,-0.99,-0.10,0.16,504,459,452,342,358
3.82,-7.43,-3.34,-1.02,-0.23,0.09,504,459,452,342,358
3.09,-6.55,-4.39,-0.93,-0.29,0.14,504,459,452,342,358
END
2.55,-5.97,-5.08,-0.84,-0.37,0.10,504,459,451,343,356
-0.24,-7.19,-6.56,0.02,-0.00,-0.01,505,459,452,342,356
-0.39,-7.34,-6.68,0.00,0.00,-0.03,505,459,452,342,356
-0.39,-6.87,-6.93,-0.01,0.03,-0.01,505,459,452,342,356
-0.37,-6.55,-6.87,0.05,0.07,-0.02,505,459,452,342,356
-0.61,-6.07,-6.34,0.15,0.09,-0.03,505,459,452,342,356
-1.00,-5.40,-5.93,0.36,0.18,-0.15,505,459,452,342,356
-0.80,-4.97,-4.47,0.62,0.28,-0.34,505,459,451,342,356
0.46,-6.54,-3.70,0.83,0.53,-0.19,504,459,451,342,356
0.73,-8.03,-2.53,0.81,0.56,-0.34,504,459,451,342,356
1.08,-8.69,-3.14,0.87,0.69,-0.44,504,459,451,342,357
2.03,-9.52,-0.80,0.84,0.87,-0.38,504,459,452,342,356
2.99,-9.02,-1.23,0.67,0.89,-0.46,504,459,451,342,356
3.52,-9.19,1.07,0.61,0.91,-0.40,504,459,452,342,356
4.36,-9.60,1.63,0.36,0.91,-0.37,504,459,452,342,357
4.90,-10.52,2.66,0.18,0.93,-0.35,504,459,452,342,357
5.48,-10.29,3.04,-0.16,0.83,-0.29,504,458,452,342,357
3.99,-9.39,2.71,-0.20,0.88,-0.23,504,459,452,342,357
3.98,-9.09,2.70,-0.22,0.91,-0.31,503,458,452,342,357
4.67,-9.05,2.69,-0.38,0.93,-0.30,503,458,452,342,356
5.11,-8.84,2.66,-0.45,0.84,-0.30,503,458,452,342,357
5.42,-9.16,2.53,-0.50,0.73,-0.22,503,458,452,342,357
5.51,-9.15,2.69,-0.58,0.60,-0.15,503,458,452,342,357
5.86,-9.22,2.00,-0.64,0.42,-0.09,503,458,451,342,357
5.55,-9.40,1.67,-0.75,0.28,-0.05,503,458,452,342,357
5.70,-9.50,1.00,-0.83,0.13,-0.02,503,459,452,342,357
5.33,-9.22,-0.25,-0.94,-0.02,0.06,503,458,452,342,357
4.52,-8.56,-1.16,-0.96,-0.14,0.06,503,458,451,342,357
4.34,-8.09,-2.32,-1.03,-0.20,0.09,503,458,451,342,357
3.66,-7.54,-3.02,-0.94,-0.18,0.16,503,458,451,342,357
3.67,-7.06,-4.12,-0.97,-0.25,0.09,503,459,451,342,357
3.23,-6.17,-5.28,-0.84,-0.19,0.14,503,458,451,342,355
3.40,-6.06,-6.14,-0.81,-0.27,0.08,503,458,451,343,357
2.08,-5.41,-6.82,-0.73,-0.21,0.18,504,458,451,342,357
2.18,-4.79,-7.66,-0.69,-0.27,0.15,504,458,451,342,358
1.49,-3.78,-7.91,-0.60,-0.25,0.13,504,458,451,342,357
END
1.63,-3.66,-8.38,-0.44,-0.24,0.13,504,459,451,342,356
0.28,-7.14,-5.76,0.13,0.09,-0.07,504,458,451,342,357
0.47,-7.43,-5.15,0.15,0.14,-0.09,503,458,451,342,356
0.26,-7.19,-5.05,0.22,0.20,-0.15,503,458,451,342,357
0.34,-7.34,-3.83,0.32,0.29,-0.13,503,458,451,342,356
-0.11,-7.25,-4.02,0.46,0.47,-0.12,503,458,450,342,356
1.03,-7.65,-3.24,0.58,0.60,-0.19,503,458,451,342,356
1.47,-8.08,-2.51,0.60,0.67,-0.17,503,458,451,342,356
3.01,-8.66,-1.96,0.58,0.79,-0.13,503,458,451,342,357
2.38,-8.69,-2.03,0.50,0.73,0.06,503,458,451,342,357
2.38,-9.64,-0.98,0.59,0.82,-0.16,503,458,451,342,357
3.33,-9.45,-0.10,0.42,0.91,-0.12,503,458,451,342,357
3.64,-8.90,0.69,0.57,0.87,-0.27,503,458,451,342,357
4.31,-8.71,1.56,0.42,0.62,-0.54,503,458,451,342,356
4.39,-9.42,3.03,0.36,0.71,-0.28,503,458,450,342,356
3.22,-9.75,3.12,0.02,0.73,-0.13,503,458,451,342,357
3.23,-10.32,3.31,-0.05,0.72,-0.25,503,458,451,342,356
2.86,-10.18,3.35,-0.23,0.80,-0.07,503,458,451,342,356
3.09,-9.77,3.78,-0.32,0.78,-0.17,503,458,451,342,356
3.68,-9.50,3.35,-0.44,0.78,-0.12,503,458,451,342,356
3.84,-9.35,3.06,-0.43,0.71,-0.08,503,458,451,342,356
4.52,-9.83,2.84,-0.51,0.55,-0.10,503,458,451,342,356
4.17,-9.97,2.19,-0.63,0.38,-0.06,503,458,451,342,357
4.15,-9.58,1.34,-0.75,0.27,-0.07,503,458,451,342,357
3.89,-9.47,0.92,-0.80,0.14,-0.10,503,458,451,342,356
3.45,-9.18,-0.22,-0.88,0.08,-0.09,502,458,450,342,356
3.47,-8.54,-1.77,-0.94,-0.03,-0.12,503,458,450,342,356
2.89,-7.89,-2.74,-0.84,0.01,0.02,502,458,450,342,356
3.09,-7.85,-3.18,-0.82,-0.09,-0.02,502,457,451,342,357
3.01,-7.67,-4.19,-0.70,-0.10,0.07,503,458,451,342,356
2.90,-7.70,-4.64,-0.66,-0.11,0.09,503,458,451,342,356
2.78,-7.19,-5.13,-0.68,-0.17,0.08,503,458,451,342,356
2.12,-6.26,-6.14,-0.61,-0.17,0.06,503,458,451,342,356
1.98,-6.02,-6.53,-0.55,-0.14,0.12,503,458,451,342,356
1.89,-5.77,-6.96,-0.52,-0.16,0.08,503,458,451,342,356
1.63,-5.63,-7.30,-0.49,-0.16,0.11,503,458,451,342,357
END
1.65,-5.66,-7.58,-0.46,-0.20,0.06,503,458,450,342,355
-0.32,-7.05,-6.49,0.04,0.06,-0.05,503,458,450,342,355
-0.57,-6.70,-6.75,0.11,0.11,-0.01,503,458,450,342,356
-0.08,-7.40,-6.96,0.12,0.15,-0.01,503,458,450,342,355
0.31,-7.72,-6.30,0.08,0.11,-0.02,503,458,450,342,356
-0.60,-6.46,-5.48,0.09,0.09,-0.05,503,458,450,342,356
-1.08,-5.22,-5.75,0.29,0.24,-0.13,503,458,450,342,356
-0.77,-4.86,-5.81,0.57,0.37,-0.33,503,457,450,342,356
1.32,-7.19,-3.85,0.70,0.43,-0.27,503,458,450,342,356
0.88,-8.28,-3.52,0.74,0.60,-0.32,503,458,450,342,355
2.01,-8.51,-1.89,0.54,0.59,-0.37,503,458,450,342,355
1.59,-8.71,-1.97,0.56,0.59,-0.38,503,458,450,342,356
2.93,-9.06,-0.84,0.59,0.77,-0.39,503,458,450,342,356
3.57,-8.78,-0.69,0.47,0.81,-0.35,503,458,450,342,356
5.10,-9.25,0.51,0.44,0.86,-0.32,503,458,451,342,357
5.38,-9.34,0.09,0.29,0.84,-0.20,503,458,450,342,357
5.09,-9.97,1.74,0.24,0.83,-0.09,503,458,450,342,357
4.24,-9.29,2.21,0.00,0.77,-0.17,503,458,451,342,357
4.15,-9.73,2.68,-0.07,0.82,-0.18,503,458,451,342,357
4.16,-9.48,2.84,-0.24,0.84,-0.30,503,458,450,342,357
4.57,-8.61,2.77,-0.38,0.86,-0.33,503,458,451,342,357
5.00,-8.56,2.59,-0.40,0.81,-0.32,503,457,450,342,357
5.55,-8.54,2.43,-0.45,0.66,-0.32,503,458,450,342,357
5.61,-8.46,1.95,-0.52,0.57,-0.16,503,457,450,342,357
5.98,-9.15,2.14,-0.50,0.40,-0.13,503,457,450,342,357
6.01,-9.20,1.49,-0.61,0.27,-0.12,502,457,450,342,357
5.97,-9.04,0.85,-0.75,0.11,-0.07,502,457,450,342,357
5.39,-8.94,0.32,-0.75,0.00,-0.03,502,457,450,342,358
5.60,-8.67,-1.01,-0.85,-0.11,-0.02,502,458,450,342,357
4.87,-8.61,-1.77,-0.78,-0.17,0.07,502,458,450,342,357
4.40,-8.18,-2.96,-0.90,-0.15,0.25,502,458,450,342,357
3.85,-7.45,-3.35,-0.87,-0.18,0.15,502,458,450,342,357
4.44,-6.89,-4.26,-0.79,-0.19,0.17,502,457,450,342,357
4.01,-6.67,-4.90,-0.74,-0.24,0.14,502,458,450,342,357
3.02,-6.09,-5.71,-0.68,-0.25,0.16,503,457,450,342,357
2.39,-5.48,-6.44,-0.67,-0.26,0.12,503,457,450,342,357
END
2.62,-5.26,-7.57,-0.50,-0.23,0.22,503,458,450,342,356
-0.45,-7.08,-5.92,0.15,0.13,-0.15,504,458,450,342,357
-0.54,-7.36,-5.30,0.22,0.22,-0.13,504,457,450,342,357
0.07,-7.62,-5.27,0.30,0.30,-0.14,503,458,450,342,356
0.24,-7.78,-3.35,0.26,0.29,-0.09,503,458,450,342,357
0.34,-7.16,-4.13,0.44,0.36,-0.15,503,458,450,342,357
0.60,-7.59,-3.23,0.59,0.54,-0.10,503,458,450,342,356
1.77,-8.76,-2.98,0.68,0.67,-0.20,503,457,450,342,357
2.61,-9.23,-1.41,0.51,0.71,-0.15,502,457,450,342,356
1.92,-9.02,-2.07,0.59,0.89,0.04,502,457,450,344,357
2.74,-9.31,-1.16,0.49,0.64,-0.30,502,457,450,342,356
3.29,-9.10,-0.15,0.51,0.65,-0.22,502,457,450,342,357
3.33,-9.68,0.31,0.41,0.60,-0.33,502,457,450,342,357
3.14,-9.64,0.70,0.23,0.63,-0.25,502,457,450,342,357
2.67,-10.45,2.40,0.17,0.71,-0.15,502,458,450,342,357
3.22,-10.51,2.35,-0.05,0.72,-0.34,502,457,450,342,357
3.91,-10.04,2.33,-0.19,0.71,-0.26,502,457,450,342,357
3.46,-9.35,1.79,-0.24,0.71,-0.18,502,457,450,342,357
3.73,-9.07,2.15,-0.28,0.69,-0.16,502,457,450,342,356
3.88,-8.97,1.84,-0.30,0.66,-0.09,502,457,449,342,357
4.00,-9.31,1.89,-0.32,0.60,-0.13,502,457,450,342,357
3.86,-9.42,1.77,-0.36,0.56,-0.04,502,457,450,342,357
4.12,-9.35,1.25,-0.45,0.46,-0.04,501,457,450,342,357
4.11,-9.51,0.84,-0.52,0.42,-0.03,502,457,450,342,357
3.73,-9.57,1.11,-0.56,0.35,-0.05,501,457,450,342,357
4.51,-9.29,-0.13,-0.62,0.30,0.03,502,457,450,342,357
4.09,-9.15,0.18,-0.57,0.17,0.04,502,457,449,342,357
3.82,-9.27,-1.10,-0.67,0.04,0.09,502,457,449,342,357
3.42,-8.92,-1.79,-0.70,-0.01,0.16,501,457,450,342,357
2.81,-8.72,-2.71,-0.75,-0.05,0.13,502,457,449,342,357
2.70,-8.34,-3.08,-0.72,-0.01,0.15,501,457,449,342,357
3.07,-7.86,-3.89,-0.80,-0.09,0.06,501,457,449,342,357
2.03,-6.96,-4.75,-0.76,-0.00,0.20,502,457,450,342,357
1.99,-6.67,-5.66,-0.72,-0.11,0.01,501,457,450,342,357
1.78,-6.45,-5.78,-0.77,-0.12,0.09,502,458,450,343,357
2.20,-5.78,-6.52,-0.75,-0.15,0.08,502,457,450,342,357
END
1.13,-4.97,-7.78,-0.77,-0.18,0.15,503,457,449,342,356
-0.06,-6.81,-5.99,0.29,0.24,-0.14,503,457,449,342,356
-0.52,-6.67,-5.13,0.41,0.26,-0.20,503,457,449,342,356
0.40,-8.06,-4.37,0.43,0.31,-0.19,503,457,449,342,356
-0.27,-7.74,-4.32,0.37,0.35,-0.17,502,457,449,342,356
-0.29,-6.79,-2.80,0.51,0.52,-0.19,503,457,449,342,356
1.28,-7.14,-3.25,0.63,0.70,-0.31,502,457,449,342,356
2.27,-8.25,-1.27,0.66,0.77,-0.31,502,457,449,342,356
2.92,-9.63,-0.85,0.62,0.87,-0.17,502,457,449,342,356
3.23,-10.28,-0.42,0.38,0.82,-0.36,503,457,449,342,356
4.03,-10.34,0.37,0.36,0.94,-0.22,503,457,449,342,356
3.61,-9.25,0.61,0.15,0.87,-0.39,502,457,449,342,356
4.67,-9.09,2.14,0.19,0.90,-0.22,502,457,449,342,356
4.18,-9.48,2.04,0.05,0.83,-0.32,502,457,449,342,356
4.54,-9.86,2.69,-0.04,0.80,-0.23,502,457,449,342,356
4.49,-9.84,2.70,-0.17,0.80,-0.27,502,457,449,342,356
4.22,-9.03,2.58,-0.29,0.75,-0.29,502,457,449,342,356
4.35,-8.99,2.78,-0.41,0.78,-0.29,502,457,449,342,356
5.34,-8.26,1.84,-0.50,0.67,-0.33,502,457,449,342,356
5.10,-8.27,2.25,-0.46,0.63,-0.20,502,457,449,342,356
5.77,-8.79,1.95,-0.47,0.46,-0.17,502,457,449,342,357
5.61,-8.54,1.47,-0.49,0.36,-0.11,502,457,449,342,357
5.46,-8.94,0.89,-0.52,0.21,-0.07,502,457,449,342,357
5.35,-9.12,0.90,-0.54,0.16,-0.03,502,457,449,342,357
5.37,-9.36,0.27,-0.68,0.00,-0.03,501,457,449,342,357
5.05,-9.06,-0.04,-0.70,-0.06,0.03,501,457,449,342,357
4.99,-8.39,-1.27,-0.83,-0.16,-0.07,501,457,449,342,356
4.41,-7.67,-2.23,-0.76,-0.13,0.11,501,457,449,342,356
4.42,-7.49,-2.85,-0.77,-0.22,0.03,501,457,448,342,358
4.37,-7.19,-3.91,-0.68,-0.25,0.13,501,457,449,342,356
3.85,-7.21,-4.16,-0.66,-0.25,0.13,501,457,449,342,356
3.57,-6.63,-5.22,-0.67,-0.31,0.07,501,457,449,342,356
3.25,-5.74,-6.00,-0.60,-0.30,0.12,502,457,449,342,356
3.23,-5.33,-6.58,-0.61,-0.42,0.06,501,457,449,342,357
2.82,-5.77,-6.17,-0.51,-0.48,0.06,502,457,449,342,356
1.90,-5.39,-7.29,-0.54,-0.51,0.03,502,457,449,342,356
END
-0.22,-4.29,-8.15,-0.47,-0.37,0.02,501,457,449,342,356
0.43,-6.67,-5.94,0.16,0.14,-0.06,501,457,449,342,356
0.62,-6.73,-5.47,0.31,0.25,-0.11,501,457,449,342,356
0.85,-7.26,-4.47,0.38,0.35,-0.18,501,457,449,342,356
1.30,-7.93,-4.02,0.36,0.43,-0.19,502,457,449,342,356
1.19,-8.07,-3.77,0.39,0.51,-0.22,501,457,449,342,356
1.40,-8.10,-2.35,0.39,0.61,-0.18,501,457,449,342,356
2.53,-8.01,-1.93,0.46,0.73,-0.23,501,457,449,342,356
4.10,-8.73,-0.75,0.47,0.78,-0.19,501,457,449,342,356
4.54,-9.13,-2.00,0.44,0.84,-0.24,501,457,449,342,356
5.06,-9.01,-0.42,0.35,0.73,-0.26,501,457,448,342,356
4.87,-8.89,-0.76,0.29,0.68,-0.13,501,456,449,342,356
3.76,-8.20,-0.14,0.20,0.59,-0.24,501,456,448,342,356
5.20,-9.07,1.32,0.28,0.61,-0.22,501,457,449,342,356
4.85,-9.81,2.12,0.08,0.62,-0.20,501,457,449,342,356
4.98,-9.39,2.22,-0.02,0.65,-0.20,501,457,449,342,356
5.13,-9.35,2.07,-0.19,0.63,-0.09,501,457,449,342,357
4.18,-8.97,1.93,-0.25,0.64,-0.02,501,457,448,342,357
4.26,-8.89,2.32,-0.29,0.61,-0.14,501,457,449,342,357
4.65,-8.79,2.30,-0.33,0.62,-0.06,501,457,449,342,356
4.45,-8.54,1.81,-0.38,0.56,-0.07,501,457,448,342,357
4.72,-8.41,1.88,-0.38,0.51,-0.06,501,456,448,342,357
4.57,-8.55,1.89,-0.38,0.45,-0.05,501,456,449,342,356
4.68,-8.78,1.36,-0.41,0.36,-0.07,501,456,448,342,357
4.72,-8.72,0.98,-0.40,0.29,-0.02,501,456,448,342,357
4.54,-9.11,0.72,-0.41,0.21,-0.02,501,456,448,342,357
4.13,-9.24,0.55,-0.44,0.15,-0.00,501,457,448,342,357
4.17,-9.53,0.34,-0.53,0.10,0.02,501,457,448,342,357
4.16,-8.97,-0.62,-0.58,0.08,0.01,501,457,448,342,357
4.21,-8.96,-0.94,-0.65,-0.01,0.06,501,457,448,341,357
4.62,-8.83,-1.87,-0.63,-0.07,0.05,501,457,448,342,357
3.96,-8.81,-2.21,-0.74,-0.19,0.05,501,457,448,342,356
3.73,-7.84,-3.73,-0.77,-0.20,0.14,501,457,448,342,356
3.18,-7.59,-4.19,-0.77,-0.27,0.10,500,456,448,342,356
3.01,-7.38,-4.40,-0.74,-0.28,0.14,501,456,448,342,356
2.71,-6.97,-5.16,-0.80,-0.39,0.08,500,457,448,342,356
END
1.92,-6.21,-6.23,-0.79,-0.42,0.09,502,457,448,342,355
-0.76,-6.71,-6.22,0.17,0.19,-0.03,502,457,448,342,356
0.38,-7.81,-5.47,0.23,0.25,-0.05,502,457,448,342,356
0.65,-7.75,-5.22,0.17,0.18,-0.07,502,457,448,342,356
0.48,-7.19,-5.43,0.25,0.22,-0.13,502,457,448,342,355
-0.21,-6.98,-4.23,0.27,0.30,-0.09,502,457,448,342,355
-0.28,-7.07,-3.93,0.47,0.47,-0.21,502,457,448,342,356
0.32,-7.48,-3.22,0.64,0.64,-0.29,502,457,448,342,355
1.84,-8.28,-1.74,0.66,0.69,-0.43,501,457,448,342,355
3.48,-8.55,-1.23,0.60,0.72,-0.47,501,457,448,342,355
5.00,-8.55,-0.24,0.41,0.73,-0.43,501,456,448,342,356
4.70,-8.38,-0.68,0.45,0.73,-0.45,501,457,448,342,356
5.21,-9.68,1.14,0.36,0.73,-0.35,501,457,448,342,356
5.05,-9.73,0.90,0.17,0.70,-0.30,501,457,448,342,356
5.25,-10.09,1.54,-0.03,0.74,-0.19,501,457,448,342,356
4.84,-9.55,1.71,-0.15,0.75,-0.19,501,457,448,342,356
4.49,-8.58,2.12,-0.13,0.78,-0.16,501,456,448,342,356
5.31,-7.87,1.75,-0.24,0.78,-0.14,501,456,448,341,356
5.31,-7.93,1.59,-0.24,0.67,-0.15,501,456,448,342,356
5.37,-8.53,2.03,-0.17,0.60,-0.10,501,456,448,342,356
5.46,-9.05,2.62,-0.25,0.52,-0.07,500,456,448,342,356
4.91,-8.87,2.43,-0.35,0.50,-0.09,501,456,448,341,356
5.97,-9.50,2.72,-0.43,0.41,-0.12,501,456,448,342,356
5.37,-9.15,2.12,-0.55,0.34,-0.05,501,456,448,342,356
5.12,-8.66,0.95,-0.59,0.24,0.01,501,456,448,342,356
4.98,-8.59,0.51,-0.64,0.16,0.06,501,456,448,342,356
4.41,-8.49,0.11,-0.62,0.07,0.02,500,457,448,342,356
4.66,-8.77,-0.60,-0.65,0.08,0.07,500,456,448,342,356
4.28,-8.22,-1.42,-0.67,0.05,0.10,500,456,448,342,356
4.19,-8.43,-1.73,-0.63,0.02,0.08,500,456,448,342,356
4.42,-7.98,-2.80,-0.63,-0.04,0.05,500,456,448,342,356
4.73,-8.28,-2.93,-0.54,-0.14,0.07,500,456,448,342,356
3.90,-7.89,-3.88,-0.61,-0.25,0.05,500,456,448,342,356
3.27,-7.39,-4.46,-0.60,-0.22,0.10,500,456,448,342,356
3.07,-7.44,-4.92,-0.65,-0.27,0.09,500,457,448,342,357
2.17,-6.90,-5.45,-0.68,-0.27,0.02,501,456,448,342,356
END
2.68,-6.32,-5.89,-0.65,-0.23,0.13,501,456,448,342,355
0.15,-7.19,-5.74,0.13,0.06,-0.06,500,456,448,342,355
-0.33,-6.60,-5.86,0.26,0.14,-0.11,500,456,447,342,355
0.64,-6.79,-4.97,0.35,0.24,-0.10,500,456,448,342,355
1.79,-7.13,-4.94,0.44,0.28,-0.10,500,456,447,342,355
0.60,-7.70,-4.33,0.55,0.28,-0.09,500,456,448,342,355
-0.19,-8.17,-2.79,0.61,0.43,-0.21,500,456,448,342,355
0.95,-8.46,-2.20,0.59,0.59,-0.24,500,456,447,342,355
2.35,-9.38,-1.84,0.57,0.71,-0.24,500,456,448,342,356
2.35,-9.14,-0.55,0.41,0.72,-0.24,500,456,448,342,356
3.63,-9.06,-1.26,0.45,0.79,-0.27,500,456,447,342,356
3.63,-8.67,-0.17,0.38,0.76,-0.25,500,456,447,342,356
4.34,-9.27,0.02,0.40,0.71,-0.32,500,456,447,342,356
4.12,-9.48,1.49,0.25,0.71,-0.25,500,456,447,342,356
4.47,-9.81,1.34,0.17,0.77,-0.14,500,456,447,342,355
4.01,-9.83,2.46,0.03,0.72,-0.05,500,456,447,342,355
3.64,-9.16,2.01,-0.08,0.67,-0.15,500,456,447,341,356
3.99,-9.41,2.87,-0.11,0.57,-0.26,500,456,447,342,355
4.32,-8.79,2.47,-0.19,0.57,-0.16,500,456,447,342,356
4.13,-8.39,2.28,-0.19,0.52,-0.12,500,456,447,342,356
4.24,-8.18,1.67,-0.14,0.47,-0.17,500,456,447,342,356
3.79,-8.86,2.59,-0.12,0.52,-0.07,500,456,447,342,356
4.03,-8.82,2.48,-0.22,0.42,-0.15,500,456,447,342,356
3.55,-8.74,2.31,-0.25,0.45,-0.09,500,456,448,342,356
3.57,-8.85,2.56,-0.27,0.42,-0.13,499,456,447,343,356
3.84,-8.43,2.02,-0.30,0.45,-0.14,500,456,447,342,356
3.83,-8.84,2.15,-0.30,0.40,-0.13,499,456,447,342,356
4.29,-9.47,1.75,-0.32,0.37,-0.05,499,456,447,342,356
4.24,-10.17,1.56,-0.43,0.27,-0.10,499,456,447,342,356
4.44,-9.83,0.75,-0.57,0.20,-0.02,500,456,447,342,356
4.10,-9.55,0.24,-0.65,0.11,-0.03,499,456,447,342,356
4.20,-9.07,-0.07,-0.69,0.05,0.01,499,456,447,342,356
3.86,-8.74,-0.70,-0.70,-0.02,0.04,499,456,447,342,355
3.82,-8.48,-1.93,-0.74,-0.10,0.04,500,456,447,342,356
3.51,-8.65,-2.42,-0.71,-0.15,0.11,500,456,447,342,356
3.42,-8.31,-3.52,-0.76,-0.19,0.10,499,456,447,342,356
END
3.50,-7.95,-3.57,-0.75,-0.26,0.08,500,456,447,342,355
-0.09,-7.20,-5.92,0.13,0.09,-0.08,500,456,447,342,355
-0.32,-7.63,-5.30,0.19,0.15,-0.09,500,456,447,342,355
0.49,-7.91,-5.52,0.19,0.17,-0.12,500,456,447,343,355
0.17,-7.95,-5.35,0.22,0.22,-0.11,500,456,447,343,355
-0.53,-6.96,-4.19,0.19,0.23,-0.15,500,456,447,342,355
0.07,-6.99,-4.13,0.41,0.44,-0.16,500,456,447,342,355
0.68,-7.48,-3.10,0.45,0.55,-0.12,500,456,447,342,355
1.91,-8.66,-3.06,0.57,0.75,0.22,500,456,447,342,355
0.54,-9.48,-1.74,0.46,0.72,0.14,500,456,447,343,355
2.44,-9.17,-2.68,0.42,0.62,-0.41,500,456,447,343,355
2.14,-9.19,-1.08,0.27,0.72,-0.28,500,456,447,342,355
3.12,-8.99,-1.39,0.27,0.74,-0.36,500,456,447,342,355
3.17,-8.90,-1.08,0.26,0.71,-0.25,500,456,447,342,355
3.55,-9.59,0.21,0.30,0.71,-0.05,500,456,447,342,355
4.11,-10.24,1.18,0.17,0.60,0.07,500,456,447,343,355
2.17,-9.93,0.79,0.08,0.71,0.20,500,456,447,342,355
3.07,-10.34,1.00,0.09,0.60,-0.17,500,455,447,342,355
2.99,-10.31,1.40,-0.10,0.71,0.02,500,456,447,342,355
2.79,-9.40,0.83,-0.11,0.66,-0.05,500,456,447,342,355
3.12,-8.84,1.03,-0.12,0.59,-0.06,499,455,447,343,355
3.28,-8.54,0.80,-0.11,0.47,-0.06,499,456,447,342,355
2.69,-9.25,1.23,-0.05,0.48,-0.08,499,456,447,342,355
2.68,-10.06,1.28,-0.12,0.47,-0.12,499,456,447,342,355
2.79,-10.44,1.49,-0.23,0.46,-0.10,499,456,447,342,355
3.27,-10.10,0.56,-0.38,0.41,-0.09,499,456,447,342,355
3.54,-10.24,1.11,-0.44,0.36,-0.09,500,456,447,343,355
3.70,-9.78,0.16,-0.55,0.26,-0.05,500,456,447,342,355
3.36,-9.31,-0.37,-0.58,0.16,-0.03,500,456,447,342,355
2.98,-9.07,-1.06,-0.64,0.11,-0.01,500,456,447,342,355
2.75,-8.98,-1.23,-0.61,0.08,-0.02,499,456,447,343,355
2.95,-8.65,-2.27,-0.64,0.06,0.03,499,456,447,342,355
2.96,-8.47,-2.86,-0.61,0.02,0.03,499,456,447,342,355
3.20,-8.15,-3.68,-0.66,-0.06,0.03,499,456,447,343,355
3.14,-7.98,-4.23,-0.59,-0.08,0.05,499,456,447,342,355
2.54,-7.50,-4.87,-0.63,-0.13,0.08,499,456,447,342,355
END