5.05,-1.09,7.76,0.06,-0.01,-0.02,474,455,302,336,371
5.03,-1.06,7.60,0.00,0.02,-0.03,473,454,302,336,371
5.20,-0.99,7.61,0.05,0.01,-0.04,473,454,300,336,371
5.02,-1.03,7.63,0.02,0.00,-0.02,473,454,302,335,371
5.11,-1.07,7.45,0.05,0.00,-0.03,474,454,302,335,371
4.90,-1.01,7.58,0.04,0.01,-0.03,473,454,302,335,370
5.13,-1.02,7.62,0.04,-0.02,-0.05,473,454,302,335,371
5.02,-1.00,7.55,0.04,0.01,-0.04,474,454,302,336,371
4.96,-1.16,7.89,0.03,-0.00,-0.03,474,454,302,335,371
4.92,-1.03,8.01,0.02,0.01,-0.02,474,454,302,335,371
5.00,-1.03,7.57,0.04,0.01,-0.03,474,454,302,336,371
4.95,-1.07,7.75,0.03,-0.00,-0.03,474,454,302,336,371
5.05,-0.99,7.60,0.04,0.01,-0.04,473,454,302,335,370
5.21,-0.95,7.61,0.03,-0.02,-0.05,473,454,302,335,371
5.13,-1.07,7.85,0.02,-0.03,-0.02,473,454,302,335,370
4.75,-1.01,7.59,0.01,-0.01,-0.01,473,454,302,335,370
4.99,-1.05,7.46,0.03,0.01,-0.03,473,454,302,335,370
4.89,-1.18,8.05,0.03,0.01,-0.04,473,454,302,335,370
5.07,-1.14,7.73,0.03,0.01,-0.04,473,454,302,335,371
4.81,-1.14,7.54,0.00,0.01,-0.03,474,454,302,335,370
5.02,-1.08,7.67,0.05,0.02,-0.05,474,454,302,335,371
5.08,-1.03,7.46,0.02,-0.02,-0.03,473,454,302,335,371
4.95,-1.18,7.54,0.03,-0.01,-0.04,473,454,302,335,370
4.99,-1.14,7.87,0.02,0.01,-0.03,473,454,302,335,370
5.25,-1.22,7.68,0.03,-0.02,-0.03,473,454,302,335,370
5.08,-1.12,7.73,0.02,-0.02,-0.02,473,454,302,335,370
4.90,-1.18,7.76,0.01,-0.02,-0.01,473,454,302,335,370
4.90,-1.26,7.49,0.03,0.01,-0.03,473,454,302,335,370
5.22,-1.12,7.51,0.03,-0.00,-0.05,473,454,302,335,370
5.05,-1.18,7.42,0.02,0.00,-0.03,473,454,302,335,370
5.10,-1.18,7.98,0.04,0.01,-0.04,473,454,302,335,370
4.94,-1.11,7.37,0.03,-0.01,-0.04,473,454,302,335,370
5.00,-1.28,7.76,0.03,0.01,-0.03,473,454,302,335,370
5.08,-1.17,7.77,0.04,0.01,-0.03,473,454,302,335,370
5.10,-1.18,7.57,0.03,0.02,-0.02,473,454,303,335,370
4.77,-1.22,7.65,0.04,-0.00,-0.03,473,454,302,335,370
END
5.15,-1.13,7.42,0.05,0.01,-0.03,472,453,303,335,369
4.75,-1.06,7.80,0.04,0.01,-0.03,472,453,303,336,369
4.62,-1.22,7.78,-0.01,0.01,-0.03,472,453,303,336,369
4.79,-1.07,8.12,0.07,-0.02,-0.05,472,453,303,336,369
4.66,-1.07,7.91,0.02,0.00,-0.03,472,453,303,336,369
4.71,-1.09,7.81,0.06,-0.01,-0.04,472,453,303,336,369
4.68,-1.08,7.93,0.02,0.01,-0.03,472,453,303,336,369
4.64,-1.11,7.88,0.01,0.01,-0.03,472,453,303,336,369
4.60,-1.19,7.82,0.03,0.01,-0.04,472,453,303,336,369
4.77,-1.05,7.77,0.04,0.02,-0.04,472,452,303,336,369
4.70,-0.95,7.88,0.04,-0.03,-0.03,472,452,303,336,369
4.16,-1.37,7.37,0.03,-0.03,-0.02,472,452,303,336,369
4.80,-0.97,7.76,0.03,0.05,-0.04,472,452,303,336,369
4.65,-1.31,7.94,0.12,0.00,-0.08,472,453,303,336,369
4.69,-1.20,8.07,0.05,0.04,-0.06,472,452,303,336,369
4.85,-1.13,7.93,0.00,-0.01,-0.10,472,453,303,336,368
4.75,-0.98,7.57,0.03,0.01,-0.06,472,452,303,336,369
4.87,-1.01,8.02,0.01,-0.05,-0.03,472,453,303,336,369
4.52,-1.13,7.99,0.04,0.02,-0.01,472,452,303,336,369
4.79,-0.89,8.01,0.00,-0.05,-0.03,472,452,303,336,369
4.56,-1.00,7.75,0.02,-0.01,-0.04,472,452,303,336,368
4.72,-1.00,7.87,0.01,-0.02,-0.03,472,452,303,336,368
4.55,-1.17,7.80,0.03,0.02,-0.03,472,452,303,336,368
5.02,-1.17,8.00,0.01,-0.02,-0.04,472,452,303,336,368
4.69,-1.24,7.75,0.04,0.03,-0.01,472,452,303,336,368
4.65,-1.09,7.95,0.03,0.02,-0.02,472,452,303,336,368
4.56,-1.09,7.82,-0.01,-0.01,-0.02,472,452,303,336,368
4.69,-1.12,7.80,0.02,0.00,-0.03,472,452,303,336,368
4.68,-1.05,7.73,0.04,0.00,-0.02,472,452,303,336,368
4.71,-1.30,8.03,0.05,0.00,-0.03,472,452,303,336,368
4.57,-1.18,7.87,-0.01,0.01,-0.02,472,452,303,336,368
4.83,-1.13,7.67,0.01,0.01,-0.02,471,452,303,336,368
4.69,-1.24,7.87,0.04,-0.01,-0.04,472,452,303,336,368
4.54,-1.22,7.79,0.02,0.01,-0.01,472,452,302,336,368
4.62,-1.34,8.02,0.02,0.01,-0.03,472,452,303,336,368
4.69,-1.22,7.86,0.03,0.02,-0.04,471,452,303,336,368
END
4.58,-1.28,7.88,0.03,-0.01,-0.05,471,451,303,336,368
4.62,-1.42,8.00,0.04,-0.01,-0.03,471,451,303,337,368
4.46,-1.37,8.00,0.01,0.01,-0.01,471,451,304,336,368
4.62,-1.44,7.91,0.04,-0.01,-0.02,471,451,304,336,368
4.61,-1.36,7.69,0.04,-0.01,-0.03,471,451,303,336,368
4.53,-1.46,7.97,0.03,0.01,-0.03,471,451,304,336,368
4.64,-1.48,7.98,0.03,-0.01,-0.03,471,451,303,336,368
4.46,-1.43,7.84,0.02,-0.00,-0.02,471,451,303,336,368
4.52,-1.44,7.75,0.03,-0.01,-0.03,471,451,303,336,368
4.59,-1.43,7.89,0.03,-0.01,-0.03,471,451,304,336,368
4.64,-1.36,7.90,0.01,-0.02,-0.04,471,451,304,336,368
4.28,-1.51,8.36,0.03,-0.03,-0.05,471,451,303,336,368
4.45,-1.51,7.85,0.02,0.02,-0.02,471,451,303,336,368
4.60,-1.43,7.89,0.03,-0.01,-0.04,471,451,304,336,368
4.47,-1.59,7.84,0.02,-0.00,-0.02,471,451,303,337,368
4.79,-1.60,7.72,0.02,-0.01,-0.03,471,451,304,336,368
4.64,-1.56,7.76,0.04,-0.01,-0.02,471,451,303,336,368
4.59,-1.54,7.66,0.03,-0.01,-0.02,471,451,303,336,368
4.60,-1.48,8.00,0.03,0.02,-0.03,471,451,303,336,366
4.96,-1.62,7.83,0.01,-0.03,-0.05,471,451,303,336,368
4.47,-1.62,7.65,0.04,0.01,-0.02,471,451,303,336,368
4.91,-1.57,7.65,0.02,0.02,-0.03,471,451,303,336,368
4.77,-1.54,7.72,0.05,-0.00,-0.03,471,451,303,336,368
4.73,-1.51,7.72,0.03,0.00,-0.03,471,451,303,336,368
4.62,-1.66,7.98,0.04,0.00,-0.03,471,451,303,337,368
4.54,-1.57,7.82,0.02,0.01,-0.03,471,451,303,336,368
4.75,-1.39,7.24,0.03,-0.00,-0.04,471,451,303,337,368
4.54,-1.55,7.64,0.02,-0.01,-0.03,471,451,304,336,368
4.49,-1.49,7.85,0.04,0.00,-0.05,471,451,303,336,367
4.67,-1.62,7.91,0.03,-0.02,-0.06,471,451,303,336,367
4.64,-1.50,7.87,0.02,0.00,-0.03,470,451,303,336,367
4.71,-1.59,8.01,0.03,-0.01,-0.04,471,451,303,336,367
4.60,-1.46,7.85,0.05,0.00,-0.04,471,450,304,337,367
4.57,-1.44,7.77,0.05,0.02,-0.01,471,451,303,336,367
4.54,-1.64,7.74,0.01,-0.03,-0.06,471,451,303,336,368
4.55,-1.51,7.74,0.02,0.04,-0.02,470,451,303,336,368
END
4.79,-1.35,7.90,0.06,-0.01,-0.04,470,450,303,336,367
4.70,-1.74,7.75,0.03,0.07,0.01,470,450,304,336,367
4.56,-1.77,7.57,0.05,-0.05,-0.04,470,450,304,336,367
4.53,-1.77,7.81,0.00,0.05,-0.00,470,450,303,336,367
4.85,-1.66,7.61,0.03,-0.03,-0.04,470,450,304,336,367
4.56,-1.89,7.77,0.04,-0.03,-0.02,470,450,303,336,367
4.62,-1.89,7.95,0.03,0.02,-0.02,470,450,304,336,367
4.75,-1.72,7.71,0.01,-0.01,-0.04,470,450,304,336,367
4.72,-1.74,7.59,0.04,0.04,-0.00,470,450,304,336,367
4.54,-1.86,7.77,0.04,-0.03,-0.06,470,450,303,336,367
4.66,-1.87,7.70,0.03,0.05,-0.02,470,450,303,336,367
4.68,-1.90,8.00,0.02,-0.03,-0.04,470,450,304,336,367
4.60,-1.77,7.67,0.04,-0.01,-0.02,470,449,305,336,367
4.53,-1.82,7.82,0.04,-0.00,-0.02,470,450,304,336,367
4.74,-1.83,7.71,0.05,0.02,-0.01,470,450,304,336,367
4.64,-1.84,7.77,-0.01,-0.03,-0.04,470,450,301,336,367
4.52,-1.88,7.54,0.03,0.00,-0.03,470,450,303,336,367
4.67,-1.77,7.91,0.03,0.01,-0.04,470,450,304,336,367
4.58,-1.96,7.91,0.05,-0.02,-0.04,470,450,304,336,367
4.54,-1.87,7.69,0.02,-0.01,-0.03,470,450,304,337,367
4.78,-1.76,7.80,0.02,-0.00,-0.03,470,450,304,336,367
4.78,-1.84,7.69,0.03,-0.01,-0.04,470,450,304,336,367
4.67,-1.87,7.75,0.04,-0.01,-0.03,470,450,304,337,367
4.76,-1.90,7.56,0.02,0.00,-0.03,470,450,304,336,367
4.77,-1.79,7.51,0.03,-0.01,-0.04,470,450,304,336,366
4.57,-1.81,7.86,0.03,0.01,-0.03,470,450,304,336,367
4.64,-1.82,7.77,0.02,-0.02,-0.03,470,449,304,337,367
4.64,-1.88,7.62,0.04,-0.01,-0.02,470,449,304,336,367
4.53,-1.95,7.62,0.03,0.02,-0.04,470,450,304,336,367
4.80,-1.74,7.83,0.03,-0.00,-0.04,470,450,304,337,367
4.55,-2.00,7.66,0.02,-0.01,-0.04,470,450,304,336,367
4.65,-1.88,7.75,0.03,0.01,-0.03,470,450,304,337,367
4.50,-2.03,7.61,0.02,-0.01,-0.03,470,450,304,336,367
4.73,-1.90,7.62,0.02,0.02,-0.02,470,450,304,337,367
4.78,-1.90,7.68,0.04,-0.02,-0.02,470,450,304,337,367
4.68,-1.93,7.55,0.03,-0.00,-0.04,470,450,304,337,367
END
4.66,-1.79,7.59,0.01,-0.00,-0.03,470,449,302,337,366
4.90,-2.34,7.82,0.09,0.02,-0.05,470,449,303,336,366
5.15,-2.18,8.34,0.01,0.10,0.07,470,450,303,337,366
4.66,-2.24,7.51,-0.05,0.04,0.08,470,450,303,337,366
4.62,-2.00,7.44,-0.01,0.03,0.06,470,450,303,337,366
4.18,-1.80,7.35,0.01,0.09,0.13,470,450,303,336,366
3.57,-2.45,7.56,0.12,-0.07,-0.03,470,450,303,337,366
4.13,-2.38,7.71,0.00,0.04,0.01,470,450,303,337,366
4.24,-2.19,7.37,0.05,-0.05,-0.11,469,449,303,336,366
4.97,-2.25,8.19,-0.01,0.12,-0.01,470,449,303,337,366
4.06,-2.31,7.65,0.03,-0.06,-0.09,470,449,303,337,366
4.54,-2.38,7.92,0.08,-0.01,-0.06,470,450,303,337,366
4.21,-2.28,7.38,0.06,-0.13,-0.08,469,449,303,337,366
4.68,-2.35,7.75,0.03,0.07,0.04,470,449,303,337,366
4.47,-2.10,7.82,0.10,-0.15,-0.11,470,449,303,337,366
4.82,-2.22,7.93,0.03,0.04,0.02,470,449,303,337,366
4.04,-2.03,7.19,0.09,-0.02,-0.09,470,449,303,337,366
4.70,-2.33,7.87,0.15,-0.03,-0.13,470,449,303,337,366
4.72,-1.94,7.93,0.01,0.03,0.00,469,449,303,337,366
4.61,-2.03,7.92,0.02,-0.04,0.02,469,449,303,337,366
4.41,-2.07,7.58,0.00,0.02,0.02,469,449,303,336,366
4.75,-1.99,7.93,0.00,-0.05,0.00,469,449,303,337,366
4.33,-2.02,7.66,-0.02,-0.02,-0.01,469,449,303,337,366
4.41,-2.00,7.40,0.03,0.00,-0.07,469,449,303,336,366
4.85,-2.35,7.63,0.04,0.01,-0.08,469,449,303,337,366
4.57,-2.08,7.67,-0.00,-0.01,-0.06,469,449,303,336,366
4.86,-2.15,7.67,0.01,-0.02,-0.04,470,449,303,337,366
4.72,-2.20,7.80,0.04,0.03,-0.02,470,449,303,337,366
4.60,-2.17,8.01,0.05,-0.03,-0.06,469,449,303,337,366
4.49,-2.23,7.71,-0.01,0.02,-0.01,470,449,303,337,366
4.70,-2.05,7.59,-0.01,-0.01,-0.03,469,449,303,337,366
4.47,-2.12,7.48,0.04,-0.03,-0.05,469,449,303,337,366
4.62,-2.32,7.71,0.01,0.03,-0.03,469,449,303,337,365
4.80,-2.26,7.85,0.02,0.00,-0.04,469,449,304,336,365
4.61,-2.31,7.70,0.00,0.00,-0.02,469,449,303,337,366
4.53,-2.25,7.68,0.04,-0.02,-0.04,469,449,303,336,365
END
4.59,-2.35,7.57,-0.02,-0.00,-0.03,469,448,303,337,366
4.73,-2.60,7.70,0.01,-0.00,-0.04,469,449,304,337,366
4.58,-2.64,7.42,0.04,0.02,-0.04,469,449,303,337,366
4.72,-2.50,7.54,0.02,-0.00,-0.02,469,449,304,336,365
4.54,-2.60,7.48,0.07,-0.00,-0.05,469,449,303,337,365
4.48,-2.67,7.59,0.06,0.04,-0.00,469,449,303,337,365
4.58,-2.53,7.65,0.07,-0.02,-0.03,469,449,304,337,365
4.48,-2.61,7.68,0.01,0.03,-0.01,469,449,303,337,365
4.45,-2.61,7.49,0.02,0.01,-0.02,469,448,303,337,365
4.53,-2.48,7.49,0.03,-0.04,-0.05,469,449,304,336,365
4.53,-2.59,7.89,0.04,0.03,-0.04,469,448,303,337,365
4.45,-2.61,7.87,-0.00,-0.06,-0.07,469,449,303,337,365
4.32,-2.56,7.44,-0.01,0.03,-0.03,469,449,303,337,365
4.58,-2.38,7.39,0.02,-0.01,-0.06,469,449,304,336,365
4.61,-2.54,7.58,0.03,0.01,-0.03,469,449,303,337,365
4.74,-2.52,7.76,0.02,-0.03,-0.06,469,448,303,337,365
4.62,-2.68,7.67,0.00,0.03,-0.01,469,448,303,337,365
4.28,-2.43,7.86,0.01,-0.01,-0.04,469,448,303,336,366
4.52,-2.57,7.68,0.01,-0.04,-0.06,469,449,303,336,365
4.62,-2.71,7.54,0.05,-0.02,-0.04,468,448,304,337,365
4.82,-2.79,7.62,-0.00,-0.04,-0.03,469,448,304,337,365
4.46,-2.65,7.35,0.02,-0.04,-0.03,469,449,303,337,365
4.73,-2.71,7.28,-0.02,-0.00,-0.01,469,448,303,337,365
4.71,-2.71,7.32,0.03,-0.01,-0.03,469,449,303,337,365
4.51,-2.70,7.74,0.02,0.02,-0.01,469,449,303,337,365
4.82,-2.71,7.16,0.04,-0.06,-0.07,469,449,303,337,365
4.46,-2.85,7.64,0.00,0.01,-0.01,469,448,303,336,365
4.46,-2.56,7.44,0.01,-0.02,-0.04,469,448,303,337,365
4.94,-2.83,7.20,0.04,-0.00,-0.03,469,448,303,337,365
4.70,-2.91,7.47,0.03,-0.02,-0.01,469,448,303,337,365
4.50,-2.92,7.44,0.04,-0.04,-0.04,469,448,303,336,365
4.36,-2.82,7.58,0.04,-0.01,-0.04,469,448,303,335,365
4.90,-2.71,7.54,0.01,0.03,-0.05,469,448,303,337,365
4.62,-2.70,7.39,0.01,0.01,-0.03,469,448,303,337,365
4.94,-2.85,7.44,0.03,0.02,-0.04,469,448,303,337,365
4.50,-2.88,7.34,0.02,-0.01,-0.04,469,448,303,337,365
END
4.82,-2.86,7.52,0.02,0.01,-0.03,468,448,304,337,365
4.62,-2.40,7.91,0.08,-0.02,-0.05,468,448,304,337,364
4.31,-2.40,7.82,0.05,0.03,-0.00,468,448,304,337,365
4.57,-2.34,7.70,0.04,-0.02,-0.06,468,448,304,337,365
4.60,-2.27,7.72,0.03,0.03,-0.02,468,448,304,337,365
4.46,-2.29,7.65,0.09,-0.02,-0.04,468,448,304,337,365
4.54,-2.26,7.82,0.02,-0.00,-0.04,469,448,304,337,365
4.64,-2.30,7.72,0.05,0.01,-0.02,469,448,304,337,365
4.36,-2.28,7.57,0.02,-0.01,-0.03,468,448,304,337,365
4.49,-2.19,7.62,0.02,0.01,-0.02,468,448,304,337,365
4.46,-2.25,7.71,0.08,-0.01,-0.05,468,448,304,338,365
4.47,-2.26,7.82,-0.01,0.00,-0.02,468,448,304,337,365
4.48,-2.32,7.75,0.03,-0.02,-0.04,468,448,304,337,365
4.57,-2.25,7.57,0.05,0.03,-0.02,468,448,304,338,365
4.57,-2.29,7.83,0.04,-0.03,-0.03,468,448,304,338,365
4.21,-2.31,7.55,-0.00,0.00,0.02,468,448,304,338,365
4.49,-2.33,7.75,0.00,-0.01,-0.02,468,448,304,337,365
4.49,-2.33,7.47,0.02,-0.00,-0.02,468,448,304,337,365
4.36,-2.45,7.55,0.06,-0.02,-0.03,468,448,304,338,365
4.42,-2.43,7.62,0.04,0.01,-0.03,468,448,304,338,365
4.40,-2.21,7.80,0.03,-0.01,-0.05,468,448,304,337,365
4.26,-2.33,7.82,0.03,-0.00,-0.03,468,448,304,338,365
4.29,-2.37,7.78,0.05,0.00,-0.06,468,448,304,337,365
4.57,-2.36,7.51,0.03,0.02,-0.03,468,448,304,337,365
4.41,-2.47,8.10,0.03,-0.01,-0.05,468,448,304,337,365
4.32,-2.40,7.63,0.02,0.01,-0.03,468,447,304,337,365
4.44,-2.34,7.92,0.03,0.02,-0.04,468,448,305,337,365
4.57,-2.34,7.86,0.01,-0.02,-0.05,468,448,305,337,365
4.52,-2.38,7.50,0.04,0.01,-0.04,468,448,305,337,365
4.57,-2.28,7.86,-0.01,0.01,-0.02,468,448,305,337,365
4.40,-2.21,7.58,0.03,-0.03,-0.01,468,448,305,337,365
4.38,-2.48,7.87,0.03,0.02,-0.02,468,448,305,337,365
4.59,-2.33,7.76,0.06,0.01,-0.04,468,448,305,337,365
4.33,-2.38,7.85,-0.00,0.00,-0.02,468,448,305,337,365
4.29,-2.44,7.77,0.05,0.00,-0.01,468,448,305,338,365
4.77,-2.19,7.81,-0.03,-0.02,-0.01,468,447,305,338,365
END
4.64,-2.46,7.68,0.06,-0.02,-0.05,468,449,304,337,366
4.34,-2.18,7.85,0.04,0.01,-0.01,468,448,304,337,366
4.49,-2.40,7.99,0.02,-0.01,-0.04,468,449,304,337,366
4.50,-2.20,7.62,-0.01,0.01,-0.02,468,448,304,337,366
4.53,-2.15,7.66,0.03,-0.02,-0.03,468,448,304,337,366
4.42,-2.38,7.66,0.03,-0.01,-0.03,468,449,304,337,366
4.73,-2.30,7.84,0.05,-0.00,-0.03,468,448,304,337,366
4.41,-2.35,7.81,0.02,-0.02,-0.03,468,448,304,337,366
4.57,-2.25,7.59,0.05,0.00,-0.05,468,448,304,337,366
4.52,-2.42,7.59,0.01,-0.01,-0.01,468,448,305,337,366
4.77,-2.27,7.51,0.02,-0.00,-0.02,468,448,305,337,365
4.63,-2.25,7.50,0.05,-0.00,-0.01,468,448,304,337,365
4.58,-2.42,7.76,0.10,0.01,-0.01,468,448,305,337,365
4.42,-2.27,7.92,0.01,-0.02,-0.00,468,448,305,337,365
4.49,-2.10,7.54,0.05,0.01,-0.03,468,448,305,337,366
4.67,-2.33,7.64,0.04,0.03,-0.03,467,448,305,337,366
4.69,-2.41,7.89,0.02,-0.02,-0.03,467,448,305,337,365
4.36,-2.31,7.90,0.04,-0.01,-0.01,468,448,304,337,366
4.35,-2.23,7.76,-0.00,0.01,-0.01,468,448,305,337,366
4.47,-2.31,7.57,0.04,-0.00,-0.02,468,448,304,337,365
4.57,-2.20,7.49,-0.00,0.03,-0.01,467,448,304,336,366
4.61,-2.31,7.70,0.04,-0.01,-0.04,467,448,304,337,365
4.36,-2.36,7.71,0.04,0.01,-0.02,467,448,304,337,365
4.44,-2.25,7.63,0.05,-0.03,-0.05,467,448,304,337,365
4.52,-2.34,7.80,0.05,0.02,-0.01,467,448,305,337,365
4.19,-2.46,7.85,0.04,-0.01,-0.03,467,448,304,337,365
4.43,-2.42,7.76,0.02,0.02,-0.01,467,448,305,337,365
4.49,-2.30,7.69,0.05,0.02,0.00,467,448,305,337,365
4.47,-2.36,7.69,0.03,0.01,-0.01,467,448,305,337,365
4.06,-2.26,7.42,0.04,0.01,-0.01,467,448,304,337,365
4.34,-2.27,7.71,0.03,0.04,-0.01,467,448,304,337,365
4.72,-2.28,7.56,0.03,-0.02,-0.02,467,448,305,337,365
4.26,-2.36,7.72,0.07,-0.07,-0.01,467,448,304,337,365
4.33,-2.28,7.82,0.09,-0.04,-0.01,467,448,305,337,365
4.07,-2.33,8.08,0.09,-0.00,0.01,467,448,304,337,365
4.26,-2.25,8.06,0.03,-0.02,-0.04,467,448,304,337,365
END
4.23,-2.13,7.90,0.04,0.01,-0.03,467,447,305,337,365
4.36,-2.40,7.81,0.03,-0.00,-0.03,467,447,305,337,365
4.32,-2.49,7.93,-0.01,0.00,-0.03,467,447,305,337,365
4.53,-2.35,7.52,0.02,-0.02,-0.04,467,447,305,336,365
4.44,-2.40,7.48,0.05,-0.00,-0.03,466,447,305,337,365
4.39,-2.40,7.73,0.05,-0.02,-0.02,466,447,305,337,365
4.44,-2.48,7.82,0.03,-0.00,-0.02,466,447,305,337,365
4.47,-2.42,7.75,0.01,-0.02,-0.03,466,447,305,337,365
4.43,-2.33,7.58,0.02,0.01,-0.02,466,447,305,337,365
4.26,-2.47,7.54,0.04,0.01,-0.03,466,447,305,337,365
4.42,-2.38,7.65,0.01,0.01,-0.05,466,447,305,337,365
4.82,-2.37,7.70,-0.01,0.02,-0.06,466,447,305,337,365
4.59,-2.56,7.54,0.00,-0.02,-0.06,466,447,305,337,365
4.54,-2.55,7.29,0.02,0.01,-0.05,466,447,305,337,365
4.60,-2.49,7.69,0.06,-0.01,-0.04,466,447,305,337,365
4.47,-2.45,7.87,0.01,-0.02,-0.01,466,447,305,337,365
4.39,-2.41,7.88,0.03,0.02,-0.01,466,447,305,337,364
4.28,-2.40,7.44,0.03,-0.01,-0.03,466,447,305,337,365
4.45,-2.51,7.57,0.01,0.02,-0.01,466,447,305,337,365
4.45,-2.46,7.65,0.04,-0.03,-0.06,466,447,305,337,365
4.24,-2.47,7.39,0.02,0.02,-0.00,466,447,305,337,365
4.49,-2.51,7.77,0.04,0.00,-0.03,466,447,305,337,364
4.51,-2.51,7.80,0.03,-0.01,-0.02,466,447,305,337,365
4.59,-2.48,7.49,0.03,-0.00,-0.03,466,447,305,337,365
4.63,-2.35,7.51,0.05,-0.00,-0.03,466,447,305,336,365
4.30,-2.50,7.53,0.03,-0.00,-0.01,466,447,305,336,365
4.47,-2.51,7.69,0.04,-0.01,-0.03,466,447,305,336,365
4.35,-2.33,7.65,0.03,0.01,-0.01,466,447,305,336,365
4.60,-2.45,7.75,0.07,-0.01,-0.02,466,447,305,337,364
4.31,-2.52,7.81,0.07,0.01,-0.02,466,447,305,337,365
4.52,-2.48,7.98,0.03,-0.01,-0.03,466,447,305,336,365
4.49,-2.27,7.90,0.01,-0.03,-0.03,466,447,305,336,365
4.21,-2.38,7.55,0.04,-0.01,-0.02,466,447,304,336,364
4.33,-2.31,7.80,0.06,0.01,-0.02,466,447,305,336,365
4.51,-2.40,7.81,0.04,-0.01,-0.03,466,447,305,336,365
4.43,-2.38,7.68,0.02,-0.01,-0.04,466,447,305,336,364
END
4.51,-2.24,7.76,0.04,0.01,-0.04,466,447,305,336,366
4.80,-2.40,7.88,0.06,-0.02,-0.03,466,447,305,336,364
4.52,-2.43,7.24,0.00,-0.04,-0.02,466,447,305,336,364
4.62,-2.53,7.42,0.05,-0.01,-0.03,466,446,305,336,363
4.87,-2.35,7.63,0.03,0.01,-0.02,465,447,305,336,364
4.76,-2.42,7.45,0.03,-0.02,-0.03,466,447,305,336,365
4.04,-2.70,7.63,0.00,0.01,0.00,466,447,305,336,364
4.95,-2.55,7.54,0.01,-0.03,-0.04,466,447,305,336,364
4.69,-2.51,7.44,0.05,-0.05,-0.02,466,447,305,336,364
4.45,-2.61,7.82,0.04,0.00,-0.02,466,447,305,336,364
4.65,-2.61,7.74,0.04,-0.01,-0.04,466,447,305,336,365
4.58,-2.56,7.44,-0.02,-0.00,-0.06,466,447,305,336,364
4.60,-2.65,7.34,0.01,-0.02,-0.08,465,447,305,336,364
5.08,-2.48,7.29,0.03,0.03,-0.03,465,447,305,336,364
4.50,-2.71,7.85,0.01,0.02,0.00,465,447,305,336,364
4.42,-2.68,7.62,0.01,-0.02,-0.05,465,446,305,336,364
4.65,-2.58,7.33,0.01,0.01,-0.05,466,447,305,336,365
4.83,-2.61,7.47,0.03,-0.00,-0.05,466,447,305,336,364
4.49,-2.53,7.45,0.04,-0.01,-0.05,466,447,305,336,364
4.54,-2.72,7.89,0.07,0.02,-0.05,466,447,305,336,364
4.54,-2.77,7.80,0.03,-0.02,-0.05,466,447,305,336,365
4.58,-2.85,7.49,0.03,0.01,-0.03,466,447,305,336,365
4.71,-2.71,7.62,-0.00,-0.01,-0.05,465,447,305,336,365
4.53,-2.60,7.39,-0.01,-0.01,-0.04,465,447,305,336,364
4.57,-2.66,7.41,0.00,0.01,-0.02,465,447,305,336,364
4.51,-2.68,7.67,0.03,-0.01,-0.03,465,447,305,336,364
4.72,-2.71,7.38,0.00,0.00,-0.01,465,447,305,336,364
4.59,-2.76,7.45,0.04,0.06,-0.02,466,447,305,336,364
4.53,-2.67,7.67,0.01,0.03,-0.02,466,447,305,336,364
4.39,-2.68,7.29,0.05,-0.00,-0.02,466,447,305,336,365
4.51,-2.68,7.37,0.07,0.00,-0.03,465,447,305,336,364
4.37,-2.79,7.89,0.06,-0.01,-0.01,465,447,305,336,364
4.21,-2.86,7.39,0.06,-0.00,-0.00,465,447,305,336,364
4.53,-2.70,7.89,0.02,-0.01,-0.01,465,447,305,336,364
4.34,-2.58,7.39,0.02,-0.01,-0.01,465,447,305,337,364
4.35,-2.68,7.70,-0.02,-0.01,-0.02,465,447,305,336,365
END
4.96,-2.75,7.93,0.07,-0.02,-0.06,465,446,305,336,364
4.28,-2.51,7.86,0.04,-0.01,-0.05,465,446,305,336,364
4.32,-2.46,7.70,0.07,0.00,-0.03,465,446,305,336,364
4.19,-2.43,7.81,0.02,-0.00,-0.02,465,446,305,336,364
4.22,-2.41,7.67,-0.00,-0.02,-0.04,465,447,305,336,364
4.30,-2.32,7.80,0.01,0.01,-0.05,465,446,305,336,364
4.41,-2.41,7.44,0.02,-0.01,-0.05,465,446,305,336,364
4.24,-2.47,7.33,0.03,0.01,-0.05,465,446,305,336,364
4.31,-2.53,7.95,0.04,0.03,-0.06,465,446,305,336,364
4.39,-2.41,7.44,0.03,-0.04,-0.05,465,446,305,336,364
4.31,-2.51,7.69,0.05,-0.00,-0.03,465,446,305,336,364
4.40,-2.48,7.95,0.03,0.01,-0.03,465,446,305,337,364
4.24,-2.46,7.70,0.03,-0.02,-0.02,465,446,305,336,364
4.14,-2.37,7.62,0.01,0.02,-0.02,465,446,305,336,364
4.36,-2.39,8.15,0.05,-0.02,-0.05,465,446,305,336,364
4.16,-2.60,7.70,0.01,-0.02,-0.05,465,446,305,336,364
4.54,-2.40,7.74,0.03,-0.01,-0.05,465,446,305,336,364
4.15,-2.43,7.44,0.03,0.00,-0.02,465,446,305,336,364
4.24,-2.30,7.65,0.08,0.01,-0.06,465,446,305,336,364
4.49,-2.33,7.99,0.04,-0.00,-0.04,465,446,305,336,364
4.36,-2.40,7.77,0.01,0.01,-0.03,465,446,305,336,364
4.30,-2.27,7.93,-0.01,-0.04,-0.04,465,446,305,337,364
4.26,-2.32,7.62,0.01,-0.03,-0.05,464,446,305,336,364
4.28,-2.35,7.44,0.06,0.03,-0.03,464,446,305,336,364
4.36,-2.44,8.05,0.10,0.04,-0.06,465,446,305,336,364
4.75,-2.30,8.00,0.03,0.01,-0.02,465,446,305,336,364
4.13,-2.35,7.54,0.01,-0.04,-0.00,465,446,305,336,364
4.19,-2.30,7.67,0.01,0.01,-0.00,465,446,305,336,364
4.34,-2.20,8.04,0.02,-0.04,-0.06,465,446,305,336,364
4.03,-2.45,7.93,-0.01,-0.02,-0.04,464,446,305,336,364
4.44,-2.33,7.93,-0.01,-0.01,-0.07,464,446,305,336,365
4.08,-2.35,7.62,-0.01,0.02,-0.05,464,446,305,336,364
4.24,-2.45,7.39,0.01,0.03,-0.06,464,446,305,336,364
4.54,-2.33,7.47,0.04,0.01,-0.07,464,446,304,336,364
4.17,-2.56,7.70,0.12,0.01,-0.08,464,446,305,336,364
4.42,-2.47,8.12,0.12,0.01,-0.10,465,446,305,336,364
END
4.39,-2.56,8.01,-0.05,-0.00,-0.04,464,446,305,336,364
4.75,-2.34,7.86,0.04,0.00,-0.03,464,446,305,336,364
4.55,-2.26,7.90,0.04,-0.01,-0.02,464,446,305,336,364
4.42,-2.34,7.57,0.02,0.01,-0.02,464,446,305,336,364
4.61,-2.35,7.68,0.03,-0.01,-0.03,464,445,305,336,364
4.41,-2.39,7.59,0.01,0.00,-0.01,464,445,305,336,364
4.68,-2.25,7.86,0.02,-0.03,-0.02,464,445,305,336,364
4.41,-2.20,7.59,0.01,-0.01,0.00,464,445,305,336,364
4.44,-2.18,7.78,0.04,-0.02,-0.04,464,445,305,336,364
4.31,-2.28,7.73,0.03,0.01,-0.02,464,446,305,336,364
4.48,-2.33,7.67,0.04,0.00,-0.03,464,446,305,336,364
4.58,-2.41,7.65,0.05,0.02,-0.04,464,446,305,336,364
4.54,-2.35,7.47,0.03,0.01,-0.02,464,446,305,336,364
4.47,-2.33,7.38,0.04,0.01,-0.02,464,446,305,336,364
4.08,-2.34,7.67,0.04,0.01,-0.04,464,445,305,336,364
4.53,-2.36,7.90,0.07,0.01,-0.04,464,445,305,336,364
4.64,-2.38,7.95,0.02,-0.00,-0.03,464,445,305,336,364
4.68,-2.36,7.92,0.01,-0.03,-0.01,464,446,305,336,364
4.25,-2.25,7.55,0.00,-0.02,0.02,464,446,305,336,364
4.36,-2.35,7.72,0.03,-0.04,-0.02,464,445,305,336,364
4.38,-2.33,7.86,0.03,0.00,-0.00,464,446,305,336,364
4.43,-2.40,7.74,0.05,0.00,-0.02,464,445,305,336,364
4.50,-2.34,7.67,0.02,0.00,-0.01,464,445,305,336,364
4.51,-2.31,7.57,0.04,-0.01,-0.01,464,446,305,336,364
4.42,-2.35,7.44,0.00,-0.01,-0.01,464,445,305,336,364
4.45,-2.29,7.74,0.05,-0.00,-0.02,464,445,305,335,364
4.33,-2.50,7.49,0.01,-0.01,0.01,464,445,305,336,364
4.68,-2.49,7.62,-0.01,0.02,-0.01,464,445,306,336,364
4.64,-2.42,7.66,0.04,-0.03,-0.03,464,445,305,336,364
4.65,-2.63,7.42,-0.01,-0.04,-0.01,464,445,305,336,364
4.44,-2.63,7.52,0.05,-0.03,-0.02,464,445,305,336,364
4.54,-2.65,7.62,0.03,0.02,-0.01,464,445,305,336,364
4.69,-2.49,7.80,0.05,-0.04,-0.01,464,445,305,336,364
4.24,-2.68,7.51,0.07,0.00,0.02,464,445,305,336,364
4.38,-2.48,7.70,0.08,0.01,0.01,464,446,305,336,364
4.54,-2.58,7.85,0.06,-0.01,-0.01,464,446,305,336,364
END
4.24,-2.50,7.49,0.02,0.01,0.01,464,445,305,336,364
4.51,-2.27,7.65,0.02,0.03,-0.00,463,445,305,336,364
4.11,-2.33,7.63,0.01,-0.03,-0.02,464,445,305,336,364
4.57,-2.42,7.79,0.04,0.01,-0.03,463,445,305,336,364
4.67,-2.51,7.70,0.01,-0.05,-0.03,463,445,306,336,364
4.22,-2.58,7.37,0.04,-0.01,-0.01,464,445,305,336,364
4.34,-2.55,8.07,0.06,-0.00,-0.02,464,445,305,336,364
4.12,-2.55,7.77,0.02,0.01,-0.02,464,445,305,337,364
4.35,-2.43,7.83,0.05,-0.01,0.01,463,445,305,336,364
4.21,-2.63,7.46,-0.01,-0.02,-0.02,464,445,305,336,364
4.31,-2.55,7.46,0.04,0.02,-0.02,463,445,305,336,364
4.44,-2.55,7.52,0.04,-0.02,-0.02,463,445,305,336,364
4.19,-2.68,7.76,0.05,-0.01,-0.05,463,445,305,336,364
4.25,-2.63,7.83,0.02,0.02,-0.03,463,445,305,336,364
4.34,-2.56,7.73,0.01,-0.01,-0.04,463,445,305,336,364
4.23,-2.57,7.37,0.04,0.03,-0.05,463,445,305,336,364
4.57,-2.59,7.78,0.01,-0.02,-0.05,464,445,305,336,364
4.26,-2.69,7.26,0.03,-0.01,-0.04,464,445,305,336,364
4.24,-2.63,7.65,0.03,0.01,-0.05,463,445,305,336,364
4.67,-2.58,7.68,0.04,-0.03,-0.05,463,445,305,336,364
4.29,-2.67,7.71,0.02,-0.00,-0.03,464,445,305,336,364
4.54,-2.54,7.77,0.05,-0.04,-0.01,463,445,305,336,364
4.17,-2.68,7.65,0.04,-0.01,-0.02,463,445,305,336,364
4.54,-2.58,7.89,0.03,-0.01,-0.03,463,445,305,336,364
4.34,-2.61,7.44,0.01,-0.04,-0.02,463,445,305,336,363
4.34,-2.53,7.52,0.01,-0.02,-0.06,463,444,305,336,364
4.57,-2.43,7.80,0.04,0.00,-0.04,463,444,305,336,363
4.55,-2.63,7.77,0.03,-0.01,-0.05,464,445,305,336,364
4.52,-2.77,8.07,0.03,-0.01,-0.04,464,445,305,336,364
4.52,-2.59,7.67,0.01,0.02,0.00,464,444,305,336,364
4.56,-2.63,7.72,0.01,-0.02,-0.03,463,445,305,336,364
4.21,-2.61,7.39,0.06,0.05,-0.03,464,445,305,336,364
4.36,-2.59,7.80,0.02,0.01,-0.03,464,445,305,336,364
4.49,-2.58,7.75,0.03,-0.01,-0.05,463,444,305,336,363
4.61,-2.56,7.57,0.01,-0.03,-0.05,463,444,305,336,364
4.25,-2.73,7.62,0.04,0.01,-0.04,463,444,305,337,364
END
4.55,-2.66,7.65,0.03,-0.01,-0.06,463,444,305,336,364
4.44,-2.82,7.43,0.04,0.01,-0.02,463,444,305,336,364
4.74,-2.85,7.39,0.03,0.00,-0.03,463,444,306,336,364
4.66,-2.71,7.44,0.07,-0.01,-0.03,463,444,306,336,364
4.41,-2.81,7.42,0.04,-0.01,-0.01,463,444,306,336,364
4.61,-2.87,7.80,0.04,-0.00,-0.03,463,444,305,336,364
4.62,-2.92,7.48,0.03,0.01,-0.02,462,444,306,336,364
4.67,-2.86,7.39,0.03,-0.01,-0.02,463,444,306,336,363
4.62,-2.81,7.35,0.05,0.01,-0.01,463,443,306,336,364
4.76,-2.71,7.50,0.02,-0.01,0.01,463,443,306,336,364
4.35,-2.89,7.29,0.03,-0.00,-0.00,463,444,305,336,364
4.51,-2.93,7.56,0.03,0.02,-0.02,462,444,306,336,364
4.76,-2.89,7.49,0.03,0.00,-0.02,463,444,306,336,364
4.57,-2.84,7.42,0.03,0.01,-0.01,463,444,306,336,364
4.37,-2.86,7.23,0.01,-0.01,-0.02,463,444,305,336,364
4.51,-2.73,7.52,0.05,-0.01,-0.04,463,444,306,337,364
4.36,-2.72,7.31,0.03,-0.02,-0.04,463,444,305,336,364
4.57,-2.85,7.59,0.05,-0.00,-0.05,462,444,305,336,364
4.58,-2.94,7.70,0.05,0.01,-0.03,463,443,305,336,363
4.49,-2.89,7.58,0.01,0.04,-0.03,463,444,306,336,363
4.59,-2.83,7.70,0.06,-0.02,-0.07,462,444,306,336,364
4.53,-2.89,7.51,0.01,0.05,-0.02,462,444,306,336,364
4.73,-2.74,7.66,0.04,-0.00,-0.06,463,444,305,336,364
4.43,-2.77,7.07,0.03,0.02,-0.06,463,443,306,336,364
4.41,-2.65,7.57,0.04,0.04,-0.06,463,444,305,336,364
4.64,-2.71,7.45,0.08,0.03,-0.06,463,444,305,336,364
4.53,-2.68,7.66,0.06,0.02,-0.05,463,444,305,336,364
4.50,-2.79,7.98,0.03,0.01,-0.05,463,444,306,336,364
4.59,-2.70,7.77,-0.00,-0.03,-0.04,463,443,306,336,364
4.44,-2.60,7.40,-0.00,-0.01,-0.05,462,443,306,336,363
4.57,-2.72,7.29,0.04,-0.03,-0.07,462,443,305,336,364
4.49,-2.94,7.43,0.03,-0.01,-0.03,462,443,306,336,364
4.92,-2.84,8.06,0.01,0.04,-0.00,462,443,305,336,364
4.42,-2.70,7.36,-0.05,-0.03,-0.02,463,443,306,336,364
4.36,-2.60,7.12,-0.02,-0.05,-0.06,462,444,305,336,364
4.62,-2.81,7.37,0.02,0.00,-0.06,463,443,306,336,364
END
4.68,-2.86,7.60,0.01,-0.02,-0.04,462,443,306,337,364
4.49,-2.73,7.41,0.03,0.00,-0.01,462,443,306,337,364
4.59,-2.56,7.19,0.03,-0.00,-0.03,462,443,306,336,363
4.53,-2.68,7.62,0.06,-0.04,-0.04,462,443,306,336,364
4.08,-2.96,7.50,0.02,-0.06,-0.07,462,443,306,336,363
4.89,-2.66,7.64,0.03,0.02,-0.03,462,443,306,336,364
4.92,-2.64,7.65,0.06,-0.03,-0.03,462,443,306,336,363
4.17,-2.91,7.84,0.03,0.03,0.00,462,443,306,336,364
4.51,-2.77,7.77,0.03,0.03,-0.02,462,443,306,336,363
4.21,-2.91,7.85,-0.02,0.11,0.01,462,443,306,336,364
4.57,-2.67,7.21,0.05,-0.02,-0.08,462,443,306,336,364
4.70,-2.75,7.62,0.06,0.02,-0.02,462,443,306,336,364
4.29,-2.76,7.58,0.05,-0.03,-0.03,462,443,306,336,364
4.38,-2.75,7.29,0.03,-0.01,-0.04,462,443,306,336,364
4.58,-2.63,7.59,0.02,0.02,0.01,462,443,306,336,363
4.37,-2.76,7.69,0.07,-0.05,-0.03,462,443,306,336,363
4.42,-2.68,7.27,0.04,0.01,-0.03,462,443,305,336,363
4.58,-2.57,7.48,0.05,0.01,-0.02,462,443,306,336,364
4.67,-2.72,7.60,0.09,-0.05,-0.03,462,443,305,336,364
4.19,-2.83,7.54,0.06,0.02,-0.01,462,443,306,336,364
4.58,-2.76,7.69,0.04,-0.00,-0.05,462,443,306,336,364
4.44,-2.60,7.65,0.08,0.02,-0.04,462,443,306,336,364
4.27,-2.59,7.57,0.03,0.02,-0.03,462,443,306,336,364
4.48,-2.53,7.62,0.03,0.02,-0.06,462,443,306,337,364
4.64,-2.61,7.44,0.05,-0.02,-0.07,462,443,305,335,364
4.35,-2.56,7.60,0.04,0.00,-0.04,462,443,306,336,364
4.56,-2.58,7.79,0.03,-0.01,-0.06,462,442,306,336,364
4.53,-2.56,7.62,0.03,-0.01,-0.05,461,443,306,336,363
4.36,-2.59,7.63,-0.01,-0.01,-0.03,461,443,306,336,364
4.50,-2.54,7.57,0.03,0.01,-0.04,462,443,306,336,363
4.44,-2.59,7.81,0.01,-0.01,-0.04,462,443,306,336,364
4.53,-2.64,7.46,0.01,-0.04,-0.06,462,443,306,336,364
4.62,-2.51,7.43,0.01,-0.02,-0.04,462,443,305,337,364
4.65,-2.70,7.59,0.04,-0.03,-0.03,462,443,306,336,364
4.35,-2.76,7.49,0.03,-0.01,-0.01,462,443,306,337,364
4.74,-2.66,7.73,0.02,0.02,-0.03,462,443,306,336,364
END
4.68,-2.60,7.34,0.01,-0.02,-0.02,461,442,306,336,363
4.69,-2.43,7.21,0.06,-0.01,-0.04,461,442,306,336,363
4.81,-2.64,7.44,0.08,0.04,-0.03,461,442,307,336,363
5.10,-2.60,7.47,0.06,-0.01,-0.04,461,442,306,336,363
4.73,-2.63,7.46,0.04,-0.02,-0.04,461,442,306,336,364
4.67,-2.51,7.36,0.02,-0.03,-0.03,461,442,306,336,363
4.92,-2.49,7.75,0.05,-0.01,-0.04,461,442,306,336,363
4.84,-2.58,7.50,0.05,-0.03,-0.02,461,443,306,336,363
4.87,-2.61,7.52,0.00,-0.01,-0.01,461,442,306,336,363
5.00,-2.46,7.37,-0.01,-0.02,-0.01,461,442,306,336,364
4.97,-2.58,7.23,0.01,-0.06,0.00,461,442,306,336,363
4.58,-2.65,7.30,0.05,-0.03,-0.02,461,442,306,336,363
5.04,-2.73,7.62,-0.01,0.01,-0.04,461,442,306,336,364
4.85,-2.76,7.01,0.02,-0.00,-0.03,461,442,306,336,363
4.80,-2.88,6.85,0.02,0.03,-0.03,461,442,306,336,363
5.10,-2.82,7.33,0.07,0.02,-0.04,461,442,306,336,364
5.14,-2.88,7.47,0.02,0.01,-0.00,461,442,306,336,363
4.80,-2.71,7.42,0.04,0.00,-0.00,461,442,306,336,363
4.72,-2.76,7.52,0.02,0.02,-0.01,461,442,306,336,363
4.91,-2.75,7.32,0.04,-0.05,-0.03,461,442,306,336,363
4.64,-2.88,6.84,0.02,0.01,0.01,461,442,306,336,364
4.97,-2.64,7.39,0.04,0.02,-0.02,461,442,306,336,363
4.88,-2.63,7.44,0.03,-0.03,-0.02,461,442,306,336,363
4.63,-2.79,7.09,0.02,0.01,-0.03,461,442,306,336,362
4.72,-2.86,7.45,0.06,-0.01,-0.06,461,442,306,336,363
5.20,-2.64,7.39,0.05,0.01,-0.02,461,442,306,336,363
5.11,-2.73,7.57,0.05,-0.03,-0.00,461,442,306,336,364
4.47,-2.86,7.31,0.02,0.01,-0.00,461,442,306,336,364
5.28,-2.56,6.81,0.03,0.02,-0.03,461,442,306,336,364
4.61,-2.68,7.29,0.08,-0.01,-0.03,461,442,306,336,363
4.95,-2.82,7.33,0.06,0.03,-0.03,461,442,306,336,364
4.86,-2.71,7.61,0.07,-0.04,-0.03,461,442,306,336,363
4.95,-2.82,7.24,0.07,0.03,-0.02,461,442,306,336,363
4.87,-2.62,8.12,0.08,-0.02,-0.01,461,442,306,336,363
4.55,-2.75,7.03,0.04,0.02,-0.01,461,442,306,336,363
5.16,-2.31,7.45,0.05,0.03,-0.02,461,442,306,336,363
END
4.58,-2.63,7.37,0.07,-0.00,-0.03,461,442,306,336,363
4.63,-2.85,7.42,0.06,-0.04,-0.06,461,442,305,336,363
4.34,-2.98,7.69,0.03,-0.00,-0.05,461,442,306,336,363
4.85,-2.76,7.25,0.04,0.01,-0.05,461,442,306,336,363
4.77,-2.90,7.74,0.06,-0.01,-0.05,461,442,306,336,363
4.65,-2.89,7.34,0.04,0.01,-0.02,461,442,306,336,363
4.77,-2.96,7.31,0.05,-0.03,-0.04,461,442,307,336,363
4.68,-2.87,7.40,0.02,-0.00,-0.02,461,442,308,336,363
4.62,-2.70,7.54,0.06,-0.03,-0.04,461,442,307,336,363
4.67,-2.86,7.51,0.04,0.00,-0.02,461,442,308,336,363
4.59,-2.86,7.66,0.06,-0.01,-0.03,460,442,307,336,363
4.56,-2.76,7.49,0.01,0.00,-0.03,461,441,307,336,363
4.78,-2.73,7.31,0.03,-0.01,-0.02,461,442,307,336,363
4.62,-2.79,7.25,0.04,-0.02,-0.02,461,442,307,336,363
4.74,-2.77,7.67,0.04,-0.00,-0.05,461,442,307,336,363
4.59,-2.76,7.51,0.01,-0.02,-0.03,461,442,307,336,363
4.67,-2.66,7.25,0.03,0.01,-0.03,461,442,307,336,363
4.72,-2.53,7.72,0.06,-0.02,-0.04,461,442,309,336,363
4.76,-2.86,7.39,0.01,0.01,-0.03,461,442,307,336,363
4.87,-2.80,7.31,0.01,0.01,-0.05,461,442,306,336,363
4.80,-2.63,7.33,0.04,0.05,-0.01,461,442,305,336,363
4.60,-2.80,7.29,-0.00,-0.02,-0.04,461,442,309,336,363
4.71,-2.78,7.33,0.03,0.01,-0.03,461,442,307,336,363
4.66,-2.66,7.50,0.01,0.00,-0.01,461,442,307,336,363
4.67,-2.90,7.49,0.05,-0.04,-0.04,461,442,307,336,363
4.56,-2.84,7.49,0.01,0.03,-0.01,461,442,307,336,363
4.78,-2.79,7.44,0.05,-0.01,-0.04,461,442,307,336,363
4.74,-2.86,7.21,0.03,-0.01,-0.02,461,442,307,336,363
4.58,-2.92,7.22,0.04,0.01,-0.02,460,442,306,337,363
4.80,-2.79,7.35,0.06,-0.05,-0.05,460,442,307,336,363
4.83,-2.82,7.34,0.05,-0.00,-0.02,460,442,307,336,363
4.64,-2.70,7.35,0.04,-0.03,-0.03,460,442,307,336,363
4.65,-2.89,7.46,0.04,-0.00,-0.03,460,442,307,336,363
4.75,-2.75,7.44,0.01,0.01,-0.03,461,442,306,336,363
4.64,-2.72,7.19,0.02,-0.01,-0.04,461,442,306,336,363
4.77,-2.73,7.32,0.02,0.02,-0.03,461,442,306,336,363
END
4.86,-2.86,7.67,0.03,0.02,-0.03,460,442,306,336,363
4.69,-2.68,7.50,0.03,-0.01,-0.02,460,442,306,336,363
4.64,-2.69,7.54,0.03,-0.01,-0.03,460,442,306,336,363
4.72,-2.66,7.31,0.02,0.02,-0.01,460,442,306,336,363
4.74,-2.59,7.44,0.03,-0.02,-0.03,460,442,307,336,363
4.51,-2.73,7.43,0.04,-0.00,-0.03,460,442,306,336,363
4.60,-2.71,7.65,0.04,-0.01,-0.04,460,441,306,336,363
4.76,-2.70,7.38,0.02,-0.00,-0.03,460,442,306,336,363
4.65,-2.68,7.51,0.04,-0.00,-0.03,460,442,306,336,363
4.59,-2.74,7.44,0.02,0.01,-0.04,460,442,306,336,363
4.83,-2.67,7.38,0.04,0.01,-0.05,460,442,306,336,363
4.74,-2.73,7.42,0.04,0.00,-0.03,460,442,307,336,363
4.65,-2.85,7.61,0.03,-0.01,-0.04,460,442,307,336,363
4.67,-2.64,7.67,0.03,0.00,-0.03,460,442,307,336,363
4.72,-2.69,7.57,0.03,-0.00,-0.03,460,442,306,336,363
4.55,-2.68,7.34,0.02,-0.01,-0.03,460,442,306,335,363
4.62,-2.68,7.45,0.01,0.01,-0.01,460,442,306,336,363
4.85,-2.66,7.50,0.05,-0.03,-0.04,460,441,307,336,363
4.53,-2.64,7.37,0.04,-0.01,-0.02,460,442,306,336,363
4.74,-2.79,7.52,0.03,-0.02,-0.03,460,442,306,336,364
4.55,-2.77,7.49,0.06,0.02,-0.01,460,442,307,336,363
4.54,-2.65,7.51,0.03,-0.01,-0.01,460,441,307,336,363
4.74,-2.56,7.62,0.04,0.01,-0.03,460,442,306,336,363
4.69,-2.68,7.58,0.02,-0.02,-0.04,460,442,306,336,363
4.68,-2.68,7.47,0.04,0.02,-0.01,460,442,306,336,363
4.67,-2.77,7.68,0.04,-0.02,-0.04,460,442,306,336,363
4.57,-2.67,7.61,0.04,0.01,-0.03,460,442,306,336,363
4.70,-2.56,7.70,0.02,-0.01,-0.04,460,442,306,336,363
4.64,-2.61,7.26,0.04,-0.02,-0.04,460,442,306,336,363
4.54,-2.58,7.44,0.02,0.00,-0.02,460,441,306,336,363
4.77,-2.69,7.42,0.02,-0.01,-0.03,460,441,306,336,363
4.72,-2.50,7.34,0.03,0.00,-0.03,460,442,306,336,363
4.73,-2.58,7.46,0.04,-0.01,-0.04,460,442,307,336,363
4.59,-2.64,7.31,0.03,0.02,-0.03,460,442,306,336,363
4.68,-2.64,7.46,0.02,-0.00,-0.02,460,441,306,336,363
4.62,-2.61,7.53,0.06,0.01,-0.03,460,441,306,336,363
END
4.62,-2.54,7.53,0.03,0.01,-0.03,461,445,307,336,364
4.54,-2.62,7.70,0.04,0.01,-0.03,461,444,307,336,364
4.78,-2.56,7.65,0.04,-0.01,-0.04,461,444,307,336,363
4.61,-2.44,7.52,0.02,0.02,-0.02,461,444,307,336,364
4.74,-2.38,7.40,0.02,-0.01,-0.03,461,444,307,336,364
4.74,-2.50,7.28,0.06,0.00,-0.02,461,444,307,336,364
4.72,-2.76,7.89,0.03,0.00,-0.04,460,444,307,336,363
4.64,-2.58,7.40,0.05,0.01,-0.03,460,444,307,336,364
4.35,-2.56,7.44,0.03,0.02,-0.02,460,443,307,336,364
4.63,-2.60,7.77,0.05,0.00,-0.03,460,443,307,336,363
4.54,-2.69,7.38,0.03,0.03,-0.02,460,443,307,336,363
4.52,-2.61,7.75,0.03,-0.01,-0.03,460,443,307,336,363
4.50,-2.63,7.78,0.05,0.01,-0.03,460,443,307,336,363
4.62,-2.61,7.72,0.01,-0.02,-0.03,460,443,307,336,363
4.60,-2.71,7.53,0.02,-0.03,-0.04,460,443,307,336,363
4.45,-2.51,7.56,0.03,0.01,-0.03,460,443,307,336,363
4.74,-2.64,7.35,0.02,-0.01,-0.03,460,443,307,336,363
4.65,-2.64,7.65,0.03,-0.02,-0.04,460,443,307,336,363
4.70,-2.69,7.34,0.02,-0.04,-0.05,460,443,307,336,363
4.74,-2.62,7.63,-0.00,0.02,-0.01,459,443,307,336,363
4.73,-2.50,7.70,0.02,0.00,-0.01,460,443,307,336,363
4.44,-2.53,7.01,0.02,0.02,-0.01,460,443,308,336,363
4.26,-2.56,7.45,0.06,0.04,0.00,460,443,307,336,363
4.20,-2.71,7.54,0.01,0.01,-0.03,459,443,307,336,363
4.41,-2.63,7.63,0.02,0.03,-0.05,460,443,307,336,363
4.74,-2.76,7.45,-0.00,0.07,0.02,460,443,306,336,363
4.36,-2.80,7.55,0.09,-0.01,-0.02,459,443,307,336,363
4.09,-2.65,7.52,0.01,0.03,0.03,460,443,307,336,363
4.25,-2.53,7.34,-0.00,0.05,-0.00,459,443,307,336,363
4.53,-2.67,7.99,0.07,-0.09,-0.11,460,443,307,336,363
4.52,-2.63,7.77,0.03,0.02,-0.05,460,443,307,336,363
4.38,-2.57,7.52,0.03,0.01,-0.02,459,443,307,336,363
4.46,-2.78,7.65,0.07,-0.04,-0.04,459,443,307,336,363
4.19,-2.88,7.95,0.05,-0.02,-0.06,459,443,307,337,364
4.48,-2.73,7.65,0.00,0.00,-0.01,459,443,307,336,363
4.44,-2.72,7.47,0.03,-0.05,-0.06,459,443,306,336,363
END
4.40,-2.79,7.75,0.02,-0.01,-0.02,458,443,305,336,363
4.51,-2.67,7.14,0.03,-0.02,-0.05,458,443,304,335,363
4.57,-2.68,7.35,0.03,0.03,-0.03,459,443,304,335,363
4.80,-2.84,7.35,0.05,-0.04,-0.06,458,443,304,336,363
4.67,-2.84,7.44,0.03,0.04,-0.02,458,443,305,336,363
4.71,-2.58,7.50,0.04,-0.01,-0.06,459,443,304,335,363
4.63,-2.86,7.71,-0.00,-0.02,-0.04,459,443,305,336,362
4.74,-2.65,7.25,0.05,0.01,-0.04,459,443,305,335,363
4.68,-2.67,7.44,0.01,0.00,-0.02,459,443,305,335,363
4.47,-2.79,7.61,0.00,-0.02,-0.01,459,443,305,335,363
4.57,-2.66,7.26,0.01,-0.02,-0.03,458,443,305,335,363
4.66,-2.79,7.28,0.03,0.01,-0.01,459,443,305,335,363
4.74,-2.71,7.44,0.04,-0.02,-0.02,459,443,305,335,363
4.37,-2.85,7.36,0.04,0.00,-0.01,459,443,305,335,363
4.70,-2.79,7.45,0.01,0.01,-0.01,458,443,305,335,363
4.56,-2.85,7.52,0.05,-0.00,-0.01,458,443,305,335,363
4.49,-2.82,7.46,0.04,-0.02,-0.02,458,443,305,336,363
4.15,-2.78,7.57,0.03,0.03,-0.02,458,443,305,335,363
4.70,-2.80,7.58,0.04,0.00,-0.02,458,443,305,335,363
4.36,-2.88,7.50,0.04,0.01,-0.02,458,443,305,335,363
4.58,-2.79,7.49,0.01,0.02,-0.02,458,443,305,336,363
4.59,-2.80,7.37,0.02,-0.01,-0.02,458,443,305,335,363
4.45,-2.96,7.44,0.04,-0.01,-0.02,458,443,305,335,363
4.51,-2.94,7.52,0.05,-0.00,-0.01,458,443,305,335,363
4.70,-2.77,7.44,0.01,-0.01,-0.00,458,443,305,336,363
4.41,-2.79,7.62,0.08,-0.04,-0.01,458,443,305,335,363
4.41,-2.91,7.58,0.06,-0.01,0.00,458,443,305,335,363
4.44,-2.76,7.57,0.07,-0.00,0.01,458,443,305,335,363
4.41,-2.81,7.67,0.05,0.00,0.01,458,443,305,335,363
4.41,-2.80,7.54,0.04,0.01,0.01,458,443,305,335,363
4.35,-2.82,7.49,0.03,-0.00,-0.01,458,443,305,335,363
4.28,-2.89,7.35,0.02,-0.00,-0.01,458,443,305,335,363
4.45,-2.86,7.64,0.03,0.02,-0.00,458,443,305,335,363
4.49,-2.90,7.81,0.00,-0.05,-0.04,458,443,305,335,363
4.47,-2.86,7.24,0.02,0.00,-0.02,458,443,305,335,363
4.47,-2.91,7.42,0.04,-0.01,-0.03,458,443,305,335,363
END
3.68,-2.21,7.85,0.04,-0.01,-0.03,469,460,307,335,368
3.75,-2.27,7.89,0.02,-0.02,-0.03,469,460,307,335,368
3.90,-2.30,8.20,0.04,-0.03,-0.04,469,460,307,335,368
3.69,-2.36,7.92,0.06,-0.02,-0.05,469,460,307,335,368
3.66,-2.25,7.55,0.01,-0.00,-0.04,469,459,307,335,368
4.35,-2.20,7.88,0.03,-0.01,-0.04,469,460,308,335,368
3.98,-2.38,8.26,0.05,-0.03,-0.05,469,460,308,335,368
3.59,-2.46,7.76,0.01,0.00,-0.02,469,460,307,335,368
3.82,-2.38,8.14,0.05,0.01,-0.03,469,460,309,335,368
3.71,-2.30,8.32,0.02,0.00,-0.02,469,460,308,335,368
3.65,-2.28,8.50,0.00,0.01,-0.00,469,460,307,335,368
3.63,-2.25,7.79,-0.03,0.03,-0.04,469,460,307,336,368
3.95,-2.19,7.86,0.03,0.01,-0.06,469,460,307,335,368
3.54,-2.36,7.80,0.07,-0.01,-0.03,469,460,307,335,368
3.92,-2.43,8.14,0.02,-0.02,-0.04,469,460,307,335,368
3.67,-2.67,8.42,0.06,-0.03,-0.02,469,460,307,335,368
3.56,-2.56,8.55,-0.02,0.02,-0.01,469,459,307,335,368
3.91,-2.45,8.06,0.01,-0.03,-0.06,468,459,307,335,368
3.77,-2.42,7.51,-0.01,0.03,0.00,469,460,307,335,367
3.88,-2.29,7.97,0.11,-0.02,-0.04,469,459,307,335,368
3.71,-2.56,8.26,0.03,0.02,-0.01,469,460,307,335,368
3.81,-2.47,8.26,-0.01,-0.01,-0.04,469,459,307,335,368
3.81,-2.41,7.67,-0.02,0.02,-0.03,469,460,307,335,368
3.77,-2.54,7.79,0.00,0.02,-0.03,469,460,307,335,368
3.46,-2.58,7.97,0.04,-0.01,-0.01,469,460,307,335,368
3.55,-2.53,7.96,0.02,0.04,-0.01,468,459,307,335,368
3.57,-2.53,8.23,0.02,-0.01,-0.03,468,459,307,335,368
3.68,-2.52,7.75,-0.00,0.02,-0.03,469,460,307,335,368
3.67,-2.68,8.18,0.03,0.01,-0.05,468,459,307,335,367
3.75,-2.63,8.23,0.03,-0.00,-0.06,468,459,307,335,368
3.98,-2.73,7.78,0.02,-0.01,-0.04,468,459,307,335,368
3.53,-2.64,7.86,0.04,-0.03,-0.05,468,459,307,335,368
3.59,-2.56,7.99,0.07,0.01,-0.02,468,459,307,335,368
3.57,-2.53,8.18,0.04,0.03,-0.01,468,459,307,335,368
3.57,-2.49,8.28,0.05,0.02,-0.03,468,459,307,335,368
3.62,-2.48,7.93,0.04,-0.01,-0.04,468,459,307,335,368
END
3.83,-2.48,8.15,0.03,0.00,-0.05,467,458,307,337,367
3.55,-2.33,8.37,0.05,-0.03,-0.05,467,458,307,336,367
3.63,-2.23,7.98,0.03,0.01,-0.04,467,458,307,336,367
3.33,-2.18,8.19,0.02,-0.01,-0.03,467,458,307,336,367
3.33,-2.18,8.02,0.05,0.01,-0.05,467,458,307,335,367
3.47,-2.32,8.25,-0.01,-0.04,-0.02,467,458,307,336,367
3.52,-2.30,8.05,-0.01,0.00,-0.02,467,458,307,336,367
3.60,-2.32,8.23,-0.00,-0.05,-0.04,467,458,307,336,367
3.17,-2.53,8.39,0.00,-0.04,-0.02,467,458,307,336,367
3.57,-2.33,8.07,0.02,0.01,-0.02,467,458,307,336,367
3.52,-2.36,8.03,0.04,0.01,-0.03,467,458,307,335,367
3.32,-2.42,8.13,0.01,0.01,-0.04,467,458,307,336,367
3.57,-2.48,8.36,0.00,-0.04,-0.07,466,458,307,335,367
3.77,-2.46,7.91,0.04,-0.02,-0.05,466,458,307,335,367
3.76,-2.48,8.20,0.05,-0.02,-0.03,467,458,307,336,367
3.90,-2.43,8.18,0.03,-0.01,-0.03,467,458,307,336,367
3.57,-2.41,8.35,0.02,-0.01,-0.02,467,458,307,336,367
3.76,-2.34,7.61,-0.00,0.02,-0.02,467,458,307,336,367
3.83,-2.38,7.93,0.03,-0.02,-0.05,467,458,307,336,367
3.60,-2.52,8.43,-0.00,0.01,-0.02,467,458,307,336,367
3.60,-2.46,8.22,0.05,-0.04,-0.04,466,458,307,336,367
3.32,-2.51,8.20,0.02,0.03,-0.02,466,458,307,335,367
3.78,-2.38,7.75,0.04,-0.01,-0.03,466,458,307,336,367
3.62,-2.55,7.95,0.04,0.05,-0.00,466,458,307,336,367
3.70,-2.46,8.25,0.06,-0.02,-0.03,466,458,307,336,366
3.42,-2.52,8.01,0.01,0.03,-0.01,466,458,307,336,367
3.61,-2.43,7.98,0.03,-0.00,-0.03,466,458,307,335,367
3.77,-2.53,8.27,0.01,-0.02,-0.07,466,458,307,336,367
3.53,-2.56,7.85,0.02,-0.01,-0.03,466,458,307,336,367
3.64,-2.56,8.01,0.02,-0.01,-0.04,466,458,307,336,367
3.56,-2.49,8.08,0.03,-0.01,-0.05,466,458,307,336,367
3.73,-2.55,7.93,0.01,-0.01,-0.01,466,458,307,335,367
3.59,-2.63,8.13,0.03,-0.03,-0.05,466,458,307,336,367
3.66,-2.63,8.32,0.01,-0.00,-0.01,466,458,307,336,367
3.63,-2.59,8.00,0.02,-0.02,-0.04,466,457,308,336,367
3.63,-2.61,7.98,0.00,0.00,-0.02,466,457,307,336,367
END
3.57,-2.58,7.90,0.05,0.01,-0.03,465,456,307,336,366
3.65,-2.88,7.96,0.03,-0.01,-0.04,465,457,307,336,366
3.65,-2.80,8.23,-0.00,0.01,-0.02,465,457,307,336,366
3.69,-2.90,7.85,-0.01,-0.03,-0.02,465,457,307,336,366
3.67,-2.94,7.95,0.05,-0.03,-0.03,465,457,307,336,366
3.72,-2.86,7.79,0.03,0.01,-0.04,465,457,307,336,366
3.68,-2.86,7.96,0.05,-0.01,-0.03,465,457,307,336,366
3.66,-2.98,7.98,0.02,0.01,-0.02,465,457,307,336,365
3.82,-2.85,7.93,0.03,-0.02,-0.05,465,456,307,336,366
3.75,-2.82,7.76,0.01,0.02,-0.02,465,456,307,335,366
3.77,-2.84,7.99,0.04,-0.02,-0.03,465,456,307,336,366
3.51,-3.00,7.88,0.05,-0.01,-0.03,465,456,307,336,365
3.80,-2.86,7.92,0.02,0.01,-0.01,465,457,307,336,366
3.64,-2.71,7.66,0.03,-0.02,-0.04,465,456,307,336,366
3.80,-2.85,7.75,0.04,0.01,-0.02,465,456,307,336,366
1.99,-2.96,8.05,0.07,0.00,0.00,465,456,307,336,366
3.65,-2.89,7.69,0.01,-0.01,-0.03,465,456,307,336,366
3.75,-2.73,7.94,-0.02,-0.04,-0.04,465,456,307,336,366
3.57,-2.87,7.82,0.05,-0.00,-0.03,465,456,307,336,366
3.67,-3.03,7.99,0.03,0.03,-0.02,465,456,307,336,366
3.74,-2.83,7.90,0.05,-0.00,-0.06,465,456,307,336,365
3.64,-2.97,8.10,0.03,0.03,-0.03,465,456,306,336,366
3.76,-2.71,8.01,0.05,-0.03,-0.06,465,456,307,335,365
3.68,-2.79,7.87,0.01,-0.01,-0.04,465,456,307,336,365
3.75,-2.86,7.95,0.03,0.00,-0.04,465,456,307,336,366
3.74,-2.82,8.13,0.03,-0.00,-0.05,465,456,307,336,365
3.54,-2.88,7.89,0.03,0.01,-0.02,465,456,307,336,366
4.11,-2.86,7.98,0.04,-0.01,-0.05,465,456,307,336,365
3.85,-2.79,7.79,0.01,-0.01,-0.01,465,456,307,336,365
3.75,-2.75,8.03,0.04,0.00,-0.02,465,456,307,336,365
3.52,-2.73,7.93,0.01,0.01,-0.01,464,456,307,336,365
3.79,-2.84,8.01,0.08,-0.03,-0.04,464,456,307,336,366
3.47,-2.89,7.90,0.01,0.01,-0.00,464,456,307,336,365
3.84,-2.79,7.96,0.06,-0.02,-0.04,464,456,307,335,365
3.53,-2.84,7.82,0.02,0.01,-0.02,465,456,307,336,365
3.69,-2.91,7.85,0.03,0.00,-0.03,464,456,307,336,366
END
3.80,-2.89,7.87,0.04,0.01,-0.05,464,455,307,336,365
3.61,-2.94,7.82,0.03,0.00,-0.03,464,455,307,336,365
3.78,-3.01,8.06,0.04,0.01,-0.02,464,455,307,336,365
3.76,-2.92,7.93,0.05,0.01,-0.03,464,455,307,336,365
3.63,-2.96,7.91,0.03,0.01,-0.03,464,455,306,336,365
3.81,-2.96,7.93,0.03,-0.01,-0.02,463,455,307,335,365
3.74,-2.89,7.91,0.05,0.01,-0.04,463,455,307,336,365
3.94,-2.89,7.89,0.05,-0.01,-0.06,464,455,307,336,365
3.61,-2.97,7.81,0.01,0.00,-0.03,464,455,307,336,365
3.72,-2.88,7.87,0.04,0.00,-0.04,464,455,307,336,365
3.80,-2.99,8.12,0.03,-0.00,-0.04,464,455,307,336,365
3.85,-3.01,7.94,0.01,-0.01,-0.04,464,455,307,336,365
3.83,-2.87,7.72,0.03,0.00,-0.04,464,455,307,336,365
3.80,-2.95,7.72,0.03,0.01,-0.01,463,455,307,336,365
3.74,-2.94,7.87,0.03,-0.01,-0.03,463,455,307,336,365
3.73,-3.00,7.85,0.02,-0.01,-0.04,463,455,307,336,365
3.74,-2.84,7.67,0.02,0.01,-0.02,463,455,307,335,365
3.69,-2.99,7.73,0.06,-0.01,-0.04,463,455,307,335,365
3.66,-3.01,7.98,0.03,0.00,-0.03,463,455,307,336,365
3.74,-2.96,7.90,0.01,0.00,-0.02,463,455,307,336,365
3.81,-2.98,7.73,0.04,0.00,-0.05,464,455,307,336,365
3.85,-2.89,7.77,0.05,0.01,-0.03,463,455,307,336,365
3.74,-2.99,7.92,0.03,-0.03,-0.04,464,455,307,336,365
3.86,-2.96,7.67,0.02,0.00,-0.04,463,455,307,336,365
4.01,-2.90,7.87,0.00,-0.00,-0.02,463,455,307,336,365
3.85,-2.83,7.66,0.05,-0.01,-0.03,463,455,306,336,365
3.71,-2.94,7.70,0.02,0.01,-0.01,463,455,307,335,365
3.62,-2.98,7.94,0.07,-0.00,-0.04,463,455,307,336,365
3.68,-2.94,7.89,-0.00,0.00,-0.03,463,455,307,336,365
3.86,-2.96,7.65,0.03,-0.00,-0.04,463,455,306,336,365
3.79,-2.79,7.65,0.02,-0.00,-0.03,463,455,307,336,365
4.08,-2.87,7.93,0.03,-0.01,-0.03,463,455,307,336,365
3.79,-3.06,7.91,0.05,-0.00,-0.03,463,454,307,336,365
3.72,-2.86,7.79,0.04,-0.00,-0.04,463,455,307,336,365
3.74,-2.86,7.62,-0.00,-0.02,-0.02,463,455,307,336,365
3.76,-2.93,7.86,0.05,0.00,-0.03,463,455,307,336,365
END
3.88,-2.96,7.84,0.05,-0.00,-0.04,462,454,307,335,364
3.75,-3.02,7.77,0.03,0.01,-0.05,462,454,307,336,365
3.95,-2.89,7.80,0.04,0.00,-0.06,462,453,307,336,365
3.56,-2.99,7.72,0.01,0.01,-0.01,462,454,307,335,365
3.73,-2.97,8.03,0.02,-0.03,-0.07,462,454,307,336,365
3.77,-2.73,7.81,0.04,0.01,-0.05,462,453,307,335,365
3.76,-2.80,7.93,0.04,-0.05,-0.05,462,453,307,336,365
3.83,-3.07,7.80,0.06,-0.01,-0.05,462,453,307,336,365
4.21,-3.01,7.90,0.04,-0.02,-0.04,462,454,307,336,365
4.08,-2.86,7.93,0.01,-0.04,-0.06,462,454,307,336,365
3.71,-2.83,7.84,0.00,0.00,0.00,462,453,307,336,364
3.78,-2.79,7.80,0.01,0.01,0.01,462,453,307,336,365
3.89,-2.86,8.08,0.03,-0.04,-0.03,462,453,307,336,364
3.78,-3.07,8.08,0.05,-0.02,-0.04,462,453,307,337,365
3.72,-3.03,7.77,0.01,-0.01,-0.04,462,453,307,336,365
4.04,-3.07,7.72,0.02,-0.01,-0.04,462,453,307,336,365
3.93,-3.12,7.80,-0.03,-0.02,-0.03,462,454,307,336,365
3.73,-3.14,7.52,-0.02,-0.03,-0.04,462,454,307,336,365
4.00,-3.06,7.51,-0.02,-0.00,-0.05,462,453,307,336,365
4.17,-3.04,7.64,0.05,0.01,-0.04,462,453,307,336,365
3.81,-3.15,7.79,0.03,0.01,-0.02,462,453,307,336,365
3.83,-3.07,7.64,0.05,-0.01,-0.05,462,453,307,335,365
3.80,-3.10,7.95,0.01,0.01,-0.04,462,453,307,336,364
4.04,-3.08,7.58,0.04,-0.01,-0.03,462,453,307,336,365
3.94,-3.09,7.39,0.02,0.01,-0.03,462,453,307,335,365
4.18,-2.99,7.57,0.02,0.02,-0.02,462,453,307,335,365
3.85,-3.22,7.72,0.02,-0.01,-0.05,462,453,307,336,365
3.87,-3.02,7.57,0.04,0.01,-0.03,462,453,307,336,365
3.94,-3.16,7.54,0.03,-0.01,-0.02,462,453,307,336,365
3.89,-3.18,7.60,0.02,0.01,-0.01,462,453,307,336,365
3.93,-3.29,7.87,0.02,0.00,-0.03,462,453,307,335,365
3.93,-3.14,7.82,0.02,-0.02,-0.03,462,453,307,336,365
3.88,-3.19,7.32,0.04,-0.02,-0.04,462,453,307,336,365
3.81,-3.04,7.60,0.03,0.01,-0.03,462,453,307,336,365
4.06,-3.16,7.58,0.02,-0.01,-0.05,462,453,307,336,365
3.82,-3.17,7.65,0.03,0.01,-0.04,462,453,307,336,365
END
3.80,-3.05,7.70,0.03,0.03,-0.02,462,452,309,337,366
3.95,-3.26,8.05,-0.03,-0.03,-0.03,462,452,309,337,366
3.87,-3.37,7.62,0.03,-0.00,-0.02,462,452,309,337,366
4.04,-3.22,7.60,0.01,-0.03,-0.02,462,452,309,337,366
3.88,-3.34,7.75,0.01,0.01,-0.00,462,452,309,337,366
3.78,-3.28,7.54,0.03,-0.00,-0.04,462,452,309,337,366
3.98,-3.24,7.66,0.01,0.02,-0.02,462,452,309,337,365
4.14,-3.32,7.48,0.03,-0.02,-0.03,462,452,309,337,366
4.01,-3.28,7.58,-0.01,-0.02,-0.01,462,451,309,337,365
3.74,-3.28,7.57,0.05,-0.01,-0.03,462,452,309,337,365
4.08,-3.36,7.55,0.00,-0.01,-0.02,462,451,309,336,366
4.04,-3.36,7.62,0.06,-0.03,-0.04,462,451,309,336,366
3.83,-3.43,7.62,0.01,0.01,0.00,462,451,309,336,366
3.92,-3.42,7.62,0.05,0.00,-0.04,462,452,309,336,366
4.06,-3.27,7.41,0.02,0.02,-0.02,462,452,309,337,365
4.00,-3.31,7.62,0.03,-0.01,-0.01,462,452,309,337,366
3.98,-3.42,7.51,0.03,-0.01,-0.02,462,451,309,336,366
3.92,-3.43,7.60,-0.01,-0.02,-0.02,461,452,309,336,365
4.01,-3.45,7.78,0.05,-0.02,-0.05,461,451,309,336,365
3.86,-3.37,7.52,0.05,0.05,-0.00,461,451,309,336,366
4.05,-3.47,7.70,0.04,-0.03,-0.04,461,451,309,336,366
3.94,-3.47,7.77,0.04,0.03,-0.02,461,452,309,336,365
3.83,-3.24,7.38,0.00,-0.01,-0.01,461,452,309,337,365
3.83,-3.37,7.29,0.02,-0.01,-0.03,461,452,309,336,365
4.03,-3.47,7.77,0.01,0.01,-0.02,461,452,309,337,365
4.06,-3.45,7.47,-0.02,-0.05,-0.03,461,452,309,337,365
4.06,-3.42,7.57,0.02,-0.03,-0.02,461,452,309,337,365
3.85,-3.69,7.42,0.02,-0.01,0.01,461,451,309,337,365
4.24,-3.56,7.34,0.02,-0.01,0.00,461,451,308,336,365
4.11,-3.54,7.47,0.00,-0.02,-0.00,461,451,309,336,365
3.90,-3.63,6.98,0.03,-0.06,-0.02,461,451,309,336,365
3.94,-3.63,7.49,0.06,-0.00,0.02,461,451,309,336,365
4.12,-3.70,7.52,0.05,-0.08,-0.01,461,451,309,337,365
3.81,-3.65,7.63,0.04,-0.03,0.00,461,452,309,336,365
3.75,-3.67,7.32,-0.01,-0.05,-0.04,461,452,309,336,365
3.68,-3.78,7.49,-0.03,-0.00,-0.03,461,452,309,336,365
END
4.47,-4.08,7.93,-0.03,-0.01,-0.07,458,450,302,336,369
4.53,-3.33,7.37,0.14,0.04,-0.02,458,450,302,336,369
4.49,-3.27,7.34,0.06,-0.04,-0.03,458,450,302,336,369
4.48,-3.42,7.65,0.10,-0.06,-0.09,458,450,302,336,369
4.52,-3.32,7.25,0.01,0.02,0.01,457,449,302,336,369
4.44,-3.24,7.30,0.04,0.02,-0.00,456,450,302,336,369
4.35,-3.41,7.80,-0.05,-0.06,-0.03,456,450,302,336,369
4.10,-3.24,7.09,0.05,0.03,-0.03,456,449,302,335,369
4.47,-3.24,7.30,-0.01,-0.05,-0.05,456,450,302,336,369
4.31,-3.43,7.45,0.07,0.03,-0.04,456,450,302,336,369
4.48,-3.38,7.28,0.04,0.03,-0.07,455,450,303,336,368
4.27,-3.45,7.29,0.08,0.04,-0.00,453,450,305,336,368
4.89,-3.33,7.34,0.03,0.05,-0.04,453,451,308,335,368
4.59,-3.40,7.43,-0.04,-0.01,-0.03,452,451,310,335,367
4.34,-3.40,7.33,-0.03,-0.01,-0.01,452,451,311,336,367
4.69,-3.39,7.55,-0.08,-0.15,-0.08,452,450,310,335,367
3.75,-3.40,7.19,0.03,-0.01,0.02,452,450,311,335,367
4.60,-3.35,7.42,0.05,-0.02,-0.05,452,450,310,335,367
4.45,-3.45,7.03,0.07,0.04,-0.02,452,449,309,335,367
4.65,-3.50,7.57,0.05,-0.04,-0.02,452,450,308,335,368
4.74,-3.51,7.77,0.00,-0.05,-0.03,452,449,307,335,368
4.19,-3.24,6.88,0.08,0.03,0.03,452,449,307,335,368
4.67,-3.49,7.55,-0.02,-0.04,-0.03,451,450,307,335,368
3.87,-3.52,7.01,0.08,0.05,-0.01,452,449,307,335,367
4.19,-3.30,7.24,-0.00,0.07,0.01,452,449,307,335,367
4.42,-3.48,7.21,0.04,-0.03,-0.06,451,449,307,335,368
4.18,-3.60,7.68,0.06,0.07,-0.02,451,449,307,335,369
4.41,-3.37,7.26,0.03,-0.02,-0.05,451,449,307,335,367
4.46,-3.47,7.34,0.03,-0.03,-0.05,451,449,307,335,367
4.26,-3.40,7.24,0.03,0.05,-0.00,451,449,307,335,367
4.52,-3.52,7.47,-0.00,-0.09,-0.10,451,449,307,335,368
4.18,-3.52,7.22,0.02,0.05,-0.01,451,450,307,335,367
4.47,-3.32,7.23,0.04,-0.02,-0.06,451,449,307,335,367
4.52,-3.64,7.18,0.05,0.01,-0.05,450,449,307,335,367
4.47,-3.68,7.42,0.07,0.04,-0.02,450,449,307,335,367
4.58,-3.51,7.34,0.02,-0.02,-0.03,450,449,307,335,367
END
4.34,-3.47,7.24,0.05,0.05,0.00,462,449,310,335,371
4.09,-3.99,7.08,0.20,0.02,-0.07,461,449,310,336,371
4.31,-4.10,7.35,0.08,0.05,0.03,461,449,310,336,371
4.06,-4.01,7.40,0.01,-0.03,-0.08,461,449,310,336,371
4.06,-3.83,6.89,0.01,0.05,0.02,460,449,310,336,370
4.19,-3.77,7.15,0.01,-0.05,-0.08,460,449,310,336,371
4.24,-3.89,7.05,0.06,0.01,-0.02,460,449,309,336,370
4.20,-3.91,7.03,-0.00,-0.02,-0.05,460,449,309,336,370
4.23,-3.65,7.05,0.08,-0.01,-0.07,460,449,309,336,370
4.26,-3.87,7.26,-0.02,-0.02,-0.04,460,449,309,336,370
3.96,-3.96,6.93,0.04,0.01,-0.05,460,449,309,336,370
4.39,-3.98,7.46,0.04,0.00,-0.04,459,449,309,336,370
4.02,-3.89,7.06,0.06,0.07,-0.00,459,449,309,336,369
4.74,-3.83,7.10,-0.01,-0.08,-0.05,459,449,308,336,369
4.05,-4.19,7.11,0.04,0.04,0.00,459,450,309,336,369
4.61,-3.88,7.23,-0.02,0.00,0.01,459,449,309,336,369
4.24,-4.03,7.00,0.04,-0.02,-0.02,459,450,309,336,369
4.01,-4.00,7.01,0.01,0.00,0.01,459,449,309,336,369
4.41,-4.06,7.11,0.03,-0.05,-0.07,459,449,309,336,369
4.19,-4.03,6.96,0.01,-0.01,-0.02,459,449,309,335,369
4.36,-4.03,7.16,-0.01,-0.03,-0.06,459,449,309,336,369
4.31,-3.98,6.98,0.00,-0.00,-0.03,459,449,309,335,369
4.41,-4.04,6.95,-0.01,-0.02,-0.03,459,449,309,336,369
4.07,-4.22,7.18,0.07,0.02,-0.09,459,450,311,336,368
4.13,-4.00,6.98,0.01,0.03,0.01,458,449,309,335,369
4.46,-4.14,6.86,0.02,-0.04,-0.07,458,449,309,336,368
4.03,-4.11,7.10,0.02,0.02,-0.02,459,450,309,336,368
4.08,-4.13,6.93,-0.03,-0.00,-0.03,458,449,309,336,368
4.31,-4.18,6.40,0.01,0.01,-0.07,458,449,309,336,369
4.64,-4.29,7.13,0.01,-0.01,-0.08,458,449,309,336,368
3.99,-4.20,7.17,0.04,0.02,-0.05,458,449,309,336,368
4.29,-4.18,7.03,0.00,-0.00,-0.05,458,449,309,335,368
4.48,-4.08,7.01,0.04,0.02,-0.03,458,449,309,335,368
4.18,-4.07,6.80,0.05,-0.02,-0.04,458,449,309,335,368
4.17,-4.16,6.92,0.04,0.02,-0.03,458,449,309,336,368
4.24,-4.13,7.34,0.07,0.00,-0.05,458,449,309,336,368
END
3.96,-4.06,7.00,0.04,0.04,0.01,456,448,309,337,368
4.26,-4.37,7.24,0.02,-0.04,-0.06,455,449,309,337,368
3.91,-4.16,7.09,0.01,0.02,-0.02,455,448,309,337,368
4.39,-4.11,6.98,0.04,-0.03,-0.05,455,448,309,337,368
3.88,-4.31,7.02,0.03,-0.00,-0.04,455,448,309,337,368
4.12,-4.11,7.42,0.02,0.01,-0.05,455,448,309,337,368
4.36,-4.25,7.13,0.05,-0.01,-0.09,455,448,309,337,368
4.04,-4.16,6.98,0.02,0.03,-0.02,456,449,309,337,368
4.34,-4.18,7.09,0.07,-0.00,-0.07,455,448,309,337,368
4.06,-4.16,7.21,0.05,0.03,-0.03,455,448,309,337,368
4.24,-4.19,7.26,0.04,0.02,-0.09,455,449,310,337,368
4.00,-4.16,7.11,0.03,0.02,-0.02,455,449,310,337,368
4.47,-4.16,7.24,0.04,-0.01,-0.06,455,449,310,337,367
4.07,-4.09,7.23,0.03,-0.00,-0.02,455,449,311,337,368
3.90,-4.21,7.06,-0.00,0.00,0.02,455,449,311,336,367
4.24,-4.16,6.86,0.04,0.00,-0.04,455,449,310,337,367
4.11,-3.96,7.19,0.04,0.02,-0.01,455,449,310,337,367
3.86,-4.19,7.21,0.04,-0.03,-0.04,454,448,310,337,367
4.18,-4.32,7.22,0.03,0.00,-0.04,454,449,310,337,367
3.93,-4.13,7.09,0.02,0.03,-0.00,454,449,311,336,367
4.16,-4.17,7.23,0.04,-0.06,-0.05,455,449,310,337,367
3.67,-4.19,7.08,0.07,0.02,-0.01,454,449,310,337,367
4.30,-4.16,7.26,0.02,0.01,-0.02,454,449,310,337,367
3.96,-4.09,7.10,0.04,-0.01,-0.03,454,449,310,336,367
4.10,-4.08,6.95,0.03,-0.01,-0.03,454,449,310,337,367
4.05,-4.06,7.03,0.07,0.02,-0.03,454,449,310,337,367
4.23,-4.13,7.32,-0.00,-0.04,-0.03,454,449,311,336,367
3.93,-4.12,7.09,0.06,0.02,-0.02,454,449,311,336,367
3.93,-4.26,7.39,0.01,-0.01,-0.01,454,448,310,337,367
4.05,-4.17,7.14,0.07,-0.02,-0.04,454,449,310,336,367
3.90,-4.18,7.13,0.01,0.01,-0.02,454,449,311,336,367
4.23,-4.11,6.96,0.04,-0.03,-0.05,454,449,310,336,367
3.88,-4.20,6.88,0.02,0.01,-0.02,454,448,310,336,367
4.16,-4.14,7.06,0.02,-0.03,-0.04,454,449,310,337,367
3.93,-4.20,7.06,0.06,0.02,-0.02,454,449,311,336,367
4.05,-4.11,7.26,0.10,0.03,-0.04,454,449,311,336,367
END
3.80,-4.16,7.19,0.01,-0.00,-0.03,453,449,306,335,369
4.41,-4.23,7.12,-0.00,-0.04,-0.04,453,449,306,334,368
4.15,-4.15,6.99,0.09,-0.00,-0.03,453,449,306,335,368
4.11,-4.05,7.21,0.03,0.01,-0.01,453,448,306,335,368
4.13,-4.10,7.08,0.04,-0.02,-0.03,453,449,306,335,368
4.16,-4.24,6.87,-0.04,-0.00,0.01,453,448,306,335,368
4.16,-4.25,6.98,0.04,0.01,-0.03,453,448,306,334,368
4.49,-4.39,7.25,-0.01,-0.01,-0.02,454,448,306,335,368
4.28,-4.33,6.86,0.07,-0.01,-0.06,453,448,306,335,369
3.95,-4.24,6.84,0.05,0.04,0.01,453,449,306,335,368
4.43,-4.26,7.16,0.04,-0.02,-0.06,453,448,307,335,368
4.21,-4.24,6.99,0.01,0.02,-0.01,453,449,308,335,368
4.36,-4.32,7.09,0.05,0.00,-0.01,453,448,307,335,368
3.91,-4.26,6.99,0.07,-0.02,-0.04,453,449,308,335,368
4.01,-4.23,6.96,-0.01,0.02,0.00,453,448,308,335,368
4.16,-4.24,6.88,0.07,-0.00,-0.03,453,448,308,335,368
3.88,-4.27,6.90,0.05,0.02,0.01,453,448,308,334,368
4.08,-4.28,7.14,0.05,-0.04,-0.05,453,448,308,335,368
4.09,-4.14,7.16,0.02,0.01,-0.00,453,448,308,335,368
4.07,-4.00,7.19,0.03,-0.03,-0.03,453,448,308,335,368
4.01,-4.14,7.19,0.05,-0.05,-0.06,453,448,308,335,368
3.89,-4.17,6.93,0.04,0.06,-0.00,453,448,307,335,368
4.39,-4.20,7.33,0.03,-0.06,-0.07,453,448,307,334,368
3.96,-4.22,7.06,0.02,0.03,-0.01,453,448,308,334,368
4.21,-4.10,6.98,0.03,-0.02,-0.04,453,448,307,335,368
3.91,-4.25,6.98,0.04,0.00,-0.02,453,448,308,334,368
4.18,-4.26,7.38,0.02,-0.02,-0.03,452,448,307,335,368
3.81,-4.23,6.99,0.05,0.01,-0.03,453,448,308,335,368
4.06,-4.23,6.95,-0.01,0.01,-0.01,453,448,308,335,368
4.08,-4.19,7.10,0.07,0.01,-0.06,453,448,308,335,368
4.14,-4.29,7.05,-0.01,-0.00,-0.01,453,448,308,335,368
4.20,-4.14,6.91,0.05,0.01,-0.05,453,448,308,335,368
4.29,-4.33,7.15,0.01,0.00,-0.03,453,448,309,335,368
3.95,-4.31,7.12,0.04,0.01,-0.04,453,448,309,335,368
4.05,-4.34,7.01,0.03,0.02,-0.01,453,448,309,335,368
4.23,-4.37,7.09,0.03,-0.00,-0.06,452,448,309,335,367
END
4.09,-4.32,6.88,0.01,0.00,-0.01,467,433,301,336,374
3.60,-4.64,6.81,0.11,0.10,0.04,466,433,302,336,374
3.57,-4.66,7.40,0.12,-0.11,-0.22,466,433,301,336,374
3.69,-4.59,7.47,0.16,0.08,-0.01,466,433,302,336,374
3.44,-4.43,7.21,-0.02,-0.03,-0.03,465,433,302,336,374
3.48,-4.36,7.03,0.17,0.12,-0.01,465,433,301,336,375
4.10,-4.49,7.54,0.02,-0.03,-0.14,464,433,302,336,375
3.57,-4.39,7.18,0.00,0.01,0.00,464,432,302,336,375
3.37,-4.39,7.06,0.04,-0.00,-0.07,464,432,303,336,375
3.73,-4.39,7.31,0.01,-0.00,-0.05,464,433,303,336,375
3.58,-4.37,7.03,0.02,-0.00,-0.03,464,434,305,336,374
3.77,-4.54,7.15,0.01,0.01,-0.05,464,434,306,336,374
3.42,-4.32,7.02,0.04,0.02,-0.01,464,433,306,336,374
3.99,-4.30,7.42,-0.01,-0.08,-0.09,464,433,305,336,374
3.28,-4.51,7.19,0.05,0.02,-0.01,464,433,305,336,374
3.82,-4.44,7.42,0.04,0.02,-0.08,464,433,305,336,374
3.60,-4.37,7.15,0.05,0.01,-0.04,464,433,305,336,375
3.73,-4.36,7.32,0.04,-0.02,-0.04,464,433,305,336,374
3.36,-4.34,7.14,0.03,0.01,-0.05,464,433,305,336,374
3.61,-4.31,7.49,-0.00,0.03,-0.01,464,433,305,336,374
3.81,-4.36,7.09,0.04,-0.01,-0.08,463,432,305,335,374
3.47,-4.35,7.19,0.03,0.02,-0.03,463,433,305,336,374
3.73,-4.42,7.46,0.04,0.01,-0.03,463,432,305,336,374
3.53,-4.43,7.39,0.01,-0.03,-0.06,463,432,305,336,374
3.70,-4.34,7.21,0.02,0.04,-0.02,463,433,305,335,374
3.85,-4.38,7.13,0.04,0.00,-0.06,463,433,305,336,374
3.88,-4.41,7.44,0.04,0.01,-0.06,463,432,305,336,374
3.45,-4.49,7.18,0.01,0.00,-0.03,463,433,305,336,374
3.60,-4.27,7.10,0.06,0.03,-0.05,463,432,305,336,375
3.80,-4.45,7.31,0.03,-0.01,-0.04,463,432,305,336,375
3.53,-4.38,7.70,-0.02,-0.06,-0.05,463,431,305,336,376
3.51,-4.47,7.35,0.00,0.00,-0.01,463,431,305,335,376
3.57,-4.31,7.21,0.03,0.02,-0.02,462,431,305,336,375
3.62,-4.41,7.28,0.04,0.02,-0.03,463,431,305,336,375
3.62,-4.37,7.49,0.11,-0.00,-0.06,463,431,305,336,375
4.00,-4.40,7.11,0.11,0.02,-0.09,462,430,304,336,375
END
3.66,-4.34,7.16,0.03,0.02,-0.02,461,429,310,336,374
3.54,-4.22,7.28,0.06,0.02,-0.03,461,430,310,336,374
3.61,-4.17,7.23,0.00,0.00,-0.02,461,430,310,336,374
3.43,-4.10,7.24,0.08,-0.02,-0.07,461,430,310,336,374
3.81,-4.19,7.46,0.09,0.01,-0.04,461,430,310,336,374
3.70,-4.27,7.39,0.04,0.00,-0.03,461,430,310,336,374
3.71,-4.24,7.45,0.03,0.02,0.00,461,430,309,336,374
3.62,-4.07,7.22,-0.02,-0.01,-0.01,461,429,309,336,374
3.50,-4.17,7.49,0.07,0.02,-0.00,461,430,309,336,374
3.55,-4.18,7.42,0.01,-0.03,-0.02,461,430,309,336,374
3.49,-4.21,7.47,0.04,0.01,-0.02,461,430,309,336,374
3.55,-4.14,7.28,0.02,0.02,-0.01,461,430,309,336,374
3.77,-4.16,7.42,0.01,-0.04,-0.05,461,430,309,336,374
3.59,-4.12,7.32,0.06,0.02,-0.02,461,430,309,336,373
3.66,-4.26,7.67,0.02,-0.05,-0.04,461,431,308,336,373
3.26,-4.24,7.12,0.08,0.04,0.01,461,431,309,337,373
3.76,-4.15,7.69,-0.02,-0.01,-0.00,460,430,309,336,373
3.38,-4.24,7.27,0.08,-0.01,-0.05,460,431,309,337,373
3.52,-4.14,7.31,-0.00,0.03,0.03,460,431,309,337,373
3.52,-4.15,7.54,0.08,-0.02,-0.07,461,431,309,337,373
3.20,-4.06,7.14,-0.02,0.01,0.01,460,431,309,337,373
3.70,-4.24,7.39,0.05,-0.03,-0.07,460,431,309,337,373
3.31,-4.32,7.39,0.06,0.02,-0.03,460,431,309,337,373
3.69,-4.26,7.52,0.04,-0.02,-0.06,460,431,309,337,373
3.44,-4.29,7.37,0.09,-0.00,-0.08,460,431,309,337,373
3.56,-3.87,7.37,0.10,0.02,-0.07,460,431,309,337,373
3.76,-4.17,7.76,0.08,-0.00,-0.06,460,431,309,337,373
3.56,-4.01,7.49,0.01,0.03,0.02,460,431,309,337,372
3.55,-4.02,7.41,0.02,0.03,0.01,460,431,309,336,373
3.60,-3.79,7.11,0.04,0.01,-0.02,460,431,309,337,372
3.37,-3.84,7.31,0.03,0.01,-0.00,460,431,309,337,372
3.41,-3.88,7.67,0.00,-0.02,-0.02,460,431,308,337,372
3.29,-4.03,7.49,0.04,0.01,-0.04,460,431,309,337,373
3.36,-3.88,7.75,0.01,-0.03,-0.06,460,431,309,337,373
3.45,-4.13,7.67,0.04,-0.01,-0.05,460,431,309,337,372
3.17,-3.96,7.48,0.00,0.04,-0.00,460,431,309,336,372
END
3.47,-4.07,7.58,0.02,0.00,-0.04,458,431,309,337,372
3.27,-4.67,7.34,-0.00,-0.02,-0.07,458,431,309,336,372
3.12,-4.67,7.09,0.00,0.02,-0.05,458,431,309,336,372
3.31,-4.61,7.21,0.02,-0.04,-0.08,458,431,309,336,372
2.94,-4.48,7.01,0.01,0.04,-0.00,458,431,309,336,372
3.51,-4.64,7.60,0.01,-0.04,-0.08,458,431,309,337,372
3.19,-4.59,7.19,-0.00,0.01,-0.03,458,431,309,337,372
3.17,-4.63,7.16,0.02,0.01,-0.04,458,431,310,336,372
3.32,-4.62,7.49,0.01,-0.02,-0.03,458,431,309,337,372
3.04,-4.68,7.14,-0.00,-0.02,-0.03,458,431,309,336,372
3.21,-4.56,6.87,-0.01,0.08,0.02,458,431,310,337,372
3.08,-4.62,7.07,0.03,-0.05,-0.08,458,431,310,337,372
3.36,-4.74,7.26,0.00,0.04,0.03,457,430,310,337,372
3.48,-4.65,7.01,0.07,-0.04,-0.07,458,430,310,337,372
3.27,-4.76,7.09,0.07,0.00,-0.02,458,431,310,336,372
3.25,-4.72,7.22,0.06,-0.00,-0.03,458,430,310,337,372
3.09,-4.64,7.39,0.07,0.01,-0.03,457,430,311,337,372
3.61,-4.74,7.37,0.04,0.02,0.00,457,430,312,337,372
3.35,-4.64,7.21,-0.03,-0.03,-0.02,458,430,312,337,372
3.15,-4.51,7.13,0.03,-0.02,-0.02,458,430,312,337,372
3.32,-4.68,7.21,0.02,-0.00,-0.01,458,430,312,336,372
3.17,-4.69,7.19,0.06,0.01,-0.01,458,430,312,337,372
3.40,-4.68,7.31,0.02,-0.01,-0.03,458,430,312,337,372
3.47,-4.54,7.37,0.07,-0.03,-0.02,457,430,312,336,372
3.17,-4.66,7.55,0.00,-0.00,0.00,457,430,312,336,372
3.14,-4.51,6.98,0.05,-0.02,-0.06,457,430,312,336,372
3.28,-4.45,7.24,0.02,0.00,-0.02,457,430,312,337,372
3.38,-4.79,7.14,0.03,-0.02,-0.04,457,430,311,336,372
3.35,-4.66,7.28,0.04,-0.00,-0.03,457,430,311,337,372
3.19,-4.57,7.03,0.04,0.00,-0.01,457,430,312,336,372
3.26,-4.51,7.31,0.03,0.01,-0.01,458,430,311,337,372
3.14,-4.62,7.31,0.06,-0.01,-0.04,458,430,311,337,372
3.49,-4.69,7.51,0.02,0.01,-0.02,457,430,311,337,372
3.50,-4.51,7.24,0.05,-0.02,-0.03,458,430,311,337,372
3.07,-4.60,7.24,0.05,0.01,-0.02,457,430,312,336,372
3.22,-4.49,7.46,0.05,0.04,-0.00,457,430,311,337,372
END
3.44,-4.56,7.42,0.06,-0.03,-0.06,479,437,308,334,376
4.57,-5.08,7.37,0.21,-0.12,-0.13,473,438,307,334,375
3.40,-4.79,6.63,0.32,0.35,0.07,472,437,309,334,375
3.12,-3.96,7.13,0.09,0.04,0.01,471,437,310,335,376
3.69,-4.52,7.34,-0.01,-0.00,0.01,471,437,309,335,376
3.39,-4.67,7.34,0.05,0.11,0.06,471,437,309,335,375
4.06,-4.46,7.58,-0.05,-0.04,-0.08,470,437,309,335,375
3.50,-4.47,7.39,0.03,-0.04,-0.05,470,437,309,335,375
3.19,-4.29,7.08,0.02,0.04,0.04,469,437,309,335,375
3.45,-4.78,7.58,0.06,-0.00,-0.03,469,437,309,336,374
3.20,-4.30,7.07,0.03,0.06,0.03,468,438,309,336,373
3.19,-4.75,7.31,-0.08,-0.09,-0.07,467,438,309,336,372
3.17,-4.62,7.21,0.12,0.09,0.01,467,438,309,337,373
3.35,-4.54,7.31,-0.05,-0.00,-0.01,467,438,309,337,373
3.14,-4.78,7.29,0.01,-0.05,-0.08,466,439,310,338,373
3.29,-4.69,7.24,-0.03,0.01,0.01,466,438,310,339,373
3.29,-4.82,7.25,0.02,-0.06,-0.08,466,438,310,339,372
3.04,-4.73,7.05,-0.03,0.03,0.01,465,438,310,340,373
3.43,-4.70,7.14,-0.02,-0.00,-0.03,465,439,310,340,372
3.42,-4.71,6.98,0.00,-0.01,-0.04,464,438,310,340,372
3.17,-4.90,7.14,0.04,-0.03,-0.05,463,439,310,340,372
2.91,-4.92,7.32,0.04,0.05,0.00,463,439,310,340,372
3.21,-4.84,7.12,-0.03,-0.03,-0.06,463,439,310,340,372
2.95,-4.63,6.89,0.08,0.05,-0.11,463,439,310,340,372
3.46,-4.48,6.79,0.09,0.01,-0.11,463,439,311,340,372
3.50,-4.79,7.27,0.05,-0.05,-0.03,463,439,311,340,372
3.34,-4.87,7.34,0.02,-0.00,-0.03,462,439,312,340,372
3.69,-4.87,7.11,0.03,-0.00,-0.03,462,439,312,340,371
3.34,-4.70,6.99,-0.01,-0.01,0.01,462,439,312,340,371
3.21,-4.82,7.29,0.01,-0.03,0.00,462,439,312,339,371
3.24,-4.80,7.28,0.03,0.00,-0.01,462,439,312,339,371
3.32,-4.75,7.16,-0.03,-0.02,0.00,462,438,312,339,371
3.27,-4.57,6.80,0.02,-0.00,-0.01,461,439,312,339,371
3.29,-4.62,7.06,0.04,-0.00,-0.04,461,438,312,340,371
3.29,-4.72,7.37,0.04,-0.02,-0.04,461,439,311,340,371
3.33,-4.85,7.17,0.02,0.01,-0.03,461,438,312,339,371
END
3.22,-4.75,7.06,0.06,0.04,-0.02,459,439,313,342,370
3.19,-3.78,7.73,-0.01,-0.04,-0.04,458,439,313,342,370
3.04,-3.47,7.51,0.00,0.03,0.01,458,439,313,342,370
3.27,-3.66,7.87,0.03,-0.04,-0.05,459,439,313,342,370
3.05,-3.75,7.85,0.05,0.04,-0.00,458,439,313,341,370
3.05,-3.91,7.90,0.01,-0.01,-0.04,459,439,314,342,370
3.09,-3.90,7.83,0.01,0.03,-0.02,458,439,313,341,370
3.24,-3.80,7.70,-0.01,0.00,-0.01,458,439,313,342,370
2.96,-3.87,7.65,0.05,0.01,-0.04,458,439,314,341,370
3.09,-3.84,7.66,-0.05,-0.07,-0.03,458,439,315,341,370
2.91,-3.96,7.63,0.01,-0.01,-0.04,459,439,314,342,370
3.32,-3.98,7.71,-0.01,-0.03,-0.04,458,439,314,342,370
2.80,-4.17,7.70,0.04,0.01,-0.02,458,439,313,341,370
3.29,-4.05,7.73,-0.02,0.00,-0.03,458,439,314,341,370
3.01,-4.11,7.82,0.01,0.00,-0.02,458,439,313,341,370
3.19,-3.96,7.54,-0.03,-0.02,-0.03,458,439,314,342,370
3.13,-4.14,7.57,0.03,-0.00,-0.04,458,439,313,342,370
3.05,-4.24,7.52,-0.01,0.02,0.04,458,439,314,341,370
2.76,-4.37,7.54,0.01,-0.07,-0.03,458,439,314,341,369
2.90,-4.26,7.73,-0.01,-0.01,-0.00,458,439,314,341,370
3.42,-4.15,7.68,0.02,-0.02,-0.03,458,439,314,341,370
2.80,-4.27,7.27,0.01,-0.02,-0.02,458,439,314,342,370
3.07,-4.49,7.37,0.01,0.02,-0.01,458,439,314,342,370
3.12,-4.34,7.50,-0.00,-0.07,-0.04,458,439,314,342,370
2.84,-4.47,7.17,0.02,0.01,0.01,458,439,314,342,370
3.45,-4.53,7.82,0.01,-0.03,-0.03,457,439,314,342,370
3.05,-4.40,7.27,-0.02,0.01,0.02,457,439,314,342,370
2.76,-4.33,7.25,-0.00,-0.01,0.01,457,439,314,342,370
2.94,-4.53,7.54,0.04,0.01,-0.03,457,439,315,342,370
3.09,-4.49,7.59,0.00,-0.02,-0.06,457,439,314,342,370
2.76,-4.39,7.07,-0.01,0.04,0.01,457,439,314,342,370
2.94,-4.35,7.21,0.07,0.02,-0.03,457,439,314,342,369
2.99,-4.44,7.62,0.03,0.00,-0.02,457,439,314,342,370
2.99,-4.41,7.49,0.03,0.01,-0.02,457,439,314,342,370
3.16,-4.41,7.39,0.02,0.00,-0.03,458,439,314,342,370
2.98,-4.30,7.34,0.14,0.03,-0.08,457,439,314,342,369
END
3.40,-4.42,7.71,0.03,-0.06,-0.07,455,438,313,341,369
3.27,-4.26,7.27,0.01,0.02,-0.05,454,439,313,342,369
3.40,-4.34,7.21,-0.00,0.01,-0.03,454,438,313,342,369
3.34,-4.24,7.35,0.04,-0.01,-0.06,455,438,313,342,369
3.32,-4.39,7.31,0.00,0.00,-0.02,455,439,313,342,369
3.12,-4.46,7.41,0.02,-0.02,-0.04,455,439,313,342,369
3.29,-4.48,7.41,-0.01,-0.02,-0.02,454,439,313,342,369
3.19,-4.36,7.47,0.01,-0.01,-0.03,454,439,313,342,369
3.05,-4.19,7.18,0.01,-0.00,-0.04,454,438,313,342,369
3.18,-4.43,7.21,0.04,0.01,-0.06,454,438,313,342,369
3.30,-4.46,7.37,0.04,0.01,-0.02,454,439,313,342,369
3.24,-4.38,7.20,0.04,0.00,-0.03,454,438,313,342,369
3.31,-4.46,7.21,0.12,0.05,-0.02,454,438,313,342,369
3.62,-4.51,7.71,0.01,0.02,0.04,454,439,313,342,369
3.33,-4.36,7.57,0.03,-0.01,0.02,454,438,313,342,369
2.93,-4.32,7.30,0.10,0.06,0.05,454,438,313,342,369
2.61,-4.56,7.64,0.03,-0.00,-0.01,454,438,313,342,369
2.73,-4.55,7.77,0.07,0.07,-0.00,454,438,313,343,369
3.03,-4.43,7.77,-0.06,0.02,0.02,454,439,313,342,369
2.89,-4.44,7.43,0.00,0.04,0.01,454,439,313,342,369
2.48,-3.98,7.16,0.02,0.04,0.00,454,438,313,342,369
2.84,-4.16,7.37,0.15,0.04,-0.08,454,439,313,342,369
2.81,-4.39,7.27,0.05,0.05,-0.03,454,438,313,343,369
3.22,-4.62,7.99,0.03,-0.02,-0.09,454,438,313,343,369
2.94,-4.65,7.66,0.04,0.04,-0.03,454,438,313,342,369
2.94,-4.47,7.53,0.01,-0.00,-0.02,454,438,313,342,369
2.75,-4.44,7.38,-0.07,-0.06,-0.01,453,438,313,343,369
2.86,-4.59,7.34,-0.03,0.00,-0.00,454,438,313,343,369
2.70,-4.45,7.47,-0.01,0.01,-0.06,454,438,313,343,369
2.84,-4.42,7.50,-0.04,0.01,-0.09,454,439,313,343,369
2.60,-4.60,7.29,-0.05,-0.02,-0.11,454,438,313,343,369
3.22,-4.97,7.87,-0.00,-0.03,-0.15,454,439,313,343,370
3.10,-4.82,7.41,-0.12,-0.03,-0.07,453,438,313,343,370
2.75,-4.59,6.70,-0.07,0.04,-0.01,453,438,313,343,369
2.83,-4.61,6.91,0.01,-0.02,-0.04,453,438,313,343,369
2.47,-4.72,7.19,0.04,0.03,-0.01,453,438,313,343,369
END
3.12,-5.23,8.23,0.07,-0.05,-0.15,452,439,314,343,369
3.32,-4.90,7.14,-0.02,-0.02,-0.05,452,439,315,343,369
3.29,-4.77,6.96,-0.04,0.01,-0.03,452,439,314,343,368
3.08,-4.88,6.81,0.01,0.01,-0.08,452,438,314,343,369
3.21,-5.05,7.25,-0.01,0.08,-0.05,452,439,314,343,369
3.26,-4.96,6.88,0.09,0.01,-0.12,452,439,314,343,369
3.32,-5.10,6.81,-0.01,0.04,-0.05,452,439,314,343,369
3.52,-5.20,6.96,0.04,0.01,-0.08,451,439,314,343,369
3.27,-5.15,6.96,0.04,0.05,-0.04,451,439,314,343,368
3.74,-5.33,7.03,0.03,0.00,-0.06,451,439,314,343,368
3.24,-5.27,6.93,-0.00,-0.02,-0.02,451,439,313,343,368
2.83,-5.10,6.91,0.06,0.00,0.01,451,438,313,343,368
2.79,-4.95,7.06,0.05,-0.03,-0.01,451,439,313,343,368
2.73,-5.06,7.14,0.11,0.03,-0.00,451,438,313,343,368
3.07,-5.13,7.16,0.01,0.01,0.00,452,439,313,343,368
2.94,-4.99,6.83,0.05,0.01,-0.04,451,439,313,343,368
3.36,-4.83,6.89,0.02,0.02,-0.01,451,438,313,343,368
3.30,-4.90,7.04,0.02,-0.06,-0.06,452,439,313,343,369
2.91,-4.89,6.70,0.05,0.01,-0.01,451,438,313,342,368
3.40,-4.96,7.19,0.01,0.01,-0.02,451,438,313,343,368
3.19,-4.96,6.86,0.00,0.02,-0.03,451,438,313,343,368
3.37,-4.78,7.16,0.01,0.02,-0.04,451,438,313,342,368
3.18,-4.71,6.91,0.05,-0.00,-0.06,451,438,313,342,368
2.96,-5.07,6.96,0.07,0.02,-0.09,451,438,313,343,368
3.45,-5.00,7.06,0.04,0.03,-0.05,451,438,313,342,368
3.39,-5.08,7.23,0.03,-0.01,-0.05,451,438,313,342,368
3.14,-4.92,6.99,0.05,0.01,-0.02,451,438,313,342,368
3.29,-4.74,7.16,0.06,-0.04,-0.03,451,438,313,343,369
3.02,-4.92,7.26,0.06,-0.04,-0.02,451,438,313,342,368
2.86,-4.74,7.14,0.13,0.04,0.01,451,438,313,342,368
3.13,-4.87,7.42,0.14,0.01,-0.02,451,438,313,342,368
3.20,-4.90,7.45,0.05,0.02,0.00,451,438,313,342,368
3.25,-4.62,7.21,-0.02,0.00,0.02,451,438,313,343,369
3.16,-4.62,7.05,0.06,0.01,0.01,451,438,313,342,368
2.95,-4.67,7.29,0.05,-0.00,0.02,451,437,313,342,368
2.91,-4.89,7.64,0.14,0.01,-0.03,451,439,315,342,368
END
3.23,-4.87,7.18,-0.04,0.02,0.01,450,438,313,343,369
2.83,-4.24,7.71,0.11,-0.06,-0.01,450,438,313,343,369
2.66,-4.26,7.88,0.12,0.04,-0.01,450,438,313,343,369
2.70,-4.21,7.75,0.09,0.03,-0.03,450,437,313,343,369
2.77,-3.98,7.58,0.05,0.04,-0.00,450,438,313,343,369
3.04,-4.19,7.78,0.02,-0.02,-0.03,450,438,312,343,369
3.02,-4.08,7.59,0.06,-0.01,-0.01,450,438,313,343,369
3.02,-4.21,7.74,0.03,-0.06,-0.02,450,437,313,343,369
2.80,-4.07,7.85,0.08,-0.03,-0.02,450,437,313,343,369
2.78,-4.09,8.06,0.06,-0.02,0.01,450,438,313,343,369
2.48,-4.01,7.79,0.07,0.02,-0.01,450,438,313,343,369
2.70,-4.04,7.92,0.14,0.00,-0.05,450,438,313,343,369
2.75,-3.85,7.51,-0.06,-0.01,-0.02,450,438,313,343,369
3.24,-3.83,7.56,0.01,0.00,-0.04,450,438,313,343,369
3.01,-3.70,7.57,0.09,0.01,-0.04,450,437,313,343,369
2.93,-4.05,8.09,0.04,-0.05,-0.06,450,437,313,343,369
2.86,-4.14,8.17,-0.01,-0.02,-0.08,450,437,313,343,369
2.92,-3.89,7.56,0.01,0.04,-0.05,450,437,313,343,369
3.17,-3.97,7.62,0.02,0.01,-0.07,450,436,313,343,369
2.91,-4.16,7.56,0.02,0.01,-0.03,450,438,313,343,369
3.00,-4.21,7.90,0.03,0.01,-0.02,450,438,312,343,369
3.01,-4.15,7.65,-0.03,-0.03,-0.05,450,437,313,343,369
2.94,-3.96,7.44,0.02,0.02,0.01,450,438,313,343,369
2.89,-3.98,7.60,0.05,-0.06,-0.04,450,438,313,343,369
2.73,-4.31,7.84,0.01,0.01,-0.01,450,437,313,343,369
3.22,-4.01,7.71,0.04,-0.01,-0.04,450,437,313,343,369
2.94,-4.06,7.49,0.02,-0.01,-0.02,450,437,313,343,369
3.03,-4.25,7.82,0.03,-0.05,-0.02,450,437,312,343,369
2.93,-4.12,7.70,0.02,0.02,-0.01,450,438,312,342,368
3.02,-4.08,7.60,-0.02,-0.02,-0.02,450,438,312,343,369
2.83,-4.01,7.59,0.07,0.02,-0.02,450,437,312,343,369
3.07,-4.16,7.72,-0.00,-0.06,-0.04,450,438,313,343,369
3.02,-4.26,7.63,-0.05,-0.01,-0.03,450,438,312,343,369
2.99,-3.92,7.19,-0.02,0.00,-0.01,450,438,312,342,369
3.25,-3.98,7.70,-0.01,-0.03,-0.01,450,438,312,343,369
3.09,-4.31,7.69,0.10,-0.03,-0.05,450,438,312,343,369
END
2.91,-4.26,7.75,-0.01,0.03,-0.00,465,439,309,335,377
2.93,-4.82,6.96,0.18,0.03,0.15,465,440,309,336,377
3.54,-5.15,7.78,0.23,-0.08,-0.02,465,440,309,336,377
2.76,-4.69,7.00,-0.01,-0.04,0.14,464,440,309,337,377
4.19,-4.74,7.53,0.03,-0.05,0.01,464,440,308,337,377
3.59,-4.18,7.03,0.21,0.06,0.07,463,441,308,338,377
3.66,-4.52,7.51,0.04,-0.03,-0.01,463,441,308,339,377
3.05,-4.41,7.14,0.16,0.11,-0.01,463,441,308,339,377
3.68,-4.19,7.44,-0.10,0.01,-0.07,462,441,308,339,376
2.94,-4.26,7.00,0.11,0.21,-0.08,462,441,308,339,376
4.17,-4.59,8.59,-0.08,0.08,-0.15,461,441,308,339,376
2.61,-5.06,7.99,-0.05,0.04,-0.13,461,441,307,339,376
2.35,-4.12,7.12,-0.08,0.22,-0.08,460,442,308,339,376
1.75,-4.45,7.33,0.15,0.32,-0.09,460,442,308,339,375
2.91,-5.20,8.76,-0.04,0.10,-0.16,460,442,308,339,375
1.51,-4.86,7.81,-0.25,0.19,-0.11,459,442,308,340,375
1.95,-4.39,6.98,-0.22,0.23,-0.14,459,442,308,340,375
2.63,-4.80,7.13,-0.04,0.15,-0.19,458,443,308,340,375
1.11,-4.84,6.46,-0.12,0.14,-0.07,458,442,308,340,375
1.95,-4.89,7.93,-0.13,0.07,-0.16,458,443,308,340,374
1.35,-4.67,7.05,-0.09,0.13,-0.12,458,443,308,340,374
1.87,-4.78,7.08,0.02,0.06,-0.19,458,442,308,340,374
1.55,-5.33,6.77,0.08,0.01,-0.12,457,442,309,340,374
1.63,-5.68,7.25,0.13,0.04,-0.05,458,442,309,340,374
1.82,-5.50,7.59,0.09,0.01,-0.04,457,442,309,340,374
1.01,-5.46,7.58,0.14,-0.06,-0.03,457,442,310,340,374
1.44,-3.84,7.14,-0.07,-0.04,0.03,457,441,310,339,374
1.79,-4.92,6.68,0.13,0.07,0.04,457,441,310,340,374
2.09,-4.62,7.29,0.08,-0.04,0.05,457,442,311,340,374
1.77,-4.78,7.73,0.19,-0.05,0.08,457,441,311,339,374
1.72,-4.83,7.79,0.10,-0.07,0.07,457,441,311,339,374
2.02,-4.75,7.91,0.15,-0.06,0.02,457,441,311,339,374
1.82,-4.88,7.90,0.13,-0.03,0.02,457,441,311,339,374
1.65,-4.74,7.50,0.06,0.00,0.08,456,441,311,339,374
1.77,-4.52,7.65,0.08,-0.06,0.05,457,441,311,339,374
1.84,-4.52,7.62,0.04,-0.04,0.03,457,441,311,339,374
END
1.71,-4.49,7.71,0.08,-0.10,-0.01,455,441,306,338,373
2.26,-4.65,7.98,0.07,-0.01,-0.04,455,441,306,338,373
2.02,-4.64,7.56,0.04,-0.00,-0.04,455,441,306,338,373
2.16,-4.44,7.62,0.10,0.09,-0.07,455,442,307,338,373
2.10,-4.44,7.77,0.03,0.01,-0.07,455,441,307,338,373
1.90,-4.26,7.59,0.06,0.02,-0.03,455,441,307,338,372
2.12,-4.34,7.87,0.04,0.04,-0.03,455,441,307,338,373
2.24,-4.52,7.82,0.00,0.00,-0.06,454,441,307,338,372
2.12,-4.26,7.48,-0.01,0.02,-0.06,455,441,306,338,372
2.15,-4.39,7.55,0.00,-0.02,-0.06,455,441,307,338,373
2.10,-4.49,7.80,0.08,0.01,-0.05,454,441,307,338,372
2.00,-4.64,7.94,-0.01,0.00,-0.03,455,441,307,338,372
2.02,-4.36,7.61,0.02,-0.00,-0.05,455,441,307,338,372
2.28,-4.37,7.56,0.00,0.02,0.00,454,441,307,338,372
2.15,-4.54,7.71,0.09,-0.06,-0.08,454,441,307,338,372
2.20,-4.44,8.00,-0.01,-0.00,0.01,454,441,307,338,372
2.30,-4.47,8.00,0.03,-0.05,-0.05,454,441,307,338,372
1.92,-4.53,7.70,0.04,0.00,-0.01,454,441,307,338,372
2.30,-4.52,7.85,0.00,0.00,-0.01,454,441,307,338,372
2.10,-4.53,7.90,0.02,-0.01,-0.02,454,441,307,338,372
1.94,-4.65,7.85,0.02,0.01,-0.02,454,441,307,338,372
2.28,-4.64,7.66,-0.00,-0.01,-0.02,454,441,307,338,372
1.95,-4.64,7.34,0.03,0.00,-0.03,454,441,307,338,372
2.22,-4.62,7.59,0.01,0.00,-0.01,453,441,307,338,372
2.18,-4.61,7.60,0.03,-0.03,-0.03,454,441,308,338,372
2.02,-4.51,7.75,0.02,0.01,-0.02,453,441,308,338,372
2.06,-4.50,7.61,-0.01,-0.02,-0.04,453,441,307,338,372
1.99,-4.69,7.70,0.02,0.01,-0.06,453,441,307,338,372
1.97,-4.69,7.57,0.02,0.02,-0.06,453,441,307,338,372
2.30,-4.69,7.69,0.03,0.01,-0.07,453,441,308,338,372
2.12,-4.74,7.49,0.04,0.03,-0.03,453,441,307,338,372
2.30,-4.62,7.62,0.04,0.03,-0.02,452,441,308,338,372
2.12,-4.63,7.57,0.07,-0.02,-0.04,452,441,308,338,372
2.05,-4.57,7.65,0.01,0.01,-0.00,452,441,308,338,372
2.19,-4.68,7.93,0.08,-0.02,-0.05,452,441,308,338,372
1.91,-4.69,7.70,0.04,0.04,0.00,452,441,308,338,372
END