-0.35,-4.06,-9.20,0.08,-0.03,-0.09,467,450,333,379,363
-0.65,-4.64,-9.40,-0.21,-0.13,-0.19,467,450,334,379,363
-0.39,-4.13,-8.93,0.18,0.03,0.06,466,450,333,379,363
-0.39,-4.02,-9.10,-0.04,-0.07,-0.06,466,449,333,379,363
-0.72,-3.88,-8.51,0.02,-0.00,0.01,466,449,333,379,363
-0.63,-3.87,-8.98,0.06,0.01,-0.10,466,449,333,379,363
-0.67,-4.19,-8.97,0.03,0.01,-0.09,466,449,333,379,363
-0.61,-4.29,-9.01,0.08,0.02,-0.06,465,449,334,379,363
-0.43,-4.44,-9.42,0.02,-0.00,-0.06,466,449,334,379,363
-0.62,-4.19,-8.92,0.05,-0.00,0.03,465,449,333,379,363
-0.42,-4.30,-9.19,-0.05,-0.01,-0.05,465,450,333,379,363
-0.79,-4.02,-8.98,0.01,0.02,-0.01,465,449,334,379,363
-0.41,-4.26,-8.86,0.03,0.02,-0.08,465,449,334,379,363
-0.66,-4.36,-9.26,0.00,0.01,-0.00,465,449,333,379,363
-0.39,-4.39,-9.02,0.06,0.02,-0.01,465,449,334,379,363
-0.47,-4.16,-9.36,-0.01,0.01,-0.03,465,449,334,379,362
-0.63,-3.91,-8.97,0.03,0.02,-0.02,464,449,333,379,363
-0.32,-3.97,-9.18,0.01,0.01,-0.05,464,449,334,379,362
-0.37,-3.93,-9.14,0.02,0.02,-0.05,464,449,333,379,362
-0.17,-4.04,-9.24,0.04,0.03,-0.07,464,449,334,379,362
-0.33,-4.18,-8.97,0.02,0.02,-0.05,464,449,334,379,363
-0.29,-3.89,-9.14,0.05,0.02,-0.04,464,449,334,379,363
-0.11,-4.36,-9.33,-0.01,-0.01,-0.06,464,449,334,379,363
-0.42,-3.83,-9.16,0.01,-0.02,-0.04,464,449,334,379,363
-0.42,-3.83,-9.25,0.04,-0.01,-0.08,464,449,333,379,363
-0.70,-4.15,-9.07,0.04,-0.01,-0.06,463,449,333,379,362
-0.45,-4.01,-9.14,0.04,0.00,-0.09,463,449,334,379,363
0.01,-4.14,-8.92,0.04,0.00,-0.05,463,448,333,379,363
-0.04,-4.22,-8.94,0.05,-0.02,-0.03,463,449,333,379,363
-0.46,-3.87,-9.25,0.05,0.00,-0.04,462,449,334,379,363
-0.27,-3.86,-9.25,0.05,0.02,-0.05,463,449,333,379,363
0.08,-4.03,-9.13,0.05,0.01,-0.06,463,449,334,379,363
-0.30,-4.11,-8.94,0.04,0.01,-0.06,462,449,334,379,363
-0.12,-4.05,-8.91,0.08,0.02,-0.03,462,449,334,379,363
0.10,-4.13,-9.16,0.04,0.01,-0.01,462,448,334,379,363
-0.44,-3.90,-9.22,0.08,0.02,-0.05,462,449,334,379,363
END
0.04,-4.59,-9.20,0.01,-0.02,-0.07,460,447,334,379,363
-0.29,-4.21,-9.29,0.08,-0.00,-0.05,460,447,334,379,363
-0.71,-4.11,-9.22,0.07,-0.02,-0.04,460,447,335,379,363
-0.59,-4.32,-9.20,0.02,-0.03,-0.06,460,447,335,379,363
-0.22,-4.45,-9.03,-0.02,-0.04,-0.08,460,448,335,379,363
-0.65,-4.01,-9.21,0.00,-0.03,-0.05,460,447,334,380,363
-0.55,-4.08,-8.77,0.01,-0.02,-0.07,460,448,335,380,363
-0.35,-4.18,-8.89,0.07,-0.01,-0.06,460,447,335,379,363
-0.78,-4.31,-8.94,0.06,-0.01,-0.04,460,448,335,379,363
-0.22,-4.42,-9.20,0.05,0.01,-0.04,460,447,335,379,363
-0.27,-4.34,-9.07,0.02,-0.01,-0.05,460,447,335,379,363
-0.67,-4.11,-8.94,0.05,-0.01,-0.03,459,447,334,379,363
-0.36,-4.45,-9.06,0.04,-0.02,-0.06,459,447,336,379,363
-0.55,-4.44,-9.43,0.03,-0.01,-0.05,460,447,334,379,363
-0.55,-4.52,-9.17,0.09,-0.01,-0.04,459,447,335,379,363
-0.60,-4.06,-9.08,0.06,-0.03,-0.07,459,447,335,379,363
-0.62,-4.32,-8.62,0.07,-0.07,-0.00,459,447,335,379,363
-0.45,-4.31,-8.68,0.04,-0.04,-0.04,459,447,335,379,363
-0.46,-4.09,-9.07,0.00,-0.02,-0.03,459,447,334,380,363
-0.52,-3.88,-9.04,0.05,-0.01,-0.05,459,448,335,379,363
-0.47,-4.44,-8.88,0.07,-0.02,-0.06,459,448,334,379,363
-0.56,-4.31,-9.07,0.07,-0.01,-0.01,459,447,335,379,363
-0.39,-4.34,-8.95,0.05,0.01,-0.01,459,447,334,379,363
-0.57,-4.23,-8.79,0.07,0.02,-0.02,458,447,334,379,363
-0.52,-4.58,-9.01,0.03,0.03,-0.04,458,447,334,379,363
-0.33,-4.53,-9.12,0.03,0.04,-0.03,458,447,335,379,362
-0.60,-4.37,-8.83,0.04,0.02,0.01,459,447,334,379,362
-0.62,-4.46,-8.91,0.06,-0.01,-0.02,458,447,335,379,363
-0.85,-4.44,-9.01,0.06,-0.02,-0.06,458,447,335,379,363
-0.59,-4.33,-8.63,0.11,-0.02,-0.05,459,447,335,379,363
-0.57,-4.66,-8.84,0.11,-0.04,-0.05,459,447,334,379,362
-0.52,-4.82,-8.54,0.05,-0.07,-0.05,458,447,335,379,363
-0.69,-4.41,-8.77,0.04,-0.02,-0.02,458,446,335,379,363
-0.48,-4.72,-8.65,-0.03,-0.00,-0.16,457,447,335,379,363
-0.72,-4.82,-8.88,-0.00,0.01,-0.05,457,447,335,379,363
-0.30,-4.69,-9.05,-0.03,0.00,-0.09,457,447,335,379,363
END
-0.36,-4.80,-8.47,-0.03,-0.06,-0.02,456,446,335,379,363
-0.76,-3.83,-9.27,0.01,0.04,-0.01,457,446,335,379,363
-0.28,-3.69,-9.38,0.00,0.01,-0.03,457,446,335,379,363
-0.87,-3.60,-9.20,-0.00,0.01,-0.05,458,446,335,379,363
-0.87,-3.83,-9.24,0.03,0.02,-0.06,458,446,336,379,363
-0.52,-4.09,-9.27,-0.01,-0.01,-0.10,459,446,335,379,363
-0.43,-3.63,-7.53,0.04,-0.01,-0.09,459,446,336,379,363
-0.45,-3.90,-9.31,0.00,-0.03,-0.10,459,446,336,379,363
-0.29,-3.90,-9.20,-0.01,-0.03,-0.08,460,446,336,379,363
-0.69,-3.52,-9.22,0.01,0.00,-0.04,461,446,336,380,363
-0.66,-3.67,-9.16,-0.00,-0.02,-0.07,461,446,336,379,363
-0.28,-3.65,-9.26,0.03,-0.01,-0.05,462,446,336,379,363
-0.38,-3.91,-9.40,0.02,-0.03,-0.08,463,446,337,380,363
-0.57,-3.87,-9.14,0.04,-0.02,-0.04,463,446,336,379,363
-0.71,-3.69,-9.23,0.07,0.01,-0.04,463,446,337,380,363
-0.55,-3.79,-9.31,0.04,-0.01,-0.06,462,446,337,379,363
-0.18,-3.73,-9.07,0.12,0.02,-0.05,463,446,337,379,363
-0.41,-4.12,-9.38,0.09,-0.00,-0.03,462,446,337,379,363
-0.62,-3.95,-9.13,0.03,-0.00,0.03,462,446,336,379,363
-0.40,-3.93,-9.11,0.04,0.01,-0.03,462,446,336,379,364
-0.60,-3.96,-9.35,0.03,-0.01,-0.00,462,446,336,379,363
-0.55,-3.92,-9.14,0.05,-0.01,-0.01,462,446,336,379,363
-0.45,-4.06,-9.30,0.02,-0.01,-0.00,462,446,336,379,363
-0.43,-3.60,-9.11,-0.02,-0.01,-0.01,462,446,336,379,363
-0.54,-3.91,-9.31,0.03,-0.01,-0.05,462,446,336,379,363
-0.67,-3.88,-9.44,0.02,0.00,-0.03,462,446,336,379,363
-0.45,-3.88,-9.20,0.02,-0.01,-0.03,462,446,336,379,363
-0.54,-3.80,-9.43,0.01,-0.02,-0.02,461,446,336,379,363
-0.49,-3.77,-8.97,0.01,-0.01,-0.03,461,446,336,379,363
-0.60,-3.87,-9.31,0.11,0.02,-0.04,461,446,337,379,363
-0.66,-3.83,-9.23,-0.00,-0.01,0.00,461,446,336,379,363
-0.19,-3.82,-9.04,0.03,0.00,-0.04,461,446,336,379,363
-0.60,-3.95,-9.32,0.02,0.00,-0.03,461,445,337,379,363
-0.64,-3.91,-8.99,0.02,0.01,0.01,461,446,336,380,363
-0.53,-3.85,-9.22,0.02,0.01,-0.03,461,446,337,379,363
-0.48,-3.60,-9.02,0.07,0.03,-0.01,461,446,336,379,363
END
-0.50,-4.00,-9.25,0.07,0.03,0.01,459,446,336,380,363
-0.22,-3.68,-9.10,0.06,-0.02,-0.03,459,446,336,380,363
-0.04,-3.60,-8.99,0.07,-0.03,-0.06,459,446,336,380,363
0.14,-3.96,-9.38,0.03,-0.03,-0.12,459,445,336,379,363
-0.08,-3.83,-9.30,0.01,-0.05,-0.11,459,446,336,379,363
-0.15,-3.88,-9.08,0.01,-0.09,-0.09,459,446,336,380,363
-0.52,-4.16,-9.15,-0.03,-0.04,-0.06,459,445,336,380,363
-0.27,-3.70,-9.12,0.01,-0.01,-0.02,459,446,336,380,363
-0.17,-3.45,-9.16,0.04,-0.01,-0.04,459,445,336,380,363
-0.42,-1.84,-9.26,0.04,0.00,-0.01,459,446,336,380,363
-0.17,-3.88,-9.22,0.03,0.02,-0.05,459,446,336,380,363
-0.01,-3.71,-9.32,0.03,-0.00,-0.04,459,445,336,380,363
-0.33,-3.63,-9.22,0.01,-0.02,-0.04,459,446,336,380,363
-0.18,-3.78,-9.26,0.05,0.01,-0.05,459,446,336,380,363
-0.23,-3.86,-9.17,0.04,0.01,-0.04,458,445,336,379,363
-0.06,-3.80,-9.27,0.02,0.02,-0.03,458,445,336,380,363
-0.17,-3.70,-9.07,0.04,0.03,-0.04,458,445,336,380,363
-0.12,-3.65,-9.36,0.06,0.03,-0.03,458,445,336,380,363
0.31,-3.91,-9.35,0.04,-0.00,-0.07,458,445,336,379,363
-0.19,-3.87,-9.40,0.02,-0.02,-0.03,458,446,336,380,363
-0.37,-3.94,-9.27,0.01,-0.00,-0.01,458,446,336,380,363
0.11,-3.54,-9.45,0.01,-0.03,-0.00,458,445,336,380,363
-0.31,-3.71,-9.43,0.03,-0.05,-0.04,458,445,336,379,363
-0.58,-3.90,-9.05,0.03,-0.02,-0.01,458,445,336,380,363
-0.06,-3.78,-9.22,0.01,-0.02,-0.01,457,445,336,379,363
-0.27,-3.49,-9.35,0.01,-0.02,-0.01,457,445,336,379,363
-0.55,-3.61,-9.17,0.04,-0.01,-0.01,457,445,336,379,362
-0.13,-3.81,-9.25,0.04,-0.00,-0.03,457,446,336,379,363
-0.42,-3.73,-9.40,0.03,-0.00,-0.03,457,445,336,379,362
-0.27,-3.80,-9.32,0.05,-0.02,-0.04,458,446,336,380,363
-0.37,-3.88,-9.32,0.04,-0.04,-0.03,457,446,336,379,363
-0.31,-3.81,-9.15,-0.01,-0.05,-0.03,457,446,336,379,363
-0.30,-3.55,-9.04,0.01,-0.02,0.02,457,445,336,380,363
-0.24,-3.47,-9.15,0.02,0.01,-0.01,457,445,336,379,363
-0.10,-3.70,-9.39,-0.01,0.01,-0.02,457,445,336,379,363
-0.15,-3.42,-9.17,0.04,0.02,-0.04,457,445,336,380,363
END
-0.13,-3.83,-9.51,0.02,-0.00,-0.05,456,445,336,379,363
-0.37,-3.92,-9.41,-0.01,-0.03,-0.04,456,445,336,379,363
-0.41,-3.94,-8.99,-0.01,-0.04,-0.05,456,445,337,379,363
-0.52,-3.55,-9.11,0.01,0.01,-0.04,456,445,336,380,363
-0.12,-3.70,-9.12,-0.01,0.04,0.00,457,445,335,379,362
-0.17,-3.29,-9.51,0.05,0.03,-0.05,457,445,336,380,363
-0.22,-3.56,-9.71,0.06,0.02,-0.06,457,445,336,380,363
-0.29,-3.87,-9.46,0.08,0.01,-0.03,456,445,336,380,363
-0.02,-3.44,-9.44,0.05,-0.01,-0.07,457,445,336,380,363
0.06,-3.57,-9.33,0.09,-0.06,-0.02,456,445,336,380,363
0.21,-3.78,-9.43,0.10,-0.07,-0.07,456,445,336,379,363
0.14,-3.93,-9.07,0.04,-0.06,-0.04,456,445,336,380,363
0.13,-3.75,-8.97,0.02,-0.05,-0.00,456,445,336,379,363
-0.10,-3.77,-9.12,0.04,-0.04,-0.05,456,445,336,379,363
-0.32,-4.13,-9.20,0.00,-0.03,0.02,457,445,336,379,363
-0.28,-3.78,-9.20,0.01,-0.00,0.02,457,445,336,380,363
-0.54,-3.75,-9.12,-0.05,0.00,0.02,456,445,336,380,363
-0.38,-3.30,-9.06,-0.00,0.01,0.03,456,445,336,379,363
-0.35,-3.55,-9.35,0.04,0.01,-0.01,456,445,336,380,363
-0.52,-3.87,-9.26,-0.01,0.01,0.02,457,445,336,380,363
-0.46,-3.70,-9.34,0.03,0.03,0.02,456,445,336,379,363
-0.48,-3.81,-9.42,-0.00,0.02,0.04,456,445,336,379,363
-0.50,-3.43,-9.39,-0.01,0.04,0.04,456,445,336,380,363
-0.56,-3.40,-9.67,-0.04,0.03,0.05,456,445,336,380,363
-0.52,-3.14,-9.58,-0.01,-0.01,-0.02,456,445,336,379,363
-0.24,-3.43,-9.40,0.02,-0.05,-0.02,456,445,336,380,363
-0.75,-3.66,-9.04,0.02,-0.06,-0.02,456,445,336,379,362
-0.52,-3.45,-9.18,0.00,-0.01,-0.02,456,445,336,379,363
-0.66,-3.36,-9.29,0.04,0.02,-0.03,456,445,336,379,363
-0.52,-3.31,-9.30,0.08,0.03,-0.05,456,445,336,380,363
-0.59,-3.68,-9.50,0.08,0.02,-0.04,456,445,336,380,363
-0.38,-3.63,-9.25,0.06,0.03,-0.04,456,445,336,379,363
-0.25,-3.60,-9.37,0.05,0.02,-0.03,456,445,336,380,363
-0.26,-3.45,-9.22,0.04,0.01,-0.05,456,445,336,379,363
-0.28,-3.62,-9.49,0.07,0.00,-0.07,456,445,336,379,363
-0.39,-3.93,-9.28,0.04,-0.01,-0.06,456,445,336,380,363
END
-0.30,-3.74,-9.27,0.05,-0.00,-0.03,456,444,337,380,363
-0.06,-3.92,-9.07,0.06,0.03,-0.04,455,445,337,380,362
-0.14,-4.06,-9.30,0.02,0.00,-0.01,456,445,337,380,363
-0.04,-4.07,-9.06,0.07,0.03,0.02,456,445,337,380,363
-0.07,-4.05,-9.29,0.01,0.02,0.01,456,445,337,380,363
-0.49,-3.46,-9.12,0.03,0.05,0.02,456,445,337,380,363
-0.23,-3.85,-9.34,0.04,0.02,-0.02,456,445,337,380,363
-0.27,-3.81,-9.24,0.04,0.00,-0.01,456,445,337,381,363
-0.06,-3.93,-9.33,0.03,0.00,-0.03,456,445,338,380,363
-0.37,-3.95,-9.28,-0.04,-0.01,-0.01,456,444,337,380,363
-0.40,-3.66,-9.13,0.00,-0.01,-0.00,456,444,337,380,363
-0.29,-3.83,-9.37,-0.01,-0.03,-0.03,456,445,338,380,363
-0.32,-3.78,-9.22,0.00,-0.03,-0.02,455,445,338,380,363
-0.52,-3.62,-9.16,0.01,-0.02,0.00,456,445,337,380,363
-0.11,-3.80,-9.43,-0.03,-0.04,-0.02,456,445,337,380,363
-0.45,-3.44,-9.11,0.07,0.01,0.00,456,445,337,380,363
-0.37,-3.90,-9.22,-0.03,0.01,-0.04,456,445,337,380,362
-0.69,-3.34,-9.26,-0.01,0.06,-0.01,455,445,337,380,362
-0.11,-3.27,-9.53,0.04,0.06,-0.04,456,445,337,380,363
0.22,-3.65,-9.68,0.06,0.00,-0.03,456,444,337,380,363
0.13,-3.75,-9.32,0.04,-0.02,-0.05,455,445,337,380,362
-0.25,-3.34,-9.35,-0.00,-0.05,-0.03,455,445,337,380,363
-0.47,-3.22,-9.08,-0.03,-0.03,-0.03,456,445,338,380,363
-0.27,-3.42,-9.10,0.04,0.01,-0.05,456,445,338,380,363
-0.37,-3.27,-9.32,0.05,0.03,-0.08,456,445,337,380,363
-0.36,-3.71,-7.59,0.11,0.03,-0.09,456,445,337,380,363
-0.10,-4.30,-9.53,0.08,0.01,-0.08,456,445,338,380,363
-0.26,-4.09,-9.23,0.06,0.00,-0.06,456,444,337,380,363
-0.27,-3.70,-9.35,0.06,-0.00,-0.04,456,444,337,380,363
-0.16,-3.77,-9.21,0.04,-0.01,-0.01,455,445,339,380,363
-0.27,-3.57,-9.15,0.03,-0.01,-0.04,455,444,339,380,363
-0.42,-3.76,-9.18,0.07,0.04,-0.05,456,444,339,381,362
0.44,-4.08,-9.05,-0.03,0.02,-0.08,455,444,339,381,363
-0.11,-3.40,-9.03,0.04,0.04,-0.03,456,445,339,380,363
0.47,-3.90,-9.45,-0.00,0.00,-0.08,455,445,339,381,363
0.29,-3.80,-9.35,0.06,0.01,-0.08,456,445,338,381,363
END
0.14,-4.04,-9.42,0.06,-0.01,-0.06,456,445,339,381,363
0.08,-3.57,-9.32,0.02,-0.01,-0.02,455,445,339,381,363
0.10,-3.55,-9.44,0.02,-0.01,-0.05,455,444,339,380,363
0.12,-3.60,-11.02,0.05,-0.02,-0.04,455,444,339,380,363
0.21,-3.90,-9.30,0.04,-0.01,-0.08,455,445,339,381,362
0.02,-3.73,-9.23,0.02,-0.02,-0.07,455,445,339,381,363
-0.01,-3.56,-9.32,0.06,-0.01,-0.07,456,444,340,380,362
0.22,-3.27,-9.11,0.04,-0.01,-0.09,456,445,339,381,363
0.14,-3.24,-9.32,0.09,-0.03,-0.08,455,445,339,380,363
0.46,-3.61,-9.18,0.12,0.01,-0.16,456,445,339,381,363
0.17,-4.08,-9.27,0.17,-0.00,-0.12,456,445,339,380,363
0.57,-4.47,-9.27,0.13,-0.03,-0.12,455,445,339,381,363
-0.27,-4.48,-8.99,0.15,-0.04,-0.04,455,445,339,380,362
0.47,-5.08,-8.99,0.10,-0.03,-0.15,455,444,339,380,362
0.44,-4.93,-8.93,0.05,-0.04,-0.03,455,444,339,381,362
-0.26,-4.52,-8.80,0.02,-0.04,0.03,456,444,339,380,362
-0.04,-4.33,-8.81,0.02,0.00,-0.08,455,444,339,380,362
0.24,-4.40,-8.81,0.04,0.00,-0.03,455,444,339,380,362
0.41,-4.32,-8.91,0.08,0.00,-0.07,455,445,339,380,363
0.23,-4.50,-8.92,0.06,0.01,-0.09,455,445,339,380,363
0.21,-4.47,-9.02,0.04,0.01,-0.03,455,444,339,380,363
0.46,-4.41,-8.98,-0.00,0.01,-0.04,455,444,339,380,363
0.37,-4.34,-8.73,0.05,0.04,-0.03,455,444,339,380,363
0.47,-4.47,-8.91,-0.01,0.02,-0.03,455,444,339,380,362
0.50,-4.31,-8.79,0.08,0.05,-0.07,455,444,339,380,363
0.62,-4.36,-9.15,0.06,0.03,-0.03,455,444,340,380,362
0.69,-4.41,-9.20,0.08,0.02,-0.05,455,444,339,380,362
1.04,-4.85,-9.01,0.06,-0.01,-0.01,455,444,339,380,362
0.40,-4.80,-8.85,0.05,-0.02,-0.01,455,444,339,380,362
0.47,-4.85,-8.69,0.01,-0.03,0.04,456,444,339,380,363
0.37,-4.43,-8.33,0.05,0.03,-0.02,455,444,339,380,363
0.43,-4.55,-8.69,0.03,0.03,-0.00,456,444,339,380,363
0.29,-4.34,-8.76,0.06,0.04,-0.03,455,444,339,380,362
0.47,-4.55,-9.10,0.05,0.03,-0.03,455,445,339,380,363
0.57,-4.87,-8.51,0.08,0.02,-0.04,455,444,339,380,362
0.53,-4.74,-8.94,0.06,0.01,-0.01,455,444,339,380,363
END
0.34,-4.49,-8.89,0.01,0.01,-0.00,455,444,340,380,362
0.42,-4.72,-8.73,0.03,-0.00,-0.01,455,444,340,380,362
0.86,-4.73,-8.84,0.04,-0.00,-0.01,454,444,340,380,362
1.20,-4.82,-9.02,0.02,0.00,-0.07,455,444,340,380,362
0.89,-4.69,-8.63,0.01,-0.04,-0.05,455,444,340,380,362
0.38,-4.76,-8.79,0.00,-0.07,-0.07,455,444,340,380,362
0.65,-4.70,-8.67,-0.01,-0.06,-0.07,455,444,340,380,363
0.80,-4.90,-8.40,0.06,-0.02,-0.05,455,444,340,380,362
0.78,-5.09,-8.64,-0.02,-0.03,-0.03,455,444,340,380,362
0.39,-4.40,-8.62,0.02,0.00,-0.03,454,444,340,380,362
0.62,-4.63,-9.01,0.04,0.01,-0.04,454,444,340,380,362
0.78,-4.81,-8.73,0.02,0.00,-0.05,454,444,339,380,362
0.90,-4.81,-8.87,-0.02,-0.03,-0.03,454,444,340,380,363
0.52,-4.31,-8.79,0.02,-0.01,-0.02,455,444,340,380,362
0.60,-4.45,-8.66,0.04,0.01,-0.03,455,444,340,380,362
0.55,-4.51,-8.74,0.03,0.01,-0.00,455,444,340,380,362
0.90,-4.77,-8.69,0.07,0.05,-0.08,455,444,340,380,362
1.08,-5.10,-9.02,0.03,0.02,-0.03,455,444,340,381,362
0.77,-4.72,-8.95,0.02,0.00,-0.01,455,444,340,380,362
0.85,-4.50,-8.92,0.01,-0.02,-0.02,454,444,340,380,362
0.67,-4.35,-8.55,-0.01,-0.02,-0.02,454,444,340,380,363
0.80,-4.55,-8.69,0.04,0.00,-0.03,454,444,340,380,362
0.80,-4.72,-8.74,0.02,-0.02,-0.04,454,444,340,380,362
0.64,-4.52,-8.79,0.06,-0.01,-0.02,454,444,340,380,362
0.65,-4.59,-8.80,0.03,-0.02,-0.04,454,444,340,380,362
0.61,-4.55,-8.74,0.02,-0.03,-0.02,454,444,340,380,362
0.63,-4.59,-8.64,0.06,-0.00,-0.05,454,444,340,380,362
0.70,-4.83,-8.76,-0.01,-0.01,-0.02,454,443,340,380,362
0.67,-4.49,-8.85,0.04,0.01,-0.03,454,444,340,380,362
0.67,-4.61,-8.83,0.00,0.00,-0.03,454,444,340,381,362
0.60,-4.52,-8.65,0.02,0.01,-0.03,454,444,340,380,362
0.73,-4.66,-8.98,0.05,0.01,-0.02,454,444,340,380,362
0.75,-4.71,-8.78,-0.01,-0.02,-0.03,454,444,340,380,362
0.45,-4.57,-8.97,0.05,0.00,-0.01,454,444,340,381,362
0.75,-4.77,-8.95,-0.02,-0.01,-0.02,454,443,340,380,362
0.63,-4.44,-8.86,0.03,-0.00,-0.00,454,444,340,380,362
END
0.59,-4.48,-8.92,0.02,0.00,-0.02,454,444,340,381,362
0.88,-5.09,-8.76,0.01,0.01,-0.00,454,443,340,380,362
0.72,-4.64,-8.88,-0.04,0.01,-0.02,454,443,340,380,362
1.02,-4.44,-8.85,0.03,0.01,-0.06,454,443,340,380,362
0.93,-4.59,-9.07,0.05,-0.03,-0.04,454,443,340,380,362
0.56,-4.45,-8.80,0.07,-0.01,-0.03,454,443,339,380,362
1.13,-4.91,-8.83,0.02,-0.01,-0.05,454,443,340,381,362
0.81,-4.36,-8.71,0.03,-0.01,-0.03,454,443,340,380,362
0.80,-4.58,-8.79,0.02,-0.01,-0.04,454,443,340,380,362
1.08,-4.52,-8.70,0.01,-0.01,-0.05,453,443,340,380,362
0.95,-4.59,-8.80,0.04,-0.03,-0.06,454,443,340,380,362
1.06,-4.62,-8.85,0.05,-0.03,-0.06,454,443,340,380,362
0.70,-4.56,-8.73,0.06,-0.02,-0.08,454,443,340,380,362
0.99,-4.72,-8.67,0.03,-0.02,-0.04,454,443,340,380,362
0.95,-4.80,-8.69,0.02,-0.03,-0.03,454,443,340,380,362
0.97,-4.72,-8.76,-0.04,-0.05,-0.00,454,443,340,380,362
0.93,-4.64,-8.81,-0.03,-0.04,-0.03,454,443,340,380,362
0.92,-4.59,-8.92,-0.00,-0.03,-0.00,454,443,340,380,362
0.85,-4.68,-8.87,-0.04,-0.05,-0.00,454,443,340,380,362
0.53,-4.62,-9.04,0.00,-0.05,0.04,454,443,340,380,362
0.57,-4.62,-8.86,-0.06,-0.03,0.01,454,443,339,380,362
0.52,-4.06,-8.89,-0.01,-0.02,0.07,454,443,340,380,362
0.54,-4.01,-8.97,0.01,-0.04,0.04,454,443,340,380,362
0.50,-4.36,-8.73,-0.01,-0.03,0.03,454,444,340,380,362
0.50,-4.29,-9.12,0.02,-0.02,0.02,454,443,340,380,362
0.27,-4.31,-8.88,-0.03,-0.02,0.02,454,443,340,380,362
0.26,-4.34,-9.11,-0.02,-0.01,0.06,454,443,340,380,362
-1.80,-3.96,-9.10,-0.08,0.01,0.07,454,443,340,380,362
0.22,-3.55,-9.31,-0.01,0.04,0.05,454,443,339,380,362
-0.02,-3.69,-9.13,-0.02,0.04,0.04,454,443,340,380,362
0.37,-3.62,-9.38,0.03,0.04,0.00,454,443,340,380,362
0.25,-4.04,-9.44,0.01,0.03,-0.01,454,443,340,380,362
0.14,-3.87,-9.12,0.02,0.01,0.02,454,443,340,380,362
0.38,-3.53,-9.43,0.01,-0.01,-0.02,454,443,340,380,362
-0.01,-3.46,-9.32,0.01,0.00,-0.03,454,443,340,380,362
0.22,-3.77,-9.32,0.09,0.01,-0.07,454,443,340,380,362
END
0.44,-4.36,-9.34,0.05,-0.01,-0.06,454,443,340,380,362
0.12,-3.60,-8.92,0.02,0.01,0.01,453,443,340,380,362
0.54,-3.82,-9.27,0.01,0.01,-0.02,453,443,340,380,362
-0.06,-3.80,-9.23,0.00,-0.01,-0.00,454,443,340,380,362
-0.01,-3.64,-9.33,0.03,0.02,-0.01,454,443,340,380,362
0.37,-3.88,-9.43,0.02,0.01,-0.04,454,443,340,380,362
0.20,-3.75,-9.15,0.07,-0.01,-0.05,454,443,340,380,362
0.10,-3.93,-9.23,0.06,-0.01,-0.07,454,443,340,380,362
0.20,-3.95,-9.25,0.06,-0.02,-0.05,453,443,340,380,362
0.17,-3.93,-9.17,0.04,-0.00,-0.05,454,443,340,380,362
0.34,-3.93,-9.25,0.05,-0.01,-0.04,453,443,340,380,362
-0.04,-4.07,-8.89,0.08,-0.00,-0.05,453,443,340,380,362
0.37,-4.01,-9.28,0.03,-0.00,-0.04,453,443,340,380,361
0.31,-4.19,-8.97,0.04,0.01,-0.09,454,443,340,380,362
0.14,-4.03,-9.07,0.04,0.00,-0.02,453,443,340,380,362
0.32,-3.83,-9.01,0.06,0.01,-0.04,454,443,340,380,362
0.34,-4.13,-9.25,0.01,-0.01,-0.03,454,443,340,380,362
0.34,-3.96,-9.07,0.05,0.01,-0.04,454,443,340,380,362
0.41,-4.10,-9.20,0.01,-0.01,-0.03,454,443,340,381,362
0.45,-3.98,-9.03,0.06,0.01,-0.05,454,443,340,380,362
0.49,-3.92,-9.19,0.05,0.01,-0.02,453,443,340,380,362
0.39,-3.96,-9.19,0.01,-0.00,-0.03,454,443,340,380,362
0.14,-3.93,-9.00,0.04,0.01,-0.03,454,443,340,380,362
0.57,-4.11,-9.20,0.02,-0.01,-0.02,453,443,340,380,362
0.17,-3.98,-9.09,0.03,-0.01,-0.04,453,443,340,380,362
0.37,-4.16,-8.99,0.03,-0.00,-0.04,454,443,340,380,362
0.48,-4.02,-9.14,0.06,-0.01,0.00,454,443,340,380,362
0.32,-4.08,-9.07,0.01,-0.00,-0.06,453,443,340,380,362
0.31,-4.11,-9.03,0.06,0.00,-0.03,454,443,340,380,362
0.52,-4.24,-9.25,0.03,0.01,-0.06,454,443,340,380,362
0.24,-3.80,-8.99,0.08,0.00,-0.05,454,443,340,380,362
0.32,-4.11,-9.22,0.04,0.00,-0.05,454,443,340,380,362
0.42,-4.25,-9.20,0.02,-0.02,-0.05,453,443,340,380,362
0.32,-3.91,-8.94,0.04,-0.01,-0.05,454,443,340,380,362
0.52,-3.91,-8.94,0.06,0.01,-0.05,454,443,340,380,362
0.62,-4.29,-8.97,0.03,0.01,-0.05,453,443,340,380,362
END
0.17,-4.03,-9.08,0.06,0.01,-0.05,453,443,341,380,362
0.84,-4.41,-9.03,0.00,-0.00,-0.04,453,443,340,380,362
0.65,-4.25,-9.01,0.03,0.00,-0.02,453,443,340,380,362
0.65,-4.02,-9.29,0.05,0.00,-0.02,453,443,340,380,362
0.45,-4.07,-9.01,0.00,-0.01,-0.02,453,443,340,380,362
0.90,-4.21,-9.03,0.05,0.01,-0.05,453,443,340,380,362
0.56,-4.26,-9.19,0.01,-0.00,-0.02,453,443,340,380,362
0.48,-4.07,-9.08,0.02,-0.00,-0.00,453,442,340,380,362
0.62,-4.08,-8.98,0.05,0.01,-0.04,453,443,341,380,362
0.85,-4.08,-9.07,0.05,0.00,-0.05,453,443,340,380,362
0.62,-3.75,-9.64,0.13,-0.01,-0.07,453,443,340,380,362
0.55,-4.34,-9.08,0.15,-0.02,-0.03,453,442,340,380,361
1.06,-5.04,-8.79,0.11,-0.04,-0.05,453,443,340,380,362
0.73,-4.80,-8.45,0.06,-0.03,0.01,453,442,340,380,362
0.59,-4.44,-8.50,0.05,-0.00,-0.01,453,442,340,380,362
0.47,-4.54,-8.59,0.04,0.02,-0.03,453,443,340,380,361
0.58,-4.61,-8.94,0.09,0.03,-0.02,453,443,340,380,362
0.86,-4.79,-9.14,0.12,0.02,-0.01,453,443,340,380,361
0.61,-4.95,-8.75,0.07,-0.03,0.02,453,443,340,380,362
0.31,-4.71,-8.63,0.07,0.00,0.01,453,443,340,379,362
0.55,-4.78,-8.53,-0.03,0.02,-0.03,453,443,340,380,361
0.44,-4.43,-8.61,0.06,0.03,-0.01,453,443,340,380,361
0.26,-4.65,-8.68,0.02,0.02,-0.06,453,442,340,380,362
0.75,-4.82,-8.87,0.06,0.02,-0.06,453,443,340,380,362
0.83,-4.90,-8.90,0.04,0.00,-0.06,453,443,340,380,361
0.69,-4.74,-8.84,0.00,0.01,-0.04,453,443,340,380,362
0.93,-4.67,-8.66,0.04,-0.00,-0.06,453,443,340,380,362
0.72,-4.82,-8.77,0.02,-0.01,-0.05,453,443,340,380,361
0.73,-4.74,-8.67,0.01,-0.02,-0.05,453,443,340,380,362
0.85,-4.81,-8.67,0.02,-0.02,-0.06,453,443,340,380,362
0.75,-4.70,-8.90,-0.02,-0.03,-0.07,453,442,340,380,360
0.58,-4.43,-8.81,0.06,-0.01,-0.07,453,443,340,380,361
1.02,-4.96,-8.94,-0.01,-0.03,-0.05,453,443,341,380,361
0.52,-4.67,-8.76,0.00,-0.03,-0.01,453,443,341,381,361
0.74,-4.49,-8.66,0.01,-0.01,-0.00,453,442,341,380,361
0.92,-4.79,-8.95,-0.02,-0.01,-0.01,453,443,341,380,361
END
0.65,-4.44,-8.92,0.03,-0.01,-0.01,453,442,340,380,361
0.87,-4.59,-8.87,0.02,0.00,-0.07,452,442,340,380,361
0.64,-4.49,-9.04,0.04,-0.00,-0.01,453,442,340,380,362
0.67,-4.24,-9.15,-0.01,-0.02,-0.03,453,442,340,380,362
0.55,-4.14,-9.06,-0.00,-0.03,-0.02,453,442,341,380,361
0.29,-4.03,-8.88,0.04,-0.00,-0.02,452,442,340,380,361
0.65,-4.24,-8.87,0.04,-0.00,0.00,453,442,341,380,361
0.75,-4.14,-8.87,0.05,-0.00,-0.02,453,442,341,380,361
0.60,-4.39,-8.93,0.06,0.01,-0.01,453,442,340,380,361
0.62,-4.60,-8.87,0.01,0.00,-0.00,452,442,340,380,362
0.36,-4.19,-9.04,0.01,0.01,-0.02,453,442,340,380,362
0.68,-4.18,-8.99,0.04,0.02,-0.02,453,442,341,380,361
0.79,-4.16,-8.98,0.02,0.01,-0.03,453,443,340,380,362
0.61,-4.19,-8.98,0.04,0.01,-0.05,453,442,341,380,362
0.60,-4.29,-9.06,0.05,0.01,-0.06,453,442,340,380,362
0.63,-4.34,-8.97,0.04,-0.01,-0.05,452,442,340,380,362
0.73,-4.38,-9.18,0.03,-0.01,-0.06,452,442,340,380,361
0.73,-4.44,-8.98,0.03,-0.02,-0.08,452,442,340,380,362
0.69,-4.54,-8.82,0.04,-0.04,-0.02,453,442,340,380,362
0.62,-4.03,-8.94,0.02,-0.04,-0.03,452,442,341,380,361
0.70,-4.28,-8.87,0.02,-0.02,-0.06,452,442,341,380,361
0.52,-4.35,-8.67,0.05,-0.02,-0.03,452,442,340,380,362
0.39,-4.19,-8.87,0.04,0.00,-0.09,453,442,341,380,362
0.58,-4.38,-8.83,0.02,0.00,-0.03,453,442,341,380,362
0.56,-4.31,-8.91,0.03,0.00,-0.01,452,442,341,380,362
0.62,-4.41,-9.04,0.01,0.01,-0.03,453,442,340,380,361
0.75,-4.38,-8.97,0.00,0.00,-0.01,452,442,341,380,361
0.49,-4.08,-8.97,0.02,-0.00,-0.03,452,442,339,380,361
0.65,-4.15,-9.08,0.01,-0.00,-0.03,452,442,340,380,361
0.52,-4.28,-8.97,0.01,-0.01,-0.05,453,442,340,380,362
0.78,-4.22,-8.92,0.01,0.00,-0.05,452,442,341,380,362
0.69,-4.24,-8.94,0.00,-0.00,-0.03,452,442,340,380,361
0.78,-4.13,-9.08,0.02,-0.00,-0.05,453,442,341,380,362
0.77,-4.20,-8.99,0.01,-0.02,-0.06,452,442,341,380,362
0.65,-4.24,-9.09,0.01,-0.00,-0.04,453,442,341,380,362
0.73,-4.17,-8.92,0.03,-0.01,-0.03,453,442,340,380,361
END
0.93,-4.34,-9.12,0.04,-0.00,-0.03,452,442,342,381,361
0.89,-3.81,-9.11,0.01,0.00,-0.05,452,442,342,381,361
1.55,-4.08,-9.06,0.02,0.00,-0.07,452,442,342,381,362
1.00,-3.93,-8.93,0.02,-0.02,-0.06,452,442,342,381,362
0.79,-3.53,-9.10,0.03,0.02,-0.02,452,442,342,381,361
1.47,-3.90,-9.27,0.01,-0.00,-0.02,452,442,343,381,362
1.06,-4.07,-9.12,0.02,-0.03,-0.02,452,442,342,381,362
0.73,-3.91,-8.97,0.03,-0.00,-0.02,452,442,342,381,362
0.91,-3.73,-9.26,0.01,0.00,-0.03,452,442,342,381,362
1.05,-3.77,-9.15,0.03,-0.01,-0.03,452,442,342,381,362
1.08,-3.88,-9.29,0.05,-0.01,-0.01,452,442,342,381,362
1.18,-4.08,-9.32,0.03,-0.01,-0.04,452,442,342,381,362
0.84,-3.90,-9.15,0.04,0.00,-0.00,452,442,342,381,362
1.13,-4.15,-9.17,0.06,0.00,0.04,452,442,343,381,361
1.12,-4.05,-9.19,0.05,-0.01,0.04,452,442,342,381,362
0.99,-3.73,-8.96,0.06,-0.01,0.00,452,442,342,381,361
0.75,-3.64,-9.04,0.06,-0.00,0.01,452,442,342,381,361
0.88,-3.82,-9.10,0.05,0.02,-0.04,452,442,343,381,362
0.90,-4.00,-9.36,0.02,0.00,-0.05,452,441,343,381,362
0.75,-3.96,-9.38,0.03,-0.00,-0.03,452,442,342,381,362
0.95,-3.97,-9.36,0.04,-0.02,-0.06,452,442,342,381,362
1.18,-4.13,-8.95,-0.03,-0.04,-0.05,452,442,343,381,362
0.97,-3.68,-9.17,-0.00,-0.02,-0.07,452,442,343,381,361
1.16,-3.91,-9.00,-0.01,-0.01,-0.04,451,442,343,381,361
0.66,-4.00,-9.14,-0.02,0.01,-0.20,451,442,343,381,361
1.50,-4.42,-9.72,-0.11,-0.07,-0.05,451,442,343,381,362
0.22,-3.52,-8.94,0.03,-0.02,-0.01,451,441,343,381,361
0.93,-3.75,-9.17,0.08,-0.04,0.02,451,442,343,381,362
0.52,-3.56,-9.04,0.06,-0.02,0.02,451,442,343,381,362
0.78,-3.58,-8.99,0.08,0.02,0.04,451,442,343,381,362
0.78,-3.44,-9.35,0.05,0.05,0.00,451,442,343,381,362
0.92,-3.56,-9.31,0.07,0.04,0.01,451,441,343,381,362
0.93,-3.97,-9.42,0.03,-0.01,-0.03,451,442,343,381,362
0.57,-3.49,-9.28,0.04,-0.02,-0.01,451,441,342,381,362
0.82,-3.39,-9.17,0.09,-0.02,0.01,451,442,343,381,362
0.60,-5.40,-9.06,0.07,-0.01,-0.07,451,441,343,381,362
END
0.90,-4.05,-9.12,0.03,0.00,-0.04,449,441,343,381,361
1.27,-3.91,-9.07,0.01,-0.00,-0.02,449,441,343,382,362
0.98,-3.88,-9.12,0.06,-0.00,-0.02,449,441,343,381,362
1.01,-4.31,-9.08,0.04,0.00,0.02,449,441,343,382,362
1.32,-4.24,-9.04,-0.01,-0.01,0.00,449,441,343,381,362
0.81,-3.70,-9.25,0.02,-0.01,-0.01,449,441,343,381,362
1.04,-4.09,-9.15,0.04,-0.02,-0.02,449,440,343,381,362
0.88,-3.96,-9.02,0.04,-0.02,-0.03,449,440,342,381,362
0.80,-4.03,-8.99,0.02,0.00,-0.02,449,440,343,381,362
1.18,-3.86,-9.19,0.04,0.01,-0.04,449,441,343,381,362
0.93,-4.21,-9.12,0.00,-0.01,-0.05,449,440,343,381,362
0.83,-3.80,-9.20,0.03,0.00,-0.04,449,440,342,381,361
1.14,-3.89,-9.07,0.03,0.00,-0.04,449,440,343,381,362
1.00,-4.05,-9.19,0.06,-0.01,-0.02,449,441,343,381,362
0.67,-4.16,-8.85,0.06,0.03,-0.00,449,441,343,382,362
1.35,-4.08,-9.24,0.01,-0.01,-0.02,449,441,343,382,361
0.89,-3.83,-9.27,0.05,-0.01,-0.04,449,441,343,381,362
0.93,-4.16,-8.77,0.05,-0.01,-0.04,449,441,343,381,362
1.01,-4.08,-9.26,0.02,0.00,-0.04,449,441,343,381,362
1.05,-3.87,-9.11,0.04,-0.01,-0.03,449,440,343,381,362
0.85,-4.08,-8.91,0.03,-0.01,-0.07,449,440,344,381,362
0.95,-3.90,-9.09,0.03,0.01,-0.04,449,440,344,382,362
1.11,-4.03,-8.94,-0.00,-0.02,-0.02,449,440,344,382,362
0.93,-3.84,-9.17,0.03,-0.00,-0.06,449,440,344,382,362
1.16,-3.97,-9.20,0.03,-0.00,-0.05,449,441,345,382,362
0.96,-4.02,-9.02,0.02,-0.02,-0.05,449,440,345,382,362
0.87,-3.77,-9.07,0.03,0.00,-0.07,449,441,345,382,362
1.15,-4.02,-9.10,0.04,-0.01,-0.04,449,440,344,382,362
1.03,-3.99,-9.10,0.03,-0.02,-0.05,449,440,344,382,362
0.96,-3.93,-9.15,0.06,0.01,-0.07,449,440,344,382,362
1.21,-4.07,-9.13,0.07,0.03,-0.00,449,440,344,382,362
1.39,-4.03,-8.94,0.01,0.01,-0.05,448,440,344,382,362
0.96,-4.08,-9.22,0.05,0.02,-0.02,449,440,345,383,362
1.12,-4.15,-9.25,0.01,0.01,-0.01,449,440,344,382,362
1.18,-4.01,-9.18,0.01,0.00,-0.02,449,440,345,382,362
1.12,-4.08,-9.02,-0.01,-0.01,-0.01,449,440,345,383,362
END
0.86,-3.85,-9.03,0.02,0.01,-0.00,448,440,345,383,362
0.98,-3.61,-9.24,0.04,-0.00,-0.00,447,440,345,383,363
1.11,-3.90,-9.07,0.04,-0.00,-0.01,448,440,345,383,363
0.98,-3.65,-9.10,0.05,-0.01,-0.03,447,440,345,383,362
1.09,-3.62,-9.18,0.06,-0.01,0.02,447,439,345,383,362
1.03,-3.70,-9.09,0.01,-0.01,-0.04,447,440,345,383,362
0.70,-3.58,-9.10,0.04,0.02,0.00,447,439,344,382,362
0.94,-3.75,-9.32,0.06,0.02,-0.04,447,439,344,382,363
0.93,-3.91,-9.22,0.09,-0.01,-0.02,447,439,344,382,362
1.03,-4.01,-9.17,0.07,-0.01,-0.02,447,440,344,382,362
0.93,-4.06,-9.26,0.04,-0.01,-0.03,447,440,344,382,362
1.03,-4.36,-9.02,0.01,-0.01,0.03,448,440,344,382,363
0.59,-4.13,-9.16,0.01,-0.03,0.06,447,440,344,382,362
0.98,-4.02,-9.17,-0.06,-0.01,-0.01,448,439,344,382,362
1.05,-3.93,-9.27,0.02,0.00,0.06,448,439,344,382,362
0.97,-3.65,-9.16,0.01,-0.02,0.02,448,439,343,382,362
0.41,-3.65,-9.17,0.09,0.02,0.05,448,439,343,382,362
0.90,-4.39,-9.44,-0.09,-0.03,0.04,448,439,344,382,362
0.76,-3.60,-9.03,0.10,0.02,-0.04,449,438,343,382,363
0.74,-4.19,-9.38,0.03,-0.02,-0.05,449,439,343,381,363
0.52,-3.80,-9.03,0.06,-0.01,-0.02,449,439,343,381,363
0.68,-3.87,-8.94,0.08,0.00,-0.06,449,439,343,382,363
0.64,-3.83,-9.02,-0.01,0.01,0.00,449,439,343,382,363
0.67,-3.59,-9.25,0.09,0.04,-0.02,449,439,343,381,363
0.74,-4.39,-9.13,0.06,0.02,-0.03,449,439,343,381,363
0.70,-4.21,-9.11,0.01,0.01,-0.01,449,439,343,381,363
0.80,-4.21,-9.16,0.02,-0.00,-0.02,448,439,343,381,363
0.39,-4.00,-8.96,0.03,0.00,0.00,449,439,342,381,362
0.63,-3.78,-9.10,0.03,0.02,0.01,449,439,343,381,363
0.98,-3.88,-9.10,0.01,0.01,-0.01,449,439,343,381,363
0.84,-3.50,-9.00,0.06,0.03,-0.08,449,439,343,381,362
0.83,-4.06,-9.07,0.07,0.01,-0.05,449,439,343,381,363
0.73,-4.15,-9.10,0.03,0.01,-0.04,449,439,343,381,363
0.67,-3.97,-8.99,0.02,0.01,-0.06,449,439,343,381,363
1.06,-3.94,-9.20,0.04,0.00,-0.09,449,439,343,382,363
0.86,-3.98,-8.93,0.06,-0.01,-0.06,449,439,343,381,363
END
1.02,-3.93,-8.94,0.02,-0.01,-0.06,448,439,343,381,362
1.06,-3.82,-9.11,0.04,0.01,-0.01,448,439,343,381,362
0.94,-3.78,-9.34,0.05,0.01,-0.03,448,439,342,381,362
1.03,-3.74,-9.30,0.05,0.00,-0.02,448,438,343,381,363
0.98,-4.01,-9.11,0.03,-0.01,-0.04,448,438,343,381,362
1.04,-3.75,-9.18,0.02,-0.02,-0.03,448,439,343,381,363
1.00,-3.76,-9.24,0.02,-0.02,-0.03,448,439,343,381,362
1.13,-3.82,-9.09,0.03,-0.00,-0.05,448,439,343,382,363
0.88,-3.91,-9.07,0.04,-0.01,-0.02,448,439,343,381,362
0.94,-3.94,-9.13,0.04,0.01,-0.03,448,439,343,381,362
1.11,-3.83,-9.12,0.02,-0.01,-0.04,448,439,343,382,363
0.80,-3.83,-9.24,0.06,-0.00,-0.03,448,438,343,382,362
1.08,-4.12,-9.17,0.03,-0.01,-0.03,448,439,343,381,362
1.08,-3.92,-9.15,0.05,-0.01,-0.02,448,438,343,381,362
0.97,-3.80,-9.18,0.03,-0.02,-0.01,448,438,343,381,362
0.76,-3.86,-8.85,0.07,0.01,0.01,448,438,343,381,363
1.19,-4.00,-9.11,-0.04,-0.02,-0.07,448,439,343,381,363
0.69,-3.91,-9.42,0.05,0.01,-0.01,448,439,343,381,362
0.70,-4.17,-9.31,-0.02,0.01,-0.06,448,439,343,381,363
1.03,-3.83,-9.02,0.09,0.01,-0.01,448,439,343,382,363
1.00,-3.75,-9.32,0.05,-0.02,-0.04,448,439,343,381,363
0.80,-4.05,-8.96,0.05,-0.01,-0.05,448,439,343,382,362
0.88,-4.01,-9.01,0.00,-0.01,-0.02,448,439,344,382,362
0.95,-3.98,-9.17,-0.02,0.00,0.01,448,439,343,381,363
0.62,-3.99,-9.00,0.06,0.01,0.09,448,439,343,381,363
0.93,-3.86,-9.30,-0.03,0.00,-0.02,448,438,343,382,363
0.98,-3.78,-9.24,0.02,0.01,0.01,448,438,343,382,363
0.96,-3.85,-9.19,0.03,-0.00,-0.03,448,439,343,382,363
0.80,-3.59,-9.16,0.02,0.00,-0.02,448,439,343,382,363
1.17,-3.89,-9.35,0.02,0.00,-0.03,448,439,343,381,363
1.09,-3.69,-9.24,0.01,-0.01,-0.04,448,438,343,382,363
0.60,-3.69,-9.07,0.06,0.01,-0.04,448,438,343,382,363
1.19,-3.84,-9.17,0.03,0.01,-0.06,448,438,343,382,363
1.20,-4.19,-9.22,0.00,-0.02,-0.05,448,438,343,381,362
0.72,-3.88,-9.11,0.01,-0.02,-0.04,448,438,344,382,363
1.02,-3.98,-9.15,0.04,-0.00,-0.04,448,439,343,382,363
END
1.03,-3.90,-9.00,0.04,-0.01,0.02,447,438,344,382,363
1.15,-3.75,-9.14,0.02,0.00,-0.03,447,438,344,382,363
0.88,-3.90,-9.00,0.06,0.00,-0.01,447,438,344,382,363
1.07,-4.08,-9.11,0.04,0.00,-0.01,447,438,344,382,363
1.16,-3.90,-9.15,0.02,-0.01,-0.04,448,438,344,382,363
0.86,-3.65,-9.16,0.02,-0.02,0.02,447,438,344,382,363
1.08,-3.61,-9.19,0.02,-0.02,-0.02,447,438,344,382,363
1.26,-3.92,-9.30,0.01,-0.02,-0.01,447,438,344,382,363
0.98,-3.75,-9.14,-0.02,-0.04,-0.04,447,438,344,382,363
0.92,-3.69,-9.10,0.02,-0.02,-0.05,447,438,344,382,363
0.80,-3.75,-9.06,0.04,-0.02,-0.02,447,438,344,382,363
0.91,-3.55,-9.20,0.03,-0.01,-0.02,447,438,345,382,363
0.80,-3.77,-8.89,0.01,0.00,-0.05,447,438,344,382,363
0.83,-3.50,-9.01,0.06,0.03,-0.05,447,438,344,382,363
1.11,-3.76,-9.30,0.05,0.03,-0.07,447,438,344,382,363
0.95,-4.00,-9.33,0.05,0.02,-0.05,447,438,344,382,363
1.00,-3.88,-9.27,0.04,0.01,-0.03,447,438,344,382,363
1.18,-3.78,-9.17,0.04,0.01,-0.01,447,438,344,382,363
1.10,-3.88,-9.30,0.02,-0.00,-0.01,447,438,344,382,363
1.08,-3.86,-9.31,0.01,-0.01,-0.01,447,438,344,382,363
0.94,-3.63,-9.30,0.02,0.00,-0.02,447,438,344,382,363
1.06,-3.66,-9.40,0.03,-0.02,-0.00,447,438,344,382,363
1.02,-3.91,-9.13,0.02,-0.05,-0.03,447,438,344,382,363
1.03,-3.68,-9.07,0.02,-0.04,-0.01,447,438,344,382,363
1.07,-3.80,-8.91,0.01,-0.02,-0.04,447,438,344,382,363
0.71,-3.60,-8.92,0.03,-0.00,-0.02,447,438,344,382,363
0.90,-3.65,-9.20,0.10,0.04,-0.05,447,438,344,382,363
0.98,-3.98,-9.32,0.09,0.04,-0.06,447,438,344,382,363
1.28,-3.98,-9.35,0.06,0.03,-0.08,447,438,344,382,363
0.99,-4.18,-9.32,0.04,-0.00,-0.04,447,438,344,382,363
1.23,-4.19,-7.38,0.03,-0.02,0.00,447,438,344,382,363
1.08,-3.76,-9.15,0.03,-0.02,-0.01,447,438,344,382,363
1.12,-4.06,-9.01,0.03,-0.05,0.02,447,438,344,382,363
0.91,-3.68,-8.90,0.02,-0.04,0.03,447,438,344,382,363
0.85,-3.92,-9.19,-0.02,-0.02,-0.02,447,438,344,382,363
1.02,-3.91,-9.27,0.03,-0.01,-0.04,447,438,344,382,363
END
0.61,-3.78,-9.27,0.02,-0.03,-0.01,467,445,341,380,360
1.16,-4.49,-9.10,0.02,-0.03,-0.04,467,445,341,380,360
0.68,-4.47,-9.07,-0.00,-0.02,-0.02,467,444,342,380,360
0.77,-4.44,-9.10,0.03,-0.02,-0.02,467,445,342,380,360
1.46,-4.74,-8.74,-0.03,-0.08,-0.00,467,444,341,380,360
0.39,-4.21,-8.66,0.04,-0.04,0.01,467,445,342,380,360
0.44,-4.33,-8.78,-0.02,0.00,0.04,467,444,342,380,360
0.73,-3.90,-8.97,0.04,0.05,0.00,466,444,342,380,360
1.06,-3.82,-9.17,0.05,0.03,-0.04,466,444,342,380,360
0.75,-4.37,-8.99,0.04,-0.01,-0.03,466,444,341,380,360
0.79,-4.55,-8.94,0.03,0.02,-0.04,466,444,342,380,360
0.88,-4.57,-8.95,0.01,0.01,-0.02,466,444,342,380,360
0.88,-4.12,-8.99,-0.00,0.00,-0.00,466,444,341,380,360
1.13,-3.95,-8.92,0.04,-0.02,-0.05,466,444,341,380,360
0.60,-4.37,-9.04,0.06,-0.04,-0.06,467,445,341,380,360
0.55,-4.36,-8.87,0.02,-0.01,-0.02,468,445,341,379,360
0.78,-4.24,-9.13,0.03,0.02,-0.02,468,444,342,380,360
1.04,-4.52,-8.99,0.01,0.01,0.02,467,444,341,380,360
0.66,-3.92,-8.86,0.03,-0.01,-0.02,467,445,341,380,360
0.36,-3.85,-9.14,0.04,0.02,0.02,468,445,341,380,360
1.05,-4.20,-8.91,0.06,0.01,-0.06,467,445,341,380,360
0.64,-4.39,-9.06,0.03,-0.00,-0.04,467,445,341,380,360
0.82,-4.07,-9.07,0.01,-0.01,-0.05,467,445,341,380,360
0.85,-4.28,-9.16,0.04,-0.02,-0.06,467,445,341,380,360
0.75,-4.20,-8.84,0.05,-0.01,-0.06,467,444,341,380,360
0.88,-4.44,-9.10,-0.02,-0.01,-0.10,467,444,342,380,360
0.85,-4.37,-9.07,0.04,0.02,-0.06,467,444,341,380,360
0.91,-4.21,-9.05,0.04,0.01,-0.03,466,444,341,380,360
0.77,-4.20,-9.30,0.04,-0.02,-0.05,466,444,341,380,360
0.88,-4.39,-8.73,0.05,-0.01,-0.00,466,444,341,380,360
0.98,-4.26,-9.09,0.03,-0.00,-0.04,466,444,341,380,359
0.95,-4.13,-9.11,0.07,-0.03,-0.04,466,444,341,380,360
1.03,-4.32,-9.20,0.06,-0.05,-0.04,466,444,341,380,360
0.90,-4.63,-8.63,-0.01,-0.06,-0.10,466,444,341,380,360
0.57,-3.89,-8.99,0.02,-0.01,-0.04,466,444,342,380,360
1.05,-4.29,-9.03,0.06,0.01,-0.05,466,444,342,380,360
END
0.86,-4.26,-8.99,0.06,-0.00,0.00,464,444,342,380,359
1.08,-4.26,-8.76,0.01,-0.02,-0.04,464,444,342,380,359
0.99,-4.28,-8.74,-0.01,-0.02,-0.03,464,444,342,380,359
0.95,-4.34,-8.89,0.03,0.01,-0.06,464,444,342,380,359
1.00,-4.46,-8.93,0.02,-0.00,-0.03,464,444,342,380,359
1.08,-4.15,-8.86,0.07,0.02,-0.08,464,444,342,380,359
1.13,-4.57,-8.76,0.03,0.01,-0.07,464,444,342,380,359
1.23,-4.47,-8.89,0.05,0.01,-0.04,464,444,342,380,360
1.15,-4.19,-8.84,0.04,-0.01,-0.05,464,444,342,380,360
0.89,-4.11,-8.87,0.05,0.00,-0.01,463,444,342,380,359
1.15,-4.46,-8.64,0.08,0.01,-0.07,463,444,342,380,359
1.30,-4.61,-8.90,0.03,-0.01,-0.05,463,444,342,380,359
1.16,-4.11,-8.93,0.02,-0.01,-0.05,463,443,342,380,359
1.07,-4.37,-8.81,0.05,-0.00,-0.06,463,444,342,380,359
1.17,-4.69,-8.71,0.05,0.00,-0.01,463,444,342,380,359
1.36,-4.64,-9.02,0.04,0.00,-0.02,463,444,342,380,359
1.26,-4.32,-8.93,0.03,-0.02,0.03,463,444,342,380,359
1.11,-4.29,-8.69,0.03,-0.04,0.04,463,444,342,380,359
0.72,-4.27,-8.69,0.02,-0.02,-0.00,463,444,342,380,359
1.00,-4.43,-8.83,-0.04,-0.02,-0.02,463,444,341,380,359
0.98,-3.91,-8.78,0.04,0.01,-0.04,463,444,342,380,359
0.76,-4.03,-8.51,0.09,0.01,-0.07,463,444,341,380,359
0.19,-4.10,-8.47,0.13,0.07,-0.03,463,444,341,379,359
1.60,-4.31,-9.04,0.10,0.09,-0.13,464,444,341,379,359
1.67,-4.52,-8.99,0.14,0.05,-0.10,465,444,340,379,359
1.14,-5.25,-8.46,0.07,-0.03,-0.02,465,444,340,379,359
2.02,-5.30,-8.77,0.01,-0.05,-0.05,465,444,340,378,359
1.80,-5.06,-8.97,0.06,-0.01,0.01,464,444,340,379,359
2.06,-5.24,-8.41,0.01,-0.10,0.08,464,444,340,379,359
0.70,-4.60,-8.35,0.03,-0.07,0.22,464,444,340,379,359
0.65,-4.67,-8.49,0.01,0.02,0.23,464,444,340,379,359
1.14,-5.10,-8.99,-0.05,0.02,0.35,464,444,340,379,359
0.14,-4.71,-8.82,0.05,0.08,0.37,464,444,340,379,358
0.27,-4.39,-8.81,0.04,0.07,0.26,464,444,340,379,359
-0.39,-4.59,-8.84,0.11,0.07,0.19,464,443,340,379,359
0.28,-4.86,-8.58,0.02,0.06,0.05,464,443,340,379,359
END
-0.01,-4.42,-8.60,0.04,0.05,0.03,463,443,340,379,359
0.14,-4.40,-9.02,0.06,0.00,-0.04,462,443,340,379,359
0.23,-4.83,-8.72,0.04,-0.00,-0.03,462,443,340,379,359
0.18,-4.56,-8.76,0.06,-0.03,-0.05,462,443,340,379,359
-0.05,-4.49,-8.81,0.08,-0.00,-0.06,463,443,340,379,359
0.43,-4.95,-8.54,0.04,0.01,-0.02,462,443,341,379,359
0.19,-4.47,-8.94,0.06,0.02,-0.05,462,443,340,379,359
0.23,-4.49,-8.80,0.06,0.02,-0.04,462,443,340,379,359
0.61,-5.07,-8.84,0.02,-0.01,-0.04,462,443,340,379,359
0.25,-4.71,-8.79,0.05,-0.01,-0.04,462,443,340,379,359
0.17,-4.71,-8.78,0.03,-0.00,-0.01,462,443,340,379,359
0.31,-4.87,-8.45,0.03,-0.01,0.02,462,443,340,379,359
0.29,-4.97,-8.71,0.02,-0.00,-0.02,462,443,340,379,359
0.55,-4.77,-8.83,-0.02,-0.01,0.03,462,443,340,379,359
0.13,-4.53,-8.67,0.02,0.01,0.01,462,443,340,379,359
0.04,-4.61,-8.65,0.04,0.00,0.02,462,443,340,379,359
0.47,-4.72,-8.79,-0.00,-0.01,-0.00,462,443,340,379,359
0.12,-4.46,-8.83,0.06,0.01,0.00,462,443,340,379,359
0.20,-4.58,-8.74,-0.04,0.00,0.02,462,443,340,379,359
0.18,-4.37,-8.86,-0.01,0.02,-0.04,462,443,340,379,359
0.45,-4.57,-9.42,0.01,-0.02,-0.07,462,443,340,379,359
0.40,-4.67,-8.89,0.03,-0.04,-0.07,462,443,340,379,359
0.14,-4.57,-8.94,0.03,-0.04,-0.11,462,442,341,379,359
0.04,-4.69,-8.79,0.02,-0.02,-0.05,462,443,340,379,359
0.53,-4.82,-8.74,0.01,-0.02,-0.10,462,443,340,379,359
0.34,-4.92,-8.83,0.00,-0.01,-0.03,462,443,340,379,359
0.22,-4.39,-8.60,-0.00,-0.01,-0.00,462,443,340,379,359
0.34,-4.44,-8.79,0.03,0.01,-0.01,462,443,340,379,359
0.29,-4.59,-8.82,0.02,0.02,-0.02,462,443,340,379,359
0.14,-4.36,-8.79,0.04,0.04,-0.00,462,443,340,379,359
0.36,-4.39,-8.87,0.05,0.04,0.01,462,443,340,379,359
0.50,-4.49,-8.93,0.04,0.02,-0.01,462,443,340,379,357
0.42,-4.57,-8.97,0.05,0.03,-0.04,462,443,340,379,359
0.37,-4.59,-8.97,0.01,0.01,-0.01,462,443,340,379,359
0.10,-4.34,-8.91,0.06,0.03,-0.02,462,443,340,379,359
0.62,-4.39,-9.07,0.03,0.01,-0.04,462,443,340,379,359
END
0.63,-5.30,-8.33,-0.07,-0.04,0.03,488,452,361,378,368
0.09,-5.30,-7.88,0.03,-0.03,-0.04,488,452,361,377,368
0.40,-5.43,-8.03,0.10,0.01,-0.10,488,452,362,377,368
0.14,-5.41,-8.99,0.10,0.04,-0.04,488,452,362,377,368
0.49,-5.36,-8.21,0.04,0.00,-0.08,488,452,364,378,368
0.51,-5.53,-8.43,0.12,0.15,-0.04,487,452,363,378,367
0.32,-5.70,-8.43,-0.00,0.03,-0.05,487,451,363,378,367
0.53,-5.61,-7.93,0.03,0.00,0.03,487,451,363,378,367
0.26,-5.11,-8.45,-0.01,0.01,0.00,486,451,363,378,367
0.52,-5.12,-8.07,-0.03,-0.04,-0.08,486,451,363,378,368
0.20,-4.95,-8.59,0.19,0.09,0.01,486,451,364,378,367
0.35,-5.76,-8.13,-0.13,-0.13,-0.04,486,451,363,377,367
0.01,-5.16,-8.05,-0.15,-0.17,0.05,486,451,365,378,367
-0.78,-4.36,-9.03,0.09,0.09,0.09,485,450,364,378,367
0.28,-5.22,-8.44,-0.08,-0.04,-0.05,485,450,365,378,367
0.78,-4.92,-8.78,0.23,0.09,-0.01,485,450,365,378,367
-0.58,-4.71,-8.71,0.01,-0.02,-0.01,485,450,365,378,367
-0.01,-5.30,-8.08,0.11,0.06,-0.06,485,450,365,377,367
0.81,-5.71,-8.97,0.03,0.07,-0.11,485,449,365,378,367
0.24,-5.26,-8.54,0.04,-0.02,-0.01,484,450,365,378,367
0.34,-5.14,-8.54,0.06,0.02,-0.11,485,449,365,378,367
0.43,-5.28,-8.63,0.02,0.04,-0.07,485,450,365,377,367
0.42,-5.32,-8.50,0.03,0.07,-0.05,484,450,365,378,366
0.66,-5.39,-8.67,-0.01,-0.03,-0.07,484,450,365,378,366
0.65,-5.05,-8.92,0.07,-0.00,0.01,484,450,365,378,366
0.67,-5.06,-8.68,-0.06,-0.09,-0.05,483,449,365,379,366
0.67,-4.99,-7.85,0.09,0.01,-0.05,483,450,365,379,366
0.55,-5.16,-8.89,0.02,-0.03,-0.07,483,449,365,378,366
0.39,-5.33,-8.59,-0.02,-0.03,-0.06,483,449,365,378,366
0.40,-5.28,-8.22,0.04,0.02,-0.02,483,449,365,378,365
0.56,-5.13,-8.59,0.01,-0.00,-0.08,483,449,365,378,366
0.15,-4.91,-8.56,0.01,-0.04,-0.04,482,449,365,378,366
0.04,-5.11,-8.46,0.07,-0.03,-0.06,483,449,365,378,366
0.49,-5.33,-8.28,0.02,-0.03,-0.07,483,449,365,378,366
0.60,-5.25,-8.32,0.02,-0.05,-0.02,483,449,365,379,366
0.44,-5.19,-8.72,0.00,-0.02,-0.03,482,449,365,378,366
END
0.35,-5.14,-8.35,-0.00,0.00,-0.02,481,448,366,379,366
0.49,-5.05,-8.59,0.03,0.02,-0.03,480,448,366,379,366
0.32,-5.01,-8.64,0.03,0.01,-0.02,480,447,366,378,366
0.27,-5.06,-8.17,0.04,0.01,-0.04,480,448,366,379,366
0.58,-5.15,-8.96,0.03,0.00,-0.03,481,448,366,379,366
0.45,-5.13,-8.34,0.03,-0.01,-0.01,480,448,366,378,366
0.42,-4.95,-8.54,0.04,0.01,-0.03,480,447,366,378,366
0.47,-5.10,-8.73,-0.00,-0.00,-0.06,480,447,366,379,366
0.27,-5.10,-8.46,0.06,0.02,-0.01,480,448,367,379,366
0.34,-5.02,-8.58,0.02,-0.01,-0.04,480,448,366,378,366
0.48,-5.23,-8.89,0.02,-0.01,-0.01,480,447,367,379,366
0.60,-5.09,-8.43,0.00,-0.01,-0.03,480,447,367,379,366
0.43,-5.00,-8.64,0.04,0.01,-0.02,480,448,366,379,366
0.53,-5.20,-8.46,0.04,0.01,-0.03,480,447,366,379,366
0.66,-5.32,-8.67,0.06,0.01,-0.04,480,447,366,379,366
0.57,-5.18,-8.50,0.01,-0.02,-0.03,480,447,366,379,366
0.61,-5.10,-8.63,0.02,-0.01,-0.02,480,447,367,379,366
0.52,-5.12,-8.29,-0.00,-0.02,-0.04,480,447,366,379,366
0.52,-4.96,-8.36,0.02,-0.01,-0.03,480,447,367,378,366
0.34,-4.97,-8.54,0.06,0.01,-0.01,480,447,367,379,366
0.41,-5.13,-8.31,0.01,-0.00,-0.05,480,447,366,379,367
0.49,-4.95,-8.52,0.06,0.02,-0.02,480,447,367,378,366
0.58,-5.16,-8.66,0.01,-0.01,-0.04,480,447,367,379,366
0.45,-5.08,-8.64,0.03,-0.01,-0.03,480,447,367,378,366
0.46,-5.14,-8.75,0.01,-0.02,-0.02,480,447,367,378,366
0.67,-5.08,-8.73,0.02,-0.01,-0.04,480,447,367,379,366
0.42,-5.10,-8.51,0.02,0.00,-0.03,480,447,367,379,366
0.49,-5.22,-8.53,0.04,-0.01,-0.03,480,447,367,378,366
0.25,-5.05,-8.37,0.03,-0.00,-0.02,480,447,367,379,366
0.49,-5.14,-8.48,0.01,-0.01,-0.01,480,447,367,379,366
0.70,-5.08,-8.61,0.02,-0.01,-0.04,479,447,367,379,366
0.37,-4.96,-8.42,0.03,-0.01,-0.02,480,447,367,379,366
0.54,-5.10,-8.63,0.04,0.01,-0.04,480,447,367,379,366
0.40,-5.16,-8.31,0.03,0.01,-0.03,480,447,367,379,366
0.47,-5.09,-8.74,0.01,-0.02,-0.02,480,447,367,379,366
0.38,-5.14,-8.47,0.02,-0.00,-0.03,479,446,367,379,366
END
0.47,-5.20,-8.34,0.02,0.00,-0.04,479,446,367,378,366
0.43,-5.11,-8.67,0.00,-0.01,-0.04,479,446,367,378,366
0.67,-5.03,-8.56,0.00,-0.01,-0.02,479,446,367,378,366
0.55,-5.06,-8.65,0.06,0.02,-0.02,479,446,367,379,366
0.57,-5.00,-8.74,0.01,-0.02,-0.04,479,446,367,379,366
0.59,-5.21,-8.36,0.04,-0.00,-0.02,479,446,367,379,366
0.62,-5.18,-8.70,0.05,0.01,-0.03,479,446,367,379,366
0.60,-5.06,-8.48,0.00,-0.03,-0.03,479,446,367,379,366
0.55,-4.88,-8.26,0.06,-0.00,-0.04,479,446,367,379,366
0.49,-4.98,-8.54,0.06,0.01,-0.04,479,446,367,378,366
0.73,-5.22,-8.45,0.01,-0.01,-0.05,479,446,367,379,366
0.62,-5.10,-8.56,0.04,0.00,-0.03,478,446,367,379,366
0.44,-5.10,-8.51,0.03,0.00,-0.03,479,446,367,378,366
0.64,-5.19,-8.53,0.04,0.01,-0.04,479,446,367,378,366
0.53,-5.00,-8.27,0.05,0.01,-0.04,479,446,367,378,366
0.67,-5.17,-8.63,0.06,0.03,-0.03,479,446,367,379,366
0.73,-5.21,-8.23,-0.00,-0.03,-0.06,479,446,367,379,366
0.59,-5.20,-8.64,0.01,-0.01,-0.03,479,446,367,379,366
0.54,-5.11,-8.54,0.01,-0.02,-0.03,479,446,367,379,366
0.50,-5.15,-8.53,0.10,0.03,0.02,478,446,367,378,366
0.90,-5.36,-8.43,-0.00,-0.02,-0.06,479,446,367,379,366
0.77,-5.15,-8.41,0.04,-0.01,-0.03,479,446,367,378,366
0.37,-5.26,-8.62,-0.03,-0.04,-0.06,479,446,367,379,366
0.65,-5.08,-8.62,-0.00,-0.01,-0.04,479,446,367,378,366
0.85,-5.18,-8.62,0.02,-0.01,-0.05,479,446,367,378,366
0.37,-5.08,-8.38,0.01,-0.03,-0.03,479,446,367,378,366
0.62,-5.10,-8.72,0.03,0.00,-0.03,479,446,367,378,366
0.46,-5.10,-8.66,0.00,-0.01,-0.06,478,446,367,379,366
0.60,-5.05,-8.52,0.05,0.01,-0.02,478,446,367,379,366
0.59,-5.18,-8.44,0.06,0.02,-0.03,479,446,367,378,366
0.44,-5.12,-8.46,-0.01,-0.02,-0.05,479,446,367,379,365
0.73,-5.09,-8.49,0.08,0.02,-0.02,479,446,367,379,366
0.30,-5.00,-8.41,0.01,-0.00,-0.06,479,446,367,379,366
1.01,-5.26,-8.46,0.02,0.03,-0.08,479,446,367,379,366
0.90,-5.22,-8.70,0.02,-0.00,-0.06,478,446,367,379,366
0.42,-4.97,-8.31,0.04,-0.02,-0.00,478,446,367,378,366
END
0.75,-5.10,-8.43,0.04,0.01,-0.03,478,445,367,379,366
1.17,-5.20,-8.60,0.04,-0.00,-0.04,478,446,366,378,366
0.78,-5.23,-8.59,0.01,-0.03,-0.03,478,446,366,378,366
0.84,-5.28,-8.37,0.03,-0.00,-0.04,478,446,367,379,366
1.10,-5.38,-8.64,0.03,-0.01,-0.04,478,445,366,378,366
0.62,-5.24,-8.39,0.03,-0.00,-0.03,477,445,367,379,366
0.73,-5.19,-8.10,0.04,0.01,-0.02,478,445,367,379,366
0.82,-5.26,-8.43,-0.01,-0.01,-0.02,478,445,366,378,366
0.99,-5.36,-8.45,0.02,0.00,-0.04,478,446,367,379,366
0.74,-5.20,-8.28,0.03,-0.00,0.02,478,445,367,379,365
0.93,-5.36,-8.17,0.04,0.02,-0.05,478,445,367,379,366
1.08,-5.36,-8.67,-0.00,-0.00,-0.06,478,446,367,379,366
0.64,-5.08,-8.30,0.04,0.01,-0.01,478,445,367,379,366
0.93,-5.35,-8.32,0.04,0.01,-0.03,478,445,367,379,366
0.80,-5.30,-8.23,0.02,-0.01,-0.03,477,446,367,379,366
0.91,-5.06,-8.38,0.06,0.02,-0.02,478,445,367,378,366
0.90,-5.28,-8.43,-0.00,-0.03,-0.05,478,445,367,379,366
0.91,-5.15,-8.37,0.06,0.00,-0.03,477,445,367,379,366
0.96,-5.31,-8.67,0.04,0.00,-0.05,478,445,367,379,366
0.88,-5.36,-8.29,0.01,-0.01,-0.06,477,445,366,379,366
0.93,-5.27,-8.59,0.03,-0.00,-0.04,478,445,367,379,365
0.83,-5.29,-8.28,0.03,-0.00,-0.03,478,445,367,379,366
0.98,-5.13,-8.49,0.05,-0.00,-0.03,477,445,367,379,366
0.73,-5.23,-8.26,0.03,-0.00,-0.05,478,445,367,379,366
0.82,-5.34,-7.88,0.06,0.01,-0.01,478,445,367,379,366
0.98,-5.24,-8.71,0.00,0.00,-0.05,478,445,367,379,366
0.73,-5.28,-8.28,0.03,0.00,-0.04,478,445,367,379,366
0.94,-5.36,-8.54,0.04,0.00,-0.01,478,445,367,379,366
1.05,-5.29,-8.61,0.01,-0.02,-0.07,477,445,368,379,366
0.86,-5.18,-8.51,0.03,-0.02,-0.03,478,445,367,379,366
0.72,-5.30,-8.18,-0.00,-0.03,-0.04,478,445,368,379,366
0.97,-5.28,-8.61,0.03,0.01,-0.01,477,445,368,379,365
0.86,-5.14,-8.31,0.02,-0.00,-0.03,478,445,368,379,366
1.05,-5.13,-8.40,0.06,0.02,-0.01,477,445,368,379,366
0.74,-5.30,-8.23,0.02,-0.02,-0.06,477,445,368,379,366
0.60,-5.24,-8.15,0.07,0.01,-0.01,477,445,368,379,366
END
1.01,-5.16,-8.50,0.01,-0.02,-0.04,476,444,367,379,366
0.73,-5.15,-8.60,0.03,-0.01,-0.04,476,444,367,379,366
0.76,-5.18,-8.61,0.07,0.02,-0.04,476,444,367,379,366
0.78,-5.23,-8.59,0.01,-0.03,-0.02,476,444,367,379,366
0.27,-4.92,-7.89,0.07,0.01,-0.01,476,444,367,379,366
0.57,-4.99,-8.44,0.06,0.04,-0.05,476,444,367,379,366
0.96,-5.40,-8.51,0.01,-0.03,-0.04,476,444,367,379,366
0.82,-5.19,-8.65,0.10,0.05,-0.04,476,444,367,379,366
0.65,-5.34,-8.46,-0.00,-0.02,-0.03,476,444,367,379,366
0.67,-5.02,-8.33,0.05,0.01,-0.00,476,444,368,379,366
0.82,-5.06,-8.30,0.06,0.01,-0.02,476,444,368,378,366
1.08,-5.23,-8.57,0.02,-0.01,-0.04,476,444,368,379,366
0.77,-5.15,-8.46,0.03,0.01,-0.04,475,444,367,379,366
0.66,-5.17,-8.59,-0.01,-0.01,-0.05,475,444,367,379,366
0.78,-5.23,-8.66,0.03,0.01,-0.02,475,444,367,379,366
0.85,-5.42,-8.42,0.02,-0.00,-0.05,475,444,367,378,366
0.85,-5.19,-8.56,0.02,-0.01,-0.00,475,444,367,379,366
0.71,-5.00,-8.60,0.04,-0.00,-0.00,476,444,367,379,366
0.63,-4.95,-8.51,-0.00,-0.02,-0.04,476,444,367,379,366
0.91,-5.00,-8.52,0.02,-0.01,-0.03,475,444,368,379,366
0.80,-5.10,-8.49,0.04,0.01,-0.07,475,444,367,379,366
0.80,-5.15,-8.69,-0.01,-0.04,-0.02,475,444,367,379,366
0.57,-4.89,-8.69,0.01,-0.01,-0.03,476,444,368,379,366
0.52,-5.00,-8.32,0.01,-0.02,-0.05,475,444,368,379,366
1.03,-5.13,-8.76,0.08,0.03,-0.02,475,444,367,379,366
0.63,-5.07,-8.53,-0.03,-0.04,-0.05,475,444,367,379,366
0.52,-4.82,-8.13,0.07,0.02,-0.03,475,444,367,379,366
0.62,-4.82,-8.51,0.04,-0.01,-0.03,475,444,367,379,366
0.70,-5.00,-8.58,0.07,0.02,-0.07,475,444,368,379,366
0.60,-5.00,-8.66,0.08,0.01,-0.06,475,444,367,379,366
0.74,-5.00,-8.47,0.09,-0.01,-0.07,475,444,367,379,366
0.73,-5.35,-8.38,0.01,-0.07,-0.09,475,444,368,379,367
1.03,-5.57,-8.28,0.04,-0.03,-0.04,475,444,368,379,367
1.01,-5.51,-8.09,0.04,-0.00,-0.01,475,444,368,379,367
0.57,-5.33,-8.51,-0.02,0.00,-0.01,475,444,368,379,366
0.85,-5.41,-8.05,-0.02,0.02,-0.02,475,443,368,379,367
END
0.70,-5.13,-8.53,0.07,0.08,0.01,475,443,368,379,367
0.88,-5.31,-8.38,0.01,0.02,-0.04,475,443,367,378,367
0.80,-5.05,-8.28,0.09,0.05,-0.00,475,443,368,379,367
0.80,-5.30,-8.71,0.03,0.00,-0.05,475,443,368,379,367
1.01,-5.40,-8.38,0.04,0.00,-0.04,475,443,367,379,367
0.96,-5.21,-8.47,0.03,0.01,0.01,475,443,368,379,367
0.85,-5.03,-8.59,-0.01,-0.02,-0.05,475,443,367,379,367
0.87,-5.19,-8.36,0.05,0.01,-0.00,475,443,368,379,367
1.05,-5.30,-8.42,0.02,-0.01,-0.04,474,443,367,379,367
0.96,-5.10,-8.41,0.04,0.00,-0.02,474,443,367,379,367
0.94,-5.15,-8.58,0.01,-0.01,-0.02,475,443,367,379,367
1.04,-5.27,-8.39,0.00,-0.02,-0.05,474,443,368,379,367
0.77,-5.12,-8.37,0.01,-0.02,-0.01,474,443,367,379,367
0.80,-5.18,-8.08,-0.01,-0.01,-0.03,474,443,367,379,367
0.93,-5.19,-8.43,0.03,-0.00,-0.04,474,443,368,379,367
0.79,-5.08,-8.41,0.03,-0.01,-0.02,475,443,368,379,367
1.11,-5.21,-8.62,0.04,0.02,-0.04,475,443,368,379,367
0.84,-5.15,-8.49,0.01,-0.00,-0.04,475,443,367,379,367
0.75,-4.97,-8.58,0.04,0.00,-0.02,475,443,368,379,367
0.90,-5.46,-8.15,0.02,-0.00,-0.10,475,443,368,379,367
0.95,-5.08,-8.98,-0.00,-0.02,-0.04,476,443,369,379,367
0.84,-5.11,-8.46,0.05,0.02,-0.03,477,443,369,380,367
0.95,-5.16,-8.41,0.05,0.00,-0.04,477,443,369,379,368
0.95,-5.15,-8.28,-0.00,-0.04,-0.02,476,443,368,379,368
0.94,-5.01,-8.36,0.07,0.03,-0.02,477,443,368,379,368
0.77,-5.11,-8.33,-0.01,-0.03,-0.05,477,443,368,379,368
1.19,-5.10,-8.33,0.06,0.02,-0.03,477,443,368,379,368
0.87,-5.21,-8.52,0.02,-0.01,-0.02,476,443,367,379,368
0.65,-5.09,-8.40,0.06,0.01,-0.01,476,443,367,379,368
1.12,-5.18,-8.79,0.03,0.01,-0.03,476,443,367,379,368
0.97,-5.11,-8.45,0.00,-0.03,-0.05,476,443,367,379,368
0.88,-5.18,-8.22,0.05,-0.00,-0.02,476,442,367,379,367
0.99,-5.29,-8.48,0.01,-0.02,-0.05,476,443,367,379,368
0.98,-5.10,-8.17,0.08,0.01,-0.04,476,443,368,378,368
0.72,-5.15,-7.98,0.05,-0.01,-0.01,476,443,367,379,368
0.85,-5.24,-8.51,0.06,0.02,-0.04,476,443,367,378,368
END
0.77,-5.15,-8.51,-0.01,-0.03,-0.01,481,442,368,380,371
0.94,-5.16,-8.38,0.05,0.01,-0.01,481,442,368,379,370
0.73,-5.16,-8.34,-0.00,-0.02,-0.03,480,442,368,379,371
0.90,-5.13,-8.33,0.03,0.00,-0.02,480,442,368,379,370
1.05,-5.18,-8.62,0.03,-0.00,-0.03,480,441,368,379,370
0.67,-4.95,-8.48,0.03,-0.01,-0.03,480,442,368,379,370
1.01,-5.13,-8.51,0.07,0.01,-0.00,480,442,368,379,370
1.05,-5.31,-8.35,-0.03,-0.04,-0.03,480,441,368,379,370
0.62,-4.97,-8.46,0.06,0.03,-0.03,480,442,368,379,370
0.95,-5.19,-8.41,0.05,0.02,-0.04,480,441,368,379,370
1.10,-5.17,-8.54,0.04,0.00,-0.01,480,442,368,379,370
1.20,-5.25,-8.48,0.01,-0.01,-0.06,480,442,368,379,370
0.90,-4.92,-8.38,0.01,-0.01,-0.02,480,442,368,379,370
0.66,-5.00,-8.54,0.03,-0.01,-0.01,480,442,368,380,370
1.09,-5.23,-8.72,0.05,0.01,-0.04,480,442,368,379,370
0.84,-5.17,-8.40,0.02,-0.01,-0.03,480,442,368,379,370
0.79,-5.10,-8.39,0.04,-0.00,-0.03,480,441,368,379,370
0.69,-5.13,-8.31,0.02,-0.00,-0.03,480,442,368,379,370
0.91,-4.99,-8.75,0.07,0.02,-0.00,480,442,368,379,370
0.98,-5.09,-8.69,0.02,-0.01,-0.05,480,442,368,379,370
0.86,-5.13,-8.41,0.05,-0.00,-0.03,480,442,368,379,370
0.75,-5.04,-8.56,0.01,-0.02,-0.05,480,442,368,379,370
0.91,-5.14,-8.41,0.05,0.01,-0.04,480,441,368,379,370
1.08,-5.26,-8.46,0.02,-0.01,-0.01,480,441,368,379,370
0.60,-5.12,-8.33,0.02,0.01,-0.03,480,441,368,379,371
1.06,-5.24,-8.23,0.03,-0.01,-0.04,480,442,368,379,370
0.66,-5.12,-8.64,0.05,0.00,-0.02,480,441,368,379,370
0.78,-5.21,-8.43,0.02,0.00,-0.04,480,441,368,379,370
1.03,-5.38,-8.72,0.04,0.01,-0.02,479,441,368,379,370
0.69,-5.01,-8.41,0.00,-0.02,-0.02,480,441,368,380,370
0.83,-5.07,-8.44,0.06,0.02,-0.02,479,441,368,379,370
1.03,-5.23,-8.62,0.02,-0.00,-0.04,480,441,368,379,370
0.87,-5.13,-8.50,0.00,-0.01,-0.05,480,441,368,379,370
0.75,-5.03,-8.62,0.08,0.03,-0.01,479,441,368,379,370
1.10,-5.14,-8.66,-0.02,-0.03,-0.06,479,441,368,379,370
0.73,-4.96,-8.40,0.07,0.01,-0.02,479,441,368,379,370
END
1.01,-5.15,-8.52,0.02,-0.00,-0.03,479,440,368,379,370
0.90,-4.91,-8.28,0.02,0.01,-0.00,478,441,368,379,370
0.75,-4.92,-8.41,0.05,0.03,-0.01,478,441,368,379,369
0.86,-4.99,-8.40,0.03,0.00,-0.04,478,441,367,379,370
0.93,-5.07,-8.48,0.05,-0.01,-0.04,479,441,368,379,370
0.85,-5.04,-8.56,0.07,-0.01,-0.03,479,441,368,379,370
0.91,-5.27,-8.66,0.02,-0.02,-0.04,479,441,368,379,370
0.99,-5.00,-8.37,0.05,-0.02,-0.04,479,441,368,379,370
0.81,-5.16,-8.43,0.02,-0.02,-0.02,479,441,368,380,370
0.93,-5.07,-8.32,0.03,-0.02,-0.05,479,441,368,379,370
0.96,-5.14,-8.49,0.05,-0.01,-0.04,479,441,368,379,370
0.80,-5.04,-8.49,0.01,-0.02,-0.05,478,441,368,379,370
0.64,-5.02,-8.52,0.03,0.00,-0.04,478,440,368,379,370
0.94,-5.05,-8.43,0.04,-0.00,-0.04,478,441,368,379,370
0.92,-5.13,-8.66,0.04,-0.00,-0.04,478,440,368,379,370
0.90,-5.06,-8.43,0.04,0.01,-0.03,478,441,368,379,370
0.96,-5.10,-8.54,0.07,0.04,-0.02,478,441,368,379,370
1.03,-5.26,-8.39,0.02,0.03,-0.03,480,441,368,379,371
1.06,-5.18,-8.28,0.09,0.06,0.01,480,441,368,380,371
0.99,-5.28,-8.59,0.02,0.01,0.00,480,441,368,379,371
0.98,-5.15,-8.18,-0.01,-0.01,-0.00,480,441,368,379,371
0.87,-4.92,-8.57,0.05,0.02,-0.01,480,441,368,380,371
1.11,-5.27,-8.30,0.04,0.00,-0.01,480,441,367,378,371
1.03,-5.28,-8.33,0.05,-0.00,-0.02,480,441,367,379,371
0.54,-5.21,-8.03,0.02,-0.01,-0.00,480,441,366,379,371
1.06,-5.00,-8.28,0.07,0.01,-0.00,480,441,367,379,372
0.95,-5.20,-8.77,-0.02,-0.05,-0.05,480,441,367,379,371
0.87,-5.20,-8.61,0.02,-0.04,-0.04,479,441,367,379,371
0.91,-5.27,-8.26,0.08,-0.00,-0.04,480,440,367,379,371
0.94,-5.17,-8.47,-0.00,-0.06,-0.03,479,441,367,379,371
0.96,-5.13,-8.20,0.07,0.00,-0.03,479,441,367,379,371
0.82,-5.30,-8.56,0.01,-0.02,-0.08,479,440,367,379,371
0.58,-5.04,-8.11,0.08,0.02,0.00,479,440,367,379,371
1.13,-5.38,-8.51,0.05,0.01,-0.06,479,440,367,379,371
0.78,-5.18,-8.41,-0.00,-0.01,-0.06,479,440,367,379,371
0.72,-5.13,-8.08,0.07,0.03,-0.02,479,440,367,379,371
END
0.91,-5.37,-8.44,-0.00,-0.01,-0.05,477,440,367,379,371
0.72,-4.90,-8.44,0.04,0.02,-0.02,478,440,367,379,371
0.96,-4.97,-8.59,0.03,0.02,-0.04,478,440,367,379,371
0.83,-5.05,-8.60,0.04,-0.02,-0.01,478,440,367,379,371
1.23,-5.30,-8.28,0.05,-0.01,-0.04,477,440,367,380,371
0.55,-5.08,-8.46,0.04,0.01,-0.06,478,440,367,379,371
0.90,-5.05,-8.43,0.06,-0.00,0.00,477,440,367,379,371
0.94,-5.08,-8.52,0.01,-0.04,-0.04,477,440,367,379,371
0.93,-5.18,-8.49,0.05,-0.00,-0.05,477,440,367,379,371
0.88,-5.32,-8.13,-0.01,-0.03,-0.05,477,440,367,379,371
0.57,-5.08,-8.51,0.04,0.01,-0.02,477,440,367,379,371
0.97,-4.97,-8.77,-0.02,-0.01,-0.06,477,440,367,379,371
1.09,-5.00,-8.71,0.03,-0.02,-0.01,477,440,367,379,371
0.80,-5.00,-8.48,0.06,0.00,-0.03,477,440,368,379,371
0.83,-5.26,-8.37,0.03,-0.00,-0.04,477,440,367,379,371
0.79,-4.96,-8.62,0.04,0.01,-0.01,477,440,367,379,371
0.97,-5.15,-8.45,0.02,0.00,-0.04,477,440,367,379,371
0.75,-5.06,-8.50,0.06,0.02,-0.02,477,440,367,379,371
0.84,-5.23,-8.36,-0.02,-0.01,-0.06,477,440,367,380,371
0.74,-5.03,-8.53,0.06,0.02,-0.00,477,440,367,379,370
0.96,-5.25,-8.64,0.01,-0.01,-0.04,477,440,367,379,371
1.14,-4.96,-8.47,0.02,0.00,-0.09,477,440,367,379,371
0.90,-5.18,-8.43,0.00,-0.03,-0.02,477,439,367,379,371
1.00,-5.15,-8.38,-0.02,-0.02,-0.02,477,440,367,379,371
0.79,-4.94,-8.07,0.02,0.02,-0.01,477,440,368,379,371
0.89,-4.84,-8.36,0.01,-0.02,-0.01,477,440,368,379,371
1.12,-5.07,-8.18,0.12,0.05,-0.03,477,440,368,379,371
0.70,-4.88,-8.75,0.02,0.02,-0.03,477,440,367,379,371
1.20,-4.88,-9.01,0.04,-0.01,-0.04,477,440,367,379,371
0.98,-5.13,-8.76,0.03,-0.03,-0.03,477,439,367,379,371
0.98,-5.19,-8.45,-0.01,-0.03,-0.03,477,440,368,379,371
0.84,-4.80,-8.40,0.04,-0.02,-0.01,476,440,368,379,371
0.63,-4.82,-8.76,-0.01,-0.02,-0.06,477,440,367,380,371
0.92,-5.00,-8.42,0.05,-0.01,-0.04,476,440,368,379,371
0.76,-5.19,-8.91,0.03,-0.03,-0.02,477,440,368,379,370
0.67,-5.03,-8.37,-0.00,-0.04,-0.04,477,440,367,379,371
END
0.94,-4.87,-8.82,0.06,-0.00,-0.03,476,439,369,381,371
0.34,-4.57,-8.62,0.05,0.01,-0.02,476,439,368,381,371
0.92,-4.73,-9.09,-0.03,-0.04,-0.08,476,439,369,380,371
0.24,-4.49,-8.71,-0.03,-0.05,-0.05,476,439,368,380,371
0.42,-4.66,-8.51,0.00,-0.03,-0.07,476,439,369,381,371
0.62,-4.72,-8.80,0.03,0.01,-0.04,476,439,369,380,371
0.55,-4.49,-8.82,0.03,0.00,-0.03,476,439,369,381,371
0.50,-4.62,-8.75,0.04,0.01,-0.02,476,439,368,381,371
0.74,-4.48,-8.97,0.04,0.02,-0.03,476,439,368,380,371
0.77,-4.67,-8.81,0.04,-0.01,-0.06,476,439,368,380,371
0.67,-4.28,-8.74,-0.01,-0.02,-0.10,476,439,368,381,371
0.39,-4.73,-8.74,0.05,0.00,-0.02,476,439,369,381,371
0.75,-4.84,-8.94,0.03,-0.00,-0.06,476,439,368,380,371
0.45,-4.68,-8.84,0.05,-0.03,-0.02,476,439,368,381,371
0.32,-4.81,-8.69,0.07,-0.02,0.01,476,438,368,380,371
0.57,-4.67,-8.87,-0.01,-0.03,0.00,476,439,368,380,371
0.57,-4.54,-8.85,-0.04,-0.04,-0.01,476,439,368,380,371
0.17,-4.45,-8.57,-0.01,-0.01,0.00,476,439,368,381,371
0.38,-4.28,-8.94,0.01,-0.00,0.01,476,439,368,380,371
0.39,-4.24,-8.92,0.03,0.00,-0.04,476,439,368,380,371
0.21,-4.36,-9.01,0.04,-0.02,-0.06,476,439,368,381,371
0.39,-4.62,-8.86,0.03,-0.02,-0.01,476,439,368,381,371
0.37,-4.55,-8.82,-0.01,-0.02,-0.04,476,438,368,380,371
0.40,-4.48,-8.77,0.03,0.01,-0.01,476,439,368,380,371
0.40,-4.47,-8.93,0.05,0.01,0.00,476,439,368,381,371
0.38,-4.52,-8.73,0.02,0.03,-0.02,476,439,368,380,371
0.68,-4.52,-9.05,0.05,0.04,0.00,476,439,368,380,371
0.32,-4.39,-9.02,0.03,0.01,-0.02,476,438,368,380,371
0.50,-4.34,-8.92,0.07,0.01,0.00,476,439,368,380,371
0.43,-4.49,-8.91,0.03,-0.02,-0.03,475,438,368,380,371
0.38,-4.69,-8.77,0.03,0.00,-0.04,476,439,368,380,371
0.37,-4.39,-8.89,0.02,0.02,-0.02,476,439,368,381,372
0.65,-4.22,-8.94,0.04,0.01,-0.04,476,439,368,380,371
0.47,-4.47,-9.04,0.04,-0.02,-0.06,476,439,368,381,372
0.27,-4.43,-8.89,0.02,-0.02,-0.03,475,439,368,381,372
0.56,-4.40,-8.92,0.02,-0.01,-0.05,476,438,368,381,372
END
0.69,-4.65,-8.95,0.04,-0.01,-0.05,475,439,362,377,370
0.52,-4.66,-9.38,-0.01,-0.01,-0.07,474,439,362,377,370
0.06,-4.57,-8.77,-0.05,-0.01,-0.04,475,439,362,377,369
0.60,-4.40,-8.78,0.13,0.06,0.03,475,439,362,377,369
0.37,-4.47,-9.19,0.01,0.01,-0.04,474,438,362,377,370
0.27,-4.29,-8.74,0.06,0.02,-0.02,475,439,362,377,370
0.68,-4.69,-8.76,-0.04,-0.02,-0.04,474,439,362,377,370
0.19,-4.27,-8.85,0.01,-0.02,-0.01,474,439,362,377,370
0.60,-4.37,-8.89,0.03,-0.01,-0.05,474,439,362,377,370
0.70,-4.47,-9.22,0.06,0.02,-0.04,475,438,362,377,370
0.54,-4.44,-8.92,0.01,-0.03,-0.05,474,438,362,377,370
0.28,-4.31,-8.94,0.06,-0.00,-0.02,474,438,362,378,369
0.56,-4.47,-9.40,-0.03,-0.04,-0.07,474,438,362,377,369
0.47,-4.22,-8.95,0.03,-0.02,-0.02,474,438,362,377,370
0.28,-4.38,-9.15,-0.02,-0.05,-0.05,474,438,362,377,370
0.20,-4.26,-8.92,0.07,0.02,-0.02,474,438,362,375,370
0.46,-4.62,-8.89,0.05,0.03,-0.02,474,438,363,377,370
0.50,-4.42,-8.96,0.03,0.02,-0.01,474,438,362,377,370
0.39,-4.36,-8.78,0.06,0.03,-0.03,474,438,362,377,370
0.53,-4.41,-9.10,0.06,0.02,-0.01,474,438,362,377,370
0.32,-4.58,-8.82,0.01,-0.01,-0.04,474,438,363,377,370
0.47,-4.36,-9.17,0.04,0.01,-0.01,473,438,362,377,370
0.60,-4.35,-9.02,0.01,0.00,-0.05,474,438,362,377,370
0.32,-4.23,-8.69,0.05,-0.00,-0.01,474,438,362,377,370
0.57,-4.31,-9.43,0.04,-0.01,-0.03,474,438,362,377,370
0.37,-4.45,-8.58,0.03,0.00,-0.03,474,438,363,377,370
0.65,-4.47,-9.02,0.04,0.02,-0.04,474,438,362,377,370
0.29,-4.35,-8.78,0.01,-0.00,-0.04,474,438,363,377,370
0.56,-4.52,-9.08,0.05,0.02,-0.04,473,438,363,377,370
0.33,-4.55,-8.87,-0.05,-0.04,-0.08,474,438,363,377,370
0.71,-4.40,-8.86,0.00,-0.01,-0.05,474,438,363,378,370
0.45,-4.22,-9.12,0.02,-0.04,0.02,473,438,363,378,370
0.20,-4.28,-8.93,0.02,-0.02,-0.04,474,438,363,378,370
0.30,-4.30,-8.98,0.02,-0.01,-0.04,473,438,363,377,370
0.50,-4.34,-9.14,0.08,0.03,0.01,473,438,363,377,370
0.35,-4.39,-8.90,0.00,-0.02,-0.05,473,438,363,377,370
END
0.32,-4.11,-9.01,0.07,0.01,0.00,473,437,363,377,370
0.54,-4.48,-8.93,0.07,0.01,0.00,473,438,363,377,370
0.67,-4.49,-9.03,0.01,-0.01,-0.05,473,438,363,377,370
0.45,-4.41,-9.07,0.02,-0.01,-0.03,473,438,363,376,370
0.48,-4.54,-8.82,0.06,0.02,-0.04,473,438,363,377,370
0.61,-4.49,-8.68,0.05,0.02,-0.01,473,437,363,377,370
0.69,-4.67,-9.11,0.03,0.00,-0.06,473,437,363,377,370
0.46,-4.57,-8.67,0.01,-0.02,-0.02,473,437,363,377,370
0.53,-4.44,-8.84,-0.02,-0.03,-0.10,473,437,363,377,370
0.57,-4.36,-9.07,0.02,-0.03,0.00,473,438,363,377,370
0.44,-4.39,-8.84,0.03,-0.00,-0.03,473,437,363,377,370
0.59,-4.41,-8.94,0.05,-0.01,-0.01,473,437,363,377,370
0.28,-4.43,-8.74,0.04,-0.03,0.04,473,437,363,377,370
-0.36,-4.32,-8.44,0.12,0.01,0.08,473,437,363,377,370
0.55,-4.49,-9.10,-0.08,-0.04,-0.11,473,437,363,377,370
0.09,-4.54,-8.66,0.00,0.00,-0.08,473,437,363,377,370
0.29,-4.64,-8.89,0.04,0.01,-0.01,473,437,363,377,370
0.43,-4.30,-9.13,0.03,0.01,-0.03,473,437,363,377,370
0.48,-4.36,-8.94,0.04,0.02,-0.03,473,437,363,377,370
0.49,-4.41,-9.38,0.00,-0.02,-0.06,473,437,363,377,370
-0.07,-4.26,-8.86,0.08,0.01,-0.01,473,437,363,377,370
0.45,-4.56,-8.89,0.02,-0.01,-0.06,473,437,363,377,370
0.69,-4.76,-9.10,0.02,-0.02,-0.07,473,437,363,377,370
0.34,-4.34,-8.78,0.04,-0.03,-0.00,472,438,363,377,370
0.49,-4.35,-8.66,0.04,0.01,-0.03,473,437,363,377,370
0.62,-4.69,-8.98,0.01,-0.01,-0.07,473,437,363,377,370
0.54,-4.52,-8.96,-0.03,-0.03,-0.04,473,437,363,377,370
0.14,-4.33,-8.75,0.05,0.03,-0.03,473,437,363,377,370
0.41,-4.39,-8.76,0.04,0.03,-0.02,472,437,363,377,370
0.90,-4.56,-8.86,0.07,0.03,-0.02,473,437,363,377,370
0.53,-4.62,-9.06,0.02,-0.00,-0.02,473,437,363,377,370
0.78,-4.57,-9.15,-0.05,-0.05,-0.06,473,437,363,377,370
0.37,-4.31,-8.64,0.13,0.06,0.02,473,437,363,377,370
0.63,-4.60,-9.33,0.01,-0.03,-0.01,473,437,363,377,370
0.42,-4.33,-8.87,-0.01,-0.03,-0.04,473,437,363,378,370
0.32,-4.26,-8.82,0.05,0.01,-0.04,472,437,363,378,370
END
0.62,-4.94,-8.73,0.04,0.02,0.01,488,451,370,385,373
0.32,-5.17,-8.58,0.05,0.02,-0.07,488,451,371,384,373
0.33,-5.02,-8.79,0.06,-0.05,0.05,488,451,370,384,372
0.37,-5.14,-8.32,0.06,0.01,-0.07,488,451,370,384,373
0.36,-5.35,-8.57,0.11,0.05,-0.03,488,451,370,384,373
0.31,-5.37,-8.22,0.01,0.02,-0.06,487,451,370,384,372
0.29,-5.25,-8.23,0.09,0.07,-0.01,487,451,370,384,372
0.47,-5.13,-8.53,0.10,0.10,-0.01,487,451,369,384,372
0.57,-5.51,-8.39,0.03,0.05,-0.04,488,451,369,383,372
0.62,-5.30,-7.53,0.14,0.09,0.03,490,451,368,383,373
0.63,-5.28,-9.02,-0.02,0.01,-0.07,490,451,368,383,373
0.33,-5.36,-8.19,0.07,0.01,-0.01,489,450,367,383,373
0.47,-5.42,-8.48,0.23,0.06,-0.01,489,450,368,383,373
0.97,-5.76,-9.02,-0.03,-0.10,-0.04,489,450,367,383,372
0.47,-5.60,-7.75,0.17,-0.01,-0.02,488,450,367,383,372
0.39,-5.55,-8.40,0.13,-0.04,0.00,488,450,367,383,371
0.53,-5.85,-8.16,-0.07,-0.06,-0.10,488,450,367,383,372
0.34,-5.68,-8.04,-0.02,-0.03,-0.01,488,450,367,382,372
0.29,-5.39,-7.65,0.05,0.03,-0.03,488,450,367,383,372
0.66,-5.46,-8.46,0.07,0.02,-0.05,488,450,367,383,372
0.56,-5.69,-8.35,0.09,-0.00,-0.03,488,450,367,383,373
0.84,-6.05,-8.74,0.04,-0.03,-0.06,488,450,367,383,372
0.24,-5.89,-7.72,0.01,-0.04,0.03,488,450,367,383,372
0.29,-5.63,-7.89,-0.02,-0.01,0.01,487,450,367,383,373
0.17,-5.37,-7.95,0.04,0.05,0.02,488,450,367,383,372
0.55,-5.46,-7.71,0.05,0.03,0.01,487,450,367,383,372
0.14,-5.79,-8.03,0.06,0.06,-0.04,487,450,367,383,372
0.43,-5.84,-7.93,0.04,0.02,-0.03,487,450,367,383,372
0.52,-5.85,-8.19,0.07,0.05,-0.05,487,449,367,383,372
0.63,-5.41,-8.54,0.02,-0.01,-0.01,487,450,367,383,372
0.30,-5.65,-7.45,0.02,-0.00,-0.03,487,449,367,382,372
0.39,-5.76,-8.03,0.05,0.03,-0.05,487,450,367,383,372
0.57,-5.74,-8.25,0.00,-0.02,-0.04,487,450,367,383,372
0.50,-5.77,-7.87,0.04,0.00,-0.04,487,449,367,383,372
0.42,-5.58,-8.33,0.02,-0.02,-0.07,487,449,367,383,372
0.59,-5.59,-8.12,-0.02,-0.09,-0.06,486,450,367,383,372
END
0.53,-5.51,-8.00,0.11,0.03,-0.01,486,448,367,382,373
0.73,-5.51,-8.07,0.02,-0.02,-0.03,485,448,367,382,373
0.10,-5.24,-8.06,0.06,0.01,-0.04,485,448,367,382,373
0.38,-5.57,-8.28,-0.05,-0.03,-0.04,485,448,367,382,373
0.47,-5.38,-8.10,0.04,0.03,-0.04,485,448,367,382,373
0.12,-5.10,-8.33,0.01,-0.02,-0.03,484,448,367,382,373
0.37,-5.38,-7.98,0.03,-0.03,-0.03,484,448,367,382,373
0.34,-5.36,-8.31,0.10,0.03,-0.04,485,448,367,382,373
0.52,-5.41,-8.23,-0.05,-0.04,-0.05,485,448,367,383,373
0.15,-5.15,-8.36,0.06,0.00,-0.01,485,448,367,382,372
0.31,-5.23,-8.66,0.02,-0.00,-0.05,485,448,367,382,373
0.30,-5.36,-8.68,-0.01,-0.02,-0.01,484,448,367,382,373
0.56,-5.38,-8.56,0.05,0.00,-0.04,484,448,368,382,372
0.51,-5.28,-9.02,0.07,0.02,-0.03,484,448,367,382,373
0.41,-5.36,-8.31,-0.03,-0.03,-0.04,484,448,367,382,373
0.44,-5.16,-7.92,0.06,0.02,-0.03,484,448,367,382,373
0.49,-5.08,-8.78,-0.02,-0.02,-0.04,484,448,367,382,373
0.31,-5.40,-7.87,0.05,0.00,-0.04,484,448,367,382,373
0.42,-5.46,-7.59,0.07,0.02,-0.05,484,448,367,382,373
0.47,-5.41,-7.74,0.11,0.05,-0.04,484,448,367,383,373
0.66,-5.50,-8.24,0.06,0.01,-0.01,484,448,367,382,372
0.45,-5.30,-8.11,0.04,0.02,-0.05,484,448,367,382,373
0.29,-5.21,-8.37,0.03,-0.00,-0.02,484,448,367,383,373
0.33,-5.23,-8.47,-0.01,-0.02,-0.04,484,448,367,382,373
0.67,-5.23,-8.58,0.06,0.01,-0.02,484,448,367,382,372
0.27,-5.23,-8.05,0.03,0.01,-0.05,484,448,367,382,373
0.72,-5.37,-8.58,-0.01,-0.04,-0.05,484,447,367,383,373
0.17,-5.21,-8.44,0.06,0.00,-0.03,484,448,368,382,372
0.35,-5.37,-8.28,-0.02,-0.02,-0.02,484,448,368,382,373
0.62,-5.29,-8.28,0.03,-0.01,-0.04,484,448,368,382,372
0.27,-5.14,-8.58,-0.01,-0.02,-0.02,484,448,368,382,373
0.39,-5.40,-8.48,-0.05,-0.06,-0.04,484,448,368,382,372
0.22,-5.29,-8.38,0.12,0.04,-0.06,484,448,368,382,372
0.65,-5.38,-8.53,-0.07,-0.05,-0.13,484,448,368,382,372
0.24,-4.97,-8.21,0.10,-0.01,0.05,484,448,368,382,372
0.57,-5.22,-8.36,-0.01,-0.03,-0.03,484,448,367,382,372
END
0.27,-5.10,-8.10,0.07,0.02,-0.02,483,447,363,382,372
0.62,-5.27,-8.24,0.06,0.04,-0.02,483,447,363,381,372
0.68,-5.63,-8.19,-0.03,0.03,-0.04,483,447,363,382,372
0.70,-5.44,-8.17,0.06,0.06,-0.00,483,447,362,381,372
0.87,-5.71,-8.84,-0.08,0.00,-0.04,483,447,362,382,372
0.58,-5.37,-8.09,0.03,0.05,-0.01,483,447,362,381,372
0.88,-5.46,-8.49,0.04,0.03,-0.00,483,447,362,381,372
0.82,-5.34,-7.85,0.02,0.00,-0.04,483,446,362,381,372
1.02,-5.37,-8.23,0.08,0.02,-0.02,483,447,362,381,372
0.90,-5.70,-8.15,0.02,-0.02,-0.04,483,446,362,381,372
1.08,-5.65,-8.23,0.02,0.05,-0.07,483,447,362,381,372
0.88,-5.25,-8.31,0.02,-0.00,0.03,483,447,362,381,372
0.88,-5.04,-8.18,0.01,-0.01,-0.06,483,446,362,381,372
0.67,-5.18,-8.11,0.11,0.01,-0.04,483,446,362,381,372
1.10,-5.68,-8.15,0.08,0.01,-0.07,483,446,362,381,372
0.75,-5.54,-8.15,0.05,0.01,-0.02,483,447,362,382,372
0.80,-5.41,-8.00,0.05,0.01,-0.02,483,447,362,381,372
0.78,-5.39,-8.28,0.06,0.02,-0.04,483,447,362,381,372
0.96,-5.44,-8.37,-0.00,-0.02,-0.05,483,447,362,381,372
0.89,-5.26,-8.05,0.08,0.05,-0.03,483,446,362,381,372
0.81,-5.53,-8.79,0.04,-0.01,-0.04,483,446,362,381,372
0.78,-5.41,-8.13,0.01,-0.01,-0.03,483,446,362,381,372
0.83,-5.30,-8.38,0.03,-0.01,-0.03,483,447,362,381,372
0.59,-5.34,-8.14,0.08,0.04,-0.03,483,446,362,381,372
0.93,-5.37,-8.30,0.07,0.02,-0.03,483,446,362,381,372
1.01,-5.63,-8.12,0.01,0.00,-0.07,483,446,361,381,372
0.84,-5.53,-8.09,0.10,0.03,-0.02,483,446,361,381,372
0.92,-5.69,-7.93,0.00,-0.02,-0.04,482,446,361,381,372
0.95,-5.42,-7.95,0.06,0.01,-0.00,482,446,360,381,372
1.20,-5.61,-8.60,-0.00,-0.01,-0.04,482,446,360,381,372
0.77,-5.53,-8.08,-0.02,-0.03,-0.04,483,446,360,381,372
0.64,-5.58,-8.05,0.06,0.01,-0.00,482,446,361,381,372
0.73,-5.73,-8.17,0.01,0.02,-0.05,483,446,361,381,372
0.79,-5.52,-7.96,-0.00,-0.01,-0.01,483,446,361,381,372
1.08,-5.62,-7.87,0.07,0.02,-0.01,482,446,361,381,372
1.20,-5.50,-8.37,0.02,-0.03,-0.02,483,446,362,381,372
END
0.38,-4.53,-8.82,0.03,-0.00,-0.05,473,437,363,377,370
0.63,-4.43,-8.79,0.01,-0.00,-0.02,473,437,364,378,370
0.67,-4.39,-8.87,0.05,0.03,-0.01,473,437,363,377,370
0.43,-4.40,-8.84,0.00,-0.01,-0.05,472,437,363,377,370
0.39,-4.33,-8.83,0.05,-0.01,0.02,472,437,363,377,370
0.61,-4.61,-9.07,0.02,-0.00,-0.04,473,437,363,377,370
0.37,-4.38,-8.83,-0.05,-0.03,-0.07,472,437,364,377,370
0.55,-4.29,-9.01,0.05,-0.00,-0.02,473,437,363,377,370
0.29,-4.27,-9.08,0.01,-0.03,-0.03,472,437,363,377,370
0.42,-4.31,-8.91,0.08,0.03,-0.03,473,437,363,377,370
0.57,-4.43,-9.01,0.04,-0.01,-0.01,473,437,363,377,370
0.34,-4.26,-8.74,0.04,0.00,-0.04,472,437,363,377,370
0.52,-4.36,-8.94,0.05,0.01,-0.04,473,437,363,378,371
0.29,-4.50,-8.80,-0.00,-0.02,-0.04,473,437,363,377,370
0.52,-4.34,-8.88,0.06,0.03,-0.01,472,437,363,377,370
0.62,-4.54,-8.99,0.06,0.02,-0.03,472,437,363,377,370
0.36,-4.37,-8.84,0.04,0.01,-0.01,472,437,363,377,371
0.47,-4.24,-8.99,0.06,0.01,0.00,472,437,363,377,370
0.52,-4.39,-9.21,0.03,-0.01,-0.02,472,437,363,377,370
0.62,-4.52,-8.99,0.03,0.01,-0.05,473,437,363,378,370
0.29,-4.39,-9.22,0.01,0.00,0.01,472,437,364,377,370
0.72,-4.41,-8.88,-0.01,-0.03,-0.04,473,437,364,378,370
0.36,-4.45,-8.87,0.02,-0.02,-0.03,473,437,364,378,370
0.61,-4.46,-8.88,0.02,-0.00,-0.03,472,437,364,378,370
0.38,-4.24,-8.64,0.05,0.01,0.00,472,437,364,378,370
0.72,-4.40,-8.90,0.07,0.05,-0.06,472,437,364,378,370
0.59,-4.58,-8.91,0.02,0.00,-0.02,473,437,364,377,370
0.49,-4.53,-8.85,0.04,-0.00,-0.01,472,437,364,378,371
0.57,-4.58,-8.98,-0.06,-0.06,-0.03,472,437,364,378,372
0.63,-4.14,-8.81,-0.02,-0.00,-0.03,472,437,364,378,370
0.50,-4.16,-9.03,-0.01,-0.03,-0.02,472,437,364,379,371
0.30,-4.26,-8.71,0.08,0.01,-0.01,472,437,364,378,371
0.54,-4.41,-9.24,0.07,0.02,-0.03,472,437,365,378,371
0.37,-4.57,-8.72,0.02,-0.02,-0.03,472,437,364,378,371
0.64,-4.25,-9.18,0.06,0.01,-0.04,472,437,365,378,371
0.30,-4.33,-8.82,0.02,-0.02,-0.05,472,437,364,378,371
END
0.40,-4.33,-8.89,0.05,0.01,-0.01,472,436,362,376,370
0.67,-4.66,-8.95,0.06,0.02,-0.00,472,437,362,376,370
0.73,-4.64,-9.16,-0.01,-0.01,-0.07,472,436,361,376,370
0.42,-4.46,-8.68,0.05,0.01,-0.00,472,437,362,376,370
0.75,-4.36,-8.99,0.04,0.01,-0.04,473,437,362,377,370
0.82,-4.79,-9.27,-0.05,-0.04,-0.10,473,437,362,377,370
0.57,-4.77,-8.78,0.07,0.01,-0.03,473,437,362,376,370
0.71,-4.78,-8.70,0.01,-0.03,-0.06,472,437,362,376,370
0.58,-4.55,-8.43,0.06,0.02,-0.03,473,437,362,377,370
0.73,-4.62,-8.81,0.08,-0.00,0.01,473,436,362,377,370
0.64,-4.64,-8.84,-0.01,-0.04,-0.06,472,436,362,377,370
0.59,-4.65,-8.82,0.08,0.03,-0.00,472,437,362,377,369
0.58,-4.79,-8.87,-0.00,-0.03,-0.03,473,436,362,376,370
0.50,-4.59,-8.46,0.02,-0.02,-0.00,472,437,362,376,369
0.78,-4.62,-9.17,0.05,0.01,-0.01,473,436,362,376,369
0.47,-4.57,-8.99,-0.00,-0.00,-0.02,472,436,361,376,369
0.72,-4.55,-8.61,0.03,-0.00,-0.02,473,437,362,377,370
0.66,-4.57,-8.85,0.03,0.02,-0.01,473,436,362,377,370
0.59,-4.58,-8.77,-0.01,-0.02,-0.02,472,436,362,377,370
0.58,-4.41,-8.60,0.10,0.05,-0.02,473,436,362,377,370
0.79,-4.72,-9.05,-0.00,-0.02,-0.06,473,436,362,377,370
0.58,-4.49,-8.49,0.08,0.03,-0.02,473,436,362,376,369
0.70,-4.54,-9.25,0.01,-0.03,-0.02,472,436,361,376,370
0.64,-4.59,-8.80,-0.03,-0.03,-0.07,472,436,362,377,370
0.43,-4.63,-8.64,0.05,0.02,-0.03,472,436,362,377,370
0.68,-4.67,-8.87,-0.00,-0.02,-0.03,473,436,361,377,370
0.63,-4.45,-8.59,0.03,0.01,-0.04,473,436,362,377,370
0.59,-4.48,-8.86,0.03,0.01,-0.03,473,436,362,377,370
0.81,-4.49,-8.80,0.03,0.01,-0.03,473,436,362,377,370
1.02,-4.59,-9.02,0.08,0.04,-0.00,472,436,362,377,370
0.19,-4.56,-8.97,0.00,0.03,-0.05,473,436,362,377,370
0.98,-4.59,-9.07,0.03,-0.00,0.01,472,436,362,377,370
1.08,-4.64,-8.82,0.01,-0.01,-0.07,472,436,362,377,370
0.44,-4.52,-8.88,-0.01,-0.00,-0.01,472,436,362,377,370
0.97,-4.47,-8.77,-0.03,-0.05,-0.06,472,436,362,377,370
0.67,-4.59,-8.71,0.01,-0.03,-0.04,471,436,362,377,370
END
0.60,-4.51,-8.70,-0.01,-0.04,-0.02,472,435,362,377,370
0.90,-4.51,-8.91,0.06,0.00,0.01,472,435,362,377,370
0.66,-4.43,-8.76,-0.00,-0.02,-0.03,472,436,362,377,370
0.84,-4.61,-8.85,0.04,-0.01,-0.02,472,436,362,377,370
0.94,-4.59,-8.84,-0.01,-0.02,-0.06,472,436,362,377,370
0.60,-4.54,-8.64,0.04,0.01,-0.02,472,435,363,377,370
0.88,-4.65,-8.90,0.03,-0.01,-0.02,472,436,363,377,370
0.67,-4.59,-8.79,0.04,-0.02,-0.02,471,435,362,377,370
0.79,-4.54,-8.77,0.01,-0.04,-0.01,472,435,362,377,370
0.77,-4.62,-8.98,-0.03,-0.02,-0.06,472,435,363,377,370
0.55,-4.39,-8.93,0.04,-0.01,0.01,472,435,362,377,370
0.73,-4.53,-8.71,0.02,0.01,-0.05,472,435,362,377,371
0.81,-4.49,-8.64,0.06,0.01,-0.01,472,435,362,377,370
0.63,-4.56,-8.81,0.02,-0.01,-0.03,472,435,363,377,371
0.70,-4.52,-8.87,0.04,0.01,-0.01,472,436,362,377,371
0.74,-4.53,-8.71,0.02,-0.00,-0.04,472,435,363,377,370
0.42,-4.57,-8.62,0.02,-0.01,-0.02,472,435,362,377,370
0.54,-4.47,-8.75,0.05,0.01,-0.02,472,435,362,377,370
0.62,-4.49,-8.71,0.09,0.03,-0.03,472,435,362,377,370
0.78,-4.84,-8.78,0.05,0.04,-0.05,472,435,362,376,370
1.13,-4.80,-8.95,0.06,0.01,-0.05,472,435,361,376,370
0.69,-4.67,-8.90,0.01,-0.01,-0.04,471,435,361,377,370
0.84,-4.49,-8.58,0.07,0.02,-0.01,472,435,360,376,370
0.82,-4.74,-8.59,0.04,-0.02,-0.03,472,436,360,376,370
0.89,-4.44,-8.53,0.10,0.02,-0.03,472,435,360,376,370
0.88,-4.67,-8.52,0.07,0.02,-0.05,472,435,360,376,370
1.05,-4.89,-9.12,0.07,0.01,-0.04,472,436,360,376,370
1.11,-4.80,-8.65,0.06,0.02,-0.05,472,436,360,376,370
0.92,-4.76,-8.80,0.05,0.02,-0.03,472,436,360,376,370
0.97,-5.05,-8.68,0.03,-0.00,-0.04,472,436,360,376,370
0.92,-4.76,-8.46,0.04,0.00,-0.01,472,435,360,376,370
0.90,-4.74,-8.60,0.06,0.01,-0.03,472,436,360,376,370
0.82,-4.91,-8.79,0.04,0.00,-0.03,472,435,360,376,370
1.13,-5.03,-8.53,0.08,0.03,-0.02,472,435,360,376,370
1.06,-5.00,-8.58,0.03,-0.00,-0.01,473,435,360,377,371
0.92,-5.00,-8.66,0.03,-0.01,-0.03,473,435,360,377,371
END
1.10,-4.89,-8.41,0.04,-0.01,-0.01,471,435,360,376,371
0.18,-4.60,-7.93,-0.10,-0.12,-0.08,471,434,360,377,371
0.88,-4.76,-8.36,0.05,0.00,-0.03,471,434,360,376,371
0.66,-4.77,-8.66,-0.04,-0.05,-0.03,471,434,360,376,371
0.55,-4.72,-8.43,0.04,0.05,-0.02,471,434,360,376,371
0.90,-4.78,-9.09,0.01,0.05,-0.05,471,434,360,376,371
0.69,-4.57,-8.60,0.02,0.04,-0.00,471,434,360,377,371
0.95,-4.62,-8.85,0.11,0.06,0.01,471,434,360,377,371
0.73,-4.74,-8.69,-0.02,-0.02,-0.05,471,434,360,376,371
0.86,-4.67,-8.57,0.04,0.02,0.01,471,434,360,377,371
0.90,-4.38,-8.88,0.06,0.02,-0.05,471,434,360,377,371
0.62,-4.62,-8.58,0.04,-0.03,-0.06,471,434,360,376,371
0.95,-4.68,-8.81,0.07,-0.02,-0.06,471,435,360,376,371
0.97,-4.94,-8.87,-0.01,-0.04,-0.08,471,434,360,376,371
0.90,-4.72,-8.85,0.08,-0.01,-0.03,471,434,360,377,371
0.74,-4.59,-9.08,-0.03,-0.08,-0.03,471,434,360,376,371
0.95,-4.69,-8.92,0.07,-0.00,-0.07,471,434,360,376,371
0.80,-4.90,-8.59,0.03,-0.02,-0.03,471,434,360,377,371
0.52,-4.91,-8.46,0.04,0.01,-0.03,471,434,360,376,371
0.87,-4.92,-8.66,0.05,0.03,-0.02,471,435,361,377,371
0.70,-4.80,-8.91,0.00,-0.01,0.01,471,434,360,377,371
0.73,-4.75,-8.31,0.04,0.00,0.02,471,434,360,377,371
0.73,-4.74,-8.85,-0.01,0.01,-0.05,471,434,360,377,371
0.59,-4.58,-8.83,0.05,0.02,0.03,471,434,360,376,371
1.18,-4.97,-8.87,0.02,0.03,-0.01,471,434,360,376,371
0.60,-4.46,-8.67,-0.01,-0.01,-0.02,471,434,360,376,371
0.75,-4.41,-8.71,0.05,0.01,-0.02,471,434,361,377,371
1.06,-4.87,-8.71,-0.04,-0.02,-0.06,471,434,360,377,371
0.89,-4.52,-8.93,0.07,0.00,0.00,471,434,361,376,371
0.84,-4.74,-8.87,0.06,0.02,-0.00,471,434,360,377,371
0.66,-4.85,-8.70,-0.01,0.00,-0.07,470,434,360,377,371
0.91,-4.85,-8.94,0.07,0.01,0.01,471,434,360,377,371
0.87,-4.65,-8.74,-0.01,-0.02,-0.05,471,434,361,376,371
0.54,-4.72,-8.28,0.04,0.01,-0.03,471,434,361,377,371
0.86,-4.77,-8.74,0.04,0.02,-0.01,471,434,361,377,371
0.82,-4.67,-8.80,-0.02,-0.02,-0.05,471,434,360,376,371
END
0.79,-4.59,-8.56,0.06,0.03,-0.03,470,434,361,377,371
1.12,-4.73,-8.59,0.08,0.04,-0.05,470,434,361,377,372
1.01,-4.82,-8.92,0.00,-0.02,-0.03,471,434,361,377,371
1.15,-4.80,-8.64,0.04,-0.02,-0.04,470,434,361,377,372
0.84,-4.73,-8.92,0.04,0.00,-0.03,471,434,361,377,371
0.93,-4.74,-8.78,-0.01,-0.03,-0.03,470,434,361,377,371
0.96,-4.66,-8.61,0.04,0.00,-0.05,471,434,362,377,371
1.08,-4.83,-8.76,0.01,-0.02,-0.03,470,434,361,377,372
0.90,-4.83,-8.56,0.02,-0.02,-0.04,471,434,361,377,371
0.89,-4.78,-8.81,0.06,0.02,-0.00,470,434,361,377,371
0.86,-4.74,-8.77,-0.02,-0.01,-0.03,471,434,361,377,372
1.07,-4.71,-8.64,0.06,0.03,-0.01,471,434,361,377,372
1.10,-4.85,-8.67,-0.03,-0.02,-0.04,471,434,361,377,372
0.93,-4.60,-8.56,0.04,0.01,-0.02,470,434,361,377,371
0.83,-4.57,-8.92,0.02,0.01,-0.01,471,434,361,377,371
1.08,-4.69,-8.60,0.00,-0.02,-0.03,471,434,362,377,372
0.49,-4.48,-8.68,0.03,-0.00,-0.02,471,434,362,377,372
0.98,-4.47,-8.75,-0.00,-0.00,-0.02,471,434,362,377,372
0.98,-4.62,-8.66,0.05,-0.01,-0.03,471,434,362,377,372
0.63,-4.70,-8.55,0.00,-0.04,-0.03,471,434,362,377,372
1.08,-4.77,-8.89,0.04,-0.00,-0.04,471,434,362,377,371
0.70,-4.59,-8.87,-0.00,-0.02,-0.05,471,434,362,377,372
0.80,-4.73,-8.68,0.07,0.03,-0.02,471,434,362,377,372
1.10,-4.72,-8.91,0.03,0.01,-0.03,471,434,362,377,372
1.08,-4.62,-8.71,0.00,-0.02,-0.03,471,434,362,377,372
1.01,-4.60,-8.72,0.05,0.02,-0.02,471,434,362,377,372
0.77,-4.72,-8.69,0.01,-0.01,-0.03,471,434,362,378,372
0.83,-4.56,-8.62,0.04,0.02,-0.01,471,434,362,378,372
1.18,-4.62,-8.97,0.03,0.01,-0.06,471,434,362,378,372
1.03,-4.71,-8.71,0.07,-0.00,0.00,471,434,362,378,372
0.98,-4.69,-9.13,0.04,-0.01,-0.05,471,434,362,378,372
0.73,-4.72,-8.62,-0.00,-0.04,-0.01,471,434,362,378,372
1.03,-4.61,-8.71,0.03,-0.01,-0.07,471,434,361,377,372
0.78,-4.65,-8.82,0.04,-0.02,-0.05,471,434,362,377,372
0.80,-4.67,-8.64,0.01,-0.04,-0.01,471,434,362,377,372
1.19,-4.65,-8.84,0.07,0.02,-0.04,471,434,362,377,372
END