-2.60,-4.05,-8.88,0.05,0.01,-0.05,535,472,466,517,413
-2.37,-4.09,-8.76,0.01,-0.00,-0.04,535,472,466,516,413
-2.23,-3.98,-9.03,0.02,0.01,-0.03,535,472,466,517,413
-2.54,-3.97,-8.82,0.04,-0.00,-0.05,535,472,466,517,413
-2.39,-3.93,-9.25,0.08,0.02,-0.04,535,472,466,517,412
-2.07,-4.25,-9.04,0.06,-0.02,-0.08,535,472,466,516,413
-2.60,-4.39,-8.34,0.07,-0.02,-0.05,535,472,466,517,412
-2.29,-4.29,-8.87,0.03,-0.02,-0.04,535,472,466,516,412
-2.56,-4.37,-8.56,0.03,0.00,-0.05,535,472,466,516,412
-2.46,-4.20,-9.02,0.04,0.02,-0.04,535,472,466,517,413
-2.34,-4.20,-9.05,0.04,0.03,-0.00,535,472,466,516,412
-2.58,-4.31,-8.62,0.04,-0.00,-0.05,535,472,466,516,413
-2.58,-4.11,-9.03,0.03,0.03,-0.02,535,472,466,516,413
-2.31,-4.27,-8.72,0.01,0.02,-0.03,535,472,466,516,413
-2.51,-4.44,-8.71,0.01,0.02,0.00,535,472,466,516,412
-2.47,-4.30,-8.82,0.01,0.05,0.04,535,472,466,516,412
-1.87,-4.01,-8.98,0.02,0.04,0.02,535,472,466,516,412
-2.29,-4.01,-8.92,-0.03,0.04,0.03,535,472,466,516,412
-2.30,-3.88,-9.21,-0.09,0.05,-0.00,534,472,466,516,412
-1.56,-3.51,-9.39,-0.10,0.03,-0.06,535,472,466,516,412
-2.25,-3.38,-9.27,-0.05,-0.01,-0.07,535,472,466,516,412
-2.71,-3.72,-9.00,0.01,0.01,-0.07,535,472,466,516,412
-2.37,-4.01,-8.99,-0.01,0.00,-0.08,535,472,466,516,412
-2.28,-3.47,-9.29,0.03,0.05,-0.02,535,472,466,516,412
-2.20,-3.54,-9.43,0.06,0.04,-0.02,535,472,466,516,412
-2.07,-3.63,-9.14,0.06,0.02,-0.04,535,472,466,516,412
-2.01,-3.83,-8.94,0.04,0.01,-0.05,534,472,466,516,412
-2.16,-3.70,-9.16,0.02,0.01,-0.05,534,472,465,516,412
-1.88,-3.42,-9.69,0.03,0.02,-0.04,534,472,466,516,412
-2.12,-3.79,-9.24,0.03,0.00,-0.04,534,472,466,516,411
-2.26,-3.57,-9.02,0.05,0.03,-0.02,534,472,466,516,411
-1.97,-3.63,-9.21,0.04,0.01,-0.06,535,472,466,516,412
-2.17,-3.99,-8.90,-0.00,-0.01,-0.02,535,472,466,516,412
-2.17,-3.56,-8.93,0.02,-0.01,-0.05,534,472,466,516,412
-2.17,-3.42,-9.34,0.03,-0.00,-0.05,534,472,466,516,412
-2.03,-3.91,-8.91,0.05,0.01,-0.05,534,471,465,516,411
END
-2.05,-3.92,-8.81,0.03,0.00,-0.04,533,471,465,515,411
-1.93,-3.41,-9.28,0.04,-0.01,-0.06,532,471,465,515,411
-2.35,-3.50,-9.02,0.04,-0.01,-0.05,533,471,465,515,411
-2.34,-3.46,-9.25,0.04,0.00,-0.04,533,471,465,515,411
-2.05,-3.58,-9.15,0.03,0.00,-0.04,533,471,465,515,411
-2.02,-3.50,-9.07,0.02,-0.01,-0.05,533,471,465,515,411
-2.13,-3.43,-9.37,0.03,-0.00,-0.04,533,471,465,515,411
-2.17,-3.45,-9.19,0.03,0.00,-0.02,533,471,465,515,411
-2.13,-3.37,-9.27,0.03,0.00,-0.04,533,471,465,515,411
-2.18,-3.29,-9.20,0.04,0.01,-0.05,533,471,465,515,411
-2.07,-3.65,-8.96,0.05,0.01,-0.05,532,471,465,514,411
-2.19,-3.57,-9.15,0.03,0.01,-0.06,532,471,465,515,411
-2.00,-3.39,-9.40,0.03,0.00,-0.06,532,471,465,515,411
-2.20,-3.42,-9.29,0.03,-0.01,-0.03,532,471,465,515,411
-2.10,-3.50,-9.38,0.05,0.00,-0.05,532,471,465,515,411
-2.13,-3.57,-9.07,0.03,-0.01,-0.04,532,471,465,515,411
-1.91,-3.37,-8.76,0.03,0.00,-0.04,533,471,465,515,411
-2.15,-3.37,-9.31,0.04,0.01,-0.05,532,471,465,515,411
-2.04,-3.35,-9.28,0.05,-0.01,-0.05,532,471,465,515,411
-2.08,-3.50,-9.43,0.05,-0.00,-0.05,532,471,465,515,411
-2.20,-3.68,-9.21,0.03,0.00,-0.04,533,471,465,515,411
-2.03,-3.45,-9.13,0.04,0.01,-0.05,532,471,465,514,411
-2.10,-3.40,-9.12,0.04,-0.00,-0.03,532,471,465,515,411
-2.25,-3.57,-8.96,0.04,-0.00,-0.06,532,471,465,514,411
-2.08,-3.71,-9.12,0.05,0.01,-0.05,532,470,465,514,411
-1.90,-3.69,-9.47,0.02,0.00,-0.04,532,471,465,514,411
-2.15,-3.46,-9.22,0.02,0.00,-0.05,532,471,465,514,411
-2.07,-3.50,-9.32,0.01,0.01,-0.03,532,471,465,514,411
-1.82,-3.38,-9.22,0.03,0.01,-0.03,532,471,465,515,411
-1.92,-3.44,-9.42,0.03,-0.01,-0.04,532,471,465,515,411
-2.29,-3.50,-9.12,0.03,0.00,-0.04,532,471,465,515,412
-1.82,-3.45,-9.55,0.04,0.02,-0.03,532,471,465,514,411
-1.92,-3.45,-9.42,0.03,0.00,-0.05,532,471,465,514,411
-2.10,-3.48,-9.12,0.04,0.00,-0.03,532,470,465,514,411
-2.15,-3.38,-9.02,0.02,0.00,-0.06,532,471,464,514,411
-1.79,-3.55,-9.01,0.05,0.01,-0.06,532,471,465,514,411
END
-1.97,-3.57,-9.26,0.03,-0.01,-0.05,531,470,464,514,412
-1.82,-3.40,-9.43,0.03,0.02,-0.04,532,470,464,514,412
-1.87,-3.38,-9.27,0.02,-0.01,-0.06,532,470,464,514,412
-2.03,-3.20,-9.43,0.04,0.00,-0.03,531,470,464,514,412
-2.12,-3.40,-9.00,0.04,-0.01,-0.04,532,470,464,514,412
-1.99,-3.56,-9.23,0.03,-0.01,-0.03,531,470,464,514,412
-2.10,-3.39,-8.98,0.04,0.02,-0.05,531,470,464,514,412
-2.10,-3.24,-9.46,0.03,0.00,-0.03,531,470,464,513,412
-2.05,-3.17,-9.37,0.05,0.01,-0.04,531,470,464,513,412
-2.13,-3.65,-9.07,0.05,0.01,-0.04,531,470,464,513,412
-1.77,-3.51,-9.18,0.02,-0.00,-0.06,531,470,464,513,412
-2.23,-3.24,-9.33,0.02,-0.00,-0.02,531,470,464,513,412
-2.04,-3.31,-9.22,0.05,-0.01,-0.04,531,470,464,513,412
-1.79,-3.42,-9.38,0.04,-0.01,-0.05,531,470,464,514,412
-2.11,-3.28,-9.37,0.03,0.00,-0.03,531,470,464,514,411
-2.04,-3.34,-9.09,0.03,-0.00,-0.04,531,470,464,514,412
-1.95,-3.20,-9.40,0.05,0.00,-0.05,531,470,464,514,411
-2.18,-3.32,-9.35,0.04,-0.01,-0.04,531,470,464,513,412
-1.95,-3.35,-9.34,0.02,-0.00,-0.06,531,470,464,513,412
-1.87,-3.57,-9.37,0.01,-0.01,-0.06,531,470,464,513,412
-2.21,-3.41,-9.33,0.02,-0.00,-0.04,531,470,464,513,412
-2.11,-3.51,-9.19,0.05,-0.02,-0.03,531,470,464,513,412
-2.07,-3.40,-9.22,0.06,-0.01,-0.01,531,470,464,513,411
-2.25,-3.12,-9.10,0.05,-0.01,-0.03,531,470,464,513,412
-2.19,-3.28,-9.20,0.05,0.02,-0.06,531,470,464,513,411
-1.89,-3.40,-9.43,0.02,0.01,-0.06,531,470,464,513,412
-1.98,-3.47,-9.18,0.00,-0.03,-0.09,531,470,464,513,412
-2.36,-3.31,-9.36,0.02,-0.01,-0.05,531,470,464,513,412
-2.06,-3.38,-8.88,0.05,0.01,-0.04,531,470,464,513,412
-1.78,-3.51,-9.38,0.04,0.01,-0.05,531,470,464,513,412
-1.92,-3.56,-9.30,0.04,0.02,-0.03,531,470,464,513,412
-1.90,-3.49,-9.20,0.02,-0.00,-0.01,531,470,464,513,411
-1.90,-3.28,-9.34,0.01,-0.02,-0.05,531,470,464,513,412
-2.32,-3.04,-9.28,0.03,-0.00,-0.05,531,470,464,513,411
-2.28,-3.39,-10.85,0.04,0.01,-0.05,531,470,464,513,411
-2.00,-3.49,-9.29,0.05,0.01,-0.07,531,470,464,513,412
END
-1.74,-3.68,-9.35,0.04,-0.01,-0.04,530,470,464,513,412
-2.25,-3.32,-9.07,0.04,0.01,-0.02,531,470,464,512,411
-2.10,-3.27,-9.12,0.04,0.00,-0.05,530,470,464,512,412
-2.00,-3.34,-9.45,0.03,-0.01,-0.06,530,469,463,512,411
-2.46,-3.42,-9.12,0.02,-0.00,-0.03,530,469,463,512,411
-2.07,-3.40,-9.43,0.02,-0.00,-0.02,530,469,463,512,411
-2.05,-3.32,-9.04,0.03,-0.01,-0.06,530,469,463,512,411
-2.31,-3.33,-9.35,0.04,0.00,-0.03,530,469,464,512,411
-2.18,-3.18,-9.08,0.05,0.01,-0.03,530,470,463,512,411
-2.10,-3.35,-9.26,0.04,0.02,-0.03,530,470,463,512,411
-1.87,-3.39,-9.40,0.02,0.01,-0.05,530,469,464,512,412
-2.21,-3.24,-9.63,0.01,-0.02,-0.07,530,470,463,513,411
-2.20,-3.42,-9.09,0.03,-0.00,-0.03,530,469,463,512,412
-2.22,-3.29,-9.34,0.02,-0.02,-0.04,530,469,463,512,412
-2.20,-3.26,-9.28,0.03,-0.00,-0.03,530,469,463,512,411
-2.30,-3.22,-9.22,0.05,0.01,-0.02,530,469,463,512,411
-2.01,-3.40,-9.21,0.03,-0.01,-0.05,530,469,463,512,411
-2.15,-3.36,-9.34,0.03,0.01,-0.04,530,469,463,512,411
-2.16,-3.24,-9.30,0.03,0.00,-0.05,530,469,463,512,412
-2.20,-3.25,-9.36,0.04,-0.00,-0.05,530,469,463,512,411
-2.30,-3.24,-9.05,0.03,-0.00,-0.04,531,469,463,512,412
-2.14,-3.27,-9.28,0.04,0.00,-0.06,531,469,463,512,412
-2.17,-3.35,-9.16,0.03,0.00,-0.04,530,469,463,512,412
-2.25,-3.27,-9.21,0.03,0.01,-0.05,530,469,463,512,411
-2.27,-3.42,-9.12,0.04,0.01,-0.05,530,469,463,512,412
-2.06,-3.35,-9.46,0.04,0.01,-0.03,530,469,463,512,412
-2.07,-3.32,-9.30,0.03,-0.00,-0.04,530,469,463,512,411
-2.15,-3.34,-9.22,0.04,-0.00,-0.05,530,469,463,512,411
-2.10,-3.39,-9.27,0.04,-0.00,-0.03,530,469,463,512,411
-2.06,-3.21,-9.30,0.04,-0.00,-0.04,530,469,463,512,412
-2.30,-3.40,-9.23,0.05,0.00,-0.04,530,469,463,512,412
-1.97,-3.29,-9.46,0.03,0.00,-0.04,531,469,464,512,412
-2.08,-3.37,-9.09,0.04,-0.01,-0.05,531,469,463,512,412
-2.27,-3.43,-9.35,-0.01,-0.00,0.01,531,469,463,512,412
-2.04,-3.19,-9.40,0.04,0.01,-0.03,531,469,463,512,412
-2.12,-3.11,-9.30,0.04,0.02,-0.02,531,469,463,512,412
END
-2.02,-3.14,-9.34,0.02,0.01,0.02,529,468,463,511,411
-2.17,-3.17,-9.25,0.03,0.00,-0.03,529,468,463,511,411
-1.99,-3.08,-9.24,0.04,-0.02,-0.08,529,468,463,511,411
-2.12,-3.17,-9.43,0.05,0.01,-0.06,529,468,463,511,411
-2.11,-3.55,-9.17,0.02,0.00,-0.07,529,468,463,511,411
-2.14,-3.31,-9.32,0.03,0.00,-0.07,529,468,463,511,411
-2.11,-3.37,-9.70,0.05,-0.00,-0.03,529,468,463,511,411
-2.12,-3.54,-9.43,0.05,-0.01,-0.03,529,468,463,511,411
-2.21,-3.50,-9.02,0.01,-0.01,-0.02,529,469,463,511,411
-2.35,-3.19,-9.29,0.02,0.00,-0.03,529,468,463,511,411
-2.17,-3.34,-9.07,0.05,0.00,-0.05,529,468,463,511,411
-1.95,-3.60,-9.25,0.05,-0.00,-0.06,529,468,462,511,411
-2.28,-3.60,-9.10,0.04,0.01,-0.04,529,468,463,511,411
-2.03,-3.36,-9.35,0.01,0.00,-0.03,529,468,463,511,411
-2.28,-3.34,-9.38,0.03,-0.00,-0.03,529,468,462,511,411
-2.18,-3.42,-9.25,0.04,-0.01,-0.05,528,468,462,511,411
-2.07,-3.37,-9.23,0.03,-0.00,-0.05,529,469,463,511,411
-2.15,-3.40,-9.07,0.03,0.00,-0.04,529,468,462,511,411
-2.04,-3.42,-9.05,0.04,0.01,-0.05,529,468,463,511,411
-2.00,-3.45,-9.30,0.04,0.01,-0.05,529,468,463,511,411
-2.17,-3.33,-9.19,0.02,0.00,-0.03,529,468,463,511,411
-2.20,-3.38,-9.36,0.03,-0.01,-0.05,529,468,462,511,411
-2.12,-3.52,-9.08,0.04,0.01,-0.02,529,468,463,511,411
-1.90,-3.47,-9.35,0.03,-0.01,-0.04,529,468,463,511,411
-2.04,-3.37,-9.35,0.05,0.01,-0.04,529,468,462,511,411
-2.39,-3.52,-8.89,0.01,-0.01,-0.04,529,468,463,511,411
-2.00,-3.43,-9.15,0.04,0.01,-0.05,529,468,462,511,411
-2.20,-3.33,-9.19,0.04,0.01,-0.03,529,468,463,511,411
-2.37,-3.51,-9.10,0.03,0.00,-0.05,529,468,462,511,411
-2.00,-3.42,-9.12,0.03,0.01,-0.03,529,468,463,511,411
-2.08,-3.39,-9.09,0.02,-0.01,-0.05,529,468,463,511,411
-2.21,-3.29,-9.23,0.03,0.00,-0.02,529,468,463,511,411
-2.14,-3.43,-9.12,0.05,0.00,-0.04,528,468,462,511,411
-2.04,-3.64,-9.22,0.04,-0.01,-0.04,528,468,462,511,411
-2.20,-3.42,-9.27,0.03,0.01,-0.04,528,468,462,511,411
-2.16,-3.49,-9.25,0.02,-0.01,-0.04,529,468,462,511,411
END
-2.25,-3.40,-9.25,0.03,-0.00,-0.04,528,468,462,510,411
-2.01,-3.34,-9.30,0.05,0.01,-0.04,528,468,462,511,410
-2.30,-3.40,-9.13,0.03,-0.01,-0.04,528,468,462,510,411
-2.02,-3.52,-9.12,0.03,-0.01,-0.04,528,468,462,510,410
-2.29,-3.34,-9.16,0.04,0.01,-0.04,528,468,462,510,411
-2.00,-3.29,-9.44,0.02,-0.01,-0.04,528,468,462,510,411
-2.28,-3.45,-9.23,0.03,-0.00,-0.04,528,467,462,510,410
-2.06,-3.35,-9.23,0.05,0.01,-0.04,528,468,462,510,411
-2.20,-3.52,-9.10,0.03,-0.01,-0.05,528,468,462,510,410
-2.45,-3.34,-9.20,0.04,0.01,-0.06,528,468,462,510,410
-2.28,-3.40,-9.29,0.04,0.01,-0.02,528,468,462,510,411
-2.05,-3.36,-9.06,0.03,-0.00,-0.04,528,468,462,510,410
-2.02,-3.45,-9.27,0.05,0.01,-0.04,528,468,462,510,411
-2.08,-3.40,-9.46,0.04,-0.01,-0.04,528,468,462,510,411
-2.17,-3.51,-9.26,0.03,0.00,-0.05,528,468,462,510,411
-2.09,-3.33,-9.24,0.03,0.00,-0.05,528,468,462,510,411
-2.23,-3.47,-9.23,0.02,-0.00,-0.05,528,468,462,510,411
-2.21,-3.45,-9.17,0.02,0.00,-0.05,528,467,462,510,410
-2.05,-3.42,-9.32,0.04,0.01,-0.04,528,468,462,510,410
-2.18,-3.36,-9.12,0.03,-0.00,-0.05,528,468,462,510,411
-2.08,-3.35,-9.22,0.04,0.01,-0.04,528,468,462,510,411
-2.02,-3.51,-9.07,0.03,-0.00,-0.05,527,467,462,510,410
-2.25,-3.46,-9.16,0.03,-0.00,-0.03,528,468,461,510,410
-2.22,-3.43,-9.02,0.02,-0.01,-0.04,528,468,462,510,411
-2.25,-3.28,-9.19,0.04,0.00,-0.02,528,468,462,510,411
-2.05,-3.44,-9.20,0.02,-0.01,-0.05,528,468,462,510,411
-2.30,-3.42,-9.21,0.04,0.00,-0.04,528,468,462,510,411
-2.06,-3.49,-9.51,0.03,0.00,-0.05,528,468,462,510,411
-2.20,-3.55,-9.23,0.05,0.01,-0.04,528,468,462,510,410
-2.06,-3.45,-9.19,0.04,0.01,-0.03,528,467,462,510,410
-1.99,-3.52,-9.25,0.02,-0.01,-0.05,528,467,462,509,410
-2.32,-3.38,-9.35,0.05,0.00,-0.04,527,468,462,510,410
-2.05,-3.50,-9.32,0.04,-0.01,-0.06,527,467,462,510,411
-2.12,-3.39,-9.17,0.03,-0.00,-0.04,528,467,462,509,411
-2.22,-3.46,-8.96,0.05,0.01,-0.04,528,467,462,510,411
-2.03,-3.52,-9.35,0.03,0.00,-0.04,528,468,462,510,410
END
-2.29,-3.46,-9.10,0.03,-0.00,-0.03,527,467,461,510,411
-2.15,-3.27,-9.23,0.00,-0.00,-0.04,527,467,462,510,410
-2.28,-3.26,-9.22,0.04,0.00,-0.05,527,468,461,509,410
-2.28,-3.52,-9.02,0.05,0.00,-0.07,527,467,461,509,410
-2.14,-3.70,-9.12,0.05,0.01,-0.05,527,467,461,509,411
-2.08,-3.55,-9.13,0.04,0.01,-0.05,527,467,461,509,410
-2.16,-3.63,-9.05,0.03,0.00,-0.04,527,467,462,510,410
-2.05,-3.69,-9.27,0.04,0.00,-0.05,527,467,461,509,410
-2.19,-3.80,-9.03,0.01,-0.02,-0.05,527,467,462,510,410
-2.46,-3.70,-8.73,0.00,-0.03,-0.05,527,467,462,510,411
-2.38,-3.37,-9.38,0.04,0.03,-0.04,527,467,462,510,410
-1.84,-3.54,-9.30,0.06,0.02,-0.03,527,467,462,510,410
-2.05,-3.72,-9.14,0.05,-0.02,-0.02,527,467,462,510,410
-2.26,-3.59,-9.15,0.02,-0.01,-0.02,527,467,461,509,410
-2.18,-3.42,-9.11,0.03,-0.01,-0.04,527,467,462,509,410
-2.33,-3.27,-9.15,0.05,-0.01,-0.04,527,467,461,509,410
-2.22,-3.85,-8.86,0.04,-0.01,-0.07,527,467,461,509,410
-2.48,-3.85,-9.12,0.03,-0.00,-0.06,527,467,461,509,410
-2.15,-3.84,-9.00,0.02,0.01,-0.05,527,467,461,509,410
-2.00,-3.60,-8.94,0.03,-0.01,-0.03,527,467,462,509,411
-2.21,-3.60,-9.10,0.05,-0.02,-0.03,527,467,461,510,411
-2.25,-3.67,-8.86,0.04,-0.03,-0.04,527,467,462,509,410
-2.44,-3.55,-9.20,0.04,0.00,-0.03,527,467,461,509,411
-2.29,-3.50,-9.26,0.02,0.03,-0.02,527,467,462,509,410
-2.05,-3.73,-9.10,0.03,0.01,-0.05,527,467,461,509,410
-2.10,-3.63,-9.23,0.03,0.00,-0.05,527,467,461,509,410
-2.20,-3.61,-9.18,0.02,-0.01,-0.04,527,467,461,509,410
-2.12,-3.44,-9.05,0.04,0.00,-0.05,527,467,461,509,410
-2.15,-3.68,-9.01,0.03,0.01,-0.05,527,467,461,509,410
-2.28,-3.79,-9.07,0.05,0.02,-0.04,527,467,461,509,410
-2.06,-3.88,-9.27,0.02,0.01,-0.03,527,467,461,510,410
-2.16,-3.66,-9.09,0.01,-0.01,-0.04,527,467,461,509,410
-2.35,-3.55,-9.04,0.04,-0.00,-0.04,527,467,461,509,410
-2.07,-3.64,-9.13,0.04,-0.00,-0.06,527,467,461,509,410
-2.13,-3.64,-9.16,0.01,-0.01,-0.02,527,467,461,509,410
-2.41,-3.32,-9.04,0.04,0.01,-0.04,526,467,461,509,410
END
-2.24,-3.68,-9.09,0.02,0.02,-0.04,526,467,461,508,410
-2.38,-3.52,-9.02,0.02,-0.01,-0.03,526,467,461,509,411
-2.29,-3.57,-9.32,0.04,0.01,-0.03,526,467,461,509,410
-2.18,-3.73,-9.13,0.03,-0.01,-0.06,527,467,461,509,411
-2.31,-3.70,-9.16,0.03,-0.01,-0.04,527,467,461,509,410
-2.27,-3.51,-9.12,0.02,0.01,-0.03,526,467,461,508,411
-2.33,-3.57,-9.09,0.03,-0.02,-0.06,527,467,461,509,411
-2.52,-3.55,-8.93,0.05,0.01,-0.03,527,467,461,509,411
-2.28,-3.60,-9.01,0.02,0.00,-0.05,526,467,461,509,411
-2.31,-3.50,-9.12,0.03,0.01,-0.03,526,467,461,508,410
-2.38,-1.90,-9.12,0.04,-0.01,-0.05,526,467,461,509,410
-2.47,-3.70,-9.04,0.03,0.01,-0.04,527,467,461,509,410
-2.28,-3.64,-9.12,0.04,0.00,-0.03,526,467,461,508,410
-2.20,-3.56,-9.22,0.05,-0.01,-0.04,526,467,461,509,410
-2.37,-3.79,-8.91,0.04,0.00,-0.05,526,467,461,509,410
-2.19,-3.62,-9.03,0.03,0.01,-0.04,526,467,461,509,410
-2.38,-3.58,-9.21,0.02,-0.00,-0.02,526,467,461,509,411
-2.35,-3.60,-9.04,0.04,-0.00,-0.05,526,467,461,509,410
-2.36,-3.59,-9.12,0.05,0.01,-0.05,526,467,461,508,410
-2.29,-3.68,-9.19,0.03,0.00,-0.03,526,467,461,509,410
-2.22,-3.57,-9.18,0.05,0.02,-0.03,526,467,460,508,410
-2.30,-3.75,-9.00,0.02,-0.01,-0.06,526,467,461,508,410
-2.38,-3.57,-9.43,0.04,-0.01,-0.03,526,467,461,509,410
-2.36,-3.73,-9.12,0.04,0.01,-0.03,526,467,461,508,410
-2.23,-3.62,-9.09,0.02,-0.01,-0.04,526,467,461,508,410
-2.23,-3.57,-9.13,0.03,0.01,-0.03,526,467,461,508,410
-2.15,-3.54,-9.18,0.03,-0.00,-0.05,526,467,461,509,411
-2.36,-3.63,-9.17,0.03,-0.00,-0.05,526,467,461,509,410
-2.07,-3.62,-9.27,0.03,-0.00,-0.05,526,467,461,509,410
-2.20,-3.68,-9.07,0.03,0.00,-0.03,526,467,461,509,410
-2.48,-3.68,-8.99,0.04,0.00,-0.01,526,467,461,509,411
-2.12,-3.86,-8.97,0.02,-0.01,-0.07,526,467,461,508,410
-2.39,-3.65,-9.10,0.02,-0.02,-0.04,526,466,461,508,410
-2.26,-3.63,-9.02,0.03,0.01,-0.03,526,467,461,508,410
-2.12,-3.66,-9.27,0.04,0.01,-0.04,526,467,460,508,410
-2.30,-3.65,-9.22,0.03,-0.01,-0.04,526,467,461,508,410
END
-2.19,-3.66,-9.22,0.04,0.02,-0.02,525,466,460,508,410
-2.19,-3.40,-9.20,0.02,0.01,-0.04,525,466,460,508,410
-2.28,-3.64,-9.06,0.03,-0.01,-0.04,525,466,460,508,410
-2.30,-3.62,-9.12,0.04,0.01,-0.04,525,467,460,508,410
-2.16,-3.61,-9.04,0.02,-0.00,-0.03,525,466,460,508,410
-2.28,-3.60,-9.23,0.04,0.00,-0.04,525,466,460,507,410
-2.27,-3.49,-9.20,0.03,-0.01,-0.04,525,466,460,507,410
-2.54,-3.72,-8.82,0.04,0.01,-0.04,525,466,460,507,410
-2.25,-3.52,-9.04,0.05,0.01,-0.04,525,466,460,508,410
-2.25,-3.63,-9.16,0.02,0.00,-0.04,525,466,460,508,410
-2.12,-3.53,-9.30,0.03,0.00,-0.03,525,466,460,507,410
-2.17,-3.53,-8.96,0.04,0.01,-0.05,526,466,460,508,410
-2.40,-3.63,-9.03,0.02,-0.00,-0.02,525,466,460,508,410
-2.23,-3.49,-9.15,0.04,0.01,-0.03,525,467,460,508,410
-2.43,-3.70,-8.78,0.03,0.00,-0.03,525,466,460,508,410
-2.45,-3.56,-9.00,0.02,-0.01,-0.05,525,466,460,508,410
-2.28,-3.63,-9.07,0.03,0.01,-0.03,525,466,460,507,410
-2.26,-3.50,-9.26,0.04,0.00,-0.03,525,466,460,507,410
-2.41,-3.55,-9.07,0.03,-0.00,-0.05,525,466,460,507,410
-2.28,-3.66,-9.02,0.03,0.01,-0.05,525,466,460,507,410
-2.10,-3.50,-9.22,0.04,0.00,-0.04,525,466,460,507,410
-2.22,-3.65,-9.15,0.03,-0.01,-0.04,525,466,460,507,410
-2.38,-3.63,-9.21,0.03,-0.00,-0.04,525,466,460,508,410
-2.25,-3.42,-9.13,0.02,0.01,-0.03,525,466,460,507,410
-2.06,-3.55,-8.90,0.05,0.00,-0.04,525,466,460,508,410
-2.49,-3.59,-8.91,0.03,-0.00,-0.03,525,466,460,508,410
-2.19,-3.54,-9.21,0.03,0.01,-0.03,525,466,460,507,410
-2.20,-3.57,-9.04,0.04,0.00,-0.04,525,466,460,508,410
-2.30,-3.48,-9.12,0.01,-0.02,-0.05,525,466,460,507,410
-2.33,-3.62,-8.94,0.04,0.02,-0.04,524,466,459,507,410
-2.07,-3.62,-9.21,0.03,-0.00,-0.04,525,466,459,507,410
-2.30,-3.61,-9.28,0.03,-0.01,-0.05,525,466,460,507,410
-2.25,-3.55,-9.18,0.06,0.02,-0.04,525,466,460,507,410
-2.15,-3.65,-9.10,0.03,-0.01,-0.05,525,466,460,507,410
-2.40,-3.68,-9.07,0.05,-0.00,-0.05,525,466,460,508,410
-2.14,-3.73,-9.20,0.03,0.01,-0.04,525,466,460,508,410
END
-2.16,-3.63,-9.04,0.04,0.00,-0.04,524,466,459,507,410
-2.21,-3.54,-9.17,0.03,-0.00,-0.04,524,466,459,507,410
-2.21,-3.65,-9.17,0.04,-0.01,-0.04,524,465,459,507,410
-2.24,-3.60,-9.05,0.04,0.00,-0.04,524,465,459,507,410
-2.35,-3.55,-9.08,0.02,-0.00,-0.04,524,466,459,507,410
-2.23,-3.58,-9.10,0.02,-0.00,-0.03,524,465,459,507,410
-2.08,-3.45,-9.22,0.05,-0.00,-0.04,524,466,459,507,410
-2.25,-3.80,-9.12,0.03,-0.01,-0.06,524,466,459,507,410
-2.54,-3.60,-8.97,0.04,0.00,-0.04,525,466,459,507,410
-2.28,-3.60,-9.14,0.02,0.01,-0.02,524,466,459,507,410
-2.20,-3.49,-9.12,0.03,-0.01,-0.05,524,466,459,507,410
-2.35,-3.55,-9.12,0.04,0.01,-0.04,525,466,459,507,410
-2.21,-3.62,-9.25,0.04,-0.00,-0.05,524,466,459,507,410
-2.30,-3.63,-9.04,0.03,-0.00,-0.04,524,465,459,507,410
-2.09,-3.63,-9.25,0.03,0.00,-0.04,524,466,459,507,410
-2.33,-3.53,-9.14,0.03,-0.00,-0.03,524,465,459,507,410
-2.19,-3.68,-9.01,0.03,0.00,-0.04,524,466,459,507,410
-2.26,-3.45,-9.19,0.03,-0.01,-0.04,524,466,459,507,410
-2.36,-3.69,-9.10,0.04,0.01,-0.03,524,466,459,507,410
-2.18,-3.68,-8.97,0.03,0.00,-0.04,524,466,459,507,410
-2.30,-3.52,-9.10,0.03,0.01,-0.03,524,466,459,507,409
-2.18,-3.61,-9.18,0.04,-0.01,-0.07,524,466,459,507,410
-2.21,-3.69,-9.34,0.04,0.01,-0.03,524,466,459,507,410
-2.20,-3.61,-9.11,0.03,0.00,-0.03,524,466,459,507,410
-2.15,-3.70,-9.05,0.03,-0.01,-0.05,524,465,459,507,410
-2.43,-3.64,-9.04,0.03,-0.01,-0.03,524,466,459,507,410
-2.22,-3.71,-8.97,0.04,-0.00,-0.02,524,465,459,507,410
-2.20,-3.63,-9.26,0.02,-0.01,-0.05,524,465,459,507,410
-2.25,-3.60,-9.09,0.04,0.01,-0.04,524,465,459,507,410
-2.23,-3.58,-9.15,0.04,0.00,-0.03,524,465,459,507,410
-2.13,-3.75,-9.08,0.05,0.00,-0.04,524,466,459,507,410
-2.21,-3.61,-9.00,0.02,-0.00,-0.04,524,465,459,507,410
-2.19,-3.55,-8.99,0.03,0.01,-0.02,524,465,460,507,410
-2.35,-3.66,-9.17,0.03,0.01,-0.02,524,466,459,507,410
-2.15,-3.63,-9.12,0.04,0.01,-0.04,524,466,459,507,410
-2.11,-3.78,-9.17,0.04,0.00,-0.04,524,465,459,507,410
END
-2.38,-3.60,-9.07,0.02,-0.01,-0.05,523,465,458,506,410
-1.99,-3.63,-9.03,0.05,-0.00,-0.05,523,465,459,506,410
-2.39,-3.73,-9.09,0.04,-0.01,-0.04,523,465,459,506,410
-2.41,-3.70,-9.11,0.03,-0.00,-0.02,523,465,459,506,410
-2.18,-3.69,-9.07,0.04,-0.00,-0.03,523,465,459,506,410
-2.25,-3.60,-9.15,0.02,-0.01,-0.04,523,465,459,506,410
-2.45,-3.57,-9.13,0.04,0.01,-0.03,523,465,459,507,410
-2.20,-3.73,-8.99,0.04,0.00,-0.03,523,465,459,506,410
-2.30,-3.66,-9.06,0.02,-0.02,-0.05,523,465,459,507,410
-2.45,-3.63,-9.15,0.04,0.01,-0.02,523,465,459,506,410
-2.14,-3.68,-9.04,0.03,0.00,-0.04,523,465,459,506,410
-2.28,-3.66,-9.25,0.04,-0.00,-0.04,523,465,459,506,410
-2.22,-3.69,-9.24,0.02,-0.00,-0.04,523,465,459,506,410
-2.34,-3.65,-8.89,0.03,0.00,-0.03,523,465,459,506,410
-2.43,-3.64,-9.01,0.05,0.00,-0.04,523,465,459,506,410
-2.28,-3.79,-9.01,0.03,-0.01,-0.04,523,465,459,506,410
-2.33,-3.52,-9.16,0.03,0.01,-0.03,523,465,459,506,410
-2.30,-3.55,-8.96,0.03,0.00,-0.03,523,465,459,506,410
-2.22,-3.76,-9.10,0.04,-0.00,-0.04,523,465,459,506,410
-2.46,-3.73,-9.07,0.04,0.00,-0.04,523,465,459,506,410
-2.15,-3.61,-9.15,0.02,-0.00,-0.03,523,465,459,506,409
-2.29,-3.74,-9.13,0.05,-0.00,-0.04,523,465,459,506,410
-2.58,-3.81,-8.89,0.04,0.00,-0.04,523,465,459,506,410
-2.27,-3.69,-8.99,0.02,0.00,-0.03,522,465,459,506,410
-2.28,-3.55,-9.12,0.04,-0.00,-0.04,523,465,459,506,409
-2.25,-3.78,-8.96,0.05,0.01,-0.04,523,465,459,506,409
-2.15,-3.78,-8.96,0.02,0.01,-0.04,523,465,459,506,410
-2.37,-3.63,-9.02,0.03,0.01,-0.03,523,465,459,506,410
-2.28,-3.78,-8.99,0.04,0.01,-0.04,523,465,459,506,410
-2.33,-3.82,-9.12,0.04,0.01,-0.03,523,465,458,506,410
-2.18,-3.70,-9.21,0.04,0.01,-0.03,523,465,459,506,410
-2.09,-3.73,-9.00,0.02,-0.01,-0.05,523,465,459,506,410
-2.36,-3.47,-9.37,0.05,0.01,-0.03,523,465,459,506,410
-2.00,-3.58,-9.41,0.04,0.01,-0.03,523,465,459,506,410
-2.07,-3.68,-8.99,0.04,-0.01,-0.04,523,465,458,506,410
-2.33,-3.62,-9.12,0.03,0.01,-0.04,523,465,458,506,410
END
-1.99,-3.75,-9.23,0.04,-0.00,-0.05,523,464,458,506,410
-2.32,-3.62,-9.12,0.03,-0.00,-0.04,523,464,458,506,410
-2.16,-3.72,-9.36,0.03,-0.00,-0.03,522,465,458,506,410
-2.21,-3.78,-9.08,0.02,-0.01,-0.03,522,465,458,506,410
-2.28,-3.59,-9.21,0.01,-0.01,-0.04,522,465,458,506,410
-2.20,-3.66,-9.06,0.04,0.00,-0.04,522,465,458,506,410
-2.35,-3.84,-9.05,0.03,0.02,-0.03,522,464,458,505,410
-2.15,-3.65,-9.10,0.03,0.00,-0.04,522,464,458,506,410
-2.42,-3.60,-9.20,0.02,-0.01,-0.05,522,464,458,506,410
-2.43,-3.73,-8.98,0.05,0.01,-0.02,522,464,458,506,410
-2.09,-3.76,-8.98,0.02,-0.01,-0.06,523,464,458,506,410
-2.33,-3.71,-9.13,0.02,-0.00,-0.04,523,464,458,506,410
-2.33,-3.65,-9.12,0.04,0.01,-0.03,522,464,458,506,410
-2.11,-3.75,-9.25,0.03,-0.01,-0.05,523,464,458,506,410
-2.28,-3.63,-9.10,0.04,0.00,-0.03,522,464,458,506,410
-2.30,-3.78,-9.05,0.05,0.01,-0.05,523,464,458,506,410
-2.22,-3.71,-9.09,0.05,0.01,-0.05,522,464,458,505,410
-2.27,-3.85,-9.06,0.03,-0.01,-0.03,522,464,458,506,410
-2.24,-3.77,-8.94,0.04,-0.01,-0.04,522,464,458,506,410
-2.22,-3.70,-8.89,0.01,-0.00,-0.03,522,464,458,505,410
-2.18,-3.71,-10.92,0.02,-0.01,-0.05,522,465,458,505,410
-2.21,-3.63,-9.17,0.04,0.00,-0.03,522,464,458,505,410
-2.18,-3.80,-9.04,0.03,-0.00,-0.04,522,464,458,506,410
-2.31,-3.60,-8.89,0.02,-0.00,-0.03,522,464,458,505,410
-2.21,-3.62,-9.11,0.05,0.00,-0.04,522,464,458,506,410
-2.33,-3.79,-8.93,0.04,-0.01,-0.05,522,464,458,506,410
-2.21,-3.72,-9.08,0.04,0.01,-0.03,522,464,458,505,410
-2.20,-3.71,-9.08,0.02,-0.01,-0.05,522,464,458,505,410
-2.33,-3.61,-8.99,0.04,0.00,-0.04,522,464,458,505,409
-2.27,-3.78,-9.09,0.03,0.00,-0.04,522,464,458,505,410
-2.36,-3.63,-9.14,0.04,0.00,-0.08,522,464,458,505,410
-2.12,-3.63,-8.93,0.04,0.01,-0.02,522,464,458,505,410
-2.01,-3.86,-9.06,0.03,-0.01,-0.06,522,464,458,505,409
-2.34,-3.83,-9.04,0.02,-0.00,-0.03,522,464,458,505,410
-2.23,-3.69,-9.13,0.02,0.00,-0.02,522,464,458,505,410
-2.41,-3.70,-9.13,0.04,0.03,0.01,522,464,458,505,410
END
-2.06,-3.83,-9.15,0.03,-0.00,-0.04,522,464,458,505,410
-2.28,-3.68,-9.07,0.04,0.00,-0.04,522,464,458,505,408
-2.35,-3.77,-9.12,0.02,-0.01,-0.03,522,464,458,505,409
-2.29,-3.75,-8.91,0.03,-0.00,-0.03,521,464,458,505,409
-2.12,-3.80,-9.03,0.03,0.00,-0.03,522,464,457,505,409
-2.24,-3.75,-9.12,0.02,-0.01,-0.05,522,464,458,505,409
-2.25,-3.79,-9.02,0.03,-0.00,-0.05,522,464,458,505,409
-2.28,-3.88,-8.84,0.05,0.01,-0.03,522,464,458,505,409
-2.21,-3.81,-9.20,0.02,-0.01,-0.04,522,464,458,505,410
-2.35,-3.70,-9.02,0.03,0.01,-0.03,522,464,458,505,410
-2.18,-3.70,-9.17,0.03,-0.00,-0.02,521,464,458,505,409
-2.34,-3.83,-8.89,0.04,-0.01,-0.04,522,464,458,505,409
-2.28,-3.68,-9.13,0.04,0.01,-0.04,522,464,458,505,409
-2.12,-3.91,-9.15,0.03,0.00,-0.04,522,464,458,504,409
-2.14,-3.79,-9.13,0.04,-0.00,-0.04,522,464,458,505,410
-2.30,-3.75,-9.09,0.02,-0.01,-0.03,521,464,458,504,409
-2.10,-3.73,-9.10,0.03,0.00,-0.05,521,464,458,504,409
-2.22,-3.67,-9.10,0.03,0.00,-0.04,521,464,458,505,409
-2.35,-3.66,-8.93,0.03,-0.00,-0.04,521,464,458,505,409
-2.15,-3.92,-9.10,0.04,0.00,-0.05,522,464,458,505,408
-2.26,-3.77,-9.04,0.03,-0.02,-0.04,522,464,458,505,409
-2.34,-3.77,-9.00,0.04,0.01,-0.02,522,464,458,505,409
-2.25,-3.75,-8.88,0.05,0.01,-0.04,521,464,458,505,409
-2.27,-3.69,-8.98,0.04,-0.00,-0.05,521,464,458,504,409
-2.27,-3.85,-8.94,0.03,-0.00,-0.04,522,464,458,504,410
-2.21,-3.72,-9.06,0.03,0.01,-0.04,521,464,458,504,409
-2.33,-3.71,-9.08,0.04,0.00,-0.03,521,464,458,504,409
-2.26,-3.71,-9.12,0.04,0.00,-0.04,521,464,457,504,409
-2.09,-3.73,-9.09,0.04,-0.00,-0.04,521,463,458,504,409
-2.18,-3.82,-9.21,0.03,-0.01,-0.04,522,464,458,505,409
-2.23,-3.75,-9.07,0.02,-0.00,-0.03,522,464,458,505,409
-2.35,-3.77,-8.89,0.03,-0.01,-0.03,521,464,458,504,409
-2.39,-3.75,-8.92,0.04,0.00,-0.03,522,464,458,505,409
-2.06,-3.88,-9.11,0.04,0.01,-0.04,522,464,458,505,409
-2.30,-3.81,-9.09,0.02,-0.01,-0.03,521,464,457,505,409
-2.31,-3.64,-9.09,0.02,0.01,-0.03,521,464,458,505,409
END
-2.17,-3.67,-9.05,0.03,0.00,-0.03,521,463,457,504,409
-2.43,-3.76,-8.99,0.03,-0.00,-0.03,521,464,457,504,409
-2.20,-3.78,-9.12,0.02,0.00,-0.04,521,464,457,504,409
-2.27,-3.79,-8.90,0.04,-0.00,-0.05,521,463,457,504,410
-2.46,-3.80,-8.94,0.03,-0.00,-0.04,521,464,457,504,408
-2.19,-3.74,-9.14,0.04,0.01,-0.03,521,464,457,504,409
-2.24,-3.75,-8.99,0.03,-0.00,-0.04,521,464,457,504,410
-2.08,-3.76,-9.00,0.03,-0.00,-0.05,521,464,457,504,409
-2.25,-3.80,-9.23,0.04,-0.00,-0.04,521,463,457,504,409
-2.18,-3.88,-8.95,0.04,0.00,-0.04,521,463,457,504,409
-2.30,-3.83,-9.04,0.03,0.00,-0.04,521,463,457,504,409
-2.12,-3.72,-9.03,0.03,0.01,-0.02,521,463,457,504,409
-2.13,-3.80,-9.04,0.02,-0.01,-0.04,521,463,457,504,409
-2.33,-3.81,-9.25,-0.00,-0.01,-0.03,521,463,457,504,409
-2.16,-3.45,-9.20,0.01,-0.01,-0.04,521,464,457,504,409
-2.43,-3.69,-9.12,0.04,-0.01,-0.04,521,464,457,504,411
-2.28,-3.93,-8.92,0.04,-0.00,-0.04,521,463,457,504,409
-2.23,-3.71,-9.05,0.03,0.00,-0.04,521,464,457,504,409
-2.18,-3.61,-9.18,0.04,0.00,-0.03,521,464,457,504,409
-2.25,-3.69,-9.12,0.04,0.01,-0.01,521,463,457,504,409
-2.15,-3.76,-9.14,0.03,0.00,-0.03,521,464,457,504,409
-2.07,-3.54,-9.23,0.04,0.00,-0.04,521,463,457,504,409
-2.30,-3.73,-8.97,0.03,0.00,-0.05,521,463,457,504,409
-2.37,-3.76,-8.92,0.04,0.01,-0.03,521,464,457,504,409
-2.20,-3.72,-9.04,0.01,-0.01,-0.03,521,463,457,504,409
-2.30,-3.63,-8.87,0.04,-0.00,-0.05,521,464,457,504,409
-2.28,-3.88,-9.05,0.05,0.00,-0.03,521,464,457,504,409
-2.21,-3.79,-9.10,0.02,0.00,-0.05,521,464,457,504,409
-2.20,-3.73,-9.08,0.03,0.01,-0.05,521,463,457,504,409
-2.25,-3.52,-9.13,0.04,0.01,-0.03,521,464,457,504,409
-2.12,-3.87,-9.04,0.03,-0.01,-0.04,521,463,457,504,409
-2.40,-3.61,-8.98,0.04,0.01,-0.04,521,463,457,504,408
-2.34,-3.69,-8.95,0.03,0.01,-0.03,521,463,457,504,409
-2.18,-3.80,-8.94,0.05,0.01,-0.03,521,463,457,504,409
-2.18,-3.86,-9.06,0.03,-0.00,-0.05,521,463,457,504,409
-2.42,-3.83,-8.94,0.02,0.01,-0.02,521,463,457,504,409
END
-1.95,-3.71,-9.18,0.03,0.01,-0.01,521,463,457,504,409
-2.46,-3.71,-9.16,0.04,0.00,-0.04,521,463,457,504,409
-2.23,-3.75,-8.97,0.03,-0.00,-0.03,521,463,457,504,409
-2.31,-3.73,-9.13,0.04,0.00,-0.03,521,463,457,504,409
-2.24,-3.73,-9.16,0.03,-0.00,-0.04,520,463,457,504,409
-2.58,-3.62,-8.92,0.12,0.03,-0.07,520,463,457,504,409
-2.10,-4.29,-8.69,0.02,-0.02,-0.07,520,463,457,504,409
-2.17,-3.81,-8.99,0.01,-0.02,-0.04,520,463,457,504,409
-2.35,-3.78,-9.35,-0.01,-0.06,-0.06,520,463,457,505,408
-2.25,-3.68,-8.96,0.04,0.03,-0.01,520,463,456,505,408
-2.02,-3.76,-9.01,0.04,-0.01,-0.01,520,463,456,505,408
-2.35,-3.73,-8.99,0.02,-0.02,-0.03,520,463,456,505,408
-2.34,-3.63,-9.21,0.04,0.02,0.01,520,463,456,505,408
-2.13,-3.70,-8.99,0.03,-0.02,-0.03,519,463,456,505,408
-2.10,-3.78,-9.05,0.02,-0.01,-0.01,520,463,456,505,408
-2.71,-3.78,-9.08,0.04,0.02,-0.02,520,462,456,505,408
-2.13,-3.74,-9.07,0.02,0.00,-0.01,519,463,456,504,408
-2.21,-3.79,-9.10,0.03,-0.00,-0.02,519,463,456,504,408
-2.53,-3.76,-8.97,0.04,0.00,-0.02,519,463,456,504,408
-2.19,-3.62,-9.17,0.01,-0.00,-0.01,519,463,456,504,408
-2.20,-3.75,-8.97,0.04,0.00,-0.06,519,463,456,504,407
-2.43,-3.87,-9.18,0.03,-0.00,-0.02,519,463,456,504,408
-2.34,-3.84,-9.16,0.03,0.00,-0.04,519,462,456,504,408
-2.23,-3.58,-9.13,0.03,-0.00,-0.03,519,463,456,505,408
-2.48,-3.76,-9.01,0.04,0.01,-0.04,519,463,456,504,408
-2.26,-3.78,-9.11,0.04,0.01,-0.03,519,463,456,504,408
-2.35,-3.70,-9.06,0.03,-0.00,-0.04,519,463,455,504,408
-2.38,-3.63,-8.86,0.04,-0.01,-0.07,519,462,456,504,408
-2.34,-3.77,-8.96,0.03,0.00,-0.04,519,463,456,505,408
-2.23,-3.50,-8.99,0.02,-0.00,-0.03,519,462,456,506,407
-2.35,-3.78,-9.08,0.06,-0.03,-0.09,519,462,456,507,407
-2.28,-4.01,-8.79,0.03,-0.01,-0.07,519,462,456,507,405
-2.16,-3.75,-9.32,0.02,0.02,0.00,519,462,456,507,405
-2.43,-3.70,-9.04,0.01,0.00,0.02,519,462,456,507,405
-2.03,-3.75,-9.04,0.04,-0.02,-0.05,519,462,455,507,405
-2.64,-3.80,-9.16,0.03,0.02,-0.02,519,462,456,507,405
END
-2.16,-3.85,-8.93,0.01,0.00,0.01,518,461,455,504,404
-2.51,-3.56,-9.00,0.04,0.00,-0.04,518,461,455,503,404
-2.57,-3.69,-9.04,0.04,-0.01,-0.04,518,461,455,504,404
-2.66,-3.60,-9.02,0.02,0.00,-0.03,518,461,455,504,404
-2.38,-3.50,-9.10,0.05,0.02,-0.04,518,461,454,504,404
-2.37,-3.60,-9.04,0.04,-0.01,-0.04,518,461,455,504,404
-2.45,-3.70,-9.07,0.03,-0.00,-0.04,518,461,455,504,404
-2.32,-3.57,-9.09,0.03,0.01,-0.03,518,461,455,504,404
-2.45,-3.60,-9.16,0.03,0.00,-0.04,518,461,455,504,404
-2.30,-3.63,-9.16,0.04,-0.00,-0.05,518,461,455,504,404
-2.34,-3.78,-8.94,0.03,0.01,-0.05,518,461,455,504,404
-2.42,-3.64,-8.97,0.03,-0.01,-0.05,518,461,455,503,404
-2.15,-3.65,-9.17,0.06,-0.00,-0.06,518,461,454,503,403
-2.55,-3.63,-8.88,0.02,-0.00,-0.04,518,461,455,503,404
-2.33,-3.67,-9.12,0.05,0.01,-0.03,518,461,455,504,404
-2.39,-3.66,-8.92,0.03,-0.00,-0.03,518,461,455,503,404
-2.47,-3.70,-9.00,0.03,0.00,-0.04,518,461,455,503,404
-2.22,-3.56,-9.13,0.04,-0.00,-0.03,518,461,455,503,404
-2.46,-3.66,-9.07,0.01,-0.02,-0.04,518,461,455,504,405
-2.27,-3.67,-9.15,0.05,0.00,-0.06,518,461,455,504,404
-2.58,-3.76,-8.93,0.03,-0.00,-0.03,518,461,455,504,404
-2.48,-3.63,-9.10,0.02,0.01,-0.03,518,461,455,503,404
-2.40,-3.64,-9.04,0.02,-0.00,-0.03,518,461,455,503,403
-2.36,-3.60,-9.11,0.04,-0.00,-0.04,518,461,455,503,404
-2.46,-3.85,-8.87,0.02,0.00,-0.03,518,461,455,503,404
-2.28,-3.58,-9.05,0.03,0.00,-0.04,518,461,455,503,403
-2.34,-3.63,-9.00,0.03,-0.00,-0.04,518,461,454,503,404
-2.34,-3.75,-9.17,0.03,-0.01,-0.04,518,461,455,503,404
-2.36,-3.80,-8.99,0.03,-0.00,-0.06,518,461,454,503,403
-2.45,-3.59,-9.15,0.04,-0.00,-0.05,518,461,454,503,405
-2.32,-3.73,-9.15,0.04,0.01,-0.03,518,461,455,503,404
-2.37,-3.68,-8.97,0.04,0.01,-0.02,518,461,455,503,404
-2.33,-3.73,-9.22,0.02,0.00,-0.01,518,461,455,503,404
-2.30,-3.58,-9.10,0.02,-0.01,-0.07,518,461,455,503,404
-2.41,-3.55,-9.01,0.04,0.00,-0.03,518,461,454,503,404
-2.58,-3.72,-9.08,0.02,-0.01,-0.04,518,461,454,503,403
END
-2.23,-3.85,-8.92,-0.01,0.00,-0.02,517,461,454,503,403
-2.56,-3.80,-8.95,0.02,-0.02,-0.05,518,460,454,503,403
-2.46,-3.68,-9.12,0.05,0.00,-0.03,518,461,454,503,403
-2.20,-3.80,-9.03,0.03,-0.01,-0.04,518,461,454,502,403
-2.64,-3.60,-8.81,0.03,-0.01,-0.05,518,461,454,503,403
-2.51,-3.77,-8.97,0.04,-0.00,-0.02,518,461,454,503,403
-2.44,-3.68,-9.02,0.04,-0.01,-0.07,518,461,454,503,403
-2.42,-4.06,-9.00,0.06,0.02,-0.02,518,460,454,502,402
-2.40,-4.06,-9.03,0.03,-0.00,-0.02,517,461,454,502,403
-2.25,-3.80,-8.99,0.01,-0.00,-0.03,517,461,454,503,402
-2.48,-3.64,-9.15,0.02,0.00,-0.02,517,461,454,502,403
-2.39,-3.83,-8.91,0.02,-0.01,-0.02,517,461,454,503,402
-2.43,-3.88,-8.91,0.05,-0.00,-0.05,517,461,454,502,402
-2.28,-3.80,-9.14,0.01,0.00,-0.03,518,461,454,503,403
-2.46,-3.63,-8.83,0.03,-0.02,-0.05,518,461,454,503,402
-2.71,-3.83,-8.97,0.02,0.00,-0.02,518,461,454,503,402
-2.38,-3.91,-8.76,0.04,0.02,-0.03,518,461,454,503,402
-2.44,-3.80,-9.10,0.06,0.03,-0.02,518,461,454,503,402
-2.49,-3.84,-9.16,0.06,0.03,-0.02,518,461,454,503,402
-2.31,-3.96,-9.09,0.06,0.01,-0.01,517,460,454,503,402
-2.33,-3.91,-9.31,0.04,-0.00,-0.02,517,461,454,502,402
-2.33,-3.86,-8.97,0.01,-0.05,-0.05,517,460,454,503,402
-2.51,-3.73,-9.14,0.02,-0.03,-0.01,517,460,454,502,402
-2.46,-3.64,-8.82,0.03,-0.03,-0.02,517,460,454,502,402
-2.94,-3.83,-8.76,0.02,-0.02,-0.06,517,461,454,502,403
-2.58,-3.62,-8.97,0.03,0.02,-0.03,518,461,454,503,402
-2.46,-3.98,-9.01,0.01,-0.00,-0.08,518,461,454,503,402
-2.56,-3.88,-8.88,0.03,0.01,-0.06,518,461,454,503,402
-2.46,-3.90,-9.01,0.04,0.03,-0.03,517,461,454,503,402
-2.21,-3.70,-9.04,0.04,0.01,-0.04,518,461,454,503,402
-2.38,-3.72,-8.88,0.04,0.01,-0.02,517,461,454,502,402
-2.35,-3.89,-8.88,0.02,0.01,-0.04,517,461,454,502,402
-2.11,-3.70,-9.01,0.01,0.00,-0.04,517,461,454,502,402
-2.44,-3.50,-9.44,0.02,-0.00,-0.05,517,461,454,502,402
-2.50,-3.98,-9.07,0.02,-0.01,-0.05,517,461,454,502,402
-2.32,-3.83,-8.99,0.05,0.00,-0.02,517,461,454,502,402
END
-2.23,-3.93,-9.02,0.02,-0.02,-0.06,517,460,454,503,403
-2.57,-3.60,-9.13,0.03,-0.00,-0.04,517,461,454,502,402
-2.56,-3.67,-9.07,0.06,0.02,-0.04,517,461,454,502,402
-2.64,-3.85,-8.98,0.02,-0.02,-0.04,517,461,454,502,402
-2.62,-3.76,-8.91,0.04,0.01,-0.04,517,460,454,502,402
-2.53,-3.78,-9.02,0.04,0.01,-0.04,517,460,454,502,402
-2.63,-3.76,-8.94,0.03,-0.01,-0.04,517,460,454,502,402
-2.60,-3.79,-9.03,0.04,0.01,-0.03,517,460,454,502,402
-2.51,-3.77,-8.93,0.03,0.01,-0.02,517,460,454,502,402
-2.65,-3.75,-8.90,0.03,0.00,-0.03,517,461,454,502,402
-2.62,-3.82,-8.76,0.04,0.01,-0.03,517,461,454,502,402
-2.41,-3.78,-9.10,0.03,-0.02,-0.06,517,460,454,502,402
-2.77,-3.87,-9.05,0.03,0.01,-0.02,517,461,454,502,402
-2.53,-3.81,-8.97,0.03,-0.00,-0.04,517,461,454,502,402
-2.61,-3.75,-9.08,0.03,-0.00,-0.03,517,460,454,502,402
-2.56,-3.87,-8.95,0.03,0.00,-0.04,517,460,454,502,402
-2.66,-3.71,-9.00,0.03,-0.00,-0.04,517,460,454,502,402
-2.63,-3.65,-9.06,0.04,0.01,-0.03,517,460,454,502,402
-2.65,-3.85,-8.93,0.04,-0.00,-0.04,517,460,453,502,403
-2.53,-3.73,-8.99,0.06,-0.00,-0.05,517,460,453,502,402
-2.66,-4.02,-8.79,0.03,0.00,-0.03,517,460,454,502,402
-2.48,-3.73,-9.27,0.03,0.01,-0.03,517,460,454,502,402
-2.61,-3.71,-8.90,0.03,-0.00,-0.02,517,461,454,502,402
-2.62,-3.77,-9.02,0.04,0.01,-0.03,517,461,454,502,402
-2.43,-3.83,-8.89,0.02,-0.00,-0.03,517,460,454,502,402
-2.54,-3.67,-9.01,0.03,0.00,-0.04,517,460,454,502,402
-2.61,-3.84,-8.97,0.04,-0.00,-0.06,517,460,454,502,402
-2.50,-3.80,-9.01,0.03,0.01,-0.04,517,460,454,502,402
-2.61,-3.88,-8.93,0.02,-0.00,-0.04,517,460,454,502,402
-2.51,-3.70,-9.06,0.02,-0.00,-0.03,517,460,454,502,402
-2.43,-3.85,-8.89,0.04,-0.00,-0.04,517,460,454,502,402
-2.67,-3.71,-8.96,0.03,-0.00,-0.04,517,460,454,502,402
-2.50,-3.78,-9.04,0.03,-0.00,-0.03,517,460,454,502,402
-2.61,-3.90,-8.92,0.02,-0.01,-0.05,517,461,454,502,402
-2.33,-3.68,-9.12,0.03,-0.01,-0.05,517,460,454,502,402
-2.70,-3.61,-9.07,0.03,-0.00,-0.04,517,460,454,502,402
END
-2.41,-3.75,-9.12,0.03,0.01,-0.02,517,460,454,502,402
-2.61,-3.85,-8.91,0.03,-0.00,-0.04,517,460,453,502,401
-2.47,-3.83,-8.87,0.03,0.00,-0.03,516,460,454,502,401
-2.63,-3.88,-9.05,0.04,-0.01,-0.05,517,460,453,501,402
-2.85,-3.80,-9.08,0.02,-0.00,-0.02,517,460,453,502,402
-2.48,-3.75,-8.97,0.05,0.00,-0.04,517,461,454,502,402
-2.81,-3.82,-9.03,0.03,-0.00,-0.03,517,460,454,502,402
-2.56,-3.68,-8.99,0.05,0.01,-0.03,517,460,454,502,402
-2.46,-3.88,-8.99,0.02,-0.00,-0.04,517,460,454,502,402
-2.69,-3.75,-9.03,0.04,-0.00,-0.03,517,460,454,502,402
-2.53,-3.74,-8.96,0.03,-0.00,-0.03,517,460,454,501,402
-2.58,-3.82,-8.94,0.03,-0.01,-0.05,517,460,454,501,401
-2.63,-3.77,-8.97,0.03,0.00,-0.04,517,460,453,501,402
-2.52,-3.90,-8.81,0.03,-0.00,-0.04,517,460,454,502,402
-2.68,-3.76,-8.87,0.03,-0.01,-0.03,517,460,453,501,402
-2.68,-3.85,-8.82,0.03,0.00,-0.02,516,460,453,501,401
-2.60,-3.81,-9.01,0.01,-0.01,-0.03,517,460,454,502,401
-2.59,-3.63,-9.11,0.04,0.01,-0.05,517,461,454,501,401
-2.71,-3.85,-8.96,0.05,0.00,-0.04,517,461,453,502,401
-2.68,-3.84,-8.91,0.03,-0.00,-0.03,517,460,454,502,402
-2.61,-3.73,-9.09,0.03,0.01,-0.03,517,460,454,502,402
-2.45,-3.83,-8.79,0.04,-0.00,-0.04,517,460,454,502,402
-2.68,-3.82,-8.78,0.04,-0.00,-0.05,517,460,453,501,401
-2.63,-3.78,-8.98,0.04,0.01,-0.03,516,460,453,501,401
-2.57,-3.76,-8.92,0.03,-0.00,-0.03,516,460,453,501,401
-2.70,-3.84,-8.92,0.04,0.00,-0.04,517,460,453,501,401
-2.79,-3.77,-8.83,0.02,-0.01,-0.03,516,460,453,501,401
-2.57,-3.73,-8.91,0.03,-0.00,-0.04,517,460,453,501,401
-2.58,-3.85,-8.95,0.03,-0.00,-0.04,517,460,454,502,402
-2.53,-3.81,-8.92,0.02,0.00,-0.03,517,460,453,502,401
-2.50,-3.75,-8.93,0.04,-0.01,-0.04,517,460,454,502,401
-2.57,-3.81,-8.96,0.03,-0.01,-0.04,517,460,453,502,402
-2.66,-3.78,-8.89,0.03,0.01,-0.06,517,460,454,501,401
-2.48,-3.85,-8.94,0.04,0.00,-0.03,516,460,453,502,401
-2.69,-3.87,-8.92,0.03,-0.00,-0.03,517,460,453,501,401
-2.53,-3.72,-8.97,0.02,0.00,-0.02,516,460,453,501,401
END
-2.56,-3.75,-8.88,0.02,-0.00,-0.03,516,460,453,501,401
-2.53,-3.93,-9.06,0.03,0.01,-0.05,516,460,453,501,401
-2.40,-3.97,-8.77,0.03,-0.02,-0.05,516,460,453,501,401
-2.86,-3.99,-8.76,0.04,-0.00,-0.03,517,460,453,501,401
-2.53,-3.91,-8.86,0.03,0.02,-0.04,516,460,453,501,401
-2.47,-3.97,-8.99,0.04,-0.01,-0.02,517,460,453,501,401
-2.76,-3.93,-8.99,0.04,0.00,-0.04,517,460,453,501,401
-2.43,-4.08,-9.03,0.03,0.00,-0.03,516,460,453,501,401
-2.41,-3.96,-8.98,0.03,-0.01,-0.03,516,460,453,501,401
-2.91,-3.72,-8.85,0.02,-0.01,-0.04,516,460,453,501,400
-2.54,-3.86,-9.04,0.05,0.02,-0.02,516,460,453,501,401
-2.39,-4.04,-8.74,0.04,-0.01,-0.05,516,460,453,501,401
-2.73,-4.09,-8.93,0.04,0.00,-0.03,516,460,453,501,401
-2.44,-3.96,-9.00,0.02,-0.00,-0.03,516,460,453,501,401
-2.40,-3.90,-8.88,0.03,-0.01,-0.04,516,460,453,501,401
-2.72,-4.01,-8.85,0.03,-0.02,-0.04,516,460,453,501,401
-2.63,-3.83,-8.86,0.03,-0.00,-0.03,516,460,453,501,401
-2.52,-3.87,-8.88,0.03,-0.02,-0.04,516,460,453,501,401
-2.79,-3.85,-9.01,0.03,-0.03,-0.04,516,460,453,501,401
-2.69,-3.99,-8.89,0.03,-0.02,-0.04,516,460,453,501,400
-2.72,-3.98,-8.79,0.05,-0.01,-0.03,516,460,453,501,400
-2.62,-3.97,-8.84,0.04,-0.01,-0.05,516,460,453,501,400
-2.74,-3.95,-8.90,0.04,-0.02,-0.05,516,460,453,501,400
-2.62,-4.05,-9.06,0.04,0.00,-0.04,516,460,453,501,401
-2.82,-3.88,-8.85,0.03,-0.00,-0.06,516,460,453,501,401
-2.56,-3.80,-9.07,0.05,-0.00,-0.04,516,460,453,501,401
-2.73,-4.16,-8.83,0.01,-0.02,-0.05,516,460,453,501,400
-2.57,-3.85,-9.10,-0.00,-0.00,-0.03,516,460,453,501,401
-2.53,-3.66,-8.94,0.03,-0.00,-0.05,516,460,453,501,401
-2.75,-3.85,-8.89,0.05,0.01,-0.06,516,460,453,501,400
-2.52,-4.06,-8.75,0.03,0.01,-0.05,516,459,453,501,400
-2.73,-4.02,-8.85,0.02,-0.01,-0.05,516,460,453,500,401
-2.86,-4.01,-9.00,0.02,-0.00,-0.05,516,459,453,501,401
-2.61,-3.96,-9.07,0.04,0.03,-0.00,516,460,453,501,400
-2.59,-4.07,-8.87,0.04,-0.02,-0.04,516,460,453,501,400
-2.86,-3.82,-8.82,0.04,-0.00,-0.04,516,460,453,501,401
END
-2.23,-4.65,-8.42,0.03,-0.02,-0.06,528,485,470,524,463
-2.14,-4.37,-8.65,0.03,-0.00,-0.05,528,485,470,523,463
-2.19,-4.19,-9.04,0.06,0.02,-0.05,528,485,470,524,463
-2.02,-4.20,-8.88,0.01,-0.01,-0.03,527,484,470,523,463
-1.86,-4.20,-9.08,0.05,-0.01,-0.06,527,484,469,523,462
-2.25,-4.35,-8.97,0.02,-0.00,-0.02,527,484,469,523,462
-2.04,-4.27,-8.74,0.02,0.01,-0.05,527,484,469,523,462
-2.20,-4.09,-8.70,0.03,0.00,-0.05,527,484,469,523,462
-2.30,-4.31,-8.84,0.04,-0.01,-0.04,527,484,469,523,462
-2.00,-4.34,-8.88,0.03,-0.02,-0.06,527,484,469,523,462
-2.01,-4.14,-9.07,0.04,0.02,-0.04,527,484,469,523,462
-2.05,-4.32,-8.92,-0.00,-0.02,-0.04,527,484,469,523,462
-1.92,-4.31,-8.90,0.05,0.01,-0.05,527,484,469,523,462
-2.16,-4.13,-8.94,0.03,0.00,-0.05,527,484,469,523,462
-2.03,-4.19,-9.04,0.04,-0.02,-0.04,527,484,469,523,462
-1.81,-4.23,-8.99,0.06,-0.00,-0.06,527,484,469,522,462
-2.12,-4.33,-9.01,0.00,-0.01,-0.04,526,484,469,522,462
-2.07,-4.20,-9.04,0.02,-0.00,-0.04,526,483,469,522,461
-1.79,-4.27,-8.96,0.05,0.01,-0.05,526,483,468,522,462
-2.10,-4.29,-8.76,0.04,-0.00,-0.05,526,483,469,522,461
-1.95,-4.19,-8.92,0.03,0.01,-0.04,526,484,469,523,462
-1.89,-4.17,-8.88,0.04,0.01,-0.06,526,483,469,522,462
-2.18,-4.25,-8.85,0.03,0.00,-0.03,526,483,469,522,461
-1.81,-4.31,-8.99,0.03,0.00,-0.05,526,483,469,522,461
-1.88,-4.36,-8.90,0.03,0.00,-0.04,526,483,468,522,461
-2.30,-4.35,-8.71,0.03,-0.01,-0.04,526,483,468,522,461
-2.09,-4.19,-8.64,0.03,0.01,-0.03,526,483,468,521,461
-1.97,-4.19,-9.06,0.03,0.01,-0.04,526,483,468,521,461
-2.04,-4.33,-9.01,0.02,0.00,-0.06,526,483,468,521,461
-1.95,-4.11,-8.85,0.03,-0.01,-0.05,526,483,468,521,461
-1.94,-4.21,-8.87,0.04,-0.01,-0.05,526,483,468,521,461
-1.96,-4.33,-8.79,0.03,-0.01,-0.05,526,483,468,521,461
-1.87,-4.30,-8.76,0.03,-0.01,-0.06,526,483,468,521,461
-1.93,-4.28,-8.69,0.02,-0.01,-0.05,526,483,468,521,461
-2.33,-4.14,-9.11,0.01,-0.01,-0.03,526,483,468,521,461
-2.15,-4.34,-8.67,0.02,-0.01,-0.04,526,483,468,521,461
END
-2.01,-4.33,-8.89,0.06,-0.02,-0.05,524,481,466,518,460
-2.05,-3.92,-8.99,0.05,0.02,-0.03,524,481,466,518,460
-1.99,-4.24,-8.82,0.05,0.02,-0.03,524,481,466,518,460
-1.87,-4.19,-8.92,0.05,0.02,-0.05,524,481,466,518,460
-1.85,-4.05,-9.17,0.03,0.05,-0.00,524,481,466,518,460
-1.92,-4.28,-9.20,0.03,0.01,-0.05,524,481,466,518,460
-1.84,-3.96,-9.15,0.03,0.01,-0.04,524,481,466,518,460
-1.91,-4.13,-8.84,0.04,0.02,-0.03,524,482,466,518,460
-1.90,-4.19,-8.89,0.04,0.00,-0.03,524,481,465,518,460
-2.25,-4.31,-8.99,0.03,0.02,-0.00,524,481,466,518,460
-1.39,-4.23,-9.25,0.02,-0.00,-0.06,524,481,466,518,460
-1.89,-4.12,-8.76,0.03,0.01,-0.02,524,481,465,518,460
-1.90,-4.18,-8.97,0.01,-0.01,-0.01,524,481,465,518,460
-2.05,-4.09,-9.10,0.02,0.01,-0.02,524,481,465,518,460
-1.74,-4.08,-8.66,0.01,-0.02,-0.04,524,481,465,518,460
-1.94,-4.09,-8.88,0.02,-0.02,-0.04,524,481,465,518,460
-2.03,-4.11,-8.80,0.03,0.00,-0.03,524,481,465,518,460
-1.82,-4.03,-8.92,0.03,0.01,-0.05,524,481,465,518,460
-2.02,-4.17,-8.78,0.04,0.00,-0.04,524,481,465,518,460
-1.95,-4.16,-8.94,0.03,0.01,-0.03,524,481,465,517,460
-1.70,-3.99,-9.04,0.03,0.00,-0.04,524,481,465,518,460
-1.91,-4.13,-9.10,0.05,-0.00,-0.04,524,480,465,517,460
-2.08,-4.21,-8.97,0.04,0.01,-0.05,523,480,465,517,460
-1.84,-4.11,-8.95,0.04,0.01,-0.05,524,480,465,517,460
-1.77,-4.25,-9.05,0.04,-0.00,-0.03,523,480,465,517,460
-1.95,-4.15,-8.95,0.02,-0.01,-0.06,523,480,465,517,460
-1.92,-4.09,-8.96,0.03,0.01,-0.03,523,480,465,517,460
-2.02,-4.15,-8.94,0.02,0.02,0.00,523,429,465,517,459
-1.56,-4.18,-8.94,0.04,0.01,-0.07,523,438,465,517,460
-1.75,-4.31,-8.98,0.02,-0.02,-0.04,523,440,465,517,460
-2.05,-4.20,-8.97,0.02,-0.01,-0.03,523,438,465,517,459
-1.80,-4.07,-8.85,0.04,0.01,-0.03,523,433,465,517,459
-1.87,-4.11,-9.06,0.03,-0.01,-0.02,523,431,465,517,460
-1.92,-4.23,-8.85,0.03,0.00,-0.03,522,432,465,517,459
-1.61,-4.04,-9.13,0.02,0.01,-0.03,523,433,465,517,459
-2.06,-3.97,-9.05,0.01,0.00,-0.02,523,447,464,517,459
END
-1.90,-4.06,-9.14,0.03,0.01,-0.03,521,396,463,515,459
-2.00,-4.36,-8.95,0.06,-0.02,-0.04,522,387,464,515,459
-2.14,-4.27,-8.62,0.06,-0.01,-0.03,522,396,464,515,459
-2.05,-4.03,-8.86,0.07,-0.00,-0.05,522,383,464,515,459
-1.95,-4.36,-8.59,0.08,-0.00,-0.08,522,395,464,515,459
-1.79,-4.74,-8.65,0.05,0.02,-0.06,522,392,464,515,459
-1.79,-4.75,-8.71,-0.00,0.00,-0.02,522,407,464,515,459
-1.54,-4.24,-9.09,0.01,0.01,-0.03,522,373,463,515,459
-1.72,-4.27,-8.90,0.03,-0.00,-0.03,521,392,463,515,459
-1.95,-4.33,-8.89,0.02,0.00,-0.03,522,389,463,515,459
-1.69,-4.29,-8.95,-0.01,0.02,-0.01,521,384,463,515,459
-1.68,-3.93,-9.10,0.02,-0.00,-0.04,521,386,463,515,459
-1.95,-4.06,-8.81,0.05,-0.02,-0.04,522,399,463,515,459
-1.60,-4.46,-9.30,-0.02,-0.05,-0.04,521,400,463,515,459
-1.92,-4.30,-8.81,0.05,-0.01,-0.06,521,399,463,515,459
-2.01,-4.27,-9.15,0.04,0.01,-0.04,521,396,463,515,459
-1.78,-4.21,-8.94,0.04,0.00,-0.03,521,384,463,515,459
-1.79,-4.17,-8.85,0.07,-0.02,-0.05,522,401,463,515,459
-1.66,-4.44,-8.85,0.04,-0.03,-0.05,521,405,463,514,458
-1.86,-4.28,-8.87,0.06,-0.02,-0.06,521,403,463,514,458
-2.10,-4.67,-8.38,0.05,-0.02,-0.10,521,400,463,514,458
-1.82,-4.40,-9.05,0.05,0.03,-0.02,521,398,463,514,459
-1.74,-4.52,-8.64,0.03,-0.02,-0.05,521,401,463,514,458
-2.21,-4.38,-8.64,0.07,-0.03,-0.05,521,404,463,514,458
-2.16,-4.46,-8.75,0.05,0.01,-0.02,521,403,463,515,458
-1.84,-4.57,-8.61,0.03,0.01,-0.03,521,404,463,514,458
-1.71,-4.47,-8.87,0.01,-0.00,-0.03,521,397,463,514,458
-1.95,-4.34,-8.69,0.02,0.01,-0.02,521,456,463,514,459
-1.80,-4.49,-9.04,0.05,0.01,-0.04,521,457,463,514,458
-1.82,-4.69,-8.64,0.05,-0.00,-0.04,521,458,463,514,458
-1.89,-4.39,-8.62,0.03,0.00,-0.03,521,398,463,514,458
-1.95,-4.32,-8.69,0.04,-0.00,-0.04,521,402,463,514,458
-1.70,-4.55,-8.87,0.04,0.01,-0.03,521,385,463,514,458
-1.84,-4.43,-9.07,0.03,0.01,-0.04,521,387,463,514,458
-1.86,-4.21,-9.05,0.01,-0.00,-0.03,521,395,462,514,458
-1.76,-4.36,-8.87,0.04,0.00,-0.05,521,390,463,514,458
END
-1.90,-4.52,-8.89,0.02,-0.03,-0.06,520,475,462,512,458
-1.77,-4.57,-8.69,0.07,-0.02,-0.04,520,476,462,512,458
-1.89,-4.78,-8.97,0.02,0.01,-0.02,520,476,462,512,457
-1.32,-4.25,-9.02,-0.01,-0.01,-0.04,520,476,461,512,457
-2.02,-4.16,-8.82,0.06,-0.05,-0.03,520,473,461,512,457
-2.20,-4.54,-8.52,0.04,-0.03,-0.03,520,471,462,512,457
-1.82,-4.41,-8.92,0.00,-0.00,-0.00,520,474,461,512,458
-1.84,-4.07,-8.94,-0.01,-0.00,-0.02,520,473,462,512,457
-2.01,-3.92,-8.66,0.06,0.01,-0.03,520,476,462,512,457
-1.87,-4.53,-8.66,0.05,-0.01,-0.05,520,476,461,512,457
-1.78,-4.19,-8.98,0.04,-0.01,-0.08,520,477,462,512,457
-1.92,-4.31,-8.76,0.02,-0.00,-0.04,520,477,462,512,457
-1.69,-4.31,-8.71,0.04,-0.01,-0.07,520,477,461,512,457
-1.89,-4.42,-8.76,0.04,-0.00,-0.05,520,477,461,512,457
-1.74,-4.34,-8.97,0.03,0.01,-0.03,520,476,461,511,457
-1.78,-4.39,-8.71,0.03,0.01,-0.02,520,475,461,511,457
-1.72,-4.11,-9.07,0.03,0.00,-0.04,520,468,461,512,457
-1.83,-4.26,-9.12,0.03,0.00,-0.03,520,464,461,512,457
-1.66,-4.40,-8.97,0.02,-0.01,-0.05,520,443,461,512,457
-1.67,-4.22,-8.92,0.03,-0.01,-0.05,520,425,461,511,457
-2.12,-4.35,-8.82,0.02,-0.02,-0.04,520,414,461,512,457
-1.67,-4.12,-9.07,0.04,-0.01,-0.04,520,412,461,512,457
-1.70,-4.45,-8.67,0.03,-0.03,-0.06,520,423,461,512,457
-2.25,-4.44,-8.83,0.01,-0.01,-0.02,520,425,461,512,457
-1.71,-4.26,-8.88,0.02,0.02,-0.01,520,420,461,511,457
-1.75,-3.81,-8.93,0.03,0.00,-0.02,520,477,461,511,457
-1.90,-4.01,-8.64,0.04,-0.06,-0.07,520,477,461,511,457
-2.23,-4.62,-8.71,-0.00,-0.01,-0.08,520,477,461,511,457
-1.93,-3.99,-9.09,-0.02,0.04,-0.08,520,477,461,511,457
-1.68,-4.30,-9.08,0.02,0.00,-0.06,520,477,461,511,457
-1.55,-4.24,-9.15,0.06,-0.03,-0.06,520,477,461,511,457
-1.91,-4.11,-9.19,0.07,-0.02,-0.04,519,473,461,511,457
-1.93,-4.46,-8.68,0.02,-0.01,-0.03,520,476,461,511,457
-1.87,-3.92,-8.97,0.03,-0.00,-0.03,520,475,461,511,457
-2.05,-4.23,-8.64,0.04,-0.01,-0.04,520,475,461,511,457
-1.82,-4.34,-8.84,0.06,0.00,-0.03,520,475,461,511,457
END
-1.83,-4.36,-8.93,0.03,-0.01,-0.05,519,461,460,510,453
-2.01,-3.94,-9.07,0.05,0.01,-0.04,519,460,460,510,453
-2.18,-4.31,-8.97,0.06,0.02,-0.05,519,463,460,510,453
-2.20,-4.26,-8.83,0.02,0.01,-0.03,519,463,460,510,453
-2.10,-3.78,-8.82,0.09,0.05,-0.09,519,459,460,510,453
-2.01,-4.26,-9.04,0.07,0.02,-0.04,519,461,460,510,453
-1.87,-4.40,-8.82,0.02,-0.01,-0.05,519,461,460,510,453
-2.14,-4.34,-8.66,-0.01,-0.02,-0.05,519,462,460,510,453
-1.96,-4.19,-8.89,0.00,-0.01,-0.05,518,461,460,510,452
-2.03,-4.18,-8.90,0.02,-0.02,-0.05,519,462,460,510,453
-2.16,-4.26,-8.84,0.03,0.00,-0.05,518,464,460,510,452
-2.01,-4.26,-8.84,0.02,0.01,-0.06,518,464,460,510,452
-1.89,-4.19,-9.01,0.03,0.02,-0.03,518,465,460,510,453
-1.92,-4.34,-8.97,0.02,0.01,-0.03,518,466,460,510,452
-2.02,-4.21,-8.93,0.05,0.02,-0.03,518,469,460,510,453
-1.67,-4.16,-9.08,0.03,0.00,-0.01,518,468,460,510,452
-1.95,-4.14,-8.92,0.02,-0.01,-0.03,519,468,460,510,453
-1.97,-4.08,-8.94,0.03,-0.00,-0.04,518,469,460,510,453
-1.97,-4.16,-8.89,0.04,-0.00,-0.04,518,469,460,510,453
-2.05,-4.15,-8.91,0.03,0.01,-0.03,518,469,460,510,453
-1.88,-4.08,-9.01,0.05,-0.00,-0.05,518,468,460,510,453
-2.15,-4.33,-8.89,0.03,-0.01,-0.04,518,468,459,510,452
-2.03,-4.19,-8.82,0.02,0.01,-0.05,518,468,460,510,452
-1.90,-4.15,-8.92,0.02,0.01,-0.04,518,469,460,510,452
-1.98,-4.05,-8.99,0.03,0.00,-0.05,518,468,459,510,452
-2.05,-4.26,-8.94,0.04,-0.01,-0.06,518,467,459,510,452
-2.00,-4.26,-8.86,0.03,0.02,-0.06,518,466,459,510,452
-1.84,-4.22,-8.90,0.02,0.02,-0.04,518,467,460,510,452
-1.75,-4.16,-9.06,0.02,0.02,-0.02,518,468,460,510,452
-1.67,-4.13,-9.12,0.01,0.01,-0.04,518,467,460,510,452
-1.90,-4.13,-8.94,0.04,0.01,-0.04,518,468,460,510,452
-1.92,-4.02,-9.16,0.04,0.02,-0.04,518,468,459,510,452
-1.74,-4.07,-9.02,0.03,0.02,0.02,518,467,460,509,452
-1.74,-4.36,-8.86,0.06,0.00,-0.03,518,466,459,510,452
-1.68,-4.21,-9.11,0.03,0.00,-0.03,518,465,460,509,452
-1.73,-4.17,-9.10,0.04,-0.02,-0.02,518,466,459,509,452
END
-2.01,-4.13,-9.10,0.06,-0.02,0.02,518,475,459,509,451
-1.23,-4.44,-9.02,0.06,0.02,-0.08,518,475,459,509,452
-1.62,-4.75,-8.76,0.03,-0.03,-0.05,518,475,459,509,451
-1.79,-4.52,-8.94,0.00,-0.03,-0.05,518,476,459,509,451
-1.45,-4.03,-9.06,0.03,-0.02,-0.02,518,476,459,508,451
-1.79,-4.44,-8.84,0.02,-0.02,-0.02,518,476,459,509,451
-2.22,-4.31,-8.78,-0.02,-0.01,-0.05,518,475,459,508,451
-1.69,-4.24,-9.09,-0.01,0.03,-0.06,518,475,458,508,451
-1.76,-4.34,-9.04,-0.01,0.00,-0.06,518,475,458,508,451
-1.83,-4.00,-8.91,0.05,0.00,-0.05,518,475,459,508,451
-1.31,-4.47,-9.03,0.05,-0.02,-0.05,518,475,459,508,451
-1.67,-4.25,-9.05,-0.00,-0.04,-0.05,518,475,458,508,451
-2.06,-4.07,-9.03,0.02,-0.00,-0.04,518,475,459,508,451
-1.61,-4.06,-8.97,0.05,0.02,-0.03,518,475,459,508,451
-1.75,-4.44,-8.64,0.05,-0.04,-0.07,518,476,459,508,451
-2.00,-4.24,-9.17,0.00,-0.03,-0.04,518,475,458,509,451
-1.69,-4.43,-8.77,0.07,0.04,0.01,518,475,458,508,451
-1.82,-4.02,-9.06,0.02,-0.02,-0.01,518,475,458,508,451
-2.09,-3.93,-8.96,0.04,-0.02,-0.02,518,475,458,508,451
-1.87,-4.29,-8.85,0.04,0.02,-0.03,518,475,458,508,451
-1.57,-4.47,-8.81,-0.01,0.00,-0.04,518,475,458,508,451
-1.99,-3.91,-9.12,0.01,0.01,-0.03,518,475,458,508,451
-1.77,-4.22,-8.94,0.05,0.01,-0.03,518,475,458,508,451
-1.71,-4.41,-8.78,0.04,-0.00,-0.04,518,475,458,508,451
-1.83,-4.18,-8.92,0.03,0.00,-0.03,518,475,458,508,451
-1.67,-4.19,-8.86,-0.00,-0.02,-0.04,518,475,458,508,451
-1.84,-4.14,-8.76,0.03,0.00,-0.05,518,475,458,508,451
-1.78,-4.16,-9.24,0.03,0.02,-0.04,518,475,458,508,451
-1.80,-4.37,-8.97,0.03,0.01,-0.02,518,475,458,508,451
-1.61,-4.33,-8.94,0.06,0.02,-0.03,518,475,458,508,451
-1.64,-4.25,-9.04,0.00,-0.00,-0.02,518,475,458,508,451
-1.56,-4.02,-8.89,0.01,-0.01,-0.01,518,475,458,508,451
-1.88,-4.04,-8.87,0.01,-0.03,-0.05,517,475,458,508,451
-1.80,-3.98,-8.89,0.03,0.01,-0.04,518,475,458,508,451
-1.87,-4.26,-9.02,0.03,-0.00,-0.04,518,475,458,508,451
-2.10,-4.04,-8.88,0.03,0.01,-0.03,518,475,458,508,451
END
-1.51,-3.96,-9.26,0.05,0.01,-0.02,517,474,457,507,450
-1.90,-4.40,-8.82,0.04,-0.03,-0.06,517,474,457,507,450
-2.02,-4.21,-8.96,0.01,-0.01,-0.04,517,474,457,506,450
-1.98,-4.13,-8.83,0.02,0.01,-0.02,517,474,457,506,450
-1.82,-3.94,-8.94,0.05,0.01,-0.03,517,474,457,506,450
-1.86,-4.11,-8.87,0.05,0.00,-0.04,517,474,457,506,450
-1.83,-4.30,-8.96,0.03,0.01,-0.04,517,474,457,506,450
-1.82,-4.02,-9.04,0.01,0.01,-0.04,516,474,457,506,450
-2.00,-3.85,-8.99,0.03,-0.00,-0.05,517,474,457,507,450
-1.64,-4.11,-9.23,0.06,0.01,-0.03,517,463,457,506,450
-1.84,-4.32,-8.76,0.03,-0.01,-0.04,517,406,457,506,450
-1.88,-4.08,-9.07,0.05,0.02,-0.02,517,374,457,506,450
-1.87,-4.06,-8.89,0.05,-0.01,-0.03,517,474,457,506,450
-1.69,-4.17,-8.79,0.07,0.01,-0.04,516,474,457,506,450
-1.84,-4.44,-8.71,0.02,-0.01,-0.03,516,469,457,506,450
-1.80,-4.21,-8.98,0.03,-0.00,-0.03,516,472,457,506,450
-1.72,-4.24,-8.98,0.01,-0.01,-0.05,516,474,457,506,450
-1.66,-4.26,-9.03,0.02,0.01,-0.03,516,470,457,506,450
-1.62,-4.11,-9.04,0.03,-0.01,-0.02,516,373,457,506,450
-1.84,-4.11,-8.85,0.05,-0.02,-0.05,516,474,457,506,450
-1.93,-4.28,-8.89,0.03,0.00,-0.03,516,474,457,506,450
-1.79,-4.00,-8.88,0.02,-0.03,-0.08,516,472,457,506,450
-2.04,-4.00,-9.01,0.04,-0.00,-0.06,516,474,457,506,450
-2.07,-4.32,-8.89,0.03,0.01,-0.05,516,474,457,506,450
-1.74,-4.42,-8.93,0.03,0.01,-0.04,516,473,457,506,449
-1.87,-4.33,-8.96,0.03,-0.00,-0.04,516,420,457,506,450
-1.86,-4.27,-8.89,0.03,0.02,-0.02,516,473,457,506,449
-1.78,-4.16,-8.98,0.04,0.01,-0.05,516,474,457,505,450
-1.78,-4.02,-9.04,0.03,0.01,-0.03,516,474,457,506,449
-1.85,-4.25,-8.78,0.04,0.01,-0.04,516,418,457,506,449
-1.61,-4.00,-9.10,0.03,0.00,-0.06,516,470,456,506,450
-1.72,-4.21,-9.02,0.04,0.01,-0.04,516,471,457,506,449
-1.82,-4.27,-8.80,0.03,-0.01,-0.03,516,471,457,506,449
-1.76,-4.12,-9.16,0.03,-0.01,-0.04,516,473,457,506,449
-1.90,-4.21,-8.77,0.05,-0.01,-0.01,516,474,457,505,449
-1.87,-4.06,-8.87,0.04,0.01,-0.04,515,473,457,505,449
END
-1.50,-4.31,-8.77,0.05,0.01,-0.07,515,472,457,508,451
-2.01,-4.02,-8.71,0.00,-0.02,-0.04,515,470,456,508,450
-2.07,-3.93,-8.87,0.05,0.02,-0.04,515,469,456,507,450
-2.10,-4.21,-8.74,0.00,0.00,-0.05,515,470,456,508,450
-1.97,-4.02,-9.04,0.05,0.01,-0.05,515,465,456,508,449
-1.67,-3.92,-9.28,0.03,0.01,-0.05,515,451,456,507,449
-1.75,-4.11,-9.10,0.02,-0.01,-0.04,515,430,456,507,448
-2.00,-4.09,-8.82,0.01,-0.02,-0.03,515,431,456,507,448
-1.96,-3.95,-8.99,0.01,0.00,-0.03,515,433,456,507,448
-1.87,-3.84,-8.77,0.00,-0.02,-0.04,515,442,456,507,448
-1.97,-3.85,-9.10,0.04,0.02,-0.03,515,435,456,507,448
-1.77,-4.11,-9.10,0.02,0.01,-0.05,515,461,456,507,448
-1.87,-3.93,-9.07,0.04,0.01,-0.03,515,461,456,507,448
-1.92,-4.01,-9.17,0.02,0.01,-0.03,514,461,455,507,447
-1.84,-3.84,-9.05,0.05,0.00,-0.05,514,471,455,507,448
-1.96,-3.97,-8.83,0.04,0.01,-0.03,515,472,456,507,448
-1.91,-4.01,-8.90,0.03,-0.00,-0.04,515,472,456,507,448
-1.77,-3.83,-9.40,0.04,0.02,-0.03,515,472,456,507,447
-1.56,-4.08,-9.27,0.03,0.01,-0.04,515,472,455,507,448
-1.82,-4.15,-9.04,0.02,0.00,-0.02,515,472,455,507,448
-1.82,-3.81,-9.10,0.03,-0.00,-0.08,515,472,455,507,447
-2.07,-3.81,-8.92,0.04,0.00,-0.03,515,472,455,507,448
-1.77,-4.12,-9.04,0.03,-0.00,-0.05,514,472,455,507,447
-1.72,-4.10,-8.97,0.02,0.00,-0.03,514,472,455,506,447
-1.84,-4.04,-9.08,0.02,-0.01,-0.03,514,471,455,506,447
-1.87,-3.96,-9.01,0.03,-0.01,-0.03,515,472,455,506,447
-1.90,-3.93,-8.86,0.04,0.00,-0.02,515,472,456,507,448
-1.92,-4.02,-8.85,0.04,0.01,-0.05,515,472,455,507,448
-1.93,-4.17,-8.92,0.02,0.00,-0.03,515,472,455,506,448
-1.67,-3.90,-8.87,0.04,0.01,-0.03,515,472,455,506,447
-1.65,-3.88,-9.07,0.02,-0.00,-0.02,515,472,455,506,448
-1.89,-3.94,-9.04,0.03,-0.01,-0.04,514,472,455,506,447
-1.97,-3.97,-9.12,0.03,-0.00,-0.03,514,472,455,506,447
-1.76,-3.96,-9.10,0.03,0.00,-0.03,515,472,455,506,447
-1.80,-3.93,-9.01,0.02,-0.01,-0.03,514,472,455,506,447
-1.76,-3.94,-8.95,0.04,-0.01,-0.03,514,472,455,506,447
END
-1.84,-4.05,-9.09,0.03,-0.00,-0.03,514,470,455,505,447
-1.98,-4.25,-9.01,0.05,-0.00,-0.04,514,469,455,505,447
-1.90,-4.23,-8.92,0.02,0.01,-0.02,514,468,455,505,447
-1.77,-3.91,-8.94,0.02,-0.01,-0.02,514,469,455,505,447
-1.72,-3.87,-9.14,0.06,-0.01,-0.03,514,468,455,505,447
-1.84,-4.19,-9.04,0.05,0.00,-0.03,514,468,455,505,447
-1.76,-4.00,-9.08,0.03,0.00,-0.02,514,469,454,505,447
-1.77,-3.89,-9.15,0.01,-0.02,-0.02,514,470,454,505,447
-1.87,-3.91,-9.11,0.03,-0.02,-0.05,514,470,455,504,447
-1.86,-4.03,-8.94,0.03,-0.01,-0.04,514,469,454,504,447
-1.79,-4.01,-9.25,0.02,-0.01,-0.03,514,471,454,505,447
-2.06,-4.07,-8.89,0.04,-0.01,-0.04,514,471,455,505,447
-1.79,-4.13,-9.12,0.01,0.01,-0.04,514,469,455,505,447
-1.93,-3.96,-8.96,0.04,0.00,-0.04,514,466,455,505,447
-1.91,-4.08,-9.02,0.03,-0.00,-0.03,514,469,455,505,447
-1.74,-3.91,-9.07,0.03,0.01,-0.03,514,470,455,505,447
-1.90,-3.91,-9.11,0.02,-0.01,-0.02,514,470,454,504,447
-1.86,-3.87,-8.86,0.05,0.00,-0.04,514,415,454,505,447
-1.83,-4.10,-8.84,0.01,-0.00,-0.07,514,471,455,504,447
-1.87,-3.83,-9.17,0.05,0.02,-0.04,514,472,454,504,447
-1.77,-4.06,-9.13,0.04,0.00,-0.03,514,472,454,504,446
-1.82,-4.09,-8.88,0.02,-0.01,-0.03,513,472,454,504,447
-2.06,-3.80,-8.90,0.04,-0.01,-0.04,514,471,454,504,447
-1.91,-3.89,-8.97,0.04,-0.01,-0.02,514,471,454,504,447
-1.97,-4.08,-8.91,0.04,-0.00,-0.04,514,470,454,504,447
-1.74,-3.96,-9.02,0.02,0.01,-0.04,514,470,454,504,447
-1.87,-3.96,-8.97,0.03,-0.00,-0.03,514,469,454,504,447
-1.83,-3.96,-9.24,0.03,0.00,-0.04,514,471,454,504,447
-1.87,-4.02,-8.61,0.03,0.00,-0.04,514,471,454,504,447
-1.95,-3.73,-9.20,0.05,-0.00,-0.05,513,471,454,504,446
-1.91,-3.98,-8.95,0.04,-0.00,-0.05,514,470,454,504,446
-1.82,-4.16,-9.00,0.04,-0.00,-0.03,513,471,454,504,446
-1.78,-3.95,-9.12,0.04,0.00,-0.02,514,471,454,504,446
-1.80,-3.78,-9.16,0.04,-0.00,-0.04,514,471,454,504,447
-1.74,-4.06,-9.07,0.05,-0.02,-0.04,514,471,454,504,447
-1.98,-4.21,-8.91,0.03,-0.02,-0.04,514,471,454,504,446
END
-1.74,-3.82,-8.94,0.02,-0.00,-0.04,513,463,454,504,446
-2.00,-4.13,-8.92,0.02,-0.03,-0.03,513,464,454,504,446
-1.90,-4.02,-8.92,0.03,-0.00,0.00,513,465,454,504,446
-1.80,-3.73,-9.16,0.03,-0.00,-0.00,513,465,454,504,446
-1.74,-3.98,-8.91,0.06,-0.00,-0.03,513,464,454,504,446
-1.87,-4.12,-9.04,0.04,0.01,-0.04,513,465,453,504,446
-1.67,-4.07,-8.82,0.06,0.03,-0.04,513,465,454,504,446
-1.42,-4.22,-9.04,0.01,-0.02,-0.05,513,467,454,504,446
-1.72,-4.28,-8.84,0.00,-0.04,-0.05,513,468,454,503,446
-1.95,-4.09,-9.10,0.02,-0.02,-0.03,513,467,454,504,446
-1.69,-3.83,-9.06,0.03,-0.02,-0.02,513,468,454,504,446
-1.69,-4.11,-8.91,0.04,-0.02,-0.04,513,466,454,504,446
-1.97,-4.07,-8.90,0.03,-0.00,-0.03,513,466,454,504,446
-1.93,-3.93,-8.87,0.02,0.01,-0.03,513,469,454,504,446
-1.69,-4.03,-8.88,0.04,0.01,-0.05,513,469,454,504,446
-2.07,-4.18,-8.93,0.03,0.01,-0.04,513,469,453,504,446
-1.74,-4.03,-9.23,0.05,0.02,-0.04,513,469,454,504,446
-1.68,-4.13,-9.17,0.03,0.01,-0.03,513,469,454,503,446
-1.64,-4.12,-8.98,0.03,-0.01,-0.04,513,469,454,504,446
-1.80,-4.00,-9.13,0.03,-0.00,-0.03,513,469,454,504,446
-1.74,-4.18,-9.04,0.01,-0.01,-0.03,513,469,454,504,446
-1.87,-4.06,-9.02,0.04,-0.01,-0.04,513,470,454,504,446
-1.95,-4.09,-8.99,0.02,-0.01,-0.02,513,470,454,504,446
-1.76,-4.03,-8.95,0.04,0.00,-0.03,513,471,454,504,446
-1.77,-3.85,-9.12,0.02,-0.00,-0.04,513,471,454,503,446
-1.77,-4.04,-9.04,0.04,0.01,-0.04,513,471,454,504,446
-1.74,-4.13,-9.15,0.03,-0.00,-0.04,513,470,454,503,446
-1.83,-4.10,-9.02,0.03,0.00,-0.03,513,471,453,504,446
-1.77,-3.96,-9.11,0.05,0.00,-0.03,513,471,454,503,446
-1.88,-4.07,-8.99,0.00,-0.01,-0.02,513,471,454,504,446
-1.72,-3.92,-9.09,0.05,0.01,-0.04,513,471,454,504,446
-2.02,-4.11,-9.03,0.02,-0.00,-0.03,513,470,454,504,446
-1.65,-3.93,-8.98,0.03,0.01,-0.03,513,470,454,504,446
-1.77,-4.13,-9.04,0.03,-0.02,-0.06,513,471,454,504,446
-2.05,-4.15,-8.97,0.02,-0.00,-0.03,513,471,454,503,446
-1.60,-3.96,-9.11,0.02,-0.00,-0.01,513,471,454,503,446
END
-1.82,-4.12,-8.94,0.03,-0.01,-0.02,513,467,453,503,446
-2.07,-4.11,-8.98,0.04,0.00,-0.02,512,467,454,503,444
-1.68,-4.02,-8.99,0.03,0.00,-0.02,513,467,454,503,446
-2.05,-3.98,-8.92,0.03,-0.02,-0.03,513,466,454,503,446
-1.89,-3.93,-8.93,0.04,0.01,-0.05,513,467,454,503,446
-1.85,-4.08,-9.00,0.04,0.00,-0.04,513,466,453,503,446
-2.01,-3.92,-9.11,0.02,0.00,-0.04,513,467,454,503,446
-1.92,-3.90,-9.06,0.03,0.01,-0.03,513,466,454,503,446
-1.81,-4.09,-9.07,0.04,-0.01,-0.04,513,466,453,503,444
-1.84,-4.19,-9.04,0.02,-0.00,-0.03,513,466,454,503,446
-1.87,-3.87,-9.16,0.03,0.03,-0.02,512,466,453,503,446
-1.68,-4.03,-9.06,0.03,-0.01,-0.03,512,466,453,503,445
-1.87,-3.98,-8.99,0.05,-0.00,-0.06,512,465,453,503,446
-1.64,-4.16,-8.98,0.02,-0.01,-0.07,512,465,453,503,446
-1.86,-4.07,-9.10,0.03,0.01,-0.03,513,465,453,503,446
-1.81,-4.19,-8.82,0.02,-0.00,-0.04,513,465,453,503,446
-1.98,-4.08,-8.94,0.02,-0.00,-0.04,513,465,453,503,446
-1.72,-4.04,-8.99,0.03,-0.01,-0.04,513,465,454,503,446
-1.97,-4.01,-9.02,0.03,-0.01,-0.03,513,465,453,503,447
-2.00,-4.05,-9.08,0.04,0.02,-0.03,513,465,453,503,445
-1.67,-3.91,-9.01,0.02,-0.00,-0.03,513,465,453,503,446
-1.90,-4.14,-8.95,0.04,-0.01,-0.05,512,465,453,503,446
-2.02,-4.06,-8.87,0.03,0.01,-0.03,512,465,453,503,446
-1.71,-4.03,-9.04,0.04,-0.00,-0.05,513,464,453,503,445
-1.88,-4.16,-9.01,0.02,-0.01,-0.05,512,464,453,503,446
-1.68,-4.06,-8.89,0.05,0.01,-0.03,513,465,453,503,447
-1.95,-4.08,-9.12,0.03,-0.00,-0.02,513,464,453,503,446
-1.84,-3.90,-9.13,0.04,0.01,-0.02,513,464,454,503,446
-1.64,-3.96,-9.02,0.04,-0.01,-0.03,513,464,453,503,446
-2.15,-4.16,-8.56,0.03,-0.03,-0.06,513,465,454,503,446
-1.70,-4.16,-8.74,0.04,-0.00,-0.03,513,463,453,503,446
-1.87,-4.01,-8.99,0.04,-0.02,-0.03,513,463,453,503,446
-1.91,-3.96,-9.04,0.05,-0.00,-0.02,512,463,453,503,445
-1.84,-4.13,-8.91,0.01,-0.00,-0.03,512,462,453,503,446
-1.97,-3.90,-8.85,0.02,0.00,-0.05,512,462,453,502,446
-1.95,-4.01,-8.99,0.03,-0.00,-0.03,512,463,453,502,445
END
-1.95,-4.19,-8.92,0.04,0.01,-0.05,512,462,453,502,445
-1.76,-4.09,-9.00,0.03,-0.01,-0.04,512,462,453,502,446
-2.05,-3.95,-8.92,0.04,0.01,-0.04,512,461,453,502,445
-1.75,-4.08,-9.08,0.01,0.00,-0.03,512,462,453,502,445
-1.87,-3.92,-9.03,0.04,0.00,-0.04,512,462,453,502,445
-1.73,-4.03,-9.17,0.03,-0.00,-0.04,512,462,453,502,445
-1.90,-3.90,-9.17,0.03,-0.00,-0.05,512,462,453,502,445
-1.56,-4.19,-8.98,0.05,0.02,-0.01,512,462,453,502,445
-1.72,-4.20,-8.84,0.03,-0.04,-0.04,512,462,453,502,445
-2.25,-3.78,-9.01,0.04,0.01,0.00,512,463,453,502,445
-1.82,-3.96,-9.15,0.03,0.02,-0.01,512,463,453,502,446
-1.87,-4.03,-8.81,0.03,-0.02,-0.04,512,463,453,502,445
-1.98,-3.96,-9.04,0.02,0.01,-0.04,512,464,453,502,445
-1.51,-4.25,-8.76,0.01,-0.01,-0.07,512,464,453,502,445
-1.92,-4.04,-8.89,0.02,-0.01,-0.05,512,464,453,502,445
-2.02,-3.97,-8.99,0.02,0.00,-0.02,512,463,453,502,445
-1.79,-3.93,-8.98,0.05,0.02,-0.01,512,462,453,502,445
-1.67,-3.97,-9.10,0.03,0.01,-0.03,512,465,453,502,445
-1.92,-3.98,-9.02,0.04,0.00,-0.03,512,466,453,502,445
-1.79,-4.16,-8.99,0.04,0.00,-0.03,512,465,453,502,445
-1.85,-4.09,-8.99,0.03,-0.00,-0.04,512,466,453,502,445
-1.83,-4.06,-9.20,0.03,0.01,-0.04,512,466,453,502,445
-1.71,-3.89,-8.87,0.01,-0.02,-0.03,512,466,453,502,446
-1.79,-3.95,-9.10,0.04,0.01,-0.05,512,470,453,502,445
-1.84,-4.19,-9.04,0.03,0.00,-0.03,512,470,453,502,445
-1.61,-3.96,-9.12,0.04,-0.01,-0.05,512,470,453,502,445
-1.89,-4.13,-9.00,0.03,-0.00,-0.03,512,470,453,502,445
-1.90,-4.01,-8.74,0.05,-0.01,-0.02,512,470,453,502,445
-1.85,-4.15,-8.90,0.04,0.00,-0.04,512,470,453,502,445
-1.74,-4.08,-8.95,0.03,-0.00,-0.03,512,470,453,502,445
-2.07,-4.08,-9.11,0.00,0.01,-0.02,512,470,453,502,445
-1.72,-3.85,-8.83,-0.01,0.01,-0.05,512,470,453,502,445
-1.78,-3.76,-9.01,0.02,-0.02,-0.04,512,470,453,502,445
-2.00,-3.96,-9.15,0.04,-0.02,-0.04,512,470,453,502,445
-1.56,-4.16,-9.17,0.04,-0.02,-0.04,512,470,453,502,445
-2.04,-4.13,-8.99,0.01,-0.02,-0.02,512,470,453,502,445
END
-1.90,-3.55,-9.11,0.06,0.00,-0.02,512,468,452,502,445
-1.89,-4.16,-8.95,0.03,-0.00,-0.03,512,468,452,501,445
-1.77,-4.20,-8.92,0.02,-0.01,-0.03,512,468,452,501,445
-1.91,-3.98,-8.82,0.03,-0.01,-0.03,512,468,452,502,445
-1.98,-4.05,-9.04,0.04,0.01,-0.03,512,468,452,501,445
-1.67,-3.98,-9.10,0.05,-0.01,-0.03,512,468,452,501,445
-1.91,-4.29,-8.90,0.05,-0.01,-0.04,512,468,452,502,445
-1.95,-4.08,-8.94,0.02,0.00,-0.03,512,468,452,502,445
-1.81,-3.97,-8.99,0.03,-0.00,-0.05,512,468,452,502,445
-1.91,-4.09,-8.97,0.04,-0.01,-0.04,512,468,452,502,445
-2.04,-4.17,-9.05,0.02,0.01,-0.03,512,468,453,502,445
-1.72,-4.01,-9.06,0.04,0.01,-0.05,512,469,452,502,445
-1.85,-4.19,-8.80,0.04,-0.01,-0.04,512,468,452,501,445
-2.08,-4.20,-8.87,0.02,0.00,-0.02,512,469,452,501,445
-1.65,-4.05,-8.92,0.02,0.01,-0.05,512,468,452,501,445
-2.00,-4.03,-9.03,0.03,0.00,-0.03,512,466,452,501,445
-1.74,-4.13,-8.92,0.00,0.01,-0.03,512,467,452,502,445
-1.59,-3.97,-9.01,0.02,0.00,-0.05,512,467,452,502,445
-1.87,-4.10,-9.20,0.02,-0.00,-0.03,512,463,452,501,445
-1.70,-4.09,-9.01,0.03,0.01,-0.04,512,463,452,501,445
-1.56,-4.09,-8.98,0.04,0.00,-0.04,512,463,452,502,445
-1.83,-4.09,-9.11,0.01,-0.01,-0.02,512,460,452,502,445
-1.98,-3.83,-9.05,0.05,0.01,-0.02,512,457,452,502,445
-1.82,-4.01,-9.00,0.03,0.01,-0.03,512,459,452,501,445
-1.89,-4.10,-8.94,0.03,0.01,-0.03,512,463,453,501,445
-1.90,-4.26,-8.92,0.02,-0.02,-0.05,512,464,452,501,445
-1.87,-3.91,-9.05,0.05,-0.00,-0.04,511,464,452,501,445
-1.72,-4.30,-8.92,0.05,-0.01,-0.05,512,455,452,501,445
-1.94,-4.11,-9.07,0.02,-0.00,-0.02,512,466,452,501,445
-1.90,-3.89,-8.86,0.02,0.00,-0.03,512,426,452,502,445
-1.81,-4.06,-8.76,0.04,0.01,-0.02,512,426,452,501,445
-1.83,-4.03,-8.88,0.03,0.02,-0.03,512,440,452,501,445
-1.62,-3.96,-9.17,0.04,-0.01,-0.05,512,448,452,501,445
-1.98,-4.12,-8.94,0.04,-0.01,-0.03,512,460,452,501,445
-1.88,-4.06,-8.78,0.03,0.01,-0.04,511,453,452,501,445
-1.56,-3.88,-8.99,0.02,-0.00,-0.05,511,456,452,501,445
END
-2.01,-3.97,-8.97,0.04,-0.01,-0.03,511,446,451,501,445
-1.69,-4.21,-8.89,0.03,0.00,-0.03,511,448,451,501,444
-1.59,-3.97,-9.06,0.02,-0.01,-0.05,512,447,452,501,444
-1.92,-4.09,-9.03,0.02,-0.02,-0.02,512,450,452,501,445
-1.82,-4.08,-8.84,0.04,0.01,-0.02,512,449,452,501,444
-1.78,-3.76,-8.99,0.06,0.01,-0.04,511,451,452,501,445
-1.72,-4.18,-9.02,0.04,-0.00,-0.04,511,446,452,501,445
-1.67,-4.14,-9.35,0.01,-0.00,-0.05,511,447,452,501,445
-1.81,-4.00,-8.93,0.01,-0.01,-0.04,511,449,451,501,444
-1.73,-4.01,-9.17,0.04,-0.01,-0.03,511,448,452,500,444
-1.90,-4.29,-9.02,0.03,-0.01,-0.03,511,447,452,501,444
-1.74,-3.97,-8.97,0.02,0.01,-0.01,511,449,452,501,444
-1.74,-3.91,-9.07,0.03,0.00,-0.04,511,449,452,501,444
-1.74,-4.09,-9.03,0.03,-0.01,-0.04,511,449,452,501,445
-1.87,-4.12,-8.98,0.04,0.01,-0.04,511,447,452,501,444
-1.74,-4.13,-9.10,0.03,-0.00,-0.04,511,449,451,501,445
-1.82,-4.14,-9.01,0.03,-0.01,-0.04,511,449,452,501,445
-1.92,-4.04,-8.99,0.02,-0.01,-0.03,511,450,452,501,445
-1.87,-3.91,-9.22,0.04,0.00,-0.02,511,449,451,501,444
-1.76,-4.14,-8.97,0.04,-0.01,-0.04,511,450,451,501,444
-1.95,-4.14,-9.04,0.02,-0.00,-0.04,511,452,451,500,444
-1.82,-4.03,-9.08,0.03,0.00,-0.03,511,450,452,500,444
-1.80,-4.09,-8.94,0.02,-0.00,-0.03,511,450,451,501,444
-1.80,-4.08,-8.96,0.04,-0.00,-0.04,511,452,452,501,444
-1.94,-4.21,-8.91,0.03,-0.00,-0.04,511,450,452,501,444
-1.84,-4.04,-8.88,0.03,0.01,-0.03,511,451,452,501,445
-3.52,-4.03,-8.97,0.04,-0.01,-0.03,511,452,452,501,444
-1.97,-4.12,-8.91,0.02,-0.00,-0.03,511,451,452,501,444
-1.77,-3.94,-8.92,0.05,0.01,-0.05,511,451,452,501,444
-2.05,-4.26,-9.04,0.01,-0.02,-0.04,511,450,451,501,445
-1.84,-4.20,-8.94,0.04,-0.00,-0.05,511,450,451,501,444
-1.79,-4.23,-8.94,-0.01,0.01,-0.01,511,450,451,501,444
-1.77,-3.96,-9.12,0.02,-0.00,-0.02,511,448,451,501,444
-1.86,-4.03,-8.91,0.04,-0.00,-0.02,511,444,452,501,444
-1.76,-4.18,-8.94,0.03,0.01,-0.04,511,444,451,501,444
-1.79,-3.98,-9.05,0.02,0.00,-0.02,511,451,452,501,444
END
-1.85,-4.02,-9.10,0.02,-0.01,-0.01,511,430,451,501,444
-1.89,-3.98,-8.98,0.04,-0.00,-0.04,511,428,451,500,444
-1.82,-3.98,-9.21,0.03,0.00,-0.04,511,452,451,500,444
-2.15,-3.87,-9.04,0.02,0.01,-0.01,511,443,451,501,444
-1.67,-4.21,-8.90,0.07,0.01,-0.05,511,441,451,500,444
-1.80,-4.16,-9.03,0.01,-0.02,-0.03,511,444,451,500,444
-1.95,-4.01,-8.90,0.03,0.00,-0.04,511,467,451,500,444
-1.83,-4.00,-9.10,0.03,-0.00,-0.04,510,469,451,500,444
-1.94,-3.88,-9.12,0.03,0.01,-0.02,511,468,450,500,444
-1.67,-4.16,-9.05,0.05,0.00,-0.02,511,468,451,500,444
-1.81,-4.08,-9.04,0.01,-0.00,-0.05,511,468,451,500,444
-1.63,-3.87,-9.15,0.03,-0.00,-0.04,511,468,451,501,444
-2.02,-4.08,-8.81,0.05,-0.01,-0.04,511,468,451,501,444
-1.82,-4.16,-9.05,0.01,-0.00,-0.03,511,468,451,501,444
-1.75,-3.94,-9.00,0.03,-0.01,-0.06,511,468,451,500,444
-2.05,-4.01,-8.95,0.03,0.01,-0.01,511,468,451,500,444
-1.90,-3.98,-9.13,0.04,0.01,-0.03,511,468,451,500,444
-1.76,-3.96,-9.16,0.03,0.00,-0.02,511,468,451,500,444
-1.77,-3.81,-9.31,0.02,0.00,-0.01,511,467,451,500,444
-2.00,-4.01,-8.97,0.04,0.00,-0.05,511,468,451,500,444
-1.69,-4.19,-8.96,0.05,0.02,-0.02,511,469,451,500,444
-1.65,-4.10,-9.13,0.02,-0.01,-0.05,511,469,451,500,444
-2.08,-4.11,-9.01,0.04,-0.01,-0.02,511,469,451,500,444
-1.87,-4.08,-9.01,0.01,0.00,-0.02,511,468,451,500,444
-1.52,-3.91,-9.07,0.01,-0.02,-0.05,511,468,451,500,444
-2.13,-4.00,-9.08,0.02,0.00,-0.03,511,468,451,500,444
-1.74,-4.09,-8.92,0.02,0.01,-0.04,511,468,451,500,444
-1.69,-4.01,-9.20,0.03,-0.00,-0.04,511,468,451,500,444
-1.98,-4.08,-8.99,0.02,-0.00,-0.01,511,468,451,500,444
-1.83,-4.05,-9.07,0.04,0.01,-0.04,510,468,451,500,444
-1.68,-3.93,-9.26,0.02,-0.01,-0.02,511,468,451,500,444
-1.97,-4.02,-8.91,0.03,-0.01,-0.03,510,468,451,500,444
-1.78,-3.99,-8.97,0.04,0.01,-0.03,511,468,451,500,444
-1.69,-3.97,-9.19,0.02,0.00,-0.03,511,468,451,500,444
-1.88,-3.98,-8.97,0.03,-0.00,-0.03,511,467,451,500,444
-1.98,-3.98,-8.97,0.04,0.01,-0.06,510,465,451,500,444
END
-1.75,-3.98,-9.16,0.03,0.00,-0.02,510,468,451,500,444
-1.73,-4.00,-9.10,0.04,-0.01,-0.03,510,468,451,500,444
-1.96,-4.12,-8.98,0.03,-0.00,-0.04,510,468,450,500,444
-1.79,-4.06,-8.98,0.03,0.01,-0.03,511,468,451,500,444
-1.72,-3.95,-8.93,0.03,-0.01,-0.05,510,468,451,500,443
-1.99,-4.03,-9.02,0.03,-0.00,-0.04,510,468,450,500,444
-1.77,-4.19,-8.82,0.04,0.01,-0.03,510,468,451,500,444
-1.71,-4.02,-9.10,0.04,0.01,-0.05,511,468,451,500,444
-1.79,-4.19,-8.90,0.02,-0.01,-0.04,511,468,451,500,444
-1.83,-4.03,-8.90,0.04,0.00,-0.03,511,468,451,500,444
-1.92,-4.04,-9.22,0.03,-0.01,-0.05,511,468,451,500,444
-1.75,-4.06,-9.05,0.04,-0.01,-0.03,510,467,451,500,444
-1.62,-4.11,-9.04,0.04,-0.00,-0.03,510,467,450,500,444
-1.91,-4.18,-9.01,0.01,-0.01,-0.01,510,467,451,500,444
-1.83,-4.01,-8.97,0.03,0.00,-0.02,510,467,450,500,444
-1.90,-4.15,-8.85,0.03,-0.01,-0.02,510,468,451,500,444
-1.91,-3.95,-9.02,0.03,-0.01,-0.03,510,468,451,500,444
-1.87,-4.08,-9.01,0.03,-0.00,-0.02,510,468,451,500,444
-1.92,-3.87,-9.01,0.02,0.01,-0.01,510,468,451,500,444
-1.72,-3.96,-8.97,0.04,-0.01,-0.05,510,468,451,500,444
-1.84,-4.08,-8.97,0.05,-0.00,-0.04,510,468,451,500,444
-1.91,-4.13,-8.89,0.02,-0.01,-0.04,510,468,451,500,444
-1.72,-3.86,-8.97,0.06,0.01,-0.04,510,468,451,500,444
-1.79,-4.26,-8.89,0.04,-0.00,-0.03,510,468,450,500,444
-1.82,-4.07,-9.15,0.03,0.00,-0.03,510,468,451,500,443
-1.69,-3.94,-9.20,0.03,-0.00,-0.03,510,468,450,500,444
-1.85,-3.86,-9.03,0.02,-0.01,-0.03,510,468,451,500,444
-1.72,-3.99,-9.12,0.04,0.02,-0.04,510,468,451,500,444
-1.77,-3.98,-9.00,0.03,0.00,-0.05,510,468,451,500,444
-1.88,-4.01,-9.13,0.05,0.02,-0.04,510,468,451,500,444
-1.72,-4.11,-9.12,0.03,0.01,-0.03,510,468,451,500,444
-1.74,-3.97,-9.01,0.05,0.00,-0.04,510,468,451,500,444
-1.96,-4.00,-8.98,0.04,0.00,-0.03,510,468,451,500,444
-1.68,-4.07,-8.94,0.05,0.01,-0.04,510,468,450,500,444
-1.70,-4.13,-9.07,0.03,-0.00,-0.03,510,468,450,500,444
-1.78,-4.19,-8.85,0.03,-0.01,-0.02,510,468,450,500,444
END
-2.07,-3.87,-9.12,0.03,0.01,-0.02,510,435,450,500,443
-1.95,-4.11,-8.94,0.02,-0.01,-0.03,510,408,450,499,443
-1.59,-3.95,-9.28,0.04,0.00,-0.05,510,465,450,500,443
-1.74,-3.98,-9.04,0.02,-0.00,-0.03,510,406,450,500,444
-1.79,-3.93,-9.02,0.04,0.01,-0.04,510,434,450,500,444
-1.62,-4.08,-8.94,0.04,0.00,-0.05,510,458,451,500,444
-1.74,-4.04,-9.17,0.03,0.00,-0.03,510,467,450,500,444
-1.73,-3.93,-9.14,0.04,0.00,-0.03,510,465,450,499,443
-1.79,-4.09,-8.94,0.02,0.00,-0.02,510,463,450,500,443
-1.53,-3.98,-9.02,0.03,-0.01,-0.03,510,377,450,500,443
-1.68,-4.06,-9.09,0.04,-0.01,-0.04,510,400,450,499,443
-1.95,-3.96,-8.97,0.02,-0.01,-0.02,510,419,450,499,444
-1.56,-3.98,-9.18,0.04,0.02,-0.04,510,371,450,500,444
-1.71,-3.98,-9.03,0.04,-0.02,-0.04,510,374,450,500,444
-1.89,-4.01,-9.06,0.04,-0.01,-0.03,510,380,450,500,444
-1.67,-3.83,-9.19,0.02,-0.00,-0.03,510,348,450,500,444
-1.77,-3.94,-8.94,0.05,-0.01,-0.04,510,467,450,500,443
-1.63,-4.21,-8.98,0.03,0.00,-0.03,510,467,450,500,444
-1.67,-4.03,-9.09,0.02,0.01,-0.04,510,468,450,499,443
-1.65,-3.99,-8.99,0.03,0.01,-0.03,510,468,450,499,443
-1.72,-4.05,-8.97,0.04,0.00,-0.04,510,467,450,499,443
-1.74,-4.13,-9.21,0.03,0.01,-0.04,510,467,450,499,443
-1.69,-3.92,-8.97,0.02,0.00,-0.03,510,467,450,499,443
-1.69,-4.08,-8.97,0.04,-0.00,-0.02,510,467,450,499,443
-1.66,-4.03,-9.16,0.03,0.01,-0.03,510,468,450,499,443
-1.53,-4.00,-8.96,0.04,-0.01,-0.04,510,467,450,499,443
-1.76,-4.05,-9.03,0.04,-0.01,-0.03,510,467,450,499,444
-1.81,-3.93,-9.04,0.03,0.01,-0.01,510,467,450,499,444
-1.47,-4.01,-8.97,0.06,-0.01,-0.04,510,467,450,499,444
-2.02,-4.21,-9.00,0.03,-0.02,-0.04,510,467,450,499,443
-1.82,-4.17,-8.94,0.02,0.02,-0.03,510,466,450,499,443
-1.47,-3.92,-9.03,0.03,0.01,-0.02,510,467,450,499,443
-1.90,-4.07,-8.87,0.03,-0.02,-0.03,510,467,450,499,444
-1.74,-4.01,-9.04,0.04,0.02,-0.02,510,467,450,499,443
-1.40,-4.03,-9.07,0.03,-0.01,-0.04,510,466,450,499,443
-1.95,-3.95,-9.00,0.06,0.00,-0.02,510,466,450,499,443
END
-1.66,-4.22,-8.86,0.03,0.00,-0.04,509,467,450,499,443
-1.97,-3.79,-8.93,0.02,-0.00,-0.04,510,467,450,499,443
-1.85,-3.60,-9.12,0.04,0.02,-0.03,510,467,450,499,443
-1.58,-3.99,-9.02,0.03,0.01,-0.06,510,467,450,499,443
-1.83,-3.99,-9.10,0.04,0.01,-0.04,510,467,450,499,443
-1.41,-4.22,-9.02,0.03,0.01,-0.03,509,467,450,499,443
-1.46,-4.13,-9.10,0.07,-0.01,-0.04,509,467,450,499,443
-1.69,-3.95,-9.01,0.04,-0.02,-0.00,510,467,450,499,443
-1.74,-3.94,-9.04,0.03,-0.01,-0.03,509,467,450,499,443
-1.93,-4.03,-9.04,0.01,-0.01,-0.02,510,467,450,499,443
-1.77,-3.91,-9.04,0.03,-0.00,-0.04,510,467,450,499,443
-1.77,-4.06,-9.06,0.03,-0.01,-0.05,510,467,450,499,443
-1.73,-3.94,-9.07,0.06,0.00,-0.03,510,467,450,499,443
-1.55,-4.12,-9.10,0.04,0.02,-0.04,509,467,450,499,443
-1.68,-4.06,-8.87,0.01,-0.01,-0.04,509,467,450,499,443
-1.79,-3.83,-9.15,0.02,0.01,-0.03,509,467,450,499,443
-1.74,-3.98,-9.00,0.03,0.01,-0.02,509,467,450,499,443
-1.71,-4.13,-9.06,0.04,0.01,-0.03,509,467,450,499,443
-1.66,-3.89,-9.15,0.04,0.00,-0.02,509,467,450,499,443
-1.64,-3.96,-9.08,0.04,-0.01,-0.02,509,467,449,499,443
-1.74,-4.11,-9.00,0.02,-0.02,-0.03,510,467,450,499,443
-1.74,-3.76,-8.98,0.01,0.00,-0.02,510,467,450,499,443
-1.55,-3.73,-9.09,0.04,0.00,-0.02,510,467,450,499,443
-1.82,-4.25,-8.99,0.05,0.00,-0.04,510,467,450,499,443
-1.49,-4.08,-9.02,0.02,0.01,-0.05,510,467,450,499,443
-1.73,-3.85,-9.21,0.03,0.01,-0.01,509,467,450,499,443
-1.67,-4.18,-9.08,0.03,-0.00,-0.03,509,467,450,499,443
-1.82,-4.02,-8.92,0.03,-0.00,-0.03,509,467,450,499,443
-1.67,-4.04,-8.94,0.04,0.02,-0.03,509,467,450,499,443
-1.68,-3.93,-9.11,0.02,-0.01,-0.04,509,467,450,499,443
-1.74,-4.00,-9.13,0.03,0.00,-0.03,509,467,450,499,443
-1.72,-4.02,-9.15,0.02,0.00,-0.03,509,467,450,499,443
-1.67,-3.90,-9.24,0.01,-0.02,-0.01,509,467,450,499,443
-1.82,-3.79,-9.05,0.03,0.00,-0.04,509,467,450,499,443
-1.58,-3.93,-9.20,0.04,0.00,-0.02,509,467,450,499,443
-1.53,-3.95,-9.02,0.03,-0.00,-0.04,509,467,450,499,443
END
-1.68,-3.94,-8.89,0.02,-0.01,-0.05,509,467,450,499,443
-1.71,-3.89,-9.09,0.03,-0.00,-0.03,509,467,450,498,443
-1.96,-4.11,-8.84,0.03,-0.00,-0.03,509,467,449,498,443
-1.67,-3.89,-9.03,0.03,0.01,-0.03,509,467,449,498,443
-1.58,-3.86,-9.14,0.04,-0.00,-0.05,509,467,449,498,443
-1.70,-3.95,-9.01,0.04,-0.01,-0.04,509,467,449,499,443
-1.79,-4.02,-9.05,0.04,0.01,-0.03,509,467,450,499,443
-1.63,-3.96,-9.14,0.03,0.01,-0.03,509,467,450,499,443
-1.81,-3.87,-8.96,0.03,-0.00,-0.02,509,467,449,499,443
-1.58,-3.91,-9.11,0.04,0.01,-0.03,509,467,449,499,443
-1.74,-4.07,-8.98,0.03,-0.01,-0.04,509,467,450,498,443
-1.74,-3.94,-9.04,0.03,-0.00,-0.04,509,467,449,498,443
-1.91,-3.88,-9.02,0.02,-0.01,-0.03,509,467,449,498,443
-1.74,-3.92,-9.09,0.04,-0.00,-0.03,509,467,449,498,443
-1.79,-4.00,-8.97,0.03,0.00,-0.05,509,467,449,498,443
-1.61,-3.85,-9.20,0.03,0.00,-0.03,509,466,449,498,443
-1.79,-3.96,-9.10,0.04,0.00,-0.05,509,467,449,499,443
-1.73,-3.93,-9.13,0.03,0.01,-0.03,509,467,450,499,443
-1.73,-3.98,-9.07,0.04,0.00,-0.04,509,467,449,499,443
-1.77,-3.99,-9.13,0.03,-0.00,-0.03,509,467,450,498,443
-1.74,-3.95,-9.01,0.03,-0.01,-0.02,509,467,449,499,443
-1.82,-3.96,-9.00,0.02,-0.01,-0.03,509,467,449,498,443
-1.65,-3.91,-8.99,0.03,-0.00,-0.03,509,467,449,499,442
-1.69,-3.81,-9.12,0.02,-0.01,-0.03,509,467,449,498,443
-1.83,-3.83,-9.11,0.04,0.01,-0.03,509,467,449,498,443
-1.41,-3.93,-9.22,0.03,-0.00,-0.03,509,467,449,498,443
-1.87,-3.95,-8.94,0.04,-0.01,-0.05,509,467,449,499,443
-1.74,-3.85,-9.07,0.03,0.00,-0.02,509,466,450,499,443
-1.59,-3.90,-9.02,0.02,0.00,-0.03,509,467,449,499,443
-1.95,-3.73,-8.98,0.02,-0.00,-0.03,509,467,449,498,443
-1.72,-3.75,-9.14,0.04,0.01,-0.02,509,467,449,499,443
-1.57,-4.05,-9.10,0.03,-0.00,-0.02,509,467,450,499,443
-1.69,-3.80,-9.53,0.04,-0.01,-0.03,509,467,449,498,443
-1.90,-3.85,-9.21,0.01,-0.01,-0.03,509,466,449,498,443
-1.74,-3.90,-9.12,0.03,-0.01,-0.03,509,466,449,498,443
-1.82,-3.91,-9.07,0.03,-0.00,-0.03,509,466,450,498,443
END
-1.77,-3.93,-9.15,0.04,-0.00,-0.03,509,466,449,498,443
-1.70,-3.88,-9.11,0.04,0.00,-0.03,509,466,449,498,443
-1.67,-3.98,-9.07,0.02,0.00,-0.04,509,466,449,498,443
-1.67,-3.80,-9.15,0.04,-0.01,-0.05,509,466,449,498,443
-1.84,-3.94,-9.04,0.03,0.00,-0.03,509,466,449,498,443
-1.66,-3.93,-9.22,0.04,0.00,-0.03,509,466,449,498,443
-1.73,-3.87,-9.13,0.03,-0.00,-0.03,509,466,449,498,442
-1.59,-3.95,-9.12,0.03,-0.00,-0.03,508,466,449,498,442
-1.59,-3.91,-9.15,0.02,-0.01,-0.03,509,466,449,498,442
-1.82,-3.70,-9.11,0.04,-0.00,-0.04,509,466,449,498,443
-1.62,-3.96,-9.12,0.04,0.01,-0.02,508,466,449,498,442
-1.75,-4.08,-8.94,0.01,-0.01,-0.04,508,466,449,498,442
-1.96,-3.61,-9.18,0.03,0.01,-0.03,509,466,449,498,443
-1.56,-4.08,-8.99,0.05,-0.00,-0.03,509,466,449,498,443
-1.82,-3.93,-8.99,0.04,-0.00,-0.02,509,466,449,498,443
-1.62,-3.73,-8.99,0.03,-0.00,-0.04,509,466,449,498,442
-1.87,-3.89,-9.00,0.03,-0.01,-0.03,509,466,449,498,443
-1.59,-3.96,-9.04,0.03,-0.00,-0.06,509,466,449,498,442
-1.82,-3.98,-8.99,0.04,0.01,-0.04,509,466,449,498,442
-1.79,-4.07,-9.22,0.05,0.01,-0.03,509,466,449,498,442
-1.90,-4.07,-8.93,0.03,0.01,-0.01,508,466,449,498,443
-1.67,-3.88,-8.94,0.04,-0.00,-0.03,509,466,449,498,442
-1.88,-3.89,-9.00,0.03,-0.01,-0.03,508,466,449,498,443
-1.66,-3.88,-8.96,0.04,0.00,-0.04,509,466,449,498,443
-1.82,-4.05,-8.97,0.03,-0.00,-0.03,509,466,449,498,443
-1.84,-3.86,-9.18,0.03,-0.00,-0.04,509,466,449,498,443
-1.64,-3.86,-9.04,0.04,0.01,-0.03,509,466,449,498,443
-1.74,-4.03,-9.08,0.04,-0.00,-0.04,509,466,449,498,442
-1.65,-4.06,-9.15,0.03,0.00,-0.04,509,466,449,498,443
-1.66,-3.91,-9.13,0.02,-0.00,-0.03,509,466,449,498,442
-1.72,-3.93,-9.16,0.04,-0.01,-0.04,508,466,449,498,442
-1.84,-4.08,-9.02,0.03,0.01,-0.03,508,466,449,498,442
-1.66,-3.99,-9.02,0.03,0.00,-0.04,509,466,449,498,442
-1.71,-3.83,-9.01,0.03,-0.00,-0.03,509,466,449,498,442
-1.99,-3.93,-8.99,0.03,0.01,-0.06,509,466,449,498,443
-1.71,-4.08,-8.95,0.04,0.01,-0.03,509,466,449,498,443
END