-0.07,-7.12,-6.79,0.04,-0.12,-0.07,485,309,306,348,378
-0.36,-5.94,-7.97,0.15,-0.02,0.03,484,309,306,349,378
-0.73,-6.44,-7.65,0.11,-0.00,-0.07,485,309,306,348,378
-0.34,-6.58,-7.59,0.07,0.03,-0.02,484,309,306,348,378
-0.74,-5.73,-7.84,0.07,0.04,-0.07,484,309,305,348,378
-0.67,-6.25,-7.68,0.05,0.05,-0.00,484,309,306,348,378
-0.37,-6.01,-7.78,0.07,0.02,-0.05,484,309,306,348,378
-0.52,-6.32,-7.75,0.05,-0.01,-0.05,484,309,305,347,378
-0.68,-6.04,-7.49,0.05,-0.01,-0.07,484,309,304,347,378
-0.37,-6.35,-7.73,0.06,-0.02,-0.04,484,309,306,348,378
-0.56,-6.42,-7.48,0.04,-0.02,-0.09,484,309,305,347,378
-0.43,-6.35,-7.65,0.06,-0.01,-0.06,485,309,304,348,378
-0.31,-6.27,-7.52,0.06,-0.04,-0.05,485,309,305,347,377
-0.38,-6.37,-7.81,0.06,-0.04,-0.08,485,308,304,347,378
-0.47,-6.37,-7.76,0.05,-0.01,-0.04,486,309,304,347,377
-0.47,-6.49,-7.43,0.03,-0.01,-0.04,485,309,305,347,377
-0.50,-6.32,-7.47,0.02,-0.01,-0.06,487,309,304,346,377
-0.70,-6.15,-7.39,0.05,-0.02,-0.09,487,309,304,346,377
-0.66,-6.42,-7.49,0.06,0.02,-0.01,489,309,304,346,376
-0.62,-6.44,-7.26,0.05,0.01,-0.04,489,309,305,346,376
-0.47,-6.47,-7.47,0.05,-0.01,-0.04,488,308,303,345,376
-0.38,-6.37,-7.59,0.06,-0.01,0.03,489,309,304,345,376
-0.36,-6.30,-7.42,0.08,-0.03,-0.06,488,309,304,345,377
-0.42,-6.57,-7.54,0.05,-0.02,-0.01,488,309,304,345,376
-0.55,-6.51,-7.25,0.00,-0.04,-0.02,488,308,304,345,376
-0.57,-6.45,-7.52,0.02,-0.01,-0.05,488,308,304,344,376
-0.19,-6.70,-7.49,0.00,-0.01,-0.02,488,308,304,344,376
-0.42,-6.47,-7.61,0.04,-0.02,-0.00,487,308,304,343,376
-0.50,-6.25,-7.31,0.05,-0.05,0.02,487,308,303,344,376
-1.08,-5.99,-7.01,0.01,-0.08,0.02,487,308,303,344,376
-1.54,-6.02,-7.59,0.02,-0.01,-0.10,486,308,304,344,376
-0.42,-6.80,-7.70,0.08,0.05,-0.08,486,308,303,344,376
-0.21,-6.98,-7.04,-0.01,-0.06,-0.07,486,308,303,345,376
-0.96,-6.43,-7.09,-0.01,-0.05,0.00,486,308,303,344,376
-1.01,-6.12,-7.47,0.01,-0.01,-0.05,486,308,303,344,376
-0.81,-6.35,-7.58,0.04,0.02,-0.05,485,308,304,345,376
END
-0.39,-6.77,-7.61,0.04,-0.03,-0.07,483,309,304,344,376
-0.88,-6.32,-7.49,0.04,0.01,-0.04,482,309,303,345,376
-0.98,-6.19,-7.59,0.03,0.00,-0.02,482,309,303,345,376
-0.75,-6.22,-7.72,0.04,0.01,-0.03,482,309,304,345,376
-0.88,-6.35,-7.47,0.02,-0.00,-0.06,482,309,303,345,376
-0.90,-6.47,-7.50,0.02,0.00,-0.02,482,309,303,345,376
-0.88,-5.97,-7.70,0.03,0.01,-0.04,482,309,303,345,376
-0.70,-6.02,-7.58,0.06,0.01,-0.05,482,308,303,345,376
-0.70,-6.37,-7.65,0.04,0.00,-0.05,482,309,303,345,376
-0.67,-6.14,-7.79,0.00,-0.01,-0.00,482,309,303,345,376
-1.14,-6.05,-7.49,0.02,-0.00,-0.03,482,309,303,345,376
-1.13,-6.11,-7.77,0.02,0.02,-0.04,481,309,303,345,376
-1.01,-6.07,-7.65,0.05,0.06,-0.02,481,309,303,344,376
-0.45,-6.49,-7.95,0.08,0.06,-0.06,481,309,303,345,376
-0.27,-6.77,-7.95,0.06,-0.00,-0.03,481,309,303,345,375
-0.34,-6.28,-8.33,0.03,-0.05,-0.01,481,309,303,345,376
-0.70,-6.05,-7.40,0.01,-0.11,-0.04,481,310,303,345,376
-1.03,-5.72,-7.40,-0.06,-0.14,-0.04,481,310,303,345,375
-1.00,-6.12,-7.52,-0.03,-0.07,-0.12,482,310,302,345,375
-0.72,-6.54,-7.04,-0.02,-0.00,-0.09,482,310,302,345,375
-1.39,-5.56,-7.71,-0.01,-0.01,-0.02,481,310,302,345,375
-1.54,-5.59,-7.95,0.08,0.00,-0.05,482,311,302,345,375
-0.83,-6.56,-7.97,0.11,-0.00,-0.09,482,310,302,344,375
-0.60,-6.85,-7.63,0.05,-0.03,0.01,481,310,302,344,375
-1.26,-5.69,-7.44,0.04,-0.01,0.04,482,310,302,344,375
-1.06,-5.90,-7.44,0.04,0.02,-0.02,481,310,302,344,375
-1.01,-6.16,-7.82,0.03,0.04,-0.02,481,311,302,344,375
-0.97,-6.27,-7.87,0.02,0.02,-0.02,481,310,302,344,375
-0.98,-6.41,-7.82,0.02,0.00,-0.06,481,310,302,344,375
-1.01,-6.10,-7.67,-0.00,-0.00,-0.02,481,310,302,345,375
-0.88,-5.71,-7.62,0.04,0.01,0.01,481,310,302,344,375
-0.93,-6.15,-7.47,0.07,0.00,-0.05,481,310,302,344,375
-1.11,-6.29,-7.61,0.06,0.02,-0.03,481,310,302,344,375
-1.06,-6.12,-7.81,0.05,0.03,-0.02,481,310,302,344,375
-0.75,-6.32,-7.98,0.05,-0.00,-0.03,481,310,302,344,375
-0.74,-6.43,-8.11,0.04,-0.03,0.02,481,311,302,344,375
END
-1.08,-6.39,-7.42,0.02,-0.09,-0.00,479,310,303,344,375
-0.98,-5.99,-7.64,0.01,0.04,0.00,480,310,303,344,375
-0.73,-5.75,-8.07,0.01,0.04,-0.03,480,310,303,344,375
-0.88,-5.61,-7.98,0.06,0.04,0.01,480,310,303,344,375
-0.65,-5.85,-7.95,0.06,0.00,-0.03,480,310,303,344,375
-1.27,-5.60,-8.05,0.07,0.02,0.03,480,310,303,344,375
-1.11,-5.76,-7.90,0.07,0.04,0.02,479,310,303,344,375
-0.88,-5.92,-7.96,0.06,0.03,0.02,480,310,303,343,375
-1.17,-5.65,-8.02,0.05,0.03,-0.01,479,310,303,344,375
-1.16,-5.81,-7.93,0.05,0.03,-0.02,479,309,303,344,375
-1.16,-5.87,-8.01,0.07,0.03,0.02,479,309,303,344,375
-1.36,-5.93,-7.89,0.06,0.03,0.00,479,309,302,344,376
-1.11,-5.94,-7.85,0.04,0.02,-0.00,479,309,303,344,375
-1.08,-5.70,-8.21,0.04,0.02,-0.03,479,309,303,345,375
-1.18,-5.80,-7.90,0.05,0.03,-0.00,480,309,303,345,375
-1.18,-5.95,-7.96,0.02,0.01,-0.04,479,309,303,344,375
-1.23,-5.74,-7.96,0.02,0.01,-0.03,479,308,303,344,375
-1.11,-5.97,-7.93,0.03,-0.01,-0.04,479,309,303,344,375
-1.26,-5.80,-7.81,0.04,-0.03,-0.05,479,309,303,345,375
-1.36,-6.05,-7.47,0.04,-0.05,-0.03,479,309,303,344,375
-1.14,-5.88,-7.89,0.03,-0.04,-0.05,479,309,303,344,375
-1.06,-5.84,-7.95,0.02,-0.02,-0.07,479,309,303,344,375
-0.96,-5.88,-7.81,0.02,-0.02,-0.09,479,309,303,344,375
-0.96,-5.80,-7.80,0.04,-0.03,-0.09,479,309,303,344,375
-1.15,-5.89,-7.90,0.05,-0.04,-0.08,480,309,303,344,375
-0.98,-5.96,-7.62,0.03,-0.03,-0.10,480,309,303,344,375
-0.79,-5.93,-7.82,0.03,-0.02,-0.11,480,309,303,344,375
-0.68,-5.89,-8.01,0.04,-0.01,-0.09,481,309,302,344,375
-0.78,-5.95,-8.01,0.04,-0.01,-0.09,481,309,303,344,374
-0.80,-6.22,-7.93,0.03,-0.01,-0.10,481,309,303,344,374
-0.83,-5.96,-7.83,0.01,-0.01,-0.02,481,309,303,344,374
-0.83,-5.97,-7.97,0.06,-0.03,-0.05,481,309,303,343,374
-0.91,-5.92,-7.81,0.07,-0.02,-0.02,481,309,303,344,374
-0.76,-6.06,-7.78,0.07,-0.02,-0.02,481,309,302,344,374
-0.98,-6.26,-7.76,0.02,-0.04,-0.02,481,309,303,344,373
-0.82,-5.93,-8.13,0.03,-0.01,-0.02,480,309,303,344,374
END
-1.02,-5.95,-7.77,0.02,-0.02,-0.01,477,307,304,344,374
-0.91,-5.82,-8.06,0.04,0.02,-0.01,478,307,304,344,374
-0.97,-5.94,-7.86,0.02,0.02,-0.03,477,307,304,344,374
-1.08,-5.85,-7.80,0.01,0.02,-0.03,478,307,304,344,374
-1.09,-5.84,-7.97,0.04,0.02,-0.03,478,307,303,344,374
-0.80,-5.90,-7.94,0.04,0.01,-0.05,479,308,304,344,374
-0.91,-5.81,-7.86,0.05,-0.00,-0.09,480,307,304,344,373
-0.81,-5.94,-7.95,0.06,0.00,-0.04,480,307,304,344,373
-0.78,-5.97,-7.95,0.04,-0.00,-0.03,481,307,303,344,372
-0.89,-5.97,-7.77,0.03,-0.01,-0.03,480,308,304,345,373
-0.94,-5.89,-7.98,0.02,-0.02,-0.03,480,307,303,344,373
-0.98,-5.74,-7.90,0.05,0.00,-0.04,480,307,304,345,373
-0.93,-5.71,-7.98,0.03,-0.01,-0.02,480,307,304,344,373
-1.00,-5.71,-7.87,0.04,-0.01,-0.06,480,307,304,344,373
-1.18,-5.84,-7.75,0.04,0.00,-0.04,480,307,304,344,373
-0.83,-5.95,-7.98,0.04,-0.01,-0.06,480,308,303,344,373
-0.90,-6.13,-7.80,0.02,-0.01,-0.04,480,308,304,344,373
-0.84,-5.92,-7.86,0.02,-0.01,-0.05,480,307,304,344,373
-0.93,-5.80,-7.94,0.02,-0.01,-0.02,480,307,304,344,372
-0.95,-5.88,-7.67,0.03,-0.01,-0.05,480,307,304,344,373
-0.95,-5.93,-8.06,0.04,-0.00,-0.03,479,307,304,344,373
-0.96,-5.86,-7.81,0.05,0.01,-0.02,480,307,304,344,373
-0.80,-5.90,-7.95,0.05,0.00,-0.04,479,307,304,344,373
-0.99,-5.86,-7.87,0.03,0.00,-0.02,479,307,304,344,373
-0.87,-5.76,-8.01,0.03,0.00,-0.03,479,307,304,344,373
-1.01,-5.99,-7.55,0.03,0.00,-0.03,479,308,304,344,373
-1.05,-5.86,-7.93,0.03,0.01,-0.01,478,307,304,344,372
-1.04,-5.86,-7.96,0.02,0.01,-0.03,478,307,304,344,372
-0.90,-5.90,-7.94,0.02,0.01,-0.04,479,307,304,344,373
-0.98,-5.91,-7.82,0.02,0.00,-0.01,479,307,304,344,373
-0.84,-5.69,-8.10,0.03,-0.01,-0.03,479,307,304,344,372
-1.10,-5.72,-7.87,0.02,-0.00,-0.03,478,307,304,345,373
-0.92,-5.90,-7.87,0.05,0.01,-0.04,478,307,304,344,373
-0.80,-5.92,-7.95,0.03,-0.00,-0.05,478,307,304,344,373
-1.17,-5.84,-7.80,0.03,-0.01,-0.04,479,307,304,344,373
-1.15,-6.02,-7.41,0.04,-0.00,-0.05,478,307,304,344,373
END
-0.85,-5.90,-7.95,0.03,-0.01,-0.04,478,307,304,344,373
-1.03,-5.71,-7.70,0.00,0.04,0.00,478,308,304,344,372
-1.13,-5.35,-7.95,0.05,0.06,-0.03,478,307,303,344,373
-0.75,-5.74,-8.15,0.09,0.02,-0.05,478,307,304,344,374
-0.83,-6.12,-8.03,0.09,-0.01,-0.05,478,307,304,344,373
-1.17,-6.30,-7.75,0.02,-0.01,-0.02,478,307,304,344,372
-1.15,-5.65,-8.00,0.02,0.02,-0.02,478,308,304,344,373
-0.75,-5.84,-8.02,0.03,0.02,-0.05,478,307,304,344,373
-0.90,-5.98,-7.93,0.01,-0.01,-0.07,478,307,304,344,373
-0.99,-5.74,-7.85,0.04,-0.01,-0.05,478,308,304,344,373
-1.03,-5.99,-7.83,0.04,-0.01,-0.09,478,307,304,344,373
-0.73,-6.04,-8.06,0.04,-0.01,-0.04,478,307,304,344,372
-0.89,-5.97,-7.77,0.00,-0.02,-0.08,478,307,304,344,372
-0.90,-5.66,-7.95,0.01,0.00,-0.05,478,308,304,344,373
-0.62,-5.85,-7.86,0.03,0.00,-0.07,478,307,304,344,372
-0.51,-6.33,-7.50,0.01,-0.02,-0.10,478,307,304,344,373
-0.92,-5.99,-7.83,0.03,-0.02,-0.03,478,308,304,344,373
-1.16,-5.70,-8.04,0.04,-0.02,-0.10,478,307,304,344,373
-0.78,-6.20,-8.08,0.06,-0.02,-0.07,478,307,304,344,373
-0.73,-6.42,-7.80,0.02,-0.03,-0.03,477,307,304,344,373
-0.51,-5.93,-7.98,-0.02,-0.02,0.02,478,307,304,344,373
-0.80,-5.46,-7.80,0.01,-0.02,-0.02,478,307,304,344,373
-0.79,-5.53,-7.84,0.04,-0.00,-0.04,478,307,304,344,373
-0.69,-5.90,-8.15,0.05,-0.02,-0.11,478,307,304,344,373
-0.90,-5.95,-8.08,0.05,-0.03,-0.08,478,307,304,344,373
-0.67,-6.22,-7.90,0.04,-0.05,-0.07,478,307,304,345,372
-0.93,-6.00,-7.92,0.03,-0.06,-0.06,478,306,304,344,373
-0.97,-6.03,-7.80,0.01,-0.03,-0.02,478,307,303,344,373
-0.88,-5.92,-7.85,0.00,-0.01,-0.01,478,307,304,344,373
-0.90,-5.86,-7.95,0.02,-0.02,-0.05,478,307,304,344,373
-1.06,-6.07,-7.90,0.03,-0.01,-0.04,478,307,304,344,373
-0.88,-5.99,-7.78,0.06,-0.02,-0.04,478,307,304,344,373
-0.98,-6.18,-7.69,0.05,-0.03,0.00,478,307,304,344,373
-1.03,-5.92,-7.69,0.04,-0.02,-0.00,478,307,304,344,373
-1.23,-5.75,-7.78,0.05,0.04,0.03,478,306,304,344,373
-0.99,-5.82,-7.95,0.05,0.02,0.02,478,307,304,344,373
END
-1.08,-5.78,-7.82,0.05,0.03,-0.00,477,307,304,344,373
-1.05,-5.60,-8.08,0.03,-0.04,-0.10,477,307,304,344,373
-1.11,-5.64,-7.90,0.03,-0.02,-0.08,477,307,304,344,373
-1.09,-5.64,-7.99,0.02,-0.01,-0.07,477,308,304,344,373
-0.98,-5.53,-8.13,0.02,-0.01,-0.07,477,307,304,344,373
-0.86,-5.81,-8.04,0.04,-0.00,-0.08,477,307,304,344,373
-0.80,-5.61,-8.32,0.06,-0.02,-0.04,477,307,304,344,373
-0.98,-5.61,-8.10,0.06,-0.04,-0.05,477,307,304,344,373
-0.97,-5.66,-8.02,0.05,-0.02,-0.03,477,307,304,344,373
-0.93,-5.89,-8.00,0.02,-0.01,-0.02,477,306,304,344,373
-1.16,-5.51,-7.95,0.01,0.01,-0.05,477,308,304,344,373
-0.96,-5.47,-7.93,0.03,0.04,-0.02,477,307,304,344,372
-0.75,-5.54,-8.05,0.06,0.03,-0.06,477,307,304,344,373
-0.77,-5.76,-8.00,0.05,0.01,-0.05,477,307,304,344,373
-0.96,-5.61,-8.06,0.05,0.01,-0.04,477,307,304,344,373
-1.00,-5.56,-8.14,0.06,0.04,-0.03,477,307,304,344,373
-0.73,-5.90,-8.03,0.04,0.06,-0.01,477,308,304,344,373
-0.47,-5.71,-8.09,0.03,0.04,-0.03,477,307,304,344,373
-0.60,-5.63,-8.09,0.03,0.02,-0.03,477,307,304,344,373
-0.52,-5.64,-7.93,0.06,-0.01,-0.05,477,307,304,343,373
-0.45,-5.76,-8.03,0.10,-0.03,-0.08,477,308,305,344,372
-1.06,-5.97,-7.83,0.11,-0.03,-0.07,477,307,304,344,373
-0.88,-5.96,-7.97,0.11,-0.02,-0.08,477,307,304,345,372
-0.66,-6.36,-7.84,0.05,-0.03,-0.07,477,307,304,344,372
-0.65,-5.86,-7.86,0.02,-0.02,-0.05,477,307,304,344,372
-0.65,-5.99,-7.66,0.02,-0.00,-0.05,477,307,304,344,372
-0.32,-5.97,-7.67,-0.03,-0.05,-0.08,477,308,304,344,373
-0.53,-5.66,-7.87,0.04,0.02,-0.04,477,307,304,344,373
-0.65,-5.85,-7.73,0.06,-0.01,-0.07,477,307,304,344,373
-0.46,-6.22,-7.84,0.08,-0.04,-0.06,477,307,304,344,373
-0.70,-6.20,-7.79,0.06,-0.04,-0.05,477,307,304,344,373
-0.97,-6.13,-7.82,0.04,0.01,-0.03,477,307,304,344,373
-0.66,-6.07,-7.72,0.01,0.02,-0.01,478,307,304,344,373
-0.40,-5.85,-7.85,0.00,0.03,0.02,477,307,304,344,373
-0.50,-5.96,-7.77,0.03,0.03,-0.07,477,307,304,344,373
-0.57,-5.98,-7.83,0.03,0.01,-0.04,478,307,304,344,373
END
-0.53,-5.95,-7.97,0.06,-0.01,-0.05,476,307,304,344,373
-0.88,-5.81,-7.86,0.03,-0.00,-0.01,477,307,304,344,373
-0.94,-5.65,-7.93,0.05,-0.00,0.04,477,308,304,344,373
-0.66,-5.86,-8.05,0.08,-0.02,-0.05,477,307,304,344,373
-0.59,-6.29,-7.99,0.05,-0.01,-0.02,476,307,304,345,373
-0.76,-5.93,-7.72,0.01,-0.04,-0.05,476,307,304,344,372
-0.95,-5.89,-7.72,0.01,-0.03,-0.03,476,307,304,344,373
-0.97,-5.91,-7.92,-0.01,-0.00,-0.05,476,308,304,344,373
-0.90,-5.92,-8.02,0.00,0.01,-0.05,476,307,304,344,372
-0.88,-5.82,-7.94,0.03,0.02,-0.02,476,308,304,344,372
-0.67,-6.02,-7.70,0.04,-0.00,-0.04,476,307,304,344,373
-1.05,-5.94,-7.62,0.03,0.02,-0.04,476,307,304,344,373
-0.78,-5.81,-7.90,0.07,0.05,-0.03,477,307,304,344,373
-0.57,-5.97,-7.85,0.05,0.02,-0.04,476,308,304,344,373
-0.70,-5.86,-8.03,0.06,0.00,-0.03,476,307,304,344,372
-1.00,-5.89,-8.11,0.04,-0.00,-0.00,476,307,304,344,372
-0.73,-5.98,-7.90,0.05,-0.00,-0.04,476,307,304,344,372
-0.90,-5.71,-7.72,0.05,0.01,-0.07,476,307,304,344,372
-0.65,-6.05,-7.82,0.06,0.04,-0.08,476,308,304,343,372
-0.43,-6.22,-8.00,0.03,0.03,-0.08,476,307,304,344,372
-0.69,-6.14,-7.93,0.05,-0.02,-0.06,477,307,304,344,373
-0.73,-6.22,-7.91,0.05,-0.03,-0.03,476,307,304,344,373
-0.62,-6.21,-7.62,0.05,-0.02,-0.04,477,308,304,344,372
-0.73,-6.04,-7.93,0.03,-0.02,-0.02,476,307,304,344,372
-0.70,-5.87,-7.59,0.02,-0.02,-0.04,476,308,304,344,372
-0.74,-5.96,-7.67,0.05,0.00,-0.02,476,308,304,344,372
-0.53,-6.52,-7.61,0.03,-0.02,-0.06,476,307,304,344,372
-0.88,-6.03,-7.80,0.01,-0.03,-0.01,476,307,304,344,372
-0.78,-6.08,-7.80,0.02,-0.02,-0.03,476,307,304,344,372
-0.80,-6.14,-7.84,0.01,-0.01,-0.04,476,307,304,342,372
-0.92,-5.95,-7.75,0.01,-0.01,-0.02,476,307,304,344,372
-0.94,-5.85,-7.63,0.05,0.01,-0.02,476,307,304,344,373
-0.64,-6.19,-7.77,0.05,0.01,-0.01,476,308,304,344,372
-0.76,-6.09,-7.71,0.05,0.01,-0.03,476,307,304,344,372
-0.67,-6.30,-7.52,0.06,-0.01,-0.03,476,307,304,344,372
-0.99,-6.02,-7.71,0.04,-0.01,-0.05,476,307,304,344,372
END
-0.91,-6.14,-7.65,0.02,0.00,-0.04,476,307,304,344,372
-0.45,-6.69,-7.42,0.02,-0.05,-0.07,476,307,304,344,372
-0.90,-6.40,-7.47,0.03,-0.03,-0.03,475,307,304,344,372
-0.65,-6.37,-7.59,0.03,-0.01,-0.04,475,307,304,344,373
-0.71,-6.25,-7.53,0.02,-0.00,-0.05,476,307,304,344,372
-0.70,-6.29,-7.33,0.02,-0.01,-0.04,476,308,304,344,373
-0.74,-6.23,-7.30,-0.00,-0.02,-0.02,476,307,304,344,372
-0.74,-6.34,-7.57,-0.01,-0.01,-0.06,476,307,304,344,372
-0.80,-6.27,-7.75,0.00,0.01,-0.06,476,307,305,344,372
-0.67,-6.10,-7.59,0.02,-0.00,-0.02,476,307,305,344,372
-0.53,-6.14,-7.76,0.06,-0.01,-0.05,475,308,304,344,372
-0.65,-6.36,-7.44,0.03,-0.01,-0.06,476,308,305,344,372
-0.83,-6.17,-7.65,0.02,0.02,-0.05,476,308,304,344,372
-0.44,-6.11,-7.71,0.02,0.00,-0.06,476,307,305,344,372
-0.62,-5.93,-7.80,0.06,-0.02,-0.05,476,307,304,343,372
-0.63,-6.21,-7.80,0.07,-0.04,-0.07,475,308,304,344,372
-0.50,-6.39,-7.70,0.05,-0.03,-0.08,476,308,305,345,372
-0.31,-6.54,-7.50,0.01,-0.05,-0.05,475,307,305,344,372
-0.70,-5.96,-7.80,-0.01,-0.05,-0.03,476,307,305,344,372
-0.62,-6.15,-7.52,0.04,-0.02,-0.06,476,307,305,344,372
-0.58,-6.41,-7.44,0.02,-0.01,-0.04,476,307,305,344,373
-0.80,-6.11,-7.59,0.03,-0.00,-0.02,475,308,305,344,373
-0.83,-5.86,-7.72,0.03,0.01,-0.03,475,308,305,344,373
-0.63,-5.97,-7.78,0.07,0.02,-0.03,476,308,305,344,372
-0.62,-6.50,-7.70,0.05,-0.01,-0.05,475,308,305,344,372
-0.85,-5.97,-7.74,0.04,-0.02,-0.05,475,307,304,344,373
-0.85,-6.07,-7.82,0.05,-0.03,-0.05,475,308,304,344,373
-0.62,-6.37,-7.66,0.03,-0.04,-0.07,475,308,305,344,372
-0.70,-6.16,-7.62,0.03,-0.04,-0.07,476,307,305,344,372
-0.73,-6.29,-7.56,0.04,-0.03,-0.05,475,307,305,344,373
-0.54,-6.29,-7.61,0.03,-0.03,-0.06,475,308,305,344,373
-0.55,-6.43,-7.49,0.03,-0.03,-0.05,476,308,305,344,372
-0.79,-6.11,-7.54,0.04,-0.02,-0.05,475,308,305,344,372
-0.75,-6.22,-7.57,0.06,-0.02,-0.05,475,307,305,344,372
-0.73,-6.42,-7.54,0.04,-0.02,-0.04,475,308,305,344,372
-0.68,-6.39,-7.57,0.03,-0.00,-0.05,475,308,304,344,372
END
-0.78,-6.18,-7.77,0.04,-0.00,-0.03,475,308,305,344,372
-0.50,-6.58,-7.57,0.03,0.01,-0.02,474,308,305,344,372
-0.36,-6.44,-7.27,0.04,-0.01,-0.00,475,308,305,344,372
-0.92,-6.31,-7.42,0.05,-0.00,-0.01,475,308,305,344,372
-0.57,-6.44,-7.34,0.04,0.01,-0.01,475,308,305,344,372
-0.83,-6.43,-7.52,0.01,0.00,-0.01,474,308,306,344,372
-0.68,-6.51,-7.52,-0.02,0.02,-0.03,474,308,305,344,371
-0.68,-6.16,-7.56,-0.03,0.00,-0.05,474,308,305,344,372
-0.70,-6.23,-7.63,0.00,-0.01,-0.02,474,308,305,344,372
-0.85,-6.27,-7.49,0.02,-0.01,-0.04,474,308,305,344,372
-0.99,-6.16,-7.59,0.02,0.01,-0.02,474,308,305,344,372
-0.58,-6.15,-7.54,0.02,0.01,-0.05,474,308,305,344,372
-0.52,-6.55,-7.44,-0.02,-0.01,-0.09,474,308,305,344,372
-0.65,-6.21,-7.58,-0.04,-0.03,-0.03,474,308,305,344,372
-1.12,-5.87,-7.88,-0.01,0.01,-0.01,474,308,305,344,371
-0.54,-5.93,-7.90,0.05,0.06,0.00,474,308,305,344,372
-0.22,-6.32,-7.88,0.07,0.04,0.04,474,308,305,344,372
-0.76,-6.17,-7.65,0.04,0.02,0.04,474,308,306,344,372
-0.76,-6.02,-7.53,0.00,0.03,-0.01,474,308,305,344,372
-0.39,-6.28,-7.67,-0.03,0.03,-0.03,473,308,305,344,372
-0.71,-5.86,-7.87,-0.03,0.01,-0.04,474,308,305,344,372
-0.89,-5.86,-7.87,0.05,0.03,-0.02,474,308,305,344,372
-0.60,-6.33,-7.77,0.06,-0.00,-0.04,474,308,305,344,372
-0.78,-6.13,-7.87,0.06,-0.01,-0.01,474,308,305,344,372
-0.60,-6.09,-8.00,0.05,-0.00,-0.01,474,308,305,344,372
-0.52,-6.19,-7.77,0.03,-0.03,-0.03,474,308,305,344,372
-0.75,-6.24,-7.60,0.01,-0.03,-0.01,474,308,305,344,372
-0.85,-6.03,-7.58,-0.01,-0.02,-0.01,474,308,305,344,372
-0.90,-5.74,-7.51,0.03,0.00,-0.03,474,307,305,344,372
-0.81,-6.12,-7.61,0.03,0.02,-0.03,474,308,305,344,372
-0.79,-5.96,-7.82,0.04,0.03,-0.03,474,308,305,344,372
-0.63,-6.03,-7.91,0.06,0.03,-0.02,474,308,305,344,372
-0.60,-6.27,-7.62,0.05,0.00,-0.00,474,308,305,344,371
-0.78,-6.12,-7.65,0.02,0.01,-0.03,474,308,305,344,371
-0.93,-5.84,-7.67,0.03,0.02,-0.01,474,308,305,344,372
-0.78,-5.82,-7.84,0.06,0.03,-0.02,474,308,305,344,372
END
-0.62,-6.12,-7.85,0.07,0.01,-0.03,474,308,305,344,372
-0.85,-5.94,-7.85,0.00,0.00,-0.01,474,308,305,344,372
-0.95,-5.75,-7.93,0.03,-0.01,-0.02,474,308,305,344,372
-0.88,-5.99,-7.82,0.05,-0.00,-0.04,474,308,305,344,372
-1.13,-5.81,-7.77,0.04,0.00,-0.02,474,308,305,344,372
-0.97,-5.98,-7.87,0.05,0.01,-0.03,473,308,305,344,372
-0.99,-5.86,-7.95,0.04,-0.00,-0.06,474,308,305,344,372
-0.96,-6.10,-7.80,0.04,-0.02,-0.03,474,308,305,344,371
-0.94,-6.22,-7.62,0.01,-0.02,-0.02,474,308,305,344,372
-0.90,-5.94,-7.68,0.01,-0.01,-0.03,474,308,305,344,372
-0.90,-5.86,-7.70,0.04,0.00,-0.03,474,308,305,344,372
-1.03,-5.92,-7.77,0.06,0.02,-0.04,474,308,305,344,372
-0.85,-6.35,-7.77,0.05,0.03,-0.02,474,308,305,344,372
-0.84,-6.10,-7.68,0.04,0.01,-0.04,474,308,305,344,371
-0.93,-5.99,-7.77,0.03,0.01,-0.02,474,308,305,344,372
-0.92,-5.94,-7.77,0.06,0.02,-0.02,474,308,305,344,372
-0.67,-6.33,-7.62,0.05,0.01,-0.06,474,308,305,344,371
-0.81,-6.35,-7.64,0.04,-0.01,-0.03,474,307,305,344,372
-0.81,-6.21,-7.70,0.03,0.00,-0.04,474,308,305,344,373
-0.80,-6.21,-7.64,0.02,-0.00,0.01,474,308,305,344,372
-1.05,-5.92,-7.67,0.03,-0.01,-0.02,474,308,305,344,371
-0.88,-5.92,-7.83,0.03,-0.01,-0.05,474,308,305,344,372
-0.91,-6.23,-7.65,0.03,-0.01,-0.06,474,308,305,344,372
-1.24,-6.23,-7.42,0.01,-0.00,-0.03,474,308,305,344,372
-0.85,-6.14,-7.75,0.01,-0.00,-0.05,473,308,305,344,372
-0.95,-6.09,-7.70,0.03,-0.00,-0.05,473,308,305,344,371
-1.03,-6.21,-7.77,0.03,0.01,-0.01,473,308,305,344,372
-0.89,-6.05,-7.66,0.04,-0.00,-0.04,474,308,305,344,373
-0.84,-6.07,-7.84,0.04,0.00,-0.02,473,307,305,344,372
-1.05,-6.08,-7.52,0.04,-0.00,-0.02,473,308,305,344,371
-0.92,-6.18,-7.71,0.05,0.00,-0.04,474,308,305,344,372
-0.80,-6.13,-7.75,0.03,0.00,-0.04,474,308,305,344,372
-0.95,-6.12,-7.57,0.03,-0.01,-0.05,474,308,305,344,372
-1.04,-6.16,-7.53,0.02,-0.01,-0.02,474,308,305,344,372
-0.90,-6.04,-7.58,0.03,0.00,-0.03,474,308,305,344,372
-0.88,-6.25,-7.65,0.03,0.02,-0.03,473,308,304,344,371
END
-0.98,-6.22,-7.62,0.03,0.01,0.02,472,308,307,344,372
-0.95,-5.92,-8.18,0.10,-0.04,-0.12,472,308,306,344,372
-0.91,-5.86,-7.98,0.09,-0.03,-0.13,473,308,306,345,372
-0.90,-5.96,-7.77,0.07,-0.02,-0.10,472,308,306,344,372
-0.79,-6.22,-7.54,0.03,-0.04,-0.13,473,308,306,344,372
-0.95,-5.92,-7.59,0.05,-0.01,-0.09,473,308,306,345,372
-0.47,-6.10,-7.80,0.07,-0.01,-0.07,473,308,306,344,372
-0.67,-6.15,-7.63,0.06,-0.03,-0.10,473,308,305,345,372
-0.95,-6.16,-7.86,0.06,-0.03,-0.11,473,308,306,344,372
-0.69,-6.27,-7.78,0.03,-0.04,-0.10,472,308,306,345,371
-0.83,-6.12,-7.65,0.03,-0.05,-0.03,472,308,306,344,371
-0.85,-6.23,-7.56,0.02,-0.04,-0.04,472,308,306,344,372
-0.85,-6.24,-7.75,0.01,-0.00,-0.03,472,309,306,344,371
-0.78,-5.86,-7.76,0.00,0.02,-0.03,472,307,307,344,371
-0.75,-5.77,-7.87,0.00,0.01,-0.02,472,308,306,345,372
-0.88,-5.99,-7.70,0.01,0.01,-0.05,473,308,306,344,372
-0.60,-6.09,-7.63,-0.01,0.02,-0.03,472,308,307,344,372
-0.73,-5.89,-7.90,-0.01,0.01,-0.03,473,308,307,344,372
-0.75,-5.74,-8.17,0.03,0.02,-0.09,473,308,306,345,372
-0.27,-6.31,-7.39,0.05,-0.02,-0.06,473,308,306,344,372
-0.60,-6.05,-7.76,0.05,-0.03,0.00,472,308,306,345,371
-0.81,-5.80,-7.94,0.05,-0.03,-0.05,472,308,306,345,371
-0.86,-6.23,-7.70,0.05,-0.01,-0.02,473,308,306,344,371
-0.83,-6.09,-7.65,0.01,-0.00,-0.01,472,308,307,344,372
-0.95,-6.06,-7.81,0.01,0.04,0.01,472,308,306,344,371
-0.80,-5.84,-8.05,0.02,0.03,0.01,472,308,306,344,371
-0.63,-5.84,-8.08,0.04,0.02,-0.02,473,308,306,344,372
-0.68,-6.05,-7.84,0.02,0.01,0.01,473,308,306,344,372
-0.85,-5.81,-7.96,0.02,0.01,-0.01,473,308,306,344,372
-0.53,-5.98,-7.87,0.04,-0.01,-0.03,473,308,306,344,371
-0.68,-5.94,-7.95,0.04,-0.02,-0.02,473,308,307,345,372
-0.76,-6.00,-7.85,0.02,-0.03,-0.04,472,308,306,344,371
-0.99,-5.81,-7.69,0.01,-0.03,-0.04,472,308,306,344,371
-0.98,-5.79,-7.95,0.01,-0.02,-0.07,472,308,306,344,372
-0.75,-6.04,-7.88,0.06,-0.01,-0.05,472,308,306,344,372
-0.72,-6.10,-7.76,0.05,-0.01,-0.04,472,308,307,344,371
END
-0.73,-6.21,-7.72,0.02,-0.01,-0.01,472,308,306,344,371
-1.08,-5.45,-8.03,0.02,0.01,-0.05,472,308,306,344,371
-1.07,-5.36,-8.31,0.04,0.02,-0.05,472,308,306,344,371
-0.91,-5.76,-8.18,0.06,0.00,-0.05,472,308,306,344,371
-1.00,-5.94,-8.02,0.03,-0.00,-0.03,472,308,306,344,371
-1.10,-5.62,-8.15,0.00,0.00,-0.01,472,308,306,344,371
-1.18,-5.42,-7.79,0.02,0.01,-0.02,472,308,305,344,371
-0.85,-5.46,-8.19,0.05,-0.01,-0.03,472,308,306,344,370
-0.99,-5.58,-8.02,0.04,-0.01,-0.03,472,308,306,344,371
-1.08,-5.46,-8.18,0.02,0.01,-0.03,472,307,306,344,371
-0.80,-5.72,-8.20,-0.02,-0.01,-0.03,472,308,306,344,371
-1.00,-5.24,-8.35,0.02,-0.01,-0.02,472,308,306,345,371
-1.06,-5.42,-8.14,0.05,0.00,-0.05,472,308,306,344,371
-0.93,-5.57,-8.22,0.05,0.01,-0.02,472,308,306,344,371
-1.05,-5.56,-8.30,0.04,0.01,-0.05,472,308,306,344,371
-0.86,-5.54,-8.18,0.05,0.01,-0.05,472,308,306,344,371
-0.73,-5.90,-8.10,0.04,-0.03,-0.05,472,308,306,344,371
-1.06,-5.76,-7.95,0.02,-0.04,-0.03,472,308,307,344,371
-1.00,-5.48,-8.01,0.02,-0.02,-0.02,472,308,305,344,371
-1.00,-5.66,-7.91,0.02,0.00,-0.04,472,308,306,344,371
-1.06,-5.53,-8.12,0.03,0.02,-0.03,472,308,306,344,371
-0.90,-5.69,-8.04,0.06,0.03,-0.06,472,308,306,344,371
-0.87,-5.48,-8.43,0.08,-0.00,-0.05,472,308,305,344,371
-0.78,-5.87,-8.08,0.08,-0.03,-0.04,472,308,306,344,371
-0.91,-5.64,-8.16,0.05,-0.04,-0.05,472,308,306,344,371
-0.95,-5.71,-7.97,0.04,-0.02,-0.05,472,308,306,344,371
-1.05,-5.52,-8.03,0.02,-0.02,-0.04,472,308,306,344,371
-1.05,-5.56,-8.22,0.02,-0.01,-0.09,471,308,306,344,371
-0.76,-6.13,-8.02,0.01,-0.01,-0.07,472,308,307,344,371
-0.78,-5.66,-8.04,0.01,-0.01,-0.03,472,308,307,344,371
-0.89,-5.70,-7.99,0.04,-0.01,-0.00,472,308,308,345,371
-1.16,-5.78,-7.98,0.05,0.02,-0.02,472,308,309,344,371
-1.12,-5.88,-7.86,0.04,0.04,-0.00,472,308,309,344,371
-0.88,-5.72,-8.05,0.04,0.04,0.04,472,308,309,344,371
-0.83,-5.57,-8.15,0.05,0.04,-0.00,472,308,309,345,371
-1.01,-5.67,-8.07,0.03,0.03,0.02,472,308,309,344,371
END
-1.08,-5.50,-8.15,0.01,0.02,-0.01,471,308,309,344,371
-1.09,-5.66,-8.02,0.01,0.02,0.00,472,308,309,344,371
-0.74,-5.46,-8.10,0.01,0.01,-0.05,472,307,309,344,371
-0.84,-5.33,-8.14,0.04,0.00,-0.04,472,308,309,345,371
-1.12,-5.64,-8.16,0.06,0.00,-0.05,471,308,309,344,371
-0.95,-5.86,-8.06,0.04,0.01,-0.05,471,308,308,344,371
-0.80,-5.54,-8.19,0.02,0.01,-0.04,471,308,309,344,371
-1.00,-5.41,-8.28,0.02,0.01,-0.02,472,308,309,344,371
-0.90,-5.53,-8.20,0.04,-0.01,-0.02,472,308,309,344,371
-0.90,-5.61,-8.15,0.04,-0.01,-0.02,471,308,309,345,371
-1.07,-5.49,-8.18,0.02,-0.02,-0.04,472,308,309,344,371
-0.98,-5.46,-8.13,0.03,-0.01,-0.01,472,308,309,344,371
-1.06,-5.56,-8.09,0.02,-0.02,-0.03,471,308,309,344,371
-0.90,-5.54,-8.18,0.04,-0.01,-0.02,471,308,309,344,372
-0.86,-5.44,-8.05,0.03,-0.03,-0.03,471,308,309,344,371
-1.13,-5.28,-8.13,0.04,-0.03,-0.05,471,308,309,343,370
-1.10,-5.67,-8.00,0.05,-0.01,-0.02,472,308,309,344,371
-0.96,-5.64,-8.15,0.04,-0.00,-0.02,471,308,309,344,371
-1.08,-5.43,-8.31,0.06,0.01,-0.04,471,308,309,344,371
-0.98,-5.58,-8.20,0.08,-0.00,-0.01,472,308,309,344,371
-1.15,-5.65,-8.22,0.10,-0.01,-0.02,472,308,309,344,371
-1.13,-5.92,-7.84,0.09,-0.02,-0.01,471,308,309,344,371
-1.13,-5.92,-7.64,0.05,0.00,0.00,471,308,309,344,371
-1.26,-5.67,-7.79,0.02,0.03,-0.01,472,308,309,344,371
-1.24,-5.69,-7.98,0.04,0.07,-0.02,471,308,309,344,371
-0.85,-5.90,-8.20,0.05,0.08,-0.01,471,308,309,344,371
-0.97,-5.71,-8.14,0.07,0.02,-0.01,472,308,309,344,371
-1.09,-5.90,-7.86,0.09,-0.01,-0.04,472,308,309,344,371
-1.08,-6.09,-7.59,0.05,0.01,-0.02,471,307,309,344,371
-1.08,-5.99,-7.75,0.01,0.03,-0.03,472,308,309,344,371
-0.84,-5.94,-7.77,-0.02,0.03,-0.04,472,308,309,344,371
-1.03,-5.69,-8.08,-0.04,0.01,-0.04,472,308,309,344,371
-1.00,-5.54,-8.08,-0.01,0.01,-0.04,472,308,309,344,371
-0.85,-5.82,-8.08,-0.02,-0.02,-0.05,472,308,309,344,371
-0.95,-5.53,-8.15,-0.03,-0.02,-0.07,471,308,308,344,371
-0.80,-5.30,-8.30,0.01,-0.01,-0.07,471,308,309,344,371
END
-0.70,-5.50,-8.36,0.02,-0.02,-0.07,471,308,309,344,371
-0.86,-5.30,-8.34,0.04,0.02,-0.02,471,308,309,344,371
-0.95,-5.28,-8.48,0.03,0.01,-0.02,471,308,309,344,371
-0.88,-5.33,-8.37,0.04,0.01,-0.04,471,308,309,344,371
-1.00,-5.51,-8.31,0.03,-0.01,-0.01,471,308,309,344,371
-0.97,-5.42,-8.26,0.04,-0.00,-0.03,471,308,309,344,371
-1.19,-5.32,-8.35,0.03,-0.00,-0.02,471,308,309,344,371
-0.98,-5.53,-8.34,0.04,0.01,-0.03,471,308,309,344,371
-0.80,-5.43,-8.39,0.03,0.00,-0.02,471,308,309,344,371
-1.06,-5.28,-8.33,0.05,-0.01,-0.04,471,308,309,344,370
-0.95,-5.26,-8.31,0.05,0.01,-0.04,471,308,308,344,370
-0.67,-5.49,-8.37,0.04,0.00,-0.05,471,308,309,344,371
-1.04,-5.44,-8.36,0.02,-0.02,-0.04,471,308,308,344,371
-0.96,-5.43,-8.31,0.05,0.00,-0.03,470,308,309,344,370
-0.89,-5.63,-8.10,0.03,-0.01,-0.03,471,308,309,344,371
-1.03,-5.31,-8.16,0.02,-0.01,-0.03,471,308,309,344,370
-0.98,-5.25,-8.23,0.03,0.01,-0.03,471,308,308,344,371
-0.84,-5.43,-8.15,0.02,0.01,-0.05,471,308,309,344,371
-1.11,-5.49,-8.27,0.01,0.01,-0.04,471,307,309,345,371
-1.00,-5.50,-8.23,0.02,0.03,-0.01,471,308,309,344,371
-0.61,-5.25,-8.41,0.03,0.03,-0.03,471,308,309,344,371
-0.69,-5.38,-8.56,0.06,0.01,-0.02,471,308,309,344,371
-0.92,-5.33,-8.49,0.05,-0.00,-0.00,471,308,309,344,371
-0.98,-5.21,-8.23,0.04,-0.01,-0.01,471,308,308,344,371
-0.80,-5.37,-8.31,0.04,-0.01,-0.03,470,308,308,344,371
-0.96,-5.52,-8.12,0.03,-0.03,-0.05,471,308,308,344,371
-1.25,-5.56,-8.02,0.03,-0.02,-0.03,471,308,309,344,371
-1.06,-5.40,-8.29,0.05,-0.00,-0.04,471,308,308,344,371
-0.85,-5.41,-8.21,0.05,-0.03,-0.04,471,308,309,344,371
-0.82,-5.43,-8.16,0.06,-0.03,-0.04,471,308,309,344,371
-1.06,-5.74,-8.10,0.02,-0.01,-0.05,471,308,308,344,371
-1.00,-5.45,-8.36,0.00,-0.00,-0.06,471,308,309,344,371
-0.99,-5.41,-8.44,0.02,-0.01,-0.03,471,308,309,344,371
-0.87,-5.61,-8.30,0.03,-0.02,-0.04,471,308,309,345,370
-0.95,-5.60,-8.17,0.00,-0.04,-0.03,471,306,309,344,371
-1.05,-5.32,-8.13,0.00,-0.02,-0.00,471,308,309,344,371
END
-1.08,-5.19,-8.19,0.02,-0.01,-0.06,471,308,309,344,371
-0.83,-5.53,-8.29,0.01,-0.01,-0.02,470,308,309,344,371
-0.98,-5.38,-8.33,0.00,-0.01,-0.02,471,308,309,344,371
-1.11,-5.30,-8.20,0.02,-0.00,-0.04,471,308,309,344,370
-0.95,-5.44,-8.21,0.02,0.01,-0.02,470,307,309,344,371
-0.98,-5.38,-8.28,0.03,0.01,-0.02,470,308,309,344,371
-1.10,-5.41,-8.14,0.02,0.02,-0.02,471,308,308,344,370
-0.98,-5.30,-8.40,0.02,0.02,0.01,471,308,309,344,371
-0.88,-5.10,-8.31,0.03,0.02,-0.02,471,308,309,344,371
-1.02,-5.34,-8.35,0.03,0.02,-0.03,470,308,309,344,371
-1.11,-5.28,-8.31,0.03,0.02,-0.03,471,308,308,344,371
-0.73,-5.34,-8.22,0.05,0.01,-0.05,471,308,309,344,371
-0.99,-5.46,-8.20,0.02,-0.01,-0.03,471,308,309,344,371
-1.16,-5.27,-8.23,0.04,0.01,-0.03,471,308,308,344,370
-0.85,-5.41,-8.16,0.03,0.01,-0.03,470,308,309,344,371
-0.95,-5.32,-8.33,0.04,0.00,-0.04,470,308,309,344,371
-1.03,-5.44,-8.33,0.03,-0.00,-0.03,470,308,308,344,370
-1.03,-5.43,-8.26,0.02,-0.00,-0.04,470,308,309,344,371
-1.02,-5.22,-8.35,0.03,-0.00,-0.03,471,308,309,344,370
-1.15,-5.29,-8.28,0.03,-0.02,-0.04,470,308,308,344,370
-1.13,-5.30,-8.29,0.05,0.00,-0.04,470,308,309,344,371
-0.95,-5.43,-8.35,0.04,-0.00,-0.03,470,308,309,344,371
-1.00,-5.31,-8.22,0.02,-0.01,-0.04,470,308,309,344,370
-1.09,-5.31,-8.30,0.04,-0.01,-0.03,470,308,309,344,371
-0.97,-5.46,-8.30,0.03,0.00,-0.02,471,308,309,344,371
-0.88,-5.42,-8.26,0.04,0.00,-0.03,470,308,309,344,371
-0.93,-5.30,-8.26,0.04,0.00,-0.04,470,308,308,344,371
-1.14,-5.37,-8.26,0.04,0.00,-0.03,470,308,309,344,370
-1.02,-5.46,-8.25,0.03,0.01,-0.00,470,308,308,344,371
-1.01,-5.35,-8.30,0.01,-0.01,-0.05,470,308,308,344,370
-0.98,-5.36,-8.28,0.02,-0.00,-0.03,470,309,309,344,371
-1.03,-5.34,-8.28,0.02,0.00,-0.03,470,308,309,344,371
-0.80,-5.46,-8.40,0.01,-0.01,-0.04,470,308,309,344,370
-1.11,-5.17,-8.35,0.02,-0.01,-0.03,470,308,309,344,371
-1.12,-5.42,-8.23,0.06,0.00,-0.05,470,308,309,344,371
-0.95,-5.41,-8.27,0.04,0.01,-0.05,470,308,309,344,371
END
-0.98,-5.39,-8.18,0.05,0.00,-0.04,470,308,308,344,370
-1.03,-5.48,-8.19,0.04,-0.01,-0.04,470,308,309,344,369
-1.03,-5.63,-8.18,0.03,-0.01,-0.04,470,308,308,344,370
-1.05,-5.20,-8.10,0.02,-0.00,-0.03,470,308,309,344,371
-0.99,-5.38,-8.32,0.05,0.01,-0.02,470,308,308,344,370
-1.07,-5.49,-8.32,0.03,-0.01,-0.04,470,308,309,344,369
-1.06,-5.46,-8.26,0.03,0.00,-0.02,470,308,309,344,370
-0.83,-5.56,-8.27,0.02,0.00,-0.03,470,308,309,344,371
-1.06,-5.42,-8.28,0.01,-0.01,-0.03,470,308,308,344,370
-1.23,-5.31,-8.21,0.05,0.01,-0.03,469,308,308,344,371
-0.88,-5.53,-8.17,0.04,0.01,-0.04,470,308,309,344,371
-0.79,-5.45,-8.13,0.04,-0.00,-0.02,470,308,308,344,370
-1.03,-5.30,-8.33,0.04,-0.00,-0.04,470,308,308,343,370
-1.18,-5.52,-8.23,0.04,0.01,-0.04,469,308,308,344,370
-0.78,-5.39,-8.27,0.04,0.01,-0.02,470,308,309,344,371
-0.95,-5.36,-8.26,0.03,-0.01,-0.04,470,308,309,344,371
-1.13,-5.34,-8.26,0.04,-0.01,-0.03,470,308,309,344,370
-1.11,-5.35,-8.32,0.04,0.01,-0.03,470,308,309,344,370
-0.75,-5.45,-8.10,0.03,0.01,-0.03,470,308,309,344,371
-0.88,-5.52,-8.36,0.04,-0.01,-0.04,470,308,308,344,370
-1.13,-5.40,-8.13,0.03,-0.01,-0.02,470,308,309,344,370
-1.01,-5.36,-8.09,0.05,0.01,-0.04,470,308,309,344,371
-0.90,-5.51,-8.37,0.03,-0.00,-0.03,470,308,309,344,371
-1.04,-5.41,-8.29,0.04,-0.00,-0.03,469,308,308,344,370
-1.05,-5.66,-8.14,0.03,0.00,-0.04,469,308,309,344,370
-0.98,-5.46,-8.14,0.03,-0.01,-0.04,470,308,309,344,371
-0.98,-5.49,-8.35,0.03,-0.01,-0.03,470,309,308,344,371
-1.05,-5.43,-8.23,0.03,-0.01,-0.04,469,309,309,344,370
-1.11,-5.58,-8.27,0.04,-0.00,-0.04,469,308,309,344,370
-0.95,-5.49,-8.22,0.03,0.00,-0.03,469,308,309,344,371
-0.98,-5.58,-8.25,0.03,0.00,-0.04,469,309,309,344,370
-1.00,-5.28,-8.24,0.03,-0.01,-0.04,469,308,309,344,370
-1.08,-5.48,-8.18,0.04,0.00,-0.03,469,308,309,344,371
-1.08,-5.48,-8.15,0.03,0.00,-0.03,470,308,309,344,371
-0.86,-5.43,-8.15,0.02,-0.00,-0.04,469,308,308,344,370
-0.96,-5.27,-8.46,0.03,0.00,-0.04,470,308,309,344,370
END
-1.03,-5.55,-8.13,0.04,0.00,-0.01,469,308,308,344,371
-0.94,-5.17,-8.52,0.05,0.02,-0.03,469,309,308,344,371
-1.03,-5.33,-8.34,0.04,0.01,-0.04,469,309,309,344,371
-1.00,-5.46,-8.39,0.03,0.01,-0.01,469,308,309,344,371
-1.02,-5.22,-8.41,0.02,0.01,-0.02,469,308,309,344,371
-1.13,-5.15,-8.30,0.02,0.01,-0.00,470,308,308,344,371
-1.16,-5.01,-8.52,0.03,0.02,-0.01,469,308,309,344,371
-0.89,-5.13,-8.51,0.05,0.02,-0.02,469,308,308,344,371
-0.95,-5.30,-8.43,0.04,-0.01,-0.03,469,308,308,345,371
-1.06,-5.13,-8.41,0.06,-0.02,-0.05,469,308,308,344,370
-1.01,-5.73,-8.10,0.01,-0.04,-0.05,469,309,309,344,370
-1.05,-5.49,-8.39,-0.02,-0.03,-0.06,469,308,308,344,370
-1.26,-5.13,-8.36,-0.02,-0.00,-0.03,469,308,308,344,371
-1.18,-4.83,-8.48,0.04,-0.00,-0.02,469,309,309,345,371
-1.08,-5.13,-8.35,0.06,-0.00,-0.04,469,308,308,344,370
-0.88,-5.38,-8.43,0.05,-0.01,-0.06,469,309,309,344,370
-0.90,-5.49,-8.28,0.02,-0.02,-0.06,469,308,308,344,370
-1.35,-5.22,-8.46,-0.00,-0.03,-0.03,469,308,309,344,370
-1.40,-5.04,-8.41,0.02,-0.00,-0.02,469,308,309,345,370
-0.91,-5.18,-8.36,0.04,-0.01,-0.01,469,308,309,344,370
-1.00,-5.21,-8.35,0.04,-0.01,-0.03,469,308,308,344,370
-1.22,-5.10,-8.55,0.03,-0.01,-0.03,469,308,309,344,370
-1.25,-5.27,-8.36,0.00,-0.01,-0.03,469,308,309,344,370
-1.01,-5.06,-8.54,0.01,0.00,-0.02,469,308,309,344,370
-1.13,-4.96,-8.40,0.02,-0.01,-0.01,469,308,309,344,370
-1.32,-5.06,-8.48,0.02,-0.00,-0.03,469,308,309,344,371
-1.00,-5.14,-8.59,0.02,0.00,-0.04,469,308,309,344,370
-1.11,-4.99,-8.58,0.02,0.00,-0.03,469,308,309,344,371
-1.18,-5.05,-8.43,0.03,-0.00,-0.04,469,308,308,344,371
-1.17,-5.10,-8.46,0.03,0.01,-0.02,469,308,309,344,371
-1.16,-4.95,-8.46,0.03,0.01,-0.03,469,309,308,344,370
-1.08,-5.13,-8.60,0.03,0.00,-0.03,469,308,308,344,370
-1.21,-5.13,-8.54,0.02,0.00,-0.03,469,308,308,344,370
-1.00,-4.98,-8.48,0.02,-0.00,-0.04,469,308,308,344,370
-1.27,-5.02,-8.36,0.03,0.00,-0.02,469,308,308,344,370
-1.08,-4.93,-8.43,0.04,0.00,-0.04,469,308,309,344,370
END
-1.26,-4.87,-8.48,0.06,-0.01,-0.03,469,308,309,344,370
-1.26,-5.10,-8.33,0.03,-0.01,-0.03,469,308,309,344,370
-1.39,-5.12,-8.44,0.01,0.00,-0.02,469,309,309,345,370
-1.12,-5.02,-8.38,0.05,0.01,-0.03,469,309,308,344,370
-1.05,-5.14,-8.47,0.03,0.01,-0.02,468,308,309,344,370
-1.25,-5.10,-8.49,0.03,0.01,-0.03,468,309,308,344,370
-1.33,-5.10,-8.56,0.02,0.02,-0.03,468,308,309,344,371
-1.07,-4.86,-8.49,0.04,0.02,-0.02,469,308,308,344,370
-1.29,-5.13,-8.45,0.01,0.00,-0.03,469,308,308,344,370
-1.21,-5.05,-8.55,0.03,0.02,-0.02,468,309,309,344,370
-1.12,-5.16,-8.76,0.03,0.01,-0.01,469,308,309,344,370
-1.03,-5.10,-8.52,0.04,0.00,-0.02,469,308,309,345,370
-1.25,-4.95,-8.51,0.04,-0.01,0.00,468,309,309,344,370
-1.31,-4.78,-8.60,0.05,-0.00,-0.02,469,309,309,344,370
-1.07,-5.06,-8.60,0.03,-0.01,-0.06,469,309,308,344,370
-1.11,-5.09,-8.36,0.03,-0.02,-0.05,468,309,308,344,370
-1.26,-5.09,-8.38,0.02,-0.01,-0.04,468,309,309,344,370
-1.19,-4.90,-8.51,0.03,-0.01,-0.03,468,308,308,344,370
-1.07,-4.95,-8.43,0.05,-0.02,-0.06,469,308,309,344,370
-1.35,-5.13,-8.59,0.03,-0.01,-0.04,468,309,308,344,370
-1.02,-4.90,-8.60,0.04,0.01,-0.06,469,308,309,344,370
-0.96,-5.32,-8.38,0.02,-0.02,-0.04,469,309,309,344,370
-1.37,-5.01,-8.46,0.01,-0.02,-0.04,469,308,309,345,370
-1.23,-4.94,-8.58,0.03,-0.00,-0.04,468,308,309,344,371
-1.11,-5.16,-8.41,0.03,-0.01,-0.04,468,309,309,345,370
-1.16,-5.27,-8.53,0.03,-0.02,-0.05,469,308,309,344,370
-1.32,-5.06,-8.37,0.03,-0.00,-0.02,468,309,308,344,370
-1.11,-5.09,-8.41,0.01,0.01,-0.01,468,308,308,344,370
-1.23,-4.86,-8.57,0.03,0.01,-0.04,468,308,309,344,370
-1.14,-5.08,-8.63,0.05,0.00,-0.02,468,309,308,345,370
-1.03,-5.20,-8.52,0.05,-0.01,-0.03,468,309,308,344,370
-1.33,-5.15,-8.60,0.03,-0.00,-0.03,469,308,309,345,370
-1.32,-5.00,-8.41,0.02,-0.00,-0.03,468,309,308,344,371
-1.03,-4.95,-8.53,0.03,-0.01,-0.03,468,308,309,344,370
-1.18,-4.99,-8.49,0.04,-0.02,-0.05,468,308,309,344,370
-1.35,-5.15,-8.48,0.02,-0.01,-0.07,469,308,308,344,370
END
-1.23,-5.05,-8.51,0.04,0.00,-0.04,468,308,308,345,370
-1.11,-5.06,-8.49,0.04,0.01,-0.04,468,308,308,344,370
-1.28,-5.13,-8.46,0.02,-0.01,-0.03,468,309,308,344,371
-1.26,-4.95,-8.59,0.03,-0.01,-0.04,468,308,308,344,370
-1.21,-5.04,-8.54,0.02,-0.01,-0.03,468,308,308,344,370
-1.53,-4.97,-8.50,0.02,-0.01,-0.03,468,308,308,344,371
-1.23,-4.82,-8.57,0.03,0.01,-0.05,468,308,308,344,371
-1.26,-5.15,-8.60,0.04,0.01,-0.05,468,309,308,345,371
-1.26,-5.09,-8.58,0.04,-0.01,-0.04,468,309,308,344,370
-1.37,-5.09,-8.45,0.04,-0.01,-0.03,468,309,308,345,370
-1.32,-5.20,-8.41,0.02,0.00,-0.02,468,309,308,345,370
-1.32,-5.10,-8.20,0.01,0.03,-0.02,468,308,308,345,370
-1.21,-4.77,-8.64,0.04,0.03,-0.00,468,310,308,345,371
-1.17,-4.78,-8.60,0.07,0.01,-0.04,468,309,308,344,370
-1.13,-5.18,-8.64,0.06,0.00,-0.03,468,308,308,344,370
-1.27,-5.28,-8.52,0.02,-0.00,-0.03,468,309,308,345,370
-1.32,-4.78,-8.48,0.02,0.01,-0.03,468,309,308,345,370
-1.16,-5.02,-8.61,0.03,-0.00,-0.02,468,309,308,345,370
-1.14,-5.10,-8.42,0.03,-0.02,-0.05,468,309,308,344,370
-1.32,-5.04,-8.52,0.02,-0.01,-0.03,468,309,308,345,370
-1.42,-5.08,-8.44,0.02,-0.00,-0.01,468,309,308,345,370
-1.18,-5.03,-8.38,0.03,-0.00,-0.03,468,308,308,344,370
-1.38,-4.95,-8.57,0.04,-0.01,-0.03,468,309,308,344,370
-1.42,-4.92,-8.53,0.04,0.02,-0.01,468,309,308,344,370
-1.11,-4.88,-8.61,0.03,0.01,-0.03,468,308,308,345,370
-1.17,-4.99,-8.59,0.03,-0.00,-0.03,467,308,307,345,370
-1.30,-5.26,-8.41,0.02,0.01,-0.03,468,309,308,344,370
-1.16,-4.97,-8.44,0.01,0.01,-0.03,468,309,308,344,370
-1.11,-4.66,-8.65,0.05,0.00,-0.03,468,309,308,345,370
-1.20,-5.10,-8.42,0.05,-0.00,-0.03,468,309,308,344,370
-1.18,-5.09,-8.43,0.04,0.00,-0.03,468,309,309,345,370
-1.26,-5.00,-8.56,0.02,0.01,-0.04,468,309,308,344,370
-1.13,-4.99,-8.48,0.02,0.01,-0.02,468,309,308,345,370
-1.16,-5.02,-8.42,0.03,0.01,-0.04,468,309,309,345,370
-1.23,-4.97,-8.57,0.03,0.01,-0.04,468,308,308,344,370
-1.03,-5.08,-8.53,0.04,0.01,-0.04,467,309,308,344,370
END
-1.02,-4.97,-8.66,0.02,0.00,-0.04,467,308,308,344,370
-0.97,-5.10,-8.58,0.03,0.00,-0.02,467,309,308,344,370
-1.01,-5.06,-8.41,0.01,-0.02,-0.03,468,308,308,345,370
-1.24,-5.03,-8.43,0.02,0.01,-0.03,467,308,308,345,371
-1.07,-4.95,-8.54,0.04,0.01,-0.03,467,309,308,344,370
-0.97,-5.12,-8.57,0.04,-0.01,-0.04,467,309,309,344,370
-1.17,-5.18,-8.59,0.03,0.00,-0.03,467,309,308,345,370
-1.20,-4.90,-8.54,0.02,0.00,-0.02,467,309,308,344,370
-1.10,-4.94,-8.43,0.02,-0.00,-0.02,467,308,308,344,370
-1.27,-4.97,-8.34,0.04,-0.00,-0.03,467,309,308,344,370
-1.19,-5.04,-8.59,0.04,0.00,-0.05,467,309,308,344,370
-1.17,-5.08,-8.43,0.03,0.00,-0.03,467,308,308,344,370
-1.28,-5.08,-8.43,0.03,-0.00,-0.02,467,308,308,345,370
-1.11,-5.00,-8.44,0.02,-0.00,-0.01,467,309,309,344,370
-1.08,-4.75,-8.54,0.03,-0.00,-0.01,468,309,308,345,370
-1.10,-4.92,-8.54,0.05,0.00,-0.05,467,309,308,344,370
-1.23,-5.10,-8.51,0.04,-0.00,-0.02,467,309,308,345,370
-1.33,-5.06,-8.62,0.04,0.00,-0.01,467,309,308,345,370
-1.07,-5.08,-8.47,0.03,-0.00,-0.02,467,309,308,344,370
-1.18,-5.30,-8.38,0.02,-0.01,-0.04,467,309,308,345,370
-1.24,-5.17,-8.38,-0.01,-0.00,-0.01,467,308,309,344,370
-1.24,-4.99,-8.43,0.01,0.01,-0.02,467,309,308,344,370
-1.20,-4.89,-8.61,0.04,0.03,0.01,467,309,308,344,370
-1.05,-4.82,-8.48,0.06,0.01,-0.02,467,309,309,344,370
-1.28,-5.08,-8.51,0.06,0.01,-0.03,467,309,308,345,370
-1.19,-5.37,-8.47,0.00,0.02,-0.01,467,309,308,345,370
-1.22,-4.92,-8.62,-0.01,0.04,-0.03,467,309,308,345,370
-1.17,-4.76,-8.64,0.03,-0.00,-0.02,467,309,308,345,370
-1.21,-5.01,-8.55,0.03,0.00,-0.03,468,309,308,344,370
-1.15,-5.15,-8.54,0.02,0.03,-0.01,467,309,308,345,370
-1.09,-4.85,-8.61,-0.00,0.03,-0.00,467,308,308,345,370
-1.20,-4.64,-8.65,0.04,0.03,0.00,467,306,308,344,370
-0.88,-5.07,-8.43,0.06,0.02,-0.01,467,308,308,345,370
-1.13,-5.25,-8.35,-0.00,0.02,-0.02,467,309,308,344,370
-1.19,-4.39,-8.97,0.03,0.06,-0.02,467,308,308,344,370
-0.80,-4.80,-8.74,0.07,0.04,-0.06,468,309,308,345,370
END