7.70,1.26,-6.35,0.02,0.00,-0.05,455,405,412,440,323
6.81,5.64,-4.66,0.03,0.02,-0.04,455,404,412,439,323
6.88,5.61,-5.08,0.03,0.01,-0.06,455,405,412,439,323
6.76,5.74,-4.89,0.03,0.01,-0.06,455,404,412,439,323
6.45,5.67,-4.61,0.01,0.01,-0.08,455,404,412,439,323
6.78,5.73,-4.51,0.02,-0.00,-0.12,455,404,412,439,323
6.70,6.17,-4.60,0.07,-0.00,0.00,456,405,412,439,323
6.39,5.66,-4.52,0.04,0.04,-0.04,456,404,412,439,323
6.76,6.22,-4.74,0.06,0.03,-0.05,456,405,412,440,323
6.50,6.76,-4.47,0.16,0.09,-0.06,456,405,412,440,323
6.73,7.04,-5.24,0.39,0.20,-0.01,456,405,412,440,323
6.48,6.46,-4.87,0.57,0.25,0.08,457,405,413,441,323
7.38,5.77,-4.77,0.66,0.20,-0.23,458,406,414,442,323
6.72,5.16,-5.25,0.77,0.30,0.01,458,406,415,444,323
7.30,3.72,-4.78,0.76,0.18,-0.22,458,406,416,444,323
7.77,3.12,-5.23,0.62,0.16,0.00,459,407,417,446,322
7.17,3.66,-5.56,0.66,0.17,-0.11,460,407,417,447,322
7.51,2.71,-5.38,0.69,0.15,-0.11,460,408,418,447,322
7.18,2.58,-5.47,0.61,0.15,-0.14,460,407,418,448,322
7.16,2.07,-5.63,0.61,0.15,-0.07,461,407,418,448,321
7.67,2.56,-6.17,0.49,0.05,-0.15,461,408,418,448,322
7.31,3.04,-6.72,0.76,0.06,-0.11,465,409,420,450,321
7.77,2.27,-5.97,0.84,-0.12,-0.52,469,411,422,452,320
8.56,0.34,-5.43,0.40,-0.03,-0.10,493,433,432,457,320
8.23,-0.34,-5.17,0.13,-0.00,0.08,507,441,438,462,319
6.88,1.50,-6.65,0.07,0.01,0.07,507,440,438,462,319
6.75,0.98,-6.64,0.04,0.01,0.04,507,440,438,462,319
7.82,1.08,-6.25,0.02,-0.00,-0.01,506,440,438,463,319
7.02,1.28,-6.81,0.05,0.03,0.03,505,439,437,462,319
7.50,1.13,-6.37,0.03,-0.00,-0.04,504,438,437,462,319
7.57,1.19,-6.72,0.02,-0.00,-0.07,503,438,436,462,319
7.47,1.11,-6.61,0.03,0.00,-0.06,503,438,436,462,319
8.01,1.49,-6.68,0.02,-0.02,-0.05,502,437,436,462,319
7.14,1.03,-6.29,0.02,0.02,-0.01,502,437,436,462,319
END
7.83,1.39,-6.65,0.01,-0.01,-0.05,453,400,407,432,324
7.35,5.06,-5.04,0.03,0.03,-0.05,453,400,407,432,324
7.24,5.41,-4.95,0.06,-0.00,-0.06,453,400,407,432,324
7.16,5.18,-4.80,0.13,0.02,-0.06,453,400,407,431,324
7.02,4.91,-4.62,0.12,0.03,-0.06,453,399,407,431,324
6.94,5.64,-4.71,0.14,0.02,-0.09,453,399,407,432,324
7.08,5.75,-5.16,0.32,0.12,-0.07,453,399,407,432,323
7.35,5.15,-4.97,0.44,0.18,0.05,453,400,407,432,323
7.19,5.15,-4.96,0.50,0.18,-0.17,453,400,408,433,323
7.31,4.09,-5.25,0.51,0.19,-0.17,454,400,409,434,323
8.37,3.88,-5.47,0.57,0.32,-0.17,453,400,409,435,321
7.29,3.71,-5.22,0.51,0.18,-0.13,453,400,409,435,321
7.75,3.43,-4.90,0.43,0.12,-0.17,453,400,410,436,321
7.98,3.52,-5.61,0.43,0.11,-0.07,453,400,410,436,321
7.87,3.60,-5.14,0.43,0.07,-0.16,453,400,410,437,321
7.87,3.62,-5.71,0.45,0.07,-0.05,453,400,410,437,321
8.04,2.29,-5.54,0.63,0.10,-0.06,453,400,411,438,321
7.34,1.89,-5.28,0.40,0.03,-0.12,453,401,411,438,321
7.83,2.42,-5.64,0.41,0.07,-0.11,453,400,411,438,320
7.85,2.90,-6.44,0.54,0.14,0.02,453,400,411,439,320
6.88,3.31,-6.71,0.94,0.13,-0.30,454,400,412,441,320
8.82,0.67,-5.79,1.62,0.10,-0.56,477,418,416,441,319
7.33,-2.14,-2.97,0.35,-0.08,-0.28,515,444,440,462,318
10.46,0.91,-5.91,0.14,-0.04,-0.02,513,442,440,462,318
6.75,0.78,-5.99,0.07,-0.02,0.06,511,440,439,460,318
7.77,0.88,-5.96,-0.00,-0.04,-0.10,509,438,438,459,318
7.99,0.73,-6.20,-0.00,-0.02,0.00,508,438,438,459,318
7.66,0.91,-6.38,0.01,0.01,0.01,506,436,437,458,318
7.40,0.67,-6.32,0.05,0.01,-0.03,505,436,437,458,318
7.99,0.70,-6.09,0.03,-0.01,-0.02,505,435,437,457,318
7.67,0.83,-6.27,0.04,0.01,-0.06,504,435,436,457,318
7.89,0.80,-6.25,0.04,-0.00,-0.04,503,435,436,457,318
7.71,0.84,-6.17,0.02,-0.00,-0.04,503,434,436,457,318
7.67,0.73,-6.14,0.04,-0.00,-0.04,502,434,435,457,318
END
7.88,0.78,-6.35,0.02,0.01,-0.04,457,403,410,433,323
5.86,6.65,-4.63,0.09,0.03,0.00,457,403,410,433,323
6.00,6.66,-4.49,0.13,0.05,-0.02,457,403,410,433,323
6.27,6.35,-4.98,0.16,0.06,0.05,457,403,410,433,323
6.20,6.00,-4.68,0.16,0.07,0.04,456,403,410,433,323
6.12,6.33,-4.59,0.15,0.07,-0.04,457,403,410,433,324
6.56,7.12,-4.76,0.25,0.11,-0.05,457,403,410,433,323
6.58,6.36,-4.59,0.39,0.18,0.06,457,403,410,433,323
7.02,5.94,-4.82,0.48,0.19,0.04,457,403,411,434,323
7.31,5.56,-4.94,0.53,0.15,-0.08,457,403,411,435,323
6.80,5.10,-5.24,0.59,0.20,0.04,457,404,412,436,322
6.23,4.80,-5.64,0.61,0.21,0.05,458,404,412,436,322
6.97,3.94,-5.28,0.60,0.15,-0.15,458,404,413,437,322
7.03,3.93,-5.43,0.62,0.15,-0.14,458,404,413,438,322
6.83,2.96,-5.89,0.67,0.20,-0.09,459,405,414,440,321
7.42,2.35,-5.66,0.75,0.18,-0.17,459,405,415,441,321
7.50,3.51,-5.97,0.63,0.11,-0.22,460,405,415,442,321
7.24,3.45,-6.29,0.69,0.12,-0.27,461,406,416,444,321
6.66,5.23,-7.52,1.46,0.22,-0.14,463,407,417,445,321
9.96,-4.47,-2.40,1.56,0.10,-0.73,490,425,420,443,320
7.62,-2.07,-3.81,0.14,-0.06,-0.35,511,437,433,454,319
8.92,1.82,-7.82,0.08,-0.01,0.05,508,435,432,453,319
6.70,0.83,-5.96,0.07,-0.06,-0.06,509,434,433,454,319
7.46,1.09,-6.62,0.01,0.00,-0.05,507,433,433,454,318
7.57,1.33,-6.75,-0.02,-0.02,0.01,507,433,433,454,319
7.38,1.18,-6.81,0.01,-0.02,-0.04,506,433,433,454,319
7.29,1.00,-6.86,0.00,-0.01,0.03,506,432,432,453,318
7.46,1.23,-7.01,0.02,-0.01,-0.01,505,431,432,453,318
7.31,1.11,-6.47,0.02,-0.00,-0.03,504,431,432,453,318
7.55,1.20,-6.89,0.01,-0.00,-0.00,503,431,432,453,318
7.19,0.95,-6.76,0.00,0.01,-0.04,502,430,431,452,318
7.58,1.24,-6.80,0.02,0.01,-0.01,501,429,430,452,318
7.57,0.88,-6.54,0.01,0.01,-0.00,500,429,430,452,318
7.38,1.01,-7.06,0.02,-0.01,-0.01,499,429,430,451,318
END
7.44,1.37,-6.97,0.02,0.00,-0.05,459,402,407,428,321
7.24,5.92,-4.08,0.13,-0.03,-0.03,459,402,406,428,321
6.87,5.76,-4.02,0.15,-0.02,-0.06,459,402,407,428,321
6.51,5.90,-4.22,0.14,-0.01,-0.07,459,402,406,428,321
6.55,5.99,-4.45,0.17,0.02,-0.03,459,402,407,428,321
6.79,5.94,-4.55,0.19,0.08,-0.09,459,402,407,428,321
7.06,6.13,-4.34,0.22,0.08,-0.08,459,402,407,428,321
6.88,5.77,-4.46,0.33,0.11,0.02,459,402,407,429,321
7.86,5.71,-4.75,0.33,0.07,0.00,459,402,407,429,321
7.50,5.21,-5.09,0.43,0.03,-0.09,458,402,407,429,321
7.03,4.79,-4.82,0.40,0.05,0.03,458,402,407,430,320
6.78,4.66,-4.92,0.44,0.07,0.04,458,402,407,430,320
7.11,4.08,-5.25,0.38,0.01,-0.11,459,402,407,430,320
6.70,4.18,-5.28,0.34,0.04,-0.06,459,402,408,431,321
6.43,4.24,-5.36,0.32,0.07,-0.12,459,402,408,431,320
7.77,3.80,-5.51,0.31,0.07,-0.12,459,402,408,432,320
6.98,3.89,-5.82,0.32,0.08,-0.09,459,402,408,432,320
7.16,3.53,-5.60,0.32,0.05,-0.16,458,402,408,432,320
7.42,4.41,-5.88,0.37,0.05,-0.09,458,402,408,433,320
7.21,3.70,-6.56,0.62,0.16,-0.02,458,402,409,434,320
7.03,2.76,-5.56,0.70,0.15,-0.16,458,402,409,435,320
7.39,2.58,-5.74,0.74,0.12,-0.19,459,402,410,436,320
7.67,1.82,-5.74,0.65,0.10,-0.15,459,402,410,437,319
6.93,2.79,-6.83,0.60,0.04,-0.17,459,402,410,437,319
7.35,3.04,-6.98,0.88,0.08,-0.25,464,404,410,438,319
8.92,-1.39,-4.44,0.25,-0.05,0.05,495,427,417,442,319
7.59,1.21,-6.53,0.21,0.10,0.17,499,430,418,442,318
5.54,-0.14,-6.77,0.12,-0.04,-0.02,503,432,418,444,318
7.89,0.79,-6.40,-0.01,-0.10,-0.19,503,431,418,443,318
8.00,1.11,-6.73,0.00,-0.03,-0.03,502,431,418,443,318
7.31,1.01,-6.76,0.02,0.00,-0.01,501,429,418,443,318
7.21,0.77,-6.68,0.04,0.01,-0.04,500,429,417,443,318
7.59,1.12,-6.91,0.00,0.01,-0.02,499,429,417,443,318
6.97,0.91,-6.43,0.04,0.01,-0.03,498,428,417,443,318
END
7.47,0.98,-6.70,0.04,0.00,-0.06,455,399,404,427,321
6.61,5.84,-4.14,0.06,0.02,-0.04,455,399,404,427,322
6.58,5.99,-4.15,0.08,0.02,-0.03,455,399,404,427,321
6.55,6.30,-4.41,0.10,0.03,-0.04,455,399,404,427,321
6.94,6.32,-4.28,0.15,0.07,-0.02,455,399,404,427,321
6.78,6.37,-4.31,0.22,0.10,0.06,454,399,404,427,321
6.81,6.25,-4.29,0.33,0.15,0.07,454,399,404,427,321
7.22,6.13,-4.54,0.39,0.17,0.11,454,398,404,427,321
6.79,4.97,-4.53,0.51,0.18,0.12,454,398,404,428,321
7.34,5.23,-4.95,0.45,0.11,-0.18,454,399,404,428,321
7.20,4.41,-4.75,0.56,0.15,-0.11,455,399,405,429,321
8.26,3.75,-4.75,0.48,0.24,0.02,455,399,405,429,321
7.42,3.97,-4.90,0.54,0.12,-0.10,455,399,405,429,321
9.02,4.13,-5.43,0.48,0.03,-0.19,455,399,405,429,321
7.04,3.45,-5.52,0.56,0.06,-0.04,455,399,405,430,321
7.19,2.86,-5.50,0.64,0.08,-0.17,456,399,406,431,320
7.27,2.61,-5.66,0.87,0.12,-0.34,457,400,407,433,321
6.36,3.61,-6.52,1.14,0.20,-0.16,460,403,409,436,320
9.17,-0.96,-3.93,1.60,0.06,-0.75,485,422,414,438,319
7.67,-0.83,-4.95,0.39,-0.06,-0.05,516,447,431,458,319
8.46,1.15,-6.38,0.18,-0.01,0.05,512,444,429,455,318
6.62,1.67,-6.88,0.10,0.03,0.18,507,441,427,453,318
7.06,1.25,-6.16,-0.03,-0.04,-0.12,507,440,427,452,318
8.07,1.61,-6.66,-0.02,-0.03,-0.09,506,440,426,452,318
7.49,1.30,-6.56,0.01,0.00,0.00,506,439,426,452,318
7.24,1.30,-6.45,0.02,-0.01,-0.03,505,438,426,452,318
7.40,1.61,-6.27,0.01,-0.01,-0.10,504,438,425,451,318
7.53,1.43,-6.27,0.03,-0.00,-0.04,504,437,425,451,318
7.52,1.49,-6.65,0.04,0.01,-0.02,503,437,425,450,318
7.34,1.31,-6.31,0.02,0.00,-0.03,503,436,425,450,318
7.62,1.62,-6.61,0.02,0.00,-0.05,502,436,425,450,318
7.48,1.48,-6.58,0.01,0.01,-0.05,502,436,424,450,318
7.79,1.71,-6.65,0.03,-0.00,-0.05,501,435,425,450,318
7.65,1.60,-6.63,0.03,0.01,-0.07,501,435,424,450,318
END
7.48,1.32,-6.50,0.04,-0.01,-0.01,456,400,403,423,323
6.65,6.27,-3.86,0.04,-0.01,-0.05,456,400,403,423,324
6.45,6.37,-3.88,0.04,0.00,-0.04,456,400,403,423,323
6.47,6.80,-3.96,0.05,0.01,-0.07,456,400,402,423,324
6.39,6.80,-4.05,0.12,0.06,-0.06,457,401,404,423,323
6.41,6.96,-3.93,0.23,0.14,-0.10,458,401,404,424,323
6.73,7.35,-4.02,0.37,0.23,-0.10,458,402,405,425,323
7.09,7.05,-4.61,0.51,0.30,0.04,458,402,405,426,323
6.35,6.58,-4.02,0.55,0.24,-0.01,459,402,405,426,323
6.65,5.86,-4.32,0.58,0.22,-0.19,459,402,406,427,323
7.01,5.86,-4.56,0.55,0.15,-0.41,459,402,406,428,323
7.52,5.68,-4.82,0.54,0.19,-0.26,459,402,407,428,323
6.49,5.91,-5.03,0.73,0.26,-0.17,459,402,407,429,322
7.48,5.25,-5.17,0.77,0.16,-0.18,460,403,408,431,322
7.61,4.11,-5.42,0.79,0.16,0.04,461,403,408,433,321
6.57,3.74,-5.46,0.77,0.13,0.17,462,404,409,434,322
6.07,3.75,-6.20,0.88,0.16,0.01,463,405,410,436,321
6.98,2.30,-5.92,0.84,0.20,-0.11,464,406,411,438,321
7.30,1.61,-5.90,0.79,0.14,-0.31,465,406,412,439,321
7.09,3.67,-7.34,0.91,0.14,-0.26,468,408,415,443,320
8.48,-1.20,-5.01,1.23,0.22,-0.27,493,428,419,445,319
6.39,-0.93,-4.98,0.26,-0.07,-0.26,517,443,432,461,318
9.13,1.54,-7.48,0.06,-0.08,-0.08,515,441,430,459,318
6.86,0.76,-6.81,0.09,0.01,0.06,514,440,430,460,318
7.14,0.69,-6.45,0.09,0.00,0.02,514,440,431,460,318
7.52,1.01,-6.88,0.01,0.03,-0.02,513,439,430,460,318
7.24,0.80,-6.54,0.03,-0.00,0.01,512,438,430,459,318
7.20,0.88,-6.64,0.03,-0.00,-0.02,511,437,430,459,318
7.67,1.08,-7.02,-0.00,0.01,-0.03,511,437,430,459,318
7.09,0.98,-6.59,0.02,-0.00,-0.04,510,437,429,459,318
7.52,0.91,-6.60,0.04,0.02,0.00,510,436,429,459,318
7.14,0.92,-6.48,0.02,0.01,-0.03,509,436,429,458,318
7.19,0.93,-6.47,0.03,-0.00,-0.07,508,435,429,458,318
7.36,0.79,-6.66,0.02,-0.01,-0.06,508,435,429,458,318
END
7.39,1.12,-6.37,0.01,-0.02,-0.06,442,388,394,416,322
6.94,5.96,-4.63,0.23,0.03,-0.07,442,388,394,416,321
7.06,5.63,-4.36,0.24,0.04,-0.11,442,388,394,416,321
7.12,5.16,-4.64,0.27,0.07,-0.05,442,388,394,416,321
6.81,5.15,-4.36,0.22,0.05,-0.09,443,388,394,416,321
7.08,6.02,-4.82,0.25,0.05,-0.11,445,388,394,416,321
7.01,5.94,-4.79,0.32,0.07,-0.11,445,387,395,416,321
6.92,5.36,-4.98,0.42,0.06,-0.04,445,388,395,417,321
7.09,5.69,-5.28,0.47,0.07,-0.13,445,388,395,417,321
7.93,4.49,-5.35,0.64,0.09,-0.19,446,388,395,419,321
5.58,4.87,-5.58,0.55,0.11,0.02,447,388,396,419,320
6.22,3.89,-5.62,0.65,0.16,-0.24,447,389,396,420,322
6.63,3.96,-6.05,0.67,0.20,-0.17,448,389,397,422,320
6.88,3.35,-6.22,0.81,0.17,-0.34,449,390,398,424,320
7.95,2.30,-6.49,0.81,0.18,-0.09,450,391,399,426,320
7.02,2.43,-6.33,0.93,0.06,-0.27,451,392,400,427,320
6.67,3.80,-6.86,1.25,0.17,-0.10,453,393,402,430,319
5.44,0.83,-5.31,1.96,0.27,-0.26,469,404,403,430,319
5.41,-2.23,-3.77,0.19,-0.09,-0.02,499,430,413,441,318
8.73,0.75,-7.93,0.08,0.06,0.05,495,427,411,441,317
6.78,0.27,-6.86,0.05,-0.08,0.01,494,426,411,441,317
7.13,-0.03,-6.47,0.04,-0.03,-0.05,496,426,411,441,318
7.90,0.61,-7.16,0.02,-0.02,-0.05,495,426,411,441,317
7.16,0.01,-6.59,0.02,0.02,-0.01,494,425,411,441,317
7.03,0.39,-7.07,0.03,-0.00,-0.01,494,425,411,441,317
7.21,0.21,-6.60,0.03,-0.01,-0.06,493,425,411,441,317
7.52,0.37,-7.11,0.03,0.00,-0.02,493,424,411,441,317
7.19,0.24,-6.74,0.03,0.00,-0.04,492,424,411,441,317
7.27,0.54,-6.86,0.04,0.01,-0.05,492,423,411,441,318
7.01,0.19,-6.79,0.05,0.01,-0.05,491,423,411,440,318
7.44,0.40,-6.90,0.04,-0.01,-0.04,490,423,411,440,318
7.17,0.37,-6.66,0.04,-0.00,-0.06,490,422,411,440,317
7.12,0.15,-6.71,0.04,0.00,-0.05,490,422,410,440,317
7.42,0.39,-6.88,0.03,0.00,-0.05,489,422,411,440,317
END
7.03,0.21,-6.42,0.04,-0.00,-0.04,445,388,392,415,320
6.75,5.61,-4.69,0.22,0.04,-0.08,445,388,392,415,321
6.76,5.66,-5.23,0.23,0.03,-0.11,445,388,392,415,321
6.50,5.71,-5.20,0.29,0.07,-0.10,445,388,392,415,321
6.80,5.31,-5.28,0.33,0.14,-0.07,445,388,392,415,321
6.71,5.30,-5.33,0.30,0.08,-0.05,445,388,392,415,321
6.99,5.25,-5.36,0.33,0.09,-0.15,445,388,392,416,321
6.98,5.13,-5.33,0.35,0.07,-0.14,445,388,393,416,320
6.86,5.29,-5.30,0.40,0.10,-0.13,446,388,393,416,320
7.00,4.79,-5.53,0.47,0.12,-0.12,446,389,394,417,321
6.97,3.75,-5.43,0.53,0.14,-0.03,447,389,394,418,320
7.24,4.42,-5.99,0.59,0.14,0.08,448,390,395,420,320
7.49,3.61,-6.37,0.57,0.18,0.22,448,390,396,421,320
7.42,2.87,-6.34,0.54,0.11,0.00,448,391,396,422,320
6.86,2.46,-6.41,0.60,-0.02,-0.12,449,391,396,423,320
7.68,1.97,-6.52,0.50,-0.00,-0.18,449,391,397,424,319
7.23,1.67,-6.35,0.49,0.01,-0.09,450,392,398,425,319
7.21,1.65,-7.06,0.53,-0.03,-0.21,450,392,398,426,319
6.91,2.38,-7.25,0.64,0.01,-0.21,451,392,399,427,319
5.65,4.92,-9.19,1.26,0.18,-0.38,455,395,403,432,319
9.56,-6.51,-2.03,2.08,0.05,-1.00,488,420,408,435,317
10.52,-2.25,-4.57,0.05,-0.13,-0.49,507,432,421,450,317
6.53,-0.33,-7.77,0.14,0.06,0.10,503,429,419,447,317
6.71,0.12,-7.02,0.07,-0.06,-0.14,501,427,419,446,317
9.00,0.14,-6.46,0.07,-0.01,-0.04,500,427,419,446,317
6.86,-0.13,-6.83,0.01,0.02,0.04,499,426,419,446,317
7.21,0.00,-7.16,-0.00,-0.02,-0.05,498,425,418,445,317
7.18,-0.19,-6.88,0.01,0.01,-0.02,497,424,418,445,317
7.16,0.00,-7.06,0.03,-0.01,-0.00,497,424,418,445,317
6.98,0.01,-7.12,0.04,-0.00,-0.03,496,424,418,445,317
7.11,-0.13,-7.06,0.04,-0.00,-0.04,496,423,418,445,317
6.98,-0.06,-6.96,0.02,-0.01,-0.03,496,423,418,445,317
6.81,-0.19,-6.94,0.02,-0.01,-0.04,495,423,417,444,317
7.19,-0.10,-6.88,0.03,-0.01,-0.04,495,423,417,445,317
END
6.99,0.03,-6.91,0.02,0.01,-0.04,451,393,395,419,319
6.75,5.43,-4.64,0.12,0.03,-0.04,451,393,395,419,320
6.86,5.58,-4.67,0.13,0.02,-0.06,451,393,395,418,319
6.66,7.26,-4.98,0.12,0.01,-0.08,451,393,395,419,319
6.68,5.63,-4.84,0.18,0.05,-0.07,452,394,395,419,319
6.86,5.93,-4.59,0.21,0.05,-0.08,452,394,395,419,320
7.47,5.62,-5.23,0.31,0.03,-0.01,452,394,395,419,320
6.04,5.97,-5.21,0.41,0.07,-0.05,452,394,395,419,320
7.47,5.53,-5.44,0.45,0.04,-0.21,452,394,396,420,319
6.45,4.32,-5.40,0.58,0.12,-0.11,453,394,396,420,319
7.03,4.54,-5.81,0.79,0.15,-0.23,453,394,396,422,319
7.75,3.40,-5.36,0.69,0.15,-0.26,453,394,397,423,319
6.09,3.22,-6.05,0.63,0.12,-0.04,454,394,397,424,319
7.18,2.81,-6.07,0.60,0.03,-0.31,454,395,398,425,319
6.91,2.18,-6.50,0.61,0.11,0.01,454,395,399,426,319
7.16,2.17,-6.89,0.60,0.09,-0.02,455,396,399,427,319
6.55,2.14,-7.06,0.95,-0.03,-0.29,457,397,400,429,319
6.98,0.66,-6.26,0.91,-0.12,-0.67,457,397,401,430,318
6.95,1.21,-6.84,0.47,-0.16,-0.39,458,397,401,431,318
6.50,2.05,-7.80,0.61,0.03,-0.28,458,397,401,432,318
6.09,5.68,-10.43,1.14,0.31,-0.03,457,396,401,432,318
5.45,-6.72,-1.57,0.50,-0.10,-0.14,513,433,424,450,317
8.56,-0.18,-6.63,0.20,0.03,-0.21,507,430,426,450,316
6.36,-0.70,-7.64,0.10,0.02,-0.01,505,429,425,449,316
6.63,-0.94,-6.36,0.04,-0.07,-0.08,503,428,426,448,316
6.97,-0.50,-7.44,0.03,0.00,-0.01,502,427,426,448,316
7.01,-0.42,-7.47,0.02,0.01,0.03,501,427,425,448,317
6.87,-0.42,-7.55,0.02,0.01,-0.05,500,427,425,448,317
6.56,-0.96,-6.93,0.07,0.01,-0.00,499,426,425,448,316
6.98,-0.90,-6.97,0.05,-0.01,-0.04,499,426,425,447,316
6.75,-0.55,-6.87,0.02,-0.01,-0.03,498,425,424,447,316
6.84,-0.78,-7.19,0.01,0.00,-0.02,497,425,424,447,316
6.65,-0.80,-7.31,0.02,-0.00,-0.03,497,425,424,447,316
6.87,-0.73,-7.37,0.03,-0.00,-0.04,496,424,423,446,316
END
6.83,-0.80,-6.99,0.02,-0.01,-0.01,460,399,400,421,320
7.16,5.04,-4.54,0.12,0.01,-0.07,461,399,400,421,320
7.12,5.10,-4.72,0.13,0.03,-0.08,461,399,400,421,321
7.30,4.95,-4.81,0.16,0.03,-0.07,461,399,400,421,321
7.13,4.74,-4.97,0.20,0.04,-0.07,461,399,400,421,320
7.31,4.95,-5.13,0.21,0.07,-0.07,460,399,400,422,321
7.68,4.90,-5.05,0.27,0.06,-0.02,460,399,400,421,320
7.58,4.80,-5.30,0.29,0.01,-0.06,460,399,400,422,320
7.38,4.92,-5.31,0.32,-0.01,-0.07,460,399,400,422,320
7.15,3.35,-5.61,0.39,0.06,-0.04,460,399,400,422,320
7.69,3.46,-5.64,0.37,0.08,0.23,460,399,400,422,320
6.58,3.69,-5.54,0.45,0.15,-0.00,461,399,400,423,320
8.11,3.11,-5.71,0.40,0.01,-0.36,461,399,400,423,320
7.65,3.12,-5.86,0.47,0.10,-0.23,461,399,401,424,320
8.00,3.17,-5.98,0.57,0.07,-0.30,461,399,401,425,320
8.23,2.70,-6.12,0.52,0.06,-0.32,461,400,402,426,319
7.27,2.55,-6.10,0.67,0.06,-0.29,462,400,402,427,319
6.98,1.91,-5.70,0.60,0.02,-0.24,462,400,402,428,319
6.58,2.10,-6.32,0.66,0.09,-0.20,462,400,402,430,319
7.02,3.52,-6.98,0.84,0.14,-0.20,463,400,403,431,319
4.62,5.62,-8.68,2.35,0.43,-0.22,457,395,398,430,318
8.42,-6.68,-0.04,-0.16,-0.47,-0.17,511,435,415,451,317
9.20,1.75,-6.96,0.22,0.10,0.01,505,432,413,449,316
6.37,-0.48,-6.87,0.05,-0.01,-0.02,504,431,412,448,316
7.15,-0.60,-5.79,-0.01,-0.12,-0.26,508,434,416,449,316
8.69,0.14,-6.65,-0.00,-0.02,-0.03,509,434,417,449,316
6.77,-0.02,-6.58,0.05,0.01,0.02,507,433,417,449,316
6.84,-0.37,-6.34,0.03,-0.02,-0.01,507,433,417,449,316
8.08,0.14,-7.01,0.03,-0.01,-0.04,507,432,417,449,315
7.24,0.11,-6.73,0.04,0.01,-0.05,506,432,416,448,316
7.80,-0.04,-7.00,0.01,-0.02,-0.05,506,432,417,448,316
7.69,0.22,-6.74,0.01,-0.00,-0.04,506,432,417,448,316
7.44,0.24,-6.75,0.02,0.01,-0.04,506,432,417,448,316
7.42,-0.02,-6.49,0.03,0.00,-0.02,505,431,417,448,316
END
7.37,0.14,-6.81,0.03,-0.01,-0.05,445,386,388,415,320
7.32,4.83,-3.84,0.08,0.02,-0.05,445,386,388,415,320
7.49,5.04,-4.27,0.06,0.01,-0.06,445,386,388,415,320
7.62,5.08,-4.23,0.06,0.01,-0.07,444,385,388,415,320
7.44,5.04,-4.20,0.09,0.02,-0.06,445,386,388,415,320
7.41,5.10,-4.28,0.14,0.02,-0.07,445,386,388,415,320
7.45,5.27,-4.24,0.18,0.05,-0.07,445,386,388,415,320
7.69,5.24,-4.39,0.21,0.03,-0.08,445,386,388,416,320
7.69,4.49,-4.41,0.24,0.02,-0.09,446,386,388,416,320
7.51,4.57,-4.63,0.20,0.00,-0.09,446,386,388,416,320
7.66,4.93,-4.59,0.22,0.01,-0.07,445,386,388,416,320
7.11,5.36,-4.82,0.30,0.02,-0.13,445,386,388,416,319
7.14,5.46,-5.19,0.36,0.05,-0.20,445,386,388,416,319
7.11,4.67,-5.46,0.46,0.13,-0.13,446,386,389,416,319
7.07,5.25,-5.61,0.57,0.15,-0.43,445,386,389,417,320
7.62,4.76,-5.56,0.64,0.17,-0.31,446,386,389,417,319
7.42,4.06,-5.32,0.72,0.21,-0.22,446,387,389,418,319
6.98,3.83,-5.61,0.67,0.18,-0.25,446,387,390,419,319
7.90,3.42,-5.66,0.70,0.15,-0.21,446,387,390,420,319
6.67,3.20,-5.77,0.68,0.15,-0.26,447,387,391,421,319
6.83,3.85,-6.10,0.63,0.17,-0.30,447,388,392,422,319
6.09,7.17,-7.93,1.07,0.34,-0.23,470,403,404,435,318
6.60,5.66,-6.29,2.50,0.63,-0.69,493,421,405,431,318
5.82,-1.81,-0.20,-0.59,-0.47,-0.23,525,440,434,461,317
9.58,2.27,-7.23,0.52,0.26,0.44,516,435,429,455,316
5.64,1.26,-7.60,0.06,-0.05,-0.07,512,433,426,454,316
8.61,0.77,-5.99,-0.05,-0.09,-0.18,511,433,427,453,316
7.63,1.59,-6.88,0.06,0.01,0.11,510,432,426,452,317
6.91,0.88,-6.35,0.02,0.00,0.02,510,432,426,452,316
7.30,1.08,-6.52,0.04,-0.02,-0.05,509,432,426,452,316
7.75,1.26,-6.93,0.02,0.00,-0.04,509,431,425,452,316
7.24,1.02,-6.86,0.05,-0.01,-0.01,509,431,426,452,316
7.54,1.17,-6.39,0.03,0.01,-0.04,508,431,425,451,316
7.48,1.03,-6.25,0.02,0.00,-0.01,507,431,425,451,316
END
7.38,1.23,-6.71,0.02,-0.00,-0.03,452,390,391,414,320
7.34,4.88,-4.27,0.05,0.01,-0.08,452,390,391,414,320
7.41,5.01,-4.07,0.06,0.02,-0.07,452,390,391,414,320
7.35,5.07,-4.45,0.09,0.03,-0.05,452,390,391,414,321
7.49,4.85,-4.47,0.10,0.07,-0.06,452,390,391,414,320
7.41,5.24,-4.29,0.10,0.05,-0.07,452,390,391,414,320
7.57,5.89,-4.17,0.19,0.07,-0.10,452,390,391,414,321
7.63,5.18,-4.53,0.35,0.12,-0.04,452,390,391,414,320
7.72,4.91,-4.68,0.34,0.11,-0.01,452,390,391,414,320
8.00,4.44,-4.68,0.38,0.09,-0.12,452,390,391,415,320
7.54,4.90,-4.95,0.42,0.06,-0.21,452,390,391,415,320
8.39,4.13,-4.82,0.39,0.01,-0.22,451,390,392,416,320
7.16,4.36,-5.08,0.47,0.07,-0.06,452,390,392,416,319
7.27,3.62,-4.89,0.47,0.07,-0.18,452,390,392,417,320
7.26,3.69,-5.40,0.43,0.10,-0.09,452,391,392,417,320
7.03,3.97,-5.14,0.40,0.06,-0.32,452,391,392,417,320
7.80,3.29,-5.16,0.40,0.11,-0.32,452,391,393,418,320
7.09,4.24,-5.48,0.48,0.13,-0.13,452,391,393,418,320
7.62,3.66,-5.69,0.60,0.06,-0.31,453,391,393,419,319
7.29,3.95,-5.57,0.59,0.01,-0.40,453,391,393,419,319
6.95,4.29,-5.94,0.58,0.02,-0.21,455,392,394,420,319
6.66,5.92,-7.57,1.26,0.35,-0.12,457,393,397,426,319
10.11,-2.51,-3.14,1.72,0.10,-0.38,515,437,412,443,318
7.90,-2.38,-2.91,0.29,-0.05,-0.44,531,449,426,459,317
7.89,2.05,-7.41,0.29,0.16,0.42,522,443,420,453,317
5.36,1.47,-7.00,0.02,-0.00,-0.06,520,441,419,452,317
7.79,0.89,-6.35,0.00,-0.07,-0.12,520,441,420,452,317
7.79,1.49,-6.55,0.02,-0.02,-0.03,519,440,419,451,317
6.96,1.38,-6.66,0.04,-0.02,0.02,518,439,419,451,317
7.47,1.28,-6.64,0.01,-0.01,-0.04,517,439,419,450,317
7.56,1.46,-6.88,0.05,0.01,-0.03,516,438,418,450,317
7.34,1.39,-6.53,0.04,0.01,-0.02,515,438,418,449,317
7.40,1.37,-6.73,0.04,0.00,-0.04,514,437,418,449,317
7.39,1.33,-6.60,0.03,-0.01,-0.03,514,437,417,448,317
END
6.92,1.14,-6.36,0.03,0.00,-0.05,451,389,387,411,319
7.75,5.01,-4.36,0.21,0.02,-0.09,451,389,387,411,320
7.84,4.77,-5.00,0.23,0.03,-0.08,451,389,387,411,320
7.53,4.54,-4.57,0.22,0.01,-0.06,451,389,387,411,320
7.52,4.58,-4.59,0.20,-0.01,-0.09,451,389,387,411,320
7.38,4.79,-4.80,0.20,-0.01,-0.12,451,389,387,411,319
7.19,4.94,-4.94,0.25,0.02,-0.12,451,389,387,411,319
7.31,4.36,-5.27,0.38,0.13,-0.08,452,390,388,412,319
7.75,4.27,-4.70,0.54,0.28,-0.02,453,390,388,412,319
7.65,4.77,-5.10,0.50,0.27,-0.07,453,390,389,413,319
7.84,4.42,-4.86,0.55,0.11,-0.20,453,390,389,414,319
7.13,4.69,-5.15,0.61,0.05,-0.23,454,391,390,415,319
8.24,3.98,-5.05,0.71,0.07,-0.33,454,391,390,416,319
7.90,3.79,-5.84,0.89,0.03,-0.23,455,391,391,417,319
7.38,2.46,-5.39,0.87,-0.02,-0.28,455,392,392,418,319
8.03,1.17,-5.03,0.79,0.02,-0.22,455,392,392,419,319
8.34,1.63,-5.67,0.51,-0.06,-0.06,455,392,393,420,319
6.52,6.53,-8.75,1.30,0.34,0.25,465,399,400,430,318
8.48,-12.17,-0.42,1.16,-0.03,-0.28,522,441,419,455,317
9.71,1.83,-7.95,0.19,0.04,-0.32,520,440,420,456,316
6.66,-0.50,-6.65,0.10,-0.08,-0.10,522,441,423,458,316
8.58,0.47,-6.42,0.02,-0.13,-0.15,522,440,425,458,316
8.05,0.57,-6.63,0.05,-0.05,0.01,520,438,424,457,316
7.01,0.17,-6.47,-0.00,-0.00,0.02,518,438,424,456,316
7.44,0.54,-7.09,-0.02,-0.01,-0.02,517,437,423,455,316
7.35,0.22,-6.83,0.03,-0.00,-0.01,516,436,423,454,316
7.28,0.29,-6.63,0.02,-0.01,0.01,515,435,422,454,316
6.89,0.29,-6.61,0.02,-0.01,-0.04,514,435,422,453,315
7.65,0.52,-6.97,0.02,0.00,-0.04,513,434,421,453,316
7.52,0.15,-6.75,0.02,0.06,0.08,512,434,421,453,315
7.10,0.21,-6.64,0.06,0.00,0.07,510,433,420,453,316
7.44,0.26,-6.65,0.00,0.02,-0.07,509,433,420,452,316
7.52,0.03,-6.60,0.02,0.01,-0.06,509,433,420,452,316
7.65,0.49,-6.84,0.01,-0.01,-0.06,508,432,420,452,316
END
7.29,0.21,-6.42,0.02,0.00,-0.09,455,391,390,417,318
7.72,5.00,-3.90,0.13,0.01,-0.06,455,392,390,417,318
7.61,5.11,-3.88,0.14,0.02,-0.05,455,391,391,417,318
7.77,4.93,-3.96,0.17,0.04,-0.05,455,391,391,418,318
7.04,4.82,-3.96,0.16,0.05,-0.09,455,392,391,417,318
8.05,4.92,-4.13,0.19,0.12,0.06,455,392,391,417,318
7.83,5.08,-3.81,0.25,0.09,-0.09,455,392,391,417,318
8.35,5.41,-4.05,0.29,-0.01,-0.24,456,392,391,418,318
8.18,5.10,-4.36,0.42,0.03,-0.12,457,393,392,419,318
7.99,4.96,-4.58,0.52,0.09,-0.12,457,393,393,419,318
7.97,4.43,-4.41,0.54,0.05,-0.13,457,393,393,420,318
7.14,4.35,-5.14,0.57,0.05,-0.12,459,394,394,421,317
6.51,4.49,-5.34,0.62,0.11,-0.16,460,395,395,423,318
8.01,4.08,-5.32,0.68,0.14,-0.22,460,395,396,423,317
8.23,3.17,-4.84,0.68,0.07,-0.22,460,395,397,423,317
7.90,2.73,-5.18,0.69,0.03,-0.19,460,395,397,424,317
8.06,2.28,-5.13,0.65,0.01,-0.22,460,396,397,425,317
7.26,4.62,-6.02,0.74,-0.02,-0.35,463,398,400,428,317
3.19,10.83,-9.41,1.96,0.66,0.13,472,406,404,434,317
16.18,-27.17,8.46,1.03,-0.59,-1.32,538,451,440,464,316
12.78,2.06,-8.32,0.05,-0.05,-0.18,532,448,441,464,316
4.41,0.61,-7.14,0.16,0.22,0.48,530,447,438,462,316
8.04,0.71,-6.10,-0.02,-0.14,-0.16,528,446,438,461,315
7.75,1.12,-6.34,0.07,0.02,0.10,527,445,437,460,315
7.36,0.57,-6.00,-0.00,-0.01,0.02,525,445,437,460,315
7.54,0.80,-6.20,-0.01,0.02,0.02,524,444,436,459,315
7.34,0.49,-6.31,0.01,-0.01,0.03,524,444,435,458,315
7.49,0.72,-6.46,0.03,0.01,0.01,523,443,434,458,315
7.57,0.71,-6.40,0.00,-0.01,-0.03,523,443,434,457,315
7.67,0.62,-6.29,0.01,-0.02,-0.06,522,442,433,457,315
7.59,0.70,-6.36,0.01,0.01,-0.03,522,442,433,456,316
7.58,0.65,-6.17,0.01,0.00,-0.06,521,442,432,456,316
7.82,0.70,-6.73,-0.00,0.01,-0.03,521,441,432,455,316
7.73,1.10,-6.32,-0.00,-0.01,-0.07,520,441,431,455,315
END
7.51,0.46,-6.05,0.00,-0.00,-0.02,476,409,404,430,318
7.93,4.95,-3.65,0.08,0.01,-0.04,475,409,404,430,318
7.83,4.93,-3.65,0.12,0.00,-0.04,476,409,404,430,318
7.55,4.67,-3.60,0.12,0.03,-0.05,476,409,404,430,318
7.75,4.64,-3.74,0.13,0.04,-0.04,476,409,404,430,318
8.30,4.83,-3.55,0.11,0.01,-0.01,476,409,404,430,318
7.72,5.24,-3.76,0.15,-0.02,-0.09,476,410,404,430,318
7.90,5.44,-3.93,0.21,-0.01,-0.09,476,410,404,430,318
7.79,5.14,-3.83,0.31,0.04,-0.06,476,410,404,430,318
7.49,5.28,-4.03,0.39,0.06,-0.16,476,410,404,430,318
8.12,4.44,-4.06,0.42,0.06,-0.36,476,410,404,430,318
7.52,4.69,-4.44,0.38,0.08,-0.06,476,410,404,430,318
8.13,4.43,-4.40,0.38,0.02,-0.29,476,410,404,430,318
7.74,4.84,-4.67,0.39,0.01,-0.10,476,410,404,430,318
9.15,5.53,-5.10,0.46,-0.06,-0.17,476,409,404,430,318
7.34,3.75,-5.08,0.68,0.02,-0.01,476,410,404,431,318
6.65,3.37,-5.22,0.62,0.02,-0.10,475,410,405,432,318
6.55,3.03,-5.43,0.62,0.08,-0.20,475,410,405,432,318
6.81,2.68,-5.53,0.63,0.19,-0.17,475,410,405,433,318
7.11,2.82,-5.81,0.58,0.12,-0.32,475,409,405,433,317
7.08,3.54,-6.16,0.60,0.11,-0.43,476,410,405,434,317
6.62,5.45,-7.00,1.04,0.29,-0.32,477,410,407,438,317
4.54,4.50,-5.47,2.43,0.72,-0.49,498,426,411,447,317
6.14,-0.77,-0.85,-0.67,-0.52,0.09,522,442,436,469,316
10.06,2.56,-6.86,0.21,0.04,0.47,514,437,429,462,317
6.64,1.83,-7.53,-0.03,0.02,0.13,511,434,424,458,316
7.39,1.08,-6.15,0.03,-0.02,-0.09,510,434,423,458,316
7.93,1.25,-6.29,0.02,0.01,-0.11,509,433,423,457,316
7.56,0.85,-5.95,0.04,0.02,0.00,508,433,423,457,316
7.55,1.36,-6.24,0.03,-0.01,-0.03,508,432,422,456,316
7.52,1.22,-6.22,0.01,-0.02,-0.06,507,432,422,455,316
7.95,1.22,-6.35,0.02,-0.01,-0.04,507,431,422,455,316
7.48,1.29,-6.24,0.03,0.01,-0.06,506,431,422,455,316
7.82,1.20,-6.32,0.04,0.01,-0.05,507,431,421,454,316
END
7.68,1.34,-6.22,0.03,0.00,-0.04,475,406,401,431,318
8.44,4.88,-3.70,0.21,-0.01,-0.06,475,406,401,431,318
7.84,4.55,-3.85,0.25,-0.01,-0.07,475,406,401,431,318
7.37,4.87,-3.57,0.22,-0.03,-0.14,474,406,401,431,318
7.95,4.45,-3.86,0.27,0.04,-0.15,474,406,401,431,318
8.05,4.31,-4.09,0.27,0.05,-0.05,474,406,401,431,317
7.64,4.43,-4.45,0.27,0.01,-0.16,474,406,401,431,318
8.68,4.66,-4.67,0.30,0.02,-0.10,474,406,401,431,318
8.00,4.27,-4.68,0.33,-0.03,-0.10,474,406,401,431,318
7.26,4.21,-4.70,0.34,-0.01,-0.13,474,406,401,431,318
7.65,3.78,-4.85,0.36,0.06,-0.06,474,406,401,431,318
7.35,4.39,-4.68,0.31,0.00,-0.11,474,406,401,431,318
7.37,4.41,-5.18,0.35,-0.01,-0.23,474,406,401,431,318
8.18,4.31,-5.18,0.43,0.04,-0.16,473,406,400,431,318
7.90,6.25,-5.99,0.60,-0.04,-0.17,472,404,400,431,317
7.63,6.61,-6.26,1.15,0.10,-0.33,468,400,398,431,317
5.15,5.59,-5.77,2.48,0.56,-0.17,464,394,386,422,317
13.50,-9.55,-2.48,-1.75,-0.56,0.50,532,445,409,442,316
10.32,3.88,-7.11,0.30,0.15,0.16,516,434,400,434,316
5.74,1.16,-7.20,0.05,0.06,0.21,509,429,397,431,316
7.83,0.97,-6.06,-0.04,-0.04,-0.11,509,429,397,431,315
7.57,0.92,-6.12,0.04,0.01,-0.01,508,429,397,431,316
7.57,1.15,-6.50,0.04,-0.00,0.00,508,429,397,431,316
7.53,1.08,-6.18,0.05,0.00,-0.04,507,428,397,431,315
7.33,0.82,-6.12,0.04,0.01,-0.04,506,428,396,431,315
7.74,1.02,-6.43,0.04,-0.00,-0.06,506,428,396,431,315
7.80,1.24,-6.45,0.04,0.02,-0.08,505,428,396,430,315
7.33,0.87,-5.99,0.06,0.01,-0.03,505,428,396,430,315
7.81,1.26,-6.35,0.03,0.01,-0.07,505,427,396,430,315
7.78,1.23,-6.37,0.03,0.01,-0.06,505,427,396,430,316
7.72,1.06,-6.26,0.03,0.01,-0.05,504,427,396,430,315
7.54,1.26,-6.18,0.04,0.01,-0.06,504,427,396,430,316
7.58,1.03,-6.15,0.02,0.01,-0.06,504,427,396,430,316
7.90,0.42,-5.89,-0.05,0.00,-0.11,502,425,396,429,316
END
8.77,-0.45,-5.18,-0.24,-0.07,-0.11,407,359,366,405,318
7.14,5.89,-3.99,0.15,0.06,-0.08,407,359,366,404,318
7.17,5.72,-4.26,0.17,0.04,-0.06,407,359,366,404,318
7.25,5.53,-4.41,0.19,0.02,-0.02,407,359,366,404,318
6.87,5.85,-4.53,0.19,-0.00,-0.05,407,359,366,405,318
6.78,5.89,-4.41,0.23,-0.03,-0.12,408,360,366,405,318
6.88,5.79,-4.77,0.27,0.05,-0.04,408,360,367,405,318
7.07,6.14,-5.10,0.37,0.05,-0.10,409,361,367,405,318
6.42,5.44,-4.83,0.44,0.08,-0.10,409,361,368,406,318
7.03,5.30,-4.71,0.38,0.11,-0.18,408,360,367,405,317
6.70,4.68,-5.66,0.67,0.20,0.14,408,360,367,406,317
6.44,4.21,-5.28,0.67,0.12,-0.21,408,360,368,407,317
7.14,4.16,-5.58,0.54,0.11,-0.19,408,360,368,408,317
6.75,3.69,-5.88,0.70,0.19,-0.07,408,360,368,409,317
7.12,4.09,-6.24,0.78,0.21,-0.18,408,360,369,410,317
7.45,5.02,-7.10,1.15,0.23,-0.17,410,362,372,414,317
6.67,-3.46,-3.20,0.68,-0.16,0.87,470,395,388,425,316
7.44,-1.56,-4.46,0.02,-0.09,-0.35,479,399,388,430,316
7.03,1.92,-7.24,0.10,0.03,0.12,471,394,385,427,316
6.84,1.11,-6.71,0.03,-0.03,-0.10,470,394,384,427,316
7.95,1.58,-6.63,-0.04,-0.03,-0.11,471,394,384,426,315
7.62,1.25,-6.47,0.03,-0.02,-0.08,470,394,384,426,316
7.10,1.26,-6.64,0.04,0.01,0.03,469,393,384,426,316
7.21,1.50,-6.90,-0.01,-0.01,-0.09,470,394,384,426,315
7.90,1.65,-6.76,0.01,-0.01,-0.07,470,394,384,426,315
6.81,1.46,-6.43,0.06,0.01,-0.04,470,394,384,426,316
7.85,1.37,-6.92,0.01,-0.00,-0.05,470,394,384,426,315
7.37,1.82,-6.64,0.03,-0.01,-0.03,470,394,384,426,316
7.07,1.39,-6.40,0.02,-0.00,-0.02,469,394,384,426,316
7.29,1.51,-6.70,0.02,-0.00,-0.05,469,394,384,425,316
7.36,1.46,-6.73,0.03,0.00,-0.05,469,394,384,425,316
7.24,1.59,-6.59,0.03,0.01,-0.05,468,394,384,425,316
7.30,1.62,-6.54,0.03,0.01,-0.05,468,393,384,425,316
7.32,1.62,-6.55,0.03,-0.01,-0.05,468,394,384,425,316
END
7.42,1.51,-6.51,0.03,-0.00,-0.05,419,366,368,402,318
6.62,6.20,-3.78,0.11,0.03,-0.04,419,366,368,402,318
6.81,6.30,-3.60,0.07,0.07,0.01,419,367,368,402,318
6.16,6.50,-3.50,0.07,0.10,-0.01,419,366,368,402,318
7.26,6.17,-3.91,0.10,0.07,-0.15,419,366,368,402,318
6.90,6.32,-3.78,0.19,0.06,-0.11,418,366,368,402,318
6.87,6.26,-3.94,0.19,0.04,-0.13,418,366,368,402,318
6.58,6.37,-3.89,0.24,0.06,-0.10,418,366,368,402,318
6.37,6.55,-4.07,0.25,0.07,-0.22,418,366,368,402,318
6.56,7.27,-4.17,0.31,0.16,-0.15,419,366,368,402,318
6.50,6.81,-4.19,0.46,0.26,-0.18,419,366,368,402,318
7.01,6.65,-4.36,0.54,0.21,-0.24,418,366,368,402,318
7.06,5.99,-4.83,0.64,0.29,-0.17,418,366,368,403,318
7.46,5.58,-5.08,0.62,0.19,-0.19,418,366,368,403,318
6.40,5.03,-4.62,0.64,0.20,-0.13,418,366,369,404,317
7.11,4.70,-5.07,0.66,0.21,-0.13,418,366,369,405,317
7.03,5.28,-5.47,0.61,0.12,-0.11,418,366,369,405,317
6.29,4.52,-5.35,0.71,0.20,-0.03,419,366,369,406,317
7.25,3.48,-5.53,0.81,0.23,-0.07,420,366,369,407,318
7.16,3.26,-6.12,0.80,0.13,0.01,420,366,369,408,317
7.47,3.81,-6.90,0.92,0.17,-0.07,419,366,370,409,316
8.41,-1.45,-4.31,1.38,0.32,0.08,433,370,368,405,316
5.99,-1.49,-4.89,0.19,0.01,0.13,467,393,380,403,315
8.87,2.10,-6.98,-0.07,-0.01,-0.11,463,390,378,403,315
6.61,0.65,-6.20,0.02,-0.02,0.06,463,390,378,403,315
7.77,1.13,-6.53,0.03,-0.01,-0.01,463,390,378,403,315
7.82,1.22,-6.29,0.02,0.02,-0.03,463,390,378,403,315
7.54,1.19,-6.71,0.02,0.02,-0.02,462,390,378,403,315
7.64,1.09,-6.29,0.02,-0.00,-0.01,462,390,378,403,315
7.65,1.39,-6.53,0.04,-0.01,-0.05,462,389,378,403,315
7.79,1.23,-6.63,0.04,0.02,-0.04,461,389,378,403,315
7.35,1.00,-6.01,0.05,0.00,0.01,461,390,378,403,315
7.41,1.18,-6.15,0.03,0.01,-0.06,461,389,378,403,315
7.90,1.13,-6.71,0.04,0.00,-0.05,460,389,378,403,315
END
7.77,1.07,-6.67,0.03,-0.00,-0.05,415,362,365,395,318
7.37,6.23,-3.45,0.21,0.02,-0.09,415,362,365,395,318
7.15,6.17,-3.59,0.24,0.03,-0.07,416,362,365,395,318
7.04,6.14,-3.63,0.25,0.03,-0.09,416,362,365,395,318
7.06,6.19,-4.08,0.31,0.07,-0.06,417,362,366,395,318
6.68,5.84,-3.77,0.33,0.11,-0.09,417,363,366,395,318
7.14,6.23,-4.34,0.37,0.09,-0.29,417,364,366,395,318
7.57,6.74,-4.52,0.43,0.11,-0.14,418,364,366,396,318
6.92,6.04,-4.52,0.61,0.16,-0.21,418,364,367,396,318
7.39,5.40,-4.26,0.66,0.17,-0.17,419,364,367,397,318
7.90,4.80,-4.83,0.72,0.25,-0.00,419,365,367,398,318
7.75,5.22,-4.82,0.75,0.21,-0.03,419,365,368,399,318
7.95,4.34,-5.29,0.76,0.19,0.19,419,365,369,401,317
7.35,3.86,-5.23,0.97,0.17,-0.05,418,365,369,402,317
6.35,2.64,-5.27,1.04,0.13,-0.06,418,364,369,403,317
5.44,2.10,-5.89,1.15,0.23,-0.04,417,364,370,404,317
10.87,-1.57,-4.53,1.15,0.05,-0.37,440,376,372,405,316
6.96,-1.59,-4.38,0.18,0.00,0.31,475,402,388,413,316
8.93,1.08,-6.39,0.14,-0.01,0.16,465,395,383,411,316
5.99,0.68,-6.37,0.09,0.05,0.17,458,391,381,409,316
7.24,0.66,-6.11,-0.01,-0.05,-0.08,458,391,380,409,316
8.24,0.56,-6.21,-0.02,-0.01,-0.07,458,391,381,408,316
7.59,0.79,-6.50,0.05,-0.02,-0.02,457,390,380,408,316
7.34,0.55,-6.02,0.03,-0.00,-0.03,457,390,380,408,315
7.67,0.56,-6.09,0.03,-0.03,-0.10,457,390,380,408,316
7.80,0.83,-6.40,0.04,-0.01,-0.03,457,389,380,408,315
7.79,0.75,-6.27,0.03,0.00,-0.03,457,389,380,408,316
7.75,0.77,-6.09,0.01,-0.00,-0.07,457,389,380,408,316
7.62,0.83,-6.35,0.03,-0.00,-0.05,457,389,380,408,316
7.95,0.93,-6.32,0.03,-0.00,-0.05,456,389,379,408,316
7.64,0.94,-6.42,0.02,-0.00,-0.03,456,389,379,408,316
7.77,1.00,-6.28,0.02,0.00,-0.05,456,389,379,408,316
7.82,0.88,-6.59,0.03,-0.01,-0.02,456,388,379,408,316
7.61,0.80,-6.30,0.02,-0.01,-0.04,456,389,379,408,315
END
7.75,0.91,-6.21,0.02,-0.01,-0.03,414,359,362,390,318
6.69,5.77,-4.00,0.40,0.12,-0.18,414,359,362,390,318
7.44,5.30,-4.20,0.41,0.12,-0.22,415,360,363,391,318
7.36,5.22,-4.34,0.38,0.12,-0.16,416,361,363,392,318
7.49,5.25,-4.77,0.41,0.09,-0.16,416,361,364,392,318
7.31,5.38,-4.62,0.35,0.07,-0.16,417,361,364,392,318
7.09,5.04,-4.38,0.44,0.11,-0.15,418,362,365,393,318
7.46,5.13,-5.08,0.45,0.14,-0.17,418,362,365,393,318
7.56,4.96,-5.08,0.46,0.08,-0.13,418,362,365,394,318
6.97,4.97,-4.99,0.50,0.05,-0.11,420,362,366,394,317
7.82,4.52,-5.38,0.51,0.15,-0.14,420,363,366,395,318
7.67,4.80,-6.05,0.67,0.12,0.00,420,363,366,396,317
7.21,4.41,-6.18,0.84,0.11,-0.13,420,363,366,397,317
5.71,3.85,-6.36,1.16,0.33,-0.02,420,363,367,399,317
6.04,2.66,-5.72,1.65,0.46,-0.32,416,360,365,400,317
8.69,-5.16,-1.86,0.04,-0.22,0.44,457,385,376,403,316
7.83,0.45,-5.71,0.03,-0.01,-0.02,458,385,376,404,316
7.09,1.06,-6.43,0.06,-0.01,0.06,457,385,376,404,316
8.04,1.35,-6.69,-0.02,-0.03,-0.16,461,387,377,405,316
7.65,1.16,-6.21,0.02,-0.02,-0.07,464,389,378,406,316
7.80,1.10,-6.23,0.02,-0.02,-0.07,464,389,378,407,316
7.44,1.09,-6.17,0.02,-0.01,-0.03,464,389,378,406,315
7.77,1.66,-6.55,0.04,0.00,-0.09,463,388,377,406,316
7.39,1.21,-6.19,0.06,0.00,-0.06,463,388,377,406,316
7.97,1.79,-6.50,0.05,0.01,-0.03,461,388,377,406,316
7.53,1.37,-6.04,0.04,0.00,-0.04,460,387,377,406,316
7.65,1.34,-6.06,0.02,-0.01,-0.04,460,387,377,406,316
7.65,1.45,-6.24,0.02,-0.01,-0.08,459,387,377,406,316
7.47,1.39,-6.35,0.03,-0.00,-0.05,459,386,376,406,316
7.84,1.67,-6.47,0.02,0.01,-0.05,458,385,376,406,316
7.61,1.48,-6.37,0.03,0.01,-0.02,457,385,376,405,316
7.79,1.59,-6.54,0.02,0.01,-0.05,457,385,376,405,315
7.37,1.36,-6.34,0.04,0.00,-0.04,457,385,375,405,316
7.49,1.50,-6.36,0.02,0.02,-0.08,457,385,375,406,316
END
7.68,0.49,-6.22,0.03,-0.01,-0.04,454,388,388,412,340
7.41,5.44,-4.37,0.06,0.04,-0.07,453,388,387,411,341
7.51,5.46,-4.67,0.10,0.04,-0.05,453,388,388,411,340
7.57,5.36,-4.48,0.12,0.03,-0.04,453,388,388,412,340
7.17,5.43,-4.36,0.14,0.03,-0.04,453,388,388,412,340
7.31,5.50,-4.28,0.17,0.07,-0.05,454,389,388,412,340
7.17,5.48,-4.42,0.24,0.09,-0.04,454,389,388,412,340
7.24,5.48,-4.50,0.24,0.10,-0.10,455,389,388,412,340
7.41,5.38,-4.60,0.32,0.11,-0.12,455,389,388,412,340
7.46,4.64,-4.19,0.34,0.05,-0.23,455,389,389,413,340
7.23,4.97,-4.77,0.28,0.10,-0.15,455,389,389,413,340
7.52,4.85,-4.81,0.34,0.10,-0.11,455,389,388,413,340
7.37,4.85,-4.85,0.35,0.04,-0.18,455,389,389,413,340
7.11,4.87,-5.23,0.39,0.06,-0.13,454,389,388,413,340
7.59,4.62,-5.11,0.43,0.11,-0.15,454,389,389,413,340
7.03,5.02,-5.39,0.51,0.10,-0.13,455,390,389,414,340
7.03,4.17,-5.46,0.57,0.10,-0.20,455,390,390,415,339
7.56,3.83,-5.53,0.62,0.15,-0.19,456,391,391,416,339
7.65,3.37,-5.74,0.65,0.14,-0.19,456,392,392,418,339
7.42,3.39,-5.86,0.83,0.11,-0.26,458,393,395,423,339
6.91,2.94,-6.02,0.95,0.18,-0.28,458,393,396,424,338
6.87,3.02,-6.47,0.98,0.10,-0.40,460,395,400,430,338
8.79,4.34,-7.98,1.38,0.15,-0.40,488,418,407,434,337
3.13,-2.68,-3.88,0.44,-0.02,0.05,551,464,448,473,335
9.63,0.82,-5.30,0.14,-0.04,-0.45,549,460,459,484,334
8.26,1.23,-6.63,0.11,-0.02,0.04,545,458,459,483,333
6.41,1.25,-6.09,0.05,0.03,0.09,542,456,457,482,333
7.44,1.99,-7.01,-0.05,-0.01,-0.08,540,454,456,479,333
7.45,1.20,-6.55,-0.04,-0.01,-0.02,539,454,455,477,333
7.08,1.44,-7.21,-0.01,0.03,0.10,538,453,453,475,333
6.96,1.43,-6.99,0.01,-0.01,-0.03,538,453,452,474,333
7.07,1.11,-6.61,0.04,0.01,-0.00,537,452,451,473,333
7.49,1.53,-6.99,0.02,0.01,-0.03,536,452,450,473,333
7.52,1.35,-6.74,0.01,-0.00,-0.02,535,452,450,472,333
END
7.37,1.17,-6.44,-0.05,-0.01,0.02,441,377,379,406,339
6.60,5.64,-4.68,0.11,0.12,-0.04,440,377,379,407,339
6.13,5.45,-4.01,0.10,0.10,-0.03,440,377,379,407,339
6.68,6.03,-4.65,0.08,0.03,-0.09,440,377,379,407,339
6.92,5.98,-4.96,0.12,0.05,-0.09,440,377,379,407,339
6.45,6.91,-4.97,0.23,0.13,-0.02,440,377,379,407,339
6.75,7.09,-5.01,0.42,0.21,-0.13,440,377,379,407,339
6.72,6.63,-5.05,0.63,0.24,-0.06,440,378,380,408,338
6.73,5.21,-4.85,0.69,0.17,-0.19,440,379,381,409,338
7.11,4.40,-5.51,0.67,0.19,-0.17,441,379,382,411,337
7.64,3.79,-5.14,0.67,0.23,-0.19,441,380,382,412,337
7.87,3.45,-5.43,0.63,0.14,-0.27,441,379,383,412,337
6.88,3.49,-5.87,0.62,0.15,-0.18,441,379,383,413,336
7.28,3.39,-5.56,0.53,0.12,-0.20,441,379,383,413,336
7.73,3.89,-5.89,0.55,0.07,-0.22,440,379,383,414,335
7.40,3.46,-6.60,0.67,0.15,-0.13,441,380,384,416,335
6.98,4.46,-7.34,1.10,0.25,-0.13,443,383,388,423,334
7.49,2.79,-5.68,1.78,0.20,-0.49,470,395,387,420,333
5.94,-2.53,-2.38,-0.30,-0.25,0.24,523,442,411,435,330
8.25,1.56,-6.42,0.26,0.13,0.04,513,434,405,431,329
6.39,1.06,-7.03,0.12,0.05,0.07,508,430,403,428,330
7.54,1.18,-6.43,0.02,0.02,-0.09,506,429,402,428,329
7.68,1.25,-6.45,-0.00,-0.01,-0.08,506,429,402,428,330
7.11,1.00,-6.41,0.02,0.00,-0.04,505,428,402,428,330
7.82,1.27,-6.50,0.01,-0.00,-0.05,505,427,402,428,329
7.39,1.21,-6.87,0.02,-0.00,-0.08,504,427,401,427,329
7.42,0.93,-6.17,0.04,-0.01,-0.01,503,427,402,428,329
7.79,1.56,-6.79,0.02,-0.01,-0.08,503,426,401,427,329
7.48,1.12,-6.68,0.00,0.01,-0.01,503,426,401,427,330
7.51,1.27,-6.42,0.02,-0.01,-0.08,502,426,401,427,329
7.22,1.10,-6.48,0.04,-0.00,-0.03,502,425,401,427,329
7.80,1.37,-6.63,0.03,-0.00,-0.04,502,426,401,427,329
7.39,1.43,-6.21,0.02,0.01,-0.04,502,426,402,428,330
7.55,1.27,-6.42,0.02,0.01,-0.02,502,426,401,427,330
END
7.71,1.30,-6.62,0.02,0.01,-0.05,435,374,378,408,341
6.54,5.56,-4.26,0.21,0.11,0.04,435,374,379,409,341
6.54,5.22,-4.05,0.12,0.13,-0.07,435,374,379,410,340
7.54,5.38,-3.99,0.12,0.07,-0.08,435,374,379,410,340
7.24,5.47,-4.18,0.08,0.07,-0.03,434,374,379,409,340
7.42,6.65,-3.95,0.10,0.02,-0.14,435,375,380,411,340
6.83,6.48,-4.01,0.22,0.07,-0.07,436,376,381,412,340
7.29,6.72,-4.18,0.32,0.10,-0.13,436,376,381,412,339
7.03,6.35,-4.03,0.44,0.14,-0.14,436,376,381,412,339
6.62,5.99,-4.29,0.51,0.17,-0.19,436,376,381,413,339
7.54,5.92,-4.69,0.55,0.14,-0.19,436,376,381,413,338
7.26,5.25,-4.77,0.62,0.17,-0.14,435,376,381,414,337
6.30,5.13,-4.97,0.64,0.22,-0.08,435,375,381,414,337
7.68,4.24,-5.06,0.64,0.21,-0.21,434,375,380,414,336
7.57,4.34,-5.33,0.66,0.16,-0.20,433,374,380,414,336
7.16,3.93,-5.54,0.73,0.19,-0.21,433,374,381,415,335
7.17,3.44,-5.50,0.77,0.22,-0.19,433,374,381,417,335
5.86,5.86,-6.93,1.58,0.34,-0.35,434,376,383,421,335
9.91,-0.60,-3.70,1.82,0.36,-0.47,455,382,377,411,333
5.76,-1.39,-3.37,0.42,0.04,-0.22,489,409,392,413,330
8.95,2.94,-7.82,0.23,0.08,0.03,484,405,389,412,330
6.05,0.87,-5.96,0.15,-0.01,0.04,483,406,390,411,330
7.73,2.18,-6.66,0.04,0.01,-0.01,481,404,389,411,330
7.37,1.70,-6.00,-0.01,0.00,-0.06,479,403,388,411,329
7.85,1.95,-6.45,-0.00,0.00,-0.04,478,402,388,411,329
7.37,1.74,-6.47,0.03,0.01,0.05,476,401,388,411,329
7.70,2.15,-6.73,-0.01,-0.00,-0.04,475,400,388,411,329
7.54,1.74,-6.56,0.04,0.00,0.00,475,399,388,412,329
7.70,2.05,-6.58,-0.00,0.01,-0.04,475,400,388,412,329
7.43,1.78,-6.32,0.00,-0.00,-0.02,475,400,388,412,329
7.61,1.87,-6.31,0.03,0.01,-0.02,475,400,388,413,329
7.57,2.10,-6.61,0.02,0.01,-0.06,475,400,388,413,329
7.61,1.53,-6.06,0.02,0.01,-0.04,475,400,389,414,329
7.65,2.28,-6.60,0.03,-0.01,-0.02,475,400,389,414,329
END
7.26,1.73,-6.35,0.03,-0.00,-0.03,432,373,373,400,331
6.38,6.60,-4.12,0.15,0.06,-0.03,431,374,373,400,332
6.66,6.34,-4.13,0.18,0.07,-0.01,432,374,373,400,331
6.50,6.30,-4.29,0.22,0.09,-0.01,432,374,373,400,332
6.82,6.22,-4.36,0.19,0.06,-0.11,432,374,373,400,332
6.53,6.45,-4.15,0.24,0.06,-0.06,431,374,373,400,331
6.58,6.27,-4.37,0.33,0.08,-0.11,432,374,373,400,332
6.64,6.07,-4.52,0.35,0.09,-0.11,431,374,373,400,331
6.52,5.91,-4.59,0.38,0.13,-0.15,431,374,373,400,331
7.05,5.85,-5.05,0.39,0.16,-0.37,431,373,373,401,331
7.37,5.63,-5.02,0.46,0.16,-0.16,431,374,374,401,331
6.21,5.55,-5.33,0.51,0.21,0.09,431,374,374,402,331
6.22,5.25,-5.11,0.50,0.18,-0.05,431,374,374,402,330
6.31,4.67,-5.39,0.49,0.18,-0.08,431,374,374,403,330
6.70,4.43,-5.54,0.50,0.16,-0.04,432,374,375,404,330
7.05,4.21,-5.78,0.53,0.17,-0.01,432,375,376,405,330
5.72,5.26,-6.26,0.80,0.21,-0.47,432,375,377,407,330
8.46,4.56,-5.97,0.92,0.08,-0.60,434,377,379,409,330
6.15,4.95,-6.94,1.13,0.37,-0.09,436,380,384,415,331
8.20,1.16,-5.43,1.80,0.43,-0.66,460,384,381,413,331
6.79,-1.87,-2.94,0.04,-0.12,0.01,504,415,395,416,329
8.60,3.24,-7.49,0.15,0.14,0.12,490,404,389,413,327
5.39,1.73,-7.23,-0.01,-0.04,0.13,485,401,387,412,328
7.24,1.80,-6.40,-0.04,-0.04,-0.15,485,402,387,412,328
7.80,1.92,-6.55,-0.00,-0.03,-0.06,486,402,388,412,328
7.22,1.79,-6.75,0.03,-0.01,0.05,485,402,388,412,328
6.80,2.05,-6.98,0.03,0.00,0.01,484,401,388,412,328
7.08,1.78,-6.57,0.04,-0.01,-0.04,484,401,388,412,328
7.44,1.84,-6.83,0.04,0.01,-0.01,483,401,388,412,328
6.76,1.71,-6.68,0.04,0.01,-0.02,482,401,387,412,328
7.44,2.05,-7.01,0.06,-0.02,-0.05,482,400,388,412,327
7.11,1.81,-6.68,0.06,0.01,0.03,482,400,387,412,327
6.65,1.56,-6.63,0.06,-0.00,0.02,481,400,388,412,328
7.13,1.74,-6.73,0.03,0.00,-0.06,481,400,388,412,328
END
7.34,1.79,-6.78,0.04,0.01,-0.04,428,368,366,395,338
7.14,5.64,-3.65,0.10,0.04,-0.00,429,368,366,395,338
7.48,5.63,-3.65,0.03,0.03,0.06,429,369,367,395,338
7.23,5.80,-3.68,0.09,-0.02,0.01,429,369,367,395,339
6.95,5.75,-4.02,0.21,0.06,-0.06,429,369,367,395,338
7.10,5.81,-3.95,0.22,0.05,-0.11,429,369,367,395,338
7.15,6.40,-3.93,0.27,0.04,-0.21,429,369,367,395,338
7.24,5.97,-3.86,0.39,0.09,-0.11,429,369,367,396,338
7.11,5.79,-4.37,0.43,0.12,-0.22,429,369,368,396,338
7.72,5.09,-4.49,0.46,0.13,-0.14,429,369,368,397,337
6.90,5.24,-4.33,0.45,0.11,-0.13,429,369,368,397,337
7.04,4.88,-4.67,0.43,0.10,-0.14,429,369,368,398,336
7.16,5.28,-4.62,0.43,0.14,-0.04,429,369,368,398,336
7.29,5.03,-5.03,0.50,0.12,-0.19,430,370,369,399,336
7.60,4.87,-5.35,0.50,0.11,-0.14,430,370,370,400,335
7.72,4.33,-5.45,0.58,0.09,-0.11,430,370,371,402,335
6.85,3.74,-5.59,0.59,0.15,-0.11,431,371,371,403,334
6.76,3.58,-5.86,0.80,0.25,-0.06,430,370,372,404,332
7.68,2.70,-5.35,0.62,0.03,-0.07,430,371,372,405,332
7.39,3.28,-5.94,0.73,0.08,0.07,431,372,374,409,331
6.69,4.50,-6.89,1.22,0.18,-0.25,433,374,377,412,331
7.51,-2.13,-4.71,1.56,-0.04,-0.21,473,389,379,411,329
7.64,-0.79,-4.09,-0.02,0.13,-0.25,480,395,383,411,328
6.79,1.06,-7.33,0.16,0.06,0.08,473,390,380,409,328
7.53,1.62,-6.93,0.03,-0.02,-0.16,473,391,380,409,328
7.55,1.28,-6.14,0.05,-0.01,-0.12,475,392,381,410,328
7.63,1.69,-6.34,0.06,-0.02,-0.03,474,392,381,410,328
6.91,1.46,-6.63,0.03,0.01,-0.03,474,391,381,410,327
7.45,1.45,-6.55,0.02,-0.00,-0.09,474,391,381,410,328
7.42,1.35,-6.44,0.04,-0.00,-0.04,474,392,382,410,328
7.33,1.67,-6.60,0.04,-0.01,-0.03,474,392,382,410,328
7.44,1.59,-6.56,0.04,0.00,-0.03,475,392,382,410,328
6.90,1.41,-6.37,0.04,0.01,-0.04,474,392,382,410,328
7.37,1.59,-6.55,0.02,-0.00,-0.04,474,392,382,410,328
END
7.34,1.47,-6.32,0.03,0.01,-0.03,429,369,368,395,337
7.16,5.92,-3.55,0.09,0.02,-0.05,429,368,368,395,336
7.32,5.94,-3.60,0.11,0.03,-0.06,429,369,368,395,336
7.44,5.47,-3.65,0.16,0.03,-0.04,430,369,368,396,336
7.55,5.66,-3.60,0.12,0.01,-0.02,430,369,368,396,337
7.39,6.14,-3.53,0.16,-0.02,-0.07,431,370,369,397,336
6.78,6.46,-3.46,0.22,0.03,-0.04,432,370,369,397,336
6.93,6.22,-3.88,0.34,0.04,-0.17,432,370,370,398,336
6.83,5.82,-3.94,0.38,0.12,-0.10,432,370,370,398,336
6.27,5.06,-3.92,0.37,0.14,-0.14,432,371,370,398,336
7.19,5.80,-4.19,0.39,0.08,-0.08,432,370,370,399,336
7.40,5.46,-4.47,0.38,0.18,-0.12,432,370,370,398,335
7.10,5.28,-4.58,0.45,0.15,-0.16,432,370,369,399,335
7.53,5.26,-4.48,0.47,0.11,-0.19,431,370,370,399,335
7.68,5.02,-4.59,0.48,0.10,-0.16,431,370,370,399,335
7.65,5.01,-4.94,0.55,0.10,-0.12,431,370,370,400,334
7.29,5.17,-5.36,0.58,0.09,0.01,431,370,370,400,334
7.30,4.03,-5.34,0.66,0.11,-0.11,431,370,371,402,334
7.96,3.76,-5.68,0.69,0.09,-0.10,431,370,371,403,333
8.31,4.24,-6.36,0.87,0.05,-0.10,432,371,373,405,333
4.57,4.92,-6.75,1.56,0.28,-0.05,433,373,376,411,332
10.85,-11.80,1.62,0.20,-0.30,0.22,473,395,386,411,329
8.46,1.72,-6.97,0.17,0.14,0.08,464,391,385,412,327
6.78,0.71,-6.81,-0.03,0.08,0.23,457,387,383,410,326
6.53,-0.37,-6.04,-0.02,-0.03,0.05,457,387,383,411,326
7.97,0.78,-6.59,-0.04,-0.03,-0.02,457,387,383,411,326
7.94,0.57,-6.43,0.02,-0.02,-0.02,457,387,383,411,326
7.30,0.75,-6.62,0.02,0.03,-0.03,457,387,382,411,326
7.61,0.47,-6.22,0.05,0.00,-0.07,457,387,382,411,326
7.60,0.53,-6.39,0.04,0.00,-0.03,458,387,382,411,326
7.49,0.65,-6.19,0.05,-0.01,-0.06,458,387,382,411,326
7.70,0.67,-6.45,0.04,-0.00,-0.05,458,388,383,411,326
7.97,0.78,-6.32,0.05,0.01,-0.06,458,387,382,411,326
7.75,0.85,-6.27,0.04,-0.00,-0.06,458,387,382,411,326
END
7.82,1.02,-6.35,0.05,-0.00,-0.08,425,366,365,393,331
7.53,5.45,-3.50,0.03,-0.02,-0.05,426,366,365,393,330
7.46,5.41,-3.70,0.04,-0.02,-0.05,426,366,365,393,330
7.70,5.70,-3.63,0.07,-0.01,-0.06,425,366,365,393,331
7.68,5.53,-3.78,0.11,0.03,-0.05,426,366,365,393,330
7.72,5.77,-3.40,0.15,0.02,-0.05,426,366,365,393,330
8.05,6.55,-3.63,0.26,0.03,-0.08,426,366,365,393,330
7.64,5.72,-3.91,0.43,0.10,-0.02,427,367,366,395,331
7.54,6.05,-3.74,0.44,0.10,-0.20,427,367,366,395,331
8.00,6.11,-3.96,0.63,0.16,-0.18,426,367,367,396,330
7.43,5.08,-4.18,0.73,0.21,-0.07,427,367,367,397,330
7.80,4.41,-4.50,0.75,0.12,-0.23,427,367,368,398,330
7.96,4.21,-4.56,0.74,0.18,-0.12,427,367,368,398,329
6.88,3.77,-4.58,0.78,0.12,-0.13,427,368,369,400,329
7.56,3.37,-4.68,0.77,0.10,-0.15,427,368,370,401,329
7.83,2.56,-4.69,0.73,0.15,-0.08,427,368,371,402,329
7.57,4.98,-5.92,1.20,0.08,-0.19,428,369,372,405,329
4.57,3.24,-5.33,2.03,0.50,-0.73,419,364,368,402,329
10.18,-4.34,-0.92,-1.03,-0.41,0.30,464,392,386,406,326
11.20,2.00,-5.91,-0.03,-0.03,-0.08,461,390,384,406,325
6.21,1.51,-6.40,0.12,0.11,0.25,449,383,380,402,325
7.04,1.07,-5.92,0.05,-0.01,-0.04,449,382,379,402,325
8.95,1.62,-6.20,0.03,-0.02,-0.07,449,383,379,402,325
7.47,1.45,-5.61,0.03,-0.05,-0.02,449,383,379,402,325
7.98,1.27,-5.97,0.00,-0.02,-0.05,449,383,379,402,325
7.93,1.56,-6.20,0.02,-0.01,-0.06,450,383,379,402,325
7.85,1.19,-5.81,0.03,0.01,-0.02,451,383,380,403,325
7.70,1.49,-5.99,0.05,-0.01,-0.04,451,383,380,403,325
7.77,1.34,-5.92,0.02,0.01,-0.06,451,383,380,403,324
7.79,1.43,-5.76,0.04,0.01,-0.05,452,384,380,403,325
7.75,1.58,-5.79,0.03,-0.00,-0.09,453,385,380,404,325
8.12,1.56,-5.97,0.03,0.01,-0.08,456,387,381,405,325
8.20,1.34,-5.92,0.13,-0.03,0.03,459,389,383,406,325
7.68,1.26,-5.78,0.07,0.02,0.03,459,389,383,407,325
END
7.61,1.23,-5.90,0.07,-0.01,-0.03,420,361,363,390,328
7.27,6.14,-3.14,0.04,-0.00,-0.05,420,361,363,390,328
7.00,6.24,-3.12,0.06,0.00,-0.04,420,361,363,390,328
7.39,6.20,-3.49,0.08,0.01,-0.06,420,361,363,390,328
7.02,6.17,-3.12,0.11,0.01,-0.04,420,361,363,390,328
7.17,6.23,-3.02,0.10,-0.01,-0.06,420,361,363,390,328
7.31,7.23,-3.13,0.18,-0.04,-0.09,421,361,363,391,328
6.90,7.54,-3.45,0.37,0.03,-0.13,420,361,364,391,328
6.85,6.94,-4.06,0.53,0.14,-0.11,420,361,364,391,328
6.86,6.35,-3.95,0.58,0.18,-0.26,420,361,364,392,328
7.04,6.22,-4.46,0.66,0.15,-0.30,422,362,365,394,328
7.04,5.38,-4.62,0.81,0.31,-0.14,422,362,365,395,329
6.63,5.05,-4.37,0.81,0.29,-0.26,422,362,366,396,329
6.45,4.77,-4.92,0.78,0.20,-0.14,423,363,367,398,329
7.85,4.35,-5.14,0.73,0.22,-0.05,423,363,367,399,328
6.20,3.32,-5.46,0.87,0.20,-0.13,423,364,369,402,328
6.39,3.91,-6.07,0.98,0.36,0.02,424,365,373,406,328
7.85,2.35,-3.52,2.47,1.22,0.04,428,358,367,401,325
7.56,-0.88,-2.38,0.60,0.08,0.19,440,370,375,401,324
8.21,1.72,-6.27,0.23,0.07,0.32,433,365,371,399,324
7.38,0.57,-4.93,0.01,-0.02,0.01,434,366,372,400,324
7.90,0.96,-5.18,-0.04,-0.03,-0.07,436,367,373,401,324
8.02,1.04,-5.74,0.03,-0.03,0.01,437,368,374,402,324
8.42,1.31,-5.66,-0.04,-0.01,-0.09,439,370,375,403,324
8.24,1.16,-5.60,0.03,-0.02,-0.06,440,371,375,403,323
8.43,1.49,-5.83,0.05,-0.00,-0.03,440,371,375,403,323
7.68,0.87,-5.48,0.05,0.02,-0.04,440,372,375,403,323
8.66,1.39,-5.69,0.04,-0.03,-0.04,441,372,376,403,323
8.33,1.18,-5.67,0.10,0.03,-0.09,440,372,375,403,323
8.19,0.95,-5.42,0.10,0.05,0.02,439,372,375,403,323
8.08,1.21,-5.49,0.06,-0.01,-0.05,439,371,375,403,323
7.69,0.91,-5.46,0.03,0.01,-0.06,439,372,375,403,323
8.42,1.18,-5.40,0.01,-0.01,-0.06,439,373,375,403,323
8.32,1.33,-5.77,0.04,-0.01,-0.05,440,373,376,404,323
END
8.25,1.34,-5.31,0.03,-0.01,-0.07,424,366,366,394,327
7.29,5.36,-3.32,0.05,0.04,0.01,424,367,366,393,327
7.65,5.33,-3.14,0.02,-0.01,-0.06,424,367,366,393,327
7.43,5.55,-3.58,0.05,0.02,-0.02,424,366,366,393,327
7.49,5.51,-3.41,0.04,0.01,-0.04,424,366,366,393,327
7.52,5.39,-3.16,0.06,0.02,-0.03,424,366,366,393,327
7.64,5.43,-3.45,0.06,0.02,-0.03,424,366,366,393,327
7.49,5.50,-2.89,0.05,0.01,-0.04,424,366,366,393,327
7.36,5.64,-2.76,0.08,0.01,-0.05,424,366,366,393,327
7.54,5.81,-3.37,0.12,0.03,-0.04,424,366,366,393,327
7.59,6.35,-3.19,0.19,0.04,-0.06,423,366,366,393,327
8.09,8.12,-3.32,0.38,0.06,-0.08,423,365,365,393,327
7.38,6.22,-3.37,0.62,0.19,-0.02,423,365,366,393,327
7.80,6.32,-3.75,0.77,0.13,-0.30,423,365,366,394,327
8.41,5.31,-4.24,0.79,0.11,-0.20,423,365,366,395,327
7.21,4.86,-4.56,1.00,0.15,-0.29,423,365,367,396,327
7.26,3.31,-4.36,0.88,0.12,-0.19,423,366,368,397,327
8.03,2.96,-4.87,0.76,0.09,-0.23,424,366,369,400,327
7.31,3.09,-5.20,0.77,0.09,-0.27,426,368,372,402,327
7.31,3.63,-5.34,0.74,0.16,-0.16,432,373,379,411,327
6.88,3.74,-5.54,0.96,0.18,-0.24,437,377,383,415,327
6.78,4.74,-6.87,1.60,0.55,0.20,431,372,381,419,326
10.23,-8.97,2.58,0.10,-0.45,-0.44,479,405,395,430,325
10.84,3.57,-7.21,0.26,0.16,0.29,462,393,386,423,323
5.28,0.51,-6.76,0.03,0.10,0.30,453,388,383,420,324
7.67,0.47,-5.73,-0.02,-0.02,-0.10,453,388,383,420,323
8.06,0.83,-5.66,0.01,-0.03,-0.05,454,388,383,419,323
8.17,0.95,-5.96,0.02,-0.03,-0.02,454,388,383,419,323
7.32,0.84,-6.04,0.00,-0.05,-0.07,455,389,383,419,323
8.26,0.66,-6.16,-0.01,-0.02,-0.06,457,390,384,420,323
8.07,0.99,-6.32,0.03,0.00,-0.06,457,389,383,419,323
7.67,0.84,-5.98,0.06,0.03,-0.01,456,389,383,419,323
7.74,0.84,-5.97,0.03,-0.00,-0.01,456,389,383,419,323
7.92,0.80,-6.07,0.03,-0.00,-0.03,456,389,383,419,323
END
7.87,0.90,-6.12,0.02,-0.01,-0.03,424,366,366,396,329
7.67,5.35,-3.58,0.06,-0.01,-0.06,424,367,366,395,329
7.59,5.28,-3.78,0.06,-0.00,-0.05,424,367,366,395,329
7.44,5.27,-3.63,0.07,0.01,-0.06,424,367,366,395,329
7.55,5.30,-3.79,0.05,0.01,-0.03,424,367,366,395,329
7.54,5.40,-3.65,0.07,0.01,-0.06,424,367,366,395,329
7.53,5.55,-3.63,0.08,0.02,-0.06,424,366,366,395,329
7.44,5.51,-3.41,0.13,0.03,-0.06,424,366,366,395,329
7.65,6.45,-3.78,0.21,0.06,-0.07,424,366,366,395,329
7.74,6.29,-3.85,0.37,0.09,-0.09,424,366,366,396,329
7.37,6.81,-3.76,0.54,0.14,-0.13,424,366,367,397,329
7.85,6.20,-3.78,0.69,0.09,-0.41,424,367,367,397,329
6.71,4.90,-4.24,0.68,0.19,-0.11,424,367,367,398,329
8.03,4.76,-4.39,0.75,0.12,-0.28,424,367,368,399,329
7.41,4.31,-5.05,0.66,0.05,-0.19,424,367,368,400,328
7.48,4.71,-5.50,0.78,0.11,-0.15,424,367,368,401,328
5.95,4.07,-5.48,1.01,0.38,-0.15,425,367,370,403,327
7.24,2.92,-5.13,1.14,0.43,-0.28,424,367,370,405,327
8.60,3.23,-5.42,1.54,0.44,-0.39,422,365,370,406,326
11.18,-5.41,-2.16,1.53,0.42,-0.10,434,368,368,397,324
9.76,-1.00,-4.36,0.01,0.03,-0.07,448,382,376,399,323
7.63,0.50,-5.74,0.01,0.06,0.20,442,377,373,398,323
7.14,0.76,-6.10,0.04,0.06,0.01,440,377,372,398,323
8.51,1.27,-5.99,0.01,-0.02,-0.14,441,377,372,397,323
8.23,0.90,-5.71,0.04,-0.06,-0.05,441,378,372,398,323
8.14,1.04,-5.69,0.04,-0.04,-0.03,442,378,372,398,323
7.86,1.08,-5.71,0.03,-0.03,-0.07,442,378,372,398,323
7.98,1.07,-5.84,0.07,-0.01,-0.04,442,378,373,398,323
8.37,0.95,-5.94,0.04,-0.03,-0.04,443,379,374,399,323
8.23,0.97,-5.73,0.01,-0.04,-0.05,447,383,376,400,323
8.13,0.98,-5.74,-0.01,0.01,-0.03,448,384,376,400,323
8.08,1.05,-5.86,-0.00,0.03,0.00,448,383,376,400,323
7.95,0.94,-5.89,0.03,0.03,0.04,448,383,377,400,323
8.04,1.23,-5.53,0.00,-0.01,-0.03,447,383,377,400,323
END
8.08,0.72,-5.83,-0.01,-0.03,-0.01,410,353,355,385,327
7.40,5.79,-3.52,0.17,0.02,-0.04,411,354,355,385,327
7.10,5.62,-3.77,0.22,0.04,-0.00,412,355,355,385,326
7.28,5.54,-3.91,0.15,-0.01,-0.27,413,355,356,386,327
7.40,5.40,-3.89,0.16,-0.01,-0.09,414,356,357,386,327
6.87,6.78,-4.15,0.31,0.05,-0.08,415,357,358,387,327
7.26,7.07,-4.62,0.55,0.22,-0.06,418,359,361,389,327
6.86,6.54,-4.39,0.70,0.22,-0.03,419,361,362,390,327
7.21,6.06,-4.49,0.76,0.29,-0.13,419,361,364,392,327
8.21,5.33,-4.87,0.78,0.27,-0.26,418,361,364,393,326
7.04,4.22,-4.87,0.91,0.19,-0.10,418,360,364,393,326
7.71,3.76,-4.27,0.82,0.09,-0.30,417,360,364,393,326
7.73,3.27,-5.10,0.84,0.16,-0.18,417,360,364,394,326
7.64,3.48,-5.36,1.00,0.25,-0.02,418,360,365,396,325
6.07,3.70,-5.66,1.46,0.47,-0.03,421,362,368,400,325
13.93,-12.56,0.90,0.58,0.01,0.03,446,375,374,398,324
10.29,0.75,-7.08,0.08,0.07,0.17,439,370,371,398,323
5.25,0.11,-6.89,0.04,0.12,0.23,434,367,369,397,323
7.98,0.32,-5.41,-0.02,-0.03,-0.14,436,369,369,398,323
8.65,1.03,-5.71,0.04,-0.03,0.03,436,369,369,399,323
7.57,0.26,-5.44,0.06,0.02,0.04,435,369,369,399,323
8.59,0.78,-6.17,-0.02,-0.01,-0.04,435,369,369,399,323
7.87,0.43,-5.57,0.02,0.00,-0.06,436,370,370,400,322
7.95,0.66,-6.28,0.02,0.01,-0.04,435,370,369,400,322
7.93,0.48,-5.90,0.02,0.01,-0.06,436,371,370,400,323
7.93,0.80,-5.79,0.02,-0.05,-0.06,438,372,369,400,322
8.23,0.61,-5.92,-0.01,-0.01,-0.07,439,374,371,402,322
7.93,0.73,-5.79,0.02,-0.02,-0.05,440,374,371,402,323
7.84,0.59,-5.69,0.01,0.01,-0.06,440,375,372,402,323
7.95,0.60,-5.52,0.01,-0.00,-0.03,441,375,373,402,323
8.18,0.98,-6.20,0.01,0.00,-0.04,441,376,374,403,323
8.01,0.78,-5.97,0.02,0.02,-0.03,442,376,375,403,323
8.20,0.75,-5.54,0.04,0.01,0.03,442,377,375,404,323
7.70,0.08,-5.47,0.04,0.01,-0.01,441,375,375,403,322
END
8.85,-2.71,-3.52,-0.08,-0.00,-0.03,419,358,354,384,329
7.72,5.58,-3.52,0.14,0.03,0.02,420,358,354,383,328
7.16,5.71,-3.85,0.27,0.08,-0.01,419,358,354,383,328
7.34,5.72,-3.50,0.34,0.06,-0.32,419,358,354,384,328
7.72,5.68,-3.57,0.43,0.11,-0.20,419,358,354,384,328
7.57,5.74,-4.34,0.46,0.10,-0.41,420,359,355,384,328
8.61,6.48,-4.21,0.48,0.05,-0.31,421,360,356,385,327
7.06,6.47,-4.54,0.93,0.32,-0.14,422,361,357,386,327
6.88,5.62,-4.81,0.75,0.19,-0.34,422,361,358,387,326
9.30,4.62,-5.08,1.00,0.11,-0.19,424,362,360,388,325
7.26,3.64,-5.25,1.06,0.21,-0.21,425,364,362,390,325
6.76,2.73,-5.00,0.98,0.11,-0.16,426,365,363,392,325
6.65,1.87,-5.30,0.99,0.18,-0.05,425,365,363,394,325
5.95,3.04,-6.56,1.16,0.36,0.06,424,364,364,396,324
6.97,4.97,-6.81,2.35,0.68,-0.39,437,367,366,397,323
8.10,-4.33,0.55,0.68,-0.03,-0.11,455,383,377,411,322
7.69,0.74,-6.45,0.44,0.25,0.44,438,370,369,403,322
6.04,-0.42,-5.96,0.10,-0.04,-0.03,435,368,368,402,322
8.93,-0.55,-5.57,-0.02,-0.03,-0.13,435,368,368,402,321
7.41,-0.44,-6.07,0.03,-0.04,0.05,435,368,367,402,321
7.92,0.19,-6.37,-0.03,-0.04,-0.10,435,368,366,402,321
8.10,-0.07,-6.07,-0.01,-0.04,-0.08,435,368,366,402,321
8.05,0.01,-6.32,0.00,0.01,-0.08,435,368,366,402,322
7.78,0.15,-6.31,0.01,-0.01,-0.06,435,369,366,401,321
7.96,-0.08,-5.56,0.00,-0.03,-0.08,437,370,366,402,322
7.98,0.17,-6.33,0.01,-0.01,-0.04,438,370,366,402,322
7.95,0.26,-5.97,0.01,-0.02,-0.05,438,370,367,402,322
7.77,0.24,-6.16,0.02,-0.01,-0.04,438,371,367,402,322
8.05,0.45,-6.14,0.01,-0.01,-0.06,438,370,367,402,322
7.87,0.37,-6.14,-0.01,0.01,-0.02,438,370,367,402,321
7.89,0.34,-6.15,0.02,-0.00,-0.04,438,370,366,402,322
7.61,0.06,-5.95,0.02,0.00,-0.02,438,370,367,402,322
7.87,0.27,-6.21,0.01,-0.01,-0.03,438,370,367,402,322
7.95,0.45,-6.31,0.01,-0.00,-0.03,438,370,367,402,322
END
7.88,-0.29,-5.63,-0.01,0.00,-0.06,414,356,355,384,330
7.49,5.69,-3.81,0.24,0.03,-0.06,414,356,354,384,330
7.58,5.46,-3.85,0.26,0.07,0.00,414,356,355,384,329
7.63,5.55,-4.06,0.30,0.05,-0.01,415,356,355,384,329
7.79,5.02,-4.06,0.31,-0.01,-0.07,414,356,354,384,329
7.63,5.14,-4.29,0.30,-0.03,-0.20,415,356,355,384,329
7.87,5.96,-4.36,0.38,-0.03,-0.16,415,356,355,384,329
7.58,6.25,-4.90,0.55,0.03,-0.14,417,357,355,385,329
7.49,5.18,-4.95,0.68,0.06,-0.27,418,358,356,385,329
6.55,4.95,-5.05,0.79,0.19,-0.17,418,358,357,385,329
6.36,3.58,-5.00,0.83,0.34,-0.31,418,358,357,386,328
8.45,4.26,-5.28,0.82,0.42,-0.09,418,358,357,387,327
7.02,3.89,-5.37,1.21,0.48,-0.11,417,357,357,388,327
9.47,2.74,-4.95,1.13,0.29,-0.06,415,356,358,391,326
7.00,2.78,-5.26,1.69,0.38,-0.32,413,354,358,393,326
11.05,-6.44,-1.36,1.82,0.29,-0.58,425,357,360,388,324
6.20,-0.99,-5.17,0.24,0.24,0.24,438,372,369,390,323
9.20,0.73,-6.30,0.06,-0.09,0.10,432,367,366,390,322
7.52,0.21,-5.56,0.05,-0.01,0.05,431,366,365,389,322
8.00,0.28,-5.55,0.04,-0.03,-0.02,431,366,365,389,322
8.10,0.36,-5.37,0.02,-0.04,-0.07,432,367,365,389,322
8.35,0.45,-5.61,0.01,-0.02,-0.08,433,368,365,389,322
8.46,0.68,-5.68,0.02,-0.01,-0.05,433,369,365,389,322
7.49,0.17,-5.54,0.06,0.01,-0.04,434,369,365,389,322
8.59,0.85,-5.83,0.02,-0.03,-0.16,437,371,367,390,322
8.57,0.61,-5.38,0.06,-0.02,-0.15,439,373,367,390,322
8.59,0.62,-5.61,0.02,0.01,-0.01,439,373,367,390,322
8.06,0.79,-5.51,0.03,0.01,-0.03,438,372,367,390,322
8.20,0.57,-5.40,0.02,0.02,-0.01,437,372,367,390,322
8.23,0.57,-5.58,0.01,0.01,-0.04,437,373,367,390,322
8.48,0.60,-5.51,0.01,0.00,-0.02,437,372,367,390,322
8.06,0.73,-5.69,0.03,-0.00,-0.03,437,372,367,390,322
8.30,0.73,-5.52,0.01,0.00,-0.01,437,372,367,390,322
8.20,0.53,-5.26,0.02,0.01,-0.02,437,372,367,390,322
END
8.20,0.73,-5.53,0.03,0.00,-0.05,403,346,344,376,328
7.34,5.69,-4.36,0.20,0.02,-0.02,404,346,345,376,329
7.44,5.26,-3.82,0.05,-0.04,-0.28,404,347,347,377,329
6.82,5.83,-3.46,0.25,0.04,-0.12,404,346,350,380,331
7.49,5.53,-4.69,0.14,0.02,-0.05,403,346,351,381,331
6.75,5.61,-4.32,0.11,0.11,-0.00,403,346,352,382,331
7.25,7.35,-4.46,0.15,0.10,-0.14,403,346,352,383,330
7.33,9.38,-4.59,0.52,0.12,-0.19,410,350,357,387,330
6.68,9.68,-3.80,1.08,0.33,-0.10,414,352,359,389,330
6.52,6.32,-4.18,1.34,0.58,-0.05,412,351,360,391,329
7.13,3.24,-3.79,1.17,0.55,0.09,410,350,359,392,328
9.39,1.97,-3.44,1.34,0.41,-0.21,409,349,358,393,327
7.83,2.35,-4.30,1.31,0.28,-0.35,407,348,357,393,326
8.90,1.24,-3.59,1.33,0.23,-0.21,403,345,355,392,325
9.66,0.42,-4.73,1.49,0.25,-0.26,406,344,355,393,324
7.75,-2.96,-2.84,0.10,0.20,0.64,419,357,364,394,322
6.70,0.60,-5.79,0.09,0.13,0.30,411,350,358,392,322
7.77,-0.36,-5.46,-0.08,0.04,0.16,411,351,359,393,322
7.95,-0.37,-4.94,-0.03,-0.07,-0.16,414,354,361,394,322
8.38,0.11,-5.18,-0.02,-0.07,-0.05,419,359,363,396,322
8.76,0.30,-5.29,-0.02,-0.08,-0.14,422,361,364,397,322
8.34,0.06,-5.46,0.02,-0.00,0.03,422,362,364,396,322
8.33,0.19,-5.36,0.02,-0.05,-0.06,422,361,364,396,322
8.44,0.25,-5.54,0.03,0.01,-0.03,423,362,364,396,322
8.14,0.13,-5.28,0.01,-0.01,-0.06,424,363,365,396,322
8.43,0.20,-5.23,0.03,-0.01,-0.04,425,364,366,397,322
8.24,0.39,-5.46,-0.00,-0.03,-0.10,427,366,367,398,322
8.36,0.19,-5.17,0.01,-0.00,-0.04,427,366,367,398,322
8.20,0.38,-5.43,0.02,-0.01,-0.05,427,366,367,398,322
8.59,0.39,-5.36,0.03,0.00,-0.04,428,366,367,398,322
8.38,0.24,-5.43,0.02,-0.01,-0.04,428,367,367,398,322
8.51,0.28,-5.49,0.02,-0.01,-0.01,428,367,368,399,322
8.22,0.13,-5.48,0.03,-0.01,0.02,428,367,368,399,323
8.46,-0.02,-5.55,0.00,-0.07,0.02,428,367,368,400,322
END
9.42,-1.69,-4.59,-0.26,-0.18,0.27,412,353,354,383,327
7.13,7.13,-3.14,0.33,0.01,-0.02,414,355,356,384,328
6.62,6.63,-2.95,0.42,0.09,-0.13,415,355,355,384,328
7.57,5.56,-3.49,0.42,0.06,-0.17,415,355,355,384,327
7.29,5.99,-3.99,0.47,0.11,-0.06,415,355,356,385,327
7.47,6.50,-3.55,0.52,0.17,-0.22,416,355,356,385,327
7.03,6.20,-3.93,0.66,0.18,-0.17,417,355,356,384,327
7.27,6.34,-4.48,0.75,0.16,-0.16,417,355,356,386,327
7.32,5.36,-4.31,0.83,0.17,-0.23,418,356,356,386,326
7.65,4.64,-5.28,0.89,0.14,-0.11,418,356,357,387,326
8.97,3.93,-5.54,0.96,0.05,-0.00,418,357,358,389,325
5.81,3.14,-5.62,1.10,0.07,0.15,422,359,360,391,325
5.91,1.81,-5.20,1.03,0.20,-0.08,423,360,361,392,325
5.79,2.94,-5.71,1.45,0.51,-0.01,422,360,363,396,324
9.76,-1.08,-4.50,2.50,0.66,-0.66,426,356,362,396,323
9.71,-4.07,-1.40,0.86,0.07,0.08,426,356,363,399,322
6.43,-0.90,-5.53,0.53,0.17,0.45,412,346,355,394,321
7.07,-0.18,-6.15,0.08,-0.01,-0.12,409,343,354,392,321
8.50,-0.88,-5.53,0.03,-0.03,-0.11,410,344,354,392,321
8.28,-0.31,-5.86,0.05,-0.03,-0.03,410,344,354,392,321
7.41,-0.60,-5.57,0.06,-0.02,-0.01,410,344,355,392,321
8.07,-0.55,-5.81,-0.00,-0.03,-0.11,412,346,356,393,321
8.20,-0.32,-5.74,0.03,-0.01,-0.10,413,347,357,394,321
8.36,-0.70,-5.92,0.06,0.02,0.01,414,348,357,394,321
7.97,-0.75,-5.83,0.16,0.02,0.05,413,348,357,394,321
8.12,-0.65,-6.13,0.14,0.06,-0.02,413,347,356,394,321
7.81,-0.45,-5.66,0.05,0.05,-0.17,413,348,356,394,321
8.02,-0.60,-5.50,0.06,-0.01,-0.11,415,350,357,396,321
8.41,-0.52,-5.46,-0.03,-0.02,-0.10,417,352,358,397,321
8.35,-0.39,-5.76,-0.01,-0.03,-0.06,419,353,358,397,321
8.13,-0.50,-5.79,0.00,-0.02,-0.04,420,354,359,397,321
8.19,-0.38,-5.73,0.01,-0.02,-0.02,420,354,359,397,321
8.26,-0.41,-5.61,0.04,-0.03,-0.09,421,355,360,397,321
8.22,-0.39,-5.93,0.02,-0.02,-0.03,422,355,359,397,321
END
7.91,-0.50,-5.64,0.03,-0.01,-0.00,412,350,348,381,332
7.37,6.08,-3.93,0.15,0.04,-0.06,412,350,348,380,332
7.22,6.20,-3.79,0.26,0.06,-0.08,412,350,349,380,331
7.29,6.27,-3.52,0.33,0.08,-0.07,412,350,348,380,331
6.66,6.04,-3.63,0.46,0.14,-0.17,412,350,349,380,331
7.39,7.02,-3.91,0.48,0.13,-0.19,412,350,349,380,330
7.86,7.54,-4.68,0.72,0.09,-0.45,412,350,349,381,331
8.01,6.33,-4.55,0.92,0.06,-0.19,413,350,349,381,331
6.73,5.33,-5.34,1.03,0.07,-0.26,414,350,350,382,331
7.06,3.98,-5.05,1.00,0.07,-0.39,414,351,351,383,330
7.05,2.69,-4.85,1.03,0.21,-0.30,414,351,351,384,329
7.03,1.97,-5.36,0.83,0.17,-0.26,415,352,352,385,328
6.77,1.84,-5.85,0.77,0.15,-0.23,416,352,352,386,328
7.20,3.23,-6.88,1.00,0.31,0.15,415,352,352,389,326
4.08,4.90,-7.46,1.86,0.69,0.06,415,348,351,391,325
2.94,-0.93,-1.90,-0.14,-0.23,0.21,440,361,356,390,323
6.25,0.45,-7.16,0.32,0.17,0.14,429,355,352,390,323
7.23,0.08,-7.05,-0.01,-0.14,-0.28,432,357,355,389,323
9.08,0.83,-6.75,0.02,-0.10,-0.15,434,359,355,390,322
7.24,0.66,-6.93,0.09,-0.00,-0.02,433,358,355,390,322
7.02,0.24,-6.69,0.05,-0.01,-0.06,432,358,356,390,322
7.38,0.50,-6.80,0.08,-0.02,-0.09,432,358,356,390,322
7.72,0.34,-6.62,0.06,-0.01,-0.05,433,358,357,390,322
7.12,-0.17,-6.30,0.05,-0.01,-0.05,432,359,357,390,322
7.90,0.55,-6.87,0.01,-0.03,-0.06,433,359,357,390,322
7.42,0.26,-6.63,0.06,0.01,-0.03,433,360,358,390,322
7.14,0.06,-6.40,0.05,-0.01,-0.01,434,361,358,390,322
7.57,0.45,-6.54,0.05,0.00,-0.04,434,360,359,390,322
7.21,0.24,-6.58,0.04,-0.00,-0.03,434,361,359,390,322
7.52,0.25,-6.53,0.03,-0.00,-0.05,435,361,359,390,322
7.19,0.38,-6.64,0.04,0.00,-0.03,434,361,359,390,322
7.13,0.24,-6.72,0.05,-0.00,-0.04,434,361,359,390,322
7.48,0.29,-6.66,0.06,-0.00,-0.06,435,362,360,390,322
7.34,0.39,-6.38,0.04,-0.01,-0.04,435,363,360,390,322
END
7.24,0.04,-6.37,0.02,-0.02,-0.05,412,351,343,377,328
6.85,6.85,-4.03,0.19,0.09,-0.02,413,352,343,377,328
7.16,6.16,-4.16,0.28,0.09,0.12,414,353,344,378,328
6.42,6.55,-4.34,0.35,0.06,0.01,414,353,345,378,328
7.21,6.39,-4.43,0.38,-0.05,-0.32,414,353,345,379,328
6.14,6.35,-4.57,0.48,0.03,-0.31,414,354,345,379,328
6.85,6.53,-5.09,0.60,0.11,0.11,414,354,345,379,328
6.02,6.51,-5.31,0.76,0.18,-0.21,414,354,345,379,328
6.60,5.45,-5.17,0.85,0.16,-0.31,414,354,346,380,327
6.53,4.59,-5.45,0.86,0.23,-0.40,415,355,347,381,327
7.24,3.78,-5.66,0.88,0.34,-0.22,415,355,349,383,327
7.82,3.53,-6.07,1.04,0.33,-0.09,431,364,354,387,328
6.32,3.69,-5.53,1.38,0.46,0.02,443,373,361,391,329
4.47,2.23,-5.77,1.28,0.45,0.03,441,373,363,393,328
10.90,-4.76,-2.02,0.60,0.19,-0.09,455,382,370,397,326
9.71,-0.52,-4.94,-0.06,-0.06,0.04,465,390,373,404,325
7.11,0.85,-6.66,0.03,0.02,0.29,461,387,371,404,325
6.75,0.67,-6.35,0.04,-0.03,-0.04,461,387,370,405,324
8.04,0.31,-5.93,0.02,-0.02,-0.05,463,389,371,406,324
8.34,0.85,-6.26,0.02,-0.00,-0.07,463,389,370,405,324
7.67,0.85,-6.37,0.03,-0.02,-0.03,463,389,370,405,324
7.65,0.30,-6.13,0.01,-0.01,-0.05,464,390,370,405,323
7.98,0.85,-6.03,0.02,-0.04,-0.04,464,390,370,405,323
7.72,0.93,-6.51,0.05,0.03,-0.05,463,389,370,405,323
7.77,0.43,-6.07,0.03,0.00,-0.04,462,389,369,404,323
8.12,0.88,-6.12,0.03,-0.02,-0.07,462,389,369,404,323
7.48,0.61,-6.13,0.03,0.02,-0.00,462,389,369,404,323
7.86,0.83,-6.05,0.03,-0.01,-0.07,462,389,369,404,323
7.72,0.54,-6.14,0.03,-0.01,-0.02,463,389,369,404,323
7.90,1.10,-6.23,0.03,0.00,-0.05,462,389,369,404,323
7.80,0.88,-6.36,0.03,0.01,-0.04,462,389,369,404,323
8.03,0.75,-6.09,0.03,-0.01,-0.03,462,389,369,404,323
7.91,1.00,-6.22,0.04,0.00,-0.04,462,389,369,404,323
7.62,0.75,-6.09,0.03,0.00,-0.03,462,389,369,404,324
END
8.00,0.93,-6.14,0.03,-0.02,-0.06,424,362,351,383,327
6.99,5.81,-3.77,0.02,0.01,-0.04,423,362,351,382,327
6.85,5.66,-3.42,0.03,0.01,-0.05,423,362,351,382,327
7.15,6.00,-3.70,0.02,0.01,-0.07,423,362,351,382,327
6.88,6.01,-3.63,0.05,0.02,-0.05,423,362,351,382,327
6.88,6.35,-3.60,0.09,0.03,-0.03,423,362,351,382,327
7.05,7.82,-3.81,0.20,0.02,-0.07,423,362,350,382,327
6.62,8.97,-3.88,0.59,0.16,-0.22,423,362,352,383,327
6.76,7.14,-4.19,0.75,0.30,-0.11,423,362,352,383,327
7.34,6.18,-4.23,0.92,0.26,-0.37,423,361,354,384,327
6.67,4.31,-4.40,0.84,0.32,-0.16,423,361,355,386,326
6.62,3.47,-4.39,0.84,0.39,0.13,422,361,355,386,326
6.91,4.08,-4.46,0.85,0.36,-0.34,422,361,355,387,326
8.64,4.92,-4.95,0.94,0.20,-0.37,422,361,357,391,326
8.56,4.16,-5.33,1.10,0.30,-0.10,422,361,359,393,325
8.61,2.32,-4.90,1.25,0.27,-0.05,421,360,360,395,325
6.41,4.19,-5.30,1.74,0.29,-0.09,418,359,361,398,324
11.94,-7.09,-0.93,1.14,0.44,0.08,433,369,364,397,323
8.71,-0.27,-4.75,-0.06,0.14,0.26,435,371,365,405,321
6.95,0.10,-5.67,-0.08,0.08,0.21,428,366,361,402,322
7.44,-0.52,-5.32,-0.01,-0.02,0.13,429,366,362,403,321
8.39,-0.37,-5.30,-0.02,-0.03,-0.04,430,367,362,404,321
7.95,-0.52,-5.24,-0.00,-0.03,-0.02,431,368,363,406,321
8.28,-0.37,-5.27,0.01,-0.06,-0.07,435,372,364,408,321
8.26,-0.31,-5.38,0.01,-0.05,-0.09,436,374,365,408,321
8.64,0.12,-5.70,0.02,-0.02,-0.05,437,374,365,408,321
7.85,-0.19,-5.44,0.04,-0.00,-0.02,436,374,365,407,321
8.33,0.06,-5.72,0.03,-0.02,-0.10,437,375,364,407,321
8.16,-0.24,-5.50,0.01,-0.03,-0.05,439,376,365,407,321
8.47,0.25,-5.57,0.01,-0.03,-0.05,439,377,365,407,321
8.49,0.20,-5.79,0.01,-0.02,-0.07,440,378,366,407,321
8.28,0.17,-5.74,0.03,0.00,-0.03,440,378,365,407,321
7.84,-0.17,-5.55,0.03,0.01,-0.03,440,377,365,406,321
8.50,0.23,-5.77,0.03,-0.01,-0.08,440,378,365,406,321
END
8.09,0.16,-5.46,0.03,-0.02,-0.06,411,351,348,385,327
6.94,6.20,-3.66,0.28,-0.00,-0.25,412,351,348,385,327
7.13,6.02,-3.55,0.30,0.03,-0.16,412,352,347,385,327
6.40,6.15,-3.80,0.36,0.11,0.03,413,352,348,385,327
6.75,5.95,-3.91,0.38,0.07,-0.14,414,353,348,385,327
6.74,6.19,-4.57,0.42,0.08,-0.26,414,354,348,385,327
6.97,6.19,-4.49,0.51,0.08,-0.27,416,355,349,386,327
6.76,6.40,-4.82,0.54,0.06,-0.18,417,355,349,386,327
6.65,5.89,-5.04,0.69,0.09,-0.22,416,356,349,386,327
6.34,5.30,-5.33,0.74,0.16,-0.13,417,356,350,386,327
7.22,4.99,-5.43,0.82,0.18,-0.22,416,356,351,388,327
7.62,4.33,-5.73,0.95,0.30,0.04,416,357,352,390,326
6.11,2.69,-5.77,0.95,0.28,-0.09,416,357,353,392,326
6.92,2.78,-5.79,0.99,0.27,-0.12,417,358,356,394,326
6.55,3.49,-6.04,1.14,0.43,-0.00,417,358,357,396,325
11.69,-8.43,-1.09,1.58,0.63,0.34,447,373,363,393,323
9.37,0.97,-7.19,0.09,-0.01,-0.37,444,372,362,393,321
7.41,0.10,-5.90,0.06,0.02,0.19,443,371,362,393,321
7.87,0.79,-5.65,0.06,0.00,-0.04,442,370,361,393,321
7.90,0.70,-5.96,0.02,-0.01,0.00,442,370,361,393,321
8.03,0.37,-6.09,0.02,-0.00,-0.02,442,370,361,393,321
7.72,0.54,-6.17,0.04,-0.02,0.00,441,370,361,393,321
8.02,0.52,-6.29,0.03,0.01,-0.03,441,370,361,393,321
7.76,0.41,-6.04,0.03,0.01,-0.05,441,370,361,393,321
7.85,0.45,-6.06,0.05,0.02,-0.06,441,370,361,393,320
7.86,0.45,-5.79,0.01,0.01,-0.04,441,370,361,394,321
7.52,0.34,-6.02,0.02,0.01,-0.03,441,370,361,394,321
7.97,0.50,-5.92,0.02,-0.00,-0.06,441,370,361,394,321
7.90,0.57,-5.94,0.02,-0.00,-0.03,441,371,361,394,321
8.33,0.61,-5.98,0.02,0.00,-0.04,441,371,362,394,321
7.90,0.32,-5.81,0.02,0.00,-0.03,441,371,362,394,321
7.95,0.51,-6.19,0.02,0.01,-0.03,441,371,362,394,321
7.71,0.50,-5.86,0.01,0.01,-0.03,442,371,362,394,321
7.92,0.45,-5.99,-0.00,0.00,-0.03,443,372,363,395,321
END
7.87,0.22,-5.97,-0.06,0.00,-0.01,411,353,350,383,326
8.03,5.82,-3.50,0.31,0.02,-0.07,411,353,350,383,326
7.51,5.73,-3.61,0.31,0.04,-0.08,411,353,350,383,326
7.93,5.21,-3.84,0.36,0.02,-0.14,411,353,350,383,326
7.38,5.30,-3.84,0.38,0.04,-0.13,411,353,350,383,326
7.49,5.57,-3.85,0.40,0.07,-0.07,411,353,350,383,326
7.33,5.63,-4.11,0.48,0.05,-0.07,411,353,350,384,326
6.81,5.90,-4.42,0.57,0.06,-0.16,411,353,350,384,326
7.21,5.18,-4.63,0.67,0.13,-0.37,411,353,351,384,325
7.24,5.03,-5.05,0.79,0.26,0.01,410,353,352,386,323
6.96,4.71,-5.10,0.91,0.25,-0.23,411,353,353,386,323
7.87,4.46,-5.47,0.92,0.17,-0.23,411,353,353,387,322
8.33,2.90,-5.19,0.96,0.29,-0.14,410,353,353,388,322
7.89,1.49,-4.75,1.01,0.15,-0.06,409,352,353,387,322
8.30,0.55,-4.47,0.68,0.02,0.04,409,352,353,387,322
7.90,0.62,-5.58,0.30,-0.08,0.20,409,352,354,389,322
7.64,2.53,-6.49,0.33,-0.00,0.04,410,354,357,390,322
7.06,5.59,-8.63,1.54,0.58,0.28,413,351,354,389,321
3.61,-3.33,-1.64,0.17,0.02,0.50,426,359,359,391,320
6.91,-0.29,-6.61,0.34,0.12,0.14,420,355,357,392,320
7.44,-1.06,-5.04,0.11,-0.11,-0.21,426,361,361,399,320
8.75,-0.67,-5.59,0.04,-0.10,-0.18,432,367,363,401,320
7.73,-0.34,-6.18,0.06,-0.07,-0.08,437,373,367,405,320
8.26,-0.65,-5.53,0.06,-0.05,-0.15,445,380,370,409,320
8.59,-0.11,-6.07,0.04,-0.01,-0.07,446,381,370,408,320
7.88,-0.26,-6.10,0.05,0.01,-0.02,446,381,370,408,320
8.01,-0.33,-5.61,0.04,-0.01,-0.05,446,381,370,408,320
7.87,-0.27,-5.76,0.02,-0.02,-0.07,446,381,370,407,320
8.28,-0.36,-5.46,0.01,-0.02,-0.02,447,382,370,408,320
8.11,-0.32,-6.04,-0.01,-0.01,-0.01,447,382,370,407,320
7.65,-0.49,-5.92,-0.00,0.01,-0.02,446,381,370,407,320
7.80,-0.43,-5.86,0.03,0.00,-0.04,445,380,370,406,320
7.90,-0.32,-5.98,0.04,0.01,-0.03,445,380,370,406,320
7.80,-0.44,-5.68,0.02,-0.00,-0.05,445,380,369,406,320
END