0.09,-4.72,-7.90,-0.68,1.02,-1.23,352,319,305,345,340
1.90,-3.15,-8.39,-1.63,0.56,-1.55,349,318,305,345,338
6.18,5.20,-14.02,-1.55,-0.57,-0.43,347,318,305,344,340
1.36,-1.44,-8.13,2.50,-0.29,0.63,347,317,305,344,342
-9.98,-9.33,-2.15,0.75,-0.39,1.14,354,318,306,345,347
-4.49,-9.78,-6.33,-1.71,0.85,-1.18,351,317,305,344,342
5.69,3.12,-10.79,-1.89,0.16,-0.91,349,316,304,344,341
3.37,5.27,-12.48,1.03,-0.47,0.47,347,315,304,342,341
-4.36,-6.72,-6.88,2.24,-0.04,0.74,347,316,304,343,340
-8.15,-10.40,-1.92,-0.37,-0.61,0.71,356,318,304,345,341
-1.38,-6.78,-7.00,-1.55,0.68,-1.30,353,319,304,345,340
3.12,7.09,-12.07,-2.51,0.04,-0.87,349,318,305,344,342
3.63,5.69,-12.28,2.12,-0.06,0.43,348,317,304,345,343
-2.79,-8.39,-5.90,2.50,0.19,1.08,349,317,304,344,339
-9.17,-12.35,-3.33,-1.28,-0.74,0.60,357,320,305,347,340
-0.95,-4.28,-7.86,-1.30,0.77,-1.39,352,319,305,346,339
3.99,7.65,-12.48,-2.40,0.09,-0.69,349,318,305,346,341
3.24,5.77,-11.55,2.41,-0.30,0.73,348,317,304,346,342
-2.02,-10.60,-3.45,1.84,-0.27,1.23,355,318,305,346,340
-9.15,-10.27,-6.54,-1.18,-0.02,-0.17,356,320,307,346,345
2.13,-0.70,-7.90,-0.74,1.02,-1.40,351,319,305,345,341
5.22,5.33,-13.41,-0.77,-0.23,-0.11,348,317,304,344,341
0.83,0.16,-9.32,2.50,0.21,0.27,348,317,304,344,340
-3.28,-10.95,-3.91,1.20,-0.43,1.38,354,318,305,344,340
-4.90,-8.54,-6.81,-1.18,0.32,-0.35,354,319,305,345,341
1.87,1.34,-8.85,-2.50,0.57,-1.71,351,318,305,344,341
4.58,7.28,-12.67,-0.40,-0.21,-0.17,348,318,305,344,343
0.72,0.44,-8.96,2.50,0.06,0.63,348,318,305,345,341
-4.48,-10.44,-3.68,0.57,-0.89,1.42,357,319,308,347,343
-5.27,-8.41,-7.60,-1.03,0.47,-0.70,355,320,308,346,343
2.53,3.17,-10.34,-2.38,0.53,-1.12,351,319,306,345,343
4.57,6.59,-12.39,0.61,-0.34,0.14,348,318,307,345,343
-0.45,-3.50,-7.87,2.50,-0.12,0.57,349,318,306,345,342
END
-6.25,-10.77,-3.30,-0.88,-0.92,1.32,348,317,305,345,341
-4.44,-7.81,-4.42,1.90,-0.30,1.44,352,318,305,346,340
-7.78,-10.15,-4.19,-1.34,-0.04,-0.31,354,319,306,347,341
0.84,-2.00,-8.09,-2.07,0.71,-1.87,351,318,305,346,339
5.53,5.38,-12.30,-1.87,-0.08,-0.44,350,318,304,345,342
3.51,4.64,-11.25,2.48,-0.28,1.19,348,317,304,345,341
-2.23,-7.85,-6.09,2.28,-0.31,1.48,351,317,304,345,339
-7.46,-10.45,-4.59,-1.34,-0.53,-0.00,354,319,305,347,341
-0.79,-3.41,-8.16,-1.46,0.89,-1.63,352,319,305,346,340
4.97,5.99,-10.77,-2.51,0.05,-1.10,350,318,305,347,342
4.68,4.47,-10.49,1.66,-0.02,0.28,349,318,304,348,342
0.02,-5.57,-7.69,2.47,-0.25,1.69,348,317,304,347,340
-7.04,-8.61,-4.05,1.55,-0.66,1.16,352,318,304,348,342
-4.62,-7.42,-5.02,-1.52,0.35,-0.97,353,318,304,348,341
2.53,2.12,-10.44,-2.39,0.66,-1.78,352,317,303,346,340
6.75,3.98,-13.41,1.20,-0.45,0.63,350,316,303,344,339
0.87,-6.70,-6.80,2.37,-0.12,1.87,351,316,303,346,339
-9.20,-9.53,-3.25,-1.41,-0.56,0.17,354,319,303,348,341
-0.66,-2.93,-9.07,-1.68,0.92,-1.97,352,318,302,346,339
4.84,6.19,-12.02,-2.14,0.18,-0.56,350,318,302,346,340
3.43,2.10,-9.53,2.50,-0.26,1.41,349,318,302,347,340
-4.83,-8.47,-4.49,1.66,-0.30,1.66,355,321,302,347,340
-5.62,-7.38,-8.29,-1.94,0.33,-0.98,354,323,303,348,341
4.62,2.40,-10.04,-1.98,0.47,-1.67,351,321,303,347,340
6.10,4.51,-13.80,2.03,-0.39,0.90,349,320,303,347,342
-3.55,-6.19,-6.30,2.43,-0.07,1.38,353,321,303,347,341
-8.59,-10.78,-3.91,-1.57,-0.37,-0.20,354,322,304,347,341
2.22,-1.96,-9.11,-1.53,0.75,-1.61,352,321,304,346,341
4.19,5.78,-13.55,-0.76,-0.27,-0.48,350,320,304,345,342
0.66,-0.70,-9.13,2.50,-0.36,0.55,350,320,303,345,343
-7.13,-10.11,-1.74,0.62,-0.59,1.26,357,322,304,345,345
-3.90,-5.55,-8.88,-1.79,0.93,-1.03,354,322,304,345,343
4.36,6.05,-10.56,-2.43,0.47,-1.28,351,321,303,345,343
END
4.95,5.05,-12.17,2.47,-0.50,1.19,355,322,307,348,343
3.29,1.87,-9.12,-2.03,0.76,-1.84,352,320,306,347,342
5.26,5.81,-13.47,-1.26,0.02,-0.01,350,320,305,347,343
1.75,0.44,-9.06,2.50,0.13,0.87,350,320,305,347,341
-3.22,-8.20,-5.48,1.68,-0.33,1.24,354,321,306,348,341
-7.16,-10.15,-4.80,-1.44,-0.17,-0.23,356,323,307,349,342
0.95,-0.64,-8.81,-1.55,0.67,-2.18,352,321,305,347,341
4.39,6.40,-11.82,-2.33,0.47,-1.54,350,319,304,345,341
5.28,4.76,-10.75,2.48,0.17,1.00,349,318,303,345,339
2.21,-7.08,-8.15,2.06,-0.16,2.04,349,318,304,345,338
-5.76,-8.96,-3.68,0.14,-0.74,1.10,355,321,304,347,342
-4.57,-6.56,-7.52,-1.80,0.51,-1.30,354,321,304,346,340
4.97,3.45,-10.62,-2.51,0.63,-2.11,351,319,304,345,340
7.60,5.64,-11.87,1.65,-0.48,1.13,349,318,304,346,342
-0.41,-6.08,-7.31,2.49,-0.16,2.03,349,320,304,346,340
-8.00,-8.43,-2.98,-1.05,-0.71,0.21,355,323,305,348,342
-1.64,-4.78,-9.14,-1.03,0.96,-1.93,352,321,304,347,340
4.06,4.03,-10.77,-2.23,0.39,-1.87,349,320,304,346,340
8.03,3.86,-12.17,1.74,-0.20,1.28,349,319,303,346,340
0.98,-5.41,-7.70,2.50,0.18,2.50,347,319,303,346,338
-6.94,-8.01,-3.73,0.68,-0.57,0.95,352,320,303,347,338
-2.92,-7.22,-6.79,-1.67,0.22,-1.23,351,320,304,346,338
2.51,2.03,-9.22,-2.49,0.47,-2.18,349,319,303,345,339
6.22,4.54,-12.15,-0.37,-0.09,-0.37,349,319,303,346,340
1.72,-4.26,-8.27,2.49,0.11,2.10,350,319,304,346,339
-11.14,-6.98,-3.04,-2.01,0.17,-0.60,353,321,305,347,339
5.19,0.57,-11.80,-0.43,0.30,-1.27,350,319,304,346,340
5.13,1.67,-10.52,2.39,-0.18,1.12,349,319,304,347,340
-3.70,-5.97,-6.49,1.72,-0.43,1.20,351,320,304,347,340
-7.74,-8.79,-5.10,-1.56,0.06,-0.75,354,322,305,349,341
0.78,-2.28,-8.38,-1.63,0.73,-2.50,351,320,304,347,339
6.14,4.69,-11.83,-1.72,0.14,-1.15,350,319,304,347,341
3.44,-0.45,-8.54,2.50,-0.25,2.26,348,319,304,347,340
END
-5.63,-7.62,-4.19,1.54,-0.32,1.68,355,323,307,349,342
-4.83,-7.90,-8.79,-2.13,0.25,-0.93,353,323,308,348,341
2.81,0.04,-9.76,-1.41,0.60,-1.51,350,321,306,347,340
4.57,3.22,-13.75,0.08,-0.32,0.38,349,320,306,347,342
-0.89,-4.99,-8.00,2.20,0.13,1.52,350,320,306,346,341
-6.77,-10.14,-2.43,-0.04,-0.71,0.53,355,322,307,347,341
-1.52,-5.78,-8.29,-1.33,0.69,-1.59,352,321,306,346,340
4.69,4.28,-12.61,-2.10,-0.10,-0.43,350,320,305,345,341
1.98,0.15,-9.02,2.50,0.10,0.91,349,321,306,345,341
-5.13,-6.87,-5.28,1.75,-0.25,1.34,354,322,307,346,340
-6.24,-10.27,-6.24,-2.23,-0.17,-0.72,356,324,309,348,341
2.58,-0.53,-8.95,-1.63,0.49,-1.58,353,323,308,346,341
4.50,3.59,-13.48,0.50,-0.36,0.39,351,323,308,346,343
-1.28,-6.26,-7.37,2.40,-0.23,1.46,353,323,308,346,342
-8.49,-10.63,-2.53,-0.74,-0.64,0.37,358,325,310,347,346
-1.44,-2.83,-8.64,-1.72,0.71,-1.34,354,324,309,346,344
4.03,4.34,-12.20,-1.55,0.49,-0.46,350,322,308,345,343
1.87,-0.28,-10.01,2.50,-0.17,0.60,350,322,308,345,343
-4.39,-8.79,-4.29,1.73,-0.17,1.07,355,323,308,347,342
-5.84,-9.16,-7.70,-2.03,0.07,-0.59,355,324,309,347,342
1.59,0.18,-9.09,-1.72,0.68,-1.66,353,323,308,346,341
5.74,5.28,-13.19,0.01,-0.36,0.02,350,322,308,346,343
1.08,-2.99,-7.85,2.50,0.28,0.83,350,321,308,346,342
-5.56,-9.43,-4.04,0.50,-0.51,1.11,355,323,308,348,342
-2.99,-6.10,-8.21,-1.31,0.39,-0.88,353,323,308,348,342
3.24,2.92,-10.14,-2.36,0.35,-1.33,351,322,308,347,342
4.88,5.11,-12.58,1.42,-0.30,0.29,350,320,307,346,343
0.86,-5.72,-7.03,2.40,0.05,1.14,351,321,307,347,342
-4.91,-9.98,-3.45,0.23,-0.65,0.62,355,323,307,348,342
-2.01,-4.39,-8.25,-1.68,0.69,-1.16,353,323,307,347,342
4.33,4.61,-11.16,-2.47,0.39,-1.33,350,321,306,346,342
4.63,6.17,-12.68,2.15,-0.18,0.82,349,321,307,346,343
-0.90,-5.25,-6.92,2.24,-0.16,1.62,351,322,307,346,341
END
-7.82,-10.11,-4.39,-1.08,-0.47,0.03,353,323,309,350,345
-7.34,-9.82,-2.05,0.70,-0.21,0.70,356,324,310,352,344
-3.96,-8.97,-7.60,-1.29,0.67,-1.04,353,324,309,350,343
2.86,2.72,-10.24,-2.51,0.20,-1.08,350,322,308,348,343
3.82,4.72,-12.49,0.54,-0.13,0.14,349,322,308,348,343
0.48,-3.77,-9.14,2.20,-0.26,1.25,352,323,310,352,343
-6.17,-9.49,-3.16,0.66,-0.66,0.74,359,326,313,354,349
-4.52,-7.57,-7.34,-1.52,0.56,-1.06,356,326,313,353,347
2.41,2.84,-10.60,-2.37,0.31,-0.91,352,323,311,351,346
3.68,4.59,-13.37,0.42,-0.31,0.22,350,323,310,350,346
-1.14,-4.04,-8.61,2.45,0.18,0.85,352,323,310,351,345
-5.89,-9.66,-3.40,-0.10,-0.67,0.63,357,324,311,353,344
-2.81,-6.50,-8.53,-1.07,0.60,-1.11,354,324,310,351,344
4.18,3.09,-11.77,-1.89,0.02,-0.67,351,323,310,350,344
2.05,3.09,-11.55,2.15,-0.16,0.55,350,323,310,350,345
-3.37,-6.79,-5.97,2.06,-0.14,1.16,353,323,309,350,343
-7.49,-8.98,-4.37,-0.34,-0.13,0.06,354,323,309,351,343
1.45,-5.34,-8.66,-0.54,0.38,-1.15,351,321,307,349,340
2.17,-0.09,-11.98,-0.61,0.07,-0.18,350,321,306,348,339
0.83,-4.08,-9.52,1.11,-0.11,0.49,350,321,306,347,340
-5.44,-8.88,-3.57,-0.28,-0.41,1.02,354,322,307,350,340
-3.65,-6.49,-8.26,-1.53,0.64,-1.15,353,322,308,350,340
4.75,3.29,-11.87,-1.55,0.10,-0.65,350,321,307,349,340
2.53,2.35,-10.65,2.40,-0.11,0.53,350,321,307,348,341
-3.50,-7.29,-5.76,1.79,-0.30,1.10,353,321,307,349,341
-8.92,-10.93,-3.29,-1.47,-0.08,-0.13,356,324,310,352,342
1.52,-1.31,-8.82,-1.29,0.87,-1.82,352,322,308,349,341
5.11,4.54,-13.69,-0.88,-0.27,-0.02,349,321,308,349,342
2.23,-2.04,-8.74,2.45,0.02,1.10,350,321,308,349,342
-5.53,-8.46,-3.31,1.19,-0.27,1.04,355,323,308,351,342
-5.17,-8.85,-7.83,-1.78,0.50,-1.13,354,324,309,350,341
4.42,1.18,-10.60,-1.67,0.44,-1.22,351,322,308,349,341
4.81,3.27,-13.19,0.98,-0.31,0.45,350,322,308,349,342
END
-1.20,-4.98,-7.43,2.05,-0.10,1.09,352,321,305,348,343
1.55,-0.17,-9.79,2.50,0.29,1.23,352,321,305,348,341
-5.81,-8.04,-3.73,1.34,-0.19,0.85,355,322,306,349,341
-5.28,-9.40,-6.40,-1.37,-0.07,-0.48,356,323,306,349,341
1.51,-0.90,-9.12,-1.82,0.68,-1.78,353,322,306,348,341
5.00,5.69,-13.32,-0.99,-0.33,-0.00,352,321,306,348,342
0.80,-3.28,-7.57,2.50,-0.00,1.14,352,321,306,348,342
-6.04,-9.10,-1.77,0.65,-0.59,0.95,358,323,307,350,342
-3.22,-6.42,-8.66,-1.37,0.60,-1.26,356,323,307,349,342
4.43,2.66,-10.11,-2.23,0.12,-1.16,353,322,306,348,343
4.66,3.57,-12.99,1.71,-0.50,0.61,352,322,307,349,345
-1.62,-6.27,-6.78,1.94,-0.20,1.29,358,322,308,349,345
-5.30,-5.81,-10.14,-2.21,-0.15,-0.64,356,322,309,349,345
3.30,2.66,-10.32,-1.39,0.51,-0.99,353,321,307,348,345
4.22,3.97,-12.63,2.14,-0.36,0.73,352,321,307,348,345
-2.74,-5.38,-6.34,1.92,-0.10,1.11,355,322,307,349,343
-5.96,-9.18,-4.80,-0.66,-0.08,-0.32,356,322,307,349,343
0.42,-3.61,-8.83,-1.11,0.58,-1.63,353,322,307,348,341
4.95,2.05,-12.53,-0.26,-0.56,-0.49,351,321,306,348,343
0.83,-2.47,-9.58,2.09,-0.12,1.86,352,321,307,348,344
-8.10,-7.68,-1.92,0.94,-0.10,1.05,358,323,308,350,346
-2.40,-6.31,-8.26,-2.18,0.31,-1.56,356,323,308,349,350
4.14,4.51,-10.77,-2.51,-0.07,-1.03,355,323,308,348,354
2.89,4.52,-12.58,2.27,-0.46,0.90,353,322,308,348,353
-4.39,-5.32,-6.15,2.46,0.24,1.11,356,324,309,351,349
-7.86,-11.24,-3.84,-1.36,-0.21,-0.27,360,326,313,353,348
0.17,-4.12,-8.51,-1.42,0.61,-1.68,356,326,311,351,347
3.68,4.53,-12.28,-1.41,-0.28,-0.32,353,324,311,350,348
0.89,1.22,-10.10,2.48,0.01,1.15,353,324,310,350,347
-5.60,-7.38,-2.89,1.26,-0.18,1.16,359,325,311,353,346
-4.22,-7.46,-9.16,-1.45,0.18,-1.14,356,325,311,350,346
3.51,1.74,-10.62,-1.47,0.22,-0.96,354,324,310,351,345
3.63,2.50,-13.15,2.07,-0.25,1.12,353,324,310,351,347
END
-4.19,-7.59,-3.83,2.10,-0.11,0.99,353,323,311,350,342
-5.00,-9.21,-3.96,-0.13,-0.49,0.67,357,324,312,354,341
-3.21,-7.54,-8.28,-1.30,0.19,-0.99,355,324,311,351,342
2.46,2.12,-9.65,-2.10,0.27,-1.07,352,323,311,350,343
3.83,4.31,-12.76,0.36,-0.16,0.09,351,322,310,350,344
1.21,-2.80,-9.93,2.22,0.25,0.79,352,323,311,352,342
-2.37,-8.80,-3.75,1.32,-0.37,1.14,358,325,313,353,341
-5.03,-7.74,-8.08,-1.62,0.11,-0.50,357,325,313,353,343
1.69,1.25,-9.53,-2.24,0.31,-1.49,352,323,311,350,343
5.00,4.85,-13.21,0.95,-0.07,0.36,351,322,310,350,344
1.45,-2.62,-7.75,2.19,0.10,0.92,352,322,310,350,342
-4.01,-9.35,-3.57,0.55,-0.53,0.96,357,324,311,352,342
-3.19,-6.95,-8.05,-1.20,0.51,-0.85,355,324,311,351,342
1.85,1.36,-9.53,-1.90,0.67,-2.05,352,323,310,350,341
6.74,4.44,-12.56,-0.00,-0.16,-0.27,352,322,310,350,342
4.39,-1.45,-9.85,2.44,0.14,1.89,351,323,310,352,341
-4.08,-7.07,-4.65,1.23,-0.53,1.94,356,323,310,352,341
-4.91,-5.54,-8.76,-1.86,0.15,-1.01,354,323,310,351,342
4.42,1.17,-10.54,-1.39,0.48,-1.38,352,322,309,349,341
4.55,2.62,-12.12,1.68,-0.19,0.93,351,321,309,349,342
-1.65,-6.81,-6.02,1.15,-0.32,1.31,355,322,309,350,341
-6.38,-7.31,-7.82,-2.13,0.04,-0.62,355,322,310,351,343
2.43,1.93,-9.74,-1.55,0.72,-1.59,352,321,309,348,342
6.70,5.10,-12.30,0.88,-0.39,0.41,351,321,308,349,343
-0.07,-5.51,-7.61,2.49,0.02,1.23,352,321,308,350,341
-7.75,-9.99,-2.63,-1.00,-0.75,0.34,356,323,309,353,343
-2.18,-4.27,-9.20,-1.29,0.90,-1.51,353,322,308,349,342
5.61,4.40,-12.81,-1.13,-0.01,-0.77,350,320,308,349,342
5.23,-1.28,-7.88,2.49,0.07,1.47,350,320,308,349,342
-6.17,-7.13,-3.73,1.68,-0.23,1.45,355,322,308,351,342
-6.27,-8.77,-6.38,-2.16,0.07,-0.93,355,323,309,352,343
1.79,-0.22,-9.58,-1.91,0.60,-1.94,352,322,308,350,342
5.51,4.43,-13.45,0.26,-0.43,0.40,351,321,308,350,344
END
0.45,-4.62,-7.62,2.50,0.08,1.46,348,322,311,349,343
-4.26,-6.42,-5.09,1.68,-0.16,1.01,354,323,311,351,343
-6.11,-8.97,-6.36,-1.57,0.20,-0.44,355,325,313,352,343
2.00,-1.69,-9.14,-1.26,0.71,-1.52,352,324,312,350,342
5.15,3.01,-13.38,-0.20,-0.27,0.05,350,323,311,351,342
0.29,-2.23,-9.20,1.92,0.27,1.30,352,324,311,350,342
-3.47,-7.81,-4.27,0.23,-0.19,0.59,356,326,313,351,341
-1.28,-7.51,-9.11,-1.66,0.13,-1.03,353,325,313,351,341
4.08,0.94,-11.25,-1.79,-0.06,-0.71,350,323,311,349,342
1.46,3.75,-9.93,2.19,-0.23,1.05,350,323,311,349,343
-4.52,-6.77,-4.45,1.77,-0.05,0.77,355,324,312,351,343
-5.02,-9.81,-6.65,-2.13,0.07,-0.66,354,325,312,352,342
2.58,-0.84,-9.35,-1.70,0.46,-1.33,352,323,311,350,342
4.37,4.72,-13.89,0.66,-0.44,0.42,351,322,310,350,344
0.26,-3.68,-7.02,2.50,-0.06,0.98,353,323,311,350,343
-6.57,-9.93,-2.63,0.97,-0.27,0.47,358,324,311,352,344
-2.03,-8.13,-7.60,-1.43,0.59,-0.87,358,324,311,351,343
6.03,0.85,-12.60,-1.10,-0.33,-0.30,356,324,311,352,343
1.16,0.59,-10.14,1.60,-0.44,0.20,354,324,311,352,344
-5.59,-7.61,-3.71,0.70,-0.60,0.77,359,326,313,352,347
-4.92,-6.24,-8.09,-1.55,0.74,-0.77,357,328,315,352,347
4.73,0.37,-9.20,-1.60,1.01,-1.46,352,324,311,351,343
6.42,3.85,-12.74,1.01,-0.60,0.51,352,323,311,351,344
-0.14,-3.91,-8.12,2.47,-0.19,1.33,355,324,311,351,344
-6.22,-9.28,-3.29,-0.02,-0.29,0.22,359,325,311,352,345
-1.92,-5.74,-8.20,-1.56,0.78,-1.07,356,325,311,351,343
4.16,3.26,-10.69,-2.17,0.29,-0.92,353,323,310,350,343
4.82,3.75,-12.45,1.99,-0.33,0.67,351,323,310,350,345
-2.48,-6.86,-6.26,2.35,-0.19,1.20,356,325,310,351,350
-8.20,-10.07,-4.18,-2.03,-0.28,-0.15,359,329,312,353,351
0.92,-0.94,-9.08,-1.51,0.69,-1.59,354,326,310,350,345
5.05,4.43,-12.76,0.07,0.01,-0.21,351,324,308,350,344
2.22,-3.22,-8.78,2.22,0.04,1.52,353,324,308,351,342
END
-7.98,-9.21,-4.36,-0.52,-0.59,0.91,357,326,313,353,342
-3.48,-6.97,-8.44,-1.31,0.31,-0.88,355,326,313,352,342
2.96,-1.26,-9.15,-1.22,0.54,-1.50,353,326,313,352,341
6.08,2.66,-13.22,0.49,-0.51,0.58,352,325,312,352,343
-1.72,-3.32,-8.40,1.87,-0.05,1.12,354,326,312,352,343
-6.18,-8.13,-4.59,-0.99,-0.28,0.16,357,328,316,354,343
-0.17,-4.06,-8.96,-1.08,0.75,-1.71,354,327,314,352,342
5.89,3.23,-12.20,-1.04,-0.35,-0.20,352,326,313,352,343
0.69,1.34,-10.16,2.05,-0.16,0.79,352,325,313,352,344
-3.83,-6.73,-3.11,0.49,-0.42,1.19,357,326,313,352,347
-2.71,-4.52,-10.01,-1.39,0.60,-1.06,355,325,313,352,347
6.58,3.00,-11.02,-1.37,0.24,-0.72,353,325,313,352,346
2.26,3.05,-11.08,2.24,-0.29,0.81,352,324,313,352,346
-2.68,-5.97,-6.39,1.62,-0.14,0.89,355,326,313,352,345
-5.58,-7.67,-7.01,-1.48,0.26,-0.38,356,328,317,353,345
2.28,-1.97,-9.10,-0.94,0.68,-1.74,354,328,317,352,344
6.32,3.45,-12.81,-0.37,-0.30,0.17,353,327,316,352,344
1.23,-1.21,-9.39,2.19,-0.03,1.19,353,327,316,352,343
-3.91,-6.89,-3.74,0.36,-0.45,0.76,358,329,319,353,344
-2.48,-7.21,-8.91,-1.27,0.42,-1.03,355,328,318,352,344
4.47,0.26,-10.26,-1.59,0.25,-0.82,354,327,316,351,343
5.08,3.71,-12.87,1.67,-0.51,0.72,352,326,315,351,344
-2.14,-4.91,-7.37,2.04,-0.22,1.03,354,326,315,352,344
-7.19,-8.90,-4.31,-1.08,-0.32,0.29,356,326,315,352,345
0.11,-3.04,-9.01,-1.43,0.85,-1.39,352,325,314,351,343
5.79,4.72,-12.21,-1.21,-0.27,-0.34,351,324,313,351,344
1.13,0.46,-10.23,2.50,-0.17,1.05,351,323,313,351,344
-5.29,-6.98,-3.17,0.84,-0.35,0.89,355,325,313,352,344
-4.26,-7.24,-9.30,-1.82,0.29,-0.70,353,326,314,351,343
4.34,0.14,-10.16,-1.22,0.76,-1.48,351,324,313,351,342
6.13,1.56,-13.09,2.25,0.22,0.41,351,324,312,352,341
-1.05,-3.07,-7.09,1.25,-0.24,1.62,357,327,315,355,340
-6.31,-6.98,-7.54,-2.51,-0.43,-0.35,356,328,318,355,342
END
3.27,0.29,-10.15,-1.15,0.95,-1.15,351,323,312,352,346
7.77,4.34,-13.95,-1.46,-0.16,-0.22,351,322,312,354,346
0.42,1.57,-10.42,2.50,-0.64,0.75,351,322,311,353,347
-6.37,-5.44,-4.17,1.72,-0.54,0.73,354,324,312,353,351
-6.15,-6.93,-9.12,-2.20,0.54,-0.54,354,325,314,353,349
4.31,0.16,-10.02,-1.64,0.61,-1.28,352,324,313,353,348
2.62,3.35,-12.53,1.24,-0.68,0.54,350,322,312,353,349
-4.85,-3.57,-6.63,2.39,-0.18,0.66,353,323,312,353,352
-7.37,-7.49,-5.84,-1.69,0.34,-0.20,355,324,312,353,353
2.27,-2.97,-9.27,-0.87,1.12,-1.69,352,323,311,352,349
5.61,3.76,-15.05,-0.60,-0.64,0.62,351,323,310,352,351
-2.30,-2.20,-7.97,2.50,-0.09,1.18,351,323,310,351,352
-7.27,-7.77,-2.85,-0.14,-0.26,0.30,355,325,311,353,352
-1.46,-6.10,-9.30,-1.66,1.05,-0.98,353,324,310,352,346
5.50,3.05,-11.57,-2.23,-0.00,-0.60,351,323,309,352,345
2.15,3.11,-11.24,2.45,-0.51,0.71,351,322,309,351,346
-4.57,-6.14,-4.42,1.52,-0.32,0.75,355,324,310,352,347
-5.66,-7.52,-8.20,-2.39,0.27,-0.49,354,325,311,352,347
3.88,-0.47,-9.53,-1.51,0.75,-1.33,352,324,310,352,345
4.91,4.81,-14.03,0.30,-0.45,0.15,350,323,310,352,346
-1.13,-3.11,-7.59,2.50,-0.22,0.65,353,324,310,352,347
-9.53,-8.02,-4.61,-2.39,-0.64,0.59,358,326,314,355,349
-0.06,-3.27,-9.56,-1.26,0.96,-1.12,354,325,312,352,347
4.38,4.88,-13.29,-0.46,-0.18,-0.06,351,323,312,352,348
0.80,0.01,-9.59,2.50,-0.22,0.41,352,324,311,352,348
-4.80,-7.15,-3.75,1.49,-0.35,0.62,356,325,312,353,349
-5.56,-6.86,-8.68,-2.35,0.62,-0.45,354,325,312,353,347
4.21,0.82,-9.43,-2.02,0.81,-1.52,352,323,311,352,346
5.81,5.30,-13.95,1.39,-0.61,0.33,350,322,310,352,347
-0.53,-2.73,-8.16,2.49,-0.51,0.90,352,324,311,353,348
-8.81,-7.76,-3.23,-0.77,-0.91,0.67,358,327,315,354,355
-2.11,-4.59,-9.45,-1.68,1.08,-0.72,355,326,314,352,351
4.51,4.77,-10.42,-1.92,0.67,-0.67,352,324,313,352,349
END
4.36,5.92,-12.12,2.09,-0.57,0.25,352,322,310,352,345
-9.48,-8.33,-3.35,-1.04,-0.32,0.29,357,325,312,355,347
-1.78,-5.51,-9.32,-0.95,0.98,-1.26,354,324,311,353,344
7.02,2.22,-11.56,-1.13,0.01,-0.85,351,323,310,353,343
3.35,-1.11,-9.99,2.37,-0.02,1.33,351,323,310,352,344
-6.04,-6.20,-4.11,1.73,0.08,1.17,355,324,310,353,344
-3.96,-8.87,-6.51,-2.06,0.07,-0.87,354,324,311,353,344
3.40,-1.43,-9.22,-1.65,0.72,-1.69,352,323,310,352,342
7.57,4.32,-14.17,0.02,-0.70,0.60,351,322,309,352,344
0.73,-1.84,-9.13,2.50,-0.19,1.25,351,322,309,352,344
-6.12,-7.28,-2.43,0.14,-0.50,0.74,356,324,311,353,345
-1.03,-5.54,-8.81,-1.37,0.86,-1.07,353,324,310,352,344
7.34,3.35,-11.90,-2.04,0.04,-0.87,351,322,309,352,344
3.22,2.96,-12.33,2.31,-0.59,0.94,350,322,309,352,345
-4.56,-6.22,-3.57,1.25,-0.41,1.09,355,323,310,352,345
-6.22,-7.54,-8.28,-1.85,0.57,-0.68,353,323,310,352,345
3.88,2.12,-8.98,-2.02,1.54,-1.64,352,322,308,350,342
8.10,4.80,-12.29,0.08,0.37,0.15,351,319,306,350,340
1.44,-2.18,-9.06,2.50,-0.38,1.23,350,319,306,350,339
0.02,-9.31,-4.35,1.02,-0.67,0.51,353,321,306,351,339
-4.49,-6.39,-7.07,-1.75,-0.17,-0.06,353,322,306,350,341
2.57,0.93,-10.17,-1.35,0.67,-1.12,350,321,306,350,341
5.97,3.25,-12.04,0.94,-0.36,0.07,349,320,306,350,341
0.14,-5.56,-7.62,2.04,-0.18,0.90,351,322,307,351,341
-6.32,-8.89,-4.87,-1.35,-0.48,0.48,355,325,309,352,342
-0.58,-3.62,-8.26,-1.20,0.85,-1.35,352,324,309,351,342
6.20,3.22,-11.90,-1.07,-0.14,-0.31,350,324,309,354,343
2.90,0.32,-9.81,2.48,-0.05,0.81,350,325,310,356,344
-4.24,-5.99,-5.56,1.57,-0.21,0.89,355,326,312,355,343
-5.65,-8.90,-6.34,-1.61,0.05,-0.39,356,326,314,353,344
2.99,-1.51,-9.22,-1.07,0.90,-1.73,352,322,311,351,343
7.02,4.95,-14.25,-0.09,-0.38,-0.14,350,321,310,351,344
0.82,-2.20,-8.56,2.42,-0.03,1.09,350,321,310,350,343
END
-4.54,-8.18,-3.28,-0.31,-0.86,0.61,356,325,312,354,348
-1.23,-2.35,-8.65,-1.11,1.09,-1.20,353,325,312,353,347
5.12,7.00,-12.66,-1.80,-0.02,-0.41,349,323,310,352,349
2.05,3.92,-10.97,2.44,-0.32,0.41,350,322,310,352,348
-4.57,-7.54,-3.44,0.91,-0.73,1.44,356,324,311,353,348
-6.78,-6.35,-9.28,-1.72,0.74,-0.74,354,324,311,352,348
5.71,6.97,-11.15,-2.40,0.49,-1.10,350,322,310,352,348
3.17,6.12,-11.73,2.41,-0.41,0.44,349,321,311,352,349
-3.80,-6.63,-4.17,0.97,-0.65,1.53,357,323,310,352,348
-7.14,-6.96,-9.29,-1.59,0.39,-0.44,355,324,311,353,348
3.44,2.50,-9.30,-2.05,0.86,-1.61,351,323,310,352,347
4.72,5.97,-12.63,1.37,-0.47,0.34,349,321,310,352,349
-1.28,-5.10,-5.79,2.47,-0.10,0.90,352,322,310,352,347
-9.00,-6.70,-8.00,-2.01,0.01,-0.06,353,324,311,353,348
0.47,-0.02,-8.90,-1.73,1.10,-1.73,350,323,310,352,346
6.37,6.81,-13.24,-0.51,-0.58,0.34,348,321,309,352,347
-0.60,-0.21,-8.87,2.50,-0.20,0.89,349,321,309,352,346
-7.95,-8.20,-3.31,-0.47,-0.74,0.95,355,324,310,353,347
-2.84,-3.64,-9.25,-1.28,1.03,-1.03,352,323,310,352,346
5.41,5.61,-11.22,-1.71,0.15,-0.75,349,322,309,352,347
1.55,3.34,-11.31,2.45,-0.32,0.76,349,321,309,352,347
-4.31,-6.58,-4.34,1.06,-0.54,1.04,355,324,310,353,346
-5.79,-6.87,-8.52,-1.43,0.39,-0.53,354,325,311,353,347
2.14,0.84,-9.68,-1.57,0.87,-1.38,351,324,310,352,345
4.45,5.15,-12.86,0.38,-0.23,0.05,350,324,310,352,346
0.35,-1.48,-9.11,2.47,0.01,0.54,351,323,310,352,345
-5.65,-6.92,-5.81,-1.04,-0.34,0.70,353,324,311,353,347
-0.47,-2.00,-9.71,-0.99,0.47,-1.17,352,324,311,352,349
3.96,4.37,-12.80,-1.11,-0.03,-0.03,350,323,310,351,351
1.39,1.58,-10.53,2.43,-0.03,0.37,350,323,309,351,348
-2.61,-8.29,-5.15,1.57,-0.17,0.69,353,323,308,351,344
-5.08,-7.78,-7.66,-1.79,0.16,-0.24,353,324,309,351,345
2.48,1.41,-10.01,-1.69,0.44,-1.23,350,323,309,350,344
END
4.19,5.26,-13.18,0.53,-0.41,0.31,350,324,311,351,345
-3.88,-6.91,-4.78,0.66,-0.62,1.14,354,326,314,352,345
-4.49,-7.24,-8.31,-1.12,0.25,-0.47,352,327,315,352,346
1.72,1.26,-10.67,-1.47,0.67,-0.79,350,325,313,351,345
3.99,3.81,-12.56,0.80,-0.12,-0.18,349,324,312,350,344
0.72,-4.26,-7.40,2.42,0.04,0.41,351,325,311,350,343
-5.23,-8.79,-4.85,-0.45,-0.28,0.58,354,326,312,351,343
-1.37,-4.36,-8.28,-1.41,0.55,-0.91,352,325,312,351,343
3.64,3.55,-11.85,-1.17,-0.00,-0.67,350,324,311,350,343
2.33,2.41,-11.33,2.37,0.03,0.42,350,324,311,350,343
-2.29,-6.68,-6.39,1.55,-0.29,0.98,353,324,311,351,343
-6.80,-8.28,-6.06,-1.40,0.14,-0.24,353,325,312,352,344
3.65,0.80,-10.81,-1.23,0.44,-0.97,350,325,311,351,343
3.87,2.02,-12.28,1.27,-0.29,0.33,350,324,311,351,344
-2.92,-5.31,-7.05,1.50,-0.12,0.80,353,324,311,352,343
-6.43,-8.56,-5.26,-1.22,-0.08,-0.14,354,326,313,353,344
2.83,-1.09,-9.68,-1.41,0.71,-1.27,351,325,311,352,343
5.01,3.79,-13.44,-0.04,-0.39,0.31,350,324,311,352,344
0.25,-3.42,-7.77,2.45,0.10,0.54,351,324,311,353,343
-5.65,-9.07,-4.16,-0.68,-0.51,0.45,354,325,312,355,344
-0.57,-5.71,-8.37,-1.13,0.64,-0.99,352,325,312,354,343
4.54,3.07,-12.68,-0.70,-0.23,-0.16,350,324,312,353,343
1.08,0.16,-10.21,2.07,-0.03,0.36,350,324,312,352,344
-3.50,-7.05,-4.92,0.80,-0.33,0.79,354,325,313,355,344
-3.60,-7.15,-8.23,-1.39,0.40,-0.62,352,325,313,355,343
3.82,1.49,-11.23,-1.50,0.28,-0.94,350,325,312,354,344
2.77,2.48,-11.39,1.40,-0.14,0.29,350,325,312,354,344
-1.22,-5.24,-7.59,1.52,-0.11,0.77,352,325,312,354,344
-5.99,-8.43,-6.34,-1.41,0.12,0.02,353,325,313,355,344
1.36,-1.87,-9.80,-1.35,0.56,-1.14,351,325,312,354,344
4.52,3.88,-13.02,0.10,-0.33,-0.13,349,324,312,353,345
-0.37,-2.65,-8.47,2.50,0.06,0.56,350,324,312,353,344
-4.84,-8.60,-4.52,-0.35,-0.44,0.69,354,325,313,355,344
END
-0.88,-5.26,-8.56,-1.10,0.51,-1.07,349,319,305,348,340
0.32,-4.59,-7.98,2.18,0.19,0.86,349,320,305,348,340
-6.48,-8.18,-4.67,-1.30,-0.29,0.40,351,320,306,349,341
-0.78,-3.73,-8.97,-1.03,0.50,-1.19,350,320,306,348,340
5.16,1.19,-12.53,-0.35,-0.14,-0.22,349,319,305,348,340
0.68,-4.07,-8.50,2.25,0.12,0.72,349,319,305,348,341
-4.77,-8.83,-4.24,-0.04,-0.30,0.62,351,319,305,348,341
-1.41,-5.45,-8.38,-1.02,0.47,-0.98,350,317,305,347,340
5.19,0.57,-11.55,-0.80,-0.20,-0.25,349,316,304,346,341
-1.03,-2.41,-9.38,1.59,-0.27,0.57,349,317,304,346,342
-6.26,-7.21,-4.97,-0.95,-0.36,0.64,350,317,305,346,343
-1.23,-3.47,-9.31,-1.08,0.43,-0.82,350,317,305,346,342
4.08,2.86,-12.56,-0.67,-0.08,-0.31,349,317,305,346,344
-0.73,-2.16,-9.11,2.28,-0.02,0.31,349,317,305,346,344
-4.78,-8.34,-4.28,0.49,-0.29,0.62,351,317,305,346,344
-2.51,-6.61,-8.20,-1.37,0.44,-0.68,351,317,305,346,343
3.04,1.27,-11.21,-1.43,0.10,-0.67,349,317,305,346,343
2.05,2.48,-11.90,1.42,-0.22,0.30,349,317,305,346,344
-2.71,-5.83,-6.53,1.59,-0.21,0.61,351,319,305,346,345
-7.93,-8.95,-4.42,-0.71,-0.14,0.50,354,321,307,347,346
-0.17,-4.16,-8.57,-1.36,0.91,-0.97,351,321,307,347,343
4.54,4.12,-12.92,-1.64,0.05,-0.55,350,321,307,348,344
2.52,2.76,-11.48,2.09,-0.36,0.58,349,320,307,348,345
-2.61,-5.67,-6.09,1.73,-0.57,0.64,352,321,307,348,351
-7.36,-9.57,-2.56,-0.87,-0.10,0.25,354,323,308,349,352
-2.31,-4.66,-8.66,-1.35,1.36,-0.75,352,323,308,349,346
5.56,1.90,-10.45,-2.17,0.59,-0.99,351,321,308,351,343
6.12,5.30,-12.69,-0.05,-0.36,0.26,350,321,307,351,345
2.05,2.46,-10.29,2.35,-0.70,0.62,350,321,308,352,344
-2.59,-6.13,-6.71,1.48,-0.98,0.40,352,322,308,352,344
-9.19,-9.79,-3.14,0.27,-0.28,0.71,354,323,309,352,350
-2.13,-5.80,-6.74,-1.31,0.99,-0.42,352,323,309,352,347
3.30,2.27,-10.85,-2.51,0.49,-0.56,350,323,309,351,346
END
3.63,6.71,-11.36,-0.70,0.13,-0.33,351,324,309,351,346
3.28,3.93,-10.85,2.09,-0.14,-0.74,350,324,309,351,344
2.88,-5.72,-7.93,2.48,-0.33,-0.19,351,325,309,351,343
-4.41,-11.71,-3.98,1.36,-0.69,0.91,354,326,309,351,343
-6.51,-11.43,-4.03,-0.59,0.33,-0.10,353,327,309,351,343
1.91,-6.09,-7.47,-1.46,0.50,-0.17,352,327,309,351,342
1.74,-1.21,-9.58,-1.33,0.49,0.42,351,326,309,351,343
2.82,3.00,-10.90,-1.06,0.06,0.30,351,326,309,351,345
1.85,4.21,-10.39,0.00,-0.07,0.06,351,326,309,350,345
1.04,3.19,-10.19,0.82,-0.08,-0.44,350,325,309,351,344
2.18,-2.29,-9.39,1.44,-0.22,-0.68,350,325,309,350,343
-0.09,-7.21,-8.15,0.92,-0.63,-0.23,351,325,309,351,343
-4.29,-8.52,-6.27,0.52,-0.44,0.16,352,325,309,351,345
-4.57,-7.93,-5.57,-0.35,0.28,0.11,352,325,309,351,345
-1.06,-4.29,-7.99,-1.11,1.03,-0.43,350,324,308,350,343
3.78,0.54,-10.34,-2.12,0.32,-0.69,350,322,308,349,342
4.90,3.87,-10.93,-0.25,0.29,0.03,350,322,307,349,342
4.23,2.93,-11.47,0.65,-0.46,0.07,350,322,308,349,343
1.88,-0.85,-9.42,1.74,-0.52,0.10,350,322,308,349,342
-1.67,-5.00,-7.67,1.50,-0.82,0.41,351,323,308,350,343
-4.35,-6.69,-5.79,0.65,-0.35,-0.08,352,324,308,350,345
-3.29,-9.05,-6.15,0.08,0.31,0.20,352,324,308,350,345
-0.65,-6.67,-6.77,-0.85,0.59,0.18,353,324,309,351,343
1.12,-3.27,-6.54,-2.43,0.36,-0.30,354,324,310,351,343
2.33,3.83,-9.96,-1.97,0.29,0.00,352,324,310,350,346
3.35,7.98,-10.36,-0.05,0.01,0.54,352,324,310,350,347
2.02,6.61,-10.44,1.38,-0.37,-0.15,352,323,309,349,347
0.00,2.24,-9.25,2.50,-0.07,-0.50,350,323,309,350,345
-2.08,-4.01,-6.40,1.51,-0.23,-0.56,350,323,308,350,343
-0.51,-11.62,-6.02,0.92,0.04,0.16,352,324,308,350,341
-1.59,-11.12,-5.88,-0.00,0.49,0.26,352,324,308,350,340
1.44,-7.11,-7.72,-0.86,0.14,0.24,351,324,308,349,340
-0.95,-3.76,-7.67,-1.80,0.10,0.50,352,323,308,350,341
END
0.23,4.37,-9.17,-2.51,-0.08,-0.12,349,323,309,349,340
-0.86,-9.27,-4.95,1.28,-0.31,0.38,351,324,309,350,339
-3.80,-12.89,-4.11,0.08,-0.04,-0.00,352,324,309,350,339
-0.31,-9.73,-5.78,-0.69,0.39,0.07,352,324,309,350,338
0.27,-5.59,-7.16,-1.54,0.52,-0.17,351,323,309,349,338
2.21,-0.56,-8.40,-1.96,0.22,-0.50,351,323,309,349,340
3.55,3.17,-10.73,-1.84,0.14,0.01,351,323,309,349,343
4.12,5.62,-10.56,0.05,-0.09,0.33,351,323,309,349,344
2.86,4.14,-10.70,1.40,-0.35,-0.10,351,322,309,349,343
2.62,-0.61,-9.66,1.89,-0.34,-0.27,351,323,309,350,342
0.98,-4.34,-7.31,1.43,-0.78,-0.12,351,323,309,350,341
-3.39,-9.51,-4.84,1.01,-0.69,0.31,353,323,310,351,343
-6.00,-10.83,-4.64,-0.07,0.33,0.09,353,324,310,351,343
0.19,-6.57,-6.53,-1.42,0.70,-0.36,352,324,310,351,342
1.49,-1.34,-9.34,-2.41,0.56,-0.67,351,323,310,350,342
3.32,3.01,-9.82,-1.89,0.41,-0.40,351,323,310,350,343
4.45,5.73,-10.20,-0.22,-0.01,0.50,351,323,309,351,344
2.76,5.87,-9.96,0.81,-0.20,0.26,350,323,309,351,344
2.29,1.28,-10.33,2.29,-0.40,0.19,350,323,309,351,343
1.06,-1.41,-8.92,1.79,-0.51,0.73,351,324,309,352,342
-0.66,-5.12,-6.86,1.02,-0.76,-0.68,352,326,310,352,342
-2.91,-10.26,-5.07,0.85,-0.55,0.07,355,326,310,352,343
-4.30,-11.03,-4.92,0.04,0.34,0.12,355,327,311,353,342
0.32,-7.98,-6.32,-1.08,0.57,-0.16,353,327,311,352,341
0.72,-2.77,-8.80,-1.94,0.60,-0.19,352,327,311,351,342
2.41,1.06,-9.43,-1.97,0.51,-0.11,352,326,310,351,342
3.85,4.56,-9.97,-0.86,0.16,0.04,352,325,310,350,343
3.68,5.98,-10.69,0.42,-0.10,0.01,351,325,310,351,344
2.07,3.37,-10.05,2.27,-0.29,-0.13,351,325,310,351,343
2.07,-2.51,-8.78,1.90,-0.55,0.06,351,326,310,351,342
-1.51,-9.00,-5.56,0.98,-0.83,0.19,354,327,311,353,344
-4.41,-11.18,-4.98,-0.03,-0.10,-0.23,355,326,312,354,344
-1.14,-8.67,-6.21,-0.77,0.50,0.13,354,327,312,353,343
END
-0.29,-4.73,-7.75,-1.68,0.80,-0.15,350,324,309,350,343
2.61,-1.77,-9.37,1.80,-0.52,-0.25,349,324,309,350,341
1.24,-8.82,-6.77,1.88,-0.57,0.45,351,324,309,351,340
-5.12,-10.45,-4.14,0.33,-0.64,0.60,353,324,309,351,342
-2.73,-8.71,-5.62,-0.86,0.22,-0.32,352,324,309,351,342
-0.80,-3.91,-8.13,-1.64,0.85,-0.17,351,324,309,350,341
2.78,0.47,-10.18,-1.65,0.94,-0.34,350,323,308,351,341
4.50,3.07,-10.39,-0.80,0.45,0.02,350,322,307,350,341
3.78,3.95,-10.25,0.18,-0.00,-0.05,350,322,307,351,341
2.40,2.66,-9.95,1.63,-0.33,-0.19,350,323,307,350,341
2.30,-3.14,-8.84,1.80,-0.32,0.06,349,323,307,351,340
0.85,-5.58,-7.95,1.28,-0.77,0.32,350,324,308,352,340
-2.67,-9.85,-5.57,0.59,-0.50,0.19,351,324,308,352,341
-3.23,-9.68,-5.58,-0.11,0.15,0.01,352,325,309,352,341
0.37,-7.12,-6.61,-0.95,0.47,-0.16,351,325,309,352,340
-0.20,-4.03,-8.07,-1.57,0.53,-0.16,351,326,310,352,341
3.35,0.33,-8.86,-0.88,0.89,-0.82,351,324,309,351,341
5.20,3.90,-11.25,-1.59,-0.11,-0.42,351,323,309,351,342
3.64,5.43,-11.28,0.81,-0.13,0.13,350,323,309,350,342
2.60,2.15,-9.50,1.69,-0.17,0.13,350,323,309,351,341
1.72,-3.40,-8.74,1.59,-0.38,0.26,350,323,309,351,341
-1.23,-8.45,-6.37,1.05,-0.47,0.04,351,324,309,352,340
-2.42,-10.26,-5.82,0.16,-0.18,0.04,352,324,309,352,341
-0.01,-8.26,-6.76,-0.43,0.42,-0.13,351,324,310,352,340
1.09,-6.55,-7.43,-1.32,0.26,0.12,351,325,310,352,340
0.82,-3.01,-8.21,-1.42,0.43,-0.18,351,324,310,351,340
3.61,0.11,-8.95,-1.28,0.25,-0.04,350,324,310,350,342
3.50,3.93,-9.17,-1.29,0.34,-0.39,350,323,309,350,342
2.53,7.70,-9.38,-0.84,0.31,-0.89,350,323,309,349,343
4.52,6.84,-10.10,0.20,0.14,-0.54,349,322,308,349,344
4.72,5.42,-9.66,2.24,-0.14,0.38,349,322,308,349,343
4.76,-3.97,-9.29,2.50,-0.62,0.99,349,322,308,350,341
-4.16,-8.00,-4.85,1.81,-0.97,1.35,353,324,309,351,343
END
-6.64,-10.26,-4.12,-0.37,-0.21,-0.46,352,326,314,353,341
2.52,1.02,-9.08,-2.51,0.16,-0.85,351,323,311,352,344
3.09,4.95,-10.32,-1.94,0.67,0.03,349,322,308,350,343
3.93,7.56,-9.07,0.14,0.46,-0.23,349,321,307,349,343
4.84,5.33,-10.72,2.03,-0.23,0.27,349,322,307,350,342
3.20,-0.26,-10.23,2.49,-0.08,1.07,350,324,308,351,341
0.67,-5.80,-7.05,1.77,-0.86,1.23,351,325,309,351,340
-4.94,-9.02,-4.69,0.39,-0.57,0.23,352,325,310,352,341
-2.70,-8.48,-5.69,-0.35,0.15,-0.06,352,325,310,352,341
-1.19,-5.14,-6.79,-1.68,0.48,-0.28,352,325,310,352,341
2.33,-0.21,-6.55,-2.37,0.62,-1.48,350,323,309,350,341
4.81,5.39,-10.30,-2.20,0.48,-1.53,350,322,308,350,342
4.26,7.44,-10.55,0.31,0.22,0.50,350,322,308,350,343
4.49,3.98,-9.80,2.49,-0.37,0.96,349,322,307,350,342
1.50,-2.81,-9.48,2.41,-0.50,1.11,349,323,308,351,341
-2.73,-6.83,-5.87,1.48,-0.68,0.69,352,325,309,352,341
-5.13,-10.49,-4.64,0.01,-0.39,-0.13,353,325,310,352,342
-1.54,-7.86,-5.60,-0.76,0.45,-0.16,352,326,309,352,341
1.30,-3.65,-8.29,-1.98,0.85,-0.83,351,324,309,351,341
3.42,1.82,-9.76,-2.51,0.28,-1.04,350,323,309,351,342
5.35,6.11,-11.01,-1.30,-0.06,0.30,350,322,308,350,344
3.19,7.62,-9.71,1.48,-0.45,0.54,349,321,308,350,344
1.32,4.07,-9.21,2.36,-0.44,-0.01,349,322,308,350,343
0.82,-1.36,-7.75,1.68,-0.40,-0.58,350,322,308,351,342
-0.07,-10.76,-5.26,1.60,-0.24,0.02,352,323,308,352,342
-2.94,-12.47,-4.87,0.20,-0.09,0.52,355,324,309,354,341
-0.80,-8.60,-6.02,-1.63,0.18,-0.32,353,324,310,353,341
0.85,-0.51,-8.34,-2.08,0.52,-0.26,350,324,310,351,342
2.67,3.68,-9.41,-2.30,0.39,-0.43,350,323,310,351,343
3.78,7.16,-9.48,-1.05,0.25,-0.06,350,323,309,350,345
3.49,8.01,-10.19,0.61,0.12,0.16,350,322,309,350,345
2.94,4.67,-9.76,2.50,-0.05,0.15,350,323,309,351,344
1.97,-3.17,-8.74,2.50,-0.07,0.55,351,324,309,352,341
END
-0.11,-6.11,-6.55,1.85,-0.74,0.81,350,322,308,349,336
3.66,3.49,-10.45,-1.52,-0.06,-0.23,350,321,308,349,338
3.68,4.44,-10.16,0.43,0.16,-0.16,350,322,307,349,339
3.61,1.84,-9.51,1.70,0.21,-0.16,349,321,307,349,338
4.01,-3.04,-8.96,1.69,-0.04,0.23,350,321,307,349,337
1.76,-8.61,-6.59,1.66,-0.43,0.71,350,321,307,349,336
-4.38,-11.98,-3.60,0.28,-0.30,0.55,352,322,308,352,337
-0.98,-9.45,-5.33,-1.12,0.27,-0.36,352,322,309,351,336
2.15,-3.75,-7.79,-2.04,0.33,-0.64,350,322,309,350,337
2.23,3.22,-9.57,-2.51,0.02,-0.76,350,322,308,349,339
4.32,6.50,-10.49,-1.07,0.13,-0.13,350,320,307,349,341
3.91,6.80,-10.08,1.61,0.10,0.14,350,321,308,349,341
3.50,-0.47,-9.15,2.21,-0.17,0.34,350,321,308,349,339
1.97,-5.45,-7.47,1.90,-0.52,0.79,350,322,308,350,338
-2.68,-10.11,-4.57,0.94,-0.64,0.59,353,323,309,352,339
-2.77,-10.13,-4.62,-0.43,0.18,-0.14,353,324,310,352,339
0.15,-5.34,-6.80,-1.60,0.62,-0.53,352,324,311,351,338
2.96,-0.59,-8.00,-2.18,0.49,-1.11,350,323,310,350,339
4.94,4.39,-9.63,-1.47,0.26,-0.48,350,322,309,350,341
5.43,5.11,-10.54,0.41,-0.09,0.68,350,321,308,350,341
2.46,3.71,-10.39,1.47,-0.35,0.28,349,321,308,350,341
2.71,-0.92,-9.65,1.75,-0.34,-0.16,350,320,308,351,340
2.06,-5.43,-7.26,1.65,-0.48,0.12,351,323,308,352,339
-1.88,-9.80,-4.97,0.72,-0.61,0.21,352,324,309,353,339
-2.60,-10.65,-5.30,-0.12,0.25,-0.09,351,324,310,354,339
1.08,-6.96,-6.40,-1.05,0.54,-0.14,352,325,311,354,339
1.59,-3.43,-8.13,-2.07,0.44,-0.19,351,324,311,353,339
4.69,1.03,-7.95,-1.56,0.25,0.00,350,323,310,352,342
5.10,4.69,-10.71,-0.46,-0.03,0.59,349,322,309,351,343
2.42,5.53,-10.36,0.33,-0.09,-0.18,349,322,309,351,343
3.17,1.82,-9.08,2.19,0.12,-0.44,349,322,309,351,342
3.65,-2.06,-7.80,1.99,-0.06,0.21,350,323,309,351,340
-0.41,-8.55,-4.98,1.85,-0.84,0.81,352,324,309,352,340
END
-5.86,-12.66,-2.69,0.09,-0.29,-0.12,349,321,307,350,343
2.53,7.03,-9.30,-0.00,0.36,-0.08,348,320,306,350,343
2.99,6.18,-9.46,0.95,0.26,-0.37,349,320,306,350,343
4.50,2.20,-8.28,2.50,0.27,-0.58,350,322,307,351,341
4.17,-3.91,-8.25,2.20,-0.15,0.01,351,323,307,352,340
0.13,-8.85,-5.76,1.76,-0.81,0.75,352,324,308,353,340
-6.07,-11.00,-4.16,-0.13,-0.39,0.22,354,325,310,353,341
-1.48,-8.31,-5.64,-1.47,0.24,-0.14,353,325,310,352,341
3.27,-1.51,-8.10,-1.99,0.86,-0.49,351,324,309,352,341
3.99,4.23,-10.12,-2.36,0.37,-0.55,350,322,308,351,342
5.01,7.62,-10.16,-0.37,0.19,-0.15,350,322,308,351,344
4.31,6.17,-11.22,1.26,-0.71,-0.05,351,322,308,352,345
2.18,0.99,-9.81,2.50,-0.58,-0.04,353,324,309,354,345
-0.35,-4.85,-6.68,1.98,-0.75,0.60,354,325,310,354,344
-5.23,-7.36,-4.18,0.32,-0.78,-0.22,359,329,315,356,349
-3.54,-11.25,-5.64,-0.29,-0.07,0.02,359,330,317,356,351
-3.06,-7.90,-6.70,-1.59,0.54,0.40,359,331,320,357,349
-0.03,-0.93,-8.91,-2.01,0.90,-0.22,356,328,317,355,348
3.68,5.42,-9.12,-2.51,1.19,-0.88,352,324,310,351,347
4.98,8.42,-9.44,-0.44,0.41,-0.06,351,322,308,350,347
3.70,7.03,-9.68,1.73,-0.16,0.35,351,322,307,350,346
2.29,0.43,-7.97,2.49,-0.09,0.24,353,324,308,351,344
0.88,-3.27,-7.88,1.89,-0.37,0.36,355,326,310,352,342
-2.18,-7.15,-5.81,1.26,-0.50,0.35,360,329,314,354,344
-2.16,-12.15,-5.31,-0.04,0.25,-0.40,360,330,315,354,342
0.74,-8.41,-7.09,-0.93,0.35,0.22,357,329,315,354,340
0.83,-3.90,-7.99,-1.93,0.59,-0.30,354,326,312,352,339
2.73,2.28,-9.35,-2.39,0.27,-0.66,351,323,309,351,340
5.38,4.86,-10.47,-0.43,0.17,0.16,351,322,309,350,340
3.67,5.84,-10.14,1.46,0.04,0.16,351,322,308,350,340
3.12,1.31,-10.06,1.58,-0.45,0.10,352,323,308,351,339
2.52,-2.30,-8.40,1.83,-0.54,0.52,354,324,309,353,339
-1.87,-6.58,-5.48,1.20,-0.66,0.33,358,327,311,355,341
END
-8.16,-12.35,-3.80,-1.09,-0.76,1.00,350,319,304,348,335
6.50,5.63,-13.62,0.64,-0.32,0.45,350,318,303,348,336
2.75,-1.11,-8.31,2.38,0.25,0.65,350,318,304,348,335
-1.24,-9.98,-2.38,0.66,-0.78,1.38,356,319,304,348,336
-5.23,-9.24,-7.39,-1.62,0.17,-0.09,354,320,305,349,337
4.77,1.26,-10.64,-1.59,0.69,-1.61,350,318,303,347,336
6.47,5.38,-13.61,0.91,-0.12,0.11,349,317,302,346,336
2.77,-3.74,-7.16,2.12,0.00,1.08,350,317,303,346,335
-3.71,-9.25,-1.87,1.01,-0.34,1.04,354,318,303,347,336
-3.12,-10.11,-5.22,-1.68,0.12,-0.68,353,319,304,348,336
3.62,0.06,-7.72,-2.18,0.51,-1.35,350,317,303,347,336
6.62,6.47,-13.82,-0.03,-0.38,-0.16,349,316,302,346,336
2.54,-2.81,-7.34,2.50,0.38,0.49,349,316,302,346,336
-1.62,-11.88,-1.44,0.34,-0.85,1.34,355,317,303,347,336
-3.49,-8.08,-7.68,-1.27,0.65,-0.82,353,318,304,347,337
6.05,3.93,-11.55,-1.92,0.16,-1.31,349,317,303,347,336
5.99,5.88,-12.66,2.22,-0.10,0.56,348,316,303,346,337
-0.90,-6.62,-5.93,2.18,0.13,0.96,351,316,303,347,336
-8.30,-10.11,-4.94,-1.60,-0.36,0.27,354,318,305,348,337
2.11,-1.00,-9.16,-1.01,0.89,-1.97,350,317,304,347,336
6.68,4.09,-13.65,0.02,-0.32,-0.30,349,316,303,347,337
2.51,-2.90,-9.20,2.35,0.26,0.84,349,318,303,347,336
-2.37,-8.79,-2.50,1.31,-0.12,1.31,356,317,304,348,335
-2.57,-8.83,-7.64,-1.58,0.25,-0.68,355,319,306,349,336
5.36,2.31,-8.75,-1.88,0.20,-1.75,351,317,304,347,337
6.24,5.37,-13.21,0.94,-0.47,0.17,350,316,303,346,338
1.82,-4.32,-5.91,2.35,0.13,0.59,350,316,303,346,338
-2.94,-10.39,-0.95,0.65,-0.68,1.45,356,318,304,347,338
-3.27,-8.20,-7.28,-1.26,0.47,-0.78,354,318,305,347,338
3.23,4.42,-9.74,-2.51,0.71,-1.75,350,317,303,346,337
7.03,5.43,-12.26,0.96,0.15,-0.26,349,315,303,346,336
3.75,-3.23,-7.47,2.46,0.75,0.95,349,316,302,346,335
-1.05,-8.88,-5.41,1.72,-0.09,1.41,351,316,302,346,333
END
-5.23,-10.98,-4.11,-1.33,-0.48,0.42,350,316,303,344,338
-4.58,-9.95,-2.37,0.75,-0.44,0.19,351,316,302,344,344
-6.03,-10.88,-3.16,-0.46,0.39,0.26,351,316,302,344,344
1.28,-5.77,-6.97,-1.69,1.22,-0.51,350,315,302,343,338
6.14,2.98,-11.31,-2.27,0.22,-0.68,351,315,302,343,338
5.13,6.44,-12.73,1.09,-0.35,0.25,351,315,302,343,339
0.85,-2.25,-7.14,2.39,-0.00,-0.04,349,316,302,343,338
-1.54,-11.45,-2.86,0.94,-0.60,0.33,352,316,303,344,338
-5.63,-12.73,-4.72,-0.54,0.18,0.46,355,319,304,345,338
1.16,-3.35,-8.17,-1.67,0.84,-0.90,353,318,304,345,338
5.36,4.52,-11.00,-2.48,0.08,0.05,352,318,304,347,340
3.96,7.37,-11.59,1.47,-0.15,0.17,351,318,304,348,341
1.27,0.11,-7.08,2.20,0.02,-0.62,351,319,304,348,339
0.19,-11.46,-5.02,1.90,-0.09,0.38,352,319,304,347,338
-5.07,-13.14,-3.98,-0.62,-0.25,0.67,356,321,305,350,338
2.05,-4.97,-8.06,-1.71,0.36,-1.01,352,320,304,348,337
2.98,3.23,-11.28,-2.27,-0.24,0.18,351,319,304,348,340
3.27,6.25,-11.11,1.03,-0.16,0.12,350,320,304,348,341
1.48,1.24,-8.54,1.71,-0.12,-0.58,350,320,304,348,339
1.74,-8.83,-6.16,1.25,-0.27,-0.47,351,320,304,348,338
-2.40,-13.47,-2.55,0.52,-0.17,1.28,355,321,306,349,338
-0.07,-6.93,-6.86,-1.38,0.58,-0.77,353,321,306,349,338
3.87,0.52,-8.01,-1.78,0.09,-0.20,351,320,305,348,338
3.55,5.76,-12.69,0.25,-0.13,0.01,350,320,305,348,339
1.52,3.07,-10.19,1.72,-0.02,-0.57,350,320,306,348,339
1.36,-9.05,-6.42,1.31,-0.29,-0.23,351,320,305,348,337
-7.09,-14.13,-4.36,-0.42,-0.64,1.37,356,321,307,350,338
0.39,-5.43,-7.47,-1.25,0.67,-0.86,353,320,306,348,338
3.63,1.06,-10.67,-1.92,0.15,0.44,351,319,305,347,339
2.48,3.78,-11.12,0.05,-0.06,0.65,351,319,305,347,339
0.44,3.78,-9.98,0.77,-0.06,-0.36,351,319,305,347,339
1.58,1.28,-9.57,1.23,0.03,-0.94,350,319,305,347,338
3.78,-5.28,-8.42,1.14,-0.33,-1.10,350,318,305,346,337
END
1.11,-15.15,-3.33,1.71,-0.06,0.92,351,321,309,346,337
3.76,2.63,-10.66,-2.30,0.16,0.51,350,319,308,345,339
3.25,5.45,-10.73,-0.35,-0.03,0.13,350,319,308,345,340
1.72,4.90,-10.21,0.67,-0.08,-0.20,349,320,308,346,340
2.53,0.68,-8.54,1.99,0.11,-0.92,349,319,308,346,339
3.48,-10.85,-5.90,1.74,-0.06,0.02,352,319,308,346,336
-4.38,-14.34,-2.86,-0.26,-0.43,1.44,358,323,313,349,337
-1.11,-8.20,-6.40,-1.68,0.73,-0.97,355,323,313,349,337
3.76,3.74,-9.80,-2.51,0.08,0.07,351,321,312,348,339
5.23,8.10,-11.59,-0.38,-0.05,0.55,350,320,311,349,341
2.38,6.70,-9.91,1.83,-0.07,-0.08,350,320,311,348,340
1.59,0.01,-8.13,1.60,-0.26,-1.04,349,320,310,348,338
2.10,-14.03,-3.70,1.73,-0.12,0.79,353,320,309,348,337
-6.58,-13.73,-3.74,-0.39,-0.16,0.98,358,324,315,350,337
3.09,-5.17,-6.69,-1.43,0.66,-1.20,353,323,312,348,336
3.69,2.48,-10.47,-2.23,0.20,0.11,351,321,312,348,339
5.05,7.44,-11.66,-0.55,-0.10,0.29,350,320,311,348,340
2.15,6.65,-10.55,2.05,-0.13,-0.00,350,321,311,348,340
2.29,-0.98,-8.20,1.85,-0.20,-0.66,350,321,311,348,338
2.29,-11.05,-5.22,2.10,-0.25,0.74,353,321,309,348,336
-5.54,-13.98,-1.95,0.02,-0.16,0.92,355,321,310,348,336
0.10,-8.69,-5.36,-1.80,0.40,-0.76,352,321,310,347,335
3.12,-0.08,-8.34,-2.49,0.41,-0.33,350,320,310,348,337
5.14,8.79,-12.09,-1.66,-0.16,0.20,350,320,310,348,342
2.20,8.01,-10.22,2.12,-0.03,0.10,349,320,310,348,341
1.90,-1.34,-7.62,1.90,-0.15,-0.52,350,320,310,349,339
1.64,-10.63,-5.23,1.74,-0.38,0.20,351,320,309,349,337
-4.28,-13.64,-2.40,0.46,-0.29,1.11,355,321,310,349,337
-1.23,-10.37,-5.25,-1.19,0.78,-0.53,353,321,310,349,336
5.13,-2.53,-8.13,-2.12,0.41,-0.14,350,321,310,349,337
5.19,4.90,-10.19,-2.32,-0.07,0.27,350,320,309,349,340
3.35,7.96,-11.46,0.22,-0.33,0.03,349,319,309,349,341
2.99,5.44,-9.76,2.15,-0.14,-0.51,349,319,309,349,340
END
2.38,-1.11,-7.00,1.87,-0.42,-1.21,352,320,307,348,336
4.89,1.06,-8.29,-1.44,0.71,0.00,350,319,307,348,337
5.27,5.76,-10.35,-1.19,-0.02,0.02,351,319,307,348,338
3.14,6.08,-11.49,0.90,-0.22,0.04,350,319,307,348,338
1.52,2.94,-8.99,2.19,-0.16,-0.34,350,319,307,348,337
1.05,-8.23,-5.89,1.77,-0.29,-0.24,351,320,307,348,337
-5.40,-14.83,-1.87,0.23,-0.25,1.63,359,323,312,350,337
1.49,-7.67,-6.20,-1.56,1.17,-1.56,355,322,311,351,335
5.00,3.91,-10.75,-2.51,-0.32,-1.08,351,320,310,350,339
5.15,10.07,-11.25,0.22,-0.35,0.45,350,319,309,350,341
1.19,6.75,-8.54,2.50,0.07,0.06,350,319,309,350,339
0.98,-5.70,-6.95,1.89,-0.13,0.07,351,320,308,351,337
-2.30,-11.92,-2.80,1.58,0.04,1.38,355,322,309,350,337
-2.53,-9.79,-5.74,-1.64,0.68,-0.77,355,323,311,352,336
3.78,-1.20,-9.59,-2.51,0.16,-1.24,351,321,310,350,338
5.38,7.47,-11.52,-1.49,0.04,-0.28,351,320,309,350,340
5.08,8.19,-9.88,2.34,-0.33,0.35,350,320,308,349,339
1.72,0.05,-7.44,2.36,-0.18,-0.10,350,320,308,349,337
0.05,-10.32,-4.88,1.85,-0.34,0.56,352,320,307,349,337
-5.17,-13.17,-2.84,-0.26,0.28,0.72,355,321,308,350,336
1.84,-7.01,-6.73,-2.03,0.62,-1.36,352,321,308,350,336
6.69,1.58,-6.88,-2.51,-0.53,-0.36,351,320,307,350,339
4.92,8.18,-11.68,-0.12,-0.55,0.51,350,319,307,349,340
1.00,5.58,-9.31,2.50,-0.23,0.35,349,319,307,349,339
0.16,-5.10,-5.96,1.84,-0.44,-0.32,350,319,306,349,338
-3.18,-12.61,-3.50,1.53,0.07,0.66,352,318,305,348,339
-2.71,-11.11,-4.00,-0.92,0.99,-0.68,351,317,304,345,336
3.66,-3.56,-8.23,-1.93,0.25,-0.99,349,316,302,343,334
8.42,3.13,-11.47,-0.87,0.44,-0.74,348,315,301,343,334
4.69,2.71,-10.47,0.92,-0.42,0.53,348,315,301,343,333
1.84,-3.59,-7.59,1.50,-0.61,0.69,348,316,302,343,335
-3.12,-8.49,-4.29,1.20,-0.54,1.03,352,317,303,345,341
-4.90,-10.21,-3.88,-0.55,0.42,-0.23,354,319,304,346,343
END
1.54,-4.50,-8.67,-2.10,0.94,-1.08,350,319,307,346,339
1.92,-7.17,-7.03,2.28,-0.36,-0.07,351,320,307,346,338
-3.49,-9.71,-3.21,1.34,-0.47,1.07,355,321,307,347,339
-4.19,-12.33,-3.35,-0.75,0.23,-0.27,355,321,308,347,339
1.71,-4.80,-7.31,-2.03,0.86,-0.53,352,320,307,346,338
3.24,4.40,-9.71,-2.51,0.39,-0.56,350,319,306,345,339
4.03,7.42,-11.89,-0.06,-0.12,0.08,350,318,306,346,342
2.54,5.13,-10.34,2.50,0.02,-0.14,350,319,306,346,340
1.92,-5.93,-6.73,1.86,-0.41,-0.16,350,319,306,346,339
-1.33,-13.34,-2.78,1.63,-0.44,1.05,354,320,307,347,339
-3.80,-11.14,-4.68,-1.16,0.48,-0.23,355,321,308,349,339
1.74,-3.78,-8.33,-2.51,0.23,-0.02,352,320,308,348,340
1.53,4.05,-9.86,-1.79,0.43,0.37,351,319,308,348,341
3.39,6.83,-10.24,0.25,0.09,-0.08,350,320,308,349,342
1.83,5.53,-10.48,1.37,-0.01,-0.43,350,320,307,348,342
2.36,1.97,-8.18,2.42,0.11,-0.86,351,320,308,348,341
3.98,-7.65,-6.22,1.67,-0.06,-0.76,351,320,307,348,339
-1.36,-16.44,-3.29,0.52,-0.71,1.13,360,323,311,351,338
-2.16,-10.88,-6.39,-1.07,0.37,-0.48,358,323,312,351,339
1.77,-2.90,-8.19,-2.19,0.36,0.22,354,321,310,350,339
2.70,3.57,-8.57,-1.55,0.24,0.08,353,320,309,350,342
2.41,7.03,-9.82,-0.36,-0.18,0.64,352,320,309,349,346
2.62,6.33,-9.25,0.98,0.36,-0.34,352,320,308,349,345
2.52,3.22,-10.72,2.22,0.30,-1.18,352,321,309,350,342
7.08,-9.77,-6.35,2.43,0.14,-0.19,352,322,308,350,338
-2.89,-11.23,-2.10,1.77,-0.63,2.01,356,323,309,350,341
-2.56,-9.95,-4.52,-1.84,-0.01,-0.70,354,323,309,350,341
0.49,-2.45,-9.02,-2.17,0.63,-0.26,351,321,308,349,341
3.17,3.41,-9.78,-2.28,1.18,-0.34,351,320,307,348,340
6.02,7.18,-9.75,-0.57,0.34,-0.37,351,319,306,348,341
5.45,5.86,-10.72,1.65,-0.30,0.17,351,319,305,348,340
2.60,-1.10,-8.51,2.45,-0.49,0.65,350,320,306,348,340
-2.84,-6.69,-5.55,1.67,-0.97,1.03,353,322,307,349,341
END
-6.53,-10.37,-3.45,-0.23,-0.11,-0.24,351,317,304,345,335
0.77,2.15,-10.70,-2.39,-0.19,-0.59,350,317,304,345,338
3.24,5.21,-10.97,-0.77,0.16,-0.10,350,317,303,345,340
3.09,5.53,-10.59,2.39,0.41,0.03,350,317,303,345,338
3.37,-2.30,-10.06,1.69,0.24,0.13,351,319,305,345,335
2.10,-8.24,-5.80,1.89,-0.06,0.86,353,319,304,344,333
-4.33,-11.45,-4.01,-0.12,-0.07,0.55,355,322,307,346,333
2.38,-7.14,-6.11,-1.61,-0.43,-1.01,352,321,306,346,334
2.35,0.06,-9.48,-2.43,-0.30,0.01,349,319,304,345,337
2.09,5.04,-11.74,-0.69,0.00,0.21,349,319,304,345,339
3.37,6.75,-10.27,2.50,0.57,-0.07,349,319,304,346,338
1.49,-0.88,-8.69,1.47,-0.09,-0.07,349,319,304,346,336
0.45,-8.23,-4.86,0.80,-0.45,0.96,353,320,305,347,335
-1.87,-9.17,-7.08,-0.48,0.10,-0.46,354,322,307,349,336
2.35,-2.71,-8.98,-1.03,0.01,-1.27,351,321,306,347,335
3.21,0.51,-10.75,-0.24,-0.13,-0.12,350,320,305,347,336
1.76,-0.88,-9.06,0.72,0.18,0.25,350,321,305,347,336
1.20,-4.50,-8.38,0.40,0.08,0.35,350,321,305,347,336
0.93,-5.88,-8.43,-0.01,0.10,-0.08,350,321,305,347,336
1.78,-4.09,-9.25,-0.21,0.07,-0.19,350,321,306,347,336
2.47,-2.40,-10.00,-0.17,0.01,-0.04,350,320,305,347,335
1.82,-2.47,-9.73,0.16,-0.02,0.03,350,320,305,347,335
1.08,-3.07,-9.41,0.17,-0.05,-0.03,350,320,305,347,336
1.70,-3.37,-8.98,0.03,-0.05,-0.17,350,320,305,347,335
2.16,-3.98,-9.06,0.08,-0.05,-0.11,350,320,305,346,336
1.64,-4.01,-8.95,0.17,-0.01,0.02,350,320,305,347,336
1.97,-1.44,-10.39,0.22,-0.15,-0.12,350,320,305,347,336
3.19,-0.65,-10.63,0.85,-0.20,-0.16,349,320,305,346,335
-0.07,-12.35,-3.82,1.44,-0.29,0.99,351,319,304,346,335
-7.52,-11.49,-2.43,-1.90,-0.25,1.03,355,320,305,347,340
0.06,0.83,-8.33,-2.51,1.41,-1.33,351,319,303,345,338
6.39,14.05,-10.62,-0.94,-0.04,-0.46,352,318,303,345,340
0.97,5.16,-7.52,2.50,-0.21,0.82,349,318,302,345,339
END
-6.01,-15.59,1.26,2.50,-0.60,1.76,356,321,309,346,337
2.16,-1.83,-7.85,-1.74,0.94,-1.66,351,319,306,345,336
7.16,6.96,-12.66,-1.52,0.15,-0.62,350,318,305,345,336
4.30,4.44,-10.22,2.37,-0.12,0.82,349,318,305,345,336
-1.47,-8.64,-5.21,2.11,-0.14,0.78,352,321,307,345,335
-7.13,-14.26,-1.90,-0.80,-1.01,0.86,361,326,320,349,337
-1.21,-7.08,-6.38,-1.39,1.05,-1.42,356,324,315,348,336
4.99,5.18,-10.84,-2.50,0.12,-1.16,351,320,309,346,336
5.94,8.08,-12.31,1.75,-0.04,0.58,350,318,308,345,337
1.71,-2.91,-7.31,2.42,0.22,0.90,351,319,308,345,336
-1.39,-10.24,-2.40,1.24,-0.47,1.12,356,321,309,347,335
-4.56,-11.49,-6.18,-1.39,0.21,-0.42,355,322,311,348,336
2.56,-1.46,-8.00,-2.00,0.49,-1.48,351,320,309,347,336
4.11,7.03,-12.68,-1.67,-0.03,-0.34,350,319,308,346,338
3.81,5.59,-11.05,2.49,0.24,0.34,350,319,308,346,338
2.58,-8.18,-6.17,2.10,0.04,0.64,351,319,307,346,336
-4.29,-13.66,-3.45,-0.24,-1.03,1.30,356,322,310,348,337
-1.97,-5.49,-6.98,-1.15,0.78,-0.95,354,322,310,347,337
4.43,2.60,-10.38,-2.24,0.50,-1.03,351,320,308,346,337
6.81,6.26,-12.35,0.79,-0.15,0.05,350,318,307,346,337
3.18,-0.80,-8.69,2.12,-0.05,0.39,350,319,307,346,336
-0.30,-10.77,-4.24,2.23,-0.34,1.30,352,319,306,346,335
-7.03,-11.71,-2.68,-0.08,0.02,0.36,354,321,307,348,338
1.95,-6.40,-6.51,-1.96,0.22,-1.20,352,321,306,347,336
1.06,2.22,-10.41,-2.51,0.64,-1.27,350,319,305,346,336
4.60,7.24,-10.44,-0.94,0.15,-0.36,351,318,305,345,339
5.38,7.54,-9.96,2.46,-0.15,0.68,350,318,305,345,338
3.77,-2.36,-8.10,2.21,-0.53,0.65,350,319,306,345,337
-2.35,-11.33,-3.54,1.89,-0.57,1.08,353,320,306,346,337
-7.25,-12.50,-2.57,-1.01,-0.09,0.39,356,321,308,348,338
1.46,-4.45,-7.21,-1.94,0.78,-1.25,351,319,306,346,337
4.03,3.71,-10.31,-2.51,0.45,-0.99,351,318,305,345,338
4.05,7.70,-10.54,0.17,0.03,0.29,351,318,305,345,340
END
1.69,5.02,-9.67,2.50,-0.09,0.32,355,321,309,348,335
2.51,-2.40,-8.13,-2.51,-0.17,-0.37,351,319,306,347,336
1.16,5.00,-11.18,-2.51,-0.17,-0.43,349,318,304,347,340
3.24,8.34,-10.83,0.26,0.40,-0.07,350,318,304,346,341
3.78,4.31,-9.54,2.50,0.11,0.06,350,318,305,347,338
3.53,-6.04,-8.20,2.38,-0.18,0.39,350,319,305,347,336
-2.71,-8.75,-4.08,1.69,-0.45,1.30,355,320,306,347,337
-4.22,-10.80,-4.90,-1.35,-0.26,-0.44,354,321,307,349,336
0.64,-4.06,-8.10,-2.22,0.33,-0.75,352,320,307,348,337
3.04,3.79,-10.12,-2.27,0.52,-0.63,350,319,306,347,338
5.41,6.50,-11.94,0.63,-0.05,0.23,350,318,305,346,338
3.35,1.29,-10.44,2.31,-0.18,0.50,350,318,305,347,337
-0.28,-6.47,-6.91,1.81,-0.65,0.68,351,320,306,347,336
-5.38,-10.55,-2.58,0.88,-0.28,0.76,353,318,305,347,337
-3.31,-9.93,-4.34,-1.38,0.34,-0.43,353,320,306,348,337
1.38,-1.52,-8.92,-2.21,0.76,-1.24,350,319,305,347,336
4.00,6.55,-11.24,-2.49,0.10,-0.87,351,318,304,347,339
5.66,8.52,-11.95,1.90,-0.07,0.42,350,318,303,347,339
1.90,0.95,-9.53,2.50,-0.08,0.38,350,318,304,347,337
0.57,-8.35,-5.99,1.84,-0.66,0.92,352,319,304,347,337
-7.11,-10.49,-3.25,0.30,-0.15,0.74,354,321,304,349,338
-1.59,-6.67,-6.41,-1.98,0.36,-0.94,352,322,305,348,337
2.58,-0.32,-8.32,-2.29,0.64,-1.53,350,320,304,347,337
6.30,6.04,-12.34,-0.33,0.07,-0.34,350,318,303,347,337
5.02,3.76,-11.41,2.44,-0.03,1.19,350,319,303,347,336
-0.67,-4.80,-7.67,2.00,-0.60,1.24,352,322,305,348,336
-6.58,-10.32,-2.16,0.47,-0.61,0.60,356,324,311,350,340
-2.76,-8.79,-5.74,-1.77,-0.03,-0.61,358,327,315,351,342
0.78,-0.69,-9.86,-2.06,0.76,-1.07,354,324,312,350,341
2.35,6.73,-11.19,-1.94,0.81,-0.56,352,320,307,347,340
4.71,7.35,-11.08,1.64,0.25,0.13,351,320,306,347,338
3.65,-1.23,-11.02,2.28,-0.41,0.47,351,320,307,348,337
0.73,-9.30,-4.34,2.29,-0.80,1.39,354,321,307,348,336
END
-9.37,-12.17,-1.22,-1.66,-0.69,0.66,356,323,310,348,337
4.33,0.38,-5.38,-2.51,-0.08,-1.31,351,320,308,347,338
4.19,8.26,-11.84,-1.60,-0.09,-0.24,351,319,306,347,343
3.40,8.95,-11.28,2.50,-0.17,0.37,350,319,306,347,341
0.85,0.01,-8.48,2.40,-0.18,-0.12,352,321,307,349,339
-0.42,-11.35,-3.83,1.92,-0.48,0.81,355,323,308,349,338
-8.23,-11.78,-3.19,-0.04,0.33,0.53,357,324,310,351,339
0.35,-5.92,-7.06,-2.11,0.57,-1.19,353,323,309,350,338
1.21,2.93,-9.96,-2.51,0.42,-1.72,351,321,308,348,339
6.16,8.80,-12.30,-0.76,0.17,0.10,351,319,307,348,340
5.26,5.94,-12.08,2.50,-0.14,0.85,350,319,307,349,339
1.46,-5.34,-7.12,2.47,-0.41,1.09,351,321,307,349,338
-6.51,-10.04,-3.04,0.86,-0.62,1.00,354,322,308,350,339
-3.27,-9.37,-4.64,-1.01,0.24,-0.44,353,322,307,350,339
0.37,-3.14,-8.20,-2.03,0.77,-0.80,351,322,308,349,339
2.57,6.20,-9.35,-2.51,0.43,-1.59,351,321,308,348,340
5.10,9.43,-11.69,0.55,-0.10,0.13,351,320,307,348,343
2.67,-1.21,-8.50,2.50,0.26,0.82,351,320,308,348,341
-2.32,-8.87,-4.80,2.50,-0.42,1.64,353,322,308,348,337
-8.43,-12.55,-3.14,-1.00,-0.42,-0.04,356,326,313,349,338
0.19,-6.70,-6.68,-1.98,0.52,-1.15,352,324,311,347,337
3.75,3.45,-10.16,-2.50,0.11,-0.87,350,320,308,346,338
3.65,7.94,-12.33,-0.43,-0.15,0.09,350,320,308,346,342
2.75,5.74,-9.65,2.50,0.13,0.42,350,320,308,347,339
0.62,-5.37,-7.41,2.03,-0.38,0.49,352,322,309,347,338
-3.93,-11.90,-2.56,0.98,-0.64,1.33,357,324,310,349,339
-4.22,-10.84,-4.88,-1.46,0.61,-0.76,356,324,312,350,339
2.31,-0.90,-8.89,-2.48,0.33,-1.33,352,321,309,347,338
3.27,6.80,-11.81,-2.07,-0.01,-0.48,351,320,308,346,341
3.96,8.52,-11.32,2.38,0.07,0.60,351,320,308,347,340
1.03,-3.09,-8.10,2.48,-0.14,0.70,351,321,308,347,338
-3.55,-9.80,-3.31,1.50,-0.61,1.24,355,322,309,348,339
-5.96,-11.21,-3.90,-0.82,0.62,-0.37,355,323,310,349,339
END
1.67,-3.96,-8.05,-2.12,0.74,-1.25,351,320,306,348,337
4.31,7.91,-11.21,-1.50,0.53,-0.46,350,320,307,349,338
4.00,7.53,-11.49,2.49,-0.19,0.52,350,320,306,349,338
2.77,-5.13,-8.09,2.44,-0.03,0.41,351,321,307,350,336
-1.83,-11.49,-2.41,1.85,-0.56,1.68,353,321,306,348,336
-6.30,-10.59,-3.79,-0.69,0.43,-0.02,354,323,308,349,336
0.81,-3.56,-7.40,-2.30,0.73,-1.43,351,321,307,348,335
3.71,6.48,-9.80,-2.45,0.46,-0.97,350,320,306,347,337
6.32,8.47,-12.04,0.81,-0.18,0.28,350,319,306,348,338
2.53,1.49,-8.13,2.50,-0.10,0.24,350,320,306,348,337
0.88,-10.89,-5.73,2.17,-0.36,0.78,351,320,306,348,336
-9.25,-11.57,-1.86,-0.15,-0.79,1.64,357,323,308,349,337
-2.55,-8.30,-5.00,-1.63,1.02,-1.14,353,322,308,348,336
4.09,3.34,-10.33,-2.51,0.35,-0.91,350,320,306,347,337
5.18,9.65,-11.15,-0.70,0.05,-0.61,351,319,306,348,339
2.02,7.64,-10.52,1.56,-0.12,0.25,350,319,305,348,338
2.11,-0.87,-8.52,2.47,-0.02,-0.34,350,321,306,348,336
2.27,-12.23,-3.25,2.50,-0.47,1.61,355,321,306,348,335
-7.70,-12.81,-1.71,-1.26,0.21,0.20,357,323,309,351,336
0.39,-4.55,-6.58,-1.95,0.28,-0.98,354,324,310,350,337
2.63,4.57,-11.84,-2.47,0.70,-0.20,352,321,308,348,338
6.80,8.20,-12.74,0.95,-0.11,-0.04,350,320,307,349,337
2.99,1.47,-10.32,2.21,-0.11,0.14,351,320,307,349,336
-0.19,-10.82,-3.96,2.30,-0.54,0.74,353,321,306,349,336
-8.80,-15.13,1.06,-0.47,-0.64,0.21,358,324,309,350,339
-2.38,-6.84,-4.40,-1.84,0.54,-0.36,357,324,310,349,339
2.96,2.63,-10.03,-2.51,1.24,-0.47,352,321,308,348,339
6.85,9.53,-10.43,-1.14,0.46,-0.23,352,320,307,348,342
5.25,9.04,-11.19,1.85,-0.05,-0.11,351,319,307,348,341
3.48,-0.02,-6.99,2.50,-0.04,-0.57,351,320,306,348,338
1.72,-12.77,-3.95,2.50,-0.30,1.03,353,320,305,348,335
-9.97,-13.33,0.32,-1.13,-1.09,1.31,356,323,309,351,337
-1.92,-4.73,-5.39,-2.34,0.88,-1.16,354,323,309,349,337
END
5.77,5.88,-9.60,-2.51,0.93,-1.25,352,322,307,347,336
6.43,2.30,-6.42,-2.51,0.44,-1.08,351,319,305,346,336
7.47,9.15,-12.38,-0.01,-0.31,-0.24,350,318,305,346,337
2.40,5.51,-8.54,2.50,-0.06,0.57,350,318,305,346,337
0.44,-4.82,-6.13,1.99,-0.40,-0.33,351,320,305,347,335
-2.27,-13.98,-0.50,1.20,-0.67,1.68,355,322,307,347,336
-6.44,-12.06,-4.80,-0.94,1.34,-0.29,359,325,311,350,336
4.29,-0.28,-7.95,-2.51,0.55,-1.46,352,321,308,347,336
6.32,9.76,-11.01,-2.40,0.17,-0.07,352,320,307,348,340
4.59,10.69,-8.99,2.23,-0.48,0.29,351,319,306,348,340
1.28,1.16,-6.05,2.50,-0.21,-0.36,351,321,307,348,338
-0.84,-12.63,-4.74,2.39,0.26,0.59,351,322,307,348,336
-9.50,-8.83,-2.32,0.14,0.06,1.76,365,327,312,350,335
1.70,-5.84,-6.71,-1.99,1.07,-1.56,357,324,311,350,334
3.84,2.40,-9.71,-2.51,-0.42,-1.35,352,321,309,348,336
4.78,9.07,-11.17,-1.94,0.02,0.07,351,319,307,348,342
3.56,8.98,-8.36,1.77,-0.02,0.27,351,319,307,349,341
3.70,0.65,-8.21,2.44,-0.46,-0.08,351,320,307,349,339
2.41,-9.94,-6.28,2.50,-0.32,1.22,352,322,307,348,336
-8.51,-9.83,-0.78,0.57,-0.71,1.78,360,325,313,351,336
-3.35,-9.08,-5.76,-1.95,0.88,-1.22,357,324,312,350,336
3.62,5.60,-10.03,-2.51,0.53,-1.84,351,320,308,348,338
6.33,11.44,-10.61,-0.41,0.02,-0.09,352,318,307,348,342
2.75,8.20,-9.40,2.50,-0.06,0.35,351,319,307,349,340
2.81,-8.18,-6.51,2.30,-0.31,0.81,351,322,307,349,337
-3.40,-9.78,-2.05,2.13,-0.40,1.95,355,323,307,348,336
-3.75,-10.34,-4.29,-1.96,0.53,-0.78,355,323,309,349,337
1.59,-0.25,-8.64,-2.51,0.25,-1.44,351,320,308,348,339
4.31,10.00,-10.65,-2.44,0.54,-1.03,351,319,308,348,344
4.90,11.49,-10.76,2.43,-0.18,0.51,351,318,308,349,342
2.72,-3.17,-6.90,2.50,0.23,0.34,351,322,308,349,337
-1.40,-10.88,-3.39,2.33,-0.56,1.77,352,322,307,348,336
-8.46,-12.05,-2.05,-0.69,-0.15,0.48,355,324,310,351,336
END
-0.01,-5.46,-6.35,-2.39,0.51,-1.10,351,319,308,348,335
0.18,-13.78,-0.96,2.50,-0.27,1.28,352,319,306,347,334
-11.47,-12.45,-1.50,-0.74,-0.14,1.02,357,323,309,350,336
1.19,-4.13,-6.35,-2.07,1.06,-1.87,353,321,308,348,335
5.49,6.91,-9.39,-2.51,0.71,-1.37,350,319,307,347,336
9.00,10.49,-10.85,0.18,-0.28,0.09,351,318,306,347,337
1.64,7.62,-9.57,2.48,-0.40,0.63,350,318,306,347,337
1.47,-2.58,-7.57,2.02,-0.56,-0.24,350,319,306,347,335
0.49,-11.25,-4.81,2.19,-0.55,1.01,351,318,306,347,335
-7.08,-10.92,-1.52,-0.03,-0.08,1.17,356,322,308,349,336
-0.82,-7.87,-5.79,-1.97,1.15,-0.85,352,321,307,348,335
5.39,1.60,-7.03,-2.51,0.78,-2.22,349,319,306,348,335
7.05,11.05,-10.93,-2.25,-0.52,-1.05,351,318,306,348,343
2.96,9.44,-9.01,2.47,-0.29,0.68,350,317,306,348,342
0.12,0.57,-8.38,2.35,0.10,0.29,350,318,307,348,338
0.34,-10.19,-6.37,2.15,0.34,1.10,350,318,306,347,335
-5.00,-9.42,-2.47,0.63,0.10,2.02,355,317,306,346,334
-0.81,-10.67,-5.30,-1.65,0.59,-1.34,352,316,306,346,333
4.78,-0.36,-7.80,-2.51,-0.37,-1.20,350,315,306,346,335
5.34,8.23,-11.72,-1.63,0.31,-0.31,350,315,305,347,339
5.24,9.76,-9.23,1.72,0.04,0.43,350,315,306,347,339
2.96,-0.02,-9.04,2.24,-0.50,0.35,350,316,305,348,337
1.69,-6.73,-6.40,2.12,-0.75,0.67,350,316,305,348,335
-5.56,-7.48,-4.88,0.98,-0.58,0.35,351,318,306,348,336
-3.09,-11.65,-3.72,0.06,0.30,0.10,353,319,307,348,335
-0.32,-10.18,-4.58,-1.57,1.35,-0.35,351,318,307,349,335
4.34,2.29,-9.17,-2.51,0.84,-0.71,349,317,306,348,335
8.24,10.29,-10.21,-1.37,-0.05,-0.11,350,317,305,348,340
3.84,9.14,-8.56,1.78,-0.50,0.10,349,316,305,348,340
2.48,-0.23,-5.52,2.50,-0.03,-0.97,348,316,305,348,338
2.43,-12.47,-4.64,2.50,0.20,0.93,349,315,304,348,334
-5.76,-10.96,-1.81,0.09,-0.61,1.64,358,322,308,351,333
-1.23,-7.36,-5.26,-1.56,0.72,-1.19,354,321,310,350,334
END
3.85,0.47,-8.76,-2.51,0.47,-0.82,347,317,307,352,336
0.13,-12.00,-4.90,2.35,-0.27,0.74,354,318,306,350,334
-10.89,-15.60,1.19,-1.91,-1.60,1.46,367,327,321,361,335
1.08,-5.18,-6.12,-1.02,1.58,-2.43,354,322,312,352,335
4.69,8.08,-11.03,-2.51,-0.00,0.27,349,319,309,351,338
5.56,9.15,-8.34,1.46,-0.05,0.87,348,317,308,350,338
1.75,4.69,-8.88,1.86,-0.01,-0.25,349,317,307,350,336
2.98,-1.72,-11.33,1.89,-0.27,-0.81,349,318,307,350,335
2.60,-10.37,-5.93,2.21,0.05,0.60,350,317,305,348,333
-7.20,-12.22,-1.58,-0.39,-0.38,1.27,354,318,306,348,333
-1.93,-7.47,-5.03,-1.98,0.50,-1.30,352,318,306,347,333
4.40,1.89,-6.69,-2.51,0.91,-0.94,349,318,306,347,335
6.90,9.86,-10.50,-1.14,0.64,-0.47,349,317,306,347,336
4.85,8.17,-11.61,1.49,-0.45,0.43,348,316,306,347,336
4.08,-1.49,-6.48,2.47,-0.04,-0.05,349,317,306,347,334
1.27,-11.36,-3.95,2.46,-0.51,1.44,351,317,305,346,333
-7.82,-12.14,-0.01,-0.87,-0.30,0.99,354,320,309,348,333
-0.02,-7.01,-5.18,-2.14,0.75,-1.53,351,319,308,348,333
6.64,1.88,-5.25,-2.51,0.41,-1.09,348,317,307,347,335
6.35,9.58,-11.64,-1.36,0.08,-0.03,349,316,307,348,339
4.14,9.79,-10.53,2.42,-0.27,0.26,348,316,307,348,338
2.31,-1.15,-7.21,2.44,-0.07,-0.61,348,317,307,348,335
3.20,-15.57,-3.43,2.50,-0.08,0.94,350,317,306,347,333
-9.53,-12.71,-0.09,-0.07,-0.15,1.49,361,322,311,348,333
-0.56,-9.02,-3.88,-1.82,0.75,-1.19,356,320,310,347,332
3.15,-0.12,-8.36,-2.51,0.11,-0.81,352,319,309,347,334
5.56,10.06,-10.57,-2.50,0.27,-0.42,350,317,308,347,337
7.81,11.16,-9.99,2.31,0.02,0.20,349,316,308,347,336
2.81,0.49,-8.71,2.46,-0.42,0.59,350,317,308,348,335
0.04,-9.27,-4.82,2.41,-0.53,0.75,351,318,306,347,333
-6.78,-11.54,-1.96,0.58,-0.54,1.18,354,320,307,348,334
-2.01,-9.35,-4.69,-1.18,0.90,-0.53,353,321,308,348,334
3.69,-2.44,-7.75,-2.46,0.98,-0.97,349,319,307,347,334
END
8.52,6.45,-10.48,-2.36,0.72,-1.16,351,321,306,347,335
-6.32,-16.40,-0.28,-0.45,-1.30,2.20,357,323,309,348,336
-3.47,-8.54,-6.05,-1.09,1.42,-0.69,353,321,308,347,336
4.09,2.17,-7.65,-2.51,0.81,-0.21,349,317,304,346,335
5.16,7.72,-9.43,-1.68,0.34,0.20,351,317,304,345,337
4.35,9.60,-9.22,0.74,0.05,0.09,350,317,304,346,338
3.45,7.42,-9.67,2.37,0.03,-0.73,349,318,305,347,337
6.02,-1.58,-7.69,2.17,-0.26,-0.57,348,319,306,347,335
2.96,-11.80,-4.12,2.50,-0.29,0.80,351,320,305,347,334
-10.60,-11.96,0.88,-0.13,-0.40,1.20,356,323,311,351,334
0.27,-6.47,-5.25,-1.55,0.87,-1.06,352,321,309,349,334
6.78,1.44,-5.94,-2.51,0.59,-0.52,349,317,305,348,334
6.68,10.02,-11.53,-0.97,0.36,-0.59,349,316,304,348,335
4.54,9.66,-10.56,2.50,-0.01,0.14,348,316,305,349,336
3.20,2.25,-8.41,2.15,-0.30,-0.67,348,317,305,349,334
4.70,-15.51,-4.36,1.90,-0.85,0.76,356,317,305,348,333
-10.06,-15.38,-1.34,-0.90,-1.66,2.12,361,324,315,354,335
-3.24,-5.81,-4.15,-1.70,0.78,-0.76,355,322,312,352,336
2.06,1.51,-8.00,-2.51,1.11,0.08,350,319,308,350,336
7.23,8.78,-8.58,-1.88,0.71,-0.19,350,317,306,349,339
5.00,13.04,-10.99,0.53,-0.16,-0.15,350,318,306,349,345
1.95,7.16,-9.39,2.50,0.18,-0.56,350,318,306,350,341
4.77,-0.20,-6.65,2.45,0.27,-1.25,349,319,307,351,337
5.35,-13.75,-3.54,2.50,0.14,0.75,349,318,305,348,334
-7.82,-15.69,1.97,-1.32,-1.05,1.47,358,325,316,354,333
0.04,-6.99,-5.35,-1.22,0.91,-1.08,353,323,313,351,334
4.19,1.18,-8.62,-2.51,0.49,0.21,349,320,310,350,336
6.91,8.52,-10.54,-1.11,0.20,-0.02,348,318,308,350,336
3.44,8.46,-10.35,0.47,-0.42,0.03,348,317,308,349,337
1.71,5.28,-9.88,2.49,-0.14,-1.02,348,318,307,348,336
4.24,-4.92,-8.27,1.83,-0.21,-0.76,348,318,307,347,334
0.39,-13.05,-1.26,1.91,-0.28,1.45,352,318,306,346,333
-6.09,-11.63,-4.85,-0.70,0.54,0.08,354,320,308,346,334
END
2.04,-4.01,-6.58,-2.08,0.49,-0.73,349,317,306,346,335
4.12,4.90,-11.04,1.77,-0.12,-0.43,349,316,306,347,334
6.37,-4.01,-7.26,2.22,-0.10,-0.24,349,317,306,347,332
3.12,-11.67,-2.07,2.48,-0.60,1.66,350,316,304,345,331
-11.56,-15.29,1.34,-2.17,-0.76,1.20,354,320,310,350,334
-2.15,-4.13,-5.25,-1.89,1.10,-1.84,351,319,308,348,333
6.29,2.89,-5.85,-2.51,0.87,-1.27,348,317,305,346,334
9.12,9.30,-12.25,-0.36,0.23,0.10,347,316,304,345,334
4.79,5.46,-9.60,2.41,-0.32,0.53,346,316,304,346,333
0.61,0.73,-7.44,1.89,-0.71,-0.38,347,317,304,346,333
1.66,-15.97,-2.85,1.58,-0.52,0.51,351,317,304,345,332
-9.58,-13.57,-5.18,-1.05,-0.27,1.58,354,322,310,347,333
0.36,-3.93,-6.98,-2.01,1.15,-0.92,349,321,309,347,333
6.15,6.46,-8.13,-2.51,0.84,-0.75,348,318,307,346,335
9.92,11.46,-10.98,0.64,-0.54,-0.23,346,317,309,348,338
2.18,6.34,-9.39,2.48,-0.54,0.22,346,317,309,349,337
0.19,-3.24,-6.71,2.15,-0.48,-0.41,348,319,309,348,337
-2.43,-10.79,-0.92,1.69,-0.26,1.67,353,321,310,346,336
-4.69,-10.89,-5.10,-0.91,1.24,-0.28,353,322,312,347,337
3.23,-2.22,-7.77,-2.47,1.06,-1.25,348,320,309,347,335
8.07,5.38,-10.11,-1.93,0.57,-0.61,347,317,308,347,334
6.45,8.47,-11.53,0.47,-0.51,0.58,347,317,308,347,335
2.62,4.36,-9.23,1.98,-0.45,-0.04,347,317,308,347,335
3.23,1.56,-6.74,1.62,-0.75,-0.87,347,318,307,347,334
-0.55,-14.62,-3.00,0.54,-0.98,0.06,351,318,309,349,334
-7.79,-14.19,-5.13,0.00,-0.43,0.91,355,321,312,351,336
0.40,-5.93,-6.62,-1.23,1.36,-0.09,350,320,309,350,336
5.84,1.59,-8.20,-2.32,1.08,-0.69,347,317,307,348,335
9.46,9.51,-11.32,-1.00,-0.23,0.05,347,316,306,350,336
5.53,8.61,-10.76,2.41,-0.45,0.08,346,317,306,350,336
0.81,2.76,-7.34,1.99,-0.79,-0.56,347,319,308,350,336
-1.02,-14.35,-4.93,2.18,-0.44,-0.06,350,320,307,348,334
-8.89,-12.86,-3.04,-0.35,-0.19,1.34,354,323,309,350,335
END
-0.47,-5.55,-5.61,-2.03,0.98,-0.81,350,320,306,348,335
-7.56,-11.46,-1.65,-0.73,0.08,0.51,351,322,308,349,336
-0.77,-6.22,-5.79,-1.52,0.97,-0.32,349,321,308,348,335
4.45,0.20,-9.03,-2.07,1.08,-0.59,347,319,306,348,336
7.26,8.31,-12.10,-1.23,0.24,-0.58,347,317,305,348,336
5.47,5.27,-10.34,2.46,-0.27,0.10,347,317,305,348,334
2.00,-2.31,-7.93,2.01,-0.47,-0.17,347,319,306,348,333
-0.02,-11.79,-1.49,1.60,-1.02,0.95,352,320,306,348,334
-8.80,-11.84,-3.35,-0.70,0.14,0.57,356,325,312,351,338
-0.63,-4.68,-5.53,-2.34,1.25,-0.98,351,323,310,349,335
5.10,5.10,-10.55,-2.50,1.25,-1.09,348,320,307,348,335
11.41,9.96,-11.16,0.13,-0.05,0.01,348,318,305,349,333
5.66,4.18,-8.96,2.46,-0.47,0.02,347,318,305,349,332
3.18,-5.33,-6.47,1.89,-1.13,-0.18,347,319,305,349,332
-2.55,-11.41,-1.91,1.89,-1.14,1.84,351,322,307,348,334
-8.94,-9.35,-4.19,-0.70,1.15,0.37,356,328,319,354,339
3.72,-2.22,-7.42,-1.94,1.49,-1.57,348,321,311,350,335
7.07,6.68,-12.45,-2.07,0.40,-0.47,347,318,308,349,335
6.41,7.15,-11.97,1.49,-0.27,0.31,346,318,307,349,335
1.36,2.25,-8.87,1.72,-0.42,-0.15,347,319,308,348,333
2.73,-7.66,-6.06,1.68,-0.41,-0.36,348,320,307,348,332
-2.50,-12.81,-1.70,0.83,-0.55,1.14,352,321,306,348,333
-5.57,-11.94,-3.75,-1.33,0.55,0.30,352,322,308,348,334
1.96,-2.68,-7.09,-2.13,1.16,-0.54,349,320,307,347,333
5.20,6.76,-10.85,-2.51,0.81,-0.82,348,318,305,347,333
8.84,10.70,-11.46,0.49,-0.63,0.13,349,317,305,347,333
3.60,3.72,-9.03,2.50,-0.23,0.00,348,319,306,347,333
1.97,-8.87,-5.81,2.22,-0.80,0.16,348,321,306,347,333
-7.77,-12.28,-1.44,0.43,-1.16,2.15,355,326,315,348,337
-4.67,-8.08,-4.37,-0.92,1.61,-0.78,353,327,315,348,337
5.88,2.58,-9.81,-2.40,1.07,-1.58,349,323,311,347,335
10.14,9.11,-12.74,-1.28,0.47,-0.77,347,319,309,347,336
4.65,5.03,-10.21,1.71,-0.40,0.71,347,319,310,347,336
END
1.11,-4.46,-7.49,1.73,-0.57,-0.12,348,320,306,349,337
6.91,8.52,-10.92,-1.90,0.36,-0.44,348,319,306,350,339
7.01,9.21,-10.49,1.57,-0.72,0.34,347,319,306,351,339
1.12,3.07,-8.71,2.49,-0.45,-0.03,347,320,307,351,337
1.59,-8.69,-6.20,1.91,-0.59,-0.21,348,321,307,352,337
-3.15,-11.33,-1.63,0.78,-0.87,2.10,355,324,310,351,338
-4.29,-9.76,-4.27,-1.35,1.20,-0.63,354,325,312,352,337
4.80,0.14,-6.50,-2.51,1.02,-1.36,348,321,308,350,338
8.78,10.23,-12.39,-1.58,0.29,0.03,347,319,308,352,339
4.44,8.28,-10.44,2.50,-0.66,0.52,346,319,307,352,338
0.72,-2.01,-6.36,2.50,-0.60,-0.02,348,320,308,351,336
-5.41,-10.57,-1.43,1.02,-0.95,1.62,353,323,309,348,337
-3.82,-10.01,-3.49,-0.52,1.12,-0.59,352,322,308,348,338
3.18,-2.76,-8.35,-1.87,1.48,-0.60,348,320,306,348,334
9.01,4.34,-9.91,-1.89,1.11,-1.43,349,319,304,348,336
8.75,7.44,-11.65,0.18,-0.46,0.24,350,318,304,348,338
3.22,3.22,-8.43,2.39,-0.40,-0.04,348,318,304,348,336
2.78,-6.22,-7.44,1.60,-1.09,-0.23,348,319,305,348,335
-3.50,-9.88,-4.54,1.23,-1.12,0.70,350,321,306,348,336
-7.83,-10.85,-3.54,-1.06,0.29,0.38,352,323,308,349,338
2.24,-4.33,-7.53,-2.51,1.18,-1.04,350,321,307,349,336
6.42,5.53,-10.85,-2.45,1.09,-0.31,348,320,308,350,339
7.80,12.05,-10.45,0.68,-0.41,-0.01,348,321,313,355,343
3.01,3.25,-8.91,2.50,-0.69,-0.08,347,321,311,353,341
1.34,-7.90,-5.62,2.50,-0.64,0.34,349,321,309,352,340
-4.74,-8.45,-2.14,0.70,-1.09,1.57,353,322,310,351,342
-5.94,-7.82,-4.29,-1.90,0.49,-0.09,352,324,312,351,344
1.65,-0.68,-9.93,-1.91,2.02,-0.81,349,321,310,351,342
10.41,6.36,-8.35,-2.34,1.64,-0.76,350,319,308,351,340
9.59,9.75,-10.24,1.12,-0.93,0.44,348,320,308,354,342
3.66,1.82,-8.99,2.50,-0.93,0.21,347,319,307,353,339
0.17,-6.25,-6.09,2.28,-1.35,0.93,348,320,308,352,340
-8.61,-7.87,-3.22,0.99,-0.46,1.03,352,323,309,352,344
END
-5.29,-9.94,-3.25,-1.25,1.07,-0.27,347,319,306,350,337
0.93,-8.69,-6.12,2.14,-0.64,0.71,348,320,306,350,336
-3.12,-10.17,-1.52,1.71,-0.61,1.60,352,322,306,349,336
-5.19,-11.03,-3.97,-1.29,0.74,-0.62,352,323,308,349,336
1.79,-1.00,-8.08,-2.51,0.81,-1.33,348,320,306,348,336
7.33,8.54,-10.71,-2.49,0.69,-0.25,348,318,305,348,338
8.64,10.89,-10.77,2.26,-0.50,0.49,347,317,305,349,337
2.53,2.32,-9.09,2.50,-0.38,0.20,346,319,305,349,335
1.69,-8.34,-5.81,1.90,-0.86,0.01,348,319,305,349,335
-4.30,-11.54,-1.46,0.21,-1.10,1.73,355,324,309,349,337
-2.52,-8.15,-5.48,-1.12,1.41,-0.55,353,326,312,350,337
3.93,-1.84,-7.26,-1.94,1.28,-0.14,351,323,310,350,336
6.38,5.03,-9.63,-2.31,0.60,0.04,348,320,307,350,336
9.03,8.54,-11.11,0.52,-0.56,-0.27,347,318,306,350,335
3.26,3.62,-9.23,2.50,-0.56,-0.17,346,318,306,349,334
1.59,-7.68,-6.07,2.00,-0.54,-0.69,348,317,304,348,333
-3.15,-12.32,-1.80,1.54,-0.30,1.14,348,316,303,346,332
-5.92,-11.01,-2.81,-1.30,0.91,-0.60,347,315,303,346,332
6.53,-1.00,-7.80,-2.50,0.90,-1.52,346,313,301,343,331
10.57,7.18,-11.98,-0.88,0.13,-0.72,346,313,300,343,331
4.40,6.16,-11.84,1.44,-0.62,1.27,344,312,300,343,331
-0.83,-2.89,-7.66,1.66,-0.90,0.20,344,313,300,343,331
-3.11,-10.53,-1.60,1.71,-0.70,0.93,346,313,300,343,335
-3.07,-10.58,-3.00,-0.42,1.06,-0.09,346,313,300,343,336
2.38,-4.24,-6.65,-2.07,0.47,-1.08,345,313,300,341,335
8.41,0.79,-10.82,-0.99,0.85,-0.25,344,312,299,340,331
10.88,3.33,-12.72,0.40,-0.07,0.32,344,312,299,341,331
4.80,0.42,-9.65,1.11,-0.56,0.03,344,313,299,340,331
2.54,-6.26,-5.81,1.36,-1.18,0.29,344,313,300,341,331
-5.29,-9.58,-2.55,1.24,-1.04,1.15,350,317,301,342,337
-9.28,-9.40,-1.45,-1.11,0.01,0.62,353,322,306,345,345
-0.25,-4.47,-6.52,-1.91,2.00,-1.40,350,319,304,345,336
6.93,4.13,-9.67,-2.51,1.00,-1.11,350,317,302,343,336
END
10.16,10.49,-10.90,-0.02,0.12,-0.14,352,321,304,348,336
-1.24,-7.01,-5.66,-1.67,1.09,-0.74,350,320,304,346,335
5.22,0.90,-5.27,-2.51,0.95,-1.00,347,318,302,345,335
7.63,8.35,-10.64,-1.93,0.45,-0.17,348,317,302,345,339
5.17,8.40,-9.89,1.15,-0.18,0.11,347,316,301,345,338
2.96,3.83,-8.23,2.41,-0.17,-0.49,346,318,302,346,337
4.89,-6.58,-7.03,2.17,-0.30,-0.38,347,318,302,346,334
0.60,-11.82,-1.12,2.41,-0.49,2.14,350,319,303,345,334
-8.34,-12.07,-3.93,-1.60,0.61,0.26,353,323,307,347,335
0.90,-0.85,-6.67,-2.51,0.75,-1.37,348,319,305,345,335
8.58,8.61,-8.69,-2.51,1.34,-1.21,349,318,302,344,335
7.33,12.59,-8.47,0.77,-0.19,0.60,348,317,302,344,337
3.48,6.87,-10.37,2.47,-0.62,-0.24,346,317,302,345,335
3.91,-5.32,-7.85,2.50,-0.42,0.35,346,317,302,345,334
-1.14,-11.09,-2.77,2.45,-0.50,1.58,349,318,302,344,333
-7.75,-11.20,-2.88,-1.46,0.45,0.11,351,321,304,347,334
2.46,-2.86,-5.74,-2.47,0.93,-1.39,348,320,303,345,334
7.14,6.73,-9.60,-2.51,0.91,-1.62,348,319,303,345,337
9.76,12.81,-11.44,1.75,-0.54,0.74,346,317,303,347,338
3.96,6.02,-8.97,2.50,-0.35,0.16,345,318,303,347,336
3.96,-12.21,-4.78,2.06,-0.89,-0.14,350,318,303,347,334
-12.28,-13.76,0.03,-0.37,-1.52,2.29,359,326,312,350,340
-2.19,-4.90,-4.00,-1.77,1.52,-1.68,353,323,309,347,337
4.22,5.67,-9.45,-2.51,1.08,-1.36,348,320,306,346,338
10.20,11.90,-10.72,-0.04,0.11,0.18,348,319,305,346,340
3.94,7.31,-9.64,2.50,-0.37,0.49,347,318,305,347,339
2.28,-4.21,-6.39,2.50,-0.41,0.02,347,319,305,346,336
-1.08,-10.24,-3.72,2.21,-0.48,0.91,350,320,304,346,335
-7.42,-11.26,-2.42,-0.46,0.12,0.64,353,322,306,347,336
0.64,-6.44,-5.56,-2.05,0.85,-0.80,351,321,306,346,335
6.07,2.52,-8.46,-2.51,0.76,-1.23,348,319,305,346,336
8.08,10.62,-11.92,-0.79,0.16,-0.23,348,318,305,347,338
5.17,6.96,-9.04,2.50,-0.09,0.59,346,318,305,346,337
END
1.17,-4.14,-6.82,2.41,-0.58,-0.03,343,314,302,344,335
0.41,-7.19,-5.43,2.06,-0.57,-0.11,343,313,301,344,335
-3.59,-10.96,-0.37,1.29,-0.26,1.40,344,313,301,344,334
-3.82,-11.28,-3.52,-0.85,1.05,-0.55,346,314,302,344,334
4.19,-3.14,-7.98,-2.50,0.50,-1.19,344,314,301,344,333
8.43,4.59,-10.97,-1.34,0.31,-0.92,345,313,300,343,334
8.32,7.97,-12.54,0.77,-0.47,0.57,344,313,300,343,334
1.76,2.81,-9.00,2.12,-0.32,0.58,343,313,300,342,334
1.21,-7.86,-5.13,1.78,-0.24,-0.58,345,314,300,343,334
-2.10,-11.44,-0.86,0.75,-0.22,1.85,347,315,301,343,333
-2.51,-10.41,-3.29,-1.37,1.16,-0.33,349,319,303,345,333
4.29,0.28,-7.80,-2.51,0.75,-0.95,345,317,302,344,334
8.61,9.88,-11.19,-1.20,0.47,-0.55,345,315,301,344,337
7.09,11.21,-11.05,1.59,-0.67,0.87,344,315,301,344,335
0.90,4.26,-7.53,2.49,-0.42,-0.41,344,316,302,344,334
2.48,-11.98,-2.68,1.41,-0.78,-0.44,346,316,302,344,334
-8.06,-16.60,-5.30,-0.00,-0.63,2.18,355,323,306,347,335
0.50,-7.46,-5.86,-1.80,1.37,-1.56,351,321,305,346,334
4.65,3.42,-9.93,-2.51,0.71,-0.63,348,319,304,345,336
9.83,10.93,-9.81,0.56,0.02,0.02,347,318,303,346,336
3.96,7.68,-10.39,2.44,-0.59,0.45,345,318,303,346,336
2.16,-3.03,-6.24,2.45,-0.61,-0.20,346,320,304,346,334
-1.66,-9.74,-2.16,2.19,-0.68,0.91,350,321,304,345,337
-8.69,-12.23,-0.30,0.33,0.80,0.68,355,325,307,347,340
0.55,-7.75,-5.17,-2.36,1.25,-1.42,352,324,306,347,335
6.86,1.99,-5.25,-2.51,0.62,-2.17,348,320,305,346,335
9.34,9.76,-12.97,-1.18,-0.37,-0.21,347,318,304,346,338
3.46,5.60,-10.14,2.50,-0.30,0.86,346,318,304,347,337
0.57,-7.51,-6.28,2.28,-0.70,0.54,349,319,304,346,336
-6.28,-10.43,0.24,0.63,-0.68,2.10,356,323,307,346,342
-3.73,-8.97,-4.44,-1.56,1.39,-1.11,354,323,309,346,337
6.12,2.41,-6.37,-2.51,0.82,-2.47,347,319,305,345,335
9.58,9.60,-13.14,-0.51,-0.07,-0.71,346,317,304,345,336
END