0.65,9.42,1.95,0.11,-0.04,0.02,334,305,304,341,341
3.04,1.16,-9.72,0.03,0.02,-0.01,335,305,304,341,342
3.30,1.18,-9.38,0.03,-0.01,-0.03,334,305,304,341,342
2.61,1.08,-9.62,0.04,0.02,-0.04,334,304,304,341,341
3.12,1.22,-9.73,0.03,0.01,-0.06,334,305,304,341,341
2.56,0.76,-9.44,-0.01,-0.01,-0.08,334,305,304,341,341
2.59,0.18,-8.57,-0.21,-0.12,-0.40,334,305,304,341,342
2.71,0.87,-8.52,-0.46,-0.22,-0.43,334,305,303,341,341
1.50,1.82,-8.12,-0.56,-0.10,-0.39,334,305,303,340,341
2.17,3.47,-7.91,-0.81,-0.17,-0.49,334,304,303,341,341
2.03,4.39,-7.77,-0.81,-0.14,-0.34,334,304,303,341,341
2.13,5.10,-8.03,-0.84,-0.11,-0.25,333,304,302,341,341
0.06,8.40,-7.55,-0.51,0.01,-0.18,332,304,302,341,341
1.82,5.66,-7.27,-0.81,-0.25,-0.37,332,304,301,340,341
0.37,8.01,-6.91,-0.55,-0.09,-0.17,332,304,301,340,342
0.40,7.16,-6.07,-0.60,-0.15,0.01,332,304,301,340,341
0.31,8.99,-5.89,-0.65,-0.24,-0.60,331,304,301,340,341
-0.08,8.46,-5.26,-0.59,-0.30,-0.11,331,304,301,340,342
0.37,8.24,-4.66,-0.59,-0.17,-0.17,330,304,301,339,342
-1.28,10.55,-3.79,-0.54,-0.08,0.02,331,304,301,340,343
-0.02,9.01,-3.06,-0.52,-0.09,-0.04,331,304,300,339,342
-0.94,9.60,-2.66,-0.56,-0.01,0.01,330,304,300,339,341
-0.57,9.71,-1.66,-0.52,-0.03,-0.21,329,303,300,339,341
-0.30,10.55,-1.93,-0.65,-0.24,-0.26,329,303,300,339,341
-0.55,10.65,-0.64,-0.35,-0.13,-0.07,329,303,300,339,341
-1.97,9.19,-0.50,-0.28,0.01,0.07,329,303,300,339,341
-0.50,9.12,0.04,-0.43,-0.10,0.08,329,303,300,339,341
-1.55,10.07,0.41,-0.43,-0.01,-0.02,329,304,300,338,341
-1.37,11.36,0.82,-0.34,-0.03,-0.08,329,303,300,338,341
-1.07,12.45,0.59,-0.21,0.01,-0.12,329,303,300,338,341
-0.67,11.03,0.19,-0.03,0.01,-0.02,329,303,300,339,341
-0.73,9.22,0.90,-0.03,0.01,0.03,329,303,300,338,340
0.14,10.03,1.13,-0.03,-0.05,0.02,329,303,300,339,341
-1.24,10.09,1.62,0.00,-0.02,0.06,328,303,300,339,342
-0.16,9.89,1.76,-0.02,-0.07,-0.02,328,303,300,338,341
-0.62,9.53,1.46,0.03,0.02,0.02,329,303,300,339,342
END
-0.26,9.62,1.39,0.02,0.02,-0.01,333,304,304,342,336
3.35,0.70,-9.38,0.00,0.00,-0.04,333,304,304,342,336
3.68,0.92,-9.40,0.01,-0.01,-0.08,333,304,304,342,336
3.89,0.66,-9.78,0.01,0.01,-0.02,333,304,303,342,336
3.78,1.03,-9.54,0.02,-0.03,-0.06,333,304,304,342,336
3.40,0.23,-9.22,-0.01,-0.01,-0.01,333,304,304,342,336
3.67,0.03,-8.70,-0.14,-0.15,-0.34,333,304,304,342,336
3.34,-0.06,-8.81,-0.27,-0.19,-0.29,333,304,304,342,336
2.90,0.54,-8.99,-0.35,-0.06,-0.08,333,304,304,342,336
2.70,1.47,-8.38,-0.51,-0.07,-0.17,333,304,303,342,336
2.62,2.63,-8.09,-0.64,-0.08,-0.18,332,304,302,341,336
3.07,3.13,-8.06,-0.73,-0.01,0.03,332,304,302,341,336
1.83,6.20,-8.28,-0.58,-0.05,-0.75,331,304,301,340,336
4.62,5.86,-8.02,-0.88,-0.49,-0.13,330,303,300,340,335
1.84,7.90,-7.90,-0.29,0.05,-0.18,329,303,300,339,335
0.65,5.61,-7.11,-0.65,-0.08,-0.15,328,303,300,339,335
1.87,8.00,-6.64,-0.57,-0.12,-0.31,328,303,299,339,335
2.13,7.12,-6.27,-0.55,-0.15,-0.18,328,303,299,339,334
0.96,8.07,-5.77,-0.52,-0.16,-0.17,328,303,299,339,334
0.21,8.47,-4.92,-0.48,-0.08,-0.22,328,303,299,339,334
0.58,8.92,-4.92,-0.49,-0.11,-0.16,327,303,299,339,334
0.10,9.60,-4.62,-0.40,0.03,-0.17,327,304,299,338,334
0.82,8.89,-4.19,-0.38,-0.09,-0.09,327,304,299,338,335
-0.03,10.51,-3.92,-0.24,-0.08,-0.42,327,303,299,338,334
0.04,8.05,-3.28,-0.41,0.03,0.09,327,303,300,338,334
1.08,10.73,-2.99,-0.35,0.00,-0.10,327,303,299,338,334
0.09,9.38,-2.18,-0.37,-0.06,-0.09,327,303,299,338,334
0.22,9.51,-2.07,-0.51,-0.11,0.02,327,303,299,336,334
0.73,10.41,-1.64,-0.40,0.02,0.09,327,303,300,338,334
-0.49,11.56,-1.13,-0.48,-0.15,-0.04,327,303,300,338,334
0.14,10.57,-1.39,-0.27,-0.08,-0.12,327,303,300,338,334
0.29,10.16,-1.08,-0.24,0.01,-0.07,327,303,300,338,334
0.67,10.79,-0.64,-0.18,-0.07,-0.23,328,303,300,338,335
0.66,10.57,-0.04,-0.13,-0.02,-0.01,327,303,300,338,335
-0.50,10.86,-0.29,-0.06,-0.02,-0.14,327,303,300,338,335
-0.17,9.94,0.04,-0.02,-0.03,-0.19,327,303,300,338,335
END
-0.75,9.40,0.42,-0.09,-0.15,-0.40,342,306,311,346,335
3.04,1.09,-9.30,0.04,0.01,0.01,342,306,311,346,335
2.86,1.45,-9.67,0.03,-0.00,-0.04,341,306,311,346,335
2.92,0.85,-9.07,0.02,0.01,-0.03,341,306,311,346,335
3.39,1.08,-9.34,0.02,-0.03,-0.07,342,306,311,346,335
2.86,0.87,-9.21,-0.01,-0.07,-0.20,341,306,311,346,335
3.54,-0.19,-8.56,-0.19,-0.23,-0.43,341,306,311,347,335
2.25,0.17,-8.38,-0.41,-0.19,-0.28,341,306,311,346,334
2.63,1.19,-8.26,-0.57,-0.21,-0.37,340,306,309,346,334
1.11,2.28,-8.02,-0.69,-0.07,0.02,339,306,308,345,334
1.11,4.41,-7.50,-0.76,-0.04,-0.17,338,305,307,344,334
1.95,6.13,-8.90,-0.90,-0.37,-0.43,337,305,305,343,336
2.63,4.86,-7.24,-0.88,-0.44,-0.12,337,305,304,342,337
1.12,7.93,-7.13,-0.68,-0.12,-0.42,336,305,303,341,337
-0.78,7.85,-5.58,-0.79,-0.29,-0.22,335,305,303,341,336
0.24,10.44,-5.84,-0.76,-0.29,-0.09,333,304,302,341,337
0.47,8.30,-5.12,-0.60,-0.09,0.20,333,304,302,340,337
-0.24,9.23,-4.58,-0.62,-0.01,-0.02,332,304,302,341,337
-0.11,8.80,-3.91,-0.62,-0.00,0.13,331,304,301,340,336
-0.17,9.67,-2.62,-0.58,-0.03,0.01,329,304,301,339,335
-0.90,10.40,-2.63,-0.55,-0.28,-0.37,327,303,300,338,334
-0.10,10.49,-2.23,-0.46,0.02,-0.13,327,303,300,338,333
0.47,8.89,-1.58,-0.55,0.13,0.10,327,303,299,338,333
0.01,12.14,-1.11,-0.41,-0.24,-0.36,327,303,299,338,334
-0.47,11.18,-0.84,-0.31,-0.01,-0.06,327,303,299,338,333
-0.28,10.47,-1.08,-0.30,-0.01,0.05,327,303,300,338,333
-0.26,11.42,-1.06,-0.19,-0.08,-0.06,327,303,299,338,334
-0.68,10.99,-0.50,-0.06,0.00,-0.02,327,303,299,338,334
-0.30,10.44,-0.47,0.04,0.01,-0.02,327,303,300,338,334
-0.63,10.08,0.03,0.03,-0.03,-0.02,327,303,300,338,334
-0.19,9.99,0.12,0.05,0.01,0.00,327,303,300,338,334
-0.55,9.94,0.22,0.05,0.01,-0.02,327,303,300,339,334
-0.12,9.81,0.04,0.04,-0.03,-0.04,327,303,300,338,334
-0.52,9.87,0.17,0.06,0.02,-0.03,327,303,300,338,334
0.38,9.71,-0.66,0.04,0.03,0.02,327,303,300,339,334
-0.29,10.20,-0.07,0.05,-0.04,-0.06,327,303,300,339,334
END
-0.20,9.94,0.01,0.05,-0.00,-0.03,334,306,308,345,331
3.60,0.14,-9.35,0.02,0.02,-0.01,333,305,307,345,331
3.54,0.79,-8.92,-0.05,0.01,0.05,333,305,307,345,330
3.42,0.83,-9.38,0.02,-0.08,-0.14,334,305,308,345,331
3.53,0.65,-9.29,0.00,-0.04,-0.04,333,306,308,345,331
3.48,0.27,-9.07,-0.05,-0.09,-0.15,333,305,308,345,331
3.78,0.04,-9.20,-0.15,-0.15,-0.21,333,306,307,345,330
2.97,-0.01,-8.88,-0.22,-0.12,-0.16,334,305,308,344,330
2.85,1.36,-9.06,-0.34,-0.12,-0.17,334,306,307,345,330
2.77,1.49,-8.70,-0.44,-0.10,-0.17,334,305,307,344,330
3.68,1.47,-8.15,-0.57,-0.02,0.21,333,305,306,343,330
2.03,3.06,-7.70,-0.73,0.05,0.24,333,305,306,343,330
3.07,4.48,-8.25,-0.81,-0.34,-0.27,332,305,305,343,331
3.19,5.14,-7.72,-0.67,-0.15,-0.27,332,305,304,342,331
1.12,7.12,-7.75,-0.55,0.02,-0.22,331,305,303,341,331
2.13,6.56,-6.86,-0.66,-0.24,-0.29,331,304,302,341,330
1.36,6.55,-6.78,-0.60,-0.15,-0.34,331,304,302,341,330
1.79,7.74,-6.32,-0.54,-0.16,-0.41,330,304,302,340,331
-0.44,8.36,-5.89,-0.57,0.05,-0.11,330,304,302,340,330
1.36,8.19,-5.54,-0.76,-0.23,-0.16,330,304,301,340,330
0.82,8.93,-4.24,-0.59,0.01,-0.03,329,304,301,340,330
0.14,10.56,-4.16,-0.48,-0.03,-0.30,329,304,301,340,330
-1.28,9.58,-3.65,-0.51,-0.01,-0.07,329,304,301,340,330
1.00,10.05,-3.40,-0.49,-0.31,-0.09,329,304,301,340,331
-0.39,10.39,-2.27,-0.39,-0.28,-0.30,329,304,301,340,331
-0.19,9.89,-1.68,-0.48,-0.07,-0.05,329,304,301,340,331
-0.73,10.19,-1.25,-0.50,0.01,0.03,329,304,301,340,332
-0.46,11.07,-1.14,-0.46,-0.20,-0.10,329,304,301,340,332
-0.32,9.73,-0.32,-0.46,-0.17,-0.08,329,304,301,340,332
-0.57,10.72,-0.11,-0.39,-0.10,-0.04,329,304,301,340,333
0.04,11.03,-0.01,-0.29,-0.13,-0.00,329,304,301,340,333
-0.80,11.23,-0.21,-0.13,-0.03,-0.01,329,304,301,340,333
-0.61,11.28,-0.19,-0.02,-0.05,-0.04,329,304,301,340,333
-0.60,10.43,0.21,0.09,0.00,0.01,329,304,301,340,333
-0.48,10.41,0.03,0.11,-0.02,-0.06,329,304,301,340,333
-0.58,9.73,0.71,0.14,-0.00,-0.03,329,304,301,340,333
END
-0.53,9.73,0.52,0.12,0.01,-0.03,335,305,306,344,332
2.92,0.78,-9.45,0.04,0.02,0.03,335,305,306,344,332
3.27,0.80,-9.71,0.03,-0.02,-0.02,335,305,306,344,332
3.01,0.72,-9.35,0.01,-0.03,-0.07,335,304,306,344,332
3.37,0.75,-9.43,-0.02,-0.03,-0.07,334,305,306,344,332
3.29,0.62,-9.50,-0.05,-0.06,-0.08,334,305,306,344,332
2.97,-0.39,-8.78,-0.18,-0.14,-0.24,335,304,306,344,332
2.98,0.77,-8.58,-0.35,-0.14,-0.17,335,305,306,344,332
2.03,1.09,-8.87,-0.44,-0.12,-0.11,335,304,306,344,332
2.38,2.00,-8.36,-0.59,-0.16,-0.16,334,305,305,343,332
2.13,3.07,-7.99,-0.63,-0.13,-0.16,334,304,304,343,332
2.04,3.99,-8.22,-0.80,-0.29,-0.19,333,304,304,342,332
1.03,4.80,-7.12,-0.79,-0.10,0.08,333,304,303,342,332
0.43,6.45,-7.25,-0.78,-0.13,-0.48,332,304,303,342,332
-0.80,6.68,-6.59,-0.94,-0.36,-0.49,332,304,303,341,333
0.74,9.28,-6.08,-1.15,-0.71,-0.46,332,304,303,341,335
-0.68,8.84,-5.92,-0.71,-0.10,-0.32,332,304,302,341,335
-0.83,8.96,-4.65,-0.76,-0.16,-0.32,331,304,302,341,335
-0.95,9.85,-4.26,-0.80,-0.08,-0.29,331,304,302,340,335
-0.75,8.84,-3.40,-0.47,0.10,-0.10,330,304,302,340,334
-1.89,10.67,-2.52,-0.63,-0.05,0.17,330,304,302,340,334
-1.26,10.65,-2.69,-0.50,-0.25,-0.05,330,304,302,340,333
-0.87,11.14,-1.39,-0.45,-0.25,-0.05,329,304,301,340,334
-0.71,9.07,-0.73,-0.42,-0.06,0.15,329,304,301,340,334
-0.86,10.34,-0.44,-0.51,-0.12,0.08,329,304,301,340,334
-1.42,10.24,0.32,-0.48,-0.18,0.07,329,304,301,340,334
-0.42,10.27,0.22,-0.43,-0.11,-0.03,329,303,301,340,334
-0.60,10.54,0.95,-0.35,0.04,0.03,329,304,301,340,334
-0.83,10.47,1.09,-0.30,-0.04,-0.02,329,304,301,339,334
-0.31,11.06,0.78,-0.20,-0.01,0.09,329,304,301,339,334
-0.25,10.81,1.07,-0.09,-0.09,-0.10,329,304,301,340,334
-0.48,10.43,1.18,0.06,-0.02,0.01,329,304,301,340,334
-0.78,9.89,1.92,0.11,-0.02,-0.07,329,304,301,340,335
-0.61,9.72,1.71,0.12,-0.01,-0.08,329,304,301,340,335
-0.39,9.66,1.64,0.11,-0.02,-0.07,329,304,301,340,335
-0.46,9.85,1.52,0.11,0.04,-0.00,329,304,301,340,335
END
-0.29,9.70,1.36,0.10,-0.02,-0.07,335,305,308,344,332
3.60,0.67,-9.27,-0.12,-0.05,-0.10,335,305,308,344,332
3.03,1.00,-8.99,-0.22,-0.15,-0.31,335,305,308,343,332
2.93,1.92,-9.30,-0.27,-0.16,-0.24,334,305,307,344,332
3.19,1.99,-9.45,-0.30,-0.16,-0.18,335,305,307,343,332
2.48,2.33,-9.24,-0.21,-0.11,-0.24,334,305,306,343,332
2.07,1.72,-8.51,-0.41,-0.17,-0.17,334,305,306,343,332
2.60,2.50,-8.46,-0.51,-0.22,-0.24,334,304,305,343,333
1.92,4.49,-8.54,-0.51,-0.13,-0.13,333,304,304,342,332
2.03,3.99,-7.69,-0.66,-0.06,0.43,332,304,303,342,332
1.19,6.29,-8.42,-0.51,0.00,0.01,332,304,303,342,332
0.80,6.49,-7.64,-0.57,-0.19,-0.33,332,305,303,341,332
1.84,6.11,-7.65,-0.59,-0.08,-0.15,332,304,303,341,332
1.05,8.24,-7.01,-0.43,-0.08,-0.64,332,304,302,341,333
0.30,6.67,-5.96,-0.59,-0.19,-0.30,331,304,302,340,333
0.90,8.31,-5.89,-0.57,-0.11,-0.21,331,304,302,340,333
-1.06,8.77,-5.15,-0.52,-0.03,-0.33,331,304,302,340,333
0.42,8.92,-5.25,-0.55,-0.07,-0.19,331,303,302,340,333
0.17,9.17,-5.20,-0.44,0.02,-0.05,330,304,302,340,333
-0.40,9.63,-4.65,-0.31,0.09,-0.08,330,304,302,341,333
-0.76,8.71,-3.62,-0.40,0.03,0.08,330,304,303,341,333
0.57,9.53,-3.63,-0.44,-0.19,-0.10,330,304,302,341,333
-0.46,9.80,-2.75,-0.37,-0.15,-0.01,330,304,302,340,333
-0.80,9.10,-2.37,-0.41,-0.11,0.02,329,304,302,340,333
-0.80,9.94,-1.53,-0.47,-0.18,-0.06,330,304,302,340,334
-0.22,9.90,-1.14,-0.47,-0.07,0.08,329,304,302,340,333
-0.73,10.39,-0.93,-0.43,-0.07,-0.02,329,304,302,340,334
-0.06,9.16,0.10,-0.48,-0.08,-0.03,329,304,302,340,334
0.60,10.47,0.38,-0.47,-0.12,0.03,329,304,302,340,334
-0.78,11.46,0.95,-0.40,-0.03,-0.09,329,304,302,340,334
0.01,11.79,0.05,-0.21,-0.12,-0.12,329,304,302,339,334
-0.74,11.19,0.03,-0.03,0.12,0.05,329,303,302,339,334
0.49,10.29,0.08,0.02,-0.03,-0.07,329,303,301,340,334
-0.32,9.89,1.08,0.05,-0.00,-0.01,329,304,301,339,334
-0.07,9.55,1.21,0.03,-0.07,-0.03,329,304,301,339,334
-0.55,10.00,1.13,0.03,-0.09,-0.11,329,303,302,339,335
END
-0.71,9.83,1.25,0.06,0.07,-0.02,330,303,309,341,331
2.57,0.03,-9.53,0.09,-0.01,0.10,330,303,308,341,331
2.11,0.67,-9.58,0.03,-0.03,0.15,330,303,308,341,332
2.73,0.84,-8.96,0.02,-0.07,0.03,330,303,308,341,332
2.56,0.43,-9.65,-0.01,-0.02,0.11,329,303,308,341,331
2.35,1.01,-9.58,-0.06,-0.07,0.04,330,303,308,341,331
2.87,0.55,-9.34,-0.10,-0.10,0.04,330,303,308,341,331
2.04,-0.54,-8.46,-0.38,-0.24,-0.21,330,303,307,341,331
1.81,-1.50,-7.29,-0.61,-0.24,-0.20,330,303,307,341,331
0.96,1.52,-7.66,-0.82,-0.09,-0.19,330,303,306,341,332
0.20,2.87,-7.44,-1.08,-0.23,-0.08,330,303,305,340,332
1.67,4.58,-7.36,-1.14,-0.21,-0.08,329,303,304,340,333
1.13,9.12,-7.62,-1.23,-0.49,0.46,329,303,304,340,336
1.56,6.94,-7.33,-1.21,-0.29,0.03,329,303,303,341,339
1.13,7.57,-5.75,-1.03,-0.03,-0.20,328,303,303,340,340
1.18,10.85,-5.33,-0.88,-0.09,-0.03,328,303,303,340,340
-0.15,9.96,-4.53,-0.82,-0.01,-0.11,328,303,302,340,339
1.46,11.05,-4.67,-0.65,-0.02,-0.13,328,303,302,339,338
-0.47,10.68,-3.64,-0.44,0.03,-0.33,329,303,302,339,337
-0.46,8.59,-2.68,-0.52,-0.08,-0.14,328,303,302,339,336
0.56,9.64,-1.95,-0.52,-0.13,-0.30,328,302,301,339,336
-0.31,9.63,-1.17,-0.59,-0.08,-0.09,328,302,301,339,337
-0.54,10.50,-0.34,-0.64,-0.04,0.01,328,303,301,339,337
-0.03,11.05,0.05,-0.56,-0.10,-0.04,328,302,301,339,337
0.05,10.71,0.84,-0.51,0.04,0.13,328,302,301,338,337
0.09,10.85,0.78,-0.38,0.11,0.04,328,302,301,338,336
-0.14,11.04,0.97,-0.28,-0.01,0.01,327,302,301,338,336
-0.06,11.08,0.99,-0.16,-0.02,-0.10,327,302,301,338,336
-0.06,10.66,1.00,-0.04,0.02,-0.03,327,302,301,338,336
0.29,10.57,1.39,0.01,-0.01,-0.07,327,302,301,338,336
0.27,10.00,1.53,0.08,0.03,-0.02,326,302,301,338,336
0.18,9.96,1.56,0.10,-0.03,-0.07,327,302,301,338,336
0.21,9.93,1.59,0.12,-0.03,-0.08,327,302,300,338,336
-0.24,10.06,1.71,0.15,-0.01,-0.06,327,302,301,338,336
-0.20,10.53,1.26,0.18,0.01,-0.05,327,302,301,338,336
-0.17,11.29,0.85,0.27,-0.10,-0.02,328,302,301,338,337
END
-0.04,11.69,0.12,0.47,-0.01,-0.04,336,303,310,343,331
3.38,1.41,-9.48,-0.15,-0.04,-0.02,336,303,309,343,331
2.59,2.35,-9.70,-0.07,-0.01,0.06,335,303,309,343,331
2.38,1.35,-9.55,-0.12,-0.05,-0.03,335,303,309,343,331
2.24,1.65,-9.12,-0.14,-0.06,-0.07,335,303,308,343,331
2.32,1.94,-9.36,-0.13,-0.05,-0.15,335,303,309,342,331
2.12,2.23,-9.10,-0.21,-0.03,-0.16,335,303,308,342,331
2.20,1.87,-8.82,-0.33,-0.14,-0.30,335,303,308,342,331
2.28,2.89,-8.88,-0.34,-0.18,-0.41,335,303,308,342,332
2.08,2.86,-8.41,-0.46,-0.13,-0.19,335,303,307,342,331
1.78,4.86,-8.90,-0.44,-0.15,-0.29,334,303,307,341,332
1.23,3.85,-8.02,-0.54,-0.19,-0.07,334,303,307,341,331
0.78,5.91,-8.22,-0.45,-0.19,-0.40,333,303,306,341,331
0.40,6.60,-8.31,-0.55,-0.33,-0.27,333,302,306,341,331
0.63,6.35,-7.80,-0.52,-0.31,-0.25,332,303,305,341,331
-0.69,7.35,-7.57,-0.40,0.02,-0.02,332,303,305,341,331
0.46,5.86,-5.77,-0.58,-0.14,0.17,331,302,305,340,331
-0.91,8.99,-6.28,-0.43,-0.18,-0.55,331,302,304,340,332
-0.22,7.21,-5.43,-0.65,-0.20,0.03,330,302,304,340,331
-1.23,10.40,-5.24,-0.63,-0.08,-0.05,330,302,303,340,332
0.96,9.33,-4.68,-0.62,-0.39,0.08,330,302,303,340,333
-1.63,8.18,-3.73,-0.47,0.03,0.12,330,302,303,340,332
-0.22,8.46,-2.83,-0.69,-0.26,-0.02,330,302,303,340,333
-0.14,9.55,-1.64,-0.71,-0.23,-0.10,330,302,303,339,333
-0.95,9.96,-0.84,-0.77,-0.04,0.11,329,302,303,339,333
-0.02,10.55,-0.13,-0.77,-0.08,0.10,330,302,303,339,333
-0.57,13.19,0.07,-0.65,-0.14,-0.18,329,302,302,339,333
-0.70,11.67,0.48,-0.57,-0.02,0.08,331,302,302,339,333
-0.56,10.71,0.57,-0.41,0.02,0.10,331,302,302,339,333
0.01,11.54,0.73,-0.32,-0.13,-0.12,331,302,302,339,333
-0.29,10.88,1.31,-0.05,0.03,0.09,331,302,302,339,334
-0.50,10.34,1.36,0.03,-0.04,-0.02,331,302,302,339,334
-0.26,9.86,1.69,0.07,-0.05,-0.06,331,302,302,339,334
-0.52,9.76,1.80,0.13,0.03,-0.02,331,302,303,339,334
-0.37,9.50,1.97,0.09,-0.03,-0.05,331,302,302,339,334
-0.06,9.62,1.68,0.11,0.03,-0.03,330,302,302,339,334
END
-0.47,9.62,1.87,0.09,0.03,-0.03,332,302,309,344,330
2.62,1.30,-9.33,-0.01,-0.04,-0.03,332,303,309,344,330
2.78,1.68,-9.54,-0.03,-0.05,-0.05,332,303,309,344,328
2.76,1.94,-9.88,0.01,-0.05,-0.02,332,303,309,344,330
2.58,1.24,-9.44,0.01,-0.05,-0.01,332,303,309,344,330
2.92,0.62,-8.90,-0.08,-0.07,-0.02,332,303,309,344,330
2.40,1.23,-9.04,-0.23,-0.11,0.00,332,303,309,344,330
2.39,0.61,-8.56,-0.34,-0.22,-0.10,333,303,309,344,330
2.14,2.01,-8.91,-0.44,-0.20,-0.08,333,303,309,344,330
1.80,3.04,-8.66,-0.51,-0.16,-0.11,332,303,308,343,330
2.23,3.26,-8.40,-0.70,-0.49,-0.18,333,303,308,343,331
0.12,5.83,-9.12,-0.88,-0.60,0.19,335,301,309,343,334
0.53,5.38,-7.85,-0.60,-0.19,-0.09,334,303,308,343,335
0.88,6.44,-8.38,-0.61,-0.18,-0.26,334,303,308,343,334
-0.38,5.94,-7.10,-0.52,0.10,-0.07,333,303,308,343,334
0.05,7.27,-7.26,-0.62,-0.16,-0.29,332,303,307,342,334
0.35,10.02,-6.90,-0.34,-0.25,-0.54,332,303,306,342,334
-0.83,6.66,-6.11,-0.49,-0.09,0.27,331,303,305,342,334
-0.44,8.23,-5.16,-0.55,-0.21,-0.02,331,302,304,341,339
-0.88,9.48,-5.70,-0.46,-0.23,-0.41,330,302,302,340,339
-1.29,8.51,-4.46,-0.60,-0.14,0.02,330,302,302,340,339
-0.83,9.52,-3.77,-0.58,-0.07,0.06,330,302,302,339,338
-0.29,9.86,-3.01,-0.48,-0.25,-0.08,329,302,302,339,337
-0.60,8.87,-2.24,-0.61,-0.01,0.25,329,302,302,339,337
-0.62,9.90,-1.87,-0.65,-0.05,0.12,329,302,302,339,338
-0.87,10.95,-1.20,-0.63,-0.08,-0.00,329,302,302,339,338
-0.42,10.57,-0.79,-0.55,-0.17,-0.04,329,302,302,339,339
-2.14,9.90,0.47,-0.64,-0.12,0.02,329,302,302,339,345
-0.88,10.83,0.60,-0.54,-0.08,0.08,329,302,302,339,347
0.24,12.09,0.51,-0.41,-0.07,0.07,329,302,302,339,349
-0.47,11.20,0.70,-0.13,0.14,0.04,329,302,302,339,348
0.18,10.24,0.93,-0.13,-0.01,0.11,329,302,301,339,348
-0.45,10.67,1.30,0.03,0.02,0.04,329,302,302,339,347
-0.35,10.26,1.23,0.08,-0.02,-0.04,329,302,302,340,347
-0.22,9.76,1.36,0.10,-0.03,-0.04,329,301,302,339,347
-0.17,9.71,1.59,0.11,-0.01,-0.03,329,302,302,339,347
END
-0.25,9.71,1.83,0.11,-0.03,-0.08,335,305,310,346,331
2.78,1.28,-9.53,-0.01,-0.02,-0.01,335,305,310,346,331
2.84,1.48,-9.30,-0.06,-0.07,-0.07,335,305,310,346,331
2.68,1.64,-9.63,-0.09,-0.08,-0.05,336,305,310,346,331
2.56,1.87,-9.02,-0.14,-0.10,-0.11,336,305,310,346,331
2.41,1.41,-8.84,-0.25,-0.13,-0.04,336,305,311,346,331
1.87,1.69,-8.66,-0.35,-0.18,-0.11,336,305,310,346,331
2.38,2.58,-9.17,-0.43,-0.21,-0.21,336,304,310,345,331
2.03,2.64,-8.82,-0.48,-0.18,-0.10,336,304,309,345,331
0.09,3.64,-8.35,-0.51,-0.13,-0.00,336,304,309,344,331
1.00,3.19,-7.69,-0.67,-0.07,0.02,336,304,309,345,332
2.12,5.17,-7.68,-0.68,-0.12,0.05,335,305,309,344,332
-0.91,6.94,-7.67,-0.56,0.01,-0.38,334,304,308,344,332
1.19,7.42,-6.75,-0.85,-0.43,-0.17,333,304,307,343,332
0.71,7.99,-6.90,-0.53,-0.10,-0.35,333,304,307,343,332
-0.93,7.78,-6.21,-0.71,-0.28,-0.33,333,304,306,342,332
0.98,7.83,-5.31,-0.60,-0.27,-0.15,331,303,305,341,332
-1.08,9.06,-4.86,-0.43,-0.05,-0.21,330,302,304,341,332
-1.10,9.30,-3.90,-0.62,-0.22,-0.08,329,302,304,340,333
-0.47,9.69,-3.19,-0.70,-0.17,-0.04,329,302,303,340,333
-0.67,10.30,-2.69,-0.70,-0.10,-0.08,328,302,302,339,333
-0.52,9.90,-1.79,-0.73,-0.13,-0.07,328,302,303,339,334
-0.73,9.22,-0.70,-0.63,-0.10,0.23,328,302,301,338,336
-0.98,12.25,-0.15,-0.66,-0.12,-0.13,327,301,300,337,336
-0.77,10.95,0.08,-0.62,-0.10,-0.03,327,301,300,337,336
0.15,11.72,-0.38,-0.44,-0.02,0.02,327,301,300,336,336
-0.37,11.20,0.90,-0.32,-0.02,0.02,327,301,299,336,336
-0.06,11.16,0.33,-0.14,-0.01,0.06,326,301,300,336,336
-0.68,11.00,0.75,0.07,-0.01,-0.08,327,301,299,336,336
-0.29,9.75,1.42,0.07,-0.05,-0.09,327,301,299,336,336
-0.68,9.81,1.26,0.11,0.02,-0.02,326,301,299,336,336
-0.06,9.50,1.43,0.07,-0.05,-0.02,327,301,300,337,336
-0.29,9.66,1.44,0.09,0.03,-0.02,327,301,300,336,336
-0.08,9.94,1.46,0.07,-0.01,-0.02,327,301,300,336,336
-0.34,10.77,0.94,0.14,0.03,-0.02,327,301,300,336,336
-0.08,10.81,0.72,0.24,0.01,-0.03,327,301,300,336,336
END
-0.01,11.49,0.38,0.33,0.03,-0.01,334,303,307,343,331
2.30,2.05,-9.30,-0.23,-0.08,-0.10,333,303,306,343,331
2.00,2.72,-9.52,-0.26,-0.07,-0.07,333,303,306,342,331
2.18,2.54,-9.03,-0.30,-0.10,-0.11,333,303,306,342,331
2.43,3.57,-9.23,-0.26,-0.09,-0.14,333,303,306,342,331
1.69,3.22,-8.96,-0.29,-0.04,-0.03,333,303,306,342,331
2.15,4.67,-9.33,-0.24,-0.10,-0.20,333,303,305,341,332
1.29,2.91,-8.15,-0.31,0.07,0.15,333,303,305,341,332
1.15,4.87,-8.17,-0.33,-0.09,-0.48,332,303,305,341,332
2.30,3.64,-7.14,-0.65,-0.34,-0.43,332,303,304,341,332
1.45,6.84,-8.41,-0.38,-0.13,-0.51,332,303,303,340,333
0.14,5.96,-7.50,-0.67,-0.31,-0.26,331,302,302,340,334
0.17,7.22,-6.91,-0.49,-0.24,-0.33,331,302,302,339,334
0.64,6.61,-6.28,-0.63,-0.25,-0.07,330,302,302,339,333
-0.52,9.27,-6.28,-0.52,-0.23,-0.32,329,302,301,338,335
-1.40,8.73,-5.08,-0.56,-0.15,-0.07,329,302,301,338,333
-1.34,8.10,-4.85,-0.57,-0.11,0.11,328,302,301,338,333
-1.07,10.29,-4.26,-0.46,-0.19,-0.29,328,302,301,337,333
-1.06,8.62,-3.41,-0.56,-0.04,-0.00,328,302,301,337,333
-0.72,9.37,-2.96,-0.61,-0.17,-0.07,328,301,300,337,334
0.74,10.16,-2.71,-0.60,-0.29,-0.22,328,302,300,337,336
-1.44,11.05,-1.51,-0.49,-0.25,-0.32,328,301,300,337,338
-2.13,10.24,-1.00,-0.56,-0.18,0.12,327,301,300,337,338
-1.75,10.06,-0.73,-0.50,-0.15,0.10,327,302,300,337,338
-1.21,10.53,0.14,-0.46,-0.19,0.07,327,301,300,337,339
-1.54,10.90,0.28,-0.38,-0.04,0.08,327,301,300,337,339
-0.51,9.71,0.79,-0.38,-0.05,0.11,328,301,300,336,339
-1.41,10.19,1.54,-0.33,0.03,0.10,327,301,300,337,339
-1.29,11.04,1.28,-0.15,-0.06,-0.07,328,301,300,336,339
-1.23,10.70,0.91,-0.00,0.06,-0.01,328,301,300,337,339
-0.52,10.20,1.13,0.02,-0.02,-0.06,328,301,300,336,339
-0.70,9.73,1.62,0.07,-0.01,-0.05,327,301,300,337,339
-0.36,9.99,1.50,0.08,0.03,-0.01,328,301,300,337,339
-0.50,9.73,1.67,0.08,-0.02,-0.04,327,301,300,336,338
-0.73,10.02,1.62,0.13,0.03,-0.02,327,301,300,336,339
-0.75,10.35,1.07,0.18,-0.03,-0.08,327,301,300,337,339
END
-0.49,9.88,1.12,0.21,0.01,-0.01,333,302,306,342,331
2.58,1.36,-9.48,0.01,-0.02,-0.05,333,302,306,342,332
2.61,1.45,-9.48,0.00,-0.01,-0.06,332,302,306,342,332
2.68,1.64,-9.55,0.01,-0.00,-0.03,332,302,306,342,332
2.70,1.61,-9.40,0.01,-0.03,-0.05,333,302,306,342,332
2.61,1.01,-9.10,-0.05,-0.06,-0.01,332,302,306,342,332
2.43,0.50,-8.84,-0.19,-0.17,-0.16,332,302,306,342,332
1.92,0.65,-8.51,-0.33,-0.18,-0.19,332,302,305,342,332
1.55,2.00,-8.56,-0.42,-0.20,-0.31,331,302,305,342,332
1.32,1.77,-7.79,-0.65,-0.14,-0.21,331,302,306,341,332
0.80,4.00,-8.38,-0.66,-0.09,-0.28,331,302,307,341,332
1.35,5.33,-7.49,-0.69,-0.23,-0.36,331,302,307,341,332
0.61,5.52,-7.97,-0.77,-0.32,-0.30,331,302,306,341,332
0.87,6.75,-7.50,-0.76,-0.33,-0.23,330,301,305,340,332
0.34,6.70,-6.84,-0.75,-0.23,-0.09,330,302,304,340,333
-0.46,8.33,-5.75,-0.83,-0.30,0.02,330,302,303,340,333
-0.75,8.87,-5.58,-0.79,-0.38,-0.16,330,302,303,339,333
-0.62,9.07,-5.02,-0.73,-0.22,0.07,329,302,303,340,333
-0.35,10.24,-3.96,-0.60,-0.25,-0.03,329,302,303,339,333
-2.25,10.38,-3.18,-0.68,-0.18,-0.11,329,302,303,339,334
-1.03,9.73,-2.67,-0.69,-0.28,0.11,329,302,302,339,333
-1.15,10.02,-1.82,-0.53,0.02,0.15,328,302,302,339,334
-0.81,10.48,-1.08,-0.63,-0.10,-0.12,329,301,302,338,334
-1.04,11.99,-1.12,-0.48,-0.15,-0.16,328,301,303,337,335
-0.70,9.95,-0.21,-0.58,-0.11,0.08,329,302,303,338,335
-0.73,11.23,0.19,-0.46,-0.19,-0.12,328,301,302,338,335
-1.28,10.90,0.41,-0.35,-0.02,0.05,328,302,302,338,335
-1.60,10.48,1.16,-0.32,-0.05,-0.00,328,302,302,338,336
-0.53,10.24,1.36,-0.25,-0.04,0.05,328,302,302,338,336
-0.62,11.10,1.34,-0.12,0.01,-0.02,328,301,302,338,336
-0.70,10.09,1.32,0.03,0.02,-0.04,327,301,302,337,336
-0.45,9.76,1.73,0.03,-0.04,-0.05,328,302,302,338,336
-0.85,9.67,1.66,0.07,-0.01,-0.03,328,301,301,338,337
-0.82,9.58,2.22,0.07,-0.01,-0.05,328,300,301,337,337
-0.90,9.84,1.77,0.05,-0.00,-0.02,328,301,302,338,337
-0.76,9.58,1.90,0.09,0.04,-0.05,328,301,302,337,337
END
-0.47,9.58,1.73,0.04,0.00,-0.05,332,302,306,342,332
2.48,1.48,-9.62,-0.00,-0.04,-0.03,332,302,306,342,333
2.33,1.69,-9.66,-0.01,-0.04,-0.06,332,302,305,342,333
1.95,1.61,-9.17,-0.02,0.01,0.00,332,302,305,342,332
2.20,2.07,-9.76,-0.05,-0.07,-0.13,332,303,305,341,333
2.16,1.26,-9.21,-0.07,-0.04,-0.02,332,302,305,342,332
2.10,1.33,-9.17,-0.13,-0.03,-0.03,332,302,305,341,332
2.13,1.11,-8.69,-0.30,-0.13,-0.15,332,302,305,341,332
1.97,2.89,-9.22,-0.28,-0.16,-0.32,332,303,305,341,333
2.65,2.68,-8.84,-0.46,-0.22,-0.13,332,302,305,341,332
1.69,2.73,-8.33,-0.44,-0.11,-0.00,331,302,305,341,333
0.29,3.98,-8.48,-0.49,-0.10,-0.12,331,302,304,341,333
1.44,3.70,-7.75,-0.67,-0.31,-0.31,331,302,304,341,333
0.52,6.73,-8.56,-0.51,-0.23,-0.46,330,302,302,340,333
0.95,6.44,-7.39,-0.61,-0.23,-0.04,329,302,302,340,333
0.37,6.66,-7.67,-0.56,-0.19,0.22,329,301,302,339,335
-1.68,6.54,-6.82,-0.54,-0.00,-0.10,329,302,302,339,336
0.32,6.55,-5.72,-0.65,-0.31,-0.47,329,302,302,339,335
-0.17,7.32,-4.43,-0.76,-0.19,-0.21,329,302,302,339,335
-1.71,9.49,-3.90,-0.84,-0.24,-0.28,329,302,301,339,335
-0.84,9.88,-3.44,-0.96,-0.56,-0.02,328,302,301,338,336
-1.13,9.66,-2.77,-0.82,-0.09,0.34,328,302,301,338,336
-2.38,9.87,-0.98,-0.89,-0.22,-0.02,328,302,301,338,336
-1.63,12.12,-0.99,-0.78,-0.30,-0.18,328,302,301,338,336
-2.26,11.30,0.24,-0.64,-0.02,0.12,328,301,301,337,336
-1.27,11.97,-0.39,-0.49,-0.06,-0.03,327,302,300,337,336
-1.49,11.64,0.28,-0.33,0.00,0.08,327,301,300,337,336
-1.01,11.26,0.38,-0.18,-0.03,0.01,327,301,300,337,336
-1.34,10.45,0.67,-0.00,0.01,0.01,327,301,299,337,336
-0.93,9.82,1.03,-0.02,-0.05,0.04,328,301,299,337,336
-0.68,9.95,1.28,0.04,-0.08,-0.09,327,301,299,337,336
-0.96,9.71,1.57,0.06,0.00,0.01,327,301,299,337,336
-0.88,9.33,1.30,0.05,0.03,-0.00,328,301,299,337,336
-0.77,9.46,1.46,-0.00,-0.02,-0.03,327,301,299,337,336
-0.90,9.82,1.41,0.02,0.04,-0.03,327,301,299,337,336
-0.62,9.86,1.39,0.04,0.06,0.01,327,301,299,337,336
END
-0.42,9.69,1.26,0.04,-0.03,-0.05,335,303,308,343,333
2.88,1.23,-9.73,0.01,-0.03,-0.09,335,302,308,343,332
2.83,1.44,-9.68,-0.01,-0.05,-0.05,335,302,308,343,332
2.58,1.37,-9.51,-0.05,-0.05,-0.05,335,302,308,343,333
2.27,1.51,-9.53,-0.08,-0.10,-0.09,335,303,307,342,333
2.10,1.48,-9.43,-0.10,-0.05,-0.06,335,302,307,342,333
1.79,0.94,-8.97,-0.25,-0.10,-0.17,335,303,307,342,333
2.35,1.58,-8.47,-0.40,-0.15,-0.17,335,303,307,342,333
1.84,2.54,-9.10,-0.40,-0.12,-0.21,335,302,306,342,332
1.92,3.31,-8.99,-0.55,-0.16,-0.15,335,302,306,341,333
0.70,3.14,-8.48,-0.54,-0.06,-0.20,334,303,305,341,333
2.02,5.43,-7.90,-0.57,-0.30,-0.51,332,302,304,340,333
0.38,4.44,-7.73,-0.64,-0.26,-0.41,333,302,303,340,334
-1.06,6.17,-7.15,-0.74,-0.19,-0.21,332,302,303,340,334
2.35,7.37,-6.54,-0.80,-0.46,-0.11,331,302,302,338,334
-3.04,7.13,-6.19,-0.67,0.12,0.15,331,302,302,339,334
0.32,7.47,-4.54,-1.00,-0.26,0.21,330,302,301,338,335
-0.17,7.37,-3.35,-0.83,-0.11,-0.22,330,302,301,337,335
-1.40,10.67,-3.17,-0.90,-0.32,-0.27,329,302,300,336,336
-1.16,9.76,-2.40,-1.08,-0.24,0.14,328,302,300,336,336
-0.80,11.13,-1.50,-0.90,-0.11,0.04,328,302,300,336,336
-1.06,10.63,-0.75,-0.85,-0.03,0.04,328,301,300,336,336
-0.97,11.38,-0.18,-0.81,-0.13,0.10,328,301,300,336,337
-0.69,12.60,0.47,-0.59,-0.01,-0.01,328,301,299,335,338
-0.61,12.44,0.09,-0.33,0.06,-0.05,328,301,299,335,337
0.01,11.23,0.20,-0.18,0.05,0.07,327,301,299,335,338
-0.14,10.47,0.69,-0.04,0.04,-0.03,328,301,300,335,338
-0.18,10.17,1.11,0.08,0.01,-0.05,327,301,299,336,338
-0.42,9.60,1.45,0.08,0.04,0.01,328,301,300,336,338
-0.06,9.55,1.42,0.10,0.00,-0.03,328,301,300,336,339
-0.21,9.68,1.28,0.06,-0.01,-0.03,328,301,300,336,339
-0.27,9.81,1.34,0.06,0.00,-0.07,328,301,300,336,339
-0.20,9.46,1.35,0.03,-0.00,-0.03,328,301,300,336,339
-0.27,9.75,1.39,0.04,-0.00,-0.03,328,301,300,336,340
-0.01,9.57,1.46,0.04,0.01,0.01,328,301,300,336,339
-0.14,9.53,1.26,0.04,-0.01,-0.01,328,301,300,336,341
END
-0.47,9.78,1.68,0.03,-0.03,-0.04,334,303,306,342,335
2.36,1.28,-9.50,0.02,-0.01,-0.04,334,302,306,342,335
2.67,1.47,-9.68,0.03,-0.00,-0.05,334,302,307,342,335
2.72,1.47,-9.78,-0.01,-0.01,-0.06,334,303,306,342,335
2.68,1.47,-9.76,-0.00,-0.01,-0.04,334,303,307,342,335
2.77,1.62,-9.63,0.01,-0.01,-0.02,334,303,307,342,334
2.50,1.03,-8.99,-0.05,-0.04,0.01,334,302,307,342,334
2.30,0.72,-8.67,-0.20,-0.15,-0.20,334,302,307,342,334
2.58,1.51,-8.79,-0.40,-0.24,-0.26,334,303,306,342,334
1.87,2.86,-9.40,-0.37,-0.10,-0.04,333,302,305,341,333
1.41,3.40,-9.02,-0.39,-0.11,-0.17,333,303,305,341,333
2.15,2.86,-8.20,-0.58,-0.20,-0.06,332,302,304,341,333
1.20,4.53,-8.78,-0.35,-0.16,-0.61,330,302,303,341,334
1.10,4.51,-7.59,-0.79,-0.32,0.10,330,302,303,340,334
0.64,5.19,-7.59,-0.56,-0.00,0.11,329,302,303,340,334
0.59,7.25,-8.06,-0.63,-0.14,-0.24,329,302,302,340,335
1.02,6.09,-6.50,-0.66,-0.25,-0.32,329,302,302,339,334
0.42,7.41,-6.55,-0.69,-0.22,-0.16,329,302,302,339,335
-0.47,8.97,-5.34,-0.65,-0.18,-0.24,329,302,302,339,335
-0.08,7.69,-5.10,-0.76,-0.17,-0.11,329,302,302,339,335
-0.52,11.27,-3.96,-0.61,-0.15,-0.38,328,301,301,338,336
-1.06,8.20,-3.94,-0.73,-0.25,-0.10,328,301,302,338,336
-1.23,10.75,-2.81,-0.66,-0.13,-0.09,328,302,301,339,336
-2.16,10.57,-1.82,-0.77,-0.19,-0.11,328,301,302,338,336
-0.85,9.64,-1.42,-0.68,-0.20,0.06,328,301,301,338,336
-1.05,12.61,-1.44,-0.50,-0.03,0.06,328,302,301,338,337
-1.23,11.46,-0.73,-0.35,0.03,0.07,327,302,301,338,337
-1.08,10.47,-0.40,-0.28,0.05,0.12,327,302,301,338,337
-0.65,11.01,-0.13,-0.21,-0.01,0.00,327,302,301,338,337
-1.05,11.14,0.05,-0.06,0.01,-0.02,328,302,301,338,337
-0.73,10.42,0.29,0.04,0.00,0.01,327,302,300,338,337
-0.67,9.78,0.13,0.07,0.05,0.01,327,302,301,338,337
-0.49,9.76,0.15,0.06,0.02,-0.01,328,301,301,338,337
-0.55,9.69,0.54,0.05,0.01,0.00,327,302,301,338,337
-0.65,10.07,0.47,0.06,0.01,0.01,327,302,301,338,337
-0.65,9.83,0.80,0.05,0.01,-0.01,328,301,301,338,337
END
-0.34,9.83,0.13,0.05,0.00,-0.03,331,302,307,343,334
2.66,1.53,-9.91,-0.01,-0.05,-0.06,331,302,307,343,334
2.45,1.11,-9.31,-0.04,-0.05,-0.02,331,303,307,342,334
2.40,1.44,-9.34,-0.07,-0.03,-0.05,331,302,307,342,334
2.48,2.38,-10.00,-0.08,-0.03,-0.06,330,302,307,342,334
2.63,1.41,-9.35,-0.13,-0.06,-0.05,331,302,307,342,334
1.94,0.98,-8.73,-0.22,-0.04,-0.07,331,302,307,342,334
2.30,1.39,-8.54,-0.45,-0.25,-0.29,330,303,307,342,333
2.45,3.04,-8.82,-0.51,-0.24,-0.18,331,303,306,342,334
1.23,3.87,-8.89,-0.43,-0.17,-0.72,332,303,305,341,334
1.87,3.43,-8.38,-0.80,-0.53,-0.21,330,302,304,341,334
1.07,4.84,-7.41,-0.48,-0.14,-0.12,329,302,303,340,334
-0.87,4.82,-6.90,-0.81,-0.16,0.12,329,302,303,340,334
1.01,7.00,-6.62,-0.89,-0.29,0.04,328,302,302,339,334
-0.27,8.44,-6.83,-0.67,-0.16,-0.39,328,302,301,339,334
-1.20,7.24,-5.13,-0.91,-0.11,0.37,327,301,300,338,333
0.09,8.17,-4.66,-1.04,-0.38,-0.16,327,301,300,338,335
-2.34,11.94,-4.64,-0.69,-0.40,-0.82,327,301,300,338,335
-1.93,8.48,-3.00,-0.81,-0.11,0.20,326,301,300,338,335
0.71,8.48,-2.46,-0.71,-0.09,0.22,326,301,300,338,335
-0.04,11.64,-2.96,-0.69,-0.21,-0.16,326,301,300,338,335
-0.83,10.66,-1.58,-0.60,-0.05,-0.10,326,301,300,338,336
-1.54,11.75,-0.18,-0.68,-0.32,0.16,326,301,300,338,336
-1.31,10.91,0.34,-0.43,-0.13,0.17,326,301,300,338,336
-2.03,11.44,-0.17,-0.29,-0.07,-0.03,326,301,300,337,336
-1.15,11.18,0.19,-0.11,-0.03,-0.00,326,301,300,338,336
-0.55,9.91,0.19,-0.02,0.05,0.06,326,301,300,338,336
-0.45,9.94,0.64,0.01,0.02,-0.02,326,301,300,337,336
-0.45,10.48,0.38,0.02,-0.01,-0.08,326,301,300,337,336
-0.77,10.10,0.67,0.07,0.06,0.01,326,301,300,338,336
-0.57,9.20,0.74,0.05,-0.00,-0.01,326,301,300,337,336
-1.09,10.01,0.57,0.03,-0.02,-0.09,326,301,300,337,337
-0.65,9.91,0.73,0.06,0.04,-0.02,327,301,300,338,337
-0.97,9.88,0.40,0.04,0.03,-0.07,327,301,300,338,337
-0.92,9.95,0.73,0.06,0.05,-0.04,327,301,301,338,337
-0.65,10.12,0.45,0.07,0.03,-0.05,326,301,301,338,338
END
-0.95,10.34,0.27,0.11,0.05,-0.05,331,302,307,342,332
2.57,1.31,-9.70,-0.10,-0.07,-0.08,331,302,307,342,332
2.02,1.92,-9.76,-0.06,-0.02,0.01,331,302,307,342,331
2.05,1.56,-9.81,-0.10,-0.10,-0.11,331,302,307,342,332
1.97,0.86,-9.04,-0.22,-0.13,-0.06,331,302,307,341,332
1.90,1.39,-8.94,-0.31,-0.14,-0.13,331,302,307,341,332
1.81,1.69,-8.71,-0.43,-0.19,-0.16,331,302,307,341,332
1.22,1.52,-8.27,-0.53,-0.19,-0.18,331,302,306,341,332
0.56,2.51,-7.73,-0.66,-0.29,-0.61,330,302,306,341,332
3.03,3.67,-7.99,-1.00,-0.89,-0.45,330,302,305,341,332
-1.34,6.87,-6.79,-0.58,-0.13,0.11,329,302,304,340,332
-0.85,6.53,-5.74,-1.12,-0.35,0.44,328,302,303,339,332
-0.70,7.21,-4.41,-1.01,-0.23,0.16,328,301,302,339,332
-1.78,9.20,-5.33,-1.03,-0.30,-0.11,328,301,301,339,332
-1.95,8.71,-3.66,-1.08,-0.17,0.08,327,302,301,338,333
-1.79,11.85,-2.56,-1.13,-0.36,-0.29,327,301,301,338,332
-0.83,12.32,-2.84,-1.05,-0.23,0.05,327,301,300,338,332
-1.41,11.67,-1.94,-0.75,-0.06,-0.07,327,301,301,338,333
-0.49,10.71,-0.54,-0.72,-0.06,0.08,327,301,301,338,333
-1.59,14.31,-0.83,-0.46,-0.16,-0.14,327,301,300,338,334
-1.93,12.23,-1.06,-0.24,0.07,0.04,327,302,300,337,333
-1.28,10.03,-0.42,-0.15,0.00,-0.05,327,302,300,338,334
-0.77,10.24,0.19,-0.06,0.01,-0.00,327,302,301,338,333
-1.09,10.36,0.68,0.00,0.02,-0.04,327,301,301,338,334
-1.11,9.70,0.75,-0.04,-0.02,0.01,327,302,301,338,334
-1.11,9.65,0.88,0.03,0.02,0.00,327,302,301,337,334
-0.86,9.74,0.75,0.02,-0.03,-0.04,327,301,301,338,334
-1.21,9.85,0.77,0.03,0.04,-0.03,327,301,301,338,335
-0.70,9.95,0.76,0.02,-0.02,-0.00,327,301,301,338,335
-1.11,10.00,0.83,0.05,0.02,-0.05,327,301,301,338,335
-0.67,9.81,0.83,0.05,0.00,-0.04,327,301,301,338,335
-0.62,9.87,0.73,0.05,0.01,-0.02,327,301,301,337,335
-0.79,9.93,0.76,0.06,-0.02,-0.03,327,301,301,338,335
-0.93,9.91,0.52,0.06,0.02,0.01,327,301,301,338,335
-0.57,9.71,0.62,0.07,-0.04,-0.03,327,301,301,337,335
-1.06,10.09,0.65,0.04,0.01,0.00,327,301,301,337,335
END
-0.70,9.96,0.67,0.09,0.01,-0.04,331,302,308,343,332
2.42,1.87,-9.22,-0.15,-0.07,-0.09,331,302,308,343,332
2.27,1.81,-8.99,-0.21,-0.03,0.01,331,302,308,343,332
2.54,2.21,-8.88,-0.28,0.02,0.12,331,302,308,343,332
1.83,3.38,-9.22,-0.26,-0.00,-0.03,331,302,307,342,332
2.74,2.27,-8.71,-0.35,-0.05,-0.11,331,302,307,342,332
2.19,2.94,-8.24,-0.39,-0.03,-0.22,330,302,307,342,332
2.73,2.52,-8.08,-0.59,-0.16,-0.28,330,302,306,341,332
2.22,4.99,-8.28,-0.55,-0.10,-0.19,330,302,305,341,332
1.95,4.41,-7.16,-0.78,-0.07,-0.02,330,302,306,341,333
2.21,6.70,-6.98,-0.76,-0.01,0.01,330,302,305,341,333
0.98,6.61,-6.18,-0.81,0.07,0.02,329,302,304,340,333
2.00,8.61,-6.02,-0.80,-0.30,-0.56,329,302,304,340,333
0.10,7.26,-4.11,-0.91,-0.13,-0.27,329,302,303,340,333
1.04,8.19,-3.75,-1.09,-0.34,-0.28,328,302,302,339,334
-1.04,11.84,-3.00,-0.79,-0.43,-0.86,328,302,302,339,335
-1.92,10.88,-1.92,-1.04,-0.42,-0.15,328,302,302,339,336
-1.02,13.01,-1.46,-0.61,-0.24,-0.25,328,302,302,338,338
-1.48,10.60,-0.69,-0.49,-0.10,-0.15,328,302,301,338,338
-1.11,11.45,-0.75,-0.52,-0.10,-0.01,328,302,301,338,339
-0.29,10.56,-0.34,-0.41,-0.16,0.04,328,301,301,338,339
-0.53,10.75,-0.10,-0.28,0.01,0.06,328,301,301,338,340
-1.15,11.21,0.02,-0.18,-0.02,0.02,328,301,301,338,340
-0.63,10.16,0.45,-0.14,-0.04,0.09,328,301,301,338,340
-0.93,10.53,0.55,-0.03,-0.04,0.00,328,301,301,338,340
-0.51,10.44,0.51,0.03,-0.01,-0.01,328,302,301,338,340
-0.75,9.82,0.60,0.09,0.02,-0.00,328,301,301,338,340
-0.40,9.71,0.76,0.09,-0.05,-0.10,328,302,301,338,340
-0.73,10.03,0.72,0.10,-0.02,-0.10,328,301,301,338,339
-0.18,9.79,0.85,0.08,-0.13,-0.14,328,302,301,338,339
-0.54,9.96,0.50,0.07,0.02,-0.01,328,301,302,338,340
-0.73,10.00,0.67,0.05,0.02,-0.05,328,301,301,338,340
-0.65,9.44,0.93,0.05,-0.00,-0.04,328,301,301,338,339
-0.85,9.95,0.56,0.04,0.02,-0.03,328,301,301,338,340
-0.37,9.72,0.83,0.03,0.04,-0.00,328,301,301,338,339
-0.51,9.86,0.65,0.01,-0.04,-0.07,328,301,301,338,340
END
-0.55,10.09,0.79,0.02,-0.01,-0.02,331,302,307,342,334
2.07,1.36,-9.29,-0.11,-0.04,-0.01,331,302,307,342,334
1.98,1.89,-9.64,-0.13,-0.13,-0.16,331,302,307,342,334
2.07,1.62,-9.29,-0.09,-0.06,-0.04,330,302,306,342,334
1.69,1.38,-9.02,-0.18,-0.07,-0.08,331,302,306,342,334
2.02,2.70,-9.46,-0.24,-0.11,-0.22,331,302,306,342,334
2.25,0.75,-8.36,-0.36,-0.04,0.10,331,302,306,341,333
1.42,0.39,-7.05,-0.56,-0.07,-0.08,331,302,306,341,334
1.51,2.87,-7.40,-0.84,-0.33,-0.47,331,302,306,341,334
0.83,4.49,-7.37,-0.93,-0.17,-0.01,330,302,305,341,334
1.91,5.67,-6.86,-0.92,-0.35,-0.51,330,302,304,340,335
-0.75,6.71,-5.88,-0.85,-0.22,-0.47,331,302,304,340,335
-0.29,7.70,-5.30,-1.26,-0.42,0.35,339,302,303,340,335
-0.34,7.33,-3.98,-1.06,-0.34,-0.16,339,302,302,339,336
-1.77,10.54,-3.83,-0.92,-0.21,-0.54,336,302,303,339,337
-0.79,11.31,-2.51,-0.99,-0.43,-0.03,335,302,303,339,337
-1.08,10.75,-1.69,-0.91,-0.19,0.12,334,302,303,339,337
-1.20,12.38,-1.97,-0.76,-0.29,0.02,332,301,302,339,337
-2.23,11.85,-1.14,-0.43,-0.10,-0.08,331,302,302,338,338
-1.45,10.18,-0.43,-0.38,0.03,0.02,331,302,302,338,338
-0.44,10.42,-0.19,-0.34,-0.06,0.01,331,302,302,339,338
-0.60,11.46,0.38,-0.23,-0.02,-0.10,331,301,302,338,339
-0.95,10.86,0.29,-0.05,0.08,0.02,330,301,302,339,338
-0.87,9.93,0.31,-0.03,-0.03,-0.02,330,302,302,338,339
-0.92,10.13,0.55,0.02,0.01,-0.02,330,301,302,338,339
-1.08,9.97,0.68,0.05,0.02,0.00,330,301,302,338,339
-0.50,9.60,1.13,0.04,-0.01,-0.04,330,302,302,339,338
-0.80,9.69,0.83,0.05,0.01,0.02,330,301,302,338,339
-0.55,9.63,0.80,0.04,0.02,-0.01,330,301,301,338,339
-0.45,9.75,0.73,0.03,0.02,0.01,330,301,302,339,339
-0.53,9.74,0.85,0.02,-0.01,-0.03,330,302,302,338,339
-0.57,9.68,0.79,0.02,-0.01,-0.01,330,301,302,338,339
-0.62,9.91,0.90,0.04,-0.02,-0.06,330,301,302,338,339
-0.70,10.04,0.87,0.05,-0.03,-0.06,330,301,302,338,339
-0.39,10.09,0.55,0.04,-0.01,-0.06,330,301,302,338,339
-0.66,10.09,0.84,0.06,0.02,-0.02,330,301,302,338,339
END
-0.65,10.00,0.66,0.10,0.01,-0.04,333,303,308,345,332
2.35,1.95,-9.61,-0.11,-0.08,-0.07,333,302,307,344,333
2.38,1.93,-9.59,-0.12,-0.10,0.00,332,302,307,343,334
2.13,2.20,-9.54,-0.12,-0.01,0.04,332,302,306,343,335
2.12,2.35,-9.45,-0.14,-0.03,-0.00,332,302,306,343,335
2.25,1.53,-8.94,-0.18,-0.05,0.04,332,302,306,343,335
1.79,0.67,-8.02,-0.38,-0.15,-0.25,332,302,306,343,336
2.22,2.12,-8.26,-0.62,-0.18,-0.09,332,302,305,342,336
0.61,2.40,-7.65,-0.68,-0.02,0.00,331,302,305,342,336
1.94,5.23,-8.12,-0.73,-0.20,-0.35,330,302,304,341,336
-0.09,4.64,-6.76,-0.84,-0.20,-0.46,330,302,304,341,336
2.23,8.08,-6.73,-0.65,-0.39,-1.03,329,302,302,340,337
-1.35,6.10,-4.67,-1.22,-0.27,0.19,329,302,302,340,337
1.27,10.37,-4.49,-1.18,-0.34,0.08,328,302,302,339,337
-1.86,10.01,-4.72,-0.84,-0.44,-0.72,328,301,301,339,337
-2.16,9.95,-2.63,-0.88,-0.19,-0.11,327,301,301,339,338
-2.12,10.67,-2.28,-0.99,-0.30,-0.06,327,301,301,338,340
-1.30,11.67,-1.25,-0.84,-0.21,0.01,327,301,300,338,340
-2.18,12.39,-1.03,-0.71,-0.05,-0.12,326,301,300,338,341
-1.41,11.37,-1.23,-0.51,-0.07,0.04,326,301,300,337,342
-1.13,10.98,-0.78,-0.36,0.04,0.03,326,301,300,337,342
-1.10,11.06,-0.38,-0.21,-0.05,0.03,325,300,300,337,342
-1.19,10.80,-0.31,-0.08,-0.06,-0.01,326,301,300,337,342
-1.61,10.55,0.22,-0.02,0.01,-0.06,326,301,300,336,342
-0.97,10.06,0.67,0.03,-0.00,-0.03,326,301,300,337,342
-1.30,10.01,0.67,0.05,0.05,0.01,326,300,300,336,342
-0.66,9.63,0.90,0.03,-0.01,-0.01,326,301,300,337,342
-0.58,9.75,0.68,0.00,0.01,0.03,326,300,300,337,342
-1.11,10.04,0.69,0.01,0.05,0.06,326,301,300,337,342
-0.66,9.66,0.81,-0.01,-0.03,-0.00,326,301,300,336,342
-0.87,9.97,0.47,0.02,0.03,-0.00,326,300,300,336,342
-0.59,9.92,0.73,0.04,0.01,-0.03,326,301,300,336,342
-0.73,10.03,0.77,0.04,-0.01,-0.03,326,301,300,336,342
-0.55,9.87,0.59,0.04,0.02,0.00,326,301,302,336,342
-0.57,10.01,0.64,0.09,-0.01,-0.04,326,300,300,336,342
-0.72,10.68,0.60,0.11,-0.04,-0.06,325,300,300,336,342
END
-0.97,9.45,1.95,0.07,-0.03,-0.03,333,305,308,345,331
2.79,0.88,-8.96,-0.15,-0.16,-0.14,333,305,308,345,332
2.38,1.87,-9.64,-0.21,-0.18,-0.05,333,305,307,344,332
2.22,1.88,-9.68,-0.20,-0.19,-0.15,333,305,307,344,332
1.98,1.79,-9.19,-0.24,-0.15,0.01,333,305,307,344,332
1.66,2.35,-9.46,-0.24,-0.13,-0.10,333,305,307,344,332
1.88,2.00,-8.81,-0.35,-0.24,-0.15,333,305,306,344,332
1.51,2.57,-8.89,-0.47,-0.27,-0.06,333,305,306,343,332
0.49,2.88,-7.99,-0.51,-0.33,-0.33,332,305,305,343,332
1.05,4.54,-7.87,-0.80,-0.57,-0.08,332,305,304,342,332
-0.17,6.12,-8.33,-0.53,-0.19,-0.17,331,304,304,341,333
-1.26,5.58,-7.80,-0.65,-0.28,-0.17,331,304,303,341,333
-0.50,6.32,-6.30,-0.76,-0.34,0.01,331,304,303,341,333
-1.09,7.43,-6.33,-0.64,-0.22,-0.23,330,304,303,340,334
-2.05,6.30,-5.05,-0.83,-0.10,-0.02,329,304,302,340,334
-1.39,10.32,-4.11,-0.78,-0.30,-0.36,329,303,301,339,334
-2.43,8.86,-4.02,-0.83,-0.21,-0.03,328,303,301,339,334
-1.23,9.10,-2.06,-0.89,-0.13,0.13,328,303,301,339,334
-1.80,12.46,-1.87,-0.84,-0.24,-0.28,327,303,300,338,335
-2.14,11.26,-1.36,-0.67,-0.14,0.07,327,303,300,338,334
-1.45,9.67,-0.42,-0.75,-0.06,0.29,327,303,300,338,335
-1.13,11.92,0.17,-0.69,-0.20,-0.04,327,303,300,338,336
-1.42,10.75,0.76,-0.57,-0.09,0.07,327,303,300,338,335
-1.40,10.20,0.70,-0.50,-0.21,0.12,327,303,300,338,336
-0.98,12.87,0.67,-0.27,-0.07,-0.09,326,303,300,338,336
-1.21,11.47,0.93,0.08,0.06,-0.06,326,302,300,338,336
-0.97,9.10,1.68,0.01,-0.04,0.03,326,303,300,338,336
-1.16,9.77,2.10,0.02,-0.03,-0.03,326,302,300,338,336
-0.78,9.59,2.17,0.04,0.03,0.02,326,302,300,338,337
-1.13,9.55,2.17,0.04,0.03,0.01,327,302,300,338,337
-0.85,9.43,1.95,0.08,-0.01,-0.05,326,302,300,338,339
-0.48,9.47,1.88,0.04,-0.03,-0.05,327,302,300,338,339
-1.21,9.85,1.93,0.03,0.01,0.01,327,302,300,338,339
-0.86,9.87,1.92,0.10,-0.01,-0.05,326,302,300,338,338
-1.08,9.55,1.84,0.07,-0.02,-0.05,327,302,300,338,338
-0.65,9.51,2.02,0.04,0.02,-0.01,327,302,300,338,338
END
-0.33,9.56,1.69,0.04,-0.03,-0.01,332,304,308,344,333
2.80,1.47,-9.43,-0.13,-0.18,-0.09,332,304,307,344,334
3.04,1.21,-9.43,-0.13,-0.16,-0.05,332,304,307,344,335
2.23,1.08,-9.23,-0.21,-0.13,-0.10,332,303,306,344,335
2.53,1.90,-9.22,-0.26,-0.15,-0.12,331,303,307,344,336
2.86,1.34,-8.70,-0.39,-0.11,0.06,332,304,306,344,336
1.92,2.18,-8.31,-0.49,0.14,0.65,331,302,306,344,335
1.57,3.57,-8.54,-0.55,-0.16,-0.22,331,303,305,343,335
2.40,3.78,-9.04,-0.70,-0.32,-0.20,331,304,305,343,335
1.61,3.87,-7.43,-0.69,-0.11,0.11,331,303,304,343,335
0.27,6.53,-8.10,-0.43,-0.02,-0.67,329,303,302,342,335
1.23,4.86,-6.53,-0.89,-0.37,-0.33,329,303,302,342,335
0.65,7.41,-6.45,-0.64,-0.04,-0.49,329,303,301,341,335
-1.58,7.37,-5.73,-0.83,-0.06,-0.30,328,303,301,340,336
0.65,7.67,-4.93,-0.90,-0.31,-0.36,328,302,300,339,335
0.11,9.57,-4.20,-0.93,-0.40,-0.62,328,302,300,339,337
-1.56,9.63,-2.97,-0.85,-0.35,-0.13,327,302,299,339,335
-0.34,9.50,-2.81,-0.99,-0.19,0.12,327,302,299,339,335
-1.72,12.66,-1.92,-0.74,-0.25,-0.25,326,302,299,340,335
-2.00,10.26,-0.63,-0.66,-0.16,0.11,326,302,299,338,335
-1.06,9.50,0.27,-0.79,-0.09,0.19,326,302,299,338,336
-1.11,11.28,1.51,-0.66,-0.13,0.15,326,302,299,338,336
-1.11,11.53,1.17,-0.55,-0.10,-0.10,326,302,299,338,336
-1.96,10.83,1.33,-0.51,-0.28,-0.20,326,302,299,338,336
-1.44,11.05,1.44,-0.38,0.14,0.16,326,302,299,338,336
-1.36,11.56,1.18,-0.09,-0.03,-0.10,326,302,299,338,336
-0.45,9.76,2.30,-0.08,-0.12,-0.06,326,302,299,338,336
-0.83,9.48,2.38,0.04,-0.04,-0.01,326,302,299,338,337
-1.45,10.07,2.48,0.12,-0.02,-0.07,326,302,299,338,337
-0.85,9.37,2.76,0.13,0.01,-0.02,326,302,299,338,337
-0.92,9.23,2.60,0.11,-0.00,-0.05,326,301,299,338,337
-0.83,9.45,2.44,0.14,-0.03,-0.08,326,302,299,338,337
-1.26,9.34,2.38,0.09,0.04,0.01,327,302,299,338,337
-0.79,9.18,2.12,0.08,-0.02,-0.07,326,302,299,338,337
-0.83,10.13,2.44,0.05,-0.06,-0.06,326,302,299,338,337
-1.37,10.18,2.19,0.17,0.04,-0.08,326,302,299,338,337
END
-0.98,9.96,2.00,0.19,0.03,-0.03,332,303,309,343,331
2.62,1.16,-9.60,-0.04,-0.05,-0.05,331,303,309,343,331
2.89,0.98,-9.38,-0.10,-0.06,-0.04,332,303,308,343,332
2.56,1.39,-9.35,-0.13,-0.08,-0.09,331,303,308,343,331
2.24,1.35,-9.07,-0.21,-0.12,-0.17,331,303,308,343,332
2.46,2.13,-9.62,-0.26,-0.17,-0.14,331,303,308,343,332
2.09,1.10,-8.68,-0.32,-0.16,-0.11,331,303,308,343,331
2.96,2.30,-8.59,-0.45,-0.25,-0.18,332,303,307,343,331
1.61,2.56,-8.31,-0.48,-0.17,0.05,332,303,307,343,332
1.46,3.51,-8.23,-0.73,-0.35,-0.05,331,303,306,343,332
0.68,4.42,-7.61,-0.69,-0.27,-0.24,331,303,305,342,332
0.34,6.12,-7.48,-0.79,-0.33,-0.14,330,302,305,341,332
0.24,6.51,-6.89,-0.81,-0.37,-0.13,330,303,304,341,333
0.09,6.07,-5.66,-0.81,-0.17,0.03,330,303,304,341,333
-0.80,9.50,-5.31,-0.73,-0.15,-0.29,329,303,303,341,334
-0.61,7.37,-4.29,-0.94,-0.15,0.20,329,303,303,341,334
-1.23,11.47,-3.97,-0.95,-0.32,-0.55,329,303,303,340,335
-1.66,10.80,-3.27,-0.89,-0.44,-0.48,329,303,303,341,335
-0.88,10.96,-2.87,-0.82,-0.20,-0.10,328,303,303,340,335
-1.02,9.41,-1.13,-0.75,-0.07,0.19,329,303,302,340,336
-0.90,10.17,-0.42,-0.80,-0.17,-0.01,328,303,302,340,336
-0.27,9.75,0.73,-0.71,-0.14,0.01,328,302,302,340,336
-1.28,12.29,1.79,-0.72,0.01,0.15,328,302,302,340,337
-1.36,12.34,0.90,-0.48,-0.13,0.09,327,303,301,339,337
-0.85,11.79,0.59,-0.24,0.02,0.02,327,303,301,339,337
-0.24,10.10,0.93,-0.07,-0.05,-0.09,327,302,300,339,337
-1.59,10.11,1.83,-0.07,-0.01,-0.10,327,303,301,339,337
-1.33,9.40,2.10,-0.06,-0.03,-0.10,327,302,301,339,338
-0.83,9.52,2.23,-0.04,-0.03,0.00,327,302,301,339,340
-0.60,9.78,2.53,-0.01,-0.01,-0.03,327,302,301,339,341
-0.99,9.99,2.56,0.03,0.03,-0.07,327,302,301,339,340
-0.52,9.43,2.43,0.04,0.02,0.04,327,302,301,339,340
-0.93,9.66,2.11,0.10,0.04,0.00,327,303,301,339,339
-0.51,9.20,2.53,0.13,-0.02,-0.00,327,302,301,339,339
-0.67,9.67,2.30,0.04,-0.06,-0.03,327,301,301,339,338
-0.71,9.60,2.21,0.07,-0.01,0.01,327,302,301,339,338
END
-0.76,9.69,2.38,0.04,-0.02,-0.01,330,303,307,344,330
2.61,0.99,-9.60,-0.02,-0.06,-0.04,330,303,307,343,330
2.76,1.03,-9.55,-0.06,-0.15,-0.06,329,303,307,343,331
1.87,1.74,-9.80,-0.03,-0.10,-0.11,330,303,307,343,331
2.81,1.21,-9.74,-0.03,-0.07,-0.03,330,303,307,343,332
2.38,0.84,-9.18,-0.07,-0.11,-0.02,330,303,307,342,333
2.35,0.18,-8.54,-0.19,-0.13,0.03,330,303,306,342,333
1.57,0.47,-8.48,-0.41,-0.18,-0.06,329,303,307,342,333
1.64,1.08,-7.85,-0.59,-0.24,-0.17,329,303,306,342,332
0.81,2.54,-7.83,-0.70,-0.12,-0.09,329,303,304,342,333
1.59,4.12,-7.92,-0.92,-0.25,-0.24,329,303,304,341,332
0.69,6.05,-8.78,-0.87,-0.46,-0.64,328,303,303,341,333
0.07,7.85,-7.92,-0.77,-0.63,-0.40,328,303,302,341,334
0.41,6.30,-7.16,-0.77,-0.27,-0.02,327,303,302,340,335
-1.34,7.75,-6.25,-0.66,-0.04,-0.26,328,303,302,340,335
-0.80,6.94,-5.14,-0.81,-0.23,-0.01,328,303,302,340,336
0.37,9.65,-5.06,-0.79,-0.40,-0.39,328,303,301,339,337
-1.69,7.46,-3.50,-0.78,-0.14,0.00,327,303,301,339,336
-1.44,9.81,-2.53,-0.96,0.01,0.31,327,302,300,339,337
-1.91,11.34,-2.38,-0.90,-0.18,0.03,327,302,300,339,336
-1.62,12.12,-2.31,-0.76,-0.22,-0.07,327,302,300,338,336
-0.89,10.52,-0.94,-0.71,-0.05,0.18,327,302,300,338,336
-0.93,10.49,-0.06,-0.72,-0.15,0.00,327,302,300,338,337
-1.82,11.68,1.94,-0.88,-0.52,-0.09,328,302,300,339,341
-1.70,10.49,0.63,-0.44,-0.27,-0.03,328,302,300,339,343
-0.67,10.31,1.56,-0.30,0.10,0.09,328,302,300,339,343
-0.02,10.68,1.37,-0.22,-0.06,-0.05,328,303,300,339,343
-0.40,10.71,1.41,-0.10,-0.06,0.06,327,302,300,339,342
-1.00,9.63,2.44,0.02,-0.07,0.04,327,302,300,339,342
-1.05,9.55,2.33,0.06,-0.06,-0.04,328,302,300,339,342
-0.78,9.39,2.36,0.05,0.00,0.01,327,302,300,338,342
-0.58,9.76,2.14,0.06,-0.01,-0.05,327,302,300,339,342
-0.39,9.56,2.41,0.07,0.03,0.01,328,302,301,339,342
-0.60,9.43,2.30,0.08,0.00,0.00,328,302,300,339,342
-0.67,9.67,2.24,0.05,-0.01,-0.01,328,302,300,339,342
-0.64,9.68,2.43,0.01,-0.01,-0.02,328,302,300,339,342
END
-0.52,9.56,2.28,0.03,-0.06,-0.04,330,304,306,343,332
2.78,1.08,-9.76,-0.01,-0.05,-0.06,330,304,306,343,332
2.64,1.06,-9.50,-0.05,-0.06,-0.09,330,304,306,343,332
2.56,1.36,-9.63,-0.09,-0.11,-0.14,330,304,305,343,332
2.56,1.18,-9.34,-0.11,-0.08,-0.12,330,304,305,343,332
2.35,1.35,-9.34,-0.14,-0.05,-0.07,330,304,305,343,332
2.30,0.83,-8.50,-0.29,-0.10,-0.09,330,304,305,343,332
2.64,1.67,-8.92,-0.41,-0.20,-0.26,330,304,305,343,332
2.20,2.08,-8.23,-0.55,-0.28,-0.19,330,304,305,342,332
1.03,3.17,-7.82,-0.66,-0.07,0.02,329,304,304,342,332
0.01,4.69,-7.75,-0.96,-0.38,-0.30,329,304,304,341,335
-0.33,5.90,-7.20,-0.83,-0.14,-0.41,329,304,303,341,335
1.56,5.07,-6.87,-0.96,-0.36,-0.17,329,303,303,340,335
0.50,9.10,-7.16,-0.72,-0.19,-0.58,328,303,302,340,336
-1.03,6.88,-5.04,-0.85,-0.10,0.07,328,304,302,340,336
1.14,7.54,-4.26,-0.92,-0.10,-0.14,328,303,302,339,337
-0.66,10.96,-4.42,-0.86,0.04,0.07,328,303,302,339,338
-3.02,11.09,-3.14,-0.86,0.04,-0.39,327,303,301,339,339
0.01,9.26,-2.46,-0.99,-0.29,0.12,327,303,302,339,339
1.09,12.99,-1.78,-0.48,-0.13,-0.18,327,303,302,339,340
-1.39,11.36,-0.95,-0.69,-0.05,-0.20,327,302,302,339,340
-1.39,10.30,0.27,-0.78,-0.20,0.01,327,303,301,339,340
-1.53,10.88,0.99,-0.71,-0.08,0.06,327,303,301,339,340
-0.83,11.63,0.27,-0.49,-0.26,-0.13,327,302,301,339,340
-1.04,12.95,0.59,-0.25,-0.03,-0.06,327,302,300,338,342
-0.59,10.64,1.21,0.04,-0.01,-0.05,326,302,300,338,342
-0.60,9.30,1.39,0.00,-0.05,-0.01,327,302,300,338,343
-1.26,9.22,2.28,0.00,0.00,0.01,326,302,300,338,343
-1.23,9.71,2.10,0.01,-0.01,-0.05,327,302,300,338,344
-0.75,9.52,1.86,0.01,0.04,0.01,327,302,301,338,344
-0.25,9.77,1.83,-0.01,-0.00,0.03,327,302,301,338,344
-0.91,9.88,1.77,0.05,0.03,0.02,327,302,300,338,344
-0.60,9.81,1.82,0.03,-0.06,-0.03,327,302,300,338,344
-0.66,9.48,2.09,0.07,-0.00,-0.02,327,302,300,338,343
-0.67,9.53,1.98,0.06,0.01,-0.01,327,302,300,338,343
-0.82,9.78,1.82,0.01,-0.06,-0.05,326,301,300,338,342
END
-0.91,10.00,2.11,0.07,-0.02,-0.06,329,304,305,343,332
2.71,1.16,-9.37,0.01,-0.04,-0.04,329,303,305,343,332
2.86,1.27,-9.48,-0.04,-0.03,0.03,329,303,305,342,332
2.91,1.27,-9.09,-0.10,-0.06,-0.03,329,303,305,343,332
2.88,1.31,-9.31,-0.12,-0.02,-0.01,329,303,305,343,331
2.30,1.42,-9.38,-0.18,-0.05,-0.10,329,303,305,342,332
2.99,1.50,-8.86,-0.32,-0.23,-0.30,329,303,304,342,332
2.36,1.51,-8.66,-0.36,-0.17,-0.14,329,303,304,342,333
2.22,2.39,-8.22,-0.50,-0.17,-0.18,329,303,304,342,332
1.79,3.45,-8.66,-0.59,-0.20,-0.14,329,303,303,342,333
1.50,1.95,-6.63,-0.76,-0.15,0.10,329,303,303,341,332
1.95,6.57,-7.25,-0.54,-0.48,-1.61,328,303,302,341,334
1.12,6.90,-7.44,-1.25,-0.96,0.07,328,303,302,340,333
-0.70,6.63,-6.62,-0.30,0.25,-0.01,328,303,302,340,333
-1.84,7.25,-5.43,-0.91,-0.17,-0.20,328,302,302,340,334
0.34,8.54,-5.25,-0.73,-0.15,-0.20,327,303,301,339,332
-1.17,10.66,-4.89,-0.67,0.05,-0.54,327,303,300,338,331
-1.18,9.55,-2.76,-0.97,-0.39,0.09,327,303,300,338,330
-1.72,12.31,-3.40,-0.84,-0.44,-0.29,326,303,300,337,330
-0.89,8.55,-1.72,-0.79,-0.13,0.01,326,302,299,337,330
-2.03,10.44,-0.79,-0.85,-0.17,0.14,327,303,300,337,331
-1.22,11.83,-0.24,-0.81,-0.29,0.11,327,303,299,337,332
-1.73,12.16,0.69,-0.68,-0.14,-0.01,327,303,299,337,332
-1.46,11.11,1.15,-0.53,-0.16,0.02,327,302,299,337,333
-1.39,10.84,0.96,-0.28,-0.03,0.01,326,303,299,336,334
-0.85,10.11,1.22,-0.25,0.04,0.08,326,302,299,336,333
-0.34,10.30,1.77,-0.10,-0.13,0.03,326,302,299,337,333
-1.54,10.34,2.04,0.03,-0.03,-0.02,326,302,299,337,332
-1.80,9.79,2.09,0.03,-0.03,0.02,326,302,299,336,332
-1.47,9.78,2.02,0.07,0.04,-0.07,326,302,299,337,333
-0.69,9.70,1.94,0.08,0.06,-0.05,326,302,299,337,333
-0.76,9.85,2.02,0.11,0.11,-0.02,326,302,299,337,333
-0.60,9.59,1.97,0.12,0.08,-0.01,326,302,299,337,333
-0.81,9.31,1.99,0.11,0.03,-0.03,326,302,299,337,333
-0.83,9.58,1.92,0.09,0.03,-0.05,326,302,299,337,333
-0.56,9.44,1.92,0.07,0.04,-0.00,326,302,299,337,333
END
-0.68,9.64,1.90,0.06,0.00,-0.06,330,305,306,343,330
2.38,1.54,-9.73,0.02,-0.02,-0.03,330,304,306,343,330
2.60,1.21,-9.68,0.03,0.00,-0.03,330,304,306,343,330
2.43,1.31,-9.77,0.03,0.00,-0.02,330,304,306,343,331
2.58,1.51,-9.54,0.01,-0.03,-0.04,330,304,306,343,331
2.63,1.49,-9.62,0.02,-0.02,0.02,329,304,306,343,331
2.10,0.97,-9.20,-0.02,-0.04,0.06,330,304,306,343,331
2.65,0.27,-8.48,-0.19,-0.22,-0.26,330,304,306,343,330
2.00,0.51,-8.51,-0.41,-0.25,-0.10,330,304,306,342,330
1.05,1.98,-8.40,-0.50,-0.28,-0.45,330,304,306,343,331
1.41,1.98,-8.41,-0.75,-0.30,-0.16,330,304,305,342,330
0.34,3.89,-7.49,-0.70,-0.18,-0.40,329,304,304,342,331
0.80,5.15,-7.77,-0.90,-0.37,-0.32,329,304,304,341,331
0.29,5.73,-7.16,-0.90,-0.32,-0.24,329,304,303,341,333
-0.01,5.53,-5.42,-1.09,-0.24,0.23,329,304,303,341,334
-2.82,9.61,-5.41,-0.78,-0.15,-0.51,327,304,301,340,336
-0.78,7.44,-4.28,-1.22,-0.43,0.28,327,303,300,339,334
0.04,11.12,-3.14,-0.95,-0.31,-0.09,326,303,300,338,335
-2.28,9.78,-1.94,-1.03,-0.32,-0.12,327,303,300,338,335
-2.58,11.74,-1.58,-1.09,-0.49,-0.09,326,302,299,338,335
-1.87,11.77,-1.13,-0.91,-0.39,0.06,326,302,299,338,336
-2.81,12.38,-1.06,-0.55,-0.06,0.08,326,301,299,338,336
-1.98,11.71,-0.66,-0.33,-0.25,-0.09,326,303,300,338,336
-1.51,10.31,0.17,-0.23,-0.03,0.08,326,303,300,338,336
-1.64,10.70,0.41,-0.18,-0.06,0.02,326,303,300,338,336
-1.52,11.00,0.72,-0.05,-0.06,-0.01,326,303,299,338,336
-1.54,10.42,1.15,0.08,0.06,0.01,326,302,299,338,336
-1.23,9.78,1.02,0.11,0.04,0.01,326,303,299,338,336
-1.05,9.58,0.95,0.11,-0.01,-0.03,326,302,299,337,336
-1.28,9.76,0.95,0.09,0.03,-0.02,326,303,300,338,336
-1.10,9.72,0.98,0.09,0.04,-0.02,326,302,300,338,336
-1.11,9.44,1.26,0.06,0.01,-0.02,326,302,300,338,336
-0.96,9.53,0.90,0.05,0.01,-0.02,326,302,299,338,336
-1.13,9.89,0.75,0.03,0.00,0.00,326,302,300,338,336
-0.94,9.84,0.71,0.03,-0.02,-0.05,326,302,299,338,336
-1.31,10.06,0.62,0.05,0.02,-0.01,326,302,299,338,336
END
-1.05,9.81,0.75,0.06,0.01,-0.03,331,305,307,343,331
3.05,1.00,-9.53,-0.01,-0.02,-0.02,331,305,307,343,331
2.98,1.36,-9.36,-0.05,-0.02,-0.03,330,305,307,343,331
3.39,1.06,-9.38,-0.09,-0.12,-0.13,331,305,307,343,331
3.03,0.90,-9.02,-0.19,-0.10,-0.02,331,305,306,343,331
2.53,1.34,-9.29,-0.27,-0.16,-0.22,331,305,306,343,331
3.26,0.90,-8.60,-0.43,-0.18,-0.15,331,306,306,342,331
1.87,1.49,-7.98,-0.48,-0.18,-0.37,331,305,306,342,331
1.56,2.99,-7.65,-0.77,-0.31,-0.41,330,305,305,342,331
1.80,3.21,-6.88,-0.92,-0.31,-0.24,330,305,303,341,331
0.76,5.84,-6.47,-0.93,-0.13,-0.10,329,304,302,340,331
0.94,6.67,-5.71,-1.18,-0.13,0.09,329,304,302,340,331
0.13,8.79,-5.89,-0.91,-0.21,-0.74,328,304,301,339,332
-1.66,8.08,-3.69,-1.44,-0.32,0.19,327,304,300,339,333
1.54,10.42,-2.94,-1.19,-0.30,-0.08,327,303,300,338,335
-2.99,12.22,-1.13,-1.16,-0.55,-0.97,327,303,300,338,336
-3.40,11.17,-0.99,-1.60,-0.92,-0.17,326,303,299,338,337
-0.48,15.69,-0.29,-1.10,-0.56,-0.27,326,302,299,338,338
-1.53,11.84,-0.62,-0.36,0.21,0.20,326,302,300,338,338
-1.67,10.63,0.86,-0.44,-0.24,0.08,326,303,300,338,338
-1.64,10.57,1.99,-0.25,-0.15,-0.10,326,303,299,338,339
-1.37,10.57,1.74,-0.22,-0.01,0.10,326,302,299,338,339
-1.60,10.27,1.69,-0.11,-0.02,0.05,326,303,299,337,339
-1.22,10.15,1.95,-0.03,-0.09,-0.02,326,302,300,338,339
-1.26,10.20,2.12,0.09,0.01,-0.04,326,303,300,337,339
-1.29,9.45,2.30,0.10,0.02,0.01,326,302,299,337,339
-1.18,9.60,2.14,0.10,0.02,-0.03,326,303,300,337,339
-0.73,9.66,2.14,0.11,0.05,-0.01,326,303,299,337,339
-0.75,9.39,2.05,0.10,0.02,-0.02,326,303,299,336,339
-0.79,9.78,1.66,0.11,-0.00,-0.05,326,303,299,338,339
-0.98,10.02,1.49,0.12,-0.01,-0.05,326,302,300,337,339
-1.34,9.93,1.82,0.15,0.00,-0.03,326,303,299,338,339
-1.56,10.82,1.42,0.27,0.06,-0.03,326,303,299,338,338
-1.21,11.26,0.58,0.40,0.13,-0.03,326,303,299,338,338
-1.59,11.53,-0.14,0.63,0.25,0.21,326,303,299,338,338
-0.75,12.27,-0.47,0.81,0.23,0.21,326,303,299,337,338
END
-1.46,12.17,-1.39,1.12,0.35,0.17,330,305,305,343,329
2.79,2.35,-9.48,-0.22,-0.04,0.01,330,304,305,343,329
2.56,1.95,-9.63,-0.22,-0.14,-0.18,330,305,305,343,329
2.36,2.62,-9.22,-0.22,-0.13,-0.12,330,305,305,342,329
2.22,3.78,-9.92,-0.11,-0.11,-0.19,330,305,305,342,329
2.05,2.23,-9.07,-0.12,-0.13,-0.15,330,305,305,342,329
1.82,1.46,-8.14,-0.27,-0.08,-0.07,330,305,305,342,329
1.47,2.44,-8.03,-0.50,-0.10,-0.06,330,305,304,342,330
1.48,3.09,-8.04,-0.58,-0.15,-0.40,330,304,304,342,330
1.43,5.19,-8.25,-0.69,-0.18,-0.25,329,304,302,341,330
0.54,6.30,-7.23,-0.62,-0.03,-0.25,329,304,302,341,332
0.90,5.11,-6.53,-0.96,-0.26,-0.33,329,304,301,340,332
0.09,9.93,-7.16,-0.72,-0.44,-1.05,328,304,301,339,335
-2.92,6.43,-5.37,-0.80,-0.41,-0.67,328,304,300,339,336
0.40,7.85,-4.99,-0.93,-0.61,-0.34,327,303,299,338,337
-0.88,8.00,-4.42,-0.57,-0.14,-0.85,327,303,299,338,340
-4.13,9.35,-2.60,-0.80,-0.28,-0.09,326,303,299,337,341
-2.37,9.39,-1.28,-1.00,-0.28,0.45,327,302,298,337,344
-2.20,11.48,-0.32,-0.85,-0.42,0.17,326,303,298,337,346
-1.78,11.83,-0.78,-0.63,-0.28,-0.15,326,303,298,336,347
-1.79,11.50,-0.27,-0.61,0.00,0.07,326,302,298,336,346
-3.03,11.22,0.45,-0.52,-0.08,0.11,326,302,298,337,347
-2.00,11.49,0.97,-0.49,-0.21,-0.07,326,302,298,336,348
-1.04,11.00,0.94,-0.21,0.04,0.09,324,302,298,336,349
-2.61,11.71,1.57,-0.23,-0.02,-0.05,323,301,297,336,350
-1.97,10.40,1.64,-0.03,0.07,0.02,323,301,298,336,350
-1.64,10.23,1.46,0.01,0.07,-0.09,322,301,298,336,349
-0.73,9.53,2.18,0.05,0.07,0.04,322,301,298,336,348
-1.58,9.95,1.97,0.07,-0.00,-0.07,323,301,298,336,348
-1.13,9.46,2.28,0.11,0.07,-0.03,323,301,298,336,348
-1.51,10.14,2.00,0.12,0.03,-0.03,322,301,298,336,348
-0.90,9.13,1.76,0.10,0.06,0.02,322,302,298,336,348
-1.79,9.83,1.95,0.07,0.01,-0.02,322,301,298,336,348
-1.26,9.85,1.69,0.09,-0.02,-0.05,323,301,298,336,347
-1.10,9.71,1.73,0.07,-0.00,-0.01,322,301,298,336,347
-1.16,9.64,1.82,0.08,-0.00,-0.02,322,301,299,336,347
END
-1.05,9.47,1.56,0.05,-0.02,-0.01,328,303,304,341,333
2.48,1.59,-9.52,0.04,-0.00,-0.04,328,303,304,341,333
2.73,1.69,-9.55,0.04,0.00,-0.05,328,304,304,341,333
2.60,1.51,-9.63,0.04,0.00,-0.02,328,304,304,341,333
2.57,1.36,-9.68,0.03,0.02,-0.02,328,303,304,341,333
2.86,1.49,-9.67,0.03,0.00,-0.04,328,303,304,341,332
2.69,0.77,-8.96,-0.01,-0.05,-0.11,328,303,304,341,333
2.69,0.16,-8.41,-0.18,-0.11,-0.08,328,304,304,341,333
2.02,1.09,-8.46,-0.40,-0.25,-0.30,328,303,304,341,333
2.85,2.20,-8.84,-0.46,-0.39,-0.47,328,304,304,341,333
1.32,2.58,-8.63,-0.50,-0.28,-0.24,328,303,303,340,334
-0.50,3.65,-7.70,-0.70,-0.23,-0.30,327,303,303,340,334
1.26,4.23,-8.02,-0.66,-0.58,-1.17,326,303,301,339,334
-0.12,6.65,-7.38,-0.75,-0.62,-0.74,326,302,301,339,334
-0.56,6.88,-6.40,-0.99,-0.29,0.94,325,302,301,339,334
-0.03,7.63,-6.81,-0.81,-0.09,0.29,325,302,299,338,335
-2.25,8.47,-5.73,-0.74,-0.19,-0.37,324,301,299,338,335
-0.14,6.78,-4.67,-1.11,-0.40,0.37,324,302,299,337,336
-0.60,10.95,-3.75,-0.94,-0.34,-0.40,324,302,299,338,339
-1.39,7.91,-2.04,-1.11,-0.58,0.16,324,302,299,338,342
-2.12,12.50,-1.90,-0.93,-0.59,-0.08,324,301,298,337,343
-3.57,12.66,-1.70,-0.68,-0.15,-0.24,324,301,299,337,343
-2.67,11.19,-0.84,-0.69,-0.18,0.13,325,302,299,337,343
-1.31,10.21,-0.18,-0.55,-0.08,0.15,324,302,299,337,343
-1.49,11.29,0.50,-0.46,-0.07,-0.01,324,302,299,337,343
-1.85,10.99,0.40,-0.16,0.01,0.08,325,302,298,337,343
-0.48,10.57,0.43,-0.08,-0.22,-0.08,325,302,299,337,341
-1.87,10.51,1.28,-0.02,-0.06,-0.10,325,302,299,336,341
-2.73,9.81,1.69,0.03,0.00,0.03,325,301,299,337,341
-1.19,9.66,1.00,0.03,-0.02,0.04,325,302,299,336,341
-1.33,9.88,1.18,0.03,0.09,0.04,325,302,299,336,341
-0.76,9.93,1.27,0.04,-0.04,-0.01,325,302,299,336,341
-1.37,10.04,1.16,0.10,0.03,-0.03,324,302,299,337,341
-1.13,9.32,1.47,0.08,0.02,0.02,325,302,299,337,341
-1.01,9.73,1.27,0.05,0.03,0.00,325,302,299,337,341
-0.88,9.86,1.23,0.06,-0.05,-0.05,325,302,299,337,341
END
-1.26,9.63,1.23,0.08,-0.01,-0.04,329,304,306,342,332
2.54,1.47,-9.73,0.02,-0.01,-0.03,329,304,305,341,332
2.54,1.15,-9.56,0.02,0.02,-0.00,329,304,306,340,332
2.58,1.59,-9.78,0.01,-0.00,-0.05,329,304,305,342,332
2.79,1.17,-9.54,0.01,0.02,0.03,329,304,305,341,332
2.58,1.34,-9.76,0.01,-0.03,-0.03,329,304,305,342,332
2.52,1.13,-9.66,-0.01,-0.05,-0.07,329,304,305,342,332
2.55,0.82,-9.21,-0.07,-0.06,-0.05,329,304,305,341,332
2.12,0.59,-8.82,-0.21,-0.16,-0.22,329,304,305,341,332
2.18,1.49,-9.12,-0.38,-0.26,-0.35,329,304,304,341,332
2.04,1.69,-8.71,-0.49,-0.22,-0.27,329,304,304,341,332
1.15,2.81,-7.93,-0.62,-0.04,-0.21,328,304,302,341,332
1.77,3.79,-8.37,-0.63,-0.27,-0.62,328,304,302,340,332
0.44,6.09,-8.23,-0.61,-0.32,-0.59,327,304,301,340,331
0.95,3.85,-7.50,-0.76,-0.22,0.29,327,304,301,339,331
0.06,6.57,-7.27,-0.45,-0.13,-0.49,327,303,301,339,333
-0.74,4.99,-5.61,-0.95,-0.20,0.20,327,303,301,338,332
-0.94,8.64,-4.93,-0.90,-0.19,-0.06,326,303,300,337,334
-1.92,10.51,-5.69,-0.92,-0.37,-0.42,326,302,299,337,335
-1.84,9.85,-3.16,-0.86,-0.21,-0.14,325,302,299,337,338
-0.36,13.46,-3.55,-0.86,-0.70,-0.64,325,302,299,337,341
-0.92,9.78,-3.88,-1.01,-0.45,0.42,325,302,299,336,341
-1.79,9.59,-1.79,-0.42,0.29,-0.00,325,302,298,336,342
-2.55,11.61,-0.75,-0.72,-0.35,-0.01,325,302,298,336,341
-1.69,11.25,-0.03,-0.55,-0.11,0.04,325,302,299,335,341
-0.78,11.81,-0.67,-0.53,-0.07,-0.04,325,302,298,335,341
-1.03,11.52,-0.46,-0.30,-0.14,0.06,325,302,299,335,341
-1.19,11.04,0.33,-0.06,-0.04,0.06,325,302,298,335,341
-0.88,10.18,0.62,0.00,-0.08,0.00,325,302,298,335,341
-0.77,9.72,1.26,0.04,-0.06,-0.00,325,302,298,335,341
-1.44,9.76,0.89,0.05,-0.00,-0.06,325,302,298,335,341
-0.71,9.63,1.13,0.03,0.01,0.01,325,302,298,335,341
-0.77,9.56,0.77,0.04,0.02,-0.01,325,302,298,335,341
-0.75,9.58,0.95,0.03,0.02,-0.03,325,302,298,335,341
-0.76,10.11,0.91,0.01,-0.00,-0.04,325,302,298,335,341
-0.73,9.88,0.96,0.02,-0.00,-0.02,325,302,299,335,341
END
-0.90,9.92,1.01,0.05,-0.00,-0.04,327,303,302,340,330
2.96,1.26,-9.50,0.01,-0.02,-0.03,327,303,302,340,330
2.78,1.10,-9.53,0.00,0.02,0.01,327,303,302,340,330
2.91,1.64,-9.73,0.01,-0.04,-0.09,327,303,302,340,330
3.16,1.28,-9.63,0.03,-0.01,-0.01,327,303,302,340,330
2.80,0.75,-9.18,-0.00,-0.02,-0.01,327,303,302,340,330
3.15,0.50,-9.01,-0.10,-0.17,-0.15,327,303,302,339,330
2.76,-0.04,-8.37,-0.32,-0.31,-0.23,327,303,302,340,330
2.09,1.93,-8.72,-0.49,-0.29,-0.14,327,303,302,339,329
1.81,2.07,-8.64,-0.53,-0.34,-0.13,326,303,302,339,330
1.85,2.56,-8.14,-0.55,-0.31,-0.31,326,303,301,339,331
0.35,4.32,-8.26,-0.68,-0.23,-0.32,326,303,300,338,333
1.82,4.13,-7.83,-0.98,-0.65,-0.10,326,303,300,338,334
-0.25,6.06,-7.28,-0.68,-0.34,-0.46,326,303,299,337,334
-2.35,7.90,-6.30,-0.80,-0.31,0.09,325,303,300,337,335
0.28,6.50,-5.51,-0.95,-0.57,0.24,325,302,299,337,335
-2.66,8.94,-5.64,-0.63,-0.08,-0.66,326,302,299,336,336
-0.47,7.34,-4.31,-1.00,-0.27,0.83,325,302,299,336,336
-1.67,10.06,-3.19,-0.87,-0.09,0.08,325,302,299,336,339
-1.44,10.47,-2.02,-0.86,-0.40,-0.18,325,302,299,336,342
-2.66,11.47,-1.76,-0.85,-0.13,-0.13,325,302,299,336,344
-1.67,10.04,-1.49,-0.77,-0.17,0.12,325,300,299,336,345
-1.49,12.10,-1.13,-0.72,-0.23,-0.06,325,302,299,336,345
-1.72,12.43,-0.73,-0.51,-0.07,-0.10,324,302,299,336,346
-1.99,11.18,-0.27,-0.33,-0.02,-0.02,325,302,298,336,346
-0.86,10.17,0.06,-0.24,-0.00,0.17,325,302,299,336,346
-0.67,10.10,0.94,-0.14,0.08,0.21,325,302,299,335,346
-1.56,11.28,0.86,-0.02,0.06,0.12,325,302,298,335,345
-1.18,10.40,1.18,0.04,-0.01,0.01,324,302,299,336,345
-0.51,9.33,1.28,-0.01,0.02,0.02,325,302,298,336,345
-0.55,9.91,0.89,0.03,0.01,-0.03,325,302,298,335,345
-0.87,10.11,1.35,0.04,0.04,-0.01,325,302,298,336,345
-0.70,9.53,1.44,0.04,-0.01,-0.03,325,302,298,336,345
-0.60,9.45,1.33,0.07,0.01,-0.04,325,302,298,335,345
-0.88,9.66,1.23,0.04,-0.01,-0.04,325,302,298,335,344
-0.85,9.90,1.34,0.05,-0.01,-0.05,325,302,298,335,345
END
-0.85,9.82,1.19,0.05,-0.01,-0.03,328,304,302,341,331
2.48,1.17,-9.60,-0.00,-0.02,-0.02,328,304,302,341,331
2.76,1.03,-9.63,0.00,-0.03,-0.02,328,304,302,341,331
2.76,1.07,-9.52,-0.03,-0.06,-0.08,328,304,302,341,331
2.71,0.95,-9.32,-0.11,-0.09,-0.11,328,304,302,341,331
2.25,1.34,-9.31,-0.15,-0.13,-0.19,328,304,301,341,331
2.49,0.55,-8.85,-0.26,-0.06,-0.09,328,304,301,341,331
3.01,1.32,-8.79,-0.41,-0.24,-0.20,328,304,302,341,331
2.03,2.10,-8.36,-0.50,-0.21,-0.29,327,304,301,341,331
1.46,2.79,-8.84,-0.64,-0.26,-0.07,327,304,301,340,332
1.24,2.80,-7.74,-0.81,-0.19,-0.08,327,304,300,340,333
0.59,5.86,-8.40,-0.70,-0.32,-0.48,326,303,300,340,335
1.03,4.78,-7.06,-0.73,-0.39,-0.75,326,303,300,339,336
-1.36,6.17,-5.73,-0.71,-0.12,-0.08,326,303,300,339,336
0.90,7.65,-5.78,-0.94,-0.53,-0.40,326,303,300,338,338
-1.37,8.79,-5.41,-0.78,-0.35,-0.24,325,303,299,337,338
-3.20,8.55,-4.32,-0.84,-0.05,0.44,325,303,299,337,338
-0.40,8.04,-3.78,-1.06,-0.55,0.21,325,303,298,336,338
-0.34,12.06,-2.84,-0.78,-0.27,-0.52,325,302,298,336,339
-4.51,12.31,-2.48,-0.75,-0.16,-0.15,325,303,298,335,341
-1.55,10.09,-1.53,-0.84,-0.19,0.31,324,303,298,335,342
-0.78,11.19,-0.83,-0.73,-0.24,0.06,325,303,298,335,343
-0.31,11.41,-0.01,-0.61,-0.11,0.22,325,303,298,335,344
-1.86,12.88,0.70,-0.53,-0.15,0.09,325,302,298,335,347
-1.90,11.72,0.58,-0.14,0.11,0.06,325,303,298,335,346
-0.30,10.45,0.42,-0.05,-0.05,0.03,325,302,298,335,346
-0.55,10.70,0.81,0.06,0.06,-0.08,325,302,298,335,346
-0.65,9.73,1.33,0.07,0.05,0.05,325,302,298,335,345
-0.70,9.53,1.49,0.07,-0.00,0.02,325,302,298,335,345
-0.73,9.82,1.33,0.06,0.04,-0.01,325,302,298,335,345
-0.53,9.75,1.31,0.05,0.02,-0.02,325,302,298,335,345
-0.53,9.93,1.13,0.09,0.01,-0.04,325,302,297,335,345
-0.57,9.86,1.06,0.08,0.02,-0.01,325,302,298,335,344
-0.64,9.90,1.18,0.07,0.00,-0.04,325,302,298,335,344
-0.78,9.92,1.13,0.09,0.03,-0.03,325,302,298,335,344
-0.39,9.55,1.07,0.10,0.03,-0.02,325,302,298,335,343
END
-0.44,10.02,0.96,0.06,-0.01,-0.03,328,305,305,341,332
2.92,1.25,-9.54,0.02,-0.04,-0.08,328,305,305,341,331
2.76,1.36,-9.47,-0.00,-0.01,-0.01,329,305,305,341,332
2.80,1.62,-9.53,-0.01,-0.03,-0.06,328,305,305,341,332
3.10,1.55,-9.53,-0.02,-0.03,-0.01,328,305,305,341,332
2.68,0.89,-9.03,-0.10,-0.09,-0.07,328,306,305,341,332
2.60,0.88,-8.90,-0.21,-0.16,-0.17,328,305,305,341,332
2.65,1.11,-8.89,-0.32,-0.20,-0.20,328,305,305,341,331
2.93,1.60,-8.70,-0.49,-0.29,-0.17,328,305,304,341,331
2.58,1.16,-7.76,-0.62,-0.19,0.07,328,305,304,341,331
-0.42,5.28,-8.42,-0.58,0.28,0.38,327,305,304,341,331
2.90,6.07,-8.56,-1.01,-0.57,-0.29,327,305,302,340,332
0.22,6.18,-7.65,-0.69,-0.16,-0.07,327,305,302,340,331
1.73,6.04,-6.60,-0.86,-0.22,0.13,326,305,301,339,333
-1.11,8.34,-6.33,-0.60,-0.13,-0.74,326,304,301,338,336
-1.36,8.35,-5.62,-0.92,-0.48,-0.69,326,304,300,338,341
-1.89,9.42,-4.57,-1.07,-0.46,0.48,326,304,300,338,342
0.19,9.77,-4.28,-0.97,-0.45,-0.65,325,304,299,337,343
-3.02,10.01,-4.17,-0.65,-0.23,-0.80,325,305,300,337,343
-1.92,10.39,-3.35,-0.71,-0.25,-0.09,325,304,300,336,343
-2.03,9.86,-1.59,-0.74,-0.14,0.15,325,304,300,337,344
-1.15,9.66,-1.23,-0.73,-0.10,0.22,325,304,299,336,344
-1.41,11.41,-0.01,-0.61,-0.22,0.07,325,304,299,336,344
-2.36,11.33,0.48,-0.51,0.00,0.04,325,304,299,336,343
-1.87,9.98,0.03,-0.50,-0.05,0.16,325,303,299,337,343
-1.00,11.11,0.70,-0.42,-0.05,0.08,325,304,299,336,343
-0.83,12.50,1.49,-0.18,-0.01,-0.01,325,303,299,336,343
-0.86,10.53,1.18,0.06,0.02,0.00,325,303,299,335,342
-1.49,9.53,1.61,0.09,0.04,0.02,326,303,299,336,342
-1.34,9.93,1.96,0.06,0.00,0.03,326,304,299,336,342
-0.94,9.72,1.88,0.07,0.08,0.01,326,303,299,336,342
-0.32,9.68,1.36,0.06,0.05,0.01,326,303,299,336,342
-0.55,9.96,1.39,0.09,0.01,-0.05,326,303,300,336,342
-0.42,9.55,1.39,0.10,0.04,0.03,325,303,300,336,342
-0.52,9.59,1.21,0.11,0.01,-0.01,325,303,299,336,342
-0.67,9.88,1.54,0.13,0.01,-0.07,325,303,299,336,343
END
-0.78,9.93,1.20,0.12,0.05,0.00,328,304,305,342,335
3.19,0.89,-9.40,-0.03,-0.04,-0.05,328,304,305,342,335
2.89,0.65,-9.23,-0.10,-0.06,-0.03,328,304,305,342,335
2.31,0.91,-8.97,-0.20,-0.08,-0.08,328,304,307,342,335
2.94,1.86,-9.32,-0.25,-0.17,-0.28,328,304,306,342,335
2.83,1.33,-9.08,-0.32,-0.13,-0.02,328,304,306,342,335
2.29,1.53,-8.60,-0.40,-0.13,-0.11,328,304,304,341,335
2.81,2.12,-8.71,-0.58,-0.27,-0.14,328,304,303,340,335
2.88,3.60,-8.60,-0.54,-0.19,0.00,327,304,302,339,335
1.57,2.19,-7.41,-0.71,-0.16,0.13,327,304,301,338,335
0.51,6.50,-7.09,-0.56,0.03,-0.19,326,303,301,338,335
2.00,4.81,-6.42,-1.04,-0.24,-0.15,326,303,300,338,336
0.42,9.22,-7.26,-0.64,-0.20,-0.63,325,303,299,337,337
-1.21,8.61,-6.22,-0.74,-0.27,-0.44,325,303,299,337,338
0.22,6.78,-5.56,-0.90,-0.28,-0.29,325,303,299,337,338
0.64,10.57,-5.44,-0.69,-0.33,-0.71,324,303,299,336,339
-1.86,8.05,-2.97,-0.76,-0.33,-0.20,324,303,299,337,339
-1.29,8.39,-2.23,-0.99,-0.29,0.15,324,303,299,337,340
-0.91,10.62,-1.63,-1.00,-0.43,0.17,324,303,298,336,340
-1.55,13.36,-2.08,-0.75,-0.25,-0.20,324,303,298,335,340
-1.42,12.06,-1.07,-0.63,-0.08,0.15,324,303,298,335,339
-1.22,11.08,-1.18,-0.45,-0.06,0.15,324,303,299,335,339
-2.17,11.31,-0.57,-0.31,-0.06,-0.07,324,303,298,335,339
-1.61,10.39,-0.05,-0.18,-0.04,0.14,324,303,299,335,339
-1.40,10.13,0.33,-0.08,-0.04,0.04,324,303,298,335,339
-1.03,10.16,0.80,-0.08,0.00,-0.02,324,303,298,335,339
-1.03,9.93,0.94,0.02,0.03,0.01,324,303,299,335,338
-0.85,9.73,0.79,0.02,0.06,0.00,324,303,298,335,338
-0.72,9.96,0.95,0.03,-0.00,-0.06,324,303,298,335,338
-0.85,9.64,0.92,0.04,0.03,0.02,324,303,299,335,337
-1.00,9.83,0.98,0.04,0.01,-0.02,324,302,298,335,337
-0.87,9.77,1.03,0.02,0.03,0.02,324,303,299,335,337
-0.83,9.92,0.88,0.05,0.01,-0.02,324,303,298,335,337
-0.84,10.09,0.82,0.04,0.01,-0.00,324,303,298,335,337
-1.16,10.24,0.61,0.09,0.00,-0.04,324,303,298,335,337
-1.02,10.29,0.73,0.12,0.03,-0.03,324,303,298,335,337
END
-0.65,10.45,0.49,0.17,0.00,-0.07,328,305,306,341,331
2.48,1.81,-9.46,-0.30,-0.20,-0.15,328,305,305,340,331
2.02,2.83,-9.95,-0.19,-0.09,-0.06,327,305,305,340,332
2.45,1.84,-9.55,-0.23,-0.15,0.01,327,305,304,340,331
1.65,3.54,-10.09,-0.12,-0.01,0.08,327,305,304,340,331
1.43,1.97,-9.19,-0.20,-0.16,-0.02,327,305,303,339,333
1.24,2.11,-8.26,-0.29,-0.17,-0.07,327,305,303,339,332
1.39,2.42,-7.89,-0.52,-0.27,-0.09,327,305,303,339,333
0.52,4.02,-8.65,-0.44,-0.16,-0.39,326,305,301,338,333
-0.69,5.67,-7.29,-0.67,-0.11,0.07,326,305,301,338,338
2.20,10.37,-10.92,-0.50,-0.08,-0.36,325,304,300,337,338
-1.23,2.55,-5.58,-0.74,-0.19,0.01,325,304,300,336,338
1.57,8.61,-7.23,-0.81,-0.42,-0.38,324,304,299,336,337
-1.11,8.39,-6.86,-0.62,-0.32,-0.26,325,304,299,336,338
-0.70,6.32,-5.58,-0.82,-0.32,-0.03,324,304,299,335,338
0.24,9.24,-4.96,-0.80,-0.36,-0.10,324,303,299,335,338
-1.70,8.87,-4.07,-0.81,-0.20,-0.09,324,303,299,335,339
-2.30,9.58,-2.64,-0.94,-0.32,0.19,324,303,299,335,339
-0.41,10.14,-1.84,-0.82,-0.27,0.03,324,303,298,335,339
-1.51,11.80,-1.51,-0.64,-0.19,0.02,324,303,298,334,339
-1.33,9.68,-1.11,-0.66,0.03,0.27,324,303,299,334,340
-0.67,9.97,-0.17,-0.76,-0.21,0.06,324,303,299,335,340
-1.39,11.69,1.01,-0.59,0.01,0.09,324,303,299,335,340
-1.84,11.98,0.45,-0.47,0.02,0.00,324,303,299,335,340
-1.20,11.66,0.96,-0.28,0.02,-0.03,324,303,299,335,340
-0.96,10.39,0.46,-0.14,-0.00,-0.12,324,303,300,335,339
-1.14,10.12,1.18,-0.09,-0.10,-0.04,324,303,299,335,339
-1.52,9.96,2.07,-0.04,-0.06,-0.12,325,303,299,335,339
-0.54,9.81,1.90,-0.05,-0.19,-0.16,325,303,299,335,339
-0.19,9.18,2.15,0.11,0.12,-0.04,325,303,299,335,339
-1.09,9.40,2.02,0.01,-0.02,-0.01,325,303,299,334,339
-1.50,9.45,2.21,0.02,0.02,0.02,325,303,299,335,339
-0.89,9.34,1.85,0.02,0.03,-0.02,325,303,300,335,340
-1.44,10.19,2.07,0.07,0.07,-0.00,325,303,300,335,340
-0.74,9.58,1.79,0.09,0.01,-0.03,325,303,300,335,340
-0.56,9.83,1.77,0.10,0.03,0.01,325,303,300,335,340
END
-1.11,10.24,1.75,0.16,-0.00,-0.07,327,306,305,340,331
2.91,1.13,-9.41,-0.01,-0.02,-0.09,327,306,304,339,331
2.96,1.44,-9.61,-0.02,-0.06,-0.13,327,306,305,340,331
2.83,1.18,-9.48,-0.04,-0.05,-0.07,327,306,305,340,331
2.58,0.91,-9.01,-0.11,-0.03,-0.05,327,306,304,339,332
2.79,1.36,-8.97,-0.19,-0.10,-0.24,327,306,304,339,331
3.09,1.13,-8.84,-0.37,-0.21,-0.12,327,306,304,339,331
1.26,2.78,-9.14,-0.35,-0.09,-0.12,327,306,304,339,331
2.20,2.20,-8.28,-0.53,-0.27,-0.28,327,306,303,338,331
-0.05,2.51,-7.80,-0.53,-0.09,-0.31,327,306,303,338,331
0.68,4.29,-7.07,-0.77,-0.60,-0.90,326,305,303,338,332
0.53,6.21,-7.86,-0.87,-0.64,-0.69,326,305,302,337,331
-0.29,6.47,-7.42,-0.80,-0.19,0.11,325,305,301,337,332
-0.10,8.03,-6.88,-0.78,-0.07,0.28,325,304,300,337,334
-0.68,9.44,-6.77,-0.58,-0.28,-0.58,325,303,299,336,337
-1.27,5.56,-4.54,-0.81,-0.13,0.20,325,303,299,336,336
-0.45,7.28,-3.40,-0.94,-0.16,-0.05,325,303,299,336,337
-1.28,10.43,-2.46,-1.05,-0.79,-0.47,325,303,298,335,337
-0.05,11.31,-1.95,-1.01,-0.34,-0.15,325,303,298,336,338
-3.29,10.82,-0.97,-0.89,-0.09,0.22,325,303,298,335,339
-1.42,11.42,-0.75,-0.85,-0.32,0.18,325,303,298,335,338
-1.69,12.65,-0.04,-0.60,-0.09,-0.08,324,303,298,335,339
-2.43,12.16,0.06,-0.45,0.08,-0.00,325,303,298,335,338
-1.27,11.29,0.65,-0.35,-0.01,0.07,324,302,298,335,338
-0.85,10.67,0.35,-0.22,-0.16,-0.10,324,302,298,335,337
-1.26,9.97,1.26,-0.04,0.06,-0.08,324,302,298,335,337
-1.67,9.73,1.87,-0.16,-0.11,0.15,324,302,298,335,337
-1.50,9.78,1.74,-0.05,-0.02,0.03,324,302,298,335,337
-1.17,9.71,1.74,-0.00,0.05,0.02,324,302,298,335,337
-0.90,9.69,1.96,0.01,0.05,0.07,324,302,298,335,337
-0.62,9.45,1.78,0.01,-0.09,-0.04,324,302,298,334,337
-1.21,9.70,2.12,0.07,0.04,0.03,324,302,298,335,336
-1.26,9.56,2.36,0.05,-0.00,-0.03,324,302,298,334,337
-0.93,9.88,1.90,0.09,0.02,-0.03,324,302,298,335,336
-1.36,10.23,1.62,0.17,0.04,-0.04,324,302,298,334,336
-1.00,10.72,1.28,0.23,0.01,-0.05,324,302,298,334,337
END
-1.55,11.40,0.78,0.40,0.05,-0.04,326,304,306,340,330
2.48,1.39,-9.34,0.01,-0.02,-0.02,326,304,306,340,331
2.16,0.93,-8.96,-0.09,-0.10,-0.06,326,304,306,340,331
2.54,1.95,-9.52,-0.14,-0.15,-0.17,326,304,306,340,330
2.25,2.33,-9.82,-0.16,-0.10,-0.07,326,304,305,339,330
1.70,1.16,-8.84,-0.23,-0.14,-0.14,326,304,305,339,331
2.60,2.45,-8.76,-0.39,-0.26,-0.17,326,304,304,339,330
1.42,1.80,-8.59,-0.44,-0.25,-0.16,325,304,304,339,330
0.26,2.88,-8.09,-0.67,-0.16,-0.15,325,304,304,339,331
2.28,4.92,-7.55,-0.75,-0.50,-0.43,325,304,304,341,332
-1.46,5.13,-7.42,-0.73,-0.20,-0.04,325,304,304,340,332
0.01,6.20,-7.01,-0.86,-0.32,-0.26,325,304,301,338,332
-0.98,7.71,-6.66,-0.71,-0.15,-0.20,325,303,301,337,334
0.18,6.00,-5.56,-0.90,-0.18,0.41,324,303,300,337,335
-1.00,10.04,-5.36,-0.64,-0.19,-0.51,324,303,300,337,338
-2.36,8.70,-4.41,-0.84,-0.18,-0.16,324,303,299,336,338
-1.11,10.26,-3.65,-0.91,-0.33,-0.14,324,303,299,336,338
-1.71,9.66,-2.46,-0.75,-0.27,-0.21,323,303,299,336,338
-2.18,11.27,-1.79,-0.76,-0.13,-0.19,323,302,298,336,339
-0.80,9.42,-0.32,-0.90,-0.27,0.23,323,302,298,336,339
-1.36,10.98,-0.60,-0.70,0.15,0.39,324,303,298,335,339
-1.63,10.66,1.02,-0.81,0.07,0.35,323,303,298,335,339
-1.22,13.80,0.70,-0.44,-0.25,-0.10,324,303,298,335,339
-1.28,11.06,1.01,-0.18,-0.02,0.00,324,302,298,335,338
-1.35,10.11,1.12,-0.05,-0.00,0.00,324,303,298,335,338
-0.42,9.96,1.28,-0.04,-0.06,-0.06,324,303,298,335,338
-0.93,10.32,1.64,0.03,-0.03,-0.01,324,303,298,335,338
-0.06,9.72,1.57,0.07,-0.03,-0.01,324,303,299,335,337
-0.54,9.71,1.82,0.06,0.02,-0.04,324,303,298,335,337
-0.32,9.89,1.54,0.04,0.00,-0.08,324,303,298,335,337
-0.52,9.55,1.55,0.08,0.05,-0.02,324,302,298,335,337
-0.36,9.74,1.53,0.04,0.05,0.01,324,303,298,335,336
0.42,9.90,1.46,0.04,0.02,0.10,324,302,298,335,336
-0.39,10.47,1.37,0.13,0.01,0.00,325,303,298,335,335
-0.45,10.29,1.08,0.20,0.03,-0.02,325,303,298,334,335
-0.46,11.03,0.72,0.26,-0.01,-0.07,325,303,298,335,335
END
-0.04,11.21,0.55,0.38,-0.05,-0.07,328,305,307,340,326
3.06,0.97,-9.43,-0.06,-0.15,-0.21,328,305,306,340,326
1.70,0.99,-9.39,-0.12,-0.10,0.03,328,305,306,340,326
2.46,1.86,-9.50,-0.21,-0.23,-0.31,328,305,306,339,327
2.34,1.16,-9.07,-0.21,-0.07,0.09,328,305,305,339,326
1.67,1.75,-8.97,-0.22,-0.00,0.03,327,304,305,339,327
2.15,1.54,-8.15,-0.46,-0.21,-0.27,328,305,305,339,329
2.41,1.67,-8.19,-0.68,-0.26,-0.01,328,305,304,339,329
2.49,3.08,-7.52,-0.65,-0.27,-0.43,329,305,303,339,327
1.74,3.24,-7.15,-0.80,-0.28,-0.64,332,305,303,339,327
0.73,7.86,-7.74,-0.85,-0.35,-0.04,332,305,302,338,327
-0.40,6.79,-6.41,-0.72,-0.02,0.04,331,304,302,338,328
0.14,7.20,-7.13,-0.80,-0.23,-0.38,328,304,301,337,328
-0.51,7.80,-5.56,-0.75,-0.14,-0.27,327,304,300,337,329
0.87,7.67,-5.63,-0.91,-0.41,0.04,326,304,300,337,330
-2.37,11.71,-4.51,-0.54,-0.08,-0.40,326,303,299,337,331
-1.03,7.44,-4.06,-0.95,-0.41,0.09,326,303,299,337,331
1.96,5.34,-1.03,-0.91,-0.11,0.23,325,303,299,337,331
0.81,17.80,-1.99,-0.21,-0.20,-0.70,324,303,298,336,333
-3.76,8.57,0.58,-0.73,-0.08,0.18,325,303,298,337,333
-1.54,11.70,0.09,-0.74,-0.07,0.06,325,303,298,336,333
-1.21,11.80,-0.02,-0.61,-0.15,0.04,325,303,298,336,333
-2.69,12.65,0.41,-0.42,-0.08,-0.01,325,303,298,336,333
-0.65,10.55,-0.06,-0.41,-0.18,0.20,325,303,298,336,333
-0.29,10.19,1.41,-0.20,0.06,0.02,325,303,298,335,333
-0.79,11.01,1.49,-0.11,-0.04,-0.08,325,303,299,335,333
-0.84,10.50,1.76,0.02,-0.05,-0.03,325,303,299,335,333
-0.83,9.98,1.54,0.06,0.02,-0.07,325,303,300,334,332
0.05,9.48,1.78,0.10,0.09,0.07,325,303,298,334,332
-0.28,9.49,2.24,0.09,0.01,-0.03,325,303,298,334,332
-0.70,9.76,1.74,0.05,0.01,-0.01,325,303,298,335,332
-0.75,9.99,1.56,0.10,0.03,-0.04,325,303,298,334,332
-0.46,10.27,1.33,0.11,0.01,-0.04,325,303,298,334,332
-0.69,10.62,1.35,0.17,0.01,-0.03,325,303,298,334,332
-0.89,10.99,0.83,0.29,-0.01,-0.12,325,303,298,334,332
-1.10,11.26,0.29,0.46,0.02,-0.14,325,303,298,334,332
END
-1.28,11.46,0.04,0.57,0.05,-0.12,326,305,302,339,329
2.87,1.00,-9.35,0.00,0.00,-0.01,326,305,302,339,328
2.99,1.07,-9.49,-0.03,-0.03,-0.04,326,305,302,339,329
2.90,0.94,-9.48,-0.07,-0.04,-0.04,326,305,302,339,328
2.72,1.20,-9.40,-0.10,-0.04,-0.07,326,305,302,339,328
2.57,1.12,-9.20,-0.14,-0.07,-0.11,326,305,302,339,328
2.79,0.99,-8.79,-0.27,-0.13,-0.15,326,305,302,339,329
2.80,1.21,-8.44,-0.39,-0.13,-0.05,326,305,302,338,329
2.12,2.48,-8.51,-0.49,-0.19,-0.23,326,305,302,338,328
2.44,1.33,-7.53,-0.75,-0.21,-0.05,326,305,302,338,328
0.47,5.03,-7.81,-0.59,0.11,-0.08,326,305,301,338,328
1.85,3.92,-6.35,-1.02,-0.29,-0.35,326,304,302,337,328
1.62,7.42,-7.88,-0.67,-0.02,-0.42,326,304,301,337,329
0.27,8.32,-6.62,-0.84,-0.15,-0.13,325,304,301,337,329
1.59,7.37,-6.50,-0.95,-0.32,-0.24,325,304,301,337,330
0.95,8.18,-5.18,-0.81,-0.12,-0.23,325,304,302,336,331
0.28,10.06,-4.74,-0.86,-0.17,-0.18,325,304,303,336,332
-1.23,10.77,-3.98,-0.86,-0.29,-0.50,324,303,302,336,331
-0.11,10.16,-2.85,-0.79,-0.52,-0.29,323,303,301,336,331
-0.98,9.75,-2.24,-0.67,0.00,-0.14,324,303,301,336,332
-0.39,10.47,-0.90,-0.89,-0.33,-0.14,324,303,301,336,332
-1.00,11.50,0.44,-0.87,-0.22,0.06,324,303,301,335,332
-1.09,10.72,0.88,-0.59,0.34,0.57,324,302,300,335,333
-0.83,10.93,1.14,-0.55,0.16,0.09,324,303,300,334,334
0.12,12.90,0.31,-0.33,-0.08,-0.17,323,303,300,335,334
0.19,10.91,0.71,-0.08,0.03,-0.01,324,303,300,334,333
-0.09,9.95,0.96,0.00,-0.15,-0.12,323,303,300,334,333
-0.61,10.08,1.92,0.06,-0.03,0.02,324,303,300,334,333
-0.26,9.82,1.99,0.09,-0.10,-0.12,324,303,300,335,334
-0.14,9.27,1.74,0.17,-0.01,0.00,324,303,300,334,334
-0.55,9.55,1.56,0.10,-0.03,-0.08,324,303,300,335,333
-0.26,9.91,1.43,0.05,-0.08,-0.03,324,303,300,335,333
-0.34,9.95,1.45,0.14,0.03,-0.08,324,303,300,335,333
-0.30,9.46,1.42,0.09,-0.02,-0.05,324,303,300,335,333
-0.53,9.80,1.28,0.09,0.03,-0.03,324,303,300,335,333
-0.40,10.02,1.32,0.10,-0.00,-0.06,324,303,300,335,333
END