-1.33,-8.79,-3.37,-0.08,-0.22,-0.48,467,443,432,336,375
6.86,-4.95,-4.85,0.21,0.28,-0.20,467,443,433,336,375
7.19,-5.08,-3.85,0.31,0.37,-0.04,467,444,434,336,379
6.42,-4.90,-3.98,0.31,0.38,-0.12,468,446,437,337,385
7.03,-4.76,-3.78,0.26,0.39,-0.09,470,448,439,337,390
7.50,-4.70,-3.32,0.43,0.47,-0.18,470,449,440,338,391
7.87,-4.90,-1.89,0.54,0.66,-0.17,470,450,440,339,390
8.11,-4.80,-0.64,0.61,1.04,0.00,470,451,440,338,390
8.21,-5.30,0.76,0.52,1.55,0.13,470,452,440,338,389
7.54,-5.54,2.58,0.15,1.73,0.39,472,453,440,339,390
6.72,-6.09,4.96,-0.04,0.91,0.30,474,454,440,339,392
6.02,-6.37,5.54,-0.36,1.49,0.52,473,454,440,339,393
3.88,-6.71,4.52,-0.64,2.10,0.73,473,454,440,339,393
1.49,-7.07,3.86,-0.71,2.36,0.71,474,455,440,339,393
0.03,-7.99,5.06,-0.41,1.64,0.60,474,455,440,338,393
-2.20,-8.48,4.80,-0.52,1.64,0.53,474,455,439,337,393
-3.63,-8.64,3.92,-0.58,1.30,0.41,474,455,439,336,392
-3.54,-8.64,3.18,-0.20,0.66,-0.03,473,455,439,336,392
-2.56,-8.17,3.20,0.06,0.37,-0.21,473,455,438,335,392
-1.72,-8.66,3.27,-0.14,0.11,-0.16,472,454,436,335,391
-2.60,-9.10,2.96,-0.61,0.23,0.08,471,453,436,334,391
-4.01,-8.78,0.56,-1.61,0.21,0.20,471,452,436,335,392
-4.44,-8.06,-2.68,-1.52,0.17,0.15,473,451,436,335,392
-4.46,-8.27,-2.52,-1.07,0.26,0.13,475,451,437,335,392
-2.43,-7.64,-3.67,-0.80,0.19,0.07,478,451,437,335,391
-3.24,-7.68,-5.39,-0.65,0.17,0.01,478,451,437,335,389
-2.43,-7.52,-5.33,-0.77,-0.08,-0.27,477,451,437,334,386
-2.98,-7.19,-4.45,-0.35,0.01,-0.29,475,450,437,334,385
-3.78,-6.70,-7.10,-0.15,0.01,-0.24,477,451,437,334,384
-2.66,-8.05,-6.87,-0.41,0.02,-0.31,476,452,437,333,384
-2.69,-7.04,-5.53,0.01,0.38,-0.33,473,452,437,331,383
-1.42,-7.01,-7.67,0.10,0.20,-0.10,472,452,437,330,382
-2.30,-6.98,-6.60,-0.12,-0.01,-0.18,471,451,436,330,382
-1.82,-6.87,-6.64,0.20,0.05,-0.26,471,451,436,331,382
-1.60,-7.13,-6.56,0.15,0.04,-0.14,471,451,435,331,381
-1.53,-6.98,-6.86,0.46,0.09,-0.23,472,451,435,331,381
END
-1.32,-7.32,-5.89,0.34,0.03,-0.02,481,445,427,334,386
7.06,-5.18,-3.85,-0.02,0.01,-0.04,480,444,427,334,385
7.62,-5.17,-3.87,0.04,0.07,-0.03,480,444,426,334,385
7.61,-5.15,-3.59,0.17,0.11,-0.08,479,444,426,334,385
7.79,-5.30,-3.12,0.21,0.13,-0.08,479,444,426,335,385
6.77,-5.38,-3.09,0.07,0.05,-0.09,478,444,426,335,385
7.18,-5.40,-3.58,-0.05,-0.14,-0.08,478,445,426,335,385
7.26,-5.17,-3.19,0.19,0.14,-0.07,478,445,427,335,385
7.07,-5.00,-2.88,0.40,0.36,-0.09,478,446,428,335,387
7.84,-4.92,-2.25,0.79,0.63,-0.17,478,446,428,334,388
7.39,-4.90,-1.08,0.66,0.74,-0.13,477,446,429,334,388
8.01,-5.02,0.37,0.75,0.87,-0.17,476,446,430,335,387
7.81,-5.11,1.73,0.43,1.22,-0.07,475,447,430,335,385
6.68,-5.23,3.30,0.06,1.75,0.25,473,447,429,335,383
6.68,-5.20,5.15,-0.06,1.66,0.34,472,446,429,335,382
5.02,-5.68,6.02,-0.29,1.80,0.25,471,446,429,335,380
3.84,-6.30,6.88,-0.68,1.85,0.40,469,445,428,334,378
2.05,-6.77,6.65,-1.08,2.20,0.64,467,445,427,333,377
-1.92,-8.05,4.73,-1.35,2.23,0.71,467,445,427,333,377
-3.60,-8.29,3.64,-1.05,1.74,0.48,467,444,427,333,377
-3.02,-8.94,2.94,-0.82,1.00,0.16,467,444,427,333,377
-3.00,-8.74,1.95,-1.25,0.80,0.24,466,444,427,332,376
-3.91,-8.75,0.00,-0.80,0.31,-0.33,466,445,429,332,375
-3.68,-8.36,-1.66,-0.78,0.37,-0.09,466,447,430,332,375
-3.19,-8.71,-1.79,-0.38,0.22,-0.32,466,447,430,332,372
-2.88,-8.56,-2.51,-0.70,0.25,-0.06,465,447,430,331,372
-2.68,-8.31,-3.09,-0.94,0.13,-0.25,464,446,430,332,370
-3.66,-7.93,-4.54,-0.84,0.22,-0.03,463,446,429,331,370
-1.82,-7.60,-6.12,-0.77,0.09,-0.28,463,446,429,332,370
-2.91,-7.45,-5.93,-0.31,-0.03,-0.45,463,446,430,332,370
-2.22,-7.30,-6.58,-0.34,0.20,-0.17,464,446,431,332,373
-1.66,-7.06,-6.95,-0.34,0.06,-0.33,463,446,430,332,373
-0.60,-7.06,-7.06,-0.23,0.25,-0.24,463,446,430,332,373
-0.70,-6.54,-7.59,0.01,0.13,-0.21,463,445,430,332,373
0.29,-6.61,-7.30,0.06,0.05,-0.17,462,445,429,332,373
-1.22,-6.85,-7.01,0.17,0.01,-0.14,462,444,429,332,372
END
0.17,-7.21,-6.40,0.50,-0.08,-0.15,464,440,426,335,389
8.20,-5.20,-3.24,0.31,0.31,0.04,464,440,426,334,389
6.49,-5.07,-3.17,0.17,0.41,0.07,464,440,426,335,389
7.54,-5.05,-3.06,0.11,0.08,-0.12,464,440,426,335,388
7.62,-4.80,-3.49,-0.10,0.02,-0.05,464,440,426,335,388
7.82,-4.68,-3.51,-0.09,0.05,-0.04,463,440,426,335,388
8.41,-4.69,-2.92,0.02,0.38,0.15,463,440,426,335,388
6.96,-4.80,-3.51,0.18,1.04,0.32,463,441,426,335,388
9.10,-5.38,-1.17,0.04,1.44,0.40,462,441,426,335,386
8.20,-5.92,-0.75,-0.62,2.09,0.80,462,441,425,334,385
5.13,-7.05,1.08,-0.36,2.39,0.81,462,442,425,334,383
4.05,-7.77,2.43,-0.50,2.25,0.84,461,441,425,334,382
3.12,-8.89,2.71,-0.63,1.97,0.71,461,441,425,334,382
1.05,-8.58,2.94,-1.15,2.11,0.95,461,441,425,333,382
-0.61,-9.11,1.44,-1.34,1.72,0.83,462,442,425,333,382
-3.10,-9.63,0.21,-1.14,1.24,0.54,462,442,425,332,381
-2.20,-9.13,-1.09,-0.78,0.68,0.25,463,442,425,332,380
-1.21,-9.19,-1.91,-0.77,0.25,0.07,463,442,426,332,377
-1.79,-8.46,-3.13,-0.77,0.40,0.16,462,441,425,332,374
-1.57,-8.25,-4.32,-0.64,0.25,0.24,463,440,425,332,374
-1.24,-8.41,-4.41,-0.46,0.28,0.03,463,440,425,331,374
-2.43,-8.31,-4.36,-0.37,0.27,0.03,462,440,425,331,373
-1.97,-8.26,-5.86,-0.52,0.03,-0.14,461,438,424,331,371
-0.54,-7.94,-5.50,-0.17,0.02,-0.16,459,438,423,332,371
-1.34,-7.78,-5.94,-0.08,0.14,-0.04,459,437,423,331,372
-0.36,-7.89,-5.84,0.05,0.03,-0.22,458,437,423,331,372
-1.04,-8.03,-5.77,-0.04,0.05,-0.08,458,437,423,331,371
-1.56,-7.83,-6.12,-0.02,-0.02,-0.05,457,437,423,331,371
-1.34,-7.77,-6.25,-0.05,-0.02,-0.10,457,437,423,331,371
-1.35,-7.52,-6.35,-0.05,0.03,-0.05,457,437,423,331,371
-1.49,-7.34,-6.42,-0.06,-0.01,-0.06,457,437,423,331,371
-1.08,-7.31,-6.32,-0.03,0.05,-0.03,457,436,423,331,371
-0.99,-7.31,-6.38,0.05,0.00,-0.13,456,436,422,331,371
-0.79,-7.42,-5.86,0.05,-0.02,-0.07,456,436,422,332,371
-1.08,-7.73,-6.05,-0.02,-0.05,-0.07,456,436,422,331,371
-1.40,-7.39,-6.29,0.02,-0.01,-0.08,456,436,422,331,371
END
-0.59,-7.48,-6.55,0.11,-0.01,-0.11,478,439,420,336,380
6.30,-5.87,-3.85,0.13,0.06,-0.07,478,439,420,336,380
6.24,-5.99,-3.74,0.13,0.13,-0.01,478,439,421,336,380
5.76,-6.04,-3.91,0.25,0.21,-0.04,475,439,420,336,378
6.47,-6.23,-2.82,0.23,0.20,-0.03,473,439,420,336,379
6.95,-6.29,-2.88,-0.08,0.23,0.10,472,438,420,335,379
7.55,-6.38,-2.81,-0.09,0.27,0.12,472,438,420,335,379
6.59,-6.09,-3.40,-0.03,0.70,0.44,472,440,421,335,381
6.74,-6.36,-2.71,0.18,1.50,0.90,472,440,422,335,382
4.97,-6.96,-1.85,-0.02,2.19,1.30,472,442,423,335,385
2.63,-8.10,0.27,-0.06,2.44,1.18,472,443,423,335,385
2.12,-8.94,1.66,0.03,1.50,0.55,473,444,423,335,385
2.05,-9.59,3.00,0.23,0.46,0.04,472,444,423,335,384
2.81,-9.53,3.33,-0.04,0.64,0.24,471,444,423,335,384
1.31,-9.47,2.23,-0.74,1.76,0.86,470,444,423,335,384
-1.81,-9.58,0.58,-1.07,1.76,0.93,470,444,423,335,383
-2.60,-9.51,-0.48,-1.23,1.20,0.78,473,444,424,335,385
-2.95,-9.23,-1.48,-0.86,0.60,0.28,474,441,423,334,387
-2.90,-8.51,-2.26,-1.05,0.25,0.28,473,441,422,334,388
-2.13,-8.41,-4.46,-0.84,0.32,-0.06,474,441,422,334,388
-2.35,-7.84,-4.33,-0.84,0.28,-0.32,471,440,422,333,386
-2.74,-7.29,-6.94,-0.77,0.18,-0.14,472,440,423,333,387
-0.50,-6.64,-7.01,-0.76,0.00,-0.28,469,439,423,333,387
-1.92,-6.04,-7.73,-0.58,0.14,0.15,468,439,423,333,387
-1.13,-6.04,-8.41,-0.34,0.14,0.05,466,438,424,333,387
-1.90,-5.57,-7.97,-0.26,0.14,-0.09,465,438,424,333,386
-1.12,-5.21,-7.99,-0.19,0.17,-0.01,464,437,424,333,387
-0.56,-5.26,-8.15,-0.16,0.10,-0.01,464,437,423,333,387
-1.41,-4.93,-8.71,-0.00,0.13,-0.02,463,436,423,333,387
-0.34,-5.18,-8.13,-0.02,0.13,-0.13,463,436,423,334,387
-1.06,-5.05,-8.79,0.08,0.06,-0.11,462,436,423,333,387
0.52,-5.31,-8.71,0.07,0.03,-0.19,462,436,422,333,387
-0.57,-5.51,-8.38,0.12,0.01,-0.07,462,436,422,333,386
-0.35,-5.52,-8.31,0.15,-0.02,-0.08,462,436,422,333,386
-0.14,-5.73,-8.00,0.07,-0.03,-0.10,462,436,422,333,386
-0.76,-5.66,-8.08,0.11,0.04,0.00,462,436,422,333,386
END
-0.35,-5.72,-8.19,0.09,-0.02,-0.06,469,446,424,336,387
6.14,-6.07,-4.56,0.04,0.01,-0.10,469,446,423,335,387
6.12,-6.16,-4.34,0.06,0.01,-0.08,470,446,424,335,387
6.20,-6.03,-4.41,0.09,-0.04,-0.13,470,445,424,335,387
6.30,-6.05,-4.21,0.12,-0.09,-0.18,470,445,423,336,387
6.50,-5.79,-4.08,0.16,-0.08,-0.21,470,445,423,335,387
6.99,-5.74,-3.89,0.27,-0.26,-0.41,470,445,424,335,387
6.46,-5.66,-4.27,0.12,-0.20,-0.29,470,446,424,335,387
6.37,-5.48,-4.50,0.22,-0.12,-0.34,470,445,424,335,387
6.31,-5.33,-4.45,0.56,-0.04,-0.56,468,446,424,335,385
7.47,-5.54,-2.95,0.66,0.03,-0.49,467,446,424,334,384
8.54,-5.10,-3.33,0.27,0.08,-0.13,466,445,425,334,384
7.85,-5.35,-2.74,-0.13,0.42,0.01,465,445,424,334,383
6.72,-4.71,-3.37,0.00,0.66,0.15,465,444,424,334,383
7.90,-4.95,-2.44,0.13,1.05,0.26,465,445,424,335,383
9.14,-5.23,-1.34,-0.14,1.32,0.37,465,445,424,335,384
6.35,-6.20,0.07,-0.50,2.12,0.90,464,444,424,335,385
5.09,-6.58,0.73,-0.32,2.11,0.66,463,444,424,335,386
4.65,-7.93,3.24,-0.11,1.37,0.36,461,444,424,335,384
4.31,-8.15,3.85,-0.62,1.53,0.58,460,444,423,335,384
2.71,-8.84,3.38,-0.83,1.50,0.63,460,444,423,335,384
1.06,-9.27,2.42,-1.20,1.72,0.84,460,444,422,335,383
-0.44,-9.45,0.91,-1.46,1.50,0.84,461,442,422,335,383
-1.97,-9.60,-0.08,-1.33,1.11,0.55,462,440,422,335,383
-2.46,-9.35,-2.14,-0.83,1.21,0.60,463,438,422,335,385
-1.15,-8.91,-2.79,-0.92,0.54,0.09,463,437,423,335,384
-1.19,-8.37,-3.59,-0.73,0.24,-0.17,461,437,423,335,383
-0.42,-8.04,-4.97,-0.70,0.20,-0.16,462,437,423,335,385
-0.55,-7.42,-5.25,-0.78,0.09,-0.25,460,436,423,335,383
-1.25,-6.53,-7.32,-0.41,0.04,-0.11,459,436,423,334,383
-0.45,-7.31,-6.83,-0.31,-0.02,-0.07,458,436,422,333,382
-1.01,-7.19,-6.41,-0.42,0.04,-0.18,457,435,423,333,381
-1.06,-6.99,-7.29,-0.42,0.00,-0.08,457,435,423,333,382
0.37,-6.65,-7.72,-0.54,-0.09,-0.07,456,434,422,333,383
-0.39,-5.76,-7.96,-0.35,0.02,-0.18,455,434,422,333,383
-0.57,-5.24,-8.36,-0.01,-0.00,-0.06,455,433,422,334,383
END
0.04,-5.32,-8.71,-0.02,-0.09,-0.13,466,440,425,338,390
7.18,-4.87,-5.71,0.35,0.01,-0.18,465,440,425,339,390
6.58,-5.01,-5.33,0.19,0.15,-0.02,465,440,425,338,391
6.65,-5.10,-4.63,0.16,0.06,-0.09,465,440,425,338,390
6.35,-5.06,-4.31,0.04,0.09,-0.08,465,440,425,338,391
5.94,-4.87,-4.77,0.05,0.24,-0.02,466,441,425,338,391
6.66,-4.92,-4.62,0.06,0.32,-0.00,466,441,425,338,391
7.18,-4.86,-5.09,0.22,0.50,0.02,465,441,425,338,391
7.63,-4.86,-3.95,0.40,0.99,0.40,464,442,425,339,391
7.29,-5.69,-2.20,0.63,1.53,0.44,465,446,426,339,390
7.98,-6.40,-0.35,0.43,1.25,0.31,467,448,427,339,387
6.88,-7.03,1.11,-0.02,1.62,0.52,467,448,427,338,385
5.31,-7.32,1.89,-0.54,2.25,0.91,467,449,426,338,385
3.55,-8.00,1.87,-1.03,2.51,1.28,468,449,426,338,383
0.46,-8.68,0.91,-1.12,2.49,1.04,469,449,426,338,382
-1.94,-9.48,1.61,-0.42,1.11,0.18,468,448,426,337,382
1.67,-9.45,2.67,-0.12,0.13,-0.17,466,448,425,337,381
0.40,-9.55,1.66,-0.40,0.94,0.27,465,447,425,337,380
-0.52,-9.49,1.17,-0.67,1.18,0.49,465,447,426,336,380
-2.75,-9.35,-0.63,-0.80,1.36,0.47,465,446,426,336,380
-2.91,-9.27,-1.49,-0.83,0.87,0.05,464,446,426,336,379
-1.34,-8.99,-1.69,-0.74,0.47,-0.03,461,444,427,335,379
-1.53,-8.32,-2.94,-1.21,0.52,0.19,459,443,426,335,377
-2.53,-8.07,-5.41,-0.86,0.26,-0.01,458,443,427,334,377
-0.12,-7.62,-4.74,-0.90,-0.04,-0.53,458,444,430,333,374
-1.21,-7.03,-6.47,-0.68,0.07,-0.24,457,444,432,333,374
-0.50,-6.87,-7.11,-0.54,-0.06,-0.25,456,444,432,332,374
0.33,-6.59,-7.88,-0.64,-0.11,-0.36,454,443,431,332,373
-0.55,-6.06,-8.15,-0.26,0.04,-0.14,453,442,430,332,373
0.17,-5.69,-8.10,-0.22,0.06,-0.07,452,441,429,332,374
-0.29,-5.35,-8.27,-0.09,0.13,0.01,450,440,428,332,374
-0.37,-5.49,-8.26,0.01,0.09,-0.01,449,439,427,333,374
0.32,-5.28,-8.47,0.10,0.07,-0.19,448,438,427,333,374
0.32,-5.61,-8.10,0.14,-0.00,-0.19,448,438,426,333,375
0.35,-6.02,-8.34,0.21,-0.06,-0.24,448,438,426,333,374
0.55,-6.29,-7.49,0.09,-0.05,-0.08,448,438,426,333,373
END
0.27,-6.35,-7.80,0.04,-0.03,-0.04,456,435,418,339,384
5.94,-4.72,-5.51,0.07,-0.04,-0.21,456,435,418,339,384
6.59,-4.47,-5.46,0.15,-0.09,-0.33,456,435,418,339,384
7.43,-4.06,-5.38,-0.03,0.03,-0.10,455,435,417,339,383
7.34,-3.76,-5.53,0.02,0.14,-0.06,455,436,417,339,383
6.65,-3.78,-5.40,0.29,0.28,-0.08,456,436,419,339,384
7.95,-3.92,-4.93,1.02,0.67,-0.05,460,438,420,339,388
7.46,-4.70,-3.23,0.36,0.45,-0.13,460,438,421,338,389
7.99,-4.82,-2.99,0.23,0.43,0.01,459,438,421,338,389
7.96,-4.92,-2.31,0.15,0.62,-0.01,458,437,421,338,388
7.96,-5.02,-1.06,0.14,1.37,0.37,457,437,421,338,388
8.30,-5.25,-0.42,-0.32,2.29,0.92,456,437,422,338,390
6.67,-6.27,1.69,-0.64,2.51,1.08,455,434,420,337,392
1.87,-8.05,3.78,-0.74,2.51,1.00,455,433,420,337,392
3.78,-8.76,4.37,-0.61,1.16,0.44,454,433,420,337,392
1.61,-8.74,3.29,-0.78,1.54,0.63,454,432,420,337,392
0.50,-9.06,2.17,-0.88,1.64,0.73,455,432,420,337,393
-0.60,-9.20,1.79,-0.92,1.71,0.82,457,431,421,336,393
-3.17,-9.39,-0.03,-1.38,1.57,0.74,468,432,422,337,392
-2.74,-9.21,-1.58,-0.95,0.68,0.18,478,432,423,336,390
-2.01,-8.64,-2.53,-1.13,0.26,-0.05,477,432,423,334,388
-2.77,-8.38,-3.55,-1.45,0.00,-0.41,475,431,422,332,386
-2.69,-8.48,-5.53,-0.27,0.25,-0.27,474,430,422,332,385
1.28,-8.56,-5.52,-1.56,-0.09,-0.37,480,428,423,332,386
-1.75,-7.79,-4.34,-0.80,0.51,-1.10,478,425,423,333,386
-3.37,-6.60,-8.61,-0.38,0.56,-0.49,480,423,422,333,388
0.04,-5.44,-8.79,-0.95,-0.13,-0.09,475,422,421,333,388
2.30,-5.08,-7.60,-0.48,0.15,-0.66,475,422,420,333,388
3.22,-4.79,-7.46,-0.14,0.03,-0.59,473,423,420,334,388
0.22,-4.53,-9.25,0.22,0.18,-0.35,471,423,420,334,388
0.51,-4.92,-10.04,0.06,0.04,-0.04,470,423,419,334,389
2.38,-4.77,-8.27,-0.01,-0.41,-0.10,470,422,418,335,389
2.07,-5.31,-7.90,0.04,-0.39,-0.43,469,423,417,335,389
0.17,-5.52,-8.47,0.35,0.08,-0.22,469,423,417,335,389
-0.14,-5.22,-9.43,0.03,-0.07,0.11,468,423,416,335,388
2.70,-5.18,-7.57,-0.30,-0.49,-0.15,467,423,416,334,388
END
1.36,-5.21,-8.38,0.17,-0.02,-0.13,475,429,414,340,393
6.42,-3.17,-6.61,0.12,0.07,-0.04,477,429,415,340,394
6.90,-3.80,-6.86,0.24,0.34,0.16,490,433,419,339,399
6.82,-4.19,-6.22,0.19,0.26,-0.01,492,434,420,339,401
7.24,-3.51,-5.46,0.13,0.19,-0.06,489,433,420,338,401
7.14,-3.29,-5.11,0.42,0.30,-0.01,487,433,419,339,401
6.93,-3.68,-4.98,0.58,0.49,0.08,484,435,420,340,400
6.10,-4.48,-3.08,0.26,0.82,0.18,480,436,420,340,399
8.10,-3.57,-4.17,-0.28,0.87,0.31,479,436,421,340,400
7.52,-4.35,-3.17,0.29,1.20,0.25,478,436,420,339,399
8.58,-4.72,-0.89,0.68,1.42,0.39,473,437,421,339,397
7.96,-5.99,1.14,0.26,1.65,0.33,471,438,421,339,394
6.73,-6.19,2.58,-0.20,2.21,0.76,468,438,421,339,393
4.24,-7.19,3.96,-0.60,1.96,0.71,467,438,421,339,392
3.55,-7.64,4.66,-0.56,1.32,0.52,467,438,420,339,392
2.75,-8.04,3.98,-0.96,1.56,0.64,467,438,420,338,392
1.95,-8.82,3.42,-1.50,2.07,0.96,467,438,420,338,392
-1.16,-9.55,1.44,-1.57,1.85,0.68,468,437,420,338,393
-0.92,-9.32,-0.99,-1.43,1.44,0.63,469,434,420,338,392
-3.71,-9.22,-2.80,-0.73,0.65,0.18,468,433,420,337,391
0.47,-8.61,-2.08,-0.54,0.01,-0.18,467,433,420,336,390
-1.51,-9.21,-2.05,-0.56,0.19,-0.24,466,432,420,336,388
-2.56,-9.39,-2.89,-0.57,0.22,-0.09,465,430,418,335,388
0.72,-8.68,-4.41,-0.81,-0.01,-0.04,464,429,418,334,387
-0.29,-7.40,-5.09,-0.63,0.09,-0.42,462,429,417,334,386
-1.64,-7.16,-7.55,-0.22,0.07,-0.09,461,428,417,334,385
0.75,-7.15,-5.90,-0.49,-0.23,-0.45,460,427,416,334,384
-0.67,-6.82,-6.00,-0.61,-0.11,-0.17,460,427,415,334,382
0.07,-6.93,-8.65,-0.64,-0.13,-0.22,459,428,413,334,380
0.32,-6.24,-7.97,-0.49,-0.16,-0.34,459,427,413,334,380
1.11,-5.65,-8.66,-0.15,0.06,-0.11,459,427,412,335,380
0.90,-5.24,-8.56,-0.09,-0.07,-0.18,458,427,412,334,379
0.08,-5.33,-8.09,0.13,-0.03,-0.04,458,428,412,334,379
0.64,-5.74,-7.94,0.03,-0.10,-0.11,458,428,412,334,379
-0.07,-5.79,-7.85,0.12,0.03,-0.00,458,428,412,334,378
0.32,-5.93,-7.93,0.08,-0.01,-0.11,457,428,412,334,378
END
0.27,-5.74,-7.85,0.07,0.03,-0.06,464,430,412,339,391
5.62,-5.14,-4.97,0.30,0.43,-0.06,464,430,412,339,392
5.64,-5.48,-4.30,0.23,0.35,-0.04,464,429,412,340,393
7.20,-5.50,-3.96,0.45,0.17,-0.27,462,429,412,340,394
7.26,-5.42,-3.07,0.58,0.38,-0.15,460,429,412,340,392
7.52,-5.48,-1.99,0.55,0.55,-0.01,459,429,412,340,392
8.17,-5.47,-1.69,0.39,0.61,0.16,459,430,412,340,392
6.25,-5.76,-1.49,0.37,1.32,0.34,459,431,413,339,392
6.73,-6.49,1.28,0.34,1.81,0.54,457,431,413,339,391
4.45,-7.62,2.97,-0.11,2.14,0.77,456,431,413,339,390
2.64,-8.00,3.93,-0.33,1.77,0.71,456,431,413,338,390
2.32,-8.14,4.44,-0.38,1.39,0.54,455,431,414,338,391
1.49,-8.38,4.26,-0.48,1.71,0.59,455,431,414,338,391
0.05,-8.79,3.45,-0.90,2.48,0.96,455,431,413,336,390
-4.54,-9.20,0.91,-0.90,2.16,0.82,455,430,414,335,389
-3.01,-8.94,1.00,-0.73,1.00,0.18,454,429,413,334,388
-3.59,-8.71,-0.88,-0.72,0.64,0.04,454,429,413,334,386
-2.02,-8.38,-0.54,-0.61,0.26,-0.15,454,428,413,334,384
-3.52,-9.05,-1.72,-0.33,0.20,-0.24,453,428,413,334,382
-2.67,-9.33,-2.18,-0.36,0.15,-0.18,453,428,413,333,382
-2.66,-9.04,-2.55,-0.67,0.19,-0.33,453,428,414,332,380
-3.53,-8.32,-4.09,-0.77,0.08,-0.16,453,428,414,331,379
-1.35,-8.15,-5.60,-0.67,-0.08,-0.25,453,427,413,330,377
-2.50,-7.82,-4.46,-0.67,-0.07,-0.48,452,427,412,329,376
-2.48,-7.74,-6.20,-0.60,-0.14,-0.04,452,427,412,329,376
-0.62,-7.43,-7.52,-0.38,-0.03,-0.13,451,426,412,329,375
-2.18,-6.58,-6.60,-0.07,0.13,-0.23,451,426,411,330,375
-0.73,-6.81,-7.37,-0.05,0.04,-0.29,451,426,411,330,375
-1.03,-6.91,-6.83,0.04,0.13,-0.22,450,425,410,330,374
-0.83,-6.93,-6.67,0.02,0.04,-0.22,450,425,410,330,374
0.25,-6.90,-7.26,-0.04,0.04,-0.21,449,425,410,330,374
-0.33,-6.75,-7.03,0.10,0.08,-0.08,449,425,409,330,374
0.37,-6.86,-6.83,0.20,0.01,-0.10,449,425,409,330,374
-0.34,-7.38,-6.98,0.19,0.09,-0.02,449,426,409,331,374
-0.31,-7.26,-6.99,0.48,0.06,-0.15,450,426,409,331,375
0.59,-7.57,-5.91,0.40,-0.00,0.02,450,426,410,331,376
END
-0.67,-7.57,-5.43,0.39,0.03,-0.05,447,426,406,337,377
6.50,-4.24,-5.81,0.35,0.17,-0.12,448,425,406,337,377
6.63,-4.44,-5.16,0.37,0.37,-0.04,449,425,406,337,378
7.09,-4.91,-5.10,0.43,0.46,-0.08,448,426,406,336,377
7.20,-4.90,-4.69,0.34,0.43,-0.06,448,427,407,337,379
7.85,-5.03,-4.06,0.67,0.69,0.08,452,432,409,338,385
7.16,-5.67,-2.46,0.14,1.01,0.34,457,433,411,337,387
7.37,-5.59,-1.74,0.19,1.36,0.43,456,433,411,337,387
6.42,-6.02,-0.22,0.01,1.93,0.58,455,432,411,338,386
5.30,-6.40,0.93,0.03,2.45,0.62,454,433,411,340,386
4.24,-7.70,3.60,-0.42,1.92,0.50,453,433,411,340,385
2.71,-7.67,3.80,-0.40,1.46,0.29,453,433,411,340,385
3.82,-8.01,3.52,-0.35,1.19,0.16,453,433,411,339,385
2.51,-8.30,4.16,-0.39,1.47,0.23,453,433,412,338,385
1.13,-8.69,4.01,-0.51,1.61,0.31,453,434,412,338,385
-1.93,-8.89,3.34,-0.61,2.44,0.52,454,435,413,339,385
-2.18,-9.35,2.59,-0.55,1.32,0.07,453,434,412,338,384
-0.85,-8.74,2.23,-0.33,0.77,-0.06,453,433,412,337,384
-0.47,-9.27,3.04,-0.70,0.55,-0.13,452,432,413,336,383
-1.49,-9.56,1.41,-0.86,0.37,-0.13,452,431,413,335,383
-0.82,-9.60,0.32,-0.82,0.15,-0.13,454,431,413,335,383
0.24,-9.00,-1.14,-1.37,0.01,-0.38,455,430,412,334,382
-1.77,-9.12,-2.38,-1.40,-0.03,-0.40,456,429,411,332,380
0.44,-8.75,-5.05,-0.83,-0.25,-0.70,457,428,411,331,379
1.29,-7.83,-6.91,-0.43,-0.11,-0.09,456,427,411,331,378
0.11,-7.66,-4.87,-0.20,-0.08,-0.19,455,427,410,331,377
0.74,-7.54,-6.15,-0.20,-0.07,-0.06,455,427,410,331,377
0.47,-7.82,-5.61,-0.06,-0.03,-0.12,454,427,409,331,376
0.31,-7.84,-5.74,0.00,0.02,-0.07,453,426,409,331,376
0.70,-7.93,-6.04,-0.02,0.03,-0.13,453,427,409,331,375
0.60,-7.66,-5.99,0.04,0.03,-0.14,453,427,408,331,375
1.07,-7.75,-5.95,0.07,-0.04,-0.07,452,427,408,331,375
0.72,-7.70,-5.58,0.02,0.04,-0.04,452,427,408,331,375
0.94,-7.74,-5.85,0.06,0.01,-0.11,452,426,408,331,374
1.10,-7.71,-6.17,0.03,0.02,-0.08,452,426,408,331,374
0.91,-7.68,-5.96,0.06,0.01,-0.10,452,426,408,331,374
END
1.05,-7.65,-5.97,0.07,0.01,-0.11,448,424,403,334,377
6.44,-4.34,-5.86,0.07,0.00,-0.04,448,424,403,334,377
6.40,-4.29,-5.74,0.04,-0.01,-0.04,450,424,403,334,379
6.48,-4.32,-5.81,-0.01,-0.04,-0.06,449,424,403,335,379
6.59,-4.20,-5.92,0.08,-0.03,-0.08,449,424,403,334,379
6.55,-4.19,-5.83,0.01,-0.01,-0.03,449,424,403,335,379
6.55,-4.09,-5.94,0.10,0.00,-0.07,449,424,403,335,379
6.45,-4.14,-6.02,0.12,0.10,-0.02,452,424,404,335,381
6.12,-4.26,-5.52,0.29,0.22,-0.03,454,424,404,335,382
6.63,-4.64,-5.55,0.21,0.25,-0.08,454,424,405,335,383
6.84,-4.62,-5.23,0.27,0.32,-0.02,454,424,405,335,383
7.34,-4.71,-4.79,0.56,0.39,-0.01,454,425,405,335,384
6.83,-4.51,-4.31,0.72,0.55,-0.03,452,424,405,336,384
6.64,-5.28,-3.04,0.71,0.87,0.05,449,425,405,337,383
7.57,-5.18,-1.91,0.34,1.27,0.25,448,425,405,337,383
8.27,-5.55,-0.01,0.43,1.85,0.40,446,425,406,337,382
7.03,-6.51,2.79,-0.00,1.78,0.44,446,426,406,336,382
4.79,-7.08,3.63,-0.37,1.83,0.63,445,426,406,336,381
3.50,-7.29,3.56,-0.20,1.09,0.27,445,426,406,335,381
4.12,-7.31,3.83,0.06,0.44,-0.05,445,425,406,336,381
4.46,-7.52,4.13,0.08,0.28,-0.10,445,426,406,335,381
4.66,-7.33,5.03,0.05,0.89,0.12,445,426,406,336,381
4.45,-7.65,5.30,-0.39,1.50,0.31,445,426,406,336,381
0.47,-7.83,3.79,-0.70,2.07,0.61,445,426,407,337,381
-0.07,-8.41,4.08,-0.63,1.18,0.36,445,425,407,337,382
-1.67,-8.54,3.69,-0.63,1.11,0.34,446,425,407,337,383
-1.73,-9.16,3.27,-0.71,0.96,0.30,447,425,407,336,383
-2.71,-9.20,2.05,-0.76,0.90,0.28,450,425,407,336,383
-2.34,-9.19,1.33,-0.80,0.72,0.17,452,424,407,335,383
-2.48,-9.04,-0.57,-0.60,0.47,-0.10,451,424,407,333,382
-1.75,-8.98,-0.67,-0.62,0.33,-0.09,450,424,406,333,381
-2.30,-9.07,-1.69,-0.57,0.32,-0.20,449,424,406,332,380
-1.77,-8.81,-2.75,-0.56,0.26,-0.06,449,423,406,332,380
-1.86,-8.91,-3.05,-0.58,0.16,-0.14,449,423,406,332,379
-2.53,-8.65,-3.68,-0.38,0.24,-0.08,448,423,405,331,379
-0.77,-8.60,-4.11,-0.69,0.35,-0.17,447,422,406,331,379
END
-2.23,-8.18,-5.06,-0.57,0.28,-0.18,463,412,404,333,385
6.64,-5.09,-4.54,0.09,-0.05,-0.13,466,412,403,333,385
6.47,-4.80,-4.78,0.06,-0.01,-0.10,468,412,403,333,385
7.36,-4.93,-4.29,0.12,0.02,-0.10,469,413,403,333,384
6.93,-4.97,-4.52,0.04,0.08,0.02,468,414,403,333,384
7.11,-5.05,-4.30,0.08,0.08,0.02,468,414,403,333,383
6.55,-5.09,-4.63,0.08,-0.05,-0.09,467,413,403,333,383
6.82,-4.99,-4.64,0.13,0.02,-0.07,467,414,403,332,383
6.82,-5.23,-4.05,0.25,0.14,-0.07,467,414,403,334,383
7.26,-5.43,-3.74,0.31,0.37,0.03,467,414,403,333,384
7.37,-5.10,-3.87,0.32,0.43,0.03,467,415,405,334,385
7.17,-5.50,-3.09,0.27,0.54,0.25,465,415,407,334,387
5.70,-5.65,-2.82,0.55,0.99,0.33,465,415,406,335,390
7.32,-6.08,0.19,0.33,0.78,0.18,463,415,405,335,391
7.28,-6.70,0.83,0.42,0.93,0.35,462,417,406,335,389
6.32,-6.66,1.39,-0.04,1.53,0.79,461,417,409,336,389
5.26,-7.47,2.28,-0.43,2.50,1.43,461,418,412,336,388
0.94,-7.53,1.69,-1.05,2.51,1.88,463,417,412,336,387
-5.06,-10.03,2.36,-0.48,1.65,0.79,464,417,411,336,386
-1.69,-9.49,2.73,-0.06,0.57,0.13,463,416,411,336,386
-1.59,-9.08,1.64,-0.19,1.34,0.39,462,417,412,336,386
-5.63,-9.12,0.29,-0.18,2.07,0.39,462,418,413,334,385
-4.36,-9.18,0.79,-0.16,1.08,-0.02,461,417,413,333,384
-3.07,-9.06,1.28,-0.37,0.81,-0.10,460,418,414,333,383
-1.23,-9.42,2.14,-1.05,0.60,-0.07,459,416,415,333,383
-2.89,-8.86,-1.42,-1.53,0.49,-0.02,458,418,415,332,383
-3.67,-8.88,-3.85,-0.81,0.12,-0.35,456,416,415,332,384
-1.24,-7.98,-4.96,-0.91,0.29,-0.35,455,414,415,332,384
-0.10,-6.39,-5.48,-0.95,0.06,-0.60,453,414,414,332,382
-2.33,-6.47,-7.09,-0.27,0.05,-0.42,452,412,414,332,382
-1.90,-7.25,-9.23,-0.07,0.18,-0.13,451,412,413,332,380
0.35,-6.40,-6.41,-0.33,0.02,-0.29,451,412,413,332,380
-0.83,-6.12,-7.40,0.18,0.18,-0.24,451,412,412,332,380
-0.19,-6.37,-7.30,0.10,0.03,-0.23,450,413,412,332,378
-0.06,-6.86,-6.04,-0.06,0.02,-0.31,450,414,412,332,376
0.27,-6.70,-6.77,0.22,0.04,-0.21,449,415,412,332,374
END
1.29,-7.26,-7.42,-0.00,-0.05,-0.20,453,423,408,344,378
6.48,-4.89,-5.03,0.02,0.06,-0.02,452,423,408,344,378
6.41,-5.18,-4.95,0.07,0.07,-0.02,452,422,407,344,378
6.73,-5.33,-5.01,0.01,0.01,-0.05,452,422,408,344,378
6.86,-5.15,-5.21,0.02,0.01,-0.05,451,423,408,344,378
6.94,-5.00,-5.15,0.05,-0.00,-0.05,451,422,408,344,378
6.57,-4.87,-5.11,0.11,0.14,0.04,451,422,408,345,379
6.09,-5.10,-5.28,0.46,0.42,0.06,452,422,409,345,382
6.25,-5.46,-3.67,0.47,0.64,0.17,452,422,410,345,384
6.81,-5.76,-3.69,0.37,0.40,-0.01,453,421,411,345,386
8.05,-5.88,-2.40,0.29,0.31,-0.06,454,420,411,345,387
7.58,-6.09,-1.82,0.26,0.58,0.24,454,420,412,345,388
6.55,-6.22,-1.95,0.17,1.02,0.47,453,420,413,345,390
6.28,-6.66,-0.87,0.20,1.24,0.47,452,420,413,344,389
3.82,-7.14,-0.18,0.24,1.33,0.49,452,419,413,344,388
4.99,-7.65,2.44,0.04,1.19,0.43,451,419,413,344,388
4.41,-8.15,3.26,-0.13,1.32,0.46,451,420,413,344,388
3.37,-8.24,3.21,-0.36,1.76,0.66,451,419,413,344,388
1.02,-8.70,2.53,-0.58,2.27,0.96,452,419,414,343,388
0.17,-8.89,2.06,-0.39,1.56,0.67,453,419,414,341,389
-1.77,-9.12,2.85,-0.38,1.88,0.86,454,419,413,340,388
-3.45,-9.84,2.38,-0.62,1.28,0.46,454,418,413,338,387
-3.15,-9.33,1.64,-1.18,0.56,0.24,456,416,413,337,387
-1.78,-9.33,-0.53,-0.78,0.15,-0.08,466,418,419,337,391
-2.91,-9.27,-0.82,-0.71,0.38,-0.03,467,418,421,336,392
-2.58,-9.06,-2.38,-0.77,0.29,-0.04,467,418,422,335,392
-3.16,-8.50,-3.30,-1.01,0.22,-0.18,466,417,422,335,391
-2.78,-8.16,-4.28,-1.15,0.02,-0.37,464,416,421,335,390
0.23,-7.76,-7.67,-1.27,-0.33,-0.38,460,414,420,334,389
-2.15,-6.54,-5.89,-0.63,0.12,-0.31,456,414,419,334,387
-2.11,-6.09,-7.61,-0.06,0.15,-0.02,456,412,419,334,388
-0.51,-6.38,-7.87,-0.27,0.01,-0.16,455,412,419,334,387
-1.09,-6.07,-6.93,-0.11,0.12,0.04,455,412,418,333,387
-1.96,-6.19,-6.92,-0.05,0.16,-0.16,455,411,418,332,387
-0.88,-6.34,-7.52,-0.11,-0.01,-0.19,454,411,418,331,386
-1.64,-6.10,-7.79,0.01,0.14,-0.13,453,412,417,331,385
END
-0.70,-6.45,-8.19,0.04,0.10,-0.14,456,418,411,342,389
6.79,-4.90,-5.36,0.03,-0.03,-0.06,459,419,411,343,389
6.88,-4.86,-5.41,0.06,-0.06,-0.10,462,419,411,342,389
6.79,-4.82,-5.38,0.04,-0.03,-0.05,464,420,411,342,389
6.96,-4.87,-5.44,0.07,0.01,-0.01,464,420,411,342,389
6.52,-4.81,-5.31,0.10,0.01,-0.02,462,419,411,342,389
6.18,-4.83,-5.33,0.06,0.05,0.01,460,419,411,342,389
5.76,-4.77,-5.11,0.26,0.28,0.04,459,418,411,342,389
6.36,-5.13,-4.50,0.39,0.47,0.08,458,418,412,342,389
7.02,-5.10,-4.19,0.23,0.68,0.40,458,419,412,342,389
6.30,-5.16,-4.25,0.59,1.08,0.48,458,419,412,343,389
7.65,-5.64,-1.97,0.68,1.20,0.24,459,422,413,340,390
6.41,-7.20,-0.16,0.50,1.30,0.39,459,424,413,340,388
5.56,-7.36,1.21,0.11,1.15,0.49,459,424,413,339,388
4.92,-7.61,1.56,0.21,1.00,0.32,458,425,413,340,387
4.49,-7.77,2.64,-0.02,1.49,0.57,458,424,413,340,387
2.53,-8.56,4.69,-0.06,1.40,0.46,458,424,412,340,387
2.35,-8.71,4.87,-0.26,1.45,0.53,458,424,412,341,386
2.02,-8.92,4.69,-0.67,2.23,0.83,456,423,411,341,385
-2.13,-9.48,2.89,-0.85,2.45,0.85,456,423,411,341,385
-3.02,-9.62,2.10,-0.76,1.19,0.23,455,422,411,342,384
-2.43,-9.01,0.87,-0.92,0.94,0.20,455,421,411,342,384
-2.57,-9.33,0.39,-1.15,0.73,0.14,454,419,412,340,384
-1.66,-9.32,-1.06,-1.30,0.47,-0.18,453,418,414,340,384
-0.10,-8.10,-3.51,-1.16,-0.16,-0.47,452,417,414,339,384
-3.94,-7.20,-5.38,-1.07,0.14,0.00,451,417,413,338,383
-1.77,-6.83,-7.22,-0.93,-0.15,-0.10,451,416,413,337,382
-0.65,-6.76,-5.06,-0.98,-0.18,-0.56,450,416,413,337,381
-3.15,-7.06,-6.98,-0.53,0.05,-0.47,450,415,413,335,381
0.24,-6.73,-9.76,-1.10,-0.39,-0.06,448,413,413,335,382
-0.24,-4.97,-8.47,-0.28,0.11,-0.33,447,411,412,335,382
-2.27,-4.42,-8.96,-0.04,0.03,-0.00,447,411,412,335,382
-1.34,-4.62,-8.95,-0.01,-0.06,-0.14,447,411,412,335,381
-2.11,-4.73,-8.56,0.15,0.15,-0.03,447,412,412,335,381
-1.16,-5.38,-8.16,0.11,0.03,-0.08,447,412,412,335,381
-1.16,-5.40,-7.97,0.23,0.11,-0.10,447,413,411,335,381
END
-0.29,-5.60,-8.38,0.04,0.04,-0.05,448,416,409,343,386
6.77,-4.43,-5.56,0.33,0.14,0.15,449,416,410,344,387
6.86,-5.07,-4.95,0.34,0.06,0.10,449,415,410,344,388
6.55,-5.15,-5.09,0.07,-0.04,-0.03,448,415,410,344,388
6.53,-5.11,-5.45,0.10,0.12,0.03,448,416,411,345,389
6.60,-5.08,-5.31,0.17,0.25,0.08,448,415,411,345,389
6.83,-5.20,-4.74,0.18,0.31,0.13,448,416,410,346,390
6.27,-5.22,-5.16,0.16,0.46,0.30,448,416,411,346,391
5.68,-5.66,-4.38,0.29,0.88,0.52,449,416,412,346,391
4.97,-6.55,-2.57,0.55,1.28,0.58,450,417,412,346,393
6.67,-6.80,-0.86,0.83,0.81,-0.09,451,420,412,347,395
6.75,-6.73,0.91,0.84,0.72,-0.13,451,421,412,347,396
7.14,-6.90,2.43,0.43,0.82,0.10,450,422,412,347,396
5.83,-7.24,2.43,0.32,1.18,0.21,450,423,413,347,395
5.23,-7.06,2.66,-0.08,1.09,0.28,450,424,413,347,394
4.30,-7.31,3.37,-0.22,1.50,0.42,449,425,413,346,393
3.21,-7.52,3.99,-0.32,1.96,0.60,449,425,413,345,393
0.57,-8.08,4.75,-0.68,2.51,0.97,448,425,413,344,392
-1.84,-9.19,4.34,-0.87,2.51,1.00,448,424,413,344,392
-6.22,-9.10,1.23,-0.83,2.01,0.60,450,423,414,343,392
-1.99,-8.72,2.30,-0.34,0.50,-0.07,448,421,414,343,391
-3.64,-8.45,0.42,-0.49,0.71,0.07,448,420,414,343,390
-3.99,-7.89,-0.54,-1.24,0.66,-0.19,451,420,417,340,388
-5.79,-8.07,-3.26,-0.13,0.52,-0.30,452,421,419,337,387
-2.26,-8.50,-0.27,-0.82,-0.05,-0.31,450,419,418,335,385
-3.89,-8.74,-2.40,-1.23,0.22,-0.66,449,420,418,334,383
-3.52,-9.71,-4.62,-0.47,0.30,-0.31,449,419,418,333,382
2.53,-8.42,-4.80,-1.21,-0.19,-0.90,447,417,416,333,380
-1.69,-7.96,-4.72,-0.21,0.31,-0.80,447,417,414,333,378
0.62,-7.14,-8.22,-0.15,-0.06,-0.08,447,416,413,333,378
1.08,-7.59,-6.01,-0.28,0.06,-0.34,445,416,412,333,377
-0.50,-7.02,-6.86,-0.08,0.11,0.18,445,417,412,333,377
0.67,-7.08,-6.87,0.04,0.09,-0.24,444,417,411,333,377
0.06,-6.97,-6.96,0.06,0.13,-0.08,444,417,411,333,377
0.70,-6.91,-6.74,0.09,0.02,-0.17,444,418,412,333,377
0.79,-7.06,-6.69,0.07,0.06,-0.03,444,417,411,333,377
END
1.27,-7.26,-6.50,0.06,-0.06,-0.15,448,422,408,340,379
6.40,-4.72,-5.25,0.08,0.05,0.02,448,421,408,341,379
6.37,-4.69,-5.43,0.02,0.04,-0.01,448,422,408,342,378
6.41,-4.68,-6.09,0.05,-0.04,-0.10,448,421,408,342,378
6.47,-4.36,-6.03,0.04,0.00,-0.06,447,421,408,342,379
6.21,-4.37,-5.92,0.13,0.01,-0.12,448,421,408,342,379
6.38,-4.51,-5.38,0.35,0.16,-0.13,448,421,408,342,380
6.54,-4.69,-4.79,0.33,0.29,-0.00,448,421,408,343,380
6.97,-4.61,-4.64,-0.07,0.14,-0.13,449,423,409,342,380
6.84,-4.40,-5.25,0.18,0.33,-0.06,450,424,410,341,380
7.12,-4.53,-4.98,0.43,0.48,-0.08,451,425,410,341,381
6.27,-4.47,-4.45,0.73,0.73,-0.12,451,425,411,341,380
7.96,-3.97,-2.58,0.87,0.50,-0.42,450,425,411,342,380
9.02,-4.59,-0.75,0.74,0.63,-0.29,449,426,412,343,379
9.08,-4.84,0.39,0.27,1.02,0.04,449,427,412,343,379
9.11,-5.10,1.00,-0.16,1.54,0.32,449,428,412,342,379
7.23,-5.38,2.35,-0.29,1.83,0.29,449,428,412,342,378
5.33,-5.63,2.45,-0.36,2.37,0.46,448,428,412,341,376
4.41,-6.20,5.26,-0.20,1.80,0.12,448,428,412,341,375
3.62,-6.45,6.42,-0.66,1.84,0.30,447,428,412,340,374
0.93,-6.85,6.24,-0.77,2.20,0.36,447,428,412,340,374
-0.17,-8.22,6.18,-0.89,1.97,0.28,446,427,412,340,373
-1.87,-8.54,4.16,-0.86,1.40,0.16,446,427,413,340,373
-0.83,-8.68,3.80,-0.46,0.75,-0.11,445,427,412,339,373
-2.08,-8.76,3.35,-0.67,0.64,-0.02,444,426,412,338,372
-2.93,-9.30,3.24,-0.85,0.61,0.02,442,426,411,338,370
-2.80,-9.12,0.91,-0.85,0.41,0.05,441,424,409,337,369
-2.46,-9.06,0.50,-1.00,0.22,-0.23,441,424,410,336,369
-1.96,-9.15,-1.44,-1.08,0.22,-0.08,440,425,411,336,371
-0.96,-8.27,-2.71,-1.60,0.27,-0.09,440,426,415,336,374
-3.14,-7.80,-5.38,-0.87,0.26,-0.53,439,427,416,336,373
-0.40,-6.88,-7.11,-0.47,-0.09,-0.22,438,422,413,335,377
-1.18,-7.16,-4.73,-0.18,-0.02,-0.26,438,421,409,335,376
0.33,-7.50,-5.94,-0.19,0.04,-0.15,438,420,409,335,376
-0.22,-7.54,-5.11,-0.31,-0.01,-0.32,438,420,408,335,374
0.08,-7.59,-6.52,-0.10,0.09,-0.18,438,419,407,335,374
END
0.51,-7.49,-6.70,-0.21,0.15,-0.17,444,420,405,342,377
6.40,-5.01,-5.26,0.42,0.11,-0.13,444,420,406,343,378
7.29,-5.02,-4.59,0.47,0.12,0.05,444,420,407,342,379
6.26,-5.97,-3.69,0.43,0.17,0.09,445,421,407,341,380
6.13,-6.04,-3.75,0.13,0.11,0.03,445,422,408,340,380
6.52,-6.07,-4.15,0.08,0.17,0.09,445,422,408,340,380
6.51,-5.62,-4.43,0.36,0.71,0.36,447,423,409,340,381
5.54,-6.09,-3.01,0.45,1.17,0.36,450,424,410,340,382
5.86,-6.51,-2.05,0.59,0.67,-0.00,451,425,410,340,382
7.35,-6.90,0.11,0.54,0.25,-0.10,451,425,409,340,380
7.27,-6.93,1.24,0.48,0.82,0.20,450,424,409,340,380
5.86,-6.81,1.49,0.19,1.48,0.43,451,426,410,340,380
4.97,-7.26,3.17,0.01,1.71,0.46,452,427,410,341,379
4.36,-7.63,3.75,-0.40,1.82,0.62,451,427,410,340,380
2.25,-8.09,2.81,-0.81,2.02,0.73,451,427,410,339,380
-0.52,-9.02,2.79,-1.06,2.36,0.83,451,427,410,339,380
-1.39,-8.99,1.30,-1.34,2.32,0.89,452,427,411,339,380
-5.36,-9.68,-0.88,-1.01,1.64,0.55,457,425,412,338,381
-2.94,-9.04,-1.03,-0.30,0.55,-0.04,459,425,412,337,383
-1.82,-9.20,-0.32,-0.16,0.64,0.01,459,424,412,337,383
-2.13,-9.46,-1.21,-0.31,0.61,0.17,462,424,414,337,384
-2.53,-9.22,-1.77,-0.28,0.54,0.11,465,425,416,337,385
-2.49,-9.13,-2.24,-0.44,0.37,-0.06,465,426,416,336,384
-2.45,-8.63,-2.43,-0.81,0.25,-0.13,462,426,416,336,383
-2.04,-8.48,-3.89,-0.71,0.20,-0.12,460,426,416,336,382
-1.49,-8.06,-4.65,-1.09,0.16,-0.07,459,424,416,336,381
-2.12,-7.42,-6.06,-0.68,0.18,-0.35,457,424,417,335,380
-1.63,-6.93,-7.56,-0.40,0.04,-0.25,457,423,416,336,382
0.21,-6.95,-8.75,-0.73,-0.11,-0.35,457,422,416,336,381
-1.60,-6.34,-7.17,-0.44,-0.03,-0.30,457,422,416,335,380
-1.47,-5.87,-8.08,-0.32,-0.09,-0.14,455,420,415,335,380
-1.13,-5.45,-7.99,-0.25,-0.05,-0.28,453,420,414,335,379
-0.70,-5.57,-7.66,0.06,-0.01,-0.21,453,420,413,335,378
-0.63,-5.54,-8.18,-0.01,0.02,-0.20,452,420,413,335,378
-1.30,-5.10,-8.27,0.03,0.05,-0.43,451,420,413,335,378
0.62,-5.39,-8.35,0.24,-0.15,-0.58,451,420,413,335,379
END
0.55,-5.77,-7.64,0.01,-0.14,-0.02,449,422,405,343,378
6.89,-4.85,-5.08,0.10,-0.01,-0.08,448,421,405,343,378
6.83,-5.07,-4.96,0.10,0.08,-0.01,448,421,405,343,378
6.87,-4.85,-5.46,0.10,0.13,0.07,448,421,405,343,378
6.40,-5.04,-4.92,0.19,0.29,0.16,447,421,405,343,379
6.08,-5.25,-4.95,0.15,0.26,-0.02,447,421,405,343,378
7.03,-5.45,-4.18,0.30,0.34,-0.01,447,422,406,342,379
6.82,-5.41,-4.24,0.37,0.59,0.15,447,422,406,342,379
6.83,-5.95,-2.70,0.54,0.63,0.12,446,423,406,342,379
6.76,-5.58,-2.39,0.68,0.81,0.21,447,424,408,341,381
6.93,-6.63,0.37,0.65,1.11,0.27,447,426,409,341,381
6.95,-7.00,1.56,0.24,0.87,0.26,447,427,410,342,380
5.97,-7.22,2.08,0.02,0.79,0.20,447,427,410,341,380
5.28,-7.01,1.82,0.00,0.91,0.18,447,427,410,341,379
5.05,-6.81,2.46,-0.08,1.33,0.18,446,427,411,339,378
4.37,-7.02,3.33,-0.07,1.57,0.13,445,428,411,338,377
3.24,-7.34,3.68,-0.33,1.77,0.25,444,429,411,337,376
2.32,-7.73,4.73,-0.50,1.95,0.31,444,429,411,337,374
0.51,-8.31,4.46,-0.47,1.59,0.20,443,430,410,337,373
-0.14,-8.66,4.15,-0.86,1.92,0.36,443,429,410,337,373
-1.71,-9.25,2.79,-0.82,1.35,0.18,443,429,409,336,373
-2.33,-9.32,2.14,-0.95,1.36,0.30,442,428,409,336,372
-2.35,-9.05,0.14,-0.61,0.81,0.04,443,427,409,336,373
-1.94,-9.45,0.81,0.18,0.60,-0.13,441,426,408,337,375
-2.31,-9.50,0.62,-0.27,0.26,-0.17,440,425,407,337,376
-1.32,-9.86,1.02,-0.54,0.16,-0.09,438,424,406,337,374
-1.41,-9.38,-0.31,-1.35,0.05,-0.09,440,423,406,337,376
-3.22,-8.66,-3.69,-1.56,0.32,0.03,442,423,405,337,375
-0.87,-8.28,-3.97,-1.09,-0.08,-0.12,442,422,405,336,375
-2.29,-7.57,-6.20,-0.62,0.22,-0.13,443,422,404,335,375
-0.49,-7.44,-5.85,-0.85,-0.08,-0.30,444,421,404,336,375
-1.25,-6.63,-6.96,-0.68,-0.03,-0.38,443,421,404,335,373
-2.03,-6.73,-7.28,-0.13,0.08,-0.19,443,421,403,335,373
-0.31,-7.38,-8.15,-0.33,-0.06,-0.26,442,421,403,335,373
-0.80,-6.27,-6.93,-0.07,0.07,-0.28,441,421,403,335,372
-0.27,-6.43,-8.00,-0.01,0.04,-0.12,441,421,403,335,372
END
-0.04,-6.49,-7.31,-0.22,-0.04,-0.26,450,423,404,341,379
6.29,-5.51,-4.89,-0.00,0.03,-0.02,449,423,404,341,378
6.41,-5.45,-5.05,0.12,0.07,-0.04,449,423,403,341,378
6.40,-5.40,-4.78,0.07,0.05,-0.04,449,423,403,341,378
6.83,-5.51,-4.28,0.38,0.22,-0.07,449,423,404,341,378
6.18,-5.85,-4.36,-0.06,0.04,0.01,449,423,404,341,378
6.70,-5.80,-4.24,-0.01,0.03,-0.05,449,423,404,341,377
6.66,-5.75,-4.47,-0.11,0.19,0.08,449,423,404,341,378
6.31,-5.42,-4.51,0.24,0.64,0.24,449,423,405,342,378
5.93,-5.18,-4.62,0.60,0.98,0.24,449,424,407,345,379
7.06,-5.94,-2.68,0.64,0.78,-0.08,449,423,407,344,379
6.83,-6.04,-1.40,0.77,0.61,-0.22,449,423,407,342,379
8.10,-6.20,1.00,0.52,0.85,-0.02,447,423,406,341,378
7.83,-6.65,1.82,0.05,1.46,0.27,445,423,405,341,377
5.55,-7.14,2.28,-0.54,2.15,0.56,445,423,405,341,377
4.67,-7.39,3.63,-0.60,2.24,0.62,444,422,405,340,377
2.15,-7.83,3.87,-0.40,1.78,0.35,444,422,405,341,376
2.81,-8.12,4.92,-0.08,0.80,-0.08,443,421,406,343,376
2.33,-7.91,4.03,-0.48,1.50,0.31,442,422,406,342,377
1.64,-8.45,3.73,-0.41,0.97,0.04,442,423,406,341,377
0.69,-8.39,2.96,-0.10,0.39,-0.03,441,422,405,340,376
1.08,-8.79,4.62,-0.03,0.47,0.05,440,422,405,339,375
-1.65,-9.17,4.14,-0.84,1.29,0.32,439,424,405,339,374
-1.66,-9.25,2.27,-1.28,1.25,0.36,440,423,405,337,373
-1.35,-9.20,1.06,-0.51,0.62,-0.02,439,422,404,336,372
-0.63,-9.23,0.98,-0.36,0.43,0.10,439,419,403,336,373
-0.88,-9.25,0.00,-0.70,-0.17,-0.14,438,417,401,335,372
-1.78,-9.13,-1.00,-1.17,0.01,-0.18,437,417,401,336,370
-1.96,-8.73,-4.12,-0.85,0.13,0.03,437,417,401,335,371
-0.49,-8.13,-3.37,-0.67,0.27,0.32,437,415,399,335,368
-2.64,-8.68,-4.34,-0.45,0.13,-0.13,436,414,398,334,364
-1.29,-8.66,-4.67,-0.44,-0.18,-0.30,435,411,395,334,359
0.30,-8.46,-5.03,-0.87,-0.13,-0.44,433,410,394,334,357
-2.18,-7.55,-5.67,-0.70,0.00,-0.39,432,408,393,334,356
0.67,-7.37,-7.19,-0.51,-0.18,-0.34,431,407,392,333,356
0.27,-6.63,-7.44,-0.19,0.00,0.03,430,407,392,333,357
END
-0.45,-6.88,-7.20,-0.01,-0.11,-0.01,438,415,395,343,372
6.17,-4.95,-5.68,-0.02,0.02,-0.06,439,416,395,344,373
6.53,-4.58,-5.69,0.06,0.04,-0.11,439,416,395,344,373
6.45,-4.54,-5.47,0.21,0.19,-0.06,438,416,395,344,373
7.26,-4.60,-4.72,0.30,0.28,0.05,438,416,396,345,373
7.02,-4.91,-4.81,0.50,0.72,0.47,439,419,397,347,375
6.62,-5.59,-3.73,0.31,0.86,0.36,439,421,399,347,377
4.72,-5.58,-4.34,0.77,1.20,0.30,441,423,401,347,379
6.00,-5.53,-0.55,1.49,1.22,-0.22,439,422,401,347,376
7.12,-5.50,2.69,1.60,1.19,-0.50,436,421,401,348,370
7.24,-5.49,5.46,0.78,1.07,-0.40,434,420,401,349,365
7.16,-4.68,5.36,0.16,1.00,-0.20,432,422,402,349,364
6.18,-4.79,5.30,0.01,1.29,-0.26,431,421,402,348,363
5.10,-4.82,6.22,-0.27,1.47,-0.24,431,420,402,348,361
4.00,-5.11,7.05,-0.54,1.47,-0.20,431,420,402,347,360
2.66,-5.91,6.73,-0.84,1.62,-0.15,430,420,401,345,359
0.43,-6.32,7.29,-1.10,1.83,-0.08,430,419,401,344,358
0.43,-6.68,6.12,-1.33,2.04,-0.15,429,419,400,344,358
-2.38,-8.14,5.23,-0.82,1.84,-0.32,428,418,399,344,357
-0.04,-8.51,3.22,-0.82,1.03,-0.57,428,417,398,344,357
-0.50,-8.42,4.06,-0.55,0.23,-0.31,427,417,398,343,354
-0.93,-8.58,3.75,-0.80,0.07,-0.24,427,416,397,341,352
-2.43,-9.49,2.07,-1.25,0.12,-0.23,426,415,396,341,350
-1.97,-9.21,-0.57,-1.23,-0.21,-0.36,426,415,396,340,349
0.23,-9.14,-1.15,-1.09,-0.22,-0.52,424,413,395,340,348
-0.70,-9.09,-2.80,-0.89,0.08,-0.18,424,412,394,339,347
1.54,-8.79,-3.36,-0.82,0.06,-0.13,423,411,394,338,347
-0.27,-8.41,-4.49,-0.86,0.18,-0.15,422,411,394,338,347
0.70,-8.10,-5.78,-0.26,0.00,-0.43,425,413,396,338,351
1.99,-7.54,-4.38,-0.46,-0.07,-0.40,425,413,396,338,353
1.23,-7.59,-5.76,-0.68,-0.07,-0.07,424,412,395,337,352
0.95,-6.38,-5.74,-0.57,-0.15,-0.15,423,411,394,337,352
1.47,-6.67,-7.92,-0.50,-0.19,-0.08,423,410,394,337,352
1.39,-6.45,-7.04,-0.19,-0.07,-0.16,423,410,393,337,352
1.72,-6.08,-7.68,-0.07,0.03,-0.09,423,409,393,336,353
1.08,-6.22,-7.67,-0.08,-0.10,-0.00,423,409,392,336,354
END
0.14,-8.15,-5.53,-0.21,0.12,-0.26,478,433,419,340,375
7.14,-4.76,-4.92,0.41,0.12,-0.17,477,433,419,339,375
7.04,-4.95,-4.48,0.44,0.01,-0.25,477,433,419,339,375
7.21,-4.86,-4.26,0.09,-0.05,-0.14,477,433,418,339,376
7.54,-4.80,-3.97,0.10,0.10,-0.06,477,433,419,339,375
6.90,-4.62,-3.90,0.10,0.13,-0.04,477,433,418,339,375
6.98,-4.59,-4.27,0.20,0.23,-0.08,477,433,419,339,376
7.29,-4.32,-4.16,0.43,0.43,-0.07,477,433,420,338,378
8.84,-4.47,-2.68,0.59,0.52,-0.14,477,434,420,339,378
9.16,-4.82,-1.77,0.35,0.31,-0.16,477,436,421,338,379
8.64,-5.01,-1.23,0.45,0.42,0.04,477,437,422,338,379
8.12,-5.16,-0.60,0.41,0.56,0.11,477,437,423,338,379
7.21,-5.20,-0.44,0.44,0.72,0.13,477,437,423,338,380
7.91,-5.80,1.03,0.43,0.70,0.17,476,437,424,337,381
6.02,-5.74,1.18,0.11,0.87,0.14,476,437,423,337,381
6.73,-5.58,2.34,0.14,0.89,0.13,476,437,423,338,381
6.95,-5.66,3.76,-0.07,0.84,0.14,476,437,422,338,380
6.02,-5.87,4.19,-0.20,1.10,0.24,475,436,422,338,380
5.51,-6.43,4.85,-0.38,1.33,0.35,475,436,422,338,380
4.24,-6.88,4.88,-0.55,1.75,0.51,475,436,422,338,380
1.87,-7.59,4.95,-0.68,2.04,0.62,475,435,422,338,380
-0.06,-8.48,4.75,-0.55,1.41,0.39,475,435,422,338,380
-0.19,-8.41,4.49,-0.52,0.93,0.21,475,435,422,338,381
-0.50,-8.82,4.47,-0.52,0.91,0.21,474,435,422,338,380
-1.18,-8.74,3.10,-1.12,1.71,0.75,474,434,421,338,379
-4.53,-9.39,1.59,-1.26,1.51,0.72,475,434,420,338,373
-4.20,-8.85,-0.57,-1.02,0.37,0.06,475,434,420,337,372
-3.30,-8.03,-1.06,-1.07,0.09,0.02,474,433,419,337,371
-3.73,-8.07,-3.09,-0.77,0.26,-0.08,475,433,419,337,370
-3.63,-7.63,-4.15,-0.76,0.19,-0.20,475,432,418,337,369
-3.32,-7.47,-4.54,-0.55,0.12,-0.20,474,431,418,336,365
-2.67,-7.64,-5.46,-0.26,0.19,-0.14,473,432,421,336,366
-3.59,-7.57,-4.85,-0.44,0.42,-0.11,473,432,422,335,367
-2.79,-7.43,-6.25,-0.42,0.22,-0.18,472,431,421,334,367
-1.79,-7.21,-6.07,-0.33,0.20,-0.22,471,430,420,334,366
-1.72,-6.77,-6.98,-0.23,0.26,-0.13,471,430,420,334,367
END
-1.41,-6.87,-6.78,-0.25,0.15,-0.21,462,430,415,341,371
6.47,-5.52,-4.40,0.03,0.00,-0.04,462,430,416,340,371
6.65,-5.48,-4.45,-0.03,-0.01,-0.01,462,430,415,341,371
6.44,-5.54,-4.24,0.08,-0.00,-0.05,462,430,416,341,371
6.48,-5.56,-4.54,0.00,0.02,-0.01,462,430,415,340,371
6.39,-5.51,-4.33,0.07,0.05,-0.03,462,430,416,340,372
6.47,-5.76,-4.13,0.13,0.19,0.02,462,430,416,341,373
5.86,-5.74,-3.82,0.24,0.45,0.03,462,431,418,340,374
6.57,-5.97,-3.78,0.33,0.95,0.19,461,431,419,339,375
7.12,-5.91,-2.52,0.27,0.78,-0.08,461,431,419,339,376
8.15,-5.80,-1.77,0.14,0.65,0.11,461,431,419,338,377
7.78,-6.34,-0.38,0.14,0.76,0.17,461,431,419,338,376
6.86,-6.45,-0.33,0.06,0.74,0.21,461,432,418,338,376
5.95,-6.71,0.29,0.11,1.02,0.25,461,433,419,339,376
5.97,-7.19,1.48,-0.01,1.33,0.30,461,433,419,340,377
5.07,-7.43,2.13,-0.33,1.62,0.35,460,433,419,340,376
3.93,-7.95,2.45,-0.36,1.41,0.28,460,432,418,339,374
3.31,-8.45,3.41,-0.25,0.94,0.21,454,430,416,338,372
3.60,-8.30,4.08,-0.32,0.83,0.13,452,430,416,338,371
2.53,-8.69,3.03,-0.73,1.21,0.32,452,430,415,338,369
2.64,-8.78,2.99,-0.60,1.02,0.30,452,430,415,338,368
1.87,-9.13,2.42,-0.63,0.76,0.28,452,429,413,337,368
0.06,-9.28,1.61,-0.64,0.59,0.43,452,429,413,336,369
0.22,-9.60,0.67,-0.71,0.63,0.49,452,428,412,337,369
-1.52,-9.50,0.01,-0.65,0.70,0.46,452,428,412,336,369
-1.59,-9.47,-0.98,-0.61,0.52,0.33,453,428,412,336,369
-1.34,-9.17,-1.16,-0.51,0.24,0.08,452,427,412,336,368
-1.34,-9.16,-2.05,-0.39,0.20,0.01,451,427,412,335,369
-0.69,-8.98,-2.40,-0.29,0.09,-0.09,451,427,415,335,370
-0.60,-9.21,-2.93,-0.38,0.10,-0.01,452,431,420,335,376
-1.61,-9.02,-2.67,-0.57,0.08,-0.18,452,430,420,335,376
-1.11,-8.68,-4.19,-0.68,0.06,-0.11,453,429,419,335,376
-0.78,-8.26,-4.82,-0.51,0.17,-0.22,452,428,418,335,374
-0.47,-8.10,-5.25,-0.62,-0.03,-0.14,452,427,419,335,374
0.29,-7.81,-6.09,-0.73,-0.04,-0.05,453,431,427,335,377
-0.29,-7.42,-6.97,-0.49,0.01,-0.04,454,431,431,335,377
END
-0.66,-6.81,-7.23,-0.19,-0.02,-0.11,446,426,414,336,369
5.25,-4.80,-6.94,0.04,0.01,-0.05,446,426,414,336,369
5.10,-4.78,-6.70,0.07,-0.01,-0.05,446,426,415,337,370
5.18,-4.74,-6.88,0.07,0.00,-0.02,446,426,414,337,370
5.10,-4.90,-6.68,0.07,-0.01,-0.06,446,426,414,337,370
5.17,-5.04,-6.55,0.07,-0.00,-0.08,446,426,414,338,370
4.84,-4.87,-6.68,0.06,0.02,-0.03,446,426,414,339,369
5.00,-4.96,-6.75,0.11,-0.13,-0.12,447,426,414,340,372
4.21,-4.82,-6.73,0.27,-0.29,-0.39,448,427,414,340,374
5.13,-5.27,-6.22,0.36,-0.36,-0.49,448,427,413,339,378
5.39,-5.52,-6.43,0.37,0.10,-0.35,450,428,414,339,381
5.36,-5.03,-6.45,0.48,0.27,-0.40,450,429,415,339,383
6.47,-5.05,-5.81,0.72,0.35,-0.47,450,429,415,337,384
6.97,-5.05,-5.00,0.67,0.55,-0.15,449,429,416,336,385
6.91,-4.97,-4.79,0.17,0.46,-0.07,451,430,417,335,386
7.27,-4.80,-4.85,0.89,0.93,-0.06,452,431,418,335,388
8.02,-5.78,-2.33,0.83,1.15,-0.07,451,432,418,335,386
7.26,-5.76,-0.74,0.44,0.83,-0.01,450,433,418,336,384
7.42,-6.01,0.09,0.39,0.66,-0.05,448,433,416,335,378
6.97,-5.94,1.02,0.17,0.91,0.11,448,432,416,335,378
6.95,-6.13,2.38,0.19,0.96,0.07,448,432,416,335,376
6.58,-6.06,2.87,-0.12,1.46,0.28,448,432,416,335,376
5.31,-6.44,3.38,-0.41,1.72,0.42,447,432,416,335,375
4.00,-6.91,4.29,-0.53,1.85,0.50,448,432,416,335,375
2.16,-7.85,4.01,-0.71,1.92,0.60,448,432,416,336,374
-0.18,-8.66,4.59,-0.67,1.61,0.41,448,432,416,336,374
-0.12,-8.86,4.45,-0.49,0.97,0.14,448,432,416,336,374
-0.04,-8.84,3.94,-0.65,1.07,0.25,448,432,415,336,374
-0.77,-9.57,3.87,-1.27,1.12,0.41,447,432,415,335,372
-1.90,-8.94,0.29,-1.92,0.72,0.64,451,432,416,334,374
-3.01,-8.94,-1.41,-0.84,0.56,0.35,450,430,416,333,373
-3.59,-8.70,-3.09,-0.85,0.39,0.18,449,429,415,333,373
-1.39,-8.48,-1.89,-0.75,0.11,-0.28,448,429,415,332,371
-2.07,-8.04,-3.45,-0.78,0.22,-0.25,447,428,414,333,370
-1.68,-8.10,-5.52,-0.65,0.26,-0.10,447,428,414,332,370
-1.34,-7.62,-4.84,-0.91,0.07,-0.41,448,427,412,332,368
END
-1.85,-7.42,-6.90,-0.65,0.12,-0.22,448,427,408,334,384
6.21,-4.49,-6.04,0.10,0.08,-0.06,450,429,411,334,385
6.14,-4.69,-6.02,0.38,0.32,-0.01,453,431,412,334,386
6.42,-5.04,-4.77,0.17,0.32,0.07,454,431,413,334,386
6.82,-5.09,-4.58,0.11,0.25,0.02,454,431,413,334,386
6.96,-4.89,-4.70,0.30,0.46,0.16,454,431,414,334,387
6.62,-5.33,-3.70,0.45,0.62,0.24,453,431,414,334,388
6.88,-5.82,-3.12,0.45,0.69,0.17,453,431,414,335,388
7.75,-5.94,-2.18,0.30,0.73,0.13,453,432,414,335,387
6.67,-6.20,-1.62,0.08,1.00,0.29,452,433,414,335,386
6.90,-6.39,-0.34,0.14,1.17,0.38,452,434,415,336,386
6.58,-6.96,1.18,0.04,1.18,0.31,452,434,415,336,385
5.64,-7.31,1.72,-0.31,1.45,0.46,450,435,414,335,383
4.85,-7.72,1.80,-0.54,1.51,0.56,448,435,414,335,381
3.42,-8.06,2.06,-0.46,1.54,0.52,448,435,413,336,381
2.01,-8.72,2.81,-0.29,1.13,0.37,447,435,413,337,380
2.00,-9.05,2.89,-0.54,1.18,0.38,448,435,413,337,380
1.92,-9.21,2.55,-0.70,1.25,0.40,448,435,413,336,379
0.37,-9.31,1.69,-0.86,1.37,0.55,448,435,413,336,379
0.00,-9.50,0.85,-0.79,1.09,0.47,448,434,413,335,378
0.29,-9.63,0.21,-0.71,0.62,0.20,449,435,413,333,378
-0.12,-9.36,-0.83,-0.54,0.30,0.12,449,434,413,332,378
-0.47,-9.37,-0.88,-0.71,0.21,0.21,449,434,412,332,378
-1.24,-9.05,-2.65,-0.94,0.14,0.27,449,434,412,331,377
-1.23,-9.05,-3.46,-1.04,-0.09,0.06,450,432,412,331,377
-1.81,-8.13,-4.42,-0.64,0.03,-0.02,449,431,411,332,376
-1.84,-7.82,-6.32,-0.52,0.18,0.10,450,431,411,331,376
-1.55,-7.67,-5.84,-0.18,0.10,-0.05,449,431,411,332,376
-1.58,-7.57,-5.53,-0.23,0.08,0.01,449,431,411,332,376
-1.97,-7.40,-5.99,-0.26,0.14,0.01,449,431,411,331,375
-1.13,-7.52,-6.62,-0.15,0.10,-0.12,448,431,411,332,375
-0.93,-7.07,-6.47,-0.03,0.21,-0.04,449,430,410,332,375
-0.72,-6.97,-6.53,-0.23,0.10,-0.16,448,430,410,332,375
-0.42,-6.71,-7.01,-0.13,0.09,-0.14,448,430,410,332,375
-0.35,-6.51,-7.44,-0.22,0.03,-0.20,448,430,410,332,374
-0.29,-6.53,-7.40,-0.12,-0.01,-0.15,447,430,409,332,374
END
-0.42,-6.55,-7.47,-0.06,0.03,-0.09,449,426,404,338,378
6.01,-4.30,-6.60,0.12,0.04,-0.05,449,426,405,338,378
6.03,-4.30,-6.53,0.15,0.03,-0.09,449,426,404,339,378
5.54,-4.54,-6.25,0.10,0.09,-0.02,449,426,403,339,378
6.30,-4.55,-5.98,0.12,0.07,-0.12,449,426,403,339,377
6.65,-4.55,-5.28,0.11,0.25,0.03,449,425,403,339,378
6.22,-4.85,-5.48,0.13,0.48,0.16,452,425,405,339,380
6.27,-5.07,-5.30,0.26,0.41,0.00,453,425,406,340,382
6.65,-4.62,-5.49,0.66,0.63,0.07,453,424,408,340,384
6.52,-5.31,-3.83,0.90,0.95,-0.05,450,425,408,339,381
6.79,-5.41,-2.49,0.94,0.97,-0.12,448,429,408,339,377
8.09,-5.64,-0.09,0.59,0.83,-0.24,446,431,409,339,371
9.03,-5.50,1.03,0.08,1.08,0.01,446,434,411,339,369
7.42,-5.64,1.28,-0.15,1.14,0.02,446,433,411,339,369
7.26,-6.07,2.20,-0.37,1.41,0.14,446,432,410,339,367
6.72,-6.17,2.97,-0.56,1.66,0.27,445,432,409,339,365
5.39,-6.79,4.08,-0.88,1.61,0.32,444,431,407,338,363
5.04,-7.39,4.02,-1.15,1.86,0.50,444,431,407,338,362
1.57,-8.31,3.27,-1.20,1.92,0.67,444,431,406,338,361
-0.39,-9.08,2.13,-0.69,1.14,0.34,445,432,406,338,361
1.63,-8.85,2.36,0.06,0.16,-0.27,444,433,405,337,362
2.19,-8.69,2.94,-0.47,0.52,0.20,443,435,406,336,362
0.57,-8.86,2.08,-0.85,0.97,0.59,443,434,406,336,362
-0.62,-9.38,0.60,-1.18,1.18,0.57,443,433,405,335,361
-1.77,-9.35,-0.92,-0.97,0.66,0.19,443,431,405,335,359
-0.66,-9.30,-1.44,-0.47,0.07,-0.10,442,430,403,335,359
-0.11,-9.10,-1.21,-0.57,0.09,-0.16,440,428,402,335,358
-0.79,-8.86,-2.76,-0.82,0.18,0.10,439,427,402,335,358
0.43,-8.69,-3.89,-0.77,0.09,-0.13,439,426,402,335,357
-0.98,-8.26,-4.92,-0.57,-0.00,-0.26,439,424,401,335,357
0.00,-8.18,-5.14,-0.34,-0.14,-0.31,439,423,401,334,357
-0.09,-7.98,-5.32,-0.33,-0.02,-0.23,439,423,400,335,357
0.04,-7.67,-5.48,-0.37,0.00,-0.14,438,422,400,334,356
0.92,-7.77,-6.20,-0.42,-0.06,-0.19,438,422,400,333,356
1.04,-7.35,-6.65,-0.18,-0.07,-0.18,438,421,400,332,355
0.50,-7.26,-6.75,-0.15,0.03,-0.09,438,421,400,333,355
END
0.14,-6.98,-6.98,0.01,0.05,-0.13,439,424,402,341,372
5.81,-4.80,-6.20,0.08,-0.06,-0.21,438,424,401,342,372
6.35,-4.70,-6.26,0.09,-0.00,-0.21,436,422,401,342,375
6.55,-4.62,-6.02,0.16,0.08,-0.07,429,419,400,343,377
5.94,-4.85,-6.20,0.05,-0.01,-0.06,425,418,399,343,376
5.90,-4.77,-6.06,0.13,0.05,-0.07,426,418,399,342,376
5.57,-4.82,-5.82,0.31,0.28,-0.10,435,420,401,342,379
8.29,-5.09,-5.43,1.02,1.00,-0.02,438,422,403,341,382
5.37,-5.34,-4.18,0.18,1.44,0.42,438,422,404,342,382
6.60,-5.66,-3.93,0.18,1.13,0.29,438,424,404,341,380
6.89,-6.02,-2.05,0.32,0.72,0.02,438,423,404,341,379
7.09,-6.40,-0.58,0.69,0.69,-0.08,441,423,404,341,379
7.67,-6.41,1.07,0.65,0.49,-0.22,442,423,404,342,378
8.08,-6.58,1.82,0.41,0.81,-0.13,441,423,404,342,377
6.53,-6.22,2.07,-0.42,1.11,-0.01,441,421,403,342,377
6.98,-6.09,2.65,-0.79,1.98,0.32,437,417,399,343,375
5.43,-6.98,2.93,-1.37,2.51,0.86,436,416,397,343,372
1.58,-8.39,4.16,-1.36,2.19,0.79,437,418,398,342,369
0.77,-9.50,3.15,-1.08,1.45,0.55,437,418,398,340,368
0.83,-9.27,2.16,-0.96,1.19,0.52,438,420,398,339,367
0.97,-9.26,0.86,-0.74,0.77,0.36,438,422,400,339,366
-0.24,-9.35,0.05,-0.71,0.45,0.24,436,423,401,339,366
-0.24,-9.37,-0.55,-0.38,0.01,-0.03,434,422,401,339,366
-0.60,-9.32,-1.12,-0.38,0.04,0.03,433,422,401,339,365
-1.07,-9.43,-1.79,-0.55,0.19,0.08,433,422,402,338,366
-1.59,-9.44,-2.50,-0.36,0.20,-0.03,433,422,404,338,372
-0.24,-9.32,-2.15,-0.28,0.26,-0.07,434,423,406,338,374
0.46,-8.94,-2.50,-0.91,0.08,-0.21,432,423,406,337,373
-0.40,-8.45,-4.47,-0.93,0.18,-0.06,432,423,406,337,372
0.23,-8.21,-5.92,-0.61,0.00,-0.07,432,421,405,337,374
0.00,-7.63,-4.96,-0.61,0.04,-0.17,432,420,404,336,374
-0.18,-7.07,-6.40,-0.46,0.01,-0.22,432,419,403,336,374
0.97,-6.87,-7.16,-0.40,-0.06,-0.32,431,418,401,337,374
0.57,-6.27,-7.45,-0.16,0.10,-0.27,431,418,400,336,374
1.62,-6.37,-7.52,0.01,0.07,-0.18,431,418,400,336,373
1.59,-6.22,-7.19,0.02,0.04,-0.04,430,418,400,336,373
END
1.70,-6.75,-7.14,0.13,-0.07,-0.10,432,419,401,340,373
5.84,-4.43,-6.25,0.08,-0.00,-0.06,432,419,401,340,373
5.89,-4.48,-6.12,0.29,0.08,-0.08,432,420,401,342,374
5.90,-4.87,-5.45,0.30,0.17,-0.04,432,420,401,343,375
5.95,-4.71,-6.20,0.16,0.15,-0.05,432,421,402,343,375
6.34,-4.80,-5.72,0.39,0.28,-0.04,432,420,402,344,375
6.47,-4.96,-5.38,0.38,0.41,-0.03,432,421,402,343,376
6.83,-5.33,-4.40,0.27,0.72,0.13,431,422,402,344,374
6.93,-5.57,-3.85,-0.19,0.75,0.22,431,422,401,343,373
7.29,-5.56,-3.72,-0.18,0.92,0.28,430,421,401,344,373
6.78,-5.52,-3.04,-0.02,1.05,0.21,431,425,403,342,373
6.40,-5.78,-1.67,0.32,1.15,0.09,433,427,405,341,373
7.32,-6.09,-0.68,0.21,0.96,0.11,434,428,406,340,374
7.80,-6.17,1.21,0.45,0.73,-0.15,433,428,406,340,373
7.29,-6.24,2.02,0.14,0.87,0.02,432,428,407,340,373
7.14,-6.51,2.68,-0.34,1.25,0.20,432,428,406,340,372
6.81,-6.61,3.23,-0.92,1.90,0.50,431,428,405,340,372
4.76,-7.29,2.79,-1.32,2.51,0.85,430,427,404,340,372
1.95,-8.73,3.40,-1.23,2.03,0.65,430,427,404,340,372
1.08,-9.00,1.90,-0.73,1.07,0.31,431,427,404,339,372
1.56,-9.06,1.96,-0.58,0.80,0.37,431,427,404,339,372
-0.25,-9.62,1.06,-0.69,0.95,0.53,432,427,404,339,372
-1.02,-9.68,0.80,-0.97,0.55,0.37,432,425,403,339,370
-1.08,-9.30,-0.80,-0.88,0.20,0.12,431,423,401,340,369
-0.57,-9.11,-1.29,-0.75,-0.03,-0.06,430,421,399,340,367
-0.28,-9.13,-2.66,-0.55,0.08,0.05,429,420,398,340,366
-0.44,-9.12,-3.09,-0.53,0.07,-0.11,429,420,398,339,366
-0.67,-8.73,-3.70,-0.42,0.13,-0.02,428,420,398,339,365
-0.69,-8.43,-3.96,-0.53,0.04,-0.10,428,419,398,338,364
-1.73,-7.41,-3.67,-1.35,-0.38,-0.24,428,417,397,339,362
-0.62,-7.53,-7.62,-0.67,-0.15,-0.10,428,416,397,339,362
-0.19,-6.87,-7.38,-0.47,0.10,-0.13,427,416,397,338,361
-0.22,-6.85,-7.42,-0.14,0.13,-0.14,427,416,397,338,361
0.03,-6.82,-7.75,0.02,0.12,-0.12,427,416,396,338,361
0.10,-6.69,-7.19,0.02,0.11,-0.04,426,416,396,338,360
0.36,-6.73,-7.13,0.06,0.07,-0.10,426,416,396,338,360
END
0.01,-6.94,-6.83,0.08,0.09,-0.08,439,418,398,340,381
5.78,-4.52,-5.74,0.27,-0.00,-0.25,438,419,397,339,381
6.68,-4.52,-5.70,0.18,0.07,-0.07,437,419,398,339,379
6.28,-4.69,-5.89,0.19,0.22,-0.03,439,420,398,340,379
6.34,-5.07,-5.51,0.09,0.11,-0.06,439,420,398,340,378
6.65,-4.80,-5.30,0.10,0.20,0.00,442,422,399,340,378
6.48,-5.08,-4.54,0.22,0.56,0.07,442,423,399,341,378
6.51,-5.05,-4.35,0.07,0.71,0.11,442,424,399,342,378
6.64,-4.70,-4.34,0.25,0.71,-0.06,442,424,400,342,378
7.34,-4.41,-4.16,0.72,0.77,-0.23,439,423,401,342,377
9.77,-5.53,-0.76,0.59,0.51,-0.28,436,423,400,343,374
7.95,-5.10,-1.60,-0.34,0.93,0.10,436,424,401,342,373
7.77,-5.28,0.12,-0.20,1.26,0.08,435,424,400,341,371
7.91,-5.00,0.93,-0.17,1.52,0.04,434,425,400,341,369
8.01,-5.61,2.56,-0.33,1.63,0.14,432,424,400,341,368
6.91,-5.94,3.17,-0.59,1.51,0.18,431,422,399,341,367
5.60,-6.23,3.93,-0.55,1.52,0.17,430,421,397,343,364
4.92,-6.84,4.59,-0.83,1.50,0.19,428,419,395,341,361
3.87,-7.14,3.22,-1.16,1.82,0.38,428,418,394,340,360
2.06,-8.34,3.45,-1.27,2.07,0.60,427,418,393,339,359
0.65,-9.07,2.96,-1.05,1.55,0.45,427,417,393,339,358
-0.37,-9.38,2.20,-0.83,0.92,0.25,427,418,392,339,356
-0.11,-9.19,2.12,-0.50,0.27,0.07,426,418,391,339,355
0.87,-8.87,1.48,-0.50,-0.29,0.00,425,419,391,339,355
0.60,-9.26,0.77,-0.36,0.06,0.02,424,418,391,339,354
-1.13,-9.23,-0.69,-0.56,0.13,0.17,424,419,391,340,354
-1.10,-9.43,-0.83,-0.68,0.16,0.18,424,419,390,339,353
-1.54,-9.16,-2.53,-0.87,0.15,0.14,425,418,390,338,353
-1.34,-9.12,-2.84,-0.79,0.14,-0.11,424,417,389,338,352
-0.99,-8.79,-3.66,-0.50,0.17,-0.15,424,417,390,338,352
-0.26,-8.46,-3.75,-0.51,0.21,-0.23,423,417,390,338,351
0.38,-8.12,-4.71,-0.63,0.17,-0.21,423,416,389,338,351
0.68,-7.75,-5.53,-0.61,0.04,-0.28,422,415,389,338,352
0.67,-7.47,-6.52,-0.44,0.15,-0.20,422,414,388,338,352
1.01,-7.50,-6.75,-0.21,0.06,-0.11,422,413,388,338,352
0.97,-7.52,-6.64,-0.04,0.08,-0.08,422,412,388,338,353
END
0.95,-7.38,-6.52,-0.13,0.10,-0.08,473,427,422,349,383
6.80,-4.17,-5.56,0.25,0.28,-0.02,473,427,422,348,383
7.06,-4.58,-5.28,0.27,0.41,0.02,473,429,422,348,382
6.59,-4.57,-4.73,0.16,0.29,0.00,473,428,423,348,383
7.47,-4.47,-4.73,0.22,0.34,0.11,473,428,423,348,383
7.27,-4.69,-4.20,0.25,0.36,0.04,472,428,423,348,383
7.24,-4.92,-3.75,0.16,0.44,0.18,472,428,423,348,383
7.95,-5.36,-2.98,0.19,0.53,0.16,472,428,423,348,383
7.50,-5.51,-2.68,-0.01,1.01,0.47,472,428,423,347,384
7.75,-6.23,-1.67,-0.53,1.44,0.84,471,428,422,346,384
7.87,-6.53,-1.24,-1.01,1.93,1.22,470,428,422,345,383
4.33,-7.52,-1.56,-0.94,2.19,1.56,470,428,421,345,383
2.01,-8.48,-0.95,-0.49,1.46,0.95,471,428,422,345,382
2.90,-8.64,-0.43,-0.08,0.98,0.56,470,428,422,345,382
1.84,-8.08,-0.46,-0.79,2.25,1.82,470,428,421,344,382
-4.85,-9.69,-2.68,-0.80,1.79,1.18,477,429,422,343,380
-2.59,-9.96,-1.09,-0.13,0.44,0.14,475,428,422,342,380
-0.50,-9.93,-0.83,-0.22,0.40,0.04,474,428,423,343,380
-1.00,-9.55,-1.28,-0.18,0.39,0.04,473,427,423,341,380
-0.11,-9.40,-2.47,-0.09,0.19,-0.06,473,427,423,341,380
-2.12,-9.38,-1.77,-0.43,0.32,0.09,472,426,423,341,380
-2.35,-9.22,-3.42,-0.46,0.45,0.12,471,427,424,340,379
-0.63,-8.69,-2.50,-1.13,0.03,-0.24,467,426,424,339,378
-1.30,-8.13,-5.19,-0.89,0.13,-0.40,466,425,424,339,377
0.32,-8.18,-5.50,-0.82,-0.04,-0.38,463,424,423,338,376
1.37,-7.72,-6.88,-0.84,0.02,-0.42,460,423,423,338,375
1.11,-6.44,-7.19,-0.28,0.07,-0.20,459,423,422,337,374
1.16,-6.30,-7.40,0.14,0.21,-0.07,455,423,420,337,373
1.30,-6.65,-7.34,-0.02,0.05,-0.15,451,421,419,336,373
0.90,-6.63,-6.67,0.12,0.04,-0.11,450,421,418,335,372
1.19,-6.71,-7.46,-0.07,0.00,-0.13,449,420,417,335,371
1.15,-6.59,-6.91,0.12,0.02,-0.16,448,420,416,335,370
1.35,-6.43,-6.59,0.10,-0.00,-0.19,448,420,416,335,369
1.30,-6.59,-6.85,0.15,0.06,-0.12,447,420,415,335,369
1.31,-7.01,-6.73,0.09,-0.01,-0.10,445,419,414,335,368
1.25,-7.02,-6.67,0.14,-0.00,-0.10,444,419,414,335,368
END
1.35,-6.94,-6.74,0.13,0.06,-0.13,449,425,414,344,380
6.74,-3.85,-6.60,0.05,0.01,-0.03,448,425,414,344,379
6.42,-3.83,-6.55,0.07,-0.03,-0.04,448,425,414,344,379
6.35,-3.93,-6.30,0.09,0.02,-0.01,448,425,414,344,379
6.37,-4.04,-6.29,0.21,-0.13,-0.18,449,424,414,344,379
6.15,-3.99,-6.28,0.25,-0.10,-0.14,449,424,414,343,381
6.54,-4.14,-6.12,0.35,-0.02,-0.14,449,424,414,346,381
6.02,-4.28,-6.16,0.31,0.29,0.04,449,424,415,345,382
5.69,-5.08,-5.43,0.50,0.59,-0.05,449,424,415,345,382
5.73,-4.90,-4.67,0.09,0.64,-0.04,448,423,416,344,383
7.42,-4.45,-4.57,0.26,0.51,-0.19,448,423,416,344,384
8.87,-4.02,-3.87,0.27,0.81,0.02,448,426,417,344,383
8.41,-4.38,-2.94,0.49,1.08,-0.01,447,428,417,345,383
8.97,-5.29,-1.35,0.09,0.92,0.12,445,429,418,344,383
7.97,-5.53,-0.71,-0.00,1.06,0.17,445,429,418,343,383
8.11,-5.74,0.32,-0.25,1.16,0.39,444,429,418,343,382
6.85,-6.07,1.33,-0.36,1.49,0.49,444,429,418,343,381
6.63,-6.46,2.35,-0.57,1.61,0.61,444,428,418,343,382
5.40,-7.11,2.70,-0.61,1.70,0.63,444,428,418,343,381
3.57,-7.67,2.56,-0.59,1.35,0.46,444,428,418,343,381
3.60,-8.26,3.62,-0.35,0.93,0.31,444,428,418,343,381
3.23,-8.56,3.42,-0.38,1.10,0.36,444,428,418,343,381
2.30,-8.71,2.94,-0.66,1.53,0.65,444,428,417,343,381
0.48,-9.07,2.79,-0.64,1.42,0.51,444,428,417,343,381
-1.12,-9.22,1.65,-1.11,1.23,0.49,444,428,417,343,380
-1.04,-9.21,0.14,-0.97,0.54,0.19,444,427,418,342,380
-0.59,-9.45,-0.62,-0.62,0.22,-0.14,444,427,419,340,380
-1.30,-9.58,-1.06,-0.57,0.22,-0.05,444,425,419,340,379
-1.11,-9.14,-1.89,-0.61,0.21,-0.04,445,425,419,339,378
-1.30,-9.01,-2.68,-0.54,0.16,-0.13,443,425,419,338,377
-0.18,-8.65,-3.38,-0.60,0.15,0.01,443,424,418,338,376
-0.14,-8.67,-4.52,-0.61,0.11,-0.22,443,424,419,338,375
-1.03,-8.27,-4.70,-0.39,0.04,-0.15,443,424,418,337,375
0.38,-8.66,-5.61,-0.71,-0.16,-0.09,445,421,418,338,377
-1.29,-7.87,-4.39,-0.58,0.02,-0.20,446,418,417,338,377
-0.25,-7.49,-7.72,-0.27,-0.07,-0.16,450,417,417,339,379
END
-0.29,-7.16,-6.63,-0.26,-0.08,-0.11,437,418,407,346,375
5.74,-4.03,-7.06,0.05,-0.06,-0.13,437,418,407,346,374
5.58,-3.80,-7.12,0.03,-0.04,-0.06,437,418,407,346,375
5.31,-3.76,-7.02,0.05,0.05,0.05,437,418,407,346,375
5.14,-4.01,-7.13,0.15,0.09,-0.04,437,419,408,346,375
5.71,-4.01,-7.24,0.35,0.20,-0.08,436,418,408,346,375
6.09,-4.31,-6.29,0.39,0.27,-0.01,437,418,407,345,376
6.35,-4.66,-5.71,0.29,0.34,0.06,443,419,407,344,377
6.20,-4.92,-5.46,0.32,0.34,0.07,445,420,407,344,378
6.17,-5.33,-5.13,0.39,0.57,0.29,445,420,408,345,380
6.18,-5.51,-4.97,0.53,0.61,0.14,446,421,409,346,381
6.01,-5.63,-4.18,0.59,0.63,0.04,445,422,409,347,381
6.59,-6.20,-2.37,0.67,0.67,-0.03,445,424,410,347,382
6.86,-6.59,-1.32,0.40,0.64,-0.11,444,424,410,347,380
7.00,-6.25,-0.70,0.25,0.75,0.00,443,423,409,347,380
6.89,-5.92,0.48,0.24,1.06,0.18,443,423,410,346,380
6.48,-6.22,1.08,0.15,1.57,0.33,442,422,410,346,381
5.79,-7.04,2.54,-0.23,1.69,0.42,441,421,409,345,382
5.02,-7.42,2.80,-0.42,1.61,0.49,441,420,409,344,382
3.58,-8.23,2.91,-0.36,1.28,0.42,441,420,409,343,382
2.58,-8.50,4.49,-0.24,0.87,0.35,441,420,408,343,381
2.56,-8.54,4.13,-0.33,0.83,0.31,441,420,408,341,381
1.37,-8.54,3.70,-0.43,1.22,0.57,442,421,410,340,381
-1.78,-9.07,3.24,-0.26,1.35,0.31,444,422,412,339,381
-0.47,-9.22,3.84,-0.15,1.26,0.32,443,422,413,338,380
-1.77,-9.33,2.48,-0.63,1.07,0.15,443,421,413,339,380
-1.92,-9.22,1.86,-0.62,0.64,0.06,442,422,413,339,378
-1.15,-9.11,0.90,-0.76,0.25,-0.14,441,422,412,339,376
-1.41,-9.60,0.24,-0.72,0.10,-0.22,439,423,412,339,374
-1.47,-9.16,-1.37,-0.56,0.15,-0.03,439,422,411,338,373
-1.55,-8.78,-1.13,-0.72,0.03,-0.18,437,422,411,338,372
-2.25,-8.61,-2.45,-0.74,0.09,-0.09,437,422,411,336,371
0.20,-8.82,-3.35,-1.20,-0.00,-0.40,436,421,411,333,370
-1.82,-8.13,-5.09,-0.94,0.24,-0.74,436,420,411,333,369
-0.42,-7.65,-5.84,-0.52,0.45,-0.73,435,418,411,333,371
2.49,-7.40,-5.84,-0.54,0.16,-0.73,433,417,410,333,371
END
2.09,-6.54,-6.45,-0.43,0.31,-0.23,438,419,406,341,375
5.36,-3.24,-7.48,-0.04,-0.02,-0.04,438,419,406,341,375
5.81,-3.07,-7.18,0.06,-0.04,-0.09,438,419,406,341,375
5.44,-3.14,-7.74,0.09,-0.04,-0.10,438,419,406,341,374
5.86,-2.88,-7.52,0.30,-0.06,-0.18,438,419,406,342,374
5.92,-3.26,-7.11,0.08,-0.06,-0.11,437,419,406,342,374
6.07,-3.27,-7.12,0.11,-0.03,-0.12,438,419,406,342,375
6.28,-3.40,-6.84,0.04,0.11,-0.01,437,419,406,341,374
7.44,-3.68,-6.63,-0.23,0.44,0.35,436,418,405,342,379
6.08,-3.64,-7.35,-0.00,0.76,0.53,436,418,406,342,382
6.60,-3.77,-6.67,0.44,0.86,0.45,438,418,406,343,388
6.68,-4.11,-5.46,0.72,1.30,0.63,441,418,407,344,393
6.09,-5.76,-2.94,0.56,1.10,0.16,441,418,407,343,393
6.22,-5.58,-2.80,0.40,0.80,0.11,440,419,408,342,393
7.26,-5.71,-1.08,0.56,0.62,-0.22,438,420,408,342,392
8.34,-5.41,-0.44,0.58,1.07,0.11,437,423,409,342,390
8.12,-5.93,2.03,0.41,1.37,0.14,435,424,409,342,386
6.64,-6.50,2.83,-0.21,1.41,0.20,434,425,409,341,379
6.14,-6.59,3.06,-0.23,1.35,0.15,434,425,409,343,376
5.11,-6.70,3.27,-0.64,1.72,0.40,434,426,409,343,375
4.41,-6.96,4.05,-0.76,2.26,0.67,434,426,409,342,374
1.23,-8.25,4.33,-0.48,1.35,0.28,434,426,410,342,374
1.07,-8.56,4.32,-0.31,0.84,0.08,434,428,410,341,373
1.06,-8.49,3.81,-0.65,0.93,0.10,436,432,411,336,372
0.93,-8.80,3.37,-1.04,1.25,0.29,439,436,414,334,371
-0.83,-9.35,2.17,-0.87,1.23,0.41,443,438,413,333,371
-1.50,-9.43,1.23,-1.14,0.85,0.31,455,440,414,334,371
-2.46,-9.54,0.08,-0.82,0.17,-0.03,456,440,416,333,370
-0.90,-9.07,-1.57,-0.62,-0.23,-0.08,454,439,415,334,369
-1.31,-9.02,-1.84,-0.89,0.03,-0.20,451,437,413,333,368
-1.44,-8.75,-3.97,-0.70,-0.02,-0.21,449,435,412,332,367
-0.70,-8.41,-3.71,-0.63,0.02,-0.47,443,432,407,331,365
-0.50,-8.20,-3.99,-0.52,0.02,-0.35,440,430,404,330,365
0.23,-8.18,-5.34,-0.55,-0.06,-0.39,437,428,403,330,363
-0.28,-7.76,-5.64,-0.37,0.05,-0.32,435,426,401,330,363
0.06,-7.52,-6.05,-0.23,0.12,-0.39,434,425,400,330,362
END
0.90,-7.47,-6.06,-0.16,0.09,-0.42,432,419,399,338,373
6.80,-3.91,-5.48,0.18,0.19,-0.08,432,419,398,338,372
6.75,-3.98,-5.52,0.11,0.16,-0.02,433,419,399,338,373
6.67,-4.41,-4.98,0.12,0.18,-0.02,432,419,399,337,373
6.22,-4.48,-4.87,-0.01,0.20,-0.02,432,418,398,337,372
7.70,-4.21,-4.76,-0.11,0.45,0.18,431,418,398,337,372
7.76,-4.06,-4.80,-0.08,0.88,0.50,432,419,398,338,372
7.21,-4.27,-4.32,0.28,1.20,0.65,432,419,399,338,373
6.06,-5.25,-2.67,0.43,1.28,0.55,432,420,399,338,373
7.20,-6.17,-1.41,0.51,1.19,0.34,432,422,400,339,372
6.50,-6.81,0.93,0.39,0.96,0.04,432,423,401,338,372
6.83,-6.90,1.88,0.10,1.33,0.26,432,424,402,338,372
5.89,-7.09,2.79,-0.31,1.77,0.48,432,424,401,337,371
4.90,-7.57,3.60,-0.66,1.97,0.57,432,424,401,337,370
3.37,-7.58,3.50,-1.12,2.46,1.22,432,424,401,336,370
-1.20,-9.47,3.14,-1.00,1.82,0.89,434,426,402,336,368
-0.91,-9.60,2.90,-0.45,0.80,0.38,435,426,401,336,368
-0.22,-9.14,1.82,-0.35,0.85,0.34,436,426,402,336,369
-1.44,-9.20,0.98,-0.30,0.66,0.24,437,426,402,336,369
-1.63,-8.96,0.73,-0.13,0.35,0.11,438,426,402,336,369
-2.37,-9.25,0.78,-0.01,0.28,-0.01,439,425,402,337,369
-2.72,-9.53,1.21,0.05,0.43,-0.05,439,425,402,337,370
-2.46,-9.70,1.00,-0.12,0.66,-0.12,438,425,403,338,370
-1.95,-9.75,0.64,-0.35,0.43,-0.33,438,424,403,337,370
-1.61,-9.42,0.17,-0.57,0.40,-0.41,436,424,403,337,368
-0.93,-9.41,-0.82,-0.76,0.33,-0.25,435,423,403,336,368
1.03,-9.02,-2.12,-0.94,0.11,-0.33,435,422,403,335,368
-0.19,-8.54,-3.02,-0.88,0.18,-0.32,434,422,402,335,368
0.80,-8.55,-4.41,-0.89,0.00,-0.21,434,421,402,335,369
1.37,-7.67,-5.00,-0.59,0.00,-0.41,434,421,401,335,367
1.33,-7.72,-5.59,-0.53,-0.16,-0.28,434,421,401,335,367
1.29,-7.33,-7.21,-0.66,-0.21,-0.17,434,420,401,335,367
0.39,-6.78,-6.79,-0.38,-0.12,-0.22,434,420,401,334,366
0.67,-6.78,-7.62,-0.16,-0.07,-0.12,434,419,401,334,366
0.37,-6.36,-7.49,-0.08,-0.00,-0.22,433,419,401,334,366
0.73,-6.13,-7.43,0.00,0.00,-0.18,433,419,400,334,366
END
0.61,-6.09,-7.49,0.02,0.03,-0.16,427,414,395,341,364
5.95,-4.19,-6.70,0.07,0.02,-0.06,427,414,395,340,364
5.96,-4.08,-6.68,0.03,-0.01,-0.10,427,414,396,342,364
6.24,-3.73,-6.65,0.08,0.04,-0.03,427,414,397,342,364
5.86,-4.06,-6.61,0.07,0.02,-0.07,427,415,397,342,364
5.84,-4.08,-6.60,0.08,0.06,-0.05,427,414,396,342,364
5.64,-4.22,-6.52,0.15,-0.03,-0.24,426,414,396,342,364
6.83,-4.16,-6.31,0.14,0.07,-0.17,426,414,396,342,364
6.52,-4.00,-6.07,0.08,0.35,0.10,425,414,396,342,364
6.60,-4.16,-6.09,0.20,0.38,0.01,425,414,396,342,364
6.81,-4.06,-5.94,0.43,0.49,0.05,425,417,397,343,366
6.83,-4.09,-5.23,0.51,0.60,0.19,427,423,400,343,370
7.12,-4.57,-4.30,0.55,0.58,0.09,427,423,400,343,371
7.42,-5.00,-3.78,0.40,0.51,0.08,428,423,401,342,371
6.87,-5.41,-2.60,0.29,0.71,0.23,428,424,402,341,370
7.52,-5.72,-1.74,0.54,0.60,0.05,428,425,404,340,371
7.09,-6.11,-0.90,0.66,0.73,0.01,428,425,404,340,371
7.01,-6.33,0.76,0.39,0.79,0.06,427,425,404,340,371
6.28,-6.01,1.01,-0.17,1.25,0.32,427,426,404,339,370
6.44,-6.37,1.72,-0.38,1.55,0.39,427,428,405,339,369
5.27,-6.82,2.46,-0.45,1.73,0.47,427,429,406,339,368
4.20,-7.60,3.74,-0.38,1.61,0.36,427,427,402,338,368
3.30,-8.37,4.41,-0.17,0.93,0.03,426,425,401,338,368
3.19,-8.06,4.14,-0.29,0.63,0.08,427,425,402,339,368
2.85,-8.18,3.44,-0.28,0.82,0.14,427,425,403,339,368
1.43,-8.41,3.47,-0.07,0.77,0.00,429,426,404,341,369
1.87,-8.43,3.97,-0.27,0.89,0.10,429,426,405,341,368
0.37,-8.63,3.35,-0.58,1.21,0.31,430,427,405,342,368
-0.50,-9.07,2.99,-0.75,1.11,0.31,430,428,405,341,367
-0.45,-9.51,2.58,-0.71,0.80,0.18,430,427,404,341,366
-0.77,-9.24,1.20,-0.91,0.60,0.27,429,426,404,340,366
-1.10,-9.38,0.95,-0.58,0.40,0.08,432,426,404,340,368
-1.50,-9.50,0.94,-0.68,0.41,0.10,440,424,405,339,375
-0.86,-9.15,-0.95,-1.09,0.33,0.11,443,421,405,338,379
-1.09,-8.89,-3.19,-0.99,0.21,-0.19,441,419,404,338,378
-1.46,-8.36,-3.78,-0.77,0.12,-0.22,440,419,404,338,376
END
-0.51,-8.33,-4.63,-0.68,0.15,0.04,436,420,395,342,373
5.65,-4.24,-6.77,0.01,0.03,-0.05,436,419,395,342,372
5.92,-4.30,-6.82,0.02,0.03,-0.03,436,419,395,342,372
5.76,-4.30,-6.70,0.04,0.01,-0.05,436,419,395,342,372
5.51,-4.57,-6.79,0.06,0.02,-0.04,436,419,395,342,372
5.42,-4.65,-6.69,0.08,0.05,-0.10,435,419,395,342,372
5.56,-4.86,-6.37,0.16,0.20,-0.16,435,418,395,342,372
5.78,-4.75,-5.56,0.17,0.38,-0.05,435,418,395,342,372
6.62,-4.40,-5.81,0.18,0.52,-0.09,435,419,396,342,374
6.82,-3.77,-5.84,0.79,1.00,0.05,443,420,397,343,378
8.40,-4.44,-4.22,1.30,1.38,0.15,445,421,398,343,379
6.62,-5.61,-1.35,0.47,0.95,0.07,444,422,399,342,379
6.27,-5.74,-1.44,0.17,0.85,0.22,445,424,400,341,379
7.54,-5.90,-0.12,0.35,1.42,0.31,443,425,400,341,378
5.83,-6.34,2.00,0.23,1.67,0.31,443,426,400,341,376
5.13,-6.80,4.90,0.11,1.05,0.24,443,426,402,342,376
6.10,-6.94,4.44,0.10,0.19,-0.11,444,425,402,343,379
6.63,-6.45,3.98,0.08,0.86,0.11,443,425,402,344,380
4.69,-6.41,3.70,-0.23,1.39,0.19,442,425,402,344,380
3.57,-6.98,3.92,-0.22,1.62,0.23,441,426,403,344,380
2.93,-7.05,5.41,-0.41,1.71,0.24,441,426,403,344,379
0.42,-7.87,5.61,-0.68,1.49,0.28,440,426,404,343,379
0.58,-8.01,5.55,-0.66,1.32,0.27,440,425,403,343,379
-1.24,-8.59,4.17,-1.13,2.13,0.45,441,426,403,343,378
-4.16,-8.91,1.91,-0.75,1.34,0.27,449,426,404,344,380
-1.25,-8.59,2.91,0.01,0.27,-0.25,450,425,404,344,380
-2.09,-8.64,1.43,-0.37,0.28,-0.06,451,424,403,343,380
-2.35,-9.48,2.31,-0.69,0.14,-0.33,450,424,404,341,378
-3.09,-8.96,-0.25,-1.56,0.29,-0.39,463,424,404,339,380
-3.96,-9.20,-1.78,-1.30,0.41,0.11,483,424,406,338,388
1.71,-8.87,-5.25,-1.21,0.14,-0.23,489,423,407,337,389
-1.30,-7.20,-4.17,-1.30,-0.12,-1.31,480,420,406,337,384
-2.77,-7.11,-5.71,-0.44,0.22,-0.24,479,419,405,336,384
0.01,-7.47,-9.40,-0.95,-0.32,-0.15,475,417,404,336,382
0.60,-6.40,-5.97,-0.36,-0.00,-0.43,472,417,402,336,381
0.65,-5.81,-6.81,-0.07,0.24,0.14,470,415,401,336,380
END
2.43,-6.55,-7.32,-0.32,-0.04,-0.22,435,410,404,339,374
6.45,-3.29,-7.14,0.13,0.38,0.00,435,410,404,339,374
6.45,-3.52,-6.37,0.24,0.33,-0.05,435,410,404,339,374
6.22,-3.88,-5.98,0.25,0.31,-0.12,435,410,404,339,374
6.99,-3.70,-5.67,0.21,0.42,-0.02,435,410,404,339,375
6.64,-3.27,-5.46,0.32,0.59,-0.01,435,411,405,339,377
6.73,-3.55,-5.11,0.53,0.61,-0.14,435,411,406,338,378
7.74,-3.52,-4.03,0.72,0.59,-0.21,435,412,406,338,379
8.56,-4.11,-2.29,0.73,0.66,-0.05,435,414,406,338,379
8.39,-4.59,-1.21,0.67,0.63,-0.01,436,418,407,339,378
8.55,-4.98,-0.41,0.64,0.72,-0.01,438,421,408,339,380
8.10,-4.80,0.74,0.21,1.11,0.21,439,421,408,339,381
8.36,-5.02,2.23,0.05,1.76,0.48,438,421,408,339,380
6.31,-5.58,3.13,-0.37,2.36,0.68,438,421,408,339,377
4.47,-6.09,4.16,-0.46,2.14,0.61,439,421,407,340,377
2.15,-6.76,5.35,-0.27,1.33,0.27,439,421,407,339,376
2.43,-7.41,5.84,-0.08,0.75,-0.03,439,421,407,339,377
2.62,-7.37,6.13,-0.20,1.08,0.13,442,422,408,340,378
0.15,-7.53,5.87,-0.18,1.27,0.04,444,423,408,342,378
-0.31,-7.67,6.53,-0.17,0.98,-0.11,444,422,408,343,378
0.06,-7.57,6.10,-0.24,0.79,-0.20,444,422,407,344,377
0.16,-7.75,5.83,-0.38,1.04,-0.14,442,421,407,344,376
-1.66,-8.53,5.47,-1.05,1.46,0.19,441,420,406,342,372
-1.82,-8.89,4.16,-1.18,0.76,-0.14,439,418,405,341,367
-2.29,-8.49,2.10,-1.12,0.41,-0.10,436,415,405,339,366
-1.54,-9.01,0.24,-0.46,0.10,-0.56,432,413,404,338,365
-0.91,-9.02,0.14,-0.44,0.15,-0.32,425,408,401,338,362
-0.04,-9.04,0.07,-0.74,0.03,-0.33,423,407,400,337,360
0.17,-8.98,-1.31,-0.86,0.12,-0.23,423,407,400,337,359
-0.37,-9.01,-2.15,-0.89,0.18,-0.21,423,406,399,336,359
-0.45,-9.01,-4.17,-0.66,0.06,-0.42,424,406,399,337,358
1.08,-8.74,-4.00,-0.30,0.02,-0.40,424,406,398,337,358
1.76,-8.44,-4.67,-0.38,-0.04,-0.29,423,406,397,337,358
0.98,-8.27,-4.21,-0.38,-0.02,-0.05,423,405,397,336,358
1.06,-8.46,-5.29,-0.47,-0.03,-0.05,423,405,397,336,358
0.73,-8.08,-5.33,-0.40,-0.02,-0.10,423,405,396,336,357
END
1.11,-7.72,-5.71,-0.36,-0.04,-0.17,432,417,407,339,373
5.80,-4.65,-5.90,0.07,0.05,-0.04,433,417,407,339,373
6.18,-4.89,-5.75,0.09,0.09,-0.04,433,416,407,339,373
6.48,-4.85,-5.41,0.01,0.08,-0.01,433,416,406,339,373
6.01,-5.02,-5.70,-0.07,0.10,0.06,434,415,405,339,374
6.06,-4.77,-5.74,0.01,0.03,-0.08,435,415,405,339,374
5.97,-4.46,-5.92,0.40,0.40,-0.04,443,419,406,339,377
6.27,-4.48,-5.50,0.64,0.73,0.18,444,420,407,340,381
5.90,-5.20,-4.49,0.26,0.82,0.24,444,421,407,338,383
6.95,-5.71,-3.26,0.33,0.82,0.18,444,420,407,337,384
7.70,-5.94,-2.26,0.43,0.95,0.29,445,422,408,337,385
6.76,-6.37,-0.87,0.65,1.17,-0.06,445,425,408,336,385
5.43,-6.17,0.19,0.32,1.33,0.12,443,424,407,337,385
6.76,-6.40,2.74,0.43,0.67,-0.11,442,423,407,336,386
5.86,-6.58,3.01,0.17,0.91,0.01,440,421,408,336,387
6.03,-6.54,3.82,0.20,0.96,-0.05,439,421,408,336,386
5.28,-6.70,4.96,0.20,1.40,-0.00,437,422,407,335,384
4.42,-6.40,5.27,-0.25,1.50,0.05,435,422,406,335,381
2.70,-6.72,6.24,-0.26,1.75,0.09,435,421,405,335,379
2.03,-7.04,6.77,-0.50,1.52,0.09,434,421,405,335,378
2.33,-6.77,6.73,-0.60,1.23,0.06,434,421,405,335,378
-0.02,-8.11,5.20,-0.78,1.42,0.15,434,422,405,335,378
-0.44,-8.44,5.58,-0.52,0.92,-0.10,434,422,406,335,378
-0.77,-8.59,5.23,-0.82,0.69,-0.05,433,422,405,335,379
-1.39,-9.17,3.55,-0.90,0.59,-0.14,433,422,405,335,380
-1.23,-8.82,1.86,-0.77,0.27,-0.34,432,421,404,335,380
-0.35,-9.02,1.08,-0.59,0.15,-0.31,431,421,403,334,381
0.09,-8.94,0.21,-0.74,-0.01,-0.43,430,419,402,334,378
0.70,-9.05,-0.17,-0.77,0.08,-0.18,429,419,401,334,378
0.87,-9.19,-1.50,-0.90,-0.02,-0.12,428,418,400,334,377
-0.50,-8.84,-0.86,-1.63,-0.36,-0.46,428,419,399,333,377
-1.30,-8.23,-6.85,-1.18,-0.24,-0.23,432,420,401,332,380
1.81,-7.38,-6.47,-0.72,-0.19,-0.23,431,418,400,332,379
0.55,-6.84,-6.34,-0.44,-0.00,-0.15,430,418,400,332,377
0.98,-7.05,-6.60,-0.31,-0.13,-0.07,430,417,399,332,376
0.98,-7.14,-6.69,-0.39,-0.17,-0.16,429,417,399,332,374
END
0.56,-6.88,-6.63,-0.13,0.01,-0.16,429,414,396,340,370
5.74,-4.34,-6.05,0.05,-0.04,-0.12,429,414,396,340,370
5.90,-4.24,-6.31,0.00,-0.02,-0.10,429,414,396,340,370
5.96,-4.30,-6.36,0.09,-0.02,-0.12,429,414,396,341,370
5.99,-4.27,-6.58,0.16,-0.02,-0.16,429,415,396,341,371
6.02,-4.37,-6.47,0.44,0.14,-0.12,430,418,397,342,373
6.06,-4.45,-6.17,0.98,0.65,-0.20,430,419,398,342,374
5.57,-5.21,-3.98,0.79,0.73,0.26,429,420,398,341,375
7.44,-5.58,-3.60,0.47,0.50,-0.06,430,422,399,340,379
7.49,-5.94,-2.36,0.42,0.81,0.13,429,421,399,339,379
6.94,-6.22,-1.31,0.08,1.21,0.42,429,421,399,339,379
8.06,-6.40,-0.80,-0.28,1.54,0.78,428,420,399,340,379
4.66,-7.40,-0.09,-0.38,1.74,0.73,427,419,398,340,379
4.64,-8.20,1.18,-0.23,1.30,0.50,426,418,398,340,378
4.42,-8.48,2.28,-0.36,1.09,0.41,426,417,397,339,377
4.36,-8.41,1.71,-0.47,1.07,0.46,425,417,397,339,377
3.74,-8.64,1.31,-0.47,1.04,0.45,425,416,397,339,377
2.20,-8.98,1.34,-0.38,0.93,0.38,426,417,397,339,376
1.77,-9.12,1.37,-0.40,1.03,0.47,425,417,397,339,375
0.80,-9.49,1.03,-0.61,1.27,0.61,425,417,397,337,372
-0.35,-9.66,0.30,-0.54,0.95,0.44,425,417,397,337,371
-0.16,-9.58,0.23,-0.41,0.61,0.09,425,416,396,337,371
-0.13,-9.60,-0.34,-0.43,0.51,0.15,425,416,396,337,371
-0.41,-9.73,-0.70,-0.48,0.35,-0.06,425,416,396,337,370
0.21,-9.38,-1.43,-0.49,0.21,-0.13,424,416,396,337,369
0.64,-9.28,-2.11,-0.65,0.15,-0.08,424,415,395,337,368
-0.40,-9.04,-3.09,-0.57,0.18,-0.09,424,415,395,337,367
1.11,-8.90,-4.07,-0.60,0.11,-0.14,424,415,395,337,366
1.13,-8.19,-4.11,-0.62,0.11,-0.13,423,415,395,337,366
0.70,-7.81,-5.53,-0.47,-0.04,-0.18,423,415,394,336,366
0.15,-7.54,-5.55,-0.34,-0.08,-0.17,423,413,394,336,365
0.65,-7.72,-5.89,-0.17,0.03,-0.20,423,413,394,336,364
0.90,-7.69,-6.02,-0.03,0.11,-0.13,423,412,394,336,364
1.51,-7.56,-6.09,-0.00,0.06,-0.17,423,412,393,337,364
1.56,-7.72,-6.05,0.12,0.02,-0.12,422,411,393,337,364
1.87,-7.92,-5.67,0.14,-0.02,-0.14,422,411,393,337,363
END
1.46,-7.97,-5.61,0.10,0.01,-0.05,418,407,391,346,365
5.96,-4.85,-6.22,0.08,0.05,-0.03,418,407,391,345,365
5.84,-5.08,-6.10,0.15,0.08,-0.05,421,411,392,345,368
5.27,-5.01,-5.74,0.36,0.25,0.09,425,413,393,346,371
5.90,-5.33,-5.51,0.20,0.11,-0.15,425,414,393,346,371
6.16,-5.19,-5.55,0.04,0.10,-0.07,425,414,393,346,373
6.17,-5.28,-5.60,0.28,0.32,0.09,428,416,394,346,376
5.84,-5.31,-4.85,0.74,0.74,0.17,428,418,396,347,377
5.96,-6.07,-3.40,0.72,0.90,0.14,427,419,396,346,377
6.27,-6.59,-1.89,0.20,0.91,0.13,424,417,396,343,373
6.69,-6.81,-1.00,0.08,0.99,0.24,422,416,395,342,371
7.26,-6.98,-0.32,-0.06,1.24,0.42,421,416,395,341,370
6.11,-7.34,-0.06,-0.10,1.42,0.51,421,416,395,342,370
4.65,-7.69,0.80,-0.04,1.52,0.43,421,418,395,343,370
4.12,-8.18,2.40,0.03,1.39,0.31,421,417,395,344,372
3.95,-8.51,2.95,-0.31,1.00,0.24,420,417,395,343,371
4.00,-8.56,2.71,-0.44,0.82,0.24,420,417,395,343,371
3.52,-8.55,2.79,-0.74,1.27,0.62,419,416,394,342,370
1.27,-9.24,1.91,-0.67,1.08,0.55,419,416,394,341,369
1.25,-9.29,1.48,-0.60,0.68,0.38,419,416,394,341,368
1.46,-9.25,0.75,-0.34,0.03,-0.19,419,415,394,341,368
1.95,-9.25,0.44,-0.26,0.11,0.02,418,414,393,340,367
0.63,-9.27,0.03,-0.38,0.39,0.25,418,414,393,341,367
-0.80,-9.49,-0.38,-0.43,0.46,0.20,418,413,393,341,367
-0.56,-9.66,0.09,-0.73,0.01,-0.32,418,413,393,341,367
2.63,-8.96,-1.52,-0.99,0.01,-0.32,417,412,392,342,368
0.93,-8.56,-3.22,-1.06,0.24,0.00,417,411,392,341,367
1.83,-8.60,-5.14,-0.93,0.04,-0.05,417,412,392,340,369
1.08,-8.27,-4.92,-0.51,0.13,-0.05,417,411,392,340,368
0.97,-7.59,-5.39,-0.36,-0.07,-0.23,417,410,391,340,368
1.97,-7.85,-5.41,-0.56,-0.09,-0.17,416,409,391,340,367
1.44,-7.09,-6.65,-0.37,0.01,-0.03,416,409,391,339,367
1.61,-6.75,-7.41,-0.10,-0.16,0.05,416,409,391,340,365
1.04,-7.02,-6.46,-0.12,-0.01,0.04,416,409,391,340,365
1.16,-6.73,-7.03,-0.02,0.00,-0.09,416,409,391,339,365
0.90,-6.86,-6.83,0.03,0.05,-0.03,416,409,391,339,365
END
1.06,-7.06,-6.78,-0.00,0.07,-0.06,414,408,390,343,364
5.30,-5.10,-6.64,0.13,-0.01,-0.18,414,408,390,343,364
5.46,-5.05,-6.27,0.16,-0.01,-0.12,414,407,390,343,364
5.55,-5.15,-6.14,0.16,-0.04,-0.13,414,407,390,343,363
5.49,-5.23,-5.97,0.12,-0.01,-0.09,414,407,390,343,363
5.51,-5.43,-5.99,0.14,0.04,-0.07,414,407,390,344,364
5.64,-5.37,-5.89,0.36,0.09,-0.15,414,410,391,345,366
5.73,-5.48,-5.28,0.49,0.35,-0.01,414,411,391,346,368
5.65,-5.74,-5.02,0.50,0.59,0.14,414,411,392,347,368
5.86,-5.97,-4.33,0.28,0.54,0.08,414,411,392,347,369
6.28,-6.03,-3.68,0.26,0.57,0.13,414,411,392,347,369
6.19,-6.27,-3.01,0.35,0.72,0.16,414,410,394,347,370
6.23,-6.74,-1.90,0.23,0.92,0.22,414,409,393,348,370
6.09,-6.93,-1.16,-0.01,1.09,0.33,413,406,392,348,365
6.41,-7.14,-0.66,-0.14,1.43,0.54,411,404,391,348,362
5.51,-7.95,-0.23,-0.12,1.41,0.45,411,404,391,348,361
4.30,-8.22,0.95,0.06,0.81,0.16,411,404,391,348,360
4.56,-8.24,1.76,0.07,0.83,0.15,410,404,392,348,360
3.63,-8.56,2.16,0.02,0.93,0.14,411,404,392,348,361
3.22,-8.47,2.33,-0.14,0.50,-0.00,411,402,391,347,361
3.99,-8.30,2.46,-0.02,0.25,-0.07,411,401,391,347,361
4.62,-8.16,3.10,-0.04,0.59,-0.03,411,401,391,348,362
4.00,-8.01,2.49,-0.31,1.28,0.30,411,401,390,347,362
2.30,-8.84,2.48,-0.55,1.45,0.40,410,401,392,347,361
1.64,-9.08,2.24,-0.82,1.41,0.47,410,403,392,345,361
0.06,-9.56,1.54,-1.09,1.41,0.65,410,403,391,344,359
-0.88,-9.70,0.57,-0.89,0.62,0.35,411,406,391,344,358
0.38,-9.65,0.12,-0.60,-0.00,-0.05,410,407,390,344,356
-0.70,-9.40,-1.25,-0.53,0.02,-0.05,411,407,390,345,356
-0.40,-8.86,-2.28,-0.52,-0.04,-0.04,411,407,389,345,356
-0.65,-8.86,-2.33,-0.84,-0.03,0.03,411,406,389,344,355
-1.13,-8.90,-3.63,-0.94,-0.04,-0.01,412,406,389,340,355
-0.42,-8.43,-5.05,-0.74,-0.03,-0.05,412,406,389,338,354
-0.70,-8.08,-5.42,-0.50,0.20,-0.12,411,405,388,338,354
-0.29,-7.44,-6.27,-0.40,0.18,-0.04,412,407,388,338,355
-0.57,-7.33,-6.27,-0.30,0.18,-0.06,413,408,389,338,356
END