8.62,-0.25,-5.09,0.04,-0.02,-0.04,396,363,394,428,351
8.66,1.46,-5.04,0.08,0.00,0.00,396,363,394,428,353
8.37,1.35,-4.99,0.06,0.00,0.03,396,363,394,427,351
8.35,1.23,-4.87,0.09,-0.01,-0.03,396,363,394,427,351
8.58,1.18,-4.85,0.07,-0.01,-0.05,396,363,394,427,349
8.36,1.23,-5.02,0.05,0.02,-0.02,396,363,393,427,351
8.51,1.33,-5.02,0.04,0.00,-0.02,395,362,393,427,351
8.70,1.67,-4.95,0.03,-0.02,-0.04,395,362,393,427,351
8.74,1.91,-5.13,0.11,-0.06,-0.07,395,362,393,427,351
8.69,2.01,-5.05,0.16,-0.08,-0.06,395,362,393,427,351
8.41,1.63,-5.13,0.20,-0.03,-0.01,394,361,393,427,351
8.13,1.20,-5.22,0.24,-0.03,-0.04,394,360,392,426,351
8.36,0.99,-5.28,0.22,0.02,-0.01,393,360,392,427,350
8.14,1.47,-5.48,0.28,0.00,-0.06,393,360,392,426,351
8.59,1.47,-5.31,0.35,0.01,-0.09,393,360,392,426,351
8.00,1.00,-5.20,0.38,0.05,-0.09,393,359,392,426,351
7.59,0.85,-5.39,0.40,0.01,-0.21,393,359,392,426,351
8.16,0.52,-5.49,0.39,-0.01,-0.25,393,359,392,426,351
9.12,0.27,-5.49,0.44,-0.01,-0.25,393,359,392,426,351
8.20,0.11,-5.38,0.43,-0.01,-0.21,393,359,391,426,351
8.31,0.12,-5.14,0.41,0.00,-0.20,392,358,391,426,351
8.51,0.09,-4.88,0.40,-0.02,-0.27,392,358,391,426,351
8.66,-0.17,-4.77,0.33,0.09,-0.10,392,358,391,426,350
8.22,0.06,-5.20,0.26,0.06,-0.11,392,358,391,426,350
8.90,-0.40,-4.98,0.27,0.03,-0.11,391,357,390,425,350
8.62,-0.45,-4.94,0.14,0.02,-0.01,391,356,390,425,350
8.24,0.06,-5.30,0.11,-0.04,-0.08,390,355,390,425,350
8.41,0.36,-5.40,0.16,-0.08,-0.18,390,355,390,425,350
8.48,0.27,-5.23,0.22,0.01,-0.09,390,355,391,426,350
8.76,-0.18,-4.97,0.24,0.10,0.03,390,355,391,426,350
8.62,-0.24,-4.99,0.21,0.09,0.06,390,355,391,426,350
8.61,-0.86,-4.82,0.17,0.03,0.05,390,356,391,427,349
8.56,-1.18,-4.59,0.09,0.04,0.07,391,356,391,427,349
8.22,-0.85,-5.02,0.05,0.00,0.03,390,357,391,427,349
8.20,-0.48,-5.28,0.04,-0.00,-0.01,390,356,391,427,348
8.26,-0.73,-5.06,0.05,-0.01,-0.05,390,356,391,427,349
END
8.69,-0.80,-4.89,0.05,-0.01,-0.06,392,360,392,425,350
8.61,0.99,-4.66,0.03,-0.01,-0.03,392,360,391,425,350
8.53,1.17,-4.97,0.02,-0.02,-0.05,392,360,391,425,350
8.76,1.18,-5.09,0.05,-0.01,-0.04,392,360,392,425,350
8.50,1.02,-4.85,0.04,0.00,0.00,392,360,391,425,350
8.94,1.15,-4.90,-0.02,-0.08,0.00,392,360,391,425,351
8.57,1.49,-5.14,0.02,-0.12,-0.05,392,360,391,425,351
8.68,1.72,-5.27,0.09,-0.07,-0.02,392,360,391,425,350
8.55,1.87,-5.41,0.19,-0.05,-0.01,392,360,391,425,351
8.54,1.42,-5.33,0.27,-0.04,-0.01,391,359,391,425,351
8.40,0.73,-4.97,0.24,-0.06,0.03,391,359,391,424,351
8.21,0.51,-5.19,0.23,-0.10,-0.05,391,359,390,424,351
8.03,0.74,-5.52,0.23,-0.12,-0.15,391,359,390,424,351
7.96,0.87,-5.56,0.32,-0.03,-0.14,391,359,390,424,351
7.73,0.36,-5.56,0.34,0.05,-0.09,391,359,390,424,351
8.07,-0.13,-5.25,0.29,0.08,-0.04,391,359,390,424,351
8.47,-0.62,-5.13,0.22,0.09,0.03,391,359,390,424,351
7.75,-0.18,-5.44,0.17,0.03,-0.08,391,359,390,424,351
8.33,-0.21,-5.48,0.22,-0.07,-0.29,390,358,390,424,350
8.81,-0.33,-5.51,0.24,-0.00,-0.21,390,358,390,424,350
8.75,-0.39,-5.37,0.26,0.05,-0.11,390,358,390,424,350
8.29,-0.28,-5.37,0.25,0.03,-0.10,390,358,390,424,350
7.93,-0.09,-5.55,0.34,-0.06,-0.28,390,358,390,424,350
8.74,0.17,-5.36,0.31,-0.14,-0.36,390,358,390,425,350
8.50,0.27,-5.63,0.29,-0.02,-0.12,390,357,390,425,350
8.20,-0.02,-5.41,0.26,0.03,0.02,389,357,390,425,350
7.61,0.01,-5.62,0.28,0.00,-0.09,389,357,390,425,350
7.92,-0.01,-5.41,0.31,-0.08,-0.29,389,357,390,425,350
8.27,-0.19,-5.55,0.32,-0.00,-0.16,389,356,390,426,350
7.41,-0.09,-5.60,0.32,-0.01,-0.24,389,356,390,426,350
8.13,-0.06,-5.42,0.45,-0.03,-0.46,388,354,390,426,349
8.99,-0.36,-5.03,0.53,0.11,-0.27,386,352,390,427,349
8.74,-1.12,-4.59,0.22,0.07,-0.12,386,353,390,427,349
9.06,-0.90,-4.66,0.04,-0.02,-0.08,387,353,390,427,349
8.65,0.09,-5.51,-0.03,-0.03,0.04,386,353,390,428,348
8.29,0.34,-5.83,0.03,-0.02,0.08,386,352,390,428,349
END
7.83,-0.17,-5.44,0.07,0.01,0.04,372,339,375,409,350
8.65,1.39,-4.87,0.07,0.02,-0.02,372,339,375,410,350
8.64,1.39,-4.90,0.06,-0.00,-0.02,372,339,375,410,350
8.71,1.23,-4.87,0.04,-0.03,-0.03,372,340,375,410,349
8.59,1.64,-5.12,0.04,-0.04,-0.03,372,339,375,410,349
8.45,1.77,-5.18,0.09,-0.04,-0.04,372,339,374,410,349
8.60,2.02,-5.20,0.15,-0.02,-0.05,372,339,375,411,349
8.31,2.23,-5.25,0.22,0.00,-0.04,373,340,376,412,349
8.31,1.82,-4.87,0.30,0.05,-0.03,373,340,377,412,349
8.21,1.13,-4.85,0.34,0.12,0.01,373,340,377,413,349
8.44,0.93,-4.80,0.35,0.12,-0.01,373,340,377,414,349
8.69,0.67,-4.78,0.37,0.06,-0.12,373,340,377,414,350
8.89,0.53,-4.72,0.35,0.03,-0.14,372,340,377,414,349
9.22,0.27,-4.54,0.34,0.04,-0.04,372,340,376,413,349
8.80,0.29,-4.85,0.29,0.04,0.05,372,340,376,413,349
8.73,-0.06,-4.87,0.29,0.02,0.05,372,340,376,414,349
8.47,-0.45,-4.67,0.31,-0.04,-0.06,372,340,376,414,349
8.44,-0.17,-4.80,0.30,-0.06,-0.14,372,340,376,414,349
8.69,-0.14,-4.67,0.35,-0.08,-0.18,372,340,376,414,349
8.26,-0.11,-4.94,0.32,-0.08,-0.20,372,340,376,414,349
8.40,-0.42,-4.77,0.32,-0.03,-0.20,372,339,377,414,349
8.40,-0.27,-4.66,0.30,-0.00,-0.22,372,340,377,414,349
8.58,-0.06,-4.77,0.28,0.02,-0.19,373,340,377,415,349
8.80,-0.16,-4.97,0.26,0.02,-0.15,373,340,377,415,349
8.82,-0.30,-4.66,0.28,0.01,-0.15,373,341,377,415,349
8.76,0.04,-4.84,0.25,0.00,-0.10,373,341,377,416,349
8.47,-0.14,-4.79,0.31,0.01,-0.11,374,341,378,416,349
8.85,-0.62,-4.54,0.29,0.03,-0.08,374,342,379,417,349
8.33,-0.65,-4.49,0.27,0.04,-0.07,375,343,380,418,349
8.35,-1.09,-4.39,0.26,0.01,-0.16,376,343,381,419,348
8.84,-1.01,-4.27,0.11,-0.02,-0.14,377,344,382,420,348
9.37,-0.62,-4.50,0.05,-0.02,-0.07,377,345,382,420,348
9.08,-0.44,-4.70,0.05,0.00,0.03,377,345,382,420,348
8.54,-0.53,-4.74,0.07,0.01,0.04,377,344,382,420,348
8.46,-0.46,-4.74,0.07,0.01,0.01,377,344,382,420,348
8.48,-0.54,-4.59,0.06,-0.00,-0.03,377,345,382,419,348
END
8.76,-0.63,-4.66,0.06,0.01,-0.03,370,343,373,410,348
8.71,0.93,-5.05,0.07,-0.02,-0.09,370,343,374,410,348
8.83,0.79,-4.95,0.10,-0.02,-0.06,370,344,374,410,348
8.63,0.57,-4.92,0.09,-0.00,-0.02,370,343,374,410,347
8.47,0.40,-4.80,0.09,-0.00,-0.03,371,343,374,410,348
8.69,0.60,-4.60,0.06,0.00,-0.04,371,344,375,411,348
8.52,0.90,-4.98,0.07,-0.01,-0.03,372,345,376,412,348
8.43,0.95,-5.04,0.14,-0.03,-0.09,372,345,376,413,348
8.45,0.62,-4.82,0.16,-0.01,-0.09,372,345,376,413,348
8.03,0.64,-5.23,0.17,0.02,-0.08,372,346,376,413,348
9.22,0.99,-5.00,0.26,-0.08,-0.33,372,346,376,413,348
8.55,1.15,-5.33,0.21,0.13,0.17,372,346,376,414,348
8.39,0.80,-4.96,0.30,0.02,-0.04,372,345,377,413,348
8.67,0.45,-4.87,0.30,0.09,0.06,372,345,376,413,348
8.30,-0.19,-4.48,0.32,0.12,0.08,372,345,376,412,348
8.50,-0.12,-4.72,0.32,-0.02,-0.13,372,345,376,413,348
8.97,-0.37,-4.49,0.35,-0.03,-0.17,372,345,376,413,348
9.04,-0.53,-4.61,0.34,-0.01,-0.14,372,345,377,413,348
8.88,-0.47,-4.70,0.35,-0.06,-0.20,372,345,377,413,348
8.41,-0.46,-4.67,0.32,-0.06,-0.17,373,345,377,413,348
9.15,-1.06,-4.26,0.31,-0.00,-0.08,373,345,377,413,348
8.56,-0.93,-4.46,0.19,0.02,-0.05,373,345,377,413,348
8.36,-0.60,-4.61,0.20,0.02,-0.06,373,345,377,413,348
8.19,-0.64,-4.79,0.24,0.04,-0.15,373,346,377,413,347
8.54,-0.17,-4.85,0.29,-0.01,-0.31,373,346,377,413,348
8.99,-0.37,-4.87,0.30,0.05,-0.19,373,346,377,413,347
8.84,-0.61,-4.69,0.36,0.01,-0.27,373,346,377,413,347
9.53,-1.26,-4.02,0.39,-0.01,-0.22,373,346,377,413,348
9.22,-1.16,-4.19,0.23,-0.04,-0.14,373,346,378,413,347
9.33,-0.48,-4.39,0.17,-0.15,-0.22,374,346,378,414,347
9.44,-0.11,-4.69,0.17,-0.14,-0.16,374,347,379,415,347
8.64,0.05,-4.94,0.26,-0.14,-0.17,375,347,380,417,348
8.20,0.01,-5.09,0.33,-0.08,-0.17,376,348,381,418,348
8.43,-0.21,-5.05,0.39,0.02,-0.07,377,348,382,420,348
8.43,-0.60,-4.90,0.32,0.08,0.02,376,349,383,421,348
8.97,-1.49,-4.07,0.12,-0.00,0.03,378,351,383,420,347
END
9.07,-1.13,-4.49,0.04,-0.01,0.08,382,352,382,416,348
8.89,0.06,-4.88,0.05,0.03,-0.13,382,352,382,417,347
8.86,0.24,-5.13,0.06,0.03,-0.03,382,353,382,417,347
8.66,0.07,-4.95,0.10,-0.00,-0.07,382,352,382,417,348
8.61,-0.08,-4.86,0.10,0.01,-0.04,382,352,382,417,348
8.59,-0.17,-4.75,0.10,0.01,-0.05,382,352,382,416,348
8.59,0.06,-5.01,0.10,-0.02,-0.07,382,353,382,416,348
8.46,0.22,-4.99,0.13,-0.02,-0.09,382,352,382,417,348
8.64,0.66,-5.04,0.16,-0.06,-0.17,381,352,382,416,348
8.79,0.86,-4.91,0.25,-0.02,-0.16,381,352,382,417,347
8.58,0.88,-5.18,0.31,0.01,-0.12,381,352,382,416,348
8.86,0.17,-4.90,0.40,0.03,-0.12,381,352,382,417,347
8.76,0.08,-4.96,0.36,0.01,-0.10,381,352,382,417,348
8.40,0.09,-4.76,0.24,-0.13,-0.22,381,352,382,417,348
8.43,-0.03,-5.02,0.32,-0.07,-0.26,381,352,382,417,348
8.39,-0.45,-4.87,0.33,-0.00,-0.18,381,352,382,416,348
8.35,-0.30,-5.10,0.32,-0.03,-0.25,381,352,382,416,348
8.46,-0.32,-4.96,0.33,-0.04,-0.31,381,352,382,417,348
8.43,-0.17,-4.96,0.29,0.01,-0.23,381,352,382,416,348
8.78,-0.17,-5.00,0.28,0.04,-0.19,381,352,382,416,348
8.45,0.25,-5.15,0.21,0.01,-0.13,381,352,382,416,348
8.99,-0.17,-4.64,0.23,-0.00,-0.12,381,352,382,416,348
8.20,0.04,-5.17,0.18,-0.04,-0.14,381,352,382,416,348
8.99,0.13,-4.99,0.23,-0.08,-0.22,381,352,382,416,347
8.66,0.51,-5.23,0.27,-0.00,-0.13,381,352,382,417,348
8.54,0.29,-5.10,0.34,0.02,-0.13,381,352,382,418,348
7.98,-0.08,-5.13,0.26,-0.03,-0.18,381,352,383,418,347
8.46,0.06,-5.23,0.24,-0.09,-0.29,381,352,382,417,347
9.00,-0.35,-4.82,0.20,0.02,-0.09,381,352,382,418,348
8.62,-0.45,-4.87,0.12,0.01,-0.01,382,353,382,418,348
8.45,-0.27,-4.97,0.04,-0.04,-0.04,382,353,383,418,347
8.70,0.42,-5.36,0.04,-0.01,-0.01,381,353,383,418,347
8.34,0.29,-5.48,0.07,0.01,0.02,381,352,383,418,347
8.15,-0.02,-5.17,0.08,0.01,-0.02,381,353,383,418,347
8.18,-0.02,-5.20,0.06,0.00,-0.06,382,353,383,418,347
8.48,0.07,-5.35,0.07,0.01,-0.05,382,353,382,418,348
END
8.63,0.06,-5.42,0.07,-0.01,-0.01,380,350,379,413,348
8.78,0.02,-4.49,0.10,-0.09,-0.18,379,350,379,413,348
8.79,0.14,-4.44,0.09,-0.06,-0.13,379,350,379,413,348
8.79,0.11,-4.41,0.03,-0.02,-0.03,379,350,378,412,348
8.51,0.25,-4.60,0.00,-0.01,-0.05,379,349,379,412,348
8.71,0.42,-4.58,0.01,-0.02,-0.08,379,350,379,413,348
8.93,0.43,-4.89,0.02,0.02,-0.04,379,350,379,413,348
8.82,0.50,-4.83,0.02,0.02,-0.02,379,350,379,413,347
8.71,0.67,-4.95,0.07,0.01,-0.03,380,350,379,413,348
8.95,1.03,-5.09,0.11,-0.05,-0.09,379,350,379,413,348
8.61,0.96,-5.05,0.18,-0.08,-0.14,379,350,379,413,348
8.72,1.02,-5.00,0.23,-0.09,-0.16,380,350,379,413,348
8.82,0.83,-5.06,0.32,-0.09,-0.16,379,350,379,413,348
8.46,0.81,-5.08,0.37,-0.06,-0.12,379,350,379,414,348
8.28,0.50,-5.19,0.40,0.03,-0.03,379,350,379,413,348
8.53,0.14,-5.20,0.45,0.07,-0.01,379,350,379,413,348
8.48,0.14,-5.23,0.44,0.07,0.03,379,349,379,413,347
8.74,-0.47,-4.81,0.51,0.04,-0.02,379,350,379,414,348
8.30,-0.50,-4.70,0.48,-0.04,-0.19,379,350,379,413,348
8.06,-0.29,-4.80,0.51,-0.15,-0.37,379,350,379,414,348
7.96,-0.65,-4.79,0.55,-0.10,-0.41,379,350,379,414,347
9.99,-2.29,-3.67,0.60,0.01,-0.34,379,350,379,414,347
8.89,-2.02,-4.24,0.25,0.01,-0.04,379,349,379,415,347
8.31,-1.24,-4.49,0.10,-0.08,-0.14,379,349,379,414,347
7.98,-0.60,-5.10,0.03,-0.11,-0.21,378,350,379,414,347
8.26,-0.15,-5.47,0.16,-0.09,-0.23,378,349,379,414,347
8.74,-0.67,-5.15,0.21,-0.00,-0.16,378,349,379,414,347
8.47,-0.64,-5.16,0.23,-0.04,-0.20,378,349,379,414,347
8.67,-0.93,-4.97,0.24,-0.06,-0.21,378,349,379,414,347
8.52,-0.62,-5.11,0.17,-0.04,-0.16,379,349,380,414,347
8.35,-0.36,-5.18,0.21,-0.04,-0.18,378,349,380,414,347
8.74,-0.57,-5.00,0.23,0.00,-0.13,378,350,380,415,347
8.45,-0.70,-4.93,0.16,0.02,-0.04,378,349,381,416,347
8.56,-0.63,-4.92,0.19,0.04,-0.02,378,349,381,416,347
8.51,-0.64,-4.97,0.10,-0.01,-0.03,377,348,381,417,348
8.54,-0.46,-5.28,0.09,-0.01,-0.03,377,348,381,417,347
END
8.48,-0.55,-5.09,0.07,0.01,-0.01,387,357,384,417,348
8.33,1.54,-4.95,0.05,-0.01,-0.03,387,357,384,417,349
8.37,1.39,-4.91,0.05,0.01,-0.02,387,357,384,417,349
8.57,1.34,-4.96,0.04,-0.00,-0.05,387,357,384,416,349
8.59,1.49,-4.96,0.03,0.00,-0.02,387,357,384,416,349
8.55,1.50,-4.89,0.05,-0.01,-0.04,387,357,384,416,349
8.79,1.77,-5.08,0.06,-0.01,-0.02,387,357,384,416,349
9.06,2.03,-5.04,0.09,-0.02,0.00,387,357,384,416,349
8.94,2.12,-5.27,0.19,-0.04,0.00,387,357,384,416,349
8.61,1.63,-5.33,0.26,-0.04,0.04,386,356,383,416,349
8.36,1.16,-5.31,0.32,-0.04,0.02,385,355,383,416,349
7.97,0.93,-5.32,0.37,-0.00,-0.01,384,355,383,416,348
8.23,0.56,-5.12,0.44,0.02,-0.06,383,354,382,416,348
8.35,0.36,-4.93,0.48,0.04,-0.12,383,354,382,416,348
8.54,0.04,-4.91,0.46,0.01,-0.17,382,353,382,415,348
7.79,0.24,-4.83,0.34,0.06,-0.03,382,353,382,415,348
8.03,0.09,-4.96,0.34,0.06,-0.08,382,353,382,415,348
9.10,-0.19,-4.79,0.41,0.05,-0.15,382,353,382,415,348
8.46,-0.02,-5.02,0.39,-0.05,-0.26,382,353,382,415,348
8.97,-0.47,-4.82,0.40,-0.05,-0.22,382,353,382,416,348
9.27,-0.78,-4.62,0.37,-0.09,-0.23,382,353,382,416,348
8.99,-1.42,-4.54,0.31,0.08,0.09,381,353,382,416,348
8.69,-1.16,-4.90,0.23,0.01,0.06,380,352,381,415,348
7.99,-1.75,-4.60,0.21,0.12,0.15,379,351,381,415,348
7.56,-0.77,-5.19,0.14,0.06,0.00,379,351,380,414,348
8.94,-0.70,-4.75,0.25,-0.07,-0.24,379,350,380,414,348
8.64,-0.45,-4.98,0.24,-0.07,-0.19,378,350,380,414,348
8.73,-0.87,-4.74,0.28,-0.09,-0.19,379,350,380,414,348
8.56,-0.78,-4.98,0.24,-0.13,-0.19,378,350,380,414,348
8.38,-0.61,-5.09,0.34,-0.18,-0.34,378,350,380,415,348
8.49,-0.64,-5.13,0.37,-0.14,-0.31,378,350,380,415,348
8.31,-0.90,-4.97,0.36,-0.09,-0.30,378,350,380,415,348
8.38,-2.10,-3.86,0.14,-0.07,-0.20,379,351,380,415,348
8.82,-1.23,-4.52,0.18,0.01,-0.28,379,351,380,414,347
9.47,-0.27,-5.21,0.11,0.02,-0.09,376,346,379,414,347
8.59,-0.03,-5.40,0.05,0.05,0.08,373,343,378,414,347
END
7.69,-0.32,-5.37,0.01,0.01,0.04,376,348,376,411,348
8.43,0.83,-5.25,0.24,-0.03,-0.08,376,347,376,411,348
8.41,0.52,-5.16,0.23,0.00,-0.05,376,347,376,411,348
8.20,0.42,-5.14,0.22,-0.01,-0.09,376,347,376,411,348
8.18,0.73,-5.25,0.20,-0.00,-0.07,376,347,376,411,348
8.46,0.60,-5.51,0.21,-0.01,-0.08,376,347,376,411,348
8.56,0.38,-5.28,0.20,0.01,-0.04,376,347,376,411,347
8.11,0.56,-5.36,0.16,0.07,0.08,376,347,376,411,348
8.21,0.46,-5.27,0.19,0.03,-0.03,376,347,377,411,348
8.70,0.50,-5.13,0.22,-0.03,-0.14,376,347,376,411,348
8.23,0.78,-5.40,0.20,-0.05,-0.10,376,347,376,411,347
7.59,0.80,-5.88,0.31,-0.09,-0.27,376,347,376,411,348
8.54,0.29,-5.52,0.37,0.01,-0.19,376,348,376,411,348
8.30,-0.10,-5.44,0.40,0.03,-0.15,376,347,377,412,348
9.34,-0.60,-5.25,0.34,0.02,-0.06,377,348,377,412,348
8.66,-0.71,-5.36,0.32,0.06,0.11,377,348,378,412,348
7.84,-0.22,-5.51,0.35,-0.07,-0.13,378,348,378,412,348
8.56,-0.67,-5.09,0.42,-0.09,-0.20,378,348,378,413,347
8.23,-0.64,-5.30,0.37,-0.05,-0.09,376,348,378,413,348
7.95,-0.67,-5.38,0.37,-0.08,-0.20,377,348,378,413,348
8.01,-0.92,-5.19,0.37,-0.03,-0.24,379,349,378,413,348
7.83,-0.83,-5.36,0.33,0.02,-0.21,379,348,379,414,348
8.18,-0.70,-5.41,0.27,0.02,-0.20,379,349,379,414,348
8.53,-0.75,-5.10,0.36,0.05,-0.17,380,350,381,417,348
8.54,-1.00,-5.02,0.30,0.04,-0.11,380,351,383,419,348
8.72,-1.74,-4.64,0.04,-0.02,-0.02,382,354,383,419,348
8.71,-1.16,-5.11,0.11,0.01,0.02,382,354,383,420,347
8.23,-1.11,-5.35,0.10,0.03,0.06,381,353,382,420,347
7.90,-1.06,-5.39,0.05,0.02,0.01,380,352,381,419,347
7.89,-1.13,-5.18,0.03,-0.01,-0.05,380,352,382,419,347
8.43,-1.29,-5.19,0.03,-0.02,-0.07,380,352,382,419,347
8.48,-1.14,-5.38,0.01,-0.02,-0.07,380,352,382,419,347
8.44,-1.00,-5.23,0.03,-0.01,-0.06,380,352,382,419,347
8.23,-1.04,-5.30,0.03,-0.01,-0.05,380,353,382,419,348
8.39,-0.89,-5.16,0.05,0.00,-0.06,380,353,383,420,347
8.17,-1.06,-5.10,0.03,-0.00,-0.06,381,353,383,420,347
END
8.46,-0.90,-5.24,0.05,-0.00,-0.06,377,349,377,413,351
8.18,0.75,-5.64,0.33,0.06,-0.08,377,349,378,413,351
8.48,0.32,-5.45,0.39,0.01,-0.19,378,349,378,413,351
8.27,0.31,-5.30,0.37,-0.01,-0.19,377,349,378,414,350
8.49,0.15,-5.17,0.32,0.01,-0.10,378,349,378,414,350
8.90,0.37,-5.15,0.31,-0.01,-0.18,377,349,378,414,350
8.64,0.34,-5.24,0.31,0.00,-0.07,377,349,378,415,350
7.92,-0.45,-5.31,0.37,0.00,-0.12,377,350,378,415,350
7.85,-0.39,-5.33,0.30,0.00,-0.14,377,350,378,415,350
8.41,-0.13,-5.12,0.27,0.02,-0.21,377,349,378,415,350
7.90,0.30,-5.51,0.23,0.05,-0.16,377,350,378,416,350
8.46,-0.14,-5.17,0.24,0.01,-0.19,377,349,378,416,350
7.85,-0.42,-5.21,0.16,0.03,-0.18,377,350,379,416,349
9.08,0.38,-5.38,0.10,0.03,-0.17,377,349,379,416,349
9.62,0.67,-5.47,0.14,0.00,-0.09,377,349,378,416,349
8.87,0.36,-4.95,0.18,-0.06,-0.10,377,349,378,416,349
8.40,-0.21,-4.89,0.16,-0.03,-0.05,376,349,378,416,349
8.06,-0.04,-5.46,0.11,-0.03,-0.02,377,350,378,416,349
8.46,0.08,-5.66,0.11,-0.05,-0.06,377,350,379,417,349
8.24,-0.05,-5.61,0.13,-0.07,-0.04,377,350,379,417,349
8.03,-0.22,-5.65,0.15,-0.10,-0.10,377,350,380,417,349
8.14,-0.42,-5.58,0.17,-0.04,-0.07,377,350,380,417,349
8.20,-0.17,-5.54,0.17,0.01,-0.05,377,350,380,418,349
8.17,0.21,-5.76,0.15,0.01,-0.05,377,350,381,419,349
8.28,0.13,-5.69,0.20,-0.01,-0.06,377,351,381,420,348
7.93,0.02,-5.61,0.19,-0.01,-0.06,377,351,382,421,349
7.93,0.09,-5.67,0.21,-0.02,-0.09,378,351,382,422,349
8.28,-0.19,-5.55,0.29,0.03,-0.07,377,350,383,422,349
8.21,-1.44,-4.82,0.14,0.00,0.00,377,350,383,422,349
8.57,-0.98,-4.95,0.05,-0.00,-0.04,377,350,383,422,348
8.03,-0.36,-5.87,-0.01,0.01,0.02,376,349,383,422,348
7.93,-0.39,-6.02,0.02,0.01,-0.02,375,348,382,421,348
8.28,-0.65,-5.49,0.04,-0.01,-0.04,375,349,382,421,348
8.37,-0.69,-5.54,0.04,-0.02,-0.02,376,349,382,421,348
8.08,-0.55,-5.46,0.03,-0.01,0.01,376,349,382,421,348
8.06,-0.55,-5.45,0.04,-0.01,-0.02,376,350,382,421,348
END
8.20,-0.62,-5.41,0.02,0.00,-0.02,394,361,387,422,350
8.35,1.59,-5.70,0.21,-0.02,-0.05,393,361,386,422,350
8.23,1.66,-5.59,0.26,-0.04,-0.10,393,360,386,421,350
7.82,1.46,-5.57,0.34,0.03,-0.05,391,359,385,421,350
8.01,1.27,-5.56,0.35,0.04,-0.09,391,359,385,421,350
8.10,0.54,-5.46,0.39,0.09,-0.05,390,358,385,422,350
7.91,0.84,-5.59,0.35,0.01,-0.13,390,359,385,423,349
8.25,0.55,-5.34,0.35,0.04,-0.15,390,359,386,423,349
8.36,0.23,-5.25,0.31,0.12,-0.02,390,359,386,424,349
8.32,0.14,-5.44,0.29,0.09,-0.05,390,359,386,425,349
8.29,0.14,-5.20,0.30,-0.01,-0.22,390,359,387,426,349
8.42,0.26,-5.43,0.26,-0.02,-0.23,389,359,388,427,349
8.62,0.57,-5.33,0.27,0.04,-0.14,389,358,389,428,349
8.46,0.27,-5.38,0.30,0.03,-0.11,389,357,388,428,349
8.82,0.12,-5.18,0.31,0.03,-0.07,388,357,388,428,349
8.18,-0.25,-5.05,0.34,0.02,-0.11,388,357,389,429,349
8.20,-0.05,-5.23,0.39,0.05,-0.08,388,358,390,430,349
8.36,-0.08,-5.33,0.36,0.04,-0.09,388,358,390,430,349
8.30,-0.14,-5.12,0.35,-0.01,-0.14,388,358,390,430,349
8.63,-0.55,-4.91,0.34,-0.04,-0.15,388,358,390,430,349
8.59,-0.72,-4.93,0.28,-0.06,-0.11,387,358,389,430,349
8.23,-0.73,-5.04,0.31,-0.06,-0.13,387,358,389,431,349
8.60,-1.13,-4.59,0.25,-0.00,-0.04,388,359,390,431,349
8.77,-1.14,-4.79,0.25,0.07,-0.01,389,361,391,432,348
8.83,-1.44,-4.80,0.30,0.09,0.09,389,361,392,433,347
8.51,-1.07,-4.96,0.08,-0.02,0.08,387,359,392,433,347
8.12,-1.11,-5.20,0.01,-0.02,0.06,386,358,391,432,347
7.85,-1.26,-5.00,0.02,-0.02,-0.03,386,358,391,432,347
8.43,-1.23,-5.05,0.03,-0.02,-0.07,386,358,390,431,347
8.41,-1.41,-5.05,0.03,-0.02,-0.07,387,358,390,431,347
8.48,-1.18,-5.07,0.02,-0.01,-0.06,387,359,390,430,347
8.41,-1.28,-5.11,0.02,-0.00,-0.04,387,359,390,430,347
8.41,-1.06,-5.13,0.02,-0.02,-0.05,388,360,390,430,347
8.38,-1.26,-5.05,0.03,-0.01,-0.04,388,360,390,430,347
8.46,-1.25,-5.00,0.03,0.00,-0.03,389,360,389,430,347
8.38,-1.16,-5.10,0.03,0.01,-0.04,388,361,389,429,347
END
8.40,-1.13,-4.95,0.02,0.00,-0.05,377,352,377,418,347
9.00,0.24,-4.77,0.22,0.01,-0.07,377,352,377,418,347
8.54,0.07,-4.80,0.18,0.03,-0.00,377,352,378,418,347
8.66,0.09,-4.74,0.11,-0.03,-0.03,376,352,378,418,347
8.62,0.39,-4.94,0.08,-0.05,-0.07,377,352,378,418,347
8.48,0.74,-5.18,0.10,-0.03,-0.06,377,352,377,418,347
8.39,0.90,-5.42,0.16,-0.03,-0.09,376,352,378,418,347
8.48,0.92,-5.50,0.22,-0.03,-0.12,376,352,378,418,347
8.71,0.94,-5.51,0.32,-0.01,-0.10,376,352,378,418,347
8.64,0.61,-5.15,0.40,-0.02,-0.09,376,352,377,418,347
8.41,0.11,-5.03,0.46,-0.01,-0.10,376,352,378,419,347
8.56,-0.49,-4.72,0.46,-0.01,-0.11,375,352,378,419,347
8.38,-0.39,-4.78,0.37,-0.01,-0.11,375,352,378,420,347
8.23,-0.54,-5.10,0.31,-0.02,-0.12,375,352,378,420,347
8.40,-0.54,-5.02,0.28,-0.03,-0.16,375,352,378,420,346
8.81,-0.58,-5.02,0.27,-0.02,-0.12,375,352,378,420,346
8.62,-0.68,-5.13,0.28,-0.02,-0.11,375,352,378,420,346
8.43,-0.63,-5.25,0.24,-0.03,-0.10,375,352,378,420,347
8.54,-0.75,-4.86,0.26,-0.01,-0.08,375,352,378,421,346
8.09,-0.60,-5.21,0.23,-0.02,-0.11,374,352,378,421,346
8.19,-0.52,-5.19,0.25,-0.03,-0.17,374,352,379,422,346
8.66,-0.50,-5.27,0.28,0.01,-0.12,374,352,379,423,346
8.81,-1.04,-4.92,0.27,0.04,-0.03,374,352,380,424,346
8.91,-1.57,-4.29,0.10,0.07,0.07,375,353,381,423,346
9.02,-1.29,-4.79,0.08,-0.02,0.08,375,352,382,424,346
8.75,-0.98,-5.30,0.10,0.01,0.14,374,351,382,424,345
8.26,-1.48,-5.00,0.09,0.04,0.16,374,351,381,424,346
7.77,-1.81,-4.69,0.07,0.05,0.08,375,352,381,424,345
7.92,-1.68,-4.69,0.05,-0.01,-0.04,375,352,381,423,345
8.68,-1.56,-4.85,0.02,-0.02,-0.08,375,352,381,423,345
8.66,-1.77,-4.80,0.02,-0.01,-0.03,376,353,380,423,345
8.31,-1.78,-4.79,0.02,0.00,-0.02,376,354,381,423,345
8.42,-1.56,-5.00,0.04,0.00,-0.03,376,353,381,423,345
8.41,-1.53,-4.90,0.04,0.00,-0.06,377,354,381,423,345
8.74,-1.67,-4.82,0.04,0.00,-0.04,377,355,381,423,345
8.52,-1.66,-4.62,0.02,0.01,-0.01,377,355,381,423,345
END
8.32,-1.66,-4.72,0.01,0.00,-0.00,383,354,381,416,348
8.60,0.93,-4.95,0.05,-0.00,-0.04,383,354,381,416,347
8.84,1.18,-5.11,0.06,0.00,-0.02,383,354,381,416,347
8.71,0.95,-4.84,0.11,0.01,-0.03,382,354,381,417,347
8.67,0.56,-4.82,0.11,0.01,-0.02,383,354,381,416,347
8.48,0.24,-4.67,0.08,0.03,0.01,382,354,381,416,347
8.84,1.01,-5.03,0.02,-0.02,-0.02,382,354,380,416,347
8.89,1.28,-5.10,0.08,-0.05,-0.03,382,354,381,416,347
8.86,1.34,-5.20,0.20,-0.03,-0.03,382,354,380,416,347
8.56,0.62,-4.90,0.28,0.03,-0.01,381,353,380,416,347
8.51,0.65,-5.12,0.23,0.03,0.04,380,353,380,416,347
8.89,0.65,-5.23,0.29,-0.01,-0.04,380,353,380,416,347
8.61,0.37,-5.43,0.34,-0.01,-0.03,380,353,380,417,347
8.11,0.27,-5.23,0.41,-0.06,-0.13,380,352,380,416,347
7.91,-0.32,-4.96,0.46,-0.06,-0.20,379,353,380,416,346
8.74,-0.63,-4.67,0.44,-0.03,-0.15,379,352,380,417,347
8.74,-0.66,-4.88,0.39,0.00,-0.08,379,352,379,417,347
8.72,-0.80,-4.95,0.38,0.01,-0.02,379,352,380,418,347
7.90,-0.81,-5.16,0.36,-0.05,-0.13,379,352,380,418,346
8.20,-0.79,-5.07,0.38,-0.10,-0.24,379,352,379,418,346
8.71,-1.10,-4.73,0.44,-0.01,-0.18,379,352,379,418,346
8.15,-1.17,-4.72,0.31,-0.02,-0.15,378,352,379,418,346
8.56,-1.07,-4.77,0.29,-0.07,-0.22,378,352,379,418,346
8.49,-1.11,-4.85,0.24,-0.03,-0.16,378,352,379,418,346
8.52,-1.15,-4.92,0.23,-0.01,-0.14,378,352,379,419,346
9.27,-1.46,-4.43,0.24,0.04,-0.03,378,352,379,419,346
8.31,-1.09,-5.09,0.25,0.03,-0.03,378,352,379,420,346
8.08,-0.66,-5.41,0.31,-0.02,-0.10,377,352,379,420,346
8.46,-0.89,-5.11,0.42,-0.06,-0.19,376,351,380,421,346
8.68,-1.77,-4.48,0.31,-0.04,-0.10,375,350,380,423,345
8.59,-1.82,-4.34,0.05,0.01,0.00,376,352,384,423,343
9.01,-1.35,-4.72,0.08,-0.07,0.00,377,353,386,423,342
8.44,-1.67,-4.77,0.05,0.04,0.13,377,353,386,422,341
8.33,-1.59,-4.88,0.08,0.02,0.07,377,353,385,421,342
8.19,-1.73,-4.69,0.09,0.02,0.04,377,353,385,421,341
8.27,-1.81,-4.85,0.04,0.01,-0.00,377,353,385,421,341
END
8.31,-1.86,-4.72,0.02,0.01,-0.02,380,354,379,412,346
8.22,1.54,-5.38,0.27,-0.02,-0.01,380,353,379,412,346
8.15,1.18,-5.45,0.28,-0.01,-0.02,380,354,379,413,347
7.80,0.88,-5.52,0.26,-0.03,-0.06,380,354,379,413,346
8.31,0.78,-5.27,0.26,-0.06,-0.13,380,354,379,413,346
8.31,0.80,-5.41,0.21,-0.01,-0.05,379,353,379,413,346
8.38,1.18,-5.58,0.19,-0.03,-0.04,380,353,379,413,347
8.21,1.10,-5.48,0.26,-0.04,-0.13,379,353,379,413,346
8.04,0.98,-5.56,0.28,0.02,-0.05,379,353,379,413,346
8.00,0.62,-5.44,0.27,-0.01,-0.09,379,353,379,412,346
8.18,0.27,-5.41,0.27,-0.00,-0.09,379,353,379,413,346
8.10,0.24,-5.67,0.25,0.02,-0.05,379,353,379,413,346
7.93,0.19,-5.76,0.23,-0.05,-0.12,379,353,379,413,346
7.77,0.13,-5.64,0.24,-0.01,-0.11,379,353,379,412,346
8.19,-0.06,-5.48,0.24,0.07,-0.05,379,353,379,413,346
8.20,-0.23,-5.43,0.24,0.05,-0.09,378,353,379,413,346
8.46,-0.01,-5.51,0.20,-0.03,-0.15,378,353,379,413,346
8.16,0.01,-5.61,0.19,0.01,-0.04,378,352,379,413,346
8.53,-0.07,-5.23,0.12,0.12,0.09,378,352,379,413,346
7.86,0.02,-5.76,0.16,0.14,0.10,378,352,379,413,346
8.40,-0.44,-5.43,0.32,0.02,-0.07,378,352,379,413,346
8.42,-0.70,-5.25,0.34,-0.07,-0.19,378,352,379,414,345
8.41,-0.75,-5.30,0.29,-0.08,-0.17,378,352,379,414,346
8.04,-0.69,-5.44,0.36,-0.07,-0.19,378,352,379,414,346
8.36,-0.82,-5.36,0.35,-0.09,-0.19,377,352,379,414,345
8.08,-0.69,-5.56,0.33,-0.08,-0.17,377,352,379,415,346
8.34,-0.41,-5.79,0.44,-0.03,-0.16,377,351,380,416,346
9.02,-1.95,-4.35,0.40,0.13,0.09,376,351,380,417,345
7.94,-2.03,-4.67,0.12,0.05,0.09,376,352,379,416,345
8.10,-1.46,-5.16,0.08,-0.01,0.03,376,352,379,416,344
7.91,-1.22,-5.64,0.05,-0.00,-0.01,375,351,379,415,344
8.11,-1.49,-5.30,0.06,-0.00,-0.07,375,351,379,414,344
8.55,-1.41,-5.10,0.03,-0.01,-0.09,376,352,378,414,344
8.62,-1.56,-5.22,0.04,-0.01,-0.04,376,353,378,413,344
8.29,-1.47,-5.26,0.04,-0.01,0.01,376,353,378,413,344
8.10,-1.41,-5.44,0.05,0.01,0.01,376,352,378,414,344
END
7.98,-1.74,-4.87,0.06,0.00,-0.04,373,348,374,409,349
8.37,1.87,-4.85,0.21,0.00,0.00,373,348,374,410,349
8.54,1.63,-4.85,0.21,0.01,0.01,373,348,374,410,349
8.36,1.64,-5.04,0.21,-0.01,-0.01,373,348,374,410,349
8.23,1.75,-5.17,0.23,-0.04,-0.07,373,348,374,410,349
8.71,1.59,-5.06,0.32,0.00,-0.05,373,348,374,410,349
8.54,1.37,-5.19,0.43,0.05,-0.05,374,347,374,410,349
8.50,1.31,-5.23,0.47,0.02,-0.04,372,346,375,410,348
8.78,0.70,-5.08,0.47,-0.03,-0.05,372,346,374,411,348
8.38,0.35,-4.93,0.44,-0.03,-0.07,371,346,374,411,348
8.56,0.11,-4.86,0.43,-0.05,-0.06,371,346,374,411,348
8.05,-0.06,-5.07,0.42,-0.09,-0.15,371,346,374,411,348
9.19,-0.01,-5.33,0.51,-0.22,-0.31,371,346,374,411,347
8.55,-0.11,-5.59,0.59,-0.24,-0.29,371,346,374,411,347
8.29,-0.50,-5.48,0.51,-0.19,-0.16,371,346,374,411,347
7.50,-0.83,-5.25,0.43,-0.03,-0.02,370,346,373,411,347
7.12,-0.78,-5.49,0.30,0.03,0.01,370,346,373,410,347
7.67,-0.57,-5.71,0.30,-0.05,-0.16,370,345,372,409,347
8.58,-0.74,-5.66,0.38,-0.08,-0.20,369,345,371,407,346
8.36,-1.28,-5.50,0.39,0.01,-0.06,368,344,370,405,346
7.57,-1.37,-5.43,0.35,0.04,-0.06,368,344,369,404,345
8.06,-1.42,-5.28,0.27,-0.01,-0.12,367,343,368,404,345
8.07,-1.02,-5.38,0.29,0.02,-0.13,367,343,368,403,345
8.11,-1.29,-5.58,0.37,0.03,-0.12,366,343,367,401,345
7.90,-1.79,-5.63,0.25,-0.00,-0.06,366,343,367,400,344
8.07,-1.75,-5.22,0.08,-0.04,-0.11,367,349,369,399,343
8.74,-1.64,-5.11,0.05,-0.01,-0.03,368,352,370,399,343
8.55,-1.57,-5.42,0.04,-0.03,0.03,369,353,370,397,342
8.13,-1.57,-5.44,0.04,0.01,0.09,370,354,370,396,342
7.40,-1.66,-5.49,0.07,0.03,0.08,371,356,371,399,342
7.81,-1.86,-5.29,0.04,0.03,0.01,372,358,372,403,342
8.14,-1.78,-5.38,0.01,0.02,0.00,373,358,372,403,342
7.97,-2.00,-5.31,0.02,-0.00,-0.01,374,359,373,403,343
8.04,-2.02,-5.30,0.03,-0.01,-0.02,375,360,373,403,341
7.85,-1.95,-5.46,0.00,-0.00,-0.03,376,360,373,403,341
8.19,-1.86,-5.43,0.02,-0.00,-0.03,376,360,373,403,341
END
8.04,-1.98,-5.38,0.01,0.01,-0.02,373,351,370,407,348
7.98,1.26,-5.19,0.14,-0.05,-0.09,373,350,370,407,348
8.33,1.62,-5.17,0.12,-0.05,-0.13,373,351,370,407,348
8.36,1.75,-5.33,0.10,-0.02,-0.06,373,351,370,407,348
8.40,2.00,-5.30,0.12,-0.02,-0.09,373,351,370,407,348
8.42,1.93,-5.37,0.17,-0.02,-0.06,373,351,370,407,348
8.40,2.00,-5.65,0.20,-0.03,-0.04,373,351,370,407,348
8.15,2.19,-5.75,0.28,-0.00,-0.02,373,351,370,407,348
7.90,1.93,-5.92,0.41,0.03,-0.02,373,350,370,408,348
7.58,1.53,-5.66,0.53,0.05,-0.12,373,350,370,408,348
8.11,1.38,-5.38,0.49,-0.02,-0.24,373,350,370,408,348
8.56,1.04,-5.51,0.47,0.02,-0.15,373,350,370,409,347
8.15,0.27,-5.68,0.50,0.02,-0.08,372,350,370,409,347
8.46,-0.34,-5.70,0.57,-0.04,-0.08,372,350,370,410,347
8.05,-0.11,-5.74,0.50,-0.10,-0.18,372,350,370,410,347
7.17,-0.15,-5.90,0.50,-0.06,-0.20,372,350,370,410,347
7.95,-0.56,-5.27,0.50,-0.02,-0.22,372,351,370,410,346
7.57,-0.69,-5.41,0.52,-0.05,-0.36,372,350,370,410,346
8.31,-0.83,-5.00,0.36,-0.00,-0.23,372,350,370,410,346
7.54,-0.73,-5.36,0.21,0.18,0.00,372,350,370,410,346
8.67,-0.36,-5.23,0.17,0.07,-0.17,372,350,370,410,346
8.74,0.03,-5.72,0.17,0.01,-0.18,372,350,370,410,346
8.65,0.09,-5.94,0.25,-0.02,-0.12,372,350,370,410,346
8.67,-0.32,-5.50,0.40,-0.01,-0.13,371,350,370,411,346
7.62,-0.47,-5.55,0.51,-0.04,-0.18,372,350,371,411,345
7.94,-0.92,-5.08,0.62,-0.16,-0.38,371,350,371,412,345
8.73,-1.51,-4.64,0.51,-0.06,-0.16,371,350,371,414,345
8.28,-1.39,-5.30,0.04,0.08,0.01,371,352,371,412,344
8.35,-0.94,-5.61,0.09,-0.02,-0.01,371,354,370,411,344
7.99,-0.98,-5.68,0.03,0.01,0.01,373,357,372,411,343
8.02,-0.99,-5.32,0.03,-0.03,-0.05,376,361,373,411,343
8.13,-1.12,-5.10,0.01,-0.03,-0.06,378,363,373,411,343
8.37,-0.89,-5.41,0.01,-0.02,-0.05,378,363,373,412,344
8.36,-0.99,-5.48,0.01,0.00,-0.02,378,363,373,412,343
8.22,-0.83,-5.51,0.01,-0.00,-0.01,378,363,373,411,343
8.03,-1.00,-5.63,0.03,0.01,0.01,378,363,373,411,343
END
7.84,-0.93,-5.47,0.05,0.01,-0.01,373,352,368,401,348
8.28,2.25,-4.87,0.09,-0.02,-0.02,373,352,367,401,348
8.17,2.17,-4.91,0.11,-0.03,-0.04,373,352,368,402,348
8.03,1.94,-4.87,0.07,-0.02,-0.05,373,352,368,401,348
8.10,2.10,-5.00,0.02,0.01,-0.01,373,352,368,402,348
8.40,2.73,-5.23,0.06,-0.01,-0.08,373,352,367,402,348
8.87,3.37,-5.61,0.15,-0.01,-0.05,373,352,368,402,348
8.43,3.07,-5.61,0.39,0.05,-0.02,373,352,368,403,348
7.73,2.31,-5.51,0.47,0.06,-0.01,373,352,368,404,347
7.54,2.12,-5.43,0.42,-0.02,-0.18,373,352,368,403,347
7.94,2.17,-5.48,0.47,0.02,-0.18,372,352,368,403,347
8.79,1.46,-5.08,0.50,0.03,-0.17,372,352,368,403,347
8.48,1.24,-5.11,0.50,-0.02,-0.19,372,352,368,404,347
7.78,0.85,-5.18,0.49,-0.06,-0.25,372,352,368,403,347
8.71,0.70,-5.02,0.41,-0.05,-0.26,372,352,368,403,347
8.38,0.95,-5.39,0.34,-0.00,-0.16,372,352,368,403,347
8.54,0.74,-5.47,0.38,0.05,-0.08,372,352,368,403,347
8.37,0.42,-5.41,0.39,0.05,-0.03,372,352,367,403,347
8.43,0.55,-5.59,0.34,0.03,-0.01,371,351,367,403,346
8.61,0.64,-5.65,0.32,-0.02,0.06,371,351,367,404,346
8.42,0.11,-5.58,0.39,-0.01,0.08,370,350,367,404,346
7.77,-0.58,-5.56,0.49,0.06,0.12,369,348,367,404,346
7.53,-0.90,-5.43,0.48,0.01,-0.03,368,346,367,403,346
7.81,-1.35,-5.20,0.43,-0.04,-0.10,369,347,366,404,346
8.12,-1.49,-5.00,0.25,-0.05,-0.10,367,346,366,403,346
7.96,-1.36,-5.15,0.16,-0.06,-0.10,367,346,366,404,346
7.90,-1.12,-5.40,0.11,-0.08,-0.16,367,346,366,404,346
8.53,-1.06,-5.43,0.22,0.01,-0.13,367,346,366,404,346
8.30,-0.91,-5.56,0.23,0.06,-0.04,366,345,366,405,346
8.23,-0.94,-5.82,0.21,0.04,-0.03,365,345,366,405,346
8.19,-1.29,-5.36,0.19,0.05,-0.01,364,345,365,404,345
8.84,-1.70,-5.13,0.15,0.05,-0.08,363,345,366,405,345
8.62,-2.01,-4.70,0.14,0.10,0.06,362,343,366,404,344
7.85,-1.51,-5.30,0.06,0.01,0.07,360,342,365,404,343
7.66,-1.44,-5.38,0.04,-0.01,-0.02,360,342,365,403,343
8.03,-1.56,-5.06,0.01,-0.05,-0.10,360,343,366,403,343
END
8.63,-1.41,-4.98,0.04,-0.03,-0.12,363,342,359,392,349
8.54,1.77,-5.26,0.02,-0.06,-0.02,363,342,359,392,349
8.09,2.07,-5.54,0.06,-0.04,-0.02,363,343,359,392,349
8.07,2.07,-5.61,0.14,-0.04,-0.07,363,342,359,392,349
8.27,1.81,-5.28,0.20,-0.01,-0.09,363,342,359,392,349
7.85,1.87,-5.42,0.18,0.01,-0.02,363,342,359,392,349
7.70,2.38,-5.77,0.21,-0.02,-0.14,363,343,359,392,349
8.37,2.24,-5.53,0.34,-0.00,-0.20,364,343,359,392,349
8.33,1.90,-5.64,0.47,0.04,-0.17,363,343,359,393,348
8.43,1.92,-5.92,0.60,0.13,-0.11,368,347,364,397,348
8.58,0.92,-5.47,0.82,0.08,-0.12,368,347,364,399,348
8.91,0.19,-4.92,0.68,0.01,-0.09,364,343,363,395,348
8.06,0.03,-5.24,0.53,-0.04,-0.06,363,342,361,394,347
8.01,-0.19,-5.24,0.52,-0.11,-0.21,362,342,361,393,347
7.69,-0.34,-5.36,0.43,-0.11,-0.17,363,342,361,393,347
8.40,-0.80,-5.13,0.37,-0.12,-0.15,362,342,361,394,347
8.03,-0.83,-5.44,0.31,-0.09,-0.10,362,342,361,394,347
7.46,-0.73,-5.76,0.28,-0.08,-0.17,363,342,361,395,347
7.51,-0.39,-5.97,0.38,-0.10,-0.35,363,342,361,395,346
8.38,-0.14,-5.79,0.44,-0.08,-0.32,362,342,361,397,347
8.20,-0.22,-5.94,0.35,0.09,-0.04,362,342,361,398,347
7.75,-0.47,-5.89,0.31,0.17,0.09,362,342,361,398,346
7.59,-0.88,-5.88,0.30,0.06,-0.01,362,342,361,398,346
7.77,-1.28,-5.69,0.27,-0.04,-0.11,362,342,361,398,347
7.80,-1.36,-5.68,0.30,-0.08,-0.16,362,342,361,398,346
7.49,-1.22,-5.72,0.44,-0.11,-0.30,362,342,361,399,346
8.60,-1.14,-5.66,0.28,-0.03,-0.13,362,342,361,400,345
8.41,-1.28,-5.67,0.26,0.07,-0.02,362,342,361,400,346
8.39,-1.87,-5.04,0.15,0.01,0.03,362,346,362,402,345
8.10,-1.56,-5.47,0.15,0.03,0.07,362,348,363,406,344
7.59,-1.75,-5.54,0.17,0.06,0.07,363,351,364,408,343
7.70,-2.09,-5.25,0.12,0.04,0.03,364,354,364,407,342
7.67,-2.05,-5.16,0.05,-0.04,-0.06,365,354,365,407,343
8.20,-1.59,-5.32,0.05,-0.02,-0.07,366,355,364,407,343
8.31,-1.87,-5.38,0.01,-0.02,-0.03,366,355,365,406,343
8.18,-1.93,-5.45,0.02,-0.00,-0.00,366,355,365,406,343
END
8.18,-1.92,-5.55,0.01,0.01,0.03,365,343,354,389,347
8.58,1.79,-4.93,0.17,-0.08,-0.08,365,343,354,389,347
8.38,1.90,-5.21,0.16,-0.07,-0.01,365,344,355,390,347
8.25,1.76,-5.23,0.17,-0.05,-0.02,366,344,355,391,349
8.43,1.77,-5.33,0.20,-0.02,-0.02,366,344,355,391,347
8.02,1.76,-5.45,0.23,-0.03,-0.02,366,344,356,392,347
7.86,1.87,-5.64,0.36,-0.03,-0.16,366,344,356,393,346
8.20,1.82,-5.51,0.48,0.03,-0.18,366,344,357,395,347
8.37,1.39,-5.28,0.53,0.07,-0.12,366,345,358,396,347
8.43,1.14,-5.21,0.43,0.02,-0.12,366,345,358,397,347
8.48,1.12,-5.41,0.39,-0.08,-0.24,366,345,358,396,346
8.99,0.67,-5.30,0.51,-0.07,-0.23,366,345,358,396,346
8.35,0.38,-5.52,0.44,-0.05,-0.13,366,345,358,396,347
8.34,0.27,-5.50,0.40,-0.06,-0.09,366,345,358,396,347
7.58,0.51,-5.89,0.41,-0.05,-0.12,366,345,358,396,346
7.98,-0.13,-5.56,0.46,-0.02,-0.11,365,345,358,396,346
8.29,-0.62,-5.29,0.52,0.06,-0.02,365,344,357,397,346
7.82,-0.83,-5.44,0.49,0.07,-0.03,365,344,358,397,346
7.59,-0.72,-5.57,0.45,0.00,-0.14,365,344,358,398,346
8.06,-1.05,-5.39,0.37,-0.01,-0.15,364,344,358,398,346
8.82,-1.00,-5.06,0.28,0.02,-0.12,364,344,358,398,346
8.06,-0.94,-5.45,0.23,-0.00,-0.07,364,344,358,398,346
8.21,-1.16,-5.28,0.20,-0.09,-0.15,364,344,358,398,346
8.24,-0.98,-5.41,0.18,-0.13,-0.19,364,344,358,398,345
8.18,-0.88,-5.69,0.17,-0.12,-0.20,363,344,358,399,345
8.38,-0.42,-6.01,0.27,-0.02,-0.13,363,344,360,402,345
7.62,-0.05,-6.40,0.85,0.21,0.00,361,341,362,406,346
8.93,-3.18,-3.78,0.23,0.01,0.00,358,341,361,404,344
8.38,-1.96,-4.32,0.23,0.02,-0.08,359,344,362,403,345
8.44,-2.01,-4.61,0.11,-0.01,0.02,359,344,362,403,344
8.20,-1.67,-5.30,0.06,0.04,0.09,359,342,361,403,344
7.72,-1.84,-5.20,0.04,0.01,0.03,359,341,360,402,344
7.87,-2.05,-4.99,0.03,0.01,-0.04,358,341,360,402,344
8.04,-2.05,-5.06,0.02,-0.01,-0.07,358,341,360,402,343
8.38,-1.86,-5.18,0.02,-0.02,-0.06,358,341,360,402,343
8.14,-1.87,-5.25,0.01,-0.01,-0.05,358,341,361,403,343
END
8.37,-1.84,-5.08,0.03,-0.03,-0.05,364,347,359,397,344
8.56,2.13,-5.30,0.14,0.01,-0.03,364,347,359,397,346
8.37,2.43,-5.40,0.13,0.02,-0.01,364,347,359,397,346
8.28,2.15,-5.28,0.17,0.01,-0.02,363,347,359,397,346
8.20,1.88,-5.35,0.15,-0.01,0.00,364,347,359,397,346
8.06,1.69,-5.23,0.14,-0.02,-0.03,363,347,359,397,346
8.34,1.74,-5.17,0.11,-0.00,0.01,363,347,359,398,346
8.25,2.07,-5.56,0.17,-0.01,-0.04,363,347,359,398,346
8.58,2.22,-5.63,0.25,0.00,-0.03,363,347,359,398,346
8.14,1.83,-5.79,0.34,0.01,-0.06,363,346,359,398,346
8.66,1.78,-5.83,0.33,-0.02,-0.06,362,346,358,398,345
7.85,1.34,-6.07,0.49,0.03,-0.00,361,345,358,397,345
7.86,0.62,-5.71,0.54,-0.03,-0.11,361,345,358,398,345
8.00,0.37,-5.89,0.54,-0.04,-0.11,361,345,358,398,345
8.34,-0.10,-5.26,0.60,-0.02,-0.14,361,345,358,397,346
8.33,-0.60,-5.28,0.49,0.05,-0.00,360,344,357,397,345
8.28,-1.08,-4.91,0.46,0.02,0.03,359,343,356,395,344
7.66,-1.07,-5.28,0.30,-0.06,-0.05,359,343,356,394,344
7.91,-0.80,-5.58,0.26,-0.15,-0.20,359,343,356,394,344
7.85,-0.67,-5.76,0.26,-0.12,-0.19,358,342,356,393,344
8.03,-0.43,-5.91,0.26,-0.12,-0.24,358,342,356,393,344
8.74,-0.55,-5.83,0.31,-0.12,-0.20,357,341,355,393,344
7.79,-0.94,-5.94,0.39,-0.06,-0.09,357,341,354,392,344
7.41,-1.37,-5.76,0.36,-0.08,-0.13,356,340,354,391,344
7.33,-1.37,-5.78,0.30,-0.07,-0.16,356,340,354,391,345
7.73,-1.48,-5.81,0.17,-0.02,-0.12,356,339,353,391,344
7.64,-1.21,-5.88,0.18,0.02,-0.10,355,339,354,393,344
7.85,-0.68,-6.53,0.27,-0.01,-0.15,355,339,356,399,343
7.99,-0.24,-7.11,0.76,-0.05,-0.50,354,336,359,405,343
8.34,-2.61,-4.27,0.19,-0.02,-0.07,354,339,358,406,343
8.42,-2.14,-4.88,0.18,-0.04,-0.08,354,339,357,405,342
7.95,-1.11,-6.32,0.03,-0.02,0.13,352,338,356,403,341
7.61,-1.57,-6.10,0.04,-0.01,0.00,352,338,356,403,341
7.50,-1.44,-5.70,-0.03,-0.01,0.00,353,339,356,403,341
7.72,-1.53,-5.55,0.01,-0.02,-0.07,354,342,358,403,341
8.05,-1.64,-5.81,0.02,-0.03,-0.09,355,343,358,404,341
END
8.36,-1.64,-6.12,0.08,-0.00,-0.06,368,349,355,398,349
8.04,2.86,-5.84,0.18,-0.02,-0.08,368,349,356,399,349
7.86,2.59,-5.65,0.30,-0.01,-0.11,368,349,357,401,349
7.80,2.36,-5.88,0.35,0.01,-0.11,369,349,358,402,348
8.08,2.02,-5.89,0.31,0.02,-0.04,369,349,358,403,348
7.78,2.23,-6.03,0.32,0.02,-0.06,369,350,358,403,348
7.71,2.02,-6.12,0.45,0.00,-0.14,369,349,358,404,348
7.74,1.48,-5.77,0.51,0.02,-0.16,369,350,358,404,348
7.76,1.06,-5.62,0.37,0.04,-0.08,368,349,358,404,348
7.42,1.21,-5.84,0.24,0.01,-0.06,369,350,358,404,347
7.73,1.24,-6.03,0.33,-0.09,-0.26,368,350,358,403,348
7.76,1.24,-6.19,0.32,-0.07,-0.23,368,349,358,403,347
8.03,1.05,-6.20,0.38,-0.00,-0.18,368,349,358,403,347
7.65,0.67,-6.15,0.38,0.08,-0.03,368,349,357,403,347
7.79,0.44,-6.12,0.39,0.07,-0.06,367,348,357,403,347
7.44,0.50,-6.24,0.31,0.00,-0.15,366,348,357,402,347
8.05,0.31,-6.00,0.34,0.01,-0.16,366,348,357,403,347
7.90,0.20,-6.12,0.31,0.03,-0.11,367,348,356,402,346
8.10,0.33,-6.12,0.27,-0.01,-0.16,366,347,356,402,347
7.68,0.24,-6.19,0.33,0.00,-0.17,365,347,356,401,346
7.72,0.21,-6.14,0.39,0.01,-0.22,365,347,357,399,346
7.98,-0.17,-5.67,0.38,-0.00,-0.18,365,346,356,398,346
7.77,-0.39,-5.84,0.33,-0.01,-0.19,364,347,360,402,346
7.48,0.24,-6.25,0.40,0.02,-0.18,366,352,371,415,346
8.10,0.78,-7.06,0.87,0.20,-0.09,365,349,373,421,346
9.12,-2.10,-4.65,0.47,0.16,0.15,369,359,374,421,344
8.13,-1.83,-4.22,0.20,-0.05,-0.11,381,366,376,421,344
8.34,-1.15,-5.00,0.05,0.00,0.02,381,365,375,421,343
8.08,-0.88,-5.96,-0.03,0.03,0.08,378,363,374,420,343
7.47,-1.18,-5.64,-0.01,0.02,0.01,378,363,374,419,343
8.16,-1.21,-5.62,0.03,0.00,-0.05,379,363,374,419,342
8.42,-1.18,-5.64,0.02,0.00,0.02,379,363,374,419,343
8.08,-1.34,-5.44,0.01,-0.01,0.05,379,362,374,419,342
8.03,-1.33,-5.41,0.02,-0.00,0.05,378,361,374,418,342
7.95,-1.27,-5.51,0.02,-0.00,0.04,377,360,373,417,342
7.87,-1.47,-5.41,0.00,-0.01,0.03,376,360,373,417,342
END
8.23,-2.16,-5.20,-0.00,-0.00,-0.01,370,353,360,394,352
8.53,0.85,-5.37,0.31,-0.01,-0.04,370,353,360,394,351
8.47,0.64,-5.28,0.38,-0.06,-0.10,370,353,360,394,351
8.41,0.28,-5.14,0.26,-0.06,-0.02,370,353,360,394,350
7.96,0.32,-5.48,0.20,-0.05,-0.00,370,353,360,394,350
7.80,-0.09,-5.31,0.15,-0.03,-0.02,370,354,361,394,349
8.05,0.30,-5.67,0.03,-0.01,0.03,370,353,361,394,349
8.16,0.70,-5.81,0.10,-0.04,-0.07,370,353,360,394,350
8.26,0.55,-5.75,0.23,-0.05,-0.11,370,353,361,396,349
8.15,0.17,-5.64,0.19,0.03,0.02,370,353,361,396,349
7.57,0.29,-5.74,0.20,0.01,-0.08,370,353,360,395,349
7.93,0.45,-5.70,0.21,-0.04,-0.23,370,353,360,395,349
8.29,0.27,-5.78,0.26,0.00,-0.19,370,353,360,395,349
8.75,-0.06,-5.83,0.31,0.06,-0.10,370,353,360,407,349
8.54,0.15,-6.05,0.41,0.07,-0.05,370,353,361,413,348
8.46,-0.34,-5.74,0.49,-0.02,-0.17,370,354,362,413,348
8.00,-0.61,-5.60,0.55,-0.00,-0.14,370,354,363,414,348
8.41,-1.04,-5.28,0.55,0.02,-0.08,370,354,363,414,348
7.95,-1.08,-5.33,0.55,0.02,-0.10,371,355,364,414,347
8.09,-1.32,-4.95,0.50,-0.08,-0.23,371,355,364,415,347
8.31,-1.21,-4.95,0.41,-0.11,-0.22,371,356,364,414,347
8.13,-1.36,-5.06,0.34,-0.04,-0.12,371,356,365,414,347
8.07,-1.47,-5.28,0.28,-0.03,-0.10,371,356,365,414,347
8.05,-1.34,-5.37,0.32,0.04,-0.12,372,357,368,422,347
8.15,-1.39,-5.32,0.40,0.09,-0.12,373,359,370,424,348
7.90,-1.92,-4.74,0.32,0.13,-0.06,373,358,370,422,349
8.42,-1.72,-4.76,0.18,0.05,-0.15,373,358,370,422,348
8.51,-1.51,-4.80,0.13,-0.08,-0.24,373,358,370,422,348
8.43,-1.35,-4.90,0.08,-0.10,-0.21,375,359,372,422,347
8.40,-1.21,-5.26,0.03,-0.10,-0.20,379,363,376,424,347
8.31,-0.34,-5.90,0.22,-0.08,-0.23,384,367,381,425,347
7.96,-0.28,-5.99,0.54,-0.00,-0.23,385,368,383,422,346
9.06,-3.05,-3.18,0.17,-0.02,-0.21,397,380,387,423,345
9.21,-1.90,-3.91,0.15,-0.02,-0.20,408,387,390,426,345
9.43,-1.21,-4.80,0.08,-0.02,-0.02,405,386,389,425,344
8.63,-1.19,-5.35,0.10,0.03,0.11,399,381,386,424,344
END
7.78,-1.08,-5.42,0.05,0.05,0.08,373,354,359,395,353
8.37,1.64,-5.30,0.11,-0.03,-0.05,373,354,359,395,353
8.11,1.31,-5.46,0.12,-0.01,-0.03,373,354,359,395,353
7.98,1.24,-5.56,0.10,-0.02,-0.05,373,354,359,395,353
8.22,1.11,-5.53,0.08,-0.01,-0.04,373,354,359,395,353
8.20,1.54,-5.42,0.06,-0.01,-0.04,373,354,359,395,353
8.13,2.05,-5.62,0.11,-0.03,-0.11,373,354,360,396,352
8.45,2.46,-5.89,0.35,-0.01,-0.20,374,355,363,400,352
8.41,2.51,-5.71,0.47,0.06,-0.13,375,356,365,402,352
7.85,2.07,-5.82,0.58,0.05,-0.15,376,356,365,402,352
8.03,1.18,-5.64,0.71,0.08,-0.15,376,357,366,404,352
8.29,0.22,-5.23,0.80,0.13,-0.14,377,358,367,405,352
8.23,-0.11,-5.10,0.71,0.14,-0.10,377,358,367,405,351
7.94,-0.17,-5.22,0.65,0.03,-0.26,377,358,367,406,351
7.97,0.10,-5.20,0.59,-0.10,-0.44,376,358,367,406,351
8.90,-0.38,-5.19,0.58,-0.04,-0.31,375,357,367,406,350
8.80,-0.62,-5.22,0.50,0.08,-0.04,374,356,367,407,350
7.47,-0.45,-5.92,0.57,0.05,-0.16,373,356,366,406,350
8.71,-0.73,-5.39,0.88,0.05,-0.28,369,352,364,405,349
8.10,-1.16,-5.03,0.94,0.01,-0.30,367,351,362,404,348
8.69,-1.40,-4.31,0.72,-0.02,-0.22,366,350,363,406,347
8.48,-1.83,-3.86,0.50,-0.06,-0.17,366,350,362,406,347
8.69,-1.71,-4.19,0.23,-0.07,-0.11,366,350,362,406,347
8.29,-1.07,-5.02,0.17,-0.08,-0.12,367,350,364,409,347
7.67,-0.30,-5.79,0.49,-0.05,-0.22,366,349,367,409,347
9.26,-3.14,-3.34,0.05,-0.05,-0.03,363,347,366,408,346
8.64,-1.41,-4.60,0.02,-0.04,-0.10,367,352,369,409,347
8.43,-1.61,-4.78,-0.01,-0.09,-0.04,371,354,370,408,346
8.48,-1.31,-5.12,0.01,0.00,0.00,372,355,371,408,346
8.23,-1.42,-5.12,0.03,0.00,-0.03,372,355,371,407,345
8.20,-1.40,-5.13,0.07,0.00,-0.05,372,355,370,407,345
8.25,-1.40,-5.30,0.05,0.00,-0.06,372,355,370,406,345
8.41,-1.25,-5.13,0.04,-0.03,-0.04,373,357,371,407,345
8.42,-1.21,-5.04,0.02,-0.02,-0.02,375,358,371,407,345
8.23,-1.40,-5.08,0.01,-0.01,-0.01,376,358,372,407,345
8.33,-1.33,-5.19,0.01,-0.01,-0.03,376,359,372,407,344
END
8.08,-1.51,-5.11,0.03,-0.00,-0.04,366,348,355,389,347
8.60,2.14,-5.54,0.10,0.01,-0.05,366,348,355,389,347
8.41,2.39,-5.68,0.16,0.01,-0.04,366,348,355,389,347
8.18,1.87,-5.31,0.22,0.02,-0.03,366,348,355,389,347
7.86,1.76,-5.07,0.13,0.02,-0.02,365,348,355,389,347
7.76,1.89,-5.31,0.06,0.03,-0.01,365,348,355,389,347
7.95,2.45,-5.94,0.13,-0.02,-0.05,365,348,354,389,346
8.59,2.45,-6.05,0.31,-0.02,-0.08,365,347,355,390,347
8.26,2.02,-5.97,0.50,0.02,-0.06,365,348,355,391,347
7.73,1.65,-5.91,0.47,-0.02,-0.07,365,348,355,391,347
8.08,1.41,-5.69,0.45,-0.15,-0.24,365,348,354,391,346
8.18,1.13,-6.04,0.59,-0.11,-0.26,365,348,355,391,346
8.00,0.70,-6.08,0.71,-0.01,-0.18,365,348,355,392,346
7.82,-0.12,-5.74,0.67,0.01,-0.17,365,348,355,393,346
7.41,-0.32,-5.81,0.64,-0.05,-0.27,365,347,355,393,346
7.27,-0.12,-6.20,0.54,-0.12,-0.38,365,347,354,392,346
7.94,-0.16,-5.99,0.52,-0.09,-0.34,365,347,354,391,345
8.46,-0.27,-5.64,0.47,0.04,-0.16,364,347,354,391,345
7.25,-0.08,-6.20,0.34,0.02,-0.12,364,346,354,391,345
8.06,-0.52,-5.72,0.41,-0.01,-0.18,364,347,354,392,345
7.67,-0.93,-5.94,0.41,0.03,-0.11,364,347,354,394,345
8.19,-0.81,-5.97,0.32,-0.04,-0.12,364,346,355,397,344
7.73,-0.70,-6.28,0.38,-0.04,-0.11,364,347,356,400,344
6.85,-0.38,-6.60,0.65,0.02,-0.18,365,348,358,401,343
8.69,-3.02,-4.37,0.29,0.10,0.13,368,356,360,403,342
7.87,-1.78,-5.19,0.14,0.08,-0.01,376,363,363,401,341
7.69,-1.78,-5.37,0.11,-0.06,-0.04,376,362,363,401,342
7.74,-1.44,-6.08,0.06,-0.04,-0.02,374,360,362,400,341
7.37,-1.59,-6.03,0.02,-0.04,-0.07,374,360,362,400,341
7.97,-1.51,-5.69,0.02,-0.04,-0.12,377,361,362,400,341
8.06,-1.54,-5.70,-0.02,-0.02,-0.09,378,362,363,400,341
8.13,-1.50,-5.82,-0.01,0.01,-0.02,378,361,362,400,341
8.00,-1.56,-6.07,0.01,0.03,0.02,376,359,362,399,341
7.75,-1.40,-6.17,0.02,0.03,0.04,375,358,361,399,341
7.40,-1.59,-5.82,0.03,0.02,0.02,375,358,362,399,342
7.70,-1.56,-5.69,0.01,0.01,-0.01,375,357,361,399,341
END
7.87,-1.59,-5.81,0.02,-0.00,-0.00,384,366,369,409,348
8.10,2.46,-5.33,0.07,0.00,-0.04,384,366,369,409,348
8.13,2.48,-5.53,0.08,-0.01,-0.05,384,366,369,409,348
8.17,2.35,-5.47,0.10,0.01,-0.04,383,366,369,409,348
8.15,2.38,-5.36,0.08,-0.01,-0.03,383,365,368,409,349
8.05,2.86,-5.60,0.11,-0.03,-0.04,383,365,368,409,348
8.19,3.17,-5.69,0.20,-0.07,-0.12,382,365,368,409,348
8.13,2.82,-5.79,0.34,-0.01,-0.04,381,364,368,408,348
8.18,2.41,-5.61,0.44,0.06,0.03,378,361,366,407,348
7.85,2.11,-5.89,0.50,0.16,0.10,374,357,363,405,347
8.24,1.77,-5.94,0.70,0.21,0.01,370,352,361,403,347
7.90,1.25,-5.71,0.76,0.22,-0.06,368,350,359,401,347
8.37,0.47,-5.25,0.75,0.20,-0.03,365,346,357,399,347
8.54,-0.28,-4.67,0.68,0.16,-0.01,361,343,355,397,346
8.61,-1.00,-4.25,0.44,0.05,0.06,360,341,353,394,346
8.05,-0.88,-4.49,0.26,-0.13,-0.05,360,341,353,393,345
8.44,-0.98,-4.67,0.31,-0.17,-0.14,360,341,353,393,345
8.10,-0.86,-5.01,0.30,-0.12,-0.21,360,341,353,392,345
8.10,-0.55,-5.38,0.29,-0.05,-0.19,360,341,353,392,345
8.18,-0.60,-5.51,0.32,-0.02,-0.17,360,342,353,393,345
8.81,-0.70,-5.21,0.44,-0.06,-0.22,361,343,353,393,345
8.64,-1.13,-4.89,0.50,-0.06,-0.19,361,343,353,396,345
7.87,-1.49,-4.89,0.31,-0.09,-0.11,360,343,353,397,345
8.18,-1.23,-5.02,0.17,-0.18,-0.15,360,342,353,396,345
7.86,-0.66,-5.59,0.18,-0.20,-0.22,359,341,352,395,344
8.26,-0.55,-5.85,0.21,-0.17,-0.23,359,341,352,395,344
8.15,-0.69,-5.64,0.41,0.02,-0.14,359,341,352,395,344
8.90,-1.45,-5.26,0.43,0.14,0.00,358,340,350,393,344
8.08,-1.75,-4.81,-0.00,0.00,0.10,359,343,352,394,343
8.34,-1.53,-5.10,0.07,-0.02,0.01,359,343,352,393,344
8.24,-1.23,-5.92,0.06,-0.02,0.01,358,342,351,392,343
8.13,-1.41,-5.69,0.07,0.02,0.08,358,341,350,392,343
7.77,-1.51,-5.53,0.08,0.02,0.06,358,340,349,392,343
7.65,-1.71,-5.23,0.05,0.00,0.01,358,340,349,392,343
7.82,-1.63,-5.30,0.04,-0.02,-0.03,359,341,350,392,343
8.20,-1.63,-5.43,0.02,-0.01,-0.04,360,342,350,393,342
END
8.44,-1.56,-5.53,-0.01,0.03,-0.01,365,347,358,401,345
7.85,1.56,-5.33,0.27,-0.03,-0.02,365,347,357,400,345
7.88,1.77,-5.40,0.16,-0.01,0.03,365,347,357,400,345
7.85,1.67,-5.40,0.18,-0.02,-0.01,364,347,357,400,345
7.65,1.39,-5.47,0.17,-0.03,-0.03,364,347,357,400,345
7.57,1.46,-5.67,0.15,-0.03,-0.09,364,347,357,399,345
8.13,1.85,-6.05,0.20,0.01,-0.08,364,347,356,399,344
8.17,1.91,-6.10,0.29,0.04,-0.08,364,346,356,399,345
8.05,2.15,-6.22,0.35,0.01,-0.10,364,347,356,399,344
8.20,1.56,-5.94,0.55,0.03,-0.15,364,346,356,400,344
8.13,0.83,-5.69,0.56,0.05,-0.13,364,346,356,400,344
8.00,0.25,-5.36,0.55,0.00,-0.19,364,346,356,399,344
8.27,0.02,-5.38,0.45,0.01,-0.14,363,346,355,399,344
8.49,-0.25,-4.97,0.42,0.02,-0.12,363,346,355,398,344
8.19,-0.20,-5.36,0.30,0.16,-0.02,363,345,355,398,344
8.23,0.01,-5.74,0.30,0.18,-0.03,363,345,354,397,344
8.32,-0.09,-5.56,0.34,0.09,-0.13,363,345,354,397,344
8.36,-0.39,-5.38,0.37,-0.02,-0.19,363,345,354,396,343
8.63,-0.50,-5.36,0.32,-0.06,-0.11,362,345,354,396,343
8.74,-0.83,-5.17,0.32,-0.11,-0.08,362,345,353,396,343
8.10,-0.89,-5.48,0.32,-0.12,-0.05,362,344,353,396,343
9.22,-0.71,-5.23,0.24,-0.09,-0.01,361,343,351,396,343
8.13,-0.93,-5.60,0.16,0.06,0.19,359,341,346,398,343
6.68,-0.43,-6.52,0.46,0.01,-0.02,359,341,346,400,343
7.90,-3.91,-2.58,0.72,-0.01,-0.13,357,344,347,401,342
8.03,-1.82,-4.21,0.11,0.04,-0.21,362,349,351,402,343
8.70,-1.11,-5.36,-0.01,-0.12,-0.16,363,349,351,402,343
8.26,-1.13,-5.88,-0.04,-0.06,-0.05,365,351,352,402,343
7.85,-1.26,-5.47,-0.01,-0.06,-0.06,368,354,352,403,343
8.20,-1.19,-5.62,0.03,-0.04,-0.08,368,356,353,403,343
7.97,-1.13,-5.86,0.04,-0.00,-0.06,369,356,353,403,342
8.36,-0.89,-5.86,0.04,-0.02,-0.07,369,355,353,403,343
8.16,-1.06,-5.63,0.02,0.01,0.00,370,355,353,403,343
8.18,-1.03,-5.73,0.03,-0.00,0.01,370,356,353,404,343
7.92,-1.06,-5.81,0.04,0.02,0.01,370,357,353,404,343
8.00,-1.18,-5.53,0.05,0.02,-0.00,370,356,353,404,343
END
8.06,-1.33,-5.56,0.06,0.02,0.00,380,363,371,413,351
7.54,2.33,-6.70,0.04,-0.09,-0.14,380,363,371,413,351
7.47,2.61,-6.72,0.06,0.04,-0.08,379,363,370,413,351
7.36,3.07,-6.60,0.07,0.05,-0.03,379,362,370,413,351
7.12,2.47,-6.68,0.23,0.02,-0.08,378,362,370,412,351
6.96,2.63,-6.84,0.19,0.03,-0.02,378,362,370,412,351
7.14,3.60,-7.18,0.16,0.01,-0.00,378,361,370,412,351
6.48,3.29,-7.43,0.41,0.12,0.03,375,358,368,410,351
6.87,2.41,-7.31,0.60,0.14,-0.05,372,355,366,408,350
7.55,1.16,-6.74,0.78,0.19,-0.04,370,353,364,407,349
7.87,0.27,-6.07,0.80,0.13,-0.11,368,351,362,405,348
6.87,0.24,-6.31,0.62,0.04,-0.10,367,350,360,403,348
7.35,-0.67,-5.59,0.69,-0.03,-0.22,365,347,358,400,348
7.69,-0.67,-5.85,0.59,-0.12,-0.27,364,346,357,398,347
7.36,-0.68,-6.20,0.57,-0.11,-0.36,363,345,355,396,348
7.75,-0.97,-6.14,0.54,-0.02,-0.29,362,345,354,395,347
8.50,-1.09,-5.64,0.46,0.04,-0.18,362,344,353,394,347
7.78,-1.27,-5.64,0.37,0.02,-0.15,361,344,353,393,346
7.78,-1.14,-6.02,0.36,-0.03,-0.14,360,342,352,392,347
7.86,-1.16,-5.84,0.43,-0.04,-0.13,358,340,350,390,345
8.08,-2.03,-5.28,0.44,0.07,0.03,360,347,351,388,344
7.81,-2.58,-5.33,0.24,0.00,-0.01,362,349,351,386,343
8.18,-1.97,-5.53,0.11,-0.06,-0.07,361,347,349,384,343
7.59,-1.92,-6.35,-0.01,0.03,0.08,359,344,348,382,343
7.06,-2.13,-6.27,-0.08,0.05,0.09,358,342,347,382,343
7.44,-2.02,-6.12,-0.05,-0.00,0.04,358,342,347,382,342
7.31,-1.91,-5.92,-0.03,0.00,0.00,358,341,348,382,342
7.62,-1.90,-6.17,-0.00,-0.02,-0.04,358,340,347,382,342
7.31,-1.85,-6.14,-0.00,-0.02,0.02,357,340,347,382,342
7.31,-1.67,-6.12,-0.02,-0.02,0.01,358,340,348,383,342
7.66,-1.76,-6.07,-0.00,-0.01,-0.03,358,340,348,383,342
7.66,-1.88,-5.99,-0.01,0.02,0.00,358,340,348,384,342
7.62,-1.97,-6.14,0.02,-0.01,-0.03,358,340,348,384,342
7.87,-1.95,-6.38,0.01,-0.03,-0.04,358,340,348,384,342
8.08,-2.09,-6.29,-0.03,-0.04,-0.04,359,340,348,384,342
7.55,-1.95,-6.40,0.08,-0.05,-0.13,360,345,349,383,342
END
7.87,-2.03,-6.36,0.09,0.01,-0.06,375,354,365,402,350
7.29,3.09,-6.12,0.01,0.10,0.01,375,353,364,401,349
7.44,3.04,-6.02,0.11,0.05,-0.09,375,353,363,401,349
7.76,2.88,-5.94,0.13,0.05,-0.11,375,354,363,400,349
7.72,2.73,-5.86,0.13,0.08,-0.06,375,353,362,400,349
7.64,2.94,-6.08,0.13,0.03,-0.12,375,353,361,399,349
8.38,3.69,-6.22,0.17,0.04,-0.09,374,353,361,399,349
8.14,4.85,-6.82,0.35,0.16,0.09,374,353,361,399,349
6.83,3.38,-6.75,0.86,0.21,0.00,373,352,360,399,348
7.12,1.80,-6.14,0.89,0.07,-0.17,371,351,360,399,348
7.49,1.17,-5.71,0.78,0.02,-0.25,370,351,359,399,347
7.73,1.10,-5.66,0.57,-0.02,-0.23,370,350,359,399,347
8.52,0.76,-5.66,0.48,0.07,-0.01,370,349,358,397,347
7.51,0.06,-5.93,0.49,0.12,0.11,370,348,356,396,346
7.74,-0.47,-5.40,0.53,-0.10,-0.17,370,347,355,395,347
7.65,-0.52,-5.73,0.46,-0.24,-0.37,370,348,356,395,346
7.75,-0.41,-5.95,0.37,-0.22,-0.38,370,348,355,395,346
7.72,-0.16,-6.02,0.37,-0.16,-0.37,370,348,355,395,346
8.15,-0.20,-5.99,0.29,0.02,-0.08,370,348,355,395,346
7.26,0.06,-6.58,0.40,0.09,-0.03,369,348,355,395,346
7.35,0.02,-6.53,0.64,0.09,-0.11,367,347,353,394,345
7.85,-1.99,-5.66,0.73,0.12,-0.05,364,347,348,394,343
7.38,-1.41,-5.50,-0.15,0.06,0.03,370,355,348,393,343
8.26,-1.40,-5.90,0.10,-0.01,0.01,372,358,349,396,343
8.04,-0.94,-6.53,0.04,0.12,0.10,374,361,353,396,344
6.88,-1.74,-5.77,0.09,0.08,0.11,377,365,355,395,349
7.66,-1.75,-5.99,0.04,-0.00,-0.02,379,366,356,395,350
7.80,-1.62,-6.07,0.03,-0.00,-0.03,378,365,355,394,349
7.54,-1.54,-6.17,0.02,-0.01,-0.04,378,365,355,394,349
7.56,-1.55,-5.99,0.03,0.03,-0.03,378,365,355,393,350
7.45,-1.54,-5.97,0.04,0.02,-0.02,378,365,355,392,353
7.70,-1.64,-6.08,0.04,0.00,-0.05,378,364,355,392,354
7.82,-1.48,-6.20,0.01,-0.00,-0.04,378,364,355,391,354
7.70,-1.59,-6.08,0.02,-0.00,-0.03,379,364,355,391,354
7.64,-1.57,-5.95,0.04,0.00,-0.02,379,364,355,391,354
7.64,-1.54,-6.14,0.05,-0.00,-0.05,378,364,355,391,353
END
7.67,-1.53,-5.97,0.04,-0.01,-0.07,370,353,351,391,353
6.85,3.40,-6.00,0.38,0.04,-0.09,370,353,352,391,352
6.86,3.33,-6.14,0.39,0.10,-0.09,370,353,352,391,352
6.75,3.15,-6.03,0.37,0.18,-0.11,370,353,352,391,352
7.04,2.58,-5.89,0.47,0.28,-0.11,370,352,352,392,351
7.65,2.99,-6.01,0.34,0.26,-0.10,369,352,352,392,351
8.39,3.54,-6.24,0.47,0.12,-0.20,369,352,353,393,350
8.51,2.96,-5.97,0.65,0.06,-0.19,369,352,353,394,350
7.30,2.05,-6.04,0.76,0.05,-0.19,369,352,353,395,350
7.35,1.44,-5.92,0.72,-0.03,-0.27,369,351,354,395,349
7.48,0.89,-5.86,0.51,-0.07,-0.31,369,352,354,395,349
7.46,1.41,-6.29,0.44,-0.12,-0.42,369,352,354,396,349
8.23,1.08,-6.04,0.46,-0.04,-0.30,369,352,353,395,349
7.79,1.09,-6.22,0.40,0.10,-0.08,369,352,354,395,349
7.39,1.08,-6.35,0.43,0.11,-0.06,369,352,354,396,349
7.31,0.95,-6.47,0.54,0.07,-0.18,368,351,354,395,348
7.25,0.51,-6.39,0.47,0.00,-0.22,368,350,353,393,348
7.05,0.88,-6.71,0.39,0.02,-0.20,367,350,352,393,347
7.67,1.29,-7.29,0.74,0.23,0.04,366,347,354,394,346
7.31,-1.51,-4.84,-0.12,-0.04,0.13,383,359,358,392,345
8.31,-0.34,-5.30,0.09,-0.08,-0.17,386,362,358,392,345
8.50,0.30,-6.91,-0.01,-0.02,-0.09,383,360,357,392,344
7.79,-0.05,-6.40,-0.02,0.03,0.02,382,360,357,390,344
7.57,0.14,-6.57,0.01,0.00,0.02,381,359,357,390,344
7.50,0.03,-6.45,0.05,0.01,0.02,380,359,357,390,344
7.39,-0.11,-6.35,0.06,0.01,0.01,380,359,357,390,344
7.57,0.01,-6.32,0.05,-0.00,-0.02,380,359,357,390,344
7.56,0.10,-6.30,0.04,0.01,-0.03,380,360,357,390,344
7.57,-0.17,-6.22,0.03,-0.01,-0.04,380,360,357,390,344
7.83,-0.01,-6.38,0.02,-0.01,-0.03,380,360,357,391,344
7.72,-0.09,-6.46,0.01,-0.00,-0.01,380,360,357,391,344
7.62,-0.17,-6.30,0.02,-0.00,-0.00,380,360,357,391,344
7.47,-0.19,-6.24,0.02,0.02,-0.00,380,360,357,391,344
7.55,-0.09,-6.42,0.02,0.00,-0.03,380,360,357,391,344
7.59,-0.29,-6.39,0.00,-0.00,-0.03,380,360,357,391,344
7.71,-0.14,-6.40,0.01,-0.00,-0.02,380,360,357,391,344
END
7.65,0.01,-6.47,0.01,-0.00,-0.03,356,340,338,378,353
7.98,3.53,-5.08,0.04,-0.01,-0.04,356,340,340,379,353
7.95,3.44,-5.23,0.09,-0.01,-0.06,357,341,339,379,353
7.75,3.30,-5.18,0.10,0.01,-0.04,357,341,339,379,353
7.80,3.14,-5.08,0.10,0.01,-0.04,357,341,338,379,353
7.98,3.12,-5.23,0.09,0.01,-0.06,357,342,340,379,353
8.05,3.76,-5.36,0.12,-0.02,-0.09,358,341,340,379,352
8.36,4.62,-5.60,0.22,-0.04,-0.15,358,341,340,379,353
7.42,4.23,-5.69,0.48,-0.03,-0.27,359,342,340,380,352
6.49,3.78,-5.71,0.73,0.02,-0.51,361,342,341,380,352
6.80,3.95,-5.62,1.02,-0.02,-0.91,360,341,340,378,351
7.37,3.40,-5.92,0.97,0.10,-0.70,360,341,340,377,350
8.05,2.43,-5.65,0.85,0.29,-0.24,361,342,340,379,349
8.20,1.88,-5.87,0.79,0.29,-0.10,361,342,342,381,349
7.81,1.60,-5.99,0.69,0.21,-0.13,361,343,342,381,348
7.49,1.41,-5.91,0.60,0.13,-0.16,361,342,342,381,347
7.59,1.39,-6.09,0.51,0.08,-0.20,362,342,342,381,347
8.17,1.61,-6.02,0.55,0.06,-0.19,361,342,342,382,347
7.98,1.28,-6.10,0.66,0.06,-0.18,361,343,342,383,347
7.66,0.67,-6.07,0.67,0.07,-0.15,362,343,343,386,347
7.72,0.19,-5.86,0.56,0.05,-0.13,362,343,343,388,347
7.76,-0.08,-5.63,0.39,0.05,-0.09,362,343,344,389,346
7.59,0.09,-6.25,0.23,-0.03,-0.14,362,343,345,392,346
7.20,0.90,-7.08,0.47,-0.12,-0.28,360,341,347,397,346
8.92,-1.52,-4.49,0.73,-0.00,-0.15,358,341,346,402,346
7.86,-0.39,-5.43,0.00,0.18,-0.03,367,352,351,404,347
8.38,-0.62,-5.52,0.09,-0.02,-0.03,367,353,351,402,346
8.14,-0.19,-6.58,0.09,0.03,0.05,364,351,349,400,346
7.65,-0.49,-6.44,0.07,0.02,0.07,362,349,348,398,346
7.17,-0.50,-6.22,0.02,0.02,0.05,362,349,347,398,346
7.59,-0.53,-6.11,0.02,0.01,-0.02,362,350,348,398,346
7.78,-0.63,-6.03,0.00,-0.00,-0.03,363,350,348,398,346
7.63,-0.55,-6.31,0.01,-0.02,-0.06,363,350,348,398,346
7.87,-0.56,-6.19,0.00,-0.01,-0.06,363,351,348,398,345
7.84,-0.50,-6.27,0.00,0.01,-0.04,364,351,348,398,345
7.78,-0.55,-6.21,0.03,0.03,-0.03,364,352,348,398,345
END
7.80,-0.52,-6.16,0.05,0.02,-0.01,358,338,341,380,356
8.04,3.31,-4.72,0.17,-0.00,-0.22,362,341,343,384,355
8.28,3.60,-4.72,0.26,0.01,-0.22,365,344,346,387,354
8.21,3.24,-4.98,0.31,0.08,-0.13,367,346,347,389,354
7.88,3.47,-5.10,0.30,0.05,-0.07,368,346,348,390,353
8.08,3.20,-5.10,0.38,0.01,-0.25,368,347,348,391,353
7.95,3.50,-5.13,0.39,-0.01,-0.28,368,347,349,391,353
7.91,3.26,-5.25,0.57,0.08,-0.25,370,349,354,398,352
7.91,3.32,-5.12,0.72,0.16,-0.27,373,352,356,402,352
7.29,3.46,-5.29,0.56,0.06,-0.25,374,353,357,402,352
8.14,2.61,-5.41,0.47,0.01,-0.31,373,352,356,399,352
8.31,2.76,-5.57,0.56,0.07,-0.26,373,352,355,400,351
8.42,2.35,-5.94,0.69,0.10,-0.14,373,353,356,401,351
8.09,2.06,-5.89,0.75,0.07,-0.10,374,353,357,402,351
7.87,1.54,-5.82,0.86,0.07,-0.13,374,354,357,404,350
8.26,0.66,-5.18,0.92,0.11,-0.10,374,354,357,404,349
7.52,0.34,-5.48,0.83,0.13,-0.05,374,355,357,401,348
6.86,0.32,-5.90,0.69,0.02,-0.22,374,355,357,400,348
7.44,0.39,-5.70,0.66,-0.03,-0.37,374,355,357,400,347
8.54,0.19,-5.48,0.74,0.09,-0.22,374,356,357,400,346
8.31,-1.76,-4.16,0.01,0.05,0.17,394,375,366,401,345
9.42,-1.08,-4.23,0.08,-0.10,-0.13,399,378,366,403,345
8.65,-0.06,-5.89,0.05,0.04,0.09,390,372,363,398,344
7.70,-0.14,-6.32,0.07,0.03,0.10,383,367,360,395,344
7.17,-0.54,-6.02,0.04,0.06,0.03,381,365,359,394,345
7.56,-0.44,-5.61,0.05,-0.02,-0.12,381,365,359,395,344
8.47,-0.41,-5.74,0.03,-0.02,-0.10,381,365,359,395,344
8.36,-0.32,-5.56,0.02,-0.01,-0.06,382,366,359,395,344
8.24,-0.22,-5.61,-0.00,-0.01,-0.02,382,366,359,396,344
7.80,-0.45,-5.71,0.00,-0.02,-0.06,382,366,359,396,344
8.11,-0.17,-5.98,-0.00,-0.04,-0.11,383,366,360,397,344
8.31,-0.28,-5.79,0.03,0.01,-0.06,383,367,360,397,344
8.34,-0.27,-5.59,0.06,0.05,-0.01,383,366,360,397,344
8.01,-0.15,-5.82,0.06,0.04,0.01,383,366,360,396,344
7.59,-0.23,-5.73,0.06,0.01,-0.03,382,366,360,396,344
7.87,-0.16,-5.64,0.04,-0.02,-0.09,383,365,360,396,344
END
8.49,-0.17,-5.76,0.02,-0.02,-0.08,375,360,357,395,348
7.95,2.56,-5.01,0.26,0.00,-0.00,375,360,357,395,348
8.10,2.56,-4.95,0.18,-0.03,-0.01,375,360,357,395,348
8.18,2.98,-5.44,0.19,-0.04,-0.01,375,360,357,396,348
8.24,3.01,-5.65,0.32,-0.04,-0.05,376,360,358,397,348
7.98,2.57,-5.69,0.43,-0.01,-0.04,376,360,359,398,347
7.65,1.99,-5.54,0.46,0.00,-0.10,377,360,359,400,347
7.85,1.23,-5.46,0.40,-0.00,-0.08,377,361,360,400,347
7.88,1.19,-5.44,0.29,-0.02,-0.08,377,361,360,401,347
8.02,1.56,-5.84,0.25,-0.02,-0.06,377,361,360,401,347
7.59,2.01,-6.28,0.30,-0.03,-0.08,377,361,360,401,347
7.47,1.67,-6.25,0.48,-0.02,-0.19,378,361,360,402,347
7.67,0.80,-5.93,0.59,0.07,-0.17,378,362,361,403,347
7.72,0.36,-5.51,0.52,0.12,-0.14,378,362,361,404,347
8.08,0.07,-4.85,0.31,0.13,-0.14,378,361,362,404,347
8.54,0.29,-5.43,0.15,0.21,0.05,378,361,361,404,346
8.55,0.62,-5.57,0.23,0.06,-0.05,378,361,361,406,346
8.41,0.64,-5.86,0.34,-0.08,-0.19,381,363,364,408,346
8.00,0.71,-5.96,0.41,-0.11,-0.27,385,366,367,410,346
8.00,0.65,-6.22,0.42,-0.11,-0.31,388,369,372,414,346
8.26,0.42,-6.12,0.79,0.03,-0.27,389,369,373,413,346
9.02,-3.01,-3.25,0.38,0.08,-0.11,397,379,374,411,346
8.76,-0.96,-4.41,0.25,0.00,-0.15,403,383,375,413,345
8.66,0.00,-5.69,0.08,-0.01,0.04,395,377,372,409,345
8.31,0.02,-6.35,0.04,0.08,0.18,389,372,370,407,345
7.52,-0.45,-5.70,0.02,0.05,0.08,388,372,369,407,345
7.84,-0.60,-5.41,0.03,0.02,-0.00,389,372,370,408,345
8.15,-0.74,-5.29,0.01,-0.01,-0.04,390,372,370,408,344
8.28,-0.60,-5.61,0.02,-0.03,-0.05,390,372,370,408,345
8.14,-0.67,-5.49,-0.01,-0.01,-0.02,391,374,371,409,345
8.28,-0.56,-5.58,0.02,-0.02,-0.06,392,374,371,409,344
8.09,-0.72,-5.43,0.01,0.00,-0.03,393,374,371,409,344
8.17,-0.51,-5.61,0.02,0.01,-0.04,393,375,371,409,345
8.12,-0.57,-5.59,0.01,0.01,-0.03,393,374,372,409,345
8.10,-0.59,-5.60,0.03,0.00,-0.03,393,375,371,409,345
8.18,-0.57,-5.64,0.03,0.01,-0.03,393,375,371,409,345
END
8.21,-0.50,-5.59,0.03,-0.02,-0.03,364,347,347,384,351
8.10,3.06,-4.80,0.06,-0.01,-0.04,364,347,346,383,351
8.18,3.21,-4.84,0.07,-0.01,-0.03,365,348,347,383,351
8.08,3.32,-5.10,0.11,-0.00,-0.07,366,349,347,382,351
8.18,2.96,-5.12,0.16,0.00,-0.07,367,349,348,382,351
8.09,2.95,-5.05,0.17,0.02,-0.02,369,350,349,383,351
7.85,3.06,-5.10,0.16,0.03,-0.00,369,351,350,384,350
8.12,3.06,-5.09,0.20,0.02,-0.04,371,352,352,387,351
8.25,3.24,-5.40,0.33,0.07,-0.10,384,364,363,401,351
7.92,3.50,-5.38,0.52,0.04,-0.17,392,371,370,409,351
7.98,3.00,-5.40,0.47,-0.01,-0.14,391,371,368,406,351
8.22,2.30,-5.35,0.60,0.06,-0.12,385,366,364,403,350
8.13,1.89,-5.33,0.50,0.11,0.02,382,362,361,401,349
8.03,1.97,-5.13,0.44,0.05,-0.06,380,361,360,400,349
7.91,1.78,-5.69,0.54,0.01,-0.15,380,360,360,401,349
8.10,1.50,-5.65,0.74,0.01,-0.25,382,364,363,405,348
7.93,1.20,-5.65,0.90,0.03,-0.34,395,375,371,414,348
8.15,0.46,-5.56,0.86,0.01,-0.31,395,376,372,417,348
8.55,0.01,-5.23,0.72,0.00,-0.18,394,375,372,418,347
8.19,-0.14,-5.36,0.58,0.04,-0.13,396,377,373,421,347
7.72,-0.47,-5.29,0.48,-0.07,-0.21,396,377,373,421,347
7.92,-0.11,-5.51,0.30,-0.08,-0.18,396,378,374,421,347
7.99,0.34,-6.04,0.25,-0.02,-0.15,395,378,375,423,347
7.57,0.96,-6.53,0.47,0.06,-0.19,396,379,378,426,347
8.51,-0.61,-5.56,0.58,0.07,-0.15,401,385,380,426,346
8.53,-0.41,-4.87,-0.00,-0.09,-0.11,421,396,387,429,346
8.69,-0.93,-4.71,0.12,-0.03,-0.03,424,396,387,428,345
8.48,-0.22,-6.00,0.05,0.03,0.09,416,390,385,426,345
7.78,-0.33,-6.18,0.04,0.04,0.12,411,387,384,426,345
7.37,-0.50,-5.82,0.03,0.02,0.01,411,387,384,425,345
7.98,-0.53,-5.69,0.05,-0.01,-0.06,411,387,383,425,345
8.28,-0.50,-5.68,0.00,-0.03,-0.03,410,387,383,425,345
7.98,-0.50,-5.77,-0.02,-0.02,-0.00,411,387,383,424,344
8.08,-0.37,-5.86,-0.01,-0.01,-0.01,410,387,383,424,344
7.85,-0.49,-5.71,-0.02,-0.01,-0.00,410,387,383,424,344
7.75,-0.54,-5.64,-0.01,0.00,-0.04,410,387,383,424,344
END
7.91,-0.29,-5.91,-0.00,-0.02,-0.07,397,376,374,416,348
7.67,2.52,-5.99,0.07,-0.05,-0.04,397,376,374,416,348
7.31,2.61,-6.07,0.09,-0.04,-0.05,397,376,374,416,348
7.39,3.01,-6.30,0.09,-0.04,-0.07,397,376,374,416,348
7.49,2.96,-6.17,0.15,-0.03,-0.11,397,376,374,416,348
7.33,2.68,-6.26,0.19,-0.00,-0.08,398,376,375,416,348
7.18,2.52,-6.40,0.18,0.02,-0.02,399,377,375,416,348
7.26,2.53,-6.36,0.20,0.04,-0.01,400,378,375,417,348
7.39,3.08,-6.70,0.29,0.05,-0.04,405,383,377,419,348
7.34,2.66,-6.64,0.44,0.01,-0.11,410,385,380,422,348
7.49,2.30,-6.43,0.54,0.01,-0.15,411,386,381,423,349
7.43,1.48,-6.21,0.51,0.08,-0.10,410,386,381,424,348
7.14,1.44,-6.32,0.49,0.12,-0.07,410,385,381,424,348
7.09,1.18,-6.27,0.43,0.07,-0.12,409,385,380,423,348
7.47,0.86,-6.32,0.40,0.06,-0.15,408,384,380,423,348
7.83,0.55,-5.98,0.37,0.06,-0.14,406,383,379,423,348
7.55,0.63,-6.14,0.27,0.10,-0.05,404,382,378,422,348
7.77,0.36,-5.99,0.29,0.06,-0.07,402,380,377,421,347
7.90,0.27,-6.02,0.25,0.03,-0.10,399,378,376,420,347
7.85,0.11,-5.94,0.21,0.06,-0.04,398,376,375,419,347
7.85,0.54,-6.35,0.17,0.02,-0.07,397,376,374,418,347
8.10,0.40,-6.20,0.28,-0.02,-0.13,396,376,374,419,347
8.04,-0.17,-6.04,0.34,0.03,-0.07,396,376,374,419,346
7.72,-0.40,-5.87,0.31,0.04,-0.05,395,375,374,420,346
7.14,-0.34,-6.34,0.43,0.09,-0.07,395,374,374,419,346
7.65,-0.87,-6.09,0.56,0.13,-0.12,393,373,372,415,345
7.85,-1.04,-5.39,0.07,-0.07,-0.15,403,382,375,415,345
8.38,-0.94,-5.17,0.16,-0.09,-0.23,413,388,377,416,345
8.69,-0.29,-5.86,0.05,-0.08,-0.13,417,391,377,417,345
8.22,-0.55,-5.90,0.03,-0.00,-0.00,418,391,377,417,345
7.85,-0.50,-5.98,0.01,-0.00,0.00,418,390,377,416,343
7.75,-0.59,-6.03,0.02,0.02,-0.00,417,390,377,416,344
7.79,-0.48,-6.12,0.00,0.01,-0.01,417,390,377,416,344
7.85,-0.54,-5.99,0.02,0.01,-0.02,417,390,377,417,344
7.67,-0.60,-6.02,0.01,-0.02,-0.04,417,390,377,416,344
7.87,-0.45,-6.09,0.02,-0.03,-0.07,417,390,377,417,344
END
7.89,-0.42,-6.14,0.03,-0.02,-0.06,401,378,377,414,349
7.92,3.81,-5.28,0.13,-0.01,0.04,401,378,376,414,349
8.00,3.42,-5.41,0.11,0.02,0.07,400,377,376,414,349
8.22,3.21,-5.29,0.22,0.05,0.06,400,376,376,414,349
8.14,2.46,-5.21,0.21,0.01,0.01,398,375,375,413,348
8.21,2.30,-5.08,0.10,-0.02,0.07,397,374,375,413,348
7.99,2.09,-5.58,0.09,-0.07,0.01,396,374,374,413,348
7.98,2.28,-6.04,0.18,-0.05,-0.05,397,376,377,415,348
7.96,2.41,-6.09,0.35,0.02,-0.05,401,378,381,419,348
7.52,2.12,-6.27,0.38,0.03,-0.09,403,379,384,421,349
7.34,2.12,-6.12,0.44,0.03,-0.12,405,380,385,423,349
7.79,1.39,-5.71,0.54,0.03,-0.19,405,381,385,423,349
8.04,0.97,-5.54,0.57,0.01,-0.22,406,382,386,424,349
7.55,1.19,-5.90,0.50,0.03,-0.21,410,383,388,428,349
8.33,0.60,-5.46,0.54,0.00,-0.24,412,384,390,431,349
8.13,0.70,-5.71,0.49,0.04,-0.22,410,384,391,431,349
8.14,0.35,-5.36,0.42,0.06,-0.13,408,382,392,432,350
8.06,0.22,-5.30,0.40,0.02,-0.16,407,381,391,432,350
8.39,0.02,-5.25,0.33,0.06,-0.07,407,379,391,433,349
7.95,0.14,-5.62,0.18,-0.00,-0.08,405,378,391,432,349
8.34,-0.02,-5.26,0.16,-0.01,-0.07,403,376,389,430,349
8.31,-0.06,-5.68,0.11,0.02,0.00,402,374,389,429,349
8.38,-0.04,-5.62,0.15,0.00,0.01,402,373,390,430,349
8.28,-0.04,-5.58,0.09,0.07,0.07,403,373,391,432,348
8.46,-0.11,-5.71,0.17,0.06,0.10,403,374,391,432,347
8.39,-0.70,-5.36,0.15,0.09,0.19,404,374,391,432,346
7.72,-1.00,-5.15,0.10,0.05,0.15,404,372,390,431,345
8.10,-0.84,-5.41,0.08,0.01,0.10,404,371,389,431,345
7.84,-1.10,-5.47,0.05,0.01,0.06,404,371,389,431,344
8.10,-1.16,-5.48,0.06,-0.01,-0.03,404,370,389,430,344
8.19,-1.02,-5.42,0.08,-0.03,-0.06,406,370,388,430,344
8.38,-0.93,-5.15,0.04,-0.01,-0.05,407,370,388,430,344
8.16,-1.22,-5.18,0.01,-0.01,-0.01,407,370,389,429,344
8.01,-0.96,-5.59,-0.04,-0.02,0.01,406,370,388,428,344
7.65,-1.26,-5.72,-0.01,-0.01,-0.03,405,369,388,428,344
8.13,-1.06,-5.76,0.03,-0.03,-0.06,405,368,388,428,344
END
8.24,-1.01,-5.41,0.03,-0.01,-0.02,400,371,373,409,349
8.19,3.28,-5.19,0.09,-0.02,0.01,404,375,375,410,349
7.72,3.17,-5.58,0.12,0.01,-0.01,405,375,375,411,349
7.99,3.25,-5.45,0.18,0.02,-0.04,405,376,375,411,349
8.26,2.89,-5.33,0.20,0.06,0.06,405,375,375,411,349
8.03,2.84,-5.10,0.25,0.10,0.06,405,375,376,412,349
7.79,2.51,-5.25,0.23,0.03,0.02,405,376,376,412,349
7.85,2.62,-5.15,0.28,-0.01,-0.06,404,375,376,412,348
8.03,2.65,-5.41,0.27,-0.01,-0.09,405,376,376,412,348
8.04,2.36,-5.30,0.39,0.04,-0.08,404,374,375,411,348
8.11,1.70,-5.20,0.42,0.08,-0.12,398,370,374,410,348
7.90,1.70,-5.35,0.34,0.06,-0.11,394,367,373,410,348
8.27,1.71,-5.25,0.29,0.01,-0.16,392,364,373,411,348
8.59,1.62,-5.28,0.27,0.02,-0.13,391,363,374,412,347
8.39,1.35,-5.25,0.28,0.02,-0.08,391,361,376,413,347
8.74,1.11,-5.15,0.23,0.00,-0.03,391,358,377,414,348
8.36,1.08,-5.36,0.22,0.01,0.03,390,356,377,415,348
8.04,0.70,-5.15,0.23,0.00,0.00,390,355,377,415,348
8.10,1.04,-5.60,0.17,-0.01,-0.10,389,355,378,414,348
8.05,1.04,-5.74,0.21,-0.01,-0.14,388,355,378,414,347
7.93,0.98,-5.87,0.15,-0.03,-0.11,388,354,378,414,347
7.98,1.06,-5.79,0.18,-0.02,-0.07,387,354,378,414,347
7.95,1.13,-5.92,0.26,-0.00,-0.07,388,355,377,414,346
8.33,0.65,-5.64,0.34,0.04,-0.04,388,356,377,415,346
8.58,0.78,-5.71,0.34,0.09,-0.00,388,356,377,416,346
8.51,0.45,-5.56,0.58,0.15,-0.03,387,355,378,416,345
8.48,-0.24,-5.14,0.34,0.13,0.07,389,359,378,417,345
8.64,-0.85,-4.40,0.16,0.11,0.10,396,364,379,416,344
8.20,-0.80,-4.57,0.09,0.03,0.09,396,363,380,416,343
8.14,-0.50,-5.26,0.07,0.01,0.05,394,361,379,416,343
8.37,-0.39,-5.50,0.05,-0.00,0.02,392,359,379,416,343
8.38,-0.65,-5.26,0.04,-0.01,-0.01,392,359,379,416,343
8.39,-0.80,-5.02,0.01,-0.01,-0.04,393,359,379,416,343
8.53,-0.88,-4.98,-0.01,0.01,-0.03,393,358,380,416,343
8.39,-0.73,-5.30,-0.01,0.01,-0.02,392,357,379,415,342
8.20,-0.81,-5.34,0.02,0.00,-0.01,391,356,379,415,342
END
8.31,-0.75,-5.38,0.06,-0.02,-0.03,395,351,384,423,349
8.06,1.67,-5.13,-0.03,-0.06,0.03,395,351,384,422,348
8.12,1.82,-5.42,0.01,-0.05,0.03,395,351,384,422,348
7.91,1.94,-5.56,-0.02,-0.06,-0.05,395,352,384,422,348
8.32,2.02,-5.58,0.05,-0.02,-0.04,395,352,384,423,348
8.28,1.95,-5.81,0.13,0.02,0.01,395,352,384,423,348
8.61,1.68,-5.48,0.16,-0.01,0.02,395,352,383,423,348
8.15,1.43,-5.74,0.18,-0.02,0.06,395,352,383,423,347
7.93,1.69,-6.02,0.18,-0.10,-0.04,395,352,383,423,347
7.67,1.61,-5.83,0.27,-0.08,-0.12,395,352,383,422,347
7.70,0.92,-5.50,0.26,-0.03,-0.10,395,352,383,422,347
8.14,0.55,-5.24,0.20,0.01,-0.10,395,352,382,422,347
8.07,0.70,-5.38,0.18,-0.01,-0.13,394,352,382,422,347
7.86,1.18,-5.77,0.07,-0.04,-0.13,394,353,382,421,347
8.09,1.37,-5.99,0.15,-0.02,-0.19,393,352,381,421,347
8.42,1.11,-5.48,-0.00,0.06,-0.03,392,351,381,420,347
8.29,1.49,-6.09,-0.17,0.20,0.29,392,351,381,420,346
8.00,1.53,-6.09,0.06,-0.10,-0.10,391,350,381,420,346
8.41,1.40,-5.85,0.18,-0.21,-0.23,391,350,380,419,346
7.81,1.13,-6.13,0.26,-0.07,-0.08,391,349,381,419,346
7.96,0.39,-5.69,0.34,-0.07,-0.13,390,349,380,419,346
7.44,0.25,-5.83,0.27,-0.05,-0.10,390,348,379,418,346
7.32,0.29,-5.67,0.23,-0.05,-0.14,389,348,379,418,346
7.78,0.91,-5.94,0.16,0.01,-0.11,389,348,379,418,346
8.21,0.95,-5.77,0.13,0.04,-0.08,389,348,379,418,346
7.88,1.39,-6.38,0.25,0.07,-0.09,389,348,379,418,345
7.80,1.00,-6.14,0.38,0.06,-0.15,388,347,379,418,345
8.07,-0.34,-5.36,0.23,0.08,-0.07,388,347,379,417,344
8.32,0.04,-5.56,0.19,-0.01,-0.13,389,348,379,417,342
8.89,0.13,-5.72,0.20,0.03,-0.03,388,348,380,416,341
8.38,0.16,-5.80,0.19,0.10,0.09,387,346,380,416,340
7.67,0.03,-6.02,0.12,0.03,0.09,385,345,380,416,340
7.48,0.04,-6.00,0.08,-0.03,0.00,385,343,379,416,340
8.03,-0.26,-5.60,0.07,-0.02,-0.06,385,344,379,416,340
8.29,-0.32,-5.46,0.05,-0.02,-0.07,385,343,379,415,340
8.48,0.13,-5.94,0.02,-0.00,-0.05,385,343,379,416,340
END
7.75,-0.40,-5.61,0.01,0.01,-0.02,397,355,382,414,341
7.40,3.10,-5.52,0.14,-0.06,0.00,396,355,382,414,341
7.47,2.79,-5.56,0.15,-0.01,0.03,396,355,382,414,341
7.71,2.28,-5.56,0.10,0.00,0.00,395,355,381,415,342
8.03,2.31,-5.91,0.05,-0.01,0.03,395,355,381,415,342
7.94,2.61,-6.03,0.06,-0.05,-0.00,395,355,381,415,340
7.84,2.67,-6.00,0.07,-0.05,0.01,395,355,381,415,342
7.84,2.87,-5.91,0.16,-0.03,0.00,395,355,382,415,342
7.53,2.77,-6.10,0.28,0.06,0.06,395,355,381,415,342
7.34,1.87,-5.66,0.31,0.08,0.04,395,355,381,415,342
6.96,1.73,-5.91,0.28,-0.01,-0.14,395,355,381,415,342
7.42,1.69,-5.92,0.31,-0.04,-0.25,394,355,381,414,342
7.70,1.62,-5.91,0.34,-0.03,-0.34,393,355,380,414,342
9.03,2.09,-5.85,0.28,-0.02,-0.29,392,354,380,413,342
8.30,1.65,-6.07,0.27,0.11,0.00,390,352,379,412,342
8.05,1.45,-6.40,0.29,-0.04,-0.11,387,350,377,411,342
8.42,1.08,-6.05,0.28,0.00,0.02,385,348,376,410,343
7.17,0.90,-6.02,0.26,0.03,0.04,384,348,376,410,342
7.31,0.93,-6.13,0.26,-0.03,-0.07,384,348,376,410,342
7.70,0.67,-5.99,0.25,-0.04,-0.11,384,348,376,410,342
7.88,0.60,-5.95,0.22,0.04,-0.00,385,349,376,410,342
7.74,0.51,-6.17,0.11,0.05,0.05,385,349,376,411,342
7.35,0.65,-6.30,0.14,0.01,-0.04,385,348,376,411,342
7.75,0.65,-6.33,0.15,-0.07,-0.11,384,348,376,411,342
7.87,0.57,-6.35,0.21,-0.01,-0.08,384,348,377,411,342
7.73,0.71,-6.65,0.25,0.08,0.01,384,348,377,412,342
7.26,0.84,-6.98,0.49,0.23,0.08,382,348,377,413,342
7.34,-1.34,-5.30,0.62,0.18,-0.02,381,348,378,414,342
7.58,-1.11,-5.38,0.16,0.04,-0.09,382,350,381,416,341
8.44,-0.55,-5.71,0.12,-0.09,-0.14,382,349,381,417,340
8.24,-0.41,-5.97,0.02,-0.03,-0.04,382,349,381,416,340
8.32,-0.71,-5.63,0.05,0.00,-0.06,382,348,380,416,341
7.91,-0.43,-6.16,0.03,0.02,0.01,381,347,380,416,341
7.72,-0.51,-6.06,0.00,-0.00,0.01,381,347,380,416,342
7.85,-0.56,-6.02,0.03,-0.03,-0.01,381,347,380,416,342
8.03,-0.54,-5.97,0.02,-0.01,-0.02,382,347,380,416,342
END
8.06,-0.71,-5.81,0.06,-0.01,-0.03,392,354,385,421,342
8.45,1.97,-4.95,0.10,0.01,-0.00,391,354,384,421,342
8.39,1.95,-4.99,0.09,-0.01,-0.02,391,356,385,421,343
8.38,1.93,-4.90,0.04,-0.04,-0.03,391,355,385,420,342
8.35,2.04,-4.96,0.03,-0.02,-0.01,391,355,385,420,342
8.51,2.53,-4.96,0.04,-0.05,-0.02,391,356,385,420,342
8.52,2.51,-5.13,0.09,-0.06,-0.04,391,355,385,420,342
8.24,2.56,-5.16,0.11,-0.02,-0.00,391,355,385,420,342
8.29,2.73,-5.33,0.15,-0.03,-0.00,391,355,385,420,342
8.18,2.66,-5.50,0.22,-0.03,-0.04,391,355,384,420,342
8.27,2.06,-5.14,0.23,-0.04,-0.11,390,354,384,419,343
8.21,2.08,-5.64,0.20,0.02,-0.10,389,353,382,417,342
8.31,1.53,-4.92,0.41,0.09,-0.05,388,352,382,416,342
8.46,1.06,-5.03,0.39,-0.00,-0.12,387,351,381,416,343
8.84,0.75,-5.08,0.33,-0.06,-0.11,387,352,381,416,342
8.23,0.85,-5.36,0.31,-0.09,-0.14,387,352,381,416,342
8.08,0.99,-5.39,0.25,-0.07,-0.08,388,352,381,416,342
8.15,1.05,-5.46,0.23,-0.07,-0.10,387,352,381,416,343
7.85,0.96,-5.70,0.23,-0.06,-0.12,387,352,381,416,343
8.10,0.78,-5.64,0.19,-0.02,-0.08,386,352,381,416,343
7.96,0.65,-5.64,0.17,-0.03,-0.09,386,351,381,415,343
7.85,0.39,-5.45,0.16,-0.04,-0.13,386,351,381,415,342
8.07,0.37,-5.47,0.10,-0.02,-0.10,386,351,381,415,342
7.98,0.73,-5.96,0.06,-0.02,-0.09,386,351,381,415,342
8.22,1.06,-6.07,0.08,0.00,-0.07,386,351,381,415,342
8.13,1.05,-6.02,0.14,0.04,-0.03,386,351,380,415,342
7.95,0.63,-5.86,0.18,0.05,-0.01,386,351,380,415,342
7.73,0.53,-5.74,0.33,0.04,-0.08,386,351,381,416,342
8.06,0.79,-5.99,0.25,-0.02,-0.11,386,351,381,416,342
8.30,0.86,-6.21,0.37,0.05,-0.05,385,350,381,417,342
7.98,0.32,-6.09,0.41,0.13,0.02,385,349,380,418,342
7.89,-0.57,-5.42,0.29,0.08,0.01,385,349,381,418,342
8.23,-1.05,-4.67,0.25,0.03,-0.05,387,351,381,418,342
8.76,-0.51,-5.30,0.11,0.02,-0.01,386,350,381,418,341
8.27,-0.27,-5.77,0.07,0.02,0.07,384,349,380,417,341
7.99,-0.50,-5.63,0.07,0.01,0.05,384,348,380,417,341
END
7.90,-0.57,-5.64,0.05,0.01,0.01,385,353,379,415,343
7.74,2.55,-4.49,0.11,-0.10,-0.19,385,353,379,415,343
7.97,2.79,-4.47,0.06,0.04,-0.07,385,353,379,415,343
8.12,2.38,-4.29,0.05,0.04,-0.08,385,353,379,415,343
8.59,2.43,-4.48,0.03,0.00,-0.11,385,353,379,415,343
8.71,2.87,-4.70,-0.02,-0.03,-0.10,385,353,379,415,343
8.80,3.04,-5.02,0.04,0.00,-0.04,385,353,379,415,343
8.60,3.26,-4.93,0.04,-0.00,-0.01,384,352,378,414,343
8.39,3.05,-4.91,0.14,0.01,0.01,384,351,378,414,343
8.38,2.76,-4.92,0.14,-0.02,0.00,383,351,378,414,343
8.56,3.08,-4.96,0.20,-0.01,0.03,383,351,378,413,343
8.23,2.66,-5.00,0.27,0.01,0.04,383,351,377,413,343
8.64,3.15,-5.40,0.30,-0.03,-0.01,383,350,377,412,343
8.70,2.68,-5.48,0.47,-0.01,0.04,382,350,377,412,343
8.21,2.15,-5.38,0.51,-0.12,-0.09,382,349,377,412,343
8.43,1.29,-5.31,0.42,-0.22,-0.18,381,348,376,411,344
8.05,1.20,-5.79,0.42,-0.17,-0.09,381,348,376,410,344
8.15,1.22,-5.83,0.49,-0.14,-0.08,380,347,375,409,344
7.84,-0.23,-5.19,0.60,-0.09,-0.07,378,345,373,408,344
8.01,-0.34,-5.46,0.47,-0.13,-0.13,377,343,373,407,344
7.37,-0.45,-5.88,0.44,-0.13,-0.19,376,342,372,407,344
7.56,-0.09,-6.12,0.33,-0.11,-0.17,375,341,372,407,344
7.39,0.37,-6.37,0.42,-0.09,-0.26,373,339,371,406,344
7.08,-0.10,-5.89,0.50,-0.04,-0.29,372,337,370,405,344
7.70,-0.97,-5.86,0.48,0.01,-0.19,370,335,368,404,344
7.64,-1.08,-5.76,0.23,-0.01,-0.14,368,334,368,404,344
7.45,-0.83,-6.06,0.25,0.03,-0.17,368,334,368,403,344
7.94,-1.18,-5.85,-0.14,-0.10,-0.07,369,335,368,404,343
8.66,-0.12,-6.35,0.09,-0.03,-0.01,369,335,369,405,342
7.64,-0.34,-6.59,0.05,0.06,0.14,368,335,369,404,341
7.11,-0.57,-6.50,0.11,0.06,0.10,368,334,369,404,342
6.91,-0.69,-6.37,0.06,0.05,0.01,367,334,369,404,342
7.58,-0.55,-6.28,0.08,0.00,-0.07,367,333,369,403,342
7.55,-0.70,-6.40,0.03,-0.01,-0.07,367,333,369,403,342
7.95,-0.55,-6.37,0.02,-0.02,-0.05,367,333,369,403,342
7.64,-0.62,-6.32,0.01,-0.01,-0.00,367,333,369,403,342
END
7.52,-0.65,-6.35,0.02,0.00,0.01,370,336,366,400,347
7.90,3.88,-5.18,0.15,-0.01,-0.05,370,337,366,400,347
7.88,3.81,-5.47,0.20,0.01,0.00,370,337,366,400,347
7.78,3.39,-5.36,0.22,-0.03,-0.01,369,337,366,400,347
7.92,2.97,-5.25,0.20,-0.03,0.01,369,337,366,400,346
7.83,3.58,-5.51,0.19,-0.06,-0.00,370,337,366,400,347
7.55,4.03,-5.74,0.24,-0.09,-0.01,370,337,366,401,347
7.25,3.80,-6.01,0.37,-0.04,-0.06,370,337,366,401,347
7.60,3.65,-6.22,0.46,0.01,-0.01,370,337,366,401,347
7.59,2.48,-6.14,0.59,0.07,0.01,370,337,366,401,347
8.01,1.47,-5.71,0.60,0.10,-0.03,369,336,366,402,347
8.08,0.87,-5.64,0.57,0.23,0.21,369,335,368,403,347
7.80,0.57,-5.74,0.47,0.13,0.19,368,335,368,403,347
7.29,1.10,-6.20,0.47,-0.09,-0.15,368,335,368,403,347
8.01,0.60,-5.84,0.53,-0.19,-0.28,368,335,368,403,347
8.00,-0.57,-5.37,0.58,-0.06,-0.20,368,334,368,403,347
7.52,-1.76,-4.96,0.50,0.04,-0.02,368,334,368,403,346
6.81,-0.66,-5.96,0.26,-0.11,-0.19,368,334,368,404,346
7.63,0.30,-6.40,0.32,-0.18,-0.43,368,334,366,404,347
7.92,0.35,-6.46,0.53,-0.01,-0.33,368,334,368,404,346
7.75,-0.08,-6.24,0.50,0.11,-0.18,368,334,368,405,346
8.44,-2.07,-4.52,0.54,0.12,-0.11,368,335,369,406,346
7.34,-1.30,-5.53,-0.16,-0.11,-0.12,375,341,372,407,345
8.52,-0.28,-6.10,0.03,-0.04,-0.11,374,340,372,408,344
8.46,-0.01,-6.53,0.07,0.00,0.05,372,338,372,408,344
7.72,-0.36,-6.52,0.04,0.04,0.13,372,338,372,408,344
7.37,-0.61,-6.23,0.05,0.03,0.09,372,337,372,408,343
7.39,-0.77,-6.16,0.08,0.02,0.04,372,337,372,408,343
7.67,-0.78,-6.26,0.06,0.00,0.01,372,337,372,408,343
7.88,-0.79,-6.35,0.07,0.01,0.02,371,337,372,408,343
7.57,-0.85,-6.10,0.06,-0.01,0.02,371,337,372,408,343
7.53,-0.97,-6.05,0.04,-0.02,0.02,372,337,372,408,343
7.54,-0.95,-6.12,0.03,-0.02,-0.00,372,337,372,408,343
7.69,-1.03,-6.23,0.03,-0.02,0.01,372,337,372,408,343
7.47,-1.03,-6.08,0.03,-0.01,0.04,372,337,372,407,343
7.28,-1.38,-6.30,0.04,0.03,0.04,372,337,372,407,343
END