3.14,-5.21,-6.70,-0.60,1.07,-0.16,350,324,340,363,344
2.75,-6.09,-7.35,-0.08,0.25,0.22,349,324,339,362,344
3.12,-5.79,-7.47,-0.12,0.15,0.12,349,324,339,362,344
1.85,-6.25,-7.60,-0.14,0.25,0.31,349,324,339,362,344
3.31,-5.86,-7.52,-0.23,0.27,0.14,349,324,339,362,344
3.47,-5.13,-7.98,-0.22,0.07,0.09,349,324,339,362,343
0.36,-6.19,-7.85,-0.35,0.27,0.21,349,324,340,362,344
-2.46,-6.41,-7.14,-1.02,0.53,0.03,349,324,343,364,347
0.72,-4.15,-7.65,-0.57,1.10,-0.33,349,323,341,364,351
9.22,-0.24,-6.34,-0.61,0.74,-1.39,346,322,337,363,355
15.71,3.94,-8.48,0.04,-0.22,-0.77,344,321,335,362,360
9.01,1.94,-8.59,0.51,-0.26,0.69,344,321,334,362,357
5.16,-0.80,-7.72,0.85,-0.75,0.04,346,322,336,367,356
4.55,-1.74,-7.17,0.99,-0.77,-0.63,346,322,337,370,356
5.82,-5.08,-6.93,1.06,-1.03,-0.74,346,323,337,370,357
2.79,-7.31,-5.88,1.14,-0.89,-0.01,346,322,336,368,359
-1.64,-9.68,-4.10,0.61,-0.80,0.01,347,322,335,367,359
-5.73,-13.04,-5.47,-0.34,-0.18,0.34,348,323,339,367,356
-1.90,-9.67,-5.71,-0.67,0.57,0.12,349,323,341,368,356
2.25,-6.74,-6.97,-0.89,0.91,0.49,348,323,341,368,357
4.56,-4.59,-7.26,-0.78,0.93,0.70,347,324,340,368,357
6.88,-3.48,-8.36,-0.54,0.70,0.90,347,324,339,369,358
5.92,0.07,-8.72,-0.44,0.30,0.29,346,324,339,382,359
7.67,1.91,-9.15,0.13,-0.36,-0.46,346,324,337,382,359
6.03,0.18,-8.78,0.56,-0.72,-0.24,346,323,337,379,358
3.57,-2.94,-7.70,0.94,-0.98,-0.59,346,323,337,373,356
1.85,-5.68,-6.46,1.12,-0.94,-0.73,346,323,335,369,354
-2.00,-9.33,-6.09,0.62,-0.81,-0.52,346,322,335,368,352
-4.26,-12.29,-5.35,0.23,-0.22,-0.03,345,322,335,368,349
-3.98,-11.13,-5.80,-0.56,0.49,0.12,345,321,334,368,348
-0.35,-7.42,-6.21,-0.90,0.85,0.23,345,321,334,368,349
2.00,-4.44,-6.70,-1.17,0.86,0.17,345,321,335,368,352
5.76,-3.04,-8.36,-0.79,0.67,0.14,345,321,336,368,358
8.53,1.44,-9.05,-0.52,0.38,0.49,345,322,335,368,363
6.55,2.99,-10.80,0.09,-0.23,0.05,345,324,335,368,363
4.11,1.44,-9.66,0.69,-0.53,-0.17,346,324,335,368,362
END
4.39,-2.41,-7.63,1.12,-0.78,-0.68,348,325,341,366,352
1.80,-4.81,-8.28,0.08,0.02,-0.10,348,325,341,366,352
2.33,-5.23,-8.71,0.07,-0.02,-0.19,348,325,341,367,353
2.33,-5.49,-8.02,0.03,-0.10,-0.08,348,327,341,366,353
1.88,-5.28,-8.03,0.02,-0.14,-0.21,348,325,341,366,352
1.46,-5.25,-7.41,0.04,-0.07,-0.14,348,325,341,366,353
2.63,-4.69,-8.14,0.24,0.06,-0.26,348,324,340,366,353
3.35,-6.01,-7.97,0.23,-0.04,-0.06,348,324,340,366,353
2.08,-8.06,-7.17,0.23,-0.13,0.36,348,323,339,365,352
-6.04,-10.72,-6.57,-0.18,0.54,0.25,348,322,336,364,351
0.90,-7.87,-6.03,-0.92,0.96,0.16,346,321,333,362,353
2.05,-4.03,-6.45,-1.18,1.11,0.57,345,321,333,362,358
6.60,-2.08,-6.61,-0.87,0.92,0.32,344,321,333,362,363
7.95,0.55,-8.16,-0.69,0.58,0.23,344,321,334,361,367
10.07,2.76,-7.93,-0.14,0.05,-0.40,344,321,334,359,371
8.88,0.73,-8.80,0.30,-0.40,-0.33,342,321,336,359,372
6.83,-1.64,-8.33,0.55,-0.59,-0.43,342,320,336,358,371
5.92,-2.81,-8.34,0.63,-0.95,-0.80,342,320,336,358,371
3.19,-3.50,-7.88,0.85,-1.08,-0.67,342,321,336,359,366
-0.19,-5.36,-7.44,1.24,-1.04,0.12,343,321,338,359,363
-2.85,-8.78,-8.24,0.39,-0.68,-0.60,343,321,339,358,363
-2.88,-10.45,-5.75,0.33,0.22,0.49,342,320,336,357,361
-2.69,-9.26,-6.27,-0.37,0.75,0.48,342,320,336,356,359
1.62,-7.60,-6.55,-0.80,0.91,0.50,342,320,336,356,356
2.76,-3.68,-7.95,-0.96,0.91,0.46,343,323,336,357,356
8.58,0.27,-9.72,-0.32,0.58,-0.33,344,325,337,357,357
9.19,2.68,-10.21,-0.09,-0.12,0.17,344,324,336,357,357
5.60,1.99,-10.04,0.72,-0.62,-0.07,346,324,335,357,355
4.38,-3.14,-6.70,1.15,-1.03,-0.56,346,324,335,357,353
-1.23,-7.90,-6.26,0.86,-0.92,0.17,348,324,336,357,350
-3.63,-10.07,-6.63,0.56,-0.27,-0.53,347,324,335,356,349
-0.67,-11.14,-6.81,-0.02,-0.11,-0.17,346,324,335,356,348
-4.08,-10.03,-5.82,-0.81,0.59,0.66,346,324,334,356,347
-0.07,-5.58,-6.51,-0.97,0.89,0.33,345,324,334,356,347
1.64,-2.76,-7.74,-0.93,1.00,-0.32,345,324,334,356,347
8.84,2.02,-8.73,-0.29,0.34,-0.28,345,324,334,357,352
END
7.21,2.43,-10.39,-0.03,0.08,0.37,350,329,344,367,350
2.72,-4.43,-8.43,0.04,0.03,-0.09,350,329,344,367,350
2.90,-4.21,-8.34,0.06,-0.02,-0.00,350,329,344,367,350
2.29,-4.54,-8.69,0.04,-0.04,-0.04,350,329,344,367,350
1.99,-4.85,-8.40,0.00,-0.02,-0.01,350,329,345,367,350
2.04,-4.75,-8.55,-0.01,0.07,-0.01,350,329,345,367,350
2.06,-5.86,-8.48,-0.03,0.14,0.21,351,329,344,367,350
-1.43,-5.95,-8.13,-0.25,0.41,0.64,351,329,345,367,349
-0.74,-5.00,-8.94,-0.46,0.82,0.57,351,329,350,369,363
1.78,-3.40,-7.35,-0.84,0.94,0.38,349,326,349,369,377
7.28,-3.01,-7.91,-0.33,0.80,-0.13,347,325,346,368,383
8.21,-1.70,-6.93,-0.14,0.63,0.13,347,324,343,368,382
10.34,-1.41,-7.70,0.15,-0.04,-0.25,347,324,342,368,380
8.70,-2.47,-7.80,0.34,-0.47,-0.15,346,324,342,368,375
5.92,-2.89,-8.40,0.34,-0.65,-0.05,347,324,342,368,371
4.82,-2.67,-8.68,0.53,-0.90,-0.32,347,324,342,367,369
2.47,-3.85,-8.54,0.54,-1.13,-0.13,348,324,342,367,368
0.73,-3.65,-8.35,0.57,-1.06,-0.84,348,325,343,367,366
-1.40,-4.39,-7.34,0.74,-0.98,-0.35,349,325,342,367,363
-2.53,-9.29,-6.30,0.63,-0.69,-0.14,348,325,342,367,359
-6.38,-10.65,-6.72,-0.06,0.11,0.56,349,324,343,367,356
-3.77,-8.20,-6.55,-0.65,0.79,0.18,348,325,342,367,356
1.46,-4.72,-6.94,-0.85,1.13,0.42,348,325,342,367,357
2.31,-2.18,-7.78,-0.77,1.03,0.45,348,325,342,367,358
4.58,-0.27,-9.20,-0.46,0.81,0.17,348,325,342,367,362
7.19,1.46,-9.32,-0.17,0.55,-0.20,347,325,342,367,364
10.11,0.29,-9.20,0.49,-0.17,-0.53,347,325,342,367,365
6.35,-2.38,-8.28,0.77,-0.54,-0.15,346,325,341,366,363
3.26,-2.48,-8.64,0.85,-0.81,-0.78,347,325,341,366,361
3.70,-5.07,-7.72,1.01,-1.14,-0.95,348,325,341,368,357
0.01,-8.09,-6.81,0.78,-0.97,-0.42,349,327,344,371,354
-0.73,-8.36,-6.19,0.48,-0.51,-0.51,349,328,345,370,353
-3.95,-9.20,-6.04,0.07,-0.00,0.11,349,327,345,369,352
-2.16,-9.07,-6.43,-0.29,0.64,0.16,349,327,343,367,352
-0.01,-7.34,-6.60,-0.76,0.86,0.45,348,327,342,366,351
1.35,-4.49,-7.57,-0.98,0.93,0.54,348,326,342,366,352
END
3.60,-2.77,-7.62,-0.91,0.88,0.36,350,331,347,368,362
2.67,-4.62,-8.31,0.05,-0.08,-0.14,350,331,347,368,362
2.30,-3.85,-8.76,0.04,-0.10,-0.13,350,331,347,368,363
3.34,-4.31,-8.33,0.21,-0.06,0.00,350,331,347,368,363
2.46,-5.65,-8.01,0.21,-0.06,0.21,350,331,348,367,363
1.90,-6.30,-8.05,0.09,-0.09,0.07,350,330,347,366,362
-0.26,-8.90,-6.58,-0.13,0.14,0.58,350,330,348,366,361
-2.89,-7.34,-7.42,-0.87,0.77,0.52,351,330,349,366,360
2.05,-3.01,-7.79,-0.74,0.75,-0.52,349,330,348,366,363
4.26,-1.23,-8.97,-0.77,0.52,-0.23,350,330,350,367,367
4.32,-0.88,-8.76,-0.27,0.65,0.57,351,330,350,367,369
6.61,-1.25,-8.07,-0.17,0.49,0.07,350,330,349,367,370
9.68,-0.16,-8.18,0.11,0.26,-0.21,349,329,348,367,371
8.15,-1.12,-8.79,0.24,-0.23,0.11,349,329,348,367,370
5.43,-1.52,-9.15,0.37,-0.46,-0.34,349,329,348,367,369
6.28,-2.28,-8.69,0.58,-0.71,-0.56,349,329,347,366,369
2.47,-1.95,-8.50,0.68,-0.84,0.13,349,329,347,366,368
3.39,-4.05,-8.05,0.93,-1.05,-0.70,349,329,347,365,366
1.15,-4.11,-7.13,0.76,-1.10,-0.70,349,328,347,366,365
-1.46,-7.77,-5.99,0.97,-0.70,-0.10,350,328,347,366,361
-2.54,-10.72,-6.65,0.21,-0.41,-0.29,350,328,346,366,358
-3.01,-9.55,-6.78,-0.34,0.12,0.24,350,328,347,366,358
-2.12,-7.81,-6.78,-0.71,0.53,0.38,350,329,347,366,358
0.88,-6.11,-7.15,-0.78,0.85,0.73,350,329,347,366,358
1.79,-3.64,-7.74,-0.82,1.10,0.99,350,329,347,366,358
3.82,-1.18,-8.41,-0.77,0.87,0.25,350,329,347,367,361
5.63,0.49,-9.24,-0.59,0.52,-0.66,349,329,346,367,363
8.22,2.70,-10.56,-0.03,-0.06,-0.26,350,329,347,367,366
5.18,1.67,-10.01,0.64,-0.15,0.25,350,329,346,366,363
4.15,0.89,-9.36,0.85,-0.66,-0.65,350,329,346,367,362
4.47,-2.20,-7.91,1.23,-0.89,-0.82,350,329,346,367,360
1.90,-7.52,-5.99,1.57,-0.79,0.13,349,328,345,368,356
-3.03,-11.99,-5.13,0.62,-0.51,-0.11,349,328,345,369,353
-4.11,-12.04,-5.93,-0.01,-0.12,0.19,349,328,344,370,352
-2.39,-9.07,-6.49,-0.44,0.55,0.18,349,328,344,371,352
0.39,-6.81,-6.74,-0.82,0.96,0.61,349,328,344,371,352
END
1.92,-4.99,-6.92,-0.85,1.12,0.89,352,328,347,370,357
2.13,-4.88,-8.60,0.02,0.05,-0.01,352,328,347,370,357
1.88,-4.70,-8.57,0.02,0.04,-0.03,352,327,346,370,357
1.87,-5.15,-8.95,-0.01,0.02,0.07,352,327,346,370,357
1.27,-5.11,-8.59,-0.04,0.07,0.12,353,327,346,370,357
2.38,-5.13,-8.60,0.05,0.08,0.24,352,328,346,370,357
0.62,-6.56,-8.01,-0.11,0.14,0.73,353,327,346,370,356
-2.83,-5.75,-7.69,-0.43,0.44,0.40,354,328,346,369,357
-0.78,-4.71,-8.38,-0.84,0.73,0.11,353,327,347,370,358
2.15,-2.22,-7.11,-0.76,0.83,-0.38,352,327,347,370,360
8.13,-0.38,-8.43,-0.54,0.72,-0.10,351,327,347,370,363
10.48,1.68,-10.26,-0.08,0.34,0.52,351,327,346,370,365
7.88,0.74,-9.49,0.49,-0.32,0.08,350,327,345,370,363
5.28,-1.97,-8.89,0.63,-0.73,0.13,350,326,345,370,362
4.20,-3.47,-8.69,0.56,-0.91,-0.23,349,326,345,370,361
3.27,-4.95,-8.38,0.62,-1.05,-0.49,350,326,345,370,360
-0.47,-5.48,-7.16,0.55,-0.91,-0.37,350,326,346,370,359
-3.32,-6.61,-6.70,0.50,-0.78,-0.18,350,326,346,369,357
-5.43,-9.38,-6.69,0.03,-0.36,-0.08,351,326,346,369,356
-5.64,-8.33,-6.64,-0.60,0.50,0.17,351,326,346,370,355
-0.50,-6.38,-7.57,-0.65,0.95,0.10,350,325,346,370,355
3.33,-4.06,-8.59,-0.79,1.00,0.16,350,325,345,369,356
7.07,-0.32,-9.27,-0.95,0.24,0.21,348,325,343,370,359
6.22,3.17,-11.44,-0.27,0.01,0.12,348,324,340,371,358
4.76,2.48,-10.63,0.22,-0.47,-0.09,347,324,339,370,357
3.20,-0.32,-8.82,0.77,-0.66,-0.30,347,324,339,371,356
1.48,-2.84,-8.13,0.94,-0.74,-0.63,347,324,339,368,355
1.11,-4.13,-7.75,0.89,-0.82,-0.72,347,324,340,368,354
-4.19,-9.19,-6.28,0.60,-0.70,0.15,349,324,343,368,353
-7.16,-10.07,-7.34,-0.16,0.09,0.01,349,324,344,369,352
-3.51,-7.14,-7.19,-0.52,0.91,0.01,348,324,344,369,352
1.33,-5.44,-7.44,-0.80,1.14,0.26,348,324,343,368,353
2.91,-3.38,-7.80,-1.11,0.94,0.46,347,324,342,368,362
4.57,-0.11,-10.29,-0.54,0.77,0.07,346,323,339,367,368
7.18,4.16,-10.93,-0.02,0.07,-0.06,346,324,339,367,369
6.04,3.14,-10.00,0.58,-0.21,-0.08,346,324,339,367,366
END
4.54,0.55,-9.16,0.93,-1.00,-0.74,347,322,340,366,362
3.04,-2.90,-9.22,0.12,0.00,0.01,347,322,340,366,362
2.39,-3.68,-8.85,0.10,-0.02,0.11,347,322,340,366,362
2.35,-2.86,-9.23,0.04,0.02,-0.11,347,322,340,366,362
3.10,-3.19,-9.33,0.02,-0.00,0.07,347,322,340,366,362
2.81,-2.69,-8.96,0.07,0.01,-0.16,347,322,340,366,362
5.08,-2.41,-9.48,0.14,-0.08,0.02,347,322,340,366,362
5.94,-0.39,-9.50,0.52,-0.38,0.07,347,322,340,366,362
3.67,-2.01,-8.92,0.64,-0.76,-0.03,347,322,340,366,361
-0.85,-5.79,-6.83,0.65,-0.85,-0.15,347,322,341,366,360
-4.57,-9.40,-7.11,0.08,-0.32,-0.21,348,321,342,366,359
-3.44,-7.67,-7.86,-0.46,0.22,-0.44,348,322,342,368,360
0.26,-5.84,-8.37,-0.57,0.51,-0.08,348,322,343,369,360
0.09,-4.84,-7.93,-0.43,0.67,0.64,348,322,342,369,360
-0.40,-3.50,-8.05,-0.61,0.51,-0.55,348,320,342,368,359
5.23,-2.22,-9.63,-0.66,0.16,-0.40,347,322,342,365,357
6.72,1.62,-8.45,-0.23,0.62,0.22,346,321,337,362,354
6.15,2.71,-9.86,0.04,0.24,0.02,345,321,333,359,354
6.23,2.63,-9.71,0.51,-0.21,-0.11,345,320,331,359,353
4.81,1.39,-9.26,1.02,-0.48,-0.50,345,320,332,360,351
4.40,-4.40,-6.99,1.12,-0.64,-0.26,345,320,334,360,351
1.28,-10.49,-6.77,0.83,-0.68,0.25,345,320,334,360,349
-3.83,-11.80,-7.14,-0.02,-0.26,0.40,346,320,335,360,348
-3.78,-8.37,-6.98,-0.36,0.31,0.02,345,320,334,361,348
-0.59,-6.46,-7.13,-0.70,0.64,-0.37,345,320,333,362,348
1.86,-2.48,-7.22,-0.92,0.68,-0.91,345,320,332,363,348
8.63,-1.28,-7.86,-0.49,0.61,0.37,344,319,331,364,350
6.84,2.30,-9.67,-0.46,0.72,0.55,344,320,330,363,350
9.58,3.92,-9.71,0.13,-0.07,-0.17,343,320,329,363,351
7.14,1.87,-9.76,0.65,-0.54,-0.21,344,320,331,363,350
5.00,-2.13,-8.20,0.83,-0.79,-0.48,344,320,332,363,349
4.00,-5.16,-8.19,0.82,-0.83,-0.60,344,321,333,364,348
2.15,-7.53,-7.53,0.51,-0.80,-0.38,344,321,335,364,348
-3.35,-8.00,-6.39,0.36,-0.39,0.66,346,321,336,364,347
-4.72,-8.45,-7.02,-0.24,0.03,0.24,347,322,338,365,347
-2.89,-6.36,-7.24,-0.56,0.62,0.41,346,322,339,365,347
END
-1.44,-3.57,-7.46,-0.79,0.92,-0.19,350,327,341,365,353
2.57,-4.19,-9.15,0.12,-0.03,0.03,350,327,341,364,353
1.22,-5.11,-8.64,0.08,-0.05,0.10,350,327,341,364,353
0.33,-5.99,-8.28,-0.08,0.05,0.09,350,327,341,365,353
1.00,-5.53,-8.62,-0.24,0.33,0.30,350,327,341,364,353
2.38,-4.97,-8.51,-0.38,0.37,0.59,349,327,341,364,353
-0.42,-4.39,-8.81,-0.56,0.46,1.06,350,327,342,365,359
0.87,-3.36,-7.92,-0.48,0.73,0.44,350,327,342,365,361
3.70,-1.41,-7.63,-0.77,0.73,-0.45,349,326,341,365,364
11.95,2.86,-8.44,-0.22,0.12,-0.86,348,326,341,366,366
9.28,2.55,-10.04,0.43,-0.38,0.46,347,326,341,366,365
3.70,-0.42,-8.98,0.99,-0.50,0.29,347,326,342,367,362
3.60,-3.70,-8.76,0.77,-0.89,-0.71,347,326,345,367,361
2.40,-3.32,-7.37,0.73,-0.98,-0.57,349,329,355,367,360
-2.15,-6.85,-6.67,0.72,-0.79,0.01,351,330,357,367,358
-4.24,-9.93,-6.68,0.16,-0.24,-0.09,352,331,357,367,357
-4.21,-8.97,-7.65,-0.45,0.25,0.04,351,330,356,367,356
-0.85,-6.50,-7.57,-0.74,0.57,0.10,350,330,355,367,356
1.59,-3.65,-8.01,-0.74,0.76,0.83,349,330,354,369,357
3.53,-1.00,-9.26,-0.37,0.77,0.85,349,330,354,369,359
6.80,1.19,-9.56,-0.16,0.48,0.02,348,328,351,369,359
8.16,1.74,-10.18,0.22,-0.23,-0.62,348,329,351,369,359
4.77,-0.29,-8.96,0.82,-0.63,-0.50,349,330,352,372,358
2.62,-3.87,-8.18,0.94,-0.88,-0.55,350,330,352,371,357
1.35,-8.81,-8.15,0.81,-0.98,-0.75,350,328,351,368,354
-3.88,-11.13,-6.83,0.11,-0.67,-0.11,351,328,351,368,352
-5.71,-9.16,-6.92,-0.50,0.04,0.02,351,328,351,368,352
-3.76,-6.08,-7.24,-0.65,0.72,0.17,351,327,350,368,352
0.46,-3.38,-7.34,-0.93,1.00,-0.05,349,327,350,368,353
5.56,-1.39,-8.87,-0.82,0.84,-0.10,349,327,350,367,356
7.35,3.01,-10.01,-0.56,0.43,-0.11,349,327,348,367,357
8.04,4.85,-10.25,0.54,0.30,0.05,348,328,346,366,357
5.92,2.36,-9.35,0.91,-0.34,-0.03,348,328,345,366,355
5.05,-2.65,-7.72,1.20,-0.82,-0.31,348,327,345,366,354
2.09,-7.48,-7.20,1.04,-0.96,0.01,349,327,346,366,352
-4.17,-10.51,-5.81,0.42,-0.58,0.37,350,327,347,366,351
END
-5.02,-10.14,-7.59,-0.52,-0.11,-0.19,351,329,349,370,357
2.57,-4.25,-8.43,0.06,-0.07,-0.05,351,328,349,369,357
2.30,-3.82,-8.53,0.05,-0.07,-0.03,351,329,349,370,356
2.81,-3.93,-9.11,0.10,-0.04,-0.07,351,329,349,370,357
3.14,-4.24,-8.60,0.11,-0.07,0.15,350,328,349,370,357
2.46,-4.28,-8.73,0.14,-0.04,0.06,351,328,349,369,356
2.48,-6.94,-8.43,0.13,-0.07,0.38,350,329,348,369,355
-3.32,-8.59,-6.93,-0.41,0.48,0.81,351,328,348,369,354
-1.90,-5.98,-7.49,-1.05,0.64,-0.40,351,328,348,369,354
4.97,-0.45,-8.35,-1.16,0.63,-0.73,349,328,347,369,360
9.55,2.86,-8.98,-0.60,0.55,0.24,348,327,346,368,364
9.42,4.13,-9.88,-0.00,0.04,0.62,348,327,346,368,366
7.06,1.54,-9.35,0.53,-0.53,0.16,348,327,345,368,364
5.50,-1.47,-8.75,0.90,-0.78,0.21,348,327,346,368,362
3.13,-3.14,-7.43,0.84,-1.05,-0.32,348,327,345,367,361
0.08,-5.27,-6.63,0.94,-1.04,-0.22,349,327,345,367,359
-4.92,-9.79,-5.99,0.43,-0.75,0.15,349,327,346,367,356
-7.55,-9.23,-6.55,-0.29,0.37,0.18,350,327,347,367,355
-3.38,-6.55,-7.30,-1.01,0.79,-0.57,350,327,347,368,356
5.08,-3.31,-8.20,-0.92,0.85,-0.29,349,327,346,367,358
6.48,-0.83,-9.21,-0.54,0.82,0.61,349,327,346,367,359
5.95,2.71,-10.39,-0.24,0.23,0.25,348,327,345,367,359
6.06,3.42,-10.27,0.36,-0.25,-0.01,348,327,345,367,358
4.73,1.74,-9.23,0.86,-0.54,-0.37,348,327,345,367,357
4.06,-3.06,-8.08,0.99,-0.87,-0.77,348,327,345,367,357
1.23,-7.51,-7.02,0.78,-0.92,-0.91,349,327,346,367,355
-2.43,-10.15,-6.77,0.43,-0.55,-0.11,350,328,346,367,355
-4.01,-10.41,-7.14,-0.29,-0.11,0.21,351,328,346,368,355
-2.49,-6.81,-7.20,-0.75,0.61,0.23,350,326,346,368,355
0.84,-3.33,-7.82,-0.95,0.68,0.18,349,328,346,368,357
4.35,-0.37,-9.06,-0.65,0.80,0.04,349,328,346,368,360
6.93,1.74,-10.05,-0.29,0.45,0.31,348,328,345,367,362
6.84,3.45,-10.31,0.17,-0.13,0.08,348,327,345,367,362
5.42,2.83,-9.94,0.79,-0.63,-0.24,348,328,345,367,361
3.12,-1.64,-7.91,1.18,-0.88,-0.30,348,328,345,367,360
-1.66,-7.95,-6.25,1.18,-0.83,0.07,349,327,345,367,357
END
-5.43,-11.64,-6.25,0.45,-0.24,0.16,352,330,346,367,353
1.68,-4.39,-8.58,0.08,0.02,0.09,352,329,346,367,354
1.49,-4.83,-8.42,-0.01,-0.00,-0.12,352,330,346,367,353
1.97,-4.82,-8.48,-0.05,0.02,-0.10,352,330,346,367,354
1.44,-5.05,-8.52,-0.07,0.14,0.20,352,330,346,367,354
1.54,-4.34,-8.71,0.01,0.17,0.37,352,330,346,367,355
-0.70,-5.91,-8.15,-0.13,0.33,0.75,352,330,348,367,356
-2.07,-6.37,-7.57,-0.46,0.66,0.31,352,330,349,368,356
2.07,-3.48,-7.98,-0.76,0.73,-0.55,351,329,348,368,359
5.69,-1.56,-8.08,-0.58,1.01,-0.15,350,329,348,368,359
8.42,0.67,-8.07,-0.43,0.62,-0.10,349,328,347,368,359
9.58,2.10,-9.20,-0.01,0.11,-0.07,349,328,346,368,360
8.21,0.65,-9.32,0.47,-0.44,0.13,349,328,346,368,359
5.72,-1.17,-8.60,0.63,-0.68,-0.05,349,328,348,368,358
4.51,-2.39,-8.46,0.65,-0.84,-0.59,350,328,347,368,358
3.57,-3.54,-7.62,0.84,-1.05,-0.17,350,328,347,368,357
-0.93,-7.34,-6.62,0.69,-1.09,0.50,352,329,348,368,356
-6.10,-9.68,-6.76,-0.04,-0.57,0.53,355,331,355,371,356
-4.79,-7.83,-7.80,-0.55,0.34,-0.19,355,332,356,372,356
-0.11,-4.47,-7.49,-0.87,0.93,-0.13,354,331,354,371,355
3.12,-1.92,-8.23,-1.00,0.80,-0.11,352,331,353,370,355
4.48,2.38,-9.26,-0.66,0.69,-0.31,352,331,352,369,356
7.26,3.28,-10.09,-0.04,0.14,0.09,352,331,351,369,356
6.89,2.58,-10.19,0.65,0.08,0.65,352,332,351,369,355
4.94,0.47,-8.88,0.94,-0.40,0.19,354,333,351,370,354
4.01,-2.96,-7.61,1.01,-0.88,-0.37,355,333,351,370,353
0.43,-6.17,-7.24,0.85,-0.98,0.03,355,334,352,369,352
-4.23,-9.37,-6.75,0.37,-0.48,0.04,356,334,354,369,351
-4.93,-9.37,-6.93,-0.31,0.09,-0.02,356,334,354,369,350
-1.75,-5.85,-7.35,-0.76,0.70,-0.08,355,334,353,369,350
1.33,-3.75,-7.57,-0.89,0.85,-0.19,354,333,353,369,352
3.25,-1.77,-9.45,-0.83,0.86,-0.06,354,333,353,369,358
7.42,0.84,-8.66,-0.37,0.80,0.07,352,333,351,368,366
8.56,3.08,-9.76,-0.05,0.01,-0.02,352,332,351,369,371
6.83,2.38,-9.55,0.49,-0.33,-0.06,352,332,351,369,371
5.54,0.21,-8.67,0.92,-0.63,-0.16,352,332,351,369,369
END
3.08,-3.14,-8.08,1.06,-0.84,-0.18,351,328,345,367,357
2.82,-3.26,-9.04,0.03,0.00,-0.11,351,328,345,367,357
3.05,-3.44,-9.00,0.05,-0.02,-0.04,351,327,345,367,357
2.51,-3.77,-8.83,0.03,-0.04,-0.02,351,327,345,367,357
2.53,-3.70,-9.03,0.04,-0.03,-0.04,351,327,344,367,356
2.31,-3.58,-8.87,-0.00,-0.03,-0.02,351,327,344,367,356
3.15,-2.87,-9.43,0.09,0.00,-0.16,351,328,344,368,356
3.89,-0.58,-10.14,0.32,-0.12,0.04,351,328,344,367,356
5.70,-1.20,-8.78,0.79,-0.61,-0.48,350,327,343,367,356
1.64,-4.00,-7.34,0.98,-0.78,-0.43,350,327,343,367,355
1.62,-9.20,-5.86,0.80,-0.73,-0.74,349,327,343,366,354
-1.55,-9.00,-5.72,0.35,-0.23,0.26,349,326,343,367,352
-2.68,-10.42,-6.09,-0.12,0.06,0.05,349,326,343,367,352
-0.43,-9.01,-6.31,-0.53,0.48,0.14,349,326,343,367,350
0.54,-7.10,-6.74,-0.86,0.75,0.44,350,327,343,367,350
1.59,-4.51,-7.14,-1.06,0.83,0.27,349,327,343,367,351
5.25,-1.29,-8.25,-0.99,0.68,0.18,349,327,344,367,352
7.16,1.18,-9.76,-0.44,0.48,0.31,349,327,343,367,353
6.27,2.75,-10.78,0.07,-0.13,0.01,349,327,343,366,353
5.60,1.12,-9.58,0.72,-0.54,-0.30,349,327,343,366,352
3.50,-2.25,-7.88,0.98,-0.66,-0.50,350,326,343,366,352
2.26,-6.76,-6.41,0.90,-0.72,-0.38,349,326,343,366,352
-2.35,-9.89,-6.35,0.45,-0.31,0.28,351,327,344,366,351
-3.89,-9.45,-7.30,-0.34,0.17,-0.06,351,327,343,367,351
-0.59,-7.14,-8.18,-0.79,0.44,0.07,351,327,343,366,351
0.29,-3.13,-9.07,-0.88,0.65,-0.02,351,327,343,366,351
6.08,-0.90,-9.60,-0.75,0.16,-0.82,350,326,343,367,355
7.11,-0.51,-8.21,-0.38,0.35,0.56,349,326,343,366,357
5.89,1.49,-9.94,0.05,-0.04,0.67,349,327,343,366,356
5.44,2.97,-9.71,0.55,-0.31,0.23,349,327,343,366,356
4.11,-0.23,-8.84,0.96,-0.69,-0.16,349,326,342,366,354
0.27,-5.51,-7.31,0.90,-0.79,0.02,350,326,343,366,354
-2.69,-9.73,-6.70,0.46,-0.47,0.00,350,326,343,366,353
-5.01,-9.84,-7.29,-0.22,0.13,0.02,351,326,344,367,352
-1.97,-6.68,-7.50,-0.69,0.62,-0.29,350,327,344,367,352
0.65,-3.81,-7.95,-0.85,0.91,-0.09,350,326,344,366,352
END
5.08,-0.62,-8.83,-0.76,0.85,0.11,350,327,344,366,351
2.89,-3.61,-8.54,0.01,0.02,-0.08,350,327,344,366,350
3.24,-3.65,-8.92,0.00,0.03,-0.06,350,326,344,366,351
3.27,-3.67,-8.79,0.03,0.00,0.02,350,326,344,366,351
2.84,-3.30,-8.71,0.02,-0.01,-0.09,350,327,344,366,351
3.64,-3.32,-8.91,0.09,-0.01,-0.06,350,327,344,365,351
3.91,-3.43,-8.98,0.18,-0.05,0.13,350,327,344,366,351
4.62,-1.77,-9.47,0.40,-0.23,-0.00,350,327,344,365,351
3.88,-3.68,-8.78,0.65,-0.59,-0.01,351,327,344,365,350
0.00,-7.11,-6.85,0.73,-0.68,0.42,351,327,344,365,350
-3.23,-9.69,-6.49,0.34,-0.13,0.15,351,327,344,364,349
-1.13,-7.95,-6.32,-0.10,0.31,-0.12,349,327,342,363,348
1.12,-7.06,-6.73,-0.47,0.71,0.21,347,325,337,362,347
1.46,-4.92,-6.73,-0.79,0.78,0.27,346,325,333,361,347
3.76,-2.54,-8.66,-0.60,0.64,-0.09,344,324,332,360,346
5.89,-0.91,-9.63,-0.24,0.39,0.07,344,323,331,360,346
6.27,-0.78,-9.90,0.26,-0.01,-0.16,343,324,331,359,345
5.80,-1.68,-9.44,0.51,-0.57,-0.22,344,324,331,359,345
3.42,-3.72,-7.77,0.79,-0.75,-0.16,344,324,332,359,346
1.45,-7.54,-6.71,0.79,-0.70,-0.34,344,324,334,359,345
-1.31,-9.49,-6.02,0.38,-0.41,0.02,345,324,337,360,346
-2.23,-9.96,-6.00,0.02,-0.02,-0.03,346,324,338,360,346
-1.13,-9.26,-6.60,-0.46,0.37,0.15,345,324,338,360,346
0.60,-6.37,-6.88,-0.91,0.63,0.03,345,324,338,360,346
3.60,-3.87,-8.05,-1.06,0.63,-0.18,345,325,340,362,348
6.22,-1.22,-9.19,-0.80,0.40,0.02,345,325,341,363,352
5.54,2.34,-10.34,-0.00,0.16,0.48,346,325,339,363,352
4.41,1.16,-9.70,0.38,-0.28,-0.14,346,325,339,363,352
4.87,-1.26,-8.51,0.77,-0.61,-0.22,346,325,339,363,351
2.48,-3.66,-7.76,1.06,-0.70,-0.03,347,325,340,363,350
-1.46,-9.60,-6.05,0.78,-0.67,0.47,347,325,342,364,349
-5.48,-11.13,-6.12,0.06,-0.11,0.24,348,325,343,364,349
-2.62,-8.41,-6.66,-0.52,0.43,-0.11,348,325,343,364,350
0.45,-5.83,-6.91,-0.83,0.89,0.34,347,325,343,364,352
3.79,-4.48,-7.87,-0.75,0.92,0.33,347,325,342,365,359
4.87,-2.04,-9.09,-0.77,0.70,0.30,347,325,341,364,363
END
4.62,1.13,-10.49,-0.41,0.10,-0.05,349,327,343,366,354
2.31,-3.78,-8.90,0.03,-0.08,-0.06,349,327,343,366,355
2.15,-3.45,-9.21,0.02,-0.02,-0.05,349,327,342,366,355
1.94,-3.50,-9.03,0.05,0.03,-0.06,349,327,342,366,355
2.69,-3.97,-8.96,0.03,0.02,0.03,349,327,343,366,355
2.93,-3.23,-9.40,0.07,-0.01,-0.18,349,327,342,365,354
4.13,-1.73,-9.90,0.20,-0.12,0.01,349,327,342,365,353
3.86,-0.54,-9.66,0.66,-0.36,-0.19,349,327,341,365,351
2.83,-4.22,-7.53,0.92,-0.65,-0.19,349,326,341,364,349
-0.85,-7.33,-6.83,0.72,-0.56,-0.44,349,327,341,365,349
0.78,-8.59,-7.06,0.43,-0.24,-0.71,349,327,341,364,347
-1.46,-9.31,-6.55,-0.13,0.20,0.48,349,327,341,364,347
-1.20,-8.32,-6.52,-0.52,0.52,0.16,349,327,340,365,347
1.38,-7.09,-6.96,-0.78,0.85,0.55,349,326,340,364,346
1.82,-3.32,-7.70,-1.08,0.87,-0.26,348,327,340,364,347
8.68,0.57,-9.44,-0.75,0.33,-0.88,348,327,340,365,348
8.55,1.92,-9.76,-0.08,0.22,0.27,347,326,339,364,348
5.86,1.91,-9.50,0.56,-0.34,-0.03,347,326,337,364,347
6.00,-0.87,-8.36,1.06,-0.74,-0.25,347,326,337,364,347
3.02,-5.23,-7.09,1.02,-0.98,0.09,347,327,339,363,346
-2.02,-9.27,-5.74,0.85,-0.97,0.27,349,326,342,364,345
-6.12,-13.10,-5.68,-0.08,0.06,0.56,349,326,344,364,346
-3.76,-8.87,-6.35,-0.94,0.76,-0.05,349,326,342,365,345
2.35,-4.67,-7.01,-1.02,0.99,-0.32,347,326,339,364,345
5.11,-0.67,-8.58,-0.68,0.98,0.05,345,323,334,363,344
6.67,1.76,-10.51,-0.31,0.30,-0.05,344,322,331,361,344
7.13,1.03,-9.15,0.29,-0.09,0.19,344,321,331,361,344
5.61,0.02,-9.29,0.63,-0.58,-0.36,344,322,331,361,344
4.80,-2.13,-7.48,0.99,-0.87,-0.36,344,322,333,361,344
1.36,-5.94,-6.93,1.09,-0.84,0.01,346,323,334,361,343
-2.91,-10.90,-5.40,0.75,-0.62,0.22,346,323,336,361,342
-4.23,-12.05,-5.62,0.09,-0.22,0.22,347,324,340,361,342
-2.18,-9.00,-6.42,-0.65,0.46,0.32,347,325,340,362,342
0.33,-5.58,-7.18,-0.92,0.80,0.37,347,325,340,361,342
1.00,-3.70,-7.75,-0.96,1.12,0.62,346,325,340,362,343
3.62,-0.95,-8.23,-1.04,0.71,-0.27,346,324,340,361,347
END
7.65,1.08,-10.14,-0.43,0.17,-0.41,349,326,345,367,348
2.54,-5.22,-8.18,0.03,-0.04,-0.07,348,326,344,367,348
2.66,-4.92,-8.60,-0.01,0.00,-0.06,349,326,344,367,348
2.71,-5.14,-8.16,-0.08,0.04,0.06,349,326,344,367,348
2.01,-4.39,-8.88,-0.19,0.01,0.11,349,326,344,367,348
2.43,-3.95,-8.94,-0.16,0.05,-0.08,349,326,344,367,349
3.15,-4.57,-9.15,-0.10,0.13,0.23,349,326,344,367,348
1.34,-4.34,-8.65,-0.21,0.19,0.30,349,326,344,367,348
3.27,-4.08,-8.61,-0.41,0.11,-0.37,348,326,344,367,348
3.01,-2.50,-8.59,-0.61,0.01,-0.14,348,325,344,367,349
2.89,-1.06,-9.06,-0.54,-0.01,-0.26,348,325,344,367,350
5.31,1.18,-9.61,-0.22,-0.01,0.08,348,326,344,367,352
5.80,2.20,-10.24,0.32,-0.15,0.73,348,325,344,366,352
4.09,0.67,-10.09,0.73,-0.53,0.91,348,325,344,366,352
1.23,-2.99,-8.40,0.98,-0.68,0.30,348,325,344,366,351
-1.31,-5.92,-7.40,0.74,-0.71,-0.29,349,325,344,366,350
-3.20,-9.96,-6.75,0.25,-0.32,0.07,348,325,345,366,349
-3.96,-8.61,-7.14,-0.18,0.36,0.08,348,326,345,366,349
-1.74,-6.53,-7.40,-0.60,0.71,0.28,348,325,345,366,350
0.02,-3.26,-8.55,-0.63,0.95,0.34,348,325,345,366,351
4.11,-2.78,-9.61,-0.33,0.75,0.28,348,325,344,366,353
6.26,-1.03,-8.94,-0.27,0.56,0.14,347,325,344,366,354
8.08,0.91,-9.78,0.01,-0.07,-0.44,347,325,343,366,355
6.31,1.32,-9.99,0.49,-0.61,-0.28,347,325,343,366,355
4.51,-2.67,-8.14,0.88,-0.98,-0.28,347,325,344,366,354
0.19,-5.98,-6.81,0.84,-1.11,-0.26,348,325,346,367,352
-6.04,-10.38,-6.17,0.32,-0.46,0.06,349,325,347,367,350
-7.28,-9.89,-6.81,-0.42,0.46,-0.01,349,325,347,367,349
-1.82,-6.40,-6.63,-0.75,1.04,-0.34,348,325,345,367,349
3.98,-3.29,-8.03,-0.85,1.08,0.11,347,325,344,367,351
4.26,0.12,-9.36,-0.67,0.77,0.19,347,325,344,366,352
7.56,1.10,-10.07,-0.21,0.34,-0.07,347,325,344,366,356
7.48,2.28,-10.18,0.15,-0.11,-0.02,347,325,344,366,357
6.50,0.14,-9.24,0.81,-0.79,-0.38,347,325,344,366,356
3.40,-4.92,-7.85,0.89,-1.02,-0.29,347,325,344,366,355
-1.70,-4.02,-7.42,0.79,-0.82,-0.47,348,325,344,366,353
END
-1.84,-9.88,-6.65,0.57,-0.57,-0.58,348,323,342,366,351
-2.33,-6.73,-7.59,-0.58,0.48,0.55,349,324,345,366,351
1.52,-3.80,-8.55,-0.71,0.48,-0.33,348,324,344,366,352
6.02,-1.55,-8.57,-0.53,0.62,0.51,347,324,344,366,353
4.94,-0.32,-8.58,-0.25,0.38,0.47,347,323,343,366,353
6.08,0.61,-9.65,-0.03,0.07,-0.01,347,323,343,366,353
6.62,0.35,-8.97,0.29,-0.17,-0.16,347,323,343,366,354
5.90,-0.91,-9.19,0.65,-0.57,-0.14,347,323,343,366,353
2.62,-3.50,-8.36,0.54,-0.81,-0.19,347,323,344,366,353
1.11,-5.83,-9.15,0.62,-0.85,-0.62,348,323,344,366,353
-0.90,-7.27,-8.19,0.42,-0.57,0.01,348,323,344,366,353
-3.54,-8.14,-7.97,-0.22,-0.03,0.15,348,323,345,366,353
-2.48,-6.39,-7.60,-0.62,0.53,0.11,348,323,344,366,353
1.41,-3.31,-8.13,-0.70,0.73,-0.26,348,324,344,365,353
6.19,-2.14,-8.70,-0.43,0.60,0.48,348,324,344,367,353
4.46,-0.12,-9.81,-0.30,0.50,0.57,349,327,345,367,353
6.61,1.64,-9.65,-0.01,0.20,-0.04,350,327,344,366,354
6.21,1.16,-9.93,0.27,-0.33,-0.18,350,327,345,366,355
4.83,0.14,-9.28,0.82,-0.77,-0.39,350,327,344,366,355
3.40,-3.88,-7.97,1.10,-0.94,-0.34,350,327,344,366,354
-0.85,-8.28,-6.47,1.02,-0.91,0.01,350,326,345,366,352
-5.66,-11.06,-6.86,0.11,-0.32,0.15,351,326,347,366,351
-4.59,-9.34,-6.81,-0.43,0.44,-0.03,350,326,347,365,350
-0.85,-5.51,-6.91,-0.95,0.93,-0.11,350,326,346,365,350
3.09,-1.97,-8.03,-1.10,0.86,-0.27,349,326,346,365,353
6.66,0.87,-9.54,-0.59,0.63,-0.89,348,325,344,365,354
7.97,3.63,-10.59,-0.21,0.00,0.01,348,325,343,365,357
4.59,3.63,-10.45,0.67,-0.15,0.07,347,325,343,364,355
3.96,1.21,-8.59,1.14,-0.60,-0.71,347,325,342,364,354
2.59,-1.90,-7.09,1.30,-0.65,-0.76,348,325,342,364,352
4.65,-9.90,-5.33,1.66,-0.35,0.42,347,325,342,364,350
-5.93,-12.73,-5.35,-0.01,0.05,1.49,348,325,345,364,349
-3.04,-9.30,-7.87,-0.76,0.45,-0.47,348,326,345,364,349
2.62,-5.34,-7.95,-1.08,0.39,0.16,348,326,345,364,349
1.75,-2.42,-9.35,-0.87,0.83,1.07,348,326,346,365,352
4.38,-0.09,-8.38,-0.58,0.61,0.39,347,325,345,364,353
END
5.93,0.65,-9.30,-0.23,0.26,0.22,347,325,345,363,360
6.06,1.62,-9.40,0.21,-0.09,0.43,346,325,344,363,360
4.67,-0.54,-9.17,0.62,-0.50,-0.10,347,325,344,363,359
3.50,-3.45,-8.58,0.76,-0.65,-0.25,347,325,344,363,358
2.06,-1.95,-8.71,0.77,-0.61,-0.70,348,325,344,363,357
4.46,-2.63,-8.38,0.93,-0.82,-0.71,347,325,344,363,356
1.87,-8.76,-6.17,1.39,-1.04,0.42,347,325,344,363,354
-7.14,-12.12,-4.91,0.37,-0.77,0.52,348,325,346,363,352
-3.02,-10.01,-6.51,-0.15,0.05,-0.28,347,325,345,362,351
-0.19,-7.26,-6.45,-0.78,0.61,0.41,347,325,344,362,351
0.10,-4.39,-6.15,-0.77,1.09,0.80,347,325,344,362,351
1.58,-3.06,-9.15,-0.95,1.18,0.22,347,325,344,362,353
3.63,0.85,-8.82,-1.02,0.88,-0.95,346,325,343,362,359
8.69,2.27,-11.36,0.05,0.20,-0.91,346,324,342,362,357
7.70,1.97,-10.39,0.60,-0.37,-0.03,345,324,342,362,357
4.47,-2.17,-7.77,1.31,-1.05,-0.17,345,324,342,362,355
0.29,-7.84,-6.33,1.18,-1.32,0.47,346,325,342,362,354
-7.34,-10.86,-5.15,0.43,-0.66,0.38,347,324,344,362,352
-5.98,-9.15,-6.87,-0.56,0.23,0.01,346,323,344,362,351
-1.13,-4.64,-6.55,-0.92,1.06,0.16,347,322,343,363,350
3.12,-2.86,-8.18,-0.81,1.13,0.30,345,322,343,362,351
4.19,0.48,-10.32,-0.76,0.62,0.12,344,323,341,362,351
6.25,0.93,-10.83,-0.10,0.18,-0.23,344,322,341,362,351
6.37,1.91,-10.42,0.34,-0.45,-0.58,344,322,341,362,351
5.28,1.41,-8.46,0.95,-0.98,-0.94,344,322,341,362,351
2.29,-5.58,-6.09,1.21,-1.28,-0.42,346,323,342,363,350
-8.02,-10.94,-4.57,0.43,-0.59,0.69,349,323,345,364,349
-8.20,-10.47,-7.77,-0.42,0.51,-0.30,349,323,345,363,349
-1.18,-5.05,-7.44,-0.88,0.85,-0.18,347,323,344,363,348
2.14,-2.56,-8.36,-0.97,0.99,0.09,348,326,344,364,349
5.94,0.92,-9.78,-0.52,0.33,-0.06,348,329,344,364,350
5.82,1.77,-10.49,0.08,0.38,0.47,349,329,343,365,350
4.64,2.97,-10.09,0.30,-0.16,0.05,349,330,343,365,350
5.33,1.94,-9.27,0.91,-0.58,-0.62,348,329,342,365,350
2.00,-3.28,-7.68,1.13,-0.78,-0.41,349,329,342,365,349
-0.65,-7.66,-6.78,0.88,-0.83,-0.61,350,329,344,366,348
END
-4.21,-10.32,-6.78,0.41,-0.34,0.11,352,332,344,367,346
-1.55,-7.31,-7.14,-0.32,0.64,0.73,352,331,344,367,346
-0.70,-7.03,-6.78,-0.54,1.13,0.84,352,331,343,367,347
2.87,-4.95,-6.78,-0.86,1.10,0.05,350,331,342,367,346
5.72,-1.79,-8.55,-0.80,0.78,-0.05,350,331,342,367,349
7.77,0.48,-9.59,-0.51,0.47,0.09,349,330,342,367,352
8.46,0.37,-9.72,0.08,0.23,0.44,348,329,341,366,359
6.91,-0.37,-9.38,0.54,-0.62,0.13,346,328,340,366,364
4.34,-1.71,-8.41,0.71,-0.97,-0.20,346,327,339,365,367
2.94,-3.70,-7.37,0.95,-1.10,-0.54,346,327,339,366,367
-0.68,-6.85,-6.95,0.72,-1.01,-0.33,347,327,340,366,368
-3.54,-9.43,-6.78,0.16,-0.69,-0.22,347,327,342,366,371
-5.96,-9.07,-6.91,-0.37,0.14,0.35,347,327,342,366,378
-3.30,-6.35,-7.05,-0.64,0.84,0.31,347,327,342,367,379
1.06,-3.60,-6.90,-0.73,1.18,0.28,346,327,342,366,379
6.29,-2.41,-9.09,-0.25,1.22,0.36,346,327,342,366,381
8.49,-0.55,-8.81,-0.35,0.39,0.25,345,327,341,366,382
7.13,0.36,-9.56,0.34,-0.19,-0.19,345,326,341,365,381
4.19,-1.36,-8.76,0.68,-0.73,-0.48,345,327,341,366,378
3.52,-4.11,-7.24,0.93,-0.90,-0.61,345,327,342,366,375
0.72,-7.33,-7.75,0.61,-1.11,-0.59,346,326,342,366,372
-4.11,-9.56,-6.92,0.09,-0.82,0.11,348,327,350,366,370
-7.50,-8.99,-6.44,-0.18,0.39,0.37,348,327,352,367,368
-1.24,-7.08,-7.11,-0.75,0.91,-0.25,347,327,350,366,369
0.78,-3.47,-6.75,-1.30,0.87,-0.39,346,327,350,366,373
5.99,-0.84,-9.91,-0.96,0.77,-0.60,347,327,351,368,387
8.33,2.43,-8.91,-0.36,0.63,0.30,346,327,350,367,396
8.69,3.68,-10.18,0.09,0.09,-0.12,347,328,349,367,396
6.86,1.84,-9.63,0.74,-0.54,-0.14,347,328,349,367,392
5.28,-1.04,-8.56,1.11,-0.80,-0.24,347,328,351,367,387
3.04,-5.06,-7.65,1.17,-1.02,-0.18,347,328,349,367,383
-2.80,-9.45,-6.17,0.80,-0.97,0.26,348,329,350,367,379
-6.62,-9.27,-7.01,0.07,-0.43,0.32,349,328,353,368,375
-4.25,-7.00,-8.12,-0.29,0.24,-0.09,349,328,353,368,375
-0.63,-6.12,-7.80,-0.54,0.67,0.11,348,327,352,368,375
-0.28,-3.95,-6.32,-1.37,0.80,-0.43,347,328,352,368,378
END
7.08,-0.97,-9.02,-0.95,0.69,-0.55,349,329,351,368,360
2.61,-2.38,-7.04,-0.89,1.24,0.69,348,329,350,368,360
5.64,0.67,-8.26,-0.92,0.75,-0.16,348,329,349,367,362
7.05,2.59,-9.26,-0.38,0.38,-0.29,347,329,349,367,363
6.50,1.93,-9.84,0.24,-0.18,-0.11,347,328,349,367,363
4.37,0.50,-9.67,0.78,-0.56,-0.41,348,329,349,367,362
5.10,-1.17,-8.76,1.11,-0.77,-1.07,348,329,349,367,361
3.74,-6.98,-7.08,1.22,-1.04,-0.17,348,329,350,367,361
-4.67,-10.09,-5.90,0.79,-0.82,0.53,351,328,353,367,359
-7.56,-10.31,-7.57,-0.15,0.23,-0.01,354,330,355,368,358
-2.63,-7.24,-5.64,-0.57,0.86,-0.13,353,330,353,367,357
2.03,-3.80,-7.61,-0.82,1.03,0.22,351,330,351,366,356
4.64,-1.34,-8.59,-0.74,0.92,0.20,350,330,350,366,356
5.53,1.11,-9.45,-0.45,0.62,-0.41,349,328,349,366,359
8.56,1.02,-9.64,-0.06,0.16,-0.62,348,328,347,366,359
6.34,0.34,-8.87,0.55,-0.44,-0.13,347,327,347,367,357
3.68,-1.33,-8.61,0.86,-0.78,-0.64,348,328,347,367,355
3.36,-3.25,-8.38,0.91,-0.99,-0.65,350,329,348,368,354
1.10,-7.31,-8.36,0.87,-0.70,0.00,352,330,350,368,353
-4.51,-10.26,-6.12,0.09,-0.14,0.69,353,331,354,370,353
-4.83,-8.29,-7.55,-0.75,0.57,-0.00,354,333,355,370,353
0.41,-4.15,-7.83,-0.95,0.76,-0.25,353,333,354,369,353
4.80,-1.64,-8.94,-1.01,1.02,-0.17,351,332,352,369,355
7.60,2.35,-8.76,-0.70,0.80,-0.23,349,329,349,370,360
8.36,2.92,-7.95,0.02,0.64,0.33,347,328,344,361,358
6.85,2.51,-9.03,0.42,-0.41,0.01,347,328,342,358,358
5.74,0.91,-8.46,1.04,-0.83,-0.51,347,328,344,357,357
4.80,-4.46,-7.06,1.20,-1.17,-0.17,348,328,345,357,356
0.42,-5.77,-7.39,1.01,-1.07,0.12,351,330,348,358,353
-3.88,-8.03,-7.01,0.45,-0.42,-0.31,351,331,349,359,351
-4.24,-9.41,-6.30,-0.10,0.34,0.43,351,331,349,361,349
-1.90,-8.28,-7.29,-0.75,0.85,0.15,351,331,349,362,348
2.95,-3.77,-7.37,-1.04,0.83,-0.11,349,330,348,365,349
5.74,-0.25,-8.53,-0.75,0.72,0.20,349,330,347,366,351
6.90,2.24,-9.40,-0.27,0.61,0.43,348,330,346,366,352
8.49,2.63,-9.38,0.48,0.21,0.16,349,330,344,365,351
END
7.47,-0.60,-8.76,0.75,-0.40,-0.30,354,334,352,385,349
-2.25,-8.89,-7.16,-0.09,-0.02,0.21,354,334,352,384,348
-0.88,-7.76,-7.06,-0.42,0.37,0.21,353,333,352,385,348
-0.39,-5.81,-7.33,-0.71,0.66,0.30,353,333,352,384,349
2.69,-3.39,-8.00,-0.73,0.66,-0.61,353,334,351,384,352
5.02,-0.83,-9.27,-0.65,0.17,-0.51,353,334,350,384,357
5.12,1.51,-10.01,-0.32,0.06,0.23,353,334,351,384,361
3.91,1.88,-9.90,0.31,-0.08,0.43,353,334,351,384,362
4.41,-0.39,-8.87,0.76,-0.42,-0.04,353,334,350,384,362
2.18,-3.69,-7.90,0.97,-0.58,0.00,353,333,351,384,361
0.50,-7.16,-7.65,0.81,-0.64,-0.36,353,333,351,384,360
-1.87,-10.17,-7.00,0.49,-0.39,0.22,353,333,351,384,358
-5.84,-10.60,-6.70,-0.39,0.32,0.68,353,333,353,385,356
-1.95,-6.28,-6.73,-0.80,0.91,-0.21,352,333,351,384,354
3.47,-2.96,-7.62,-1.01,0.84,-0.39,352,333,350,384,355
4.97,-0.04,-9.29,-0.68,0.67,-0.41,351,332,348,383,359
7.47,1.87,-9.64,-0.05,0.29,-0.32,349,330,344,382,363
6.54,2.07,-10.47,0.28,-0.12,0.21,349,330,343,381,363
5.17,0.17,-8.74,0.94,-0.53,0.11,349,330,343,376,363
3.14,-4.57,-7.41,1.08,-0.85,0.20,349,331,343,374,362
-1.26,-8.04,-6.50,0.79,-0.83,0.23,350,331,346,374,358
-4.34,-10.35,-6.11,0.30,-0.43,-0.14,351,332,348,375,353
-4.28,-9.72,-6.28,-0.40,0.28,0.17,352,332,349,376,350
-0.58,-7.35,-6.58,-0.74,1.07,0.15,351,332,347,375,350
3.37,-3.17,-7.03,-1.04,0.97,-0.19,351,331,347,375,353
5.67,-0.89,-9.07,-0.99,0.79,-0.23,350,331,348,376,365
8.26,1.87,-10.22,-0.16,0.40,0.47,350,331,348,375,375
6.68,1.36,-10.10,0.35,-0.27,0.11,349,330,347,375,376
5.16,-0.40,-8.86,0.90,-0.91,-0.45,350,330,348,375,375
3.24,-3.68,-7.46,1.06,-0.97,-0.13,350,330,348,374,372
-1.64,-5.95,-6.61,0.93,-0.86,-0.00,350,330,351,375,365
-5.14,-12.05,-5.87,0.52,-0.46,0.63,351,330,354,375,365
-6.02,-10.55,-6.58,-0.34,0.76,0.20,350,330,353,375,365
-0.32,-7.24,-6.54,-0.83,1.02,-0.49,349,330,350,375,368
5.18,-3.08,-7.77,-1.26,0.77,-0.30,349,330,350,376,375
7.06,1.13,-9.25,-1.09,0.71,0.31,348,330,351,378,386
END
7.18,2.43,-9.99,-0.25,0.03,0.40,348,323,343,362,369
2.41,-4.24,-8.70,0.31,-0.30,0.14,348,322,342,362,368
2.08,-4.29,-8.31,0.19,-0.42,-0.50,348,322,343,362,368
2.80,-5.72,-8.89,-0.01,-0.55,-0.50,348,322,346,362,368
1.54,-4.96,-9.14,-0.01,-0.35,0.15,348,323,347,362,368
2.09,-2.61,-9.15,0.33,-0.11,0.17,349,323,347,363,368
1.84,-4.16,-8.89,0.43,-0.46,0.27,348,325,347,363,368
-2.86,-8.96,-7.05,0.44,-0.14,0.93,349,323,347,363,365
-4.39,-8.08,-7.37,-0.43,0.43,0.48,349,323,348,365,364
-0.11,-4.69,-7.62,-0.81,0.82,-0.21,348,323,347,367,364
5.30,-2.61,-8.51,-0.92,0.79,-0.08,347,322,346,366,371
4.81,-0.29,-9.09,-0.59,0.62,0.46,347,322,344,365,372
3.84,0.98,-10.24,-0.02,0.29,0.10,347,322,344,365,373
5.90,1.54,-10.83,0.25,-0.23,-0.20,348,324,346,365,373
5.03,0.28,-9.20,0.89,-0.51,-0.13,351,331,353,365,372
2.69,-3.54,-7.82,1.00,-1.08,-0.20,351,332,355,366,370
-2.21,-8.20,-5.80,0.71,-1.03,-0.10,352,332,361,370,367
-6.40,-11.16,-6.58,0.04,-0.29,0.40,354,333,363,372,364
-4.77,-7.77,-7.46,-0.73,0.66,-0.03,353,333,362,372,364
-0.22,-4.27,-7.46,-1.24,0.99,-0.38,353,333,360,372,372
3.70,-0.83,-8.36,-0.99,1.02,-0.51,352,332,356,370,380
7.33,4.08,-10.58,-0.75,0.07,-0.62,351,331,355,370,385
5.17,4.95,-10.82,0.30,-0.07,0.75,351,332,355,369,385
3.47,2.55,-9.25,0.84,-0.61,0.11,352,331,354,368,382
3.76,-1.31,-7.93,1.07,-0.91,-0.30,351,331,355,365,379
-0.71,-7.09,-7.55,1.01,-0.75,0.31,351,331,357,363,375
-5.45,-10.56,-6.77,0.06,-0.37,-0.04,352,331,360,363,368
-6.64,-7.93,-8.62,-0.58,0.42,-0.04,353,333,363,363,368
-1.49,-4.21,-8.23,-0.72,1.02,-0.34,352,332,361,363,370
3.14,-1.28,-8.78,-0.78,1.06,-0.17,352,331,359,364,375
4.71,1.06,-9.69,-0.30,0.83,0.30,351,331,357,366,376
7.44,1.34,-8.41,0.17,0.61,0.55,350,329,352,365,376
8.88,0.65,-9.96,0.33,-0.21,-0.03,349,329,350,364,375
6.01,-0.78,-8.86,0.79,-0.89,0.14,349,329,349,364,373
2.46,-2.37,-7.63,0.96,-1.07,-0.13,349,329,349,364,370
-0.70,-5.15,-6.77,0.87,-0.96,-0.17,350,329,350,364,367
END
-6.38,-9.43,-5.28,0.83,-0.03,0.28,351,329,349,365,363
-0.80,-7.00,-7.31,0.10,0.01,0.06,351,329,350,365,362
-0.57,-6.84,-7.50,-0.23,0.22,0.13,351,328,350,366,363
-0.25,-5.61,-7.54,-0.45,0.50,0.21,351,329,350,366,362
1.88,-5.73,-8.74,-0.45,0.44,0.17,351,329,350,366,362
1.12,-5.36,-8.47,-0.55,0.37,0.57,351,329,350,366,362
0.36,-4.55,-8.53,-0.71,0.48,0.41,351,329,352,367,364
1.54,-2.46,-8.30,-0.84,0.80,-0.13,350,329,351,367,366
5.33,0.78,-9.15,-0.48,0.58,-0.24,349,328,349,366,369
7.29,3.38,-10.63,0.03,0.13,0.05,348,328,347,365,369
5.59,1.59,-9.39,0.72,-0.62,-0.07,348,328,347,364,367
4.44,-1.36,-8.07,1.20,-0.97,-0.33,348,328,347,365,366
2.93,-6.59,-7.27,1.37,-1.06,-0.32,348,328,347,364,363
-1.46,-9.34,-5.39,1.32,-0.82,0.10,349,328,346,364,357
-6.98,-12.42,-5.05,-0.01,-0.40,0.24,349,328,347,364,354
-5.46,-9.57,-6.33,-0.62,0.46,-0.07,350,328,348,364,353
-1.41,-5.92,-6.15,-1.08,1.00,0.04,349,329,348,364,353
3.29,-2.53,-7.94,-1.11,1.20,0.15,348,329,347,364,357
6.21,-0.47,-8.87,-0.74,0.91,0.30,348,328,346,363,357
6.57,2.28,-10.32,-0.25,0.40,0.13,347,328,344,363,354
7.63,1.31,-9.99,0.47,-0.63,-0.67,347,328,343,363,353
4.76,-2.42,-7.78,1.19,-1.10,-0.10,347,327,344,362,352
-1.31,-8.08,-6.64,1.02,-1.10,-0.02,350,328,346,363,351
-5.74,-9.97,-6.08,0.50,-0.37,-0.06,350,328,347,363,349
-5.79,-9.51,-7.05,-0.27,0.41,-0.01,350,328,346,363,348
-0.96,-5.76,-6.63,-0.85,1.06,-0.25,348,327,344,362,348
3.14,-2.45,-7.97,-0.93,1.19,-0.18,347,323,336,361,348
7.06,-0.42,-8.81,-0.47,0.92,-0.10,343,318,328,359,348
8.15,1.34,-9.15,-0.20,0.09,0.02,341,316,326,357,348
7.09,1.58,-9.84,0.47,-0.45,-0.46,341,316,325,357,348
5.53,-0.97,-8.64,0.90,-0.95,-0.48,341,316,326,357,348
3.95,-4.60,-7.00,1.35,-1.01,-0.18,342,317,326,357,347
-3.42,-9.30,-5.80,1.27,-0.44,0.72,343,316,326,357,346
-6.62,-12.49,-5.50,0.08,0.10,0.16,343,316,326,356,345
-2.75,-8.97,-5.90,-0.58,0.55,-0.10,342,317,326,356,344
2.12,-4.98,-6.35,-1.09,1.08,0.17,341,316,325,356,344
END
6.13,1.46,-9.10,-0.61,0.63,-0.06,355,334,352,377,349
1.59,-4.92,-6.95,-0.81,1.08,0.07,354,334,350,377,352
4.25,-2.73,-7.72,-0.88,1.17,0.61,355,335,353,377,376
7.08,1.08,-9.19,-0.44,0.79,0.76,357,335,356,378,397
6.42,1.21,-9.97,-0.21,-0.01,0.24,356,335,356,378,401
5.56,0.44,-9.76,0.53,-0.68,-0.34,356,334,355,377,398
3.36,-2.23,-8.17,0.88,-0.90,-0.46,355,333,354,375,394
0.34,-6.36,-7.62,0.99,-0.96,-0.21,354,332,353,374,388
-6.65,-11.33,-5.63,0.24,-0.56,0.42,354,331,353,373,379
-7.09,-8.67,-7.34,-0.48,0.59,-0.15,354,331,352,372,369
-0.33,-4.26,-7.22,-0.82,0.94,-0.57,352,331,350,373,368
4.90,-2.00,-8.78,-0.95,1.13,0.22,352,331,349,374,375
6.31,2.07,-9.93,-0.33,0.55,0.02,351,330,347,373,377
8.32,2.13,-10.94,0.30,-0.29,-0.37,351,330,346,373,376
5.84,0.55,-8.70,0.92,-0.75,-0.38,351,330,345,373,373
3.70,-4.57,-6.36,1.25,-1.08,-0.17,351,329,345,373,368
-4.17,-10.75,-6.30,0.66,-0.87,0.23,352,330,348,373,361
-6.44,-11.39,-5.93,-0.07,-0.04,-0.06,353,330,351,375,358
-3.01,-7.62,-7.10,-0.86,0.83,-0.25,352,331,350,376,357
2.71,-3.47,-8.30,-0.97,0.97,-0.20,352,331,348,375,360
4.80,0.53,-8.92,-0.79,0.71,0.03,352,331,348,375,364
7.14,1.88,-10.65,-0.32,0.19,-0.17,351,331,348,374,367
6.71,2.86,-9.74,0.57,-0.27,-0.34,351,331,348,374,366
5.22,-0.22,-8.38,1.18,-0.62,-0.41,351,330,347,374,364
2.46,-5.41,-6.66,1.27,-0.69,0.03,351,331,347,373,362
-0.60,-9.45,-6.30,0.89,-0.49,0.14,352,330,348,373,356
-5.21,-12.35,-5.84,-0.05,-0.05,0.46,354,331,351,374,354
-3.41,-8.71,-6.34,-0.86,0.77,0.04,353,331,350,374,353
2.81,-4.78,-7.03,-1.16,0.93,-0.31,352,331,348,374,353
6.04,-0.50,-8.46,-0.97,0.78,0.39,351,331,347,374,354
7.12,1.97,-10.31,-0.53,0.19,0.07,352,332,347,374,354
5.95,3.23,-10.57,0.13,-0.36,-0.46,354,335,351,377,354
5.19,-0.29,-9.26,0.80,-0.56,-0.35,353,334,351,376,354
3.37,-2.24,-8.23,1.00,-0.75,-0.37,353,334,350,376,354
2.09,-7.37,-7.47,0.92,-0.96,-0.33,353,333,351,376,353
-3.73,-10.75,-6.27,0.55,-0.60,0.40,354,333,353,377,352
END
-6.80,-9.81,-6.36,-0.36,0.18,0.20,350,330,362,375,367
-3.42,-10.41,-5.43,0.63,-0.59,0.28,349,327,356,372,360
-6.58,-9.88,-6.27,-0.17,0.08,0.32,349,326,355,372,357
-1.70,-6.22,-6.07,-0.79,0.82,-0.26,349,326,353,372,357
2.96,-3.52,-7.19,-0.94,0.95,-0.06,348,326,351,371,358
4.58,-0.22,-8.59,-0.76,0.92,0.03,348,326,349,370,358
6.02,1.01,-10.98,-0.27,0.27,-0.09,347,325,347,370,358
6.08,1.84,-11.11,0.40,-0.25,-0.39,347,326,346,370,357
5.17,-2.27,-8.63,0.99,-0.78,-0.23,347,326,346,369,356
0.95,-8.47,-7.04,1.13,-0.94,0.76,348,326,348,369,353
-7.75,-10.89,-5.72,-0.08,-0.23,0.55,350,326,351,370,351
-5.08,-7.50,-6.81,-0.70,0.49,-0.39,350,327,351,370,352
1.00,-3.80,-6.74,-1.00,0.91,-0.81,348,326,348,370,354
5.67,-0.25,-8.50,-0.88,0.94,-0.23,348,326,346,369,355
6.97,2.25,-9.96,-0.38,0.45,0.31,347,326,345,368,356
6.60,1.46,-10.60,0.36,0.06,0.32,347,325,338,359,355
5.46,0.14,-9.32,0.78,-0.30,-0.23,346,322,332,355,354
5.44,-2.41,-8.43,1.13,-0.82,-0.31,345,321,331,354,352
2.59,-7.43,-6.78,1.06,-1.05,-0.02,344,321,331,354,351
-3.19,-10.22,-5.51,0.69,-0.78,0.48,343,321,334,353,349
-7.57,-10.93,-5.79,-0.28,0.13,0.34,343,320,335,354,349
-3.32,-6.50,-6.30,-0.91,0.87,-0.37,342,320,335,355,349
3.37,-2.79,-7.10,-0.95,0.98,-0.74,342,320,334,355,350
7.15,-0.29,-9.24,-0.75,0.82,-0.25,342,320,333,355,351
7.49,2.58,-10.32,-0.00,0.21,0.24,342,320,332,356,351
6.44,0.91,-10.50,0.58,-0.44,-0.10,342,320,333,355,351
4.35,-2.00,-8.12,0.94,-0.76,0.10,344,321,335,355,350
1.72,-5.99,-6.99,0.88,-0.88,0.04,345,321,336,356,349
-2.79,-9.61,-6.22,0.35,-0.72,-0.07,346,322,337,356,347
-3.99,-9.74,-6.78,-0.39,-0.26,-0.32,347,322,338,356,346
-1.63,-6.23,-7.49,-0.72,0.47,-0.05,346,323,337,357,346
1.63,-3.78,-8.15,-0.76,0.90,0.32,345,322,336,357,346
3.39,-0.66,-8.56,-0.59,0.74,-0.00,344,322,334,356,348
6.70,1.16,-10.03,-0.22,0.29,-0.36,344,322,334,357,349
6.19,2.01,-10.62,0.38,-0.36,-0.23,343,322,333,358,350
4.53,0.31,-9.02,1.07,-0.74,0.06,344,322,334,358,350
END
1.85,-5.81,-7.41,1.30,-0.76,0.45,345,325,343,364,375
6.95,1.44,-9.71,0.67,-0.39,-0.36,344,325,343,364,375
5.23,-1.49,-7.93,0.93,-0.68,-0.23,344,326,345,365,373
3.63,-5.66,-7.66,1.02,-0.90,-0.13,346,326,347,365,370
-2.06,-11.36,-6.42,0.55,-0.66,0.60,348,327,351,366,363
-8.11,-10.86,-6.30,-0.33,0.09,0.56,350,327,353,368,358
-3.57,-7.49,-6.86,-0.82,0.73,-0.34,349,328,352,370,358
3.35,-3.35,-7.72,-0.98,1.03,-0.43,348,327,349,369,363
6.40,-0.32,-8.46,-0.80,0.62,-0.36,347,327,348,369,367
7.71,1.77,-9.56,-0.30,0.16,0.32,346,327,347,369,370
4.95,2.07,-9.67,0.12,-0.08,0.15,347,327,347,368,370
5.12,0.32,-9.68,0.62,-0.41,-0.54,347,327,347,368,369
5.03,-2.33,-8.23,0.95,-0.54,-0.13,347,327,347,368,368
3.66,-5.87,-6.67,1.22,-0.66,0.35,347,327,346,368,365
-2.91,-9.88,-5.79,0.62,-0.61,0.93,348,327,347,366,361
-7.01,-9.25,-7.37,0.03,0.17,0.18,349,327,348,365,358
-2.46,-7.47,-7.29,-0.49,0.69,-0.53,348,327,347,364,358
3.15,-5.03,-7.55,-0.74,0.92,-0.17,347,327,347,364,359
6.26,-2.04,-8.26,-0.69,0.76,0.09,347,327,346,364,362
6.37,0.17,-9.10,-0.57,0.52,0.69,346,326,345,364,369
5.74,-0.22,-10.10,0.18,0.08,0.12,346,326,344,364,365
5.72,0.03,-8.94,0.52,-0.46,-0.27,346,326,343,364,364
4.41,-2.23,-8.13,0.90,-0.94,-0.49,346,326,343,363,361
1.89,-8.23,-6.58,0.94,-1.02,-0.08,346,326,344,364,359
-5.53,-10.33,-5.74,0.16,-0.60,0.78,348,327,349,363,356
-6.61,-8.98,-8.02,-0.67,0.31,-0.21,348,327,350,367,356
-0.35,-5.93,-7.17,-0.76,0.90,-0.24,347,326,347,367,359
3.89,-3.50,-7.29,-0.91,0.99,0.12,346,326,343,367,359
5.35,-0.21,-8.71,-0.68,0.63,-0.14,346,326,344,366,360
5.25,2.42,-10.42,-0.43,0.20,-0.40,346,326,345,366,364
6.96,1.84,-9.93,0.33,-0.00,-0.81,346,326,344,366,363
6.96,-0.01,-8.92,0.61,-0.41,-0.09,346,326,343,365,362
4.77,-1.61,-8.50,1.01,-1.00,-0.09,346,326,343,365,360
1.17,-6.02,-7.46,0.96,-1.06,0.30,347,326,344,365,358
-2.76,-7.61,-6.96,0.56,-0.72,0.47,348,326,346,364,357
-6.25,-9.19,-6.81,0.23,-0.14,0.47,348,326,348,364,356
END
-3.91,-7.08,-7.26,-0.45,0.93,0.19,345,326,336,357,348
0.27,-9.58,-5.23,1.36,-0.59,0.36,346,326,337,356,348
-4.60,-11.28,-4.66,0.55,-0.17,0.93,347,327,342,357,347
-4.85,-11.01,-5.73,-0.49,0.52,0.12,347,327,344,359,347
0.52,-6.88,-5.98,-1.02,0.94,-0.24,346,327,342,359,347
4.16,-3.61,-6.97,-1.30,0.96,0.14,346,327,342,362,348
3.14,0.43,-8.71,-1.26,0.57,-0.08,347,328,346,366,351
6.68,2.51,-11.60,-0.29,0.23,-0.67,348,329,346,368,354
6.86,2.76,-10.55,0.41,-0.03,-0.14,347,328,345,368,354
5.40,0.01,-8.83,1.19,-0.63,-0.33,347,328,345,367,352
4.32,-3.24,-7.03,1.36,-0.89,-0.03,347,328,345,367,352
-1.14,-7.78,-5.41,1.28,-0.70,0.55,348,328,347,368,350
-7.46,-12.08,-5.33,0.10,-0.23,0.87,350,328,352,369,349
-5.11,-8.91,-6.43,-0.63,0.54,-0.45,350,329,352,369,349
2.41,-5.16,-7.02,-0.89,0.96,-0.54,348,329,350,369,350
3.89,-3.14,-7.30,-1.01,0.93,0.14,348,329,348,369,352
4.51,-0.83,-8.94,-0.68,0.65,-0.06,348,328,348,370,354
6.31,0.33,-9.63,-0.21,0.25,-0.11,347,328,348,369,356
7.45,1.71,-10.29,0.28,-0.05,-0.33,347,328,347,370,357
6.62,0.97,-8.93,0.79,-0.56,-0.29,347,328,346,369,356
4.77,-2.70,-7.56,1.21,-0.96,-0.16,347,328,346,369,355
1.70,-6.74,-6.83,1.13,-1.03,-0.13,348,328,347,370,353
-3.73,-10.37,-5.84,0.57,-0.80,0.26,350,328,349,370,352
-5.38,-9.83,-6.42,-0.07,-0.11,0.12,350,328,351,371,351
-3.10,-7.55,-6.44,-0.49,0.72,0.44,350,328,350,371,351
0.38,-5.28,-6.27,-0.68,1.13,0.35,349,328,348,371,352
3.31,-3.40,-7.31,-0.93,1.06,0.01,348,328,348,370,353
6.75,-0.81,-8.64,-0.63,0.71,-0.15,347,328,346,370,355
7.80,1.23,-10.65,-0.21,0.11,-0.08,347,327,345,369,355
5.86,1.23,-10.77,0.50,-0.51,-0.14,347,328,345,369,354
4.57,-2.69,-9.03,1.04,-0.83,-0.32,348,328,345,369,353
3.15,-4.94,-7.18,1.23,-0.82,-0.19,348,327,345,369,351
-4.26,-11.20,-3.91,0.81,-0.53,1.10,350,328,349,370,350
-8.15,-10.88,-6.52,-0.39,0.16,0.04,352,330,353,375,350
-1.87,-6.73,-6.46,-0.70,0.59,-0.39,351,330,350,374,350
2.28,-3.98,-7.16,-0.86,1.01,0.15,350,329,349,374,350
END
4.67,-1.82,-7.57,-0.66,0.92,0.26,350,341,351,364,341
4.24,-2.91,-8.22,-0.94,0.98,0.37,350,341,350,367,342
4.88,0.55,-9.81,-0.43,0.77,-0.07,350,341,349,368,342
8.26,0.34,-9.99,0.14,0.06,-0.24,349,340,348,368,342
6.13,-0.85,-8.84,0.72,-0.71,-0.34,349,340,347,366,342
2.10,-5.32,-7.35,0.90,-0.87,0.13,352,341,350,364,342
-3.94,-10.72,-5.41,0.48,-0.31,0.59,354,339,352,364,342
-4.79,-11.00,-6.39,-0.46,0.25,-0.10,354,339,352,364,341
1.04,-5.50,-6.60,-0.95,0.64,-0.65,353,338,350,364,341
4.64,-2.51,-8.35,-0.94,0.63,-0.15,352,338,349,366,341
4.06,-0.37,-9.85,-0.49,0.59,0.27,354,339,349,366,342
6.45,1.95,-10.01,0.23,0.36,0.01,355,340,350,367,342
8.32,-1.46,-9.05,0.57,-0.28,-0.03,354,339,349,366,342
4.69,-1.28,-8.44,0.58,-0.77,-0.07,354,339,349,367,343
2.85,-3.63,-8.28,0.71,-0.91,-0.50,355,339,350,365,341
1.11,-7.16,-7.06,0.82,-0.76,-0.25,357,340,352,361,342
-4.65,-10.01,-6.27,0.25,-0.39,0.54,360,341,355,359,341
-6.58,-9.92,-6.32,-0.62,0.39,0.29,361,342,356,360,342
0.26,-5.12,-6.14,-0.97,1.08,-0.26,358,341,352,359,341
5.94,-1.54,-7.54,-0.90,1.18,0.05,356,339,348,359,341
7.89,1.27,-9.99,-0.67,0.54,-0.16,354,338,345,358,341
8.92,2.07,-11.07,0.14,-0.42,-0.18,355,337,343,358,341
4.68,1.00,-9.86,0.80,-0.68,-0.21,355,337,342,357,341
3.81,-2.48,-7.60,1.19,-1.01,-0.44,355,336,341,357,341
0.37,-5.83,-6.71,1.19,-0.91,-0.19,355,336,342,357,341
-1.90,-10.58,-5.31,0.74,-0.57,0.19,356,336,344,357,341
-4.55,-12.05,-5.69,0.07,-0.03,0.18,357,336,346,358,341
-2.94,-8.89,-5.25,-0.58,0.71,0.21,356,336,344,358,340
1.74,-5.98,-5.94,-1.12,1.06,0.08,354,336,343,358,340
4.26,-0.83,-7.87,-1.27,0.79,-0.01,354,336,342,359,340
6.45,0.90,-10.60,-0.92,0.21,-0.26,354,337,346,361,344
6.19,3.64,-12.39,0.08,0.02,-0.09,355,337,346,361,346
5.86,3.12,-10.11,0.99,-0.68,-0.68,354,337,345,361,345
5.14,-1.93,-6.44,1.71,-1.17,-0.44,354,336,345,361,345
0.73,-9.50,-4.13,1.65,-1.18,0.11,353,335,345,362,344
-5.53,-15.52,-2.38,0.72,-1.12,0.57,353,335,351,369,344
END
-8.70,-10.80,-5.72,-0.45,0.48,0.12,363,343,355,374,345
0.10,-7.10,-7.39,0.10,0.09,0.49,363,343,355,374,345
-0.46,-8.44,-6.55,-0.12,0.35,0.57,363,343,355,374,344
-1.56,-7.00,-6.92,-0.62,0.68,0.72,363,342,355,374,345
1.06,-5.35,-7.18,-0.67,0.90,0.36,362,342,355,374,345
2.07,-3.98,-6.98,-1.01,1.03,0.46,361,341,355,374,347
3.79,-2.14,-7.13,-1.06,1.16,-0.21,359,339,355,374,352
9.93,0.56,-9.30,-0.34,0.42,-0.26,357,338,353,372,359
8.71,2.63,-9.63,0.10,0.06,-0.25,356,337,352,373,359
6.48,0.61,-9.09,0.84,-0.81,-0.27,356,337,352,372,357
4.84,-1.74,-8.21,1.16,-1.08,-0.49,357,337,351,371,353
5.06,-5.57,-7.34,1.41,-1.30,-0.62,358,337,351,370,349
-3.70,-9.31,-3.98,1.10,-0.99,0.59,362,338,353,371,347
-7.21,-12.84,-5.97,-0.01,-0.34,0.18,364,339,356,371,345
-5.73,-9.86,-6.86,-0.90,0.64,0.11,364,339,357,373,345
1.39,-4.53,-6.02,-1.14,1.15,-0.20,361,339,354,372,345
5.45,1.29,-7.59,-0.99,1.03,-0.18,358,337,351,371,347
8.08,2.33,-9.91,-0.45,0.34,-0.21,357,337,349,371,349
6.91,3.27,-10.53,0.37,-0.32,-0.47,357,337,349,371,349
5.89,0.76,-9.10,1.10,-0.80,-0.58,358,337,348,370,348
4.51,-4.23,-6.35,1.57,-1.05,-0.42,358,337,349,370,347
-2.05,-10.02,-4.49,1.31,-0.85,0.24,359,337,350,370,346
-7.36,-13.98,-4.36,-0.01,-0.26,0.38,360,338,354,371,345
-3.97,-9.83,-5.98,-0.71,0.62,-0.36,359,338,353,371,345
1.25,-6.38,-6.01,-1.13,1.08,-0.24,358,338,351,371,345
3.66,-2.36,-6.91,-1.27,1.00,-0.09,357,337,350,370,345
7.22,0.18,-9.78,-0.92,0.50,-0.27,357,338,349,372,347
6.99,3.29,-11.05,-0.06,0.12,-0.17,358,340,349,373,347
7.79,2.71,-9.78,0.51,-0.48,-0.35,359,340,348,372,348
5.51,-1.59,-8.74,0.95,-0.72,-0.02,360,340,349,373,348
3.26,-4.64,-7.49,1.19,-0.83,0.04,364,343,356,374,347
-1.54,-7.90,-6.07,0.88,-0.74,0.37,369,348,365,377,346
-4.52,-11.15,-6.28,0.16,-0.28,0.44,370,349,367,379,345
-3.75,-8.84,-6.39,-0.52,0.46,0.31,368,348,366,379,345
1.28,-5.08,-6.49,-0.96,1.07,-0.03,365,346,362,377,346
3.90,-2.59,-6.98,-1.12,1.18,-0.22,361,343,358,378,349
END
5.56,1.43,-9.28,-0.98,0.79,-0.98,359,340,354,382,351
3.01,-4.86,-8.87,-0.03,-0.10,0.05,360,340,355,381,351
2.47,-4.44,-8.39,0.02,-0.13,-0.16,360,340,354,381,351
1.83,-4.78,-8.29,0.01,-0.19,-0.12,360,340,355,381,351
0.85,-5.69,-7.66,0.02,-0.07,0.02,360,340,355,381,351
-0.01,-6.32,-7.73,-0.07,0.18,0.33,360,340,356,382,351
1.25,-7.85,-6.92,-0.08,0.65,0.95,359,340,356,382,351
-1.65,-7.01,-7.37,-0.88,0.86,0.74,360,340,359,383,352
0.83,-3.04,-8.45,-1.39,1.06,-0.69,359,340,359,383,362
8.54,1.50,-7.22,-1.35,0.74,-0.44,357,337,357,383,364
9.25,3.68,-9.26,-0.23,0.33,0.54,356,336,355,383,364
7.63,2.95,-9.19,0.73,-0.37,-0.16,357,336,354,383,362
6.77,0.36,-8.54,1.05,-0.84,-0.32,356,336,354,382,361
5.11,-2.76,-7.69,1.32,-1.07,-0.19,357,336,355,382,358
1.82,-6.55,-7.03,1.28,-1.27,-0.02,360,337,356,381,355
-4.16,-11.82,-4.84,0.67,-0.70,0.47,363,340,362,385,353
-9.64,-10.99,-5.57,-0.37,0.41,0.52,365,343,365,388,352
-2.35,-6.77,-6.57,-0.74,1.06,-0.73,364,342,362,387,352
3.64,-2.45,-6.81,-1.32,1.09,-1.04,360,339,358,384,354
6.44,0.74,-7.99,-0.98,0.79,-1.01,358,338,355,383,354
9.99,4.07,-9.91,0.05,0.27,-0.33,356,335,350,380,352
7.44,3.03,-8.61,0.58,-0.03,0.34,353,331,343,376,349
6.28,0.62,-9.30,1.11,-0.75,-0.09,353,329,341,373,347
5.29,-3.63,-6.78,1.34,-0.96,0.33,352,329,341,372,346
-0.19,-7.13,-6.18,1.14,-0.85,0.65,354,329,345,373,345
-4.39,-11.72,-5.53,0.43,-0.13,0.32,354,330,346,372,344
-4.72,-9.68,-5.53,-0.44,0.48,0.12,354,330,345,370,344
-0.42,-6.17,-6.32,-0.98,0.75,-0.27,353,329,344,370,344
5.05,-2.99,-7.78,-0.95,0.83,-0.41,352,329,343,370,345
6.86,-0.50,-8.34,-0.71,0.59,-0.18,351,329,342,369,346
8.28,1.64,-10.02,-0.16,0.10,-0.21,351,329,341,369,347
7.04,1.39,-10.06,0.59,-0.25,-0.10,351,329,341,369,346
6.04,-2.34,-7.50,1.18,-0.74,0.27,351,329,341,368,346
2.13,-6.91,-6.03,1.15,-0.90,0.69,352,329,341,368,344
-2.90,-9.10,-5.69,0.62,-0.79,0.38,353,329,345,370,344
-4.19,-11.28,-5.66,-0.05,-0.16,-0.68,353,330,345,372,344
END
-1.23,-5.72,-6.41,-1.06,0.47,-0.37,357,334,351,376,356
0.95,-6.82,-7.39,0.09,-0.00,0.16,357,335,353,377,361
1.20,-7.62,-7.14,-0.05,0.17,0.32,356,335,353,378,363
-0.24,-6.75,-7.48,-0.34,0.33,0.42,357,335,353,378,364
-0.45,-6.96,-7.24,-0.51,0.44,0.58,356,334,353,378,366
-0.69,-5.25,-7.37,-0.69,0.78,0.51,356,334,353,378,368
2.72,-4.13,-7.67,-0.66,0.94,0.27,355,334,352,377,372
4.13,-2.35,-8.05,-0.85,0.90,-0.06,353,333,351,377,376
5.13,2.15,-8.31,-0.96,0.34,-1.10,353,332,350,377,374
9.35,1.81,-10.95,0.57,-1.04,-0.57,354,334,348,376,358
5.58,3.38,-12.03,0.85,-1.15,0.52,356,338,351,376,354
1.69,-2.44,-8.49,1.20,-0.52,-0.16,358,339,352,375,350
1.36,-1.95,-7.70,1.01,-1.10,-0.80,358,339,352,374,349
0.45,-6.63,-6.41,1.27,-0.93,-0.46,358,338,351,373,349
-4.10,-11.87,-4.28,1.00,-0.48,0.29,358,338,352,373,348
-7.55,-11.99,-4.44,0.11,0.32,0.51,358,338,354,374,348
-2.96,-8.67,-4.83,-0.60,1.06,-0.09,357,338,352,374,347
1.84,-6.88,-5.99,-1.07,1.38,0.32,356,338,351,374,349
2.84,-3.60,-6.70,-1.36,1.23,0.19,356,338,351,373,355
6.47,0.09,-9.13,-1.08,1.01,-0.46,355,337,350,373,361
7.85,3.04,-11.27,-0.48,0.39,0.25,354,337,349,373,367
7.80,2.93,-11.11,0.33,-0.37,-0.03,354,337,349,373,367
5.47,0.49,-9.32,0.93,-0.75,-0.10,354,337,350,373,366
4.69,-3.98,-7.56,1.21,-1.10,-0.22,354,336,350,372,364
-1.06,-8.01,-5.48,0.96,-1.13,0.27,355,336,352,373,360
-6.43,-11.28,-5.47,0.10,-0.72,0.13,357,337,355,374,355
-8.05,-7.77,-7.57,-0.57,0.24,0.19,357,337,356,375,355
-1.74,-5.26,-6.17,-0.79,1.30,-0.23,356,337,353,374,354
4.93,-3.63,-6.84,-0.85,1.32,-0.17,353,335,348,374,356
6.98,0.55,-9.42,-0.85,0.85,0.12,353,335,347,374,357
7.91,3.36,-11.82,-0.05,-0.04,-0.17,353,335,347,373,358
6.22,0.82,-10.29,0.76,-0.49,-0.09,353,335,347,373,357
3.01,-0.31,-8.74,1.09,-0.81,-0.37,353,335,348,373,357
4.87,-3.06,-6.91,1.48,-1.06,-0.92,353,335,347,373,356
0.06,-8.95,-4.98,1.34,-0.98,0.39,353,334,349,373,354
-7.95,-13.85,-3.29,0.43,-0.46,0.92,354,335,354,374,351
END
-7.83,-10.48,-5.37,-0.86,0.74,-0.18,355,336,351,374,353
3.18,-3.93,-8.97,0.05,0.02,-0.10,355,336,351,374,353
3.97,-3.10,-8.59,0.11,-0.18,-0.21,355,336,351,374,353
3.06,-3.63,-8.64,0.24,-0.40,-0.13,355,336,351,374,353
0.84,-4.82,-8.95,0.20,-0.46,-0.13,355,336,351,374,353
0.49,-6.11,-7.85,0.31,-0.18,0.03,355,335,351,374,352
-1.69,-8.89,-7.02,-0.07,0.05,0.70,354,335,351,373,352
-1.47,-6.78,-7.26,-0.52,0.45,0.16,354,334,350,371,352
2.33,-4.26,-8.10,-0.69,0.55,0.00,353,333,349,371,351
3.53,-1.08,-9.33,-0.53,0.42,0.02,353,333,348,371,351
4.72,0.04,-10.49,-0.08,0.24,0.20,353,333,348,370,351
5.99,1.28,-9.73,0.51,-0.16,-0.45,352,333,347,370,350
5.31,-0.60,-8.99,0.96,-0.62,-0.46,352,332,347,370,350
3.61,-5.22,-6.86,1.16,-0.73,-0.52,352,332,347,370,350
0.06,-8.77,-5.85,0.83,-0.48,-0.17,352,334,347,370,349
-3.76,-12.72,-5.23,-0.07,-0.11,0.30,352,332,349,370,348
-4.10,-9.83,-6.70,-0.76,0.33,-0.06,352,333,349,370,348
-0.67,-6.37,-7.27,-1.06,0.72,-0.09,352,332,348,370,348
3.80,-2.70,-7.72,-1.00,0.82,0.23,352,332,347,370,349
6.32,-1.57,-8.60,-0.75,0.63,0.40,351,332,346,369,350
6.69,0.76,-9.26,-0.45,0.30,0.33,351,332,345,368,351
5.89,3.26,-10.27,0.16,-0.17,-0.21,351,332,345,374,351
5.14,1.98,-9.19,0.75,-0.46,-0.25,351,332,345,387,352
5.05,-0.70,-7.68,1.24,-0.65,-0.45,351,332,346,387,351
3.44,-6.22,-6.69,1.38,-0.91,-0.19,351,331,347,378,350
-2.55,-12.88,-4.42,0.69,-0.65,0.93,351,331,350,375,349
-8.94,-12.36,-6.45,-0.61,0.20,-0.18,352,331,352,374,348
-1.90,-7.63,-6.04,-0.96,0.57,-0.60,351,330,347,373,348
0.93,-3.28,-7.65,-1.25,1.02,0.32,351,331,347,373,349
3.55,-0.06,-8.42,-0.86,0.96,0.21,350,331,346,373,349
6.12,0.80,-9.72,-0.48,0.62,-0.01,351,331,345,372,351
8.46,2.63,-9.41,0.05,0.31,-0.04,350,331,345,372,353
7.77,2.71,-9.61,0.61,-0.22,-0.35,350,331,344,372,352
5.74,0.92,-8.94,1.07,-0.57,-0.54,351,331,345,372,352
5.40,-3.02,-8.20,1.33,-0.82,-0.78,351,331,345,372,351
4.08,-7.27,-6.73,1.32,-1.05,-0.02,351,331,346,372,351
END
0.63,-12.16,-4.39,1.08,-1.02,0.51,355,334,351,375,350
3.10,-4.36,-8.97,0.05,-0.01,-0.17,355,334,350,375,350
3.53,-4.44,-8.31,0.06,-0.02,-0.10,355,334,350,375,350
3.00,-4.50,-8.53,0.04,-0.12,-0.15,355,334,350,375,351
3.57,-4.13,-8.90,0.14,-0.12,-0.05,356,334,351,375,351
3.04,-4.41,-8.51,0.17,-0.16,0.15,356,335,352,377,351
3.35,-4.52,-8.11,0.19,-0.17,0.02,356,335,352,377,351
2.40,-6.07,-7.95,0.14,-0.29,0.28,356,335,352,377,351
-1.89,-8.84,-6.74,-0.17,-0.02,0.86,356,334,355,378,351
-3.07,-7.01,-6.53,-0.80,0.71,0.05,356,335,354,378,351
1.50,-2.15,-7.47,-1.06,0.73,-0.83,356,334,353,377,353
6.26,0.76,-8.72,-0.79,0.75,-0.73,354,334,352,378,357
9.89,3.19,-9.83,-0.02,0.56,0.88,354,333,351,379,364
8.55,0.85,-8.76,0.78,-0.23,0.52,354,333,351,379,364
6.50,-2.93,-8.20,0.85,-1.16,-0.16,354,333,351,378,363
2.62,-3.52,-7.93,0.88,-1.22,-0.31,355,334,351,378,360
-0.94,-7.49,-6.54,0.81,-0.92,-0.00,356,334,352,378,358
-5.98,-10.08,-5.97,0.16,-0.54,0.27,357,334,355,378,354
-5.86,-8.84,-6.22,-0.31,0.46,-0.06,357,334,356,378,354
-0.42,-5.93,-6.14,-0.78,1.00,-0.56,356,334,352,377,354
5.26,-2.82,-8.16,-0.97,0.82,-0.23,356,334,352,377,355
8.29,0.22,-8.99,-0.31,0.80,0.61,355,334,351,378,360
9.14,0.42,-10.81,-0.03,-0.02,0.11,354,334,352,378,362
6.96,0.62,-9.27,0.73,-0.90,-0.49,354,334,351,378,361
4.06,-2.51,-7.80,1.17,-1.05,-0.52,353,333,351,377,358
-0.73,-8.87,-5.30,1.07,-1.04,-0.10,354,333,352,377,355
-6.55,-11.61,-4.68,0.26,-0.37,0.79,355,333,356,378,352
-6.26,-9.32,-6.96,-0.69,0.97,-0.21,354,333,355,379,352
3.22,-5.20,-6.15,-1.05,1.11,-0.77,353,333,352,377,356
7.01,-0.94,-8.85,-1.05,0.89,-0.02,352,333,351,377,359
8.74,1.90,-10.80,-0.32,0.36,0.11,352,333,349,377,359
8.36,1.82,-10.18,0.44,-0.52,0.04,352,332,348,376,359
4.96,0.65,-8.48,1.03,-1.03,-0.38,352,332,348,376,357
3.26,-6.40,-6.38,1.38,-1.13,-0.35,353,332,350,376,355
-4.68,-11.17,-5.16,0.38,-0.49,1.18,355,333,355,377,351
-7.90,-8.76,-7.25,-0.87,0.44,-0.31,356,334,357,379,351
END
1.07,-4.64,-6.58,-0.97,0.81,-1.15,350,322,345,371,358
3.27,-4.64,-8.04,-0.26,0.23,-0.02,350,321,344,371,357
2.26,-4.21,-8.36,-0.28,0.04,-0.02,349,321,344,371,357
2.80,-3.42,-8.89,-0.18,-0.01,-0.36,349,321,344,370,357
3.11,-1.61,-9.61,0.18,-0.04,-0.23,349,321,344,370,356
3.69,-6.25,-8.22,0.58,-0.30,0.31,349,321,344,371,356
-4.72,-9.47,-5.93,0.01,0.25,1.99,352,323,348,372,356
-5.18,-7.81,-7.01,-0.92,1.04,0.02,352,323,347,372,353
2.66,-3.55,-6.52,-0.94,1.15,-0.87,350,323,346,372,355
8.97,0.74,-8.39,-0.83,1.05,-0.39,348,323,342,371,355
10.15,3.88,-9.53,-0.09,0.27,0.16,348,323,341,371,356
7.66,0.92,-9.26,0.63,-0.61,-0.02,348,325,340,370,355
5.57,-2.89,-8.69,0.80,-1.22,-0.04,350,326,344,372,355
3.15,-4.23,-7.58,0.87,-1.20,-0.04,351,327,348,373,354
-1.15,-8.15,-7.16,0.62,-0.98,-0.09,352,328,351,375,353
-5.08,-8.05,-6.58,0.31,-0.35,0.40,353,328,352,376,352
-7.65,-8.49,-6.49,-0.28,0.52,0.49,354,331,355,376,351
-2.05,-5.25,-5.97,-0.68,1.19,-0.45,353,330,352,375,351
4.48,-3.49,-8.05,-0.83,1.10,-0.28,352,332,352,376,352
9.31,-1.06,-8.89,-0.31,0.97,0.27,353,333,349,375,352
10.12,0.22,-10.34,-0.01,-0.10,-0.11,353,335,350,376,352
7.29,0.36,-9.65,0.63,-0.82,-0.12,353,335,350,376,351
3.75,-2.86,-7.57,0.96,-1.06,-0.06,354,334,350,376,351
-0.42,-7.43,-6.13,0.88,-1.19,0.26,356,334,352,376,349
-7.11,-9.57,-4.83,0.38,-0.72,0.63,358,336,357,377,349
-7.82,-8.51,-6.52,-0.47,0.59,-0.13,360,338,358,377,348
-1.51,-4.68,-6.17,-0.89,1.15,-0.61,358,338,355,377,348
5.48,-2.53,-7.57,-0.94,1.12,-0.34,355,336,353,376,350
6.55,1.05,-10.00,-0.56,0.59,-0.04,355,337,352,376,351
8.25,2.97,-11.46,0.41,-0.16,-0.30,356,339,352,376,352
6.66,-0.45,-9.57,1.10,-0.77,-0.01,357,339,352,376,352
2.86,-4.55,-6.21,1.46,-1.06,0.44,356,338,352,375,350
-4.40,-10.39,-4.62,0.69,-0.79,0.54,357,337,356,376,349
-7.85,-11.35,-6.08,-0.23,-0.04,-0.01,357,337,357,376,348
-3.91,-6.35,-6.17,-0.75,0.75,-0.85,356,337,353,376,346
3.77,-3.47,-7.07,-1.10,0.87,-0.58,354,336,351,376,345
END
6.22,0.48,-9.61,-0.78,0.73,-0.08,355,337,351,374,356
2.40,-3.28,-8.85,-0.05,-0.02,0.09,355,336,351,372,358
3.95,-2.79,-9.12,0.06,-0.02,-0.06,354,335,350,372,357
3.60,-2.82,-8.84,0.15,-0.10,-0.03,353,334,349,372,358
2.84,-3.02,-8.87,0.10,-0.21,-0.03,354,334,349,371,357
2.12,-3.29,-9.35,0.08,-0.15,0.04,353,333,349,370,358
3.71,-0.67,-9.30,0.30,0.01,-0.06,353,333,349,371,357
6.15,-1.06,-9.50,0.66,-0.59,-0.65,352,333,348,371,354
4.45,-4.39,-7.40,1.00,-1.04,-0.32,352,333,349,371,352
-1.89,-9.14,-5.88,0.83,-1.00,0.52,353,333,350,371,349
-7.09,-10.11,-6.22,-0.13,-0.09,-0.10,353,333,351,371,348
-2.81,-7.67,-6.70,-0.56,0.42,-0.24,353,333,351,371,347
0.04,-5.46,-7.11,-0.81,0.92,0.17,352,332,350,371,347
1.77,-2.42,-8.41,-0.86,0.90,0.10,352,333,349,371,348
5.99,-1.31,-9.62,-0.59,0.46,0.12,352,333,349,370,351
7.82,0.40,-10.58,-0.08,0.09,0.20,352,333,348,369,351
5.73,1.84,-10.30,0.50,-0.51,-0.31,352,333,347,368,349
4.21,-0.04,-8.26,1.00,-0.96,-0.44,352,333,348,368,348
0.85,-8.71,-5.99,1.25,-1.07,0.00,352,333,352,370,347
-9.90,-12.56,-5.01,0.49,-0.31,0.91,355,333,354,370,345
-7.28,-9.17,-6.92,-0.74,0.71,-0.42,354,333,353,369,345
2.43,-2.83,-6.93,-1.11,0.82,-0.84,352,332,351,369,345
5.81,-0.35,-8.19,-0.74,0.93,0.01,351,331,348,369,345
5.53,2.02,-11.15,-0.10,0.25,0.17,351,332,345,369,345
5.58,1.74,-10.74,0.62,-0.31,-0.24,351,332,344,369,345
3.45,0.04,-9.28,1.02,-0.65,-0.55,351,331,343,369,346
4.02,-5.42,-7.42,1.23,-0.79,-0.51,351,329,343,369,345
0.05,-12.41,-4.62,1.01,-0.43,0.82,351,327,344,369,345
-7.82,-13.78,-5.07,-0.34,0.04,0.39,351,327,346,369,345
-2.56,-7.80,-5.89,-0.68,0.50,-0.56,351,326,345,370,344
2.53,-4.96,-7.24,-1.08,0.80,-0.03,351,327,344,370,344
5.69,-0.65,-8.43,-0.74,0.57,0.28,351,329,344,371,345
6.15,1.55,-10.41,-0.27,0.17,0.32,351,330,343,371,346
4.82,1.49,-10.15,0.35,-0.28,-0.03,352,332,343,371,345
4.59,-0.83,-9.11,0.83,-0.76,-0.46,352,332,343,371,346
1.94,-4.97,-7.35,0.88,-0.98,-0.20,352,332,346,371,345
END
-5.32,-11.26,-5.87,0.59,-0.50,0.37,351,333,350,375,376
1.62,-4.51,-8.69,0.39,-0.30,-0.36,352,333,349,375,368
0.17,-7.03,-7.84,0.11,-0.08,0.50,352,333,348,373,360
-1.71,-6.33,-7.79,-0.24,0.35,0.46,352,333,347,373,359
1.04,-4.87,-7.77,-0.50,0.51,-0.06,351,332,345,372,359
3.04,-3.03,-8.64,-0.52,0.56,-0.19,350,331,344,372,356
3.88,-2.38,-9.33,-0.55,0.61,-0.41,349,329,342,371,355
4.80,-2.34,-8.61,-0.38,0.17,-0.71,348,327,337,369,352
7.17,0.62,-10.43,-0.07,-0.08,0.46,347,326,338,370,351
5.35,2.84,-10.38,0.51,-0.16,0.49,347,326,335,369,349
5.41,-1.13,-8.23,1.01,-0.95,-0.02,347,325,335,369,349
2.83,-5.11,-7.16,1.21,-1.14,0.18,349,326,336,369,349
-2.88,-8.68,-5.75,1.08,-0.57,0.02,350,327,337,369,348
-5.81,-11.56,-4.95,0.03,0.00,0.18,350,327,337,368,347
-4.44,-8.04,-6.32,-0.90,0.70,-0.23,349,327,337,368,347
2.50,-4.40,-7.06,-1.09,0.89,-0.51,348,327,336,368,346
5.74,-0.57,-9.37,-0.82,0.78,-0.06,347,327,335,368,346
7.24,2.19,-10.88,-0.13,0.33,-0.07,347,326,335,367,346
6.84,0.92,-9.35,0.73,-0.45,-0.19,346,326,334,367,346
4.30,-2.05,-7.63,1.17,-0.81,-0.25,346,327,335,367,345
0.78,-9.01,-5.63,1.17,-0.74,0.22,347,326,335,367,344
-6.40,-10.80,-5.53,-0.04,0.09,0.24,348,327,336,367,345
-2.08,-8.97,-6.68,-0.54,0.37,-0.38,347,327,335,366,343
1.97,-5.48,-7.39,-0.98,0.69,0.02,347,327,335,366,342
3.84,-2.51,-8.54,-1.00,0.84,0.22,347,327,335,367,343
6.91,-0.28,-10.32,-0.27,0.18,0.12,346,328,334,366,344
7.16,1.24,-10.32,0.46,-0.35,0.36,346,331,334,367,344
4.49,-1.24,-8.05,0.94,-0.96,-0.04,347,331,334,366,344
0.49,-5.93,-6.20,0.91,-1.26,0.07,348,331,336,366,344
-5.45,-9.95,-5.27,0.46,-0.38,0.13,348,330,337,367,343
-6.60,-10.06,-6.02,-0.61,0.37,0.10,348,329,337,367,343
-0.39,-4.65,-7.00,-0.91,1.03,-0.59,347,328,335,367,343
5.59,-2.67,-8.55,-0.85,1.02,-0.11,346,327,334,366,342
6.07,0.00,-10.15,-0.51,0.53,0.33,345,327,332,367,341
5.56,1.39,-10.93,0.18,-0.10,-0.07,345,327,331,367,342
5.27,0.51,-9.38,0.92,-0.95,-0.55,344,327,330,367,342
END
2.66,-4.92,-6.24,1.23,-1.24,-0.19,347,326,332,363,342
2.77,-2.40,-9.36,-0.04,-0.04,0.05,348,326,332,363,342
2.33,-0.94,-9.72,0.26,-0.05,-0.01,348,327,333,363,342
2.44,-2.29,-9.42,0.56,-0.16,-0.00,348,327,333,360,342
2.66,-5.13,-8.87,0.65,-0.43,-0.28,348,326,333,359,342
2.32,-6.56,-7.82,0.66,-0.54,-0.07,348,327,333,358,343
-0.92,-8.48,-7.04,0.43,-0.56,0.05,348,327,334,358,342
-4.52,-10.80,-5.23,0.02,-0.12,0.68,349,327,337,358,342
-5.48,-8.87,-5.83,-0.73,0.81,0.34,349,327,338,359,342
2.58,-3.71,-6.89,-1.07,1.09,-0.29,347,327,335,358,342
5.93,-0.66,-8.53,-0.84,0.93,-0.10,346,326,335,360,342
7.01,2.09,-10.94,-0.23,0.29,0.13,346,326,334,360,344
5.43,1.40,-10.19,0.50,-0.25,-0.14,347,327,334,360,344
4.95,-1.14,-8.69,1.04,-0.73,-0.36,347,327,334,360,344
3.31,-4.83,-6.65,1.17,-1.00,-0.15,347,327,335,360,343
-2.70,-9.08,-5.79,0.87,-0.95,0.11,350,329,340,361,342
-7.70,-12.52,-5.23,0.07,0.02,0.49,352,330,343,361,342
-4.11,-9.62,-5.33,-0.59,0.94,0.04,351,329,341,362,342
2.50,-6.08,-5.54,-1.06,1.13,-0.26,348,329,338,361,342
6.16,-1.56,-7.95,-1.17,0.85,0.04,347,328,337,362,343
4.92,1.10,-9.79,-0.90,0.42,-0.65,347,327,338,363,347
7.26,3.80,-11.97,0.27,-0.37,-0.18,347,327,337,365,349
4.03,0.95,-9.18,0.80,-0.55,-0.00,348,327,337,364,347
3.52,-1.72,-7.73,1.16,-1.19,-0.55,348,327,337,364,346
1.76,-7.46,-6.84,1.19,-1.13,-0.31,349,327,339,364,345
-5.05,-12.71,-5.23,0.73,-0.45,0.19,350,328,343,366,344
-8.63,-11.54,-5.69,-0.49,0.21,0.35,351,329,344,367,344
-1.38,-4.85,-7.30,-0.92,0.89,-0.23,349,328,342,367,345
4.13,-3.05,-8.19,-0.98,0.93,0.40,348,328,340,366,345
6.15,2.03,-10.02,-0.60,0.63,0.28,347,327,339,366,347
6.61,3.94,-11.74,0.33,-0.59,-0.52,347,327,338,365,347
3.47,0.14,-9.30,1.02,-0.98,-0.31,348,327,339,365,346
-1.26,-6.79,-6.10,1.27,-0.86,-0.24,350,328,340,365,345
-7.03,-13.59,-5.25,0.69,0.01,0.34,350,327,341,365,344
-6.11,-10.05,-6.25,-0.74,0.88,-0.48,349,327,339,366,343
3.76,-3.59,-7.01,-1.02,0.98,-0.88,347,327,337,365,345
END
7.42,1.16,-8.87,-0.99,0.70,-0.24,335,315,308,348,336
5.01,-2.34,-9.11,0.15,0.01,-0.18,335,315,306,348,336
4.31,-2.42,-8.84,0.44,-0.18,0.09,334,316,308,348,337
2.67,-5.14,-8.04,0.54,-0.47,0.02,335,316,309,349,336
1.48,-5.83,-7.30,0.53,-0.48,-0.19,335,318,310,349,337
0.37,-7.70,-6.88,0.35,-0.40,-0.09,336,317,313,350,337
-1.26,-10.60,-5.81,0.06,-0.01,0.38,337,318,314,351,337
-2.60,-8.14,-5.82,-0.68,0.67,0.43,340,320,318,352,337
1.41,-5.50,-6.93,-0.88,0.77,-0.02,343,328,322,354,337
4.46,-3.53,-7.89,-0.80,0.74,0.01,345,331,327,356,338
5.50,-0.64,-8.76,-0.33,0.56,0.28,344,330,326,356,338
6.94,-0.19,-9.91,0.18,-0.06,-0.11,343,329,325,355,338
6.86,-1.31,-9.66,0.52,-0.67,-0.31,343,328,325,355,338
4.32,-2.96,-7.81,0.90,-0.95,-0.46,344,328,325,355,338
-0.91,-9.05,-5.92,1.00,-0.87,-0.04,344,328,325,355,338
-4.92,-12.07,-4.80,0.32,-0.43,0.18,346,328,326,355,337
-5.20,-9.45,-5.79,-0.46,0.32,0.02,346,328,328,355,337
-0.11,-6.55,-6.90,-0.81,0.84,-0.05,345,328,327,356,337
3.63,-2.84,-7.88,-0.84,0.85,0.12,344,328,327,356,337
7.21,-0.18,-9.33,-0.33,0.57,-0.08,344,327,326,356,338
8.02,1.43,-10.55,0.30,-0.10,-0.15,342,326,326,356,337
6.05,-0.83,-8.84,1.13,-0.83,-0.29,343,326,326,355,338
3.31,-4.92,-6.32,1.33,-0.95,0.15,343,326,326,355,337
-3.39,-10.68,-4.29,0.90,-0.60,0.52,344,325,326,354,337
-6.11,-12.78,-4.83,-0.23,-0.07,0.12,344,325,326,354,336
-3.30,-8.02,-5.84,-0.97,0.59,-0.26,344,324,326,354,335
1.49,-4.78,-6.89,-1.00,0.96,0.03,343,324,326,355,336
5.08,-2.79,-7.82,-0.83,0.96,0.05,343,324,326,355,336
7.33,1.97,-11.17,-0.22,0.02,-0.81,342,324,325,355,336
7.31,1.46,-10.88,0.82,-0.76,-0.13,342,324,325,354,337
3.34,-1.95,-7.11,1.46,-0.83,0.16,342,324,325,355,337
-0.71,-11.66,-4.13,1.47,-0.86,0.27,343,324,325,354,336
-8.49,-13.14,-3.52,-0.18,0.26,0.56,344,324,326,354,337
-3.16,-8.36,-4.95,-0.86,0.71,-0.69,343,324,326,353,336
3.67,-3.82,-6.91,-1.22,0.91,-0.30,343,324,325,354,336
4.69,-1.38,-8.83,-0.94,0.92,0.27,343,324,325,354,336
END
6.96,0.74,-11.04,-0.28,0.19,-0.07,344,326,328,357,338
2.45,-5.64,-8.13,0.42,-0.52,-0.22,344,325,328,357,338
0.29,-7.02,-7.19,0.30,-0.41,0.02,345,326,328,357,338
-1.92,-8.47,-6.92,-0.01,-0.01,0.24,346,326,329,357,338
-1.59,-8.20,-6.47,-0.34,0.61,0.45,346,326,329,357,338
1.45,-5.03,-6.65,-0.66,0.98,0.31,346,326,329,357,339
4.73,-3.47,-8.51,-0.63,0.63,-0.08,345,326,328,357,340
7.42,-0.01,-10.21,-0.27,0.38,0.03,344,325,329,358,341
7.85,0.45,-10.09,0.26,-0.07,-0.01,344,325,329,358,341
6.02,-1.69,-8.63,0.79,-0.77,-0.19,344,325,329,357,341
2.61,-6.28,-6.83,0.86,-1.01,-0.42,344,325,329,357,340
-1.06,-10.06,-5.74,0.55,-0.61,-0.12,345,324,331,357,340
-6.13,-10.61,-5.52,-0.58,0.29,0.36,347,323,333,358,339
-1.82,-6.83,-7.01,-0.74,0.79,-0.30,345,323,331,357,339
4.44,-4.19,-7.70,-0.66,0.90,-0.04,344,322,328,358,340
6.25,-1.80,-8.52,-0.46,0.71,0.17,343,322,328,358,341
8.46,-0.61,-9.23,0.00,0.14,-0.05,342,321,327,358,342
8.00,1.62,-10.08,0.42,-0.43,-0.16,342,321,327,358,342
5.51,-0.61,-8.51,0.95,-1.06,-0.49,342,321,327,358,341
3.69,-5.71,-6.11,1.38,-1.19,0.02,343,321,328,358,340
-4.66,-11.39,-4.25,0.76,-0.33,0.88,346,322,331,358,339
-8.15,-11.86,-5.65,-0.56,0.53,-0.08,346,322,332,356,339
0.28,-6.45,-6.32,-0.84,0.53,-0.90,344,321,329,355,339
4.82,-3.27,-8.18,-1.12,0.74,-0.12,344,321,329,355,340
5.46,-0.65,-9.61,-0.67,0.55,0.19,343,321,328,355,341
7.11,0.64,-11.03,0.02,0.22,-0.13,342,321,326,355,342
7.55,0.73,-9.21,0.74,-0.34,0.09,342,320,324,354,341
4.53,-1.31,-7.80,1.10,-0.91,-0.18,342,320,324,354,341
0.99,-7.06,-5.92,1.01,-0.99,0.03,343,320,325,354,340
-3.53,-10.07,-4.97,0.54,-0.30,0.41,344,321,327,354,339
-3.70,-10.86,-5.69,-0.37,0.23,0.08,344,321,327,354,339
0.32,-8.32,-5.66,-0.82,0.70,0.13,344,319,327,354,338
3.05,-5.22,-7.57,-1.10,0.87,0.12,343,318,326,354,338
5.36,0.01,-9.50,-0.82,0.47,-0.07,342,318,326,355,339
7.26,1.99,-11.30,-0.11,0.02,0.14,342,317,325,355,340
5.30,1.28,-10.16,0.55,-0.49,0.03,342,317,325,355,340
END
3.61,-2.30,-8.08,1.00,-0.80,-0.26,343,321,328,359,340
2.96,-2.57,-8.57,-0.25,0.26,-0.08,342,321,328,359,340
2.76,-1.74,-8.80,-0.08,0.08,-0.13,342,321,328,359,340
3.16,-3.70,-9.06,0.12,0.04,-0.25,343,321,328,361,340
5.00,-4.21,-7.96,0.19,0.36,0.16,342,321,328,361,340
6.28,-3.29,-9.19,0.22,0.01,-0.38,342,321,328,361,340
8.26,-2.58,-9.07,0.46,-0.56,-0.12,341,321,327,359,341
3.68,-4.18,-7.54,0.96,-0.99,0.39,342,320,327,357,340
-2.71,-9.82,-4.85,0.78,-0.76,0.81,343,320,328,356,339
-7.87,-10.73,-4.41,0.01,-0.07,0.66,344,321,330,357,339
-4.24,-9.58,-5.16,-0.74,0.64,-0.48,343,321,330,357,338
2.81,-4.34,-5.79,-1.26,0.94,-0.48,342,321,329,357,339
6.88,-1.62,-8.57,-1.10,0.78,-0.11,342,320,329,359,341
8.09,1.20,-9.82,-0.36,0.64,0.40,342,320,329,359,342
7.07,2.27,-11.12,0.38,-0.21,-0.18,341,321,328,359,342
6.46,0.03,-8.97,1.01,-0.87,-0.08,342,320,328,359,342
2.20,-5.74,-6.70,1.27,-0.95,0.36,342,321,329,359,341
-5.94,-11.23,-4.72,0.73,-0.58,0.71,344,322,333,360,340
-8.42,-10.86,-5.41,-0.56,0.64,-0.10,345,322,334,361,339
-0.65,-6.50,-5.12,-0.99,1.04,-1.03,343,321,332,361,341
6.47,-0.34,-7.06,-1.28,0.77,-1.18,341,320,330,360,345
9.20,1.97,-10.50,-0.48,0.30,0.23,341,320,329,360,349
6.91,1.58,-10.50,0.26,-0.05,0.46,341,320,329,361,348
6.08,-0.08,-9.33,0.95,-0.76,0.10,341,320,329,360,347
3.32,-4.44,-7.01,1.14,-0.89,0.62,341,321,329,360,345
-2.58,-8.39,-5.97,0.69,-0.71,0.27,343,321,331,360,343
-5.42,-9.15,-5.73,-0.09,-0.10,0.05,345,323,337,361,343
-3.27,-7.77,-6.72,-0.52,0.69,-0.12,345,324,338,362,344
1.77,-3.64,-6.73,-0.96,0.90,-0.75,343,324,336,362,344
6.78,-1.26,-9.21,-0.65,0.49,-0.18,342,324,335,363,346
7.66,0.70,-10.32,-0.10,0.34,0.33,343,324,335,363,346
8.08,-0.39,-10.07,0.59,-0.46,-0.08,343,325,335,363,346
4.26,-2.72,-8.05,1.08,-0.94,0.33,345,325,336,364,344
-0.04,-8.39,-5.74,0.98,-0.98,0.27,348,326,337,364,343
-6.33,-10.88,-4.77,0.25,-0.39,0.62,349,327,341,364,342
-6.05,-7.88,-6.32,-0.66,0.70,-0.31,350,328,343,364,342
END
1.96,-4.87,-6.58,-1.06,1.02,-0.60,347,327,340,367,351
6.64,-0.39,-9.71,0.19,-0.26,-0.30,347,327,340,368,351
4.31,-1.91,-8.35,0.64,-0.55,-0.05,347,327,340,367,351
3.71,-4.57,-7.70,0.88,-0.66,-0.28,347,327,340,367,349
0.52,-9.28,-6.14,0.89,-0.25,0.28,347,327,339,367,348
-3.76,-10.32,-5.38,-0.10,0.19,0.42,347,326,337,366,345
-1.73,-8.34,-6.45,-0.62,0.29,-0.24,346,326,337,366,344
1.72,-5.42,-7.76,-0.93,0.63,-0.12,346,325,337,365,344
5.48,-1.39,-8.36,-0.68,0.69,-0.19,345,325,336,366,346
7.85,0.32,-9.60,-0.10,0.23,0.04,345,324,335,365,347
6.58,1.23,-9.83,0.49,-0.31,0.02,344,324,334,365,347
4.80,-1.44,-7.68,1.01,-0.67,-0.25,346,325,334,366,346
2.12,-8.02,-5.86,0.99,-0.78,0.25,347,325,335,365,345
-4.73,-10.22,-5.94,0.40,-0.07,0.04,348,326,336,365,344
-2.82,-10.38,-5.23,-0.14,0.38,-0.40,348,327,336,365,343
-0.08,-7.35,-6.60,-0.94,0.62,-0.13,349,327,335,365,343
3.99,-2.98,-7.62,-0.82,0.75,-0.16,347,327,334,365,344
7.45,-2.09,-8.79,-0.41,0.58,0.48,346,326,333,364,347
8.08,-1.11,-8.66,-0.15,0.25,0.76,344,325,332,364,347
6.56,0.19,-9.67,0.36,-0.69,-0.29,344,325,332,364,347
5.21,-2.39,-8.49,0.81,-0.88,-0.28,345,325,332,364,346
0.88,-5.43,-6.73,0.84,-0.82,-0.17,346,325,332,364,344
-0.79,-9.88,-5.69,0.69,-0.76,-0.22,347,325,333,363,344
-5.29,-12.38,-5.18,-0.33,0.08,0.42,349,327,336,363,343
-1.81,-7.67,-5.99,-0.86,0.64,-0.36,348,325,334,363,343
4.11,-4.03,-7.75,-0.97,0.69,-0.15,347,326,334,363,344
6.13,-0.35,-9.16,-0.63,0.48,0.16,346,326,333,363,344
6.98,2.37,-10.97,0.02,-0.13,-0.13,346,326,333,364,345
5.14,0.70,-8.99,0.81,-0.71,-0.25,346,327,333,363,345
2.20,-4.87,-6.68,1.19,-0.78,-0.18,347,328,334,363,344
-1.97,-10.42,-5.08,0.71,-0.36,0.40,349,327,336,363,344
-5.46,-11.21,-5.79,-0.38,0.29,0.00,349,328,338,364,344
-0.85,-6.70,-6.47,-1.02,0.55,-0.95,348,327,336,364,343
5.00,-2.34,-8.07,-1.09,0.60,-0.41,347,327,336,364,346
6.04,1.71,-10.17,-0.58,0.46,0.15,347,327,336,364,347
6.98,2.20,-10.60,0.39,0.16,0.18,347,327,335,364,346
END
4.93,-0.24,-8.88,0.87,-0.37,-0.12,348,327,341,361,365
-8.24,-10.70,-5.31,-0.16,0.23,0.51,349,328,342,362,355
-3.50,-7.12,-5.44,-0.64,0.90,-0.58,349,328,341,362,352
3.99,-3.93,-7.72,-0.95,1.00,-0.62,348,328,339,362,352
5.42,0.37,-9.63,-0.71,0.59,0.06,347,327,337,361,353
5.49,2.63,-11.46,-0.02,-0.02,-0.26,347,327,335,361,352
5.84,1.16,-10.27,0.72,-0.42,-0.31,347,327,334,360,351
3.42,-3.31,-7.34,1.16,-0.92,-0.10,348,327,333,360,350
-1.67,-10.47,-5.15,1.17,-0.76,0.62,350,328,338,361,348
-8.26,-11.65,-5.63,0.02,0.06,0.59,353,329,340,362,347
-3.02,-7.86,-6.26,-0.78,0.58,-0.71,352,328,340,363,347
2.86,-4.26,-7.24,-1.21,0.77,-0.60,350,328,339,364,347
5.86,0.80,-9.71,-0.82,0.69,-0.13,349,327,337,364,348
6.65,3.68,-11.77,0.04,0.06,0.02,348,327,335,364,348
5.58,2.49,-10.34,1.00,-0.67,-0.58,348,327,334,364,347
4.20,-4.40,-6.25,1.46,-0.84,-0.04,349,328,335,364,347
-2.48,-11.01,-4.38,1.04,-0.51,1.15,353,329,339,366,345
-10.42,-12.17,-5.90,-0.93,0.40,0.12,358,334,349,368,346
-2.18,-5.52,-6.17,-0.89,0.73,-1.27,355,333,346,368,347
6.15,-2.41,-8.71,-1.35,0.72,-0.85,351,331,344,368,352
7.63,3.10,-10.84,-0.39,0.60,0.58,349,328,340,368,352
5.32,2.53,-11.21,0.46,-0.43,0.15,349,328,339,367,350
4.40,0.08,-8.30,1.07,-0.78,-0.32,349,328,339,367,349
1.32,-8.17,-6.39,1.24,-0.90,0.29,350,329,340,367,347
-5.31,-9.83,-4.87,0.32,-0.43,0.74,352,329,342,368,346
-6.11,-8.61,-7.26,-0.33,0.21,-0.36,352,330,343,367,346
-1.13,-5.94,-7.19,-0.65,0.69,-0.33,351,330,342,367,346
4.29,-3.90,-7.54,-0.81,0.87,-0.00,350,330,342,368,349
3.40,-0.62,-9.78,-0.70,0.62,0.24,351,330,346,370,362
5.92,0.04,-10.57,0.18,0.11,-0.18,351,330,346,370,369
6.90,0.68,-9.64,0.65,-0.47,-0.21,350,330,346,371,372
4.64,-2.01,-7.50,1.41,-1.14,0.02,350,330,345,370,370
-0.54,-10.40,-4.07,1.32,-1.39,0.81,351,329,346,369,365
-13.04,-12.43,-3.48,-0.06,-0.23,0.81,352,330,351,371,360
-8.19,-8.81,-6.18,-0.85,0.89,-0.32,352,330,349,371,363
1.45,-4.03,-6.81,-1.11,1.28,-0.03,350,329,347,370,370
END
4.57,-1.46,-8.42,-0.79,1.39,0.19,350,327,343,361,366
3.48,-3.20,-8.75,-0.17,0.05,-0.06,349,327,344,360,365
2.87,-1.34,-8.61,-0.15,0.03,0.03,350,329,351,362,365
6.22,-1.44,-9.48,0.17,0.18,-0.06,349,329,352,363,364
7.97,-1.33,-8.76,0.35,-0.24,0.42,348,328,349,363,363
5.33,-1.42,-8.87,0.66,-1.03,-0.08,348,327,348,362,362
2.93,-4.63,-7.44,1.06,-1.14,-0.07,348,327,347,361,359
-2.39,-7.35,-5.28,1.14,-0.90,0.42,349,327,347,360,355
-9.11,-12.67,-4.20,0.37,0.02,0.94,350,327,347,360,351
-6.14,-10.44,-5.22,-0.65,1.03,0.01,350,328,347,361,350
2.28,-5.20,-5.91,-1.19,1.29,-0.07,349,327,346,362,353
7.41,0.10,-8.61,-0.90,1.24,0.22,348,327,343,361,356
8.96,1.22,-10.47,-0.41,0.04,0.03,347,330,341,361,356
6.20,2.05,-10.01,0.49,-0.65,-0.07,347,330,342,361,356
3.19,-1.92,-7.92,0.96,-1.00,-0.44,349,330,342,361,354
1.12,-7.54,-6.51,0.85,-1.03,-0.17,351,331,345,362,352
-6.71,-11.32,-6.13,0.05,-0.25,0.27,358,334,350,367,352
-6.94,-8.83,-7.08,-0.76,0.39,0.01,359,337,352,378,355
-0.68,-4.04,-7.38,-1.00,1.03,-0.37,356,337,350,379,358
5.20,-0.23,-8.94,-0.63,1.16,-0.17,353,335,347,379,361
10.44,5.46,-11.05,-0.04,0.16,-0.54,350,333,345,376,366
9.62,1.94,-9.41,0.99,-0.93,-0.11,350,332,344,373,364
2.91,-5.05,-6.29,1.49,-1.23,0.13,351,332,344,371,361
-5.04,-10.75,-4.13,0.87,-0.85,0.64,351,330,343,371,359
-9.31,-11.57,-6.14,-0.79,0.34,-0.33,349,329,339,371,358
-1.59,-5.11,-6.47,-0.88,0.79,-0.56,347,328,337,371,360
4.71,-1.52,-8.74,-0.83,1.15,0.19,347,328,336,371,360
7.11,1.59,-10.57,-0.33,0.54,0.23,347,328,336,370,361
7.00,1.75,-10.73,0.30,-0.44,-0.20,346,328,336,370,361
4.04,-1.62,-8.90,1.01,-0.98,-0.31,347,327,339,369,359
0.99,-6.83,-5.39,1.13,-1.03,0.42,348,324,341,369,357
-8.36,-11.31,-5.34,0.15,-0.20,0.62,350,324,346,370,354
-5.18,-8.10,-6.68,-0.64,0.60,-0.21,349,326,346,370,353
3.10,-4.62,-7.71,-0.77,0.97,-0.26,348,328,346,372,355
5.00,-1.08,-9.15,-0.75,0.89,0.32,347,327,344,372,354
5.98,1.52,-10.85,-0.23,0.12,-0.11,347,329,344,372,355
END