5.73,-5.84,-4.93,0.02,0.01,-0.01,555,480,479,513,379
6.78,-4.96,-5.05,0.02,-0.00,-0.03,554,480,479,513,379
6.58,-5.17,-4.67,0.00,-0.01,-0.02,554,479,478,512,379
6.75,-4.97,-5.02,0.02,-0.00,-0.04,553,479,478,512,379
6.82,-5.13,-4.79,0.01,-0.00,-0.03,553,479,477,512,378
6.79,-4.92,-5.25,-0.01,-0.02,-0.01,553,478,477,512,378
7.09,-5.25,-5.07,-0.02,0.01,0.05,552,478,476,513,380
6.21,-5.39,-5.29,-0.18,0.04,0.25,550,476,476,514,378
6.93,-5.36,-4.41,0.04,0.05,0.11,540,471,476,517,377
7.03,-5.32,-5.47,0.08,0.10,-0.02,512,463,470,519,372
6.68,-5.10,-4.87,-0.03,-0.06,0.09,463,441,454,518,363
6.69,-5.24,-5.19,-0.05,-0.16,0.10,414,402,425,516,359
5.92,-6.95,-5.31,0.23,-0.02,0.06,381,355,367,514,358
5.73,-5.27,-5.36,-0.08,-0.14,-0.05,370,343,351,512,358
5.79,-5.46,-5.23,0.06,0.01,0.12,361,334,334,511,358
6.20,-5.57,-5.67,0.28,0.01,-0.02,355,330,321,509,360
5.39,-5.66,-5.10,0.11,0.05,-0.02,353,327,316,508,360
6.08,-5.58,-5.02,0.06,-0.02,-0.06,350,326,314,505,362
5.98,-5.99,-4.72,0.20,0.07,-0.07,348,324,311,503,363
6.41,-6.24,-4.93,0.12,-0.09,-0.24,345,322,308,501,365
5.88,-5.92,-5.20,0.02,0.01,0.02,344,320,307,499,366
5.98,-6.12,-5.15,0.03,0.01,0.00,343,319,306,498,367
5.99,-5.94,-4.62,0.04,-0.01,-0.03,343,319,305,497,366
6.00,-5.97,-4.97,0.09,0.08,-0.01,342,319,305,497,367
6.22,-6.30,-5.02,0.02,-0.03,-0.05,343,319,305,497,367
5.86,-5.61,-4.54,0.06,0.04,-0.03,342,319,304,497,367
5.89,-6.05,-4.64,0.07,0.08,-0.04,342,318,304,497,368
6.02,-6.01,-5.13,0.03,0.02,-0.03,341,318,304,497,369
5.87,-5.92,-4.77,0.01,0.03,-0.01,342,318,304,496,370
6.14,-6.06,-4.95,0.06,0.06,0.01,342,319,304,496,372
5.89,-6.15,-4.61,0.06,0.03,-0.04,342,318,304,497,372
5.89,-6.24,-4.55,0.03,0.03,0.00,342,318,304,497,372
5.85,-6.26,-4.67,0.01,-0.01,-0.06,342,319,304,497,373
5.79,-6.13,-4.47,0.03,0.02,-0.04,342,318,304,497,373
6.02,-6.25,-4.39,0.03,0.01,-0.03,342,318,304,497,373
6.32,-6.08,-5.02,0.02,-0.02,-0.05,342,318,304,496,373
END
5.87,-5.98,-4.64,0.04,0.04,-0.02,549,476,483,511,374
6.55,-5.16,-4.94,0.06,0.05,-0.01,549,476,482,511,373
6.55,-5.27,-4.74,0.11,0.09,-0.02,549,476,482,511,374
6.78,-5.36,-4.42,0.07,0.03,0.02,549,476,482,511,375
6.58,-5.53,-4.32,0.00,-0.01,-0.03,549,475,482,511,375
6.72,-5.40,-4.86,0.03,0.01,-0.05,549,475,482,512,376
6.58,-5.53,-4.24,0.00,0.01,-0.01,549,475,482,511,375
6.86,-5.46,-4.44,-0.13,-0.02,0.01,545,472,481,511,371
7.57,-5.23,-4.94,0.12,0.10,-0.05,513,461,472,510,367
6.49,-5.38,-4.48,0.06,0.00,0.03,461,439,453,509,364
6.73,-5.30,-4.24,0.22,-0.03,0.02,406,386,408,506,362
6.30,-5.86,-4.32,0.14,-0.03,0.02,374,349,364,501,362
6.80,-6.07,-4.50,-0.02,-0.10,-0.03,363,336,342,498,363
6.01,-5.66,-4.54,-0.01,-0.02,0.06,359,332,331,497,364
6.53,-5.53,-4.97,0.12,-0.02,-0.06,354,327,322,497,367
6.17,-5.62,-4.85,0.02,-0.01,0.04,350,323,316,497,367
6.71,-5.31,-5.00,0.08,0.00,-0.07,346,321,313,497,367
6.27,-5.92,-4.72,0.04,0.03,-0.01,345,321,312,498,366
6.10,-5.56,-4.64,0.07,0.00,0.03,345,322,312,497,367
6.17,-6.14,-4.54,0.10,0.04,-0.02,345,322,311,496,366
6.20,-5.94,-4.54,0.05,-0.02,-0.00,345,322,311,495,366
6.17,-6.01,-4.36,0.03,-0.03,0.01,344,321,311,494,366
6.07,-5.71,-4.59,0.08,0.06,0.06,344,321,310,494,366
6.02,-6.22,-4.53,0.04,0.01,-0.01,344,321,310,493,365
6.30,-6.05,-4.25,0.03,-0.05,-0.07,344,321,309,492,365
6.05,-5.96,-4.65,0.04,0.04,0.00,344,320,309,491,365
6.25,-6.11,-4.73,0.05,0.01,-0.03,344,321,309,491,366
6.34,-6.17,-4.38,0.02,-0.02,0.00,344,321,309,490,366
6.19,-6.19,-4.64,0.04,-0.00,-0.03,344,320,309,489,365
5.73,-6.31,-4.83,0.03,0.00,-0.04,344,321,309,489,365
5.88,-6.19,-4.47,0.03,0.04,-0.01,344,320,309,489,365
6.14,-6.13,-4.47,0.03,0.01,-0.04,344,320,309,489,365
6.35,-5.99,-4.64,0.03,0.00,-0.04,344,320,309,489,364
6.27,-6.20,-4.40,0.04,0.02,-0.03,344,320,309,489,365
5.69,-6.47,-3.91,0.05,0.02,-0.00,344,320,309,488,365
5.88,-6.34,-4.22,0.04,0.00,-0.06,344,321,309,488,364
END
5.96,-6.40,-4.36,0.02,0.02,-0.04,545,475,479,501,372
7.08,-5.55,-4.52,0.01,-0.02,-0.03,545,475,478,499,372
6.70,-5.44,-4.34,-0.01,-0.02,-0.02,545,475,478,498,372
6.66,-5.47,-4.10,0.01,-0.00,-0.02,545,474,477,498,371
6.98,-5.43,-4.35,0.04,0.02,-0.05,544,474,477,498,371
6.70,-5.79,-4.01,-0.00,-0.02,-0.02,544,473,477,497,371
6.82,-5.84,-4.30,-0.21,-0.08,0.11,540,471,477,496,369
6.86,-5.76,-4.72,-0.06,-0.08,0.05,518,461,468,496,365
6.78,-5.60,-4.60,0.05,-0.01,-0.01,474,444,455,496,361
6.25,-5.56,-4.49,-0.04,-0.07,0.02,446,428,445,496,357
5.94,-5.64,-4.59,-0.14,-0.17,-0.08,443,426,443,495,357
6.70,-5.19,-5.18,0.05,0.03,-0.12,423,415,438,495,356
6.66,-5.28,-5.15,0.21,-0.02,-0.04,384,362,379,497,356
5.56,-6.32,-4.95,0.02,0.05,0.20,359,331,334,497,355
6.71,-5.60,-4.90,0.05,-0.08,-0.09,352,325,322,496,357
6.19,-5.47,-4.84,-0.01,-0.01,0.07,350,323,319,497,358
6.52,-5.61,-4.87,0.05,-0.01,0.01,349,323,318,497,361
6.00,-6.20,-4.41,0.04,-0.00,0.02,347,321,315,497,363
6.25,-5.51,-4.85,0.11,0.04,-0.01,345,320,314,497,363
6.56,-6.27,-4.54,0.22,0.06,0.08,344,319,312,495,363
5.76,-5.74,-4.51,0.12,0.01,-0.00,344,319,311,494,361
6.00,-5.71,-4.73,0.11,0.01,0.01,343,318,309,494,361
5.92,-6.37,-4.16,0.11,0.02,-0.08,343,318,308,495,361
6.12,-6.24,-4.26,0.08,0.00,-0.07,344,319,308,495,361
5.83,-6.06,-4.19,-0.01,0.08,0.13,344,320,308,494,361
6.41,-6.43,-4.43,-0.02,-0.00,0.01,347,323,308,494,361
5.89,-6.19,-4.25,0.00,-0.01,-0.04,348,324,308,494,361
6.11,-6.12,-4.44,0.00,0.01,-0.02,348,326,308,494,361
6.04,-6.33,-4.32,-0.00,-0.01,-0.03,348,327,309,494,361
6.06,-6.16,-4.56,0.03,0.03,-0.02,349,329,309,493,361
6.00,-6.33,-4.40,0.04,0.04,-0.03,350,329,309,493,360
6.06,-6.33,-4.54,0.01,0.01,-0.02,350,330,309,493,360
5.92,-6.42,-4.11,0.02,-0.00,-0.03,350,331,310,493,359
6.03,-6.17,-4.58,0.02,-0.01,-0.05,351,331,310,493,360
5.74,-6.27,-4.25,0.03,-0.00,-0.04,351,331,310,493,360
5.82,-6.35,-4.06,0.04,-0.01,-0.06,351,331,311,493,361
END
5.82,-6.38,-4.11,0.03,0.01,-0.07,547,480,479,498,388
7.24,-5.68,-3.68,0.02,-0.02,-0.04,546,479,479,498,388
7.13,-5.66,-3.80,-0.00,-0.04,-0.03,546,479,479,497,388
7.13,-5.71,-3.85,0.01,-0.02,-0.01,546,479,478,497,388
6.92,-5.68,-3.67,-0.02,-0.06,0.01,546,478,478,497,388
7.09,-5.83,-4.17,-0.02,-0.05,0.04,545,479,478,497,388
7.24,-6.04,-3.66,-0.06,-0.09,0.09,545,478,477,496,387
6.56,-5.97,-3.84,-0.28,-0.21,0.32,544,477,477,496,384
6.05,-5.69,-5.09,-0.10,-0.09,0.12,538,475,476,495,382
5.89,-6.23,-5.06,-0.14,-0.14,0.06,525,469,474,494,379
5.89,-6.24,-4.27,-0.08,-0.10,0.17,487,457,463,494,370
5.65,-5.64,-5.64,-0.02,-0.05,0.05,434,434,445,495,363
5.09,-6.09,-5.13,-0.05,-0.11,0.06,410,412,430,494,361
5.49,-5.60,-5.29,0.01,-0.02,0.01,400,397,420,495,359
5.50,-6.07,-5.32,0.10,-0.05,0.05,385,367,388,495,360
5.89,-6.91,-5.20,0.16,-0.03,0.04,366,338,354,496,360
5.51,-5.90,-5.46,0.06,-0.09,-0.01,354,325,329,495,362
5.05,-6.71,-5.07,0.02,-0.05,-0.07,349,320,320,495,365
5.28,-6.87,-4.67,0.07,-0.03,-0.01,348,319,314,495,368
5.42,-6.23,-5.00,0.06,-0.01,-0.00,346,318,313,495,372
5.30,-6.51,-5.10,-0.01,-0.01,0.03,345,318,311,496,390
4.34,-7.03,-5.37,-0.31,-0.28,0.01,344,318,312,496,406
4.59,-5.98,-5.65,-0.06,-0.04,-0.03,344,317,312,495,411
4.96,-6.42,-6.03,0.08,0.03,-0.01,344,318,312,495,411
4.74,-6.35,-5.64,0.06,-0.03,-0.05,343,317,310,494,409
4.81,-6.47,-5.41,0.14,0.12,0.04,343,317,310,494,408
4.96,-6.55,-5.64,0.05,0.02,-0.07,343,317,309,494,405
4.77,-6.32,-5.19,0.02,0.02,-0.04,343,316,309,494,404
5.05,-6.47,-5.43,-0.05,-0.06,-0.08,343,316,308,494,404
4.94,-6.22,-5.69,0.01,-0.00,-0.05,343,317,309,494,404
5.14,-6.43,-5.53,-0.02,-0.06,-0.11,343,317,309,494,404
4.87,-6.23,-5.72,0.05,0.04,-0.03,343,317,309,493,403
5.09,-6.31,-6.06,0.03,-0.00,-0.04,343,317,309,493,403
4.91,-6.20,-5.46,-0.01,-0.06,-0.07,343,317,309,493,402
5.05,-6.21,-5.78,0.00,-0.03,-0.06,343,317,310,493,402
4.80,-6.29,-5.53,0.04,0.01,-0.04,343,317,309,493,401
END
4.88,-6.27,-5.61,0.04,0.02,-0.03,548,480,478,497,387
4.12,-4.84,-7.26,-0.07,-0.07,-0.04,547,480,478,497,387
4.06,-4.67,-7.30,-0.01,-0.05,-0.05,547,480,478,497,387
4.14,-4.91,-7.17,0.02,0.00,-0.03,546,479,478,498,389
4.08,-5.13,-7.24,-0.02,-0.02,-0.00,545,479,479,500,392
3.81,-4.87,-7.26,-0.02,0.03,-0.04,540,477,479,501,388
3.78,-4.54,-8.06,0.04,0.03,-0.04,522,474,476,501,382
4.59,-4.91,-8.01,0.20,0.05,-0.05,475,459,460,503,370
3.29,-5.19,-7.26,0.18,-0.02,0.24,412,410,414,508,364
3.37,-4.84,-7.46,0.15,0.07,0.01,379,362,370,507,363
4.04,-5.04,-7.18,0.06,0.01,0.00,367,347,355,505,363
4.34,-4.90,-7.54,0.45,0.28,0.08,359,337,340,503,366
4.05,-6.65,-6.20,0.44,0.25,0.15,352,331,328,502,365
4.32,-6.32,-5.30,0.36,0.16,-0.06,350,328,322,501,367
4.57,-6.87,-5.68,0.45,0.19,-0.15,346,326,316,499,367
4.89,-6.83,-5.21,0.31,0.08,-0.19,344,323,311,499,368
4.88,-6.96,-4.42,0.29,0.06,-0.05,342,320,308,498,368
4.99,-6.90,-4.88,0.16,-0.01,-0.06,341,318,306,497,368
5.11,-7.50,-5.05,0.16,-0.00,-0.10,340,317,305,496,369
4.47,-6.93,-4.36,0.10,0.04,-0.07,339,315,304,495,370
5.14,-7.33,-5.02,0.01,0.11,-0.00,339,315,304,494,372
4.85,-6.96,-4.64,0.03,0.00,-0.07,339,314,304,493,372
4.93,-6.64,-4.69,0.03,0.10,-0.01,338,314,304,493,372
5.10,-6.97,-5.08,0.01,-0.02,-0.04,338,314,304,493,373
4.74,-6.53,-4.89,0.06,-0.03,-0.09,339,314,304,493,375
4.95,-7.15,-4.58,0.12,0.09,-0.06,338,314,303,493,378
5.20,-7.14,-4.82,0.03,-0.01,-0.08,338,314,303,493,378
4.86,-6.83,-4.41,0.01,-0.01,-0.02,338,314,304,493,378
5.05,-6.96,-4.58,0.04,0.01,-0.02,338,314,303,493,378
4.77,-7.11,-4.14,0.01,-0.02,-0.01,338,314,303,493,378
4.95,-6.88,-4.69,0.02,0.02,-0.02,338,314,303,494,378
4.80,-7.07,-4.38,0.03,0.03,-0.01,338,314,303,494,378
5.02,-6.97,-4.45,0.04,0.01,-0.04,338,314,303,494,377
4.85,-6.94,-4.43,0.00,-0.01,-0.03,338,314,303,494,377
4.74,-7.11,-4.45,0.01,-0.00,-0.04,338,314,303,494,378
4.75,-7.17,-4.22,0.05,0.02,-0.03,338,314,303,494,378
END
4.74,-7.02,-4.57,0.03,0.03,-0.03,553,481,477,495,387
6.53,-5.46,-4.52,0.03,-0.01,-0.04,553,481,476,495,388
6.42,-5.29,-4.92,0.03,0.00,-0.05,552,481,476,495,388
6.60,-5.35,-5.00,0.02,-0.01,-0.05,552,481,476,495,388
6.53,-5.29,-4.90,0.01,0.00,-0.04,552,481,476,494,388
6.61,-5.36,-4.87,-0.01,-0.01,0.01,551,480,475,492,387
6.41,-5.79,-4.67,-0.23,-0.11,0.30,550,479,475,491,385
6.05,-5.41,-5.69,-0.17,-0.03,0.26,541,475,473,492,380
6.36,-5.69,-5.35,0.01,-0.04,0.11,515,466,466,494,375
5.80,-5.44,-5.26,-0.09,-0.04,0.22,478,451,456,494,369
5.90,-5.28,-5.59,-0.06,-0.06,0.19,451,440,447,496,366
5.28,-5.45,-5.31,-0.08,-0.05,0.10,426,424,436,497,363
4.90,-7.03,-5.26,0.33,-0.09,0.17,381,361,373,498,361
4.56,-6.26,-5.79,0.15,-0.02,0.17,356,332,330,494,360
5.14,-5.43,-5.71,0.03,-0.04,0.03,351,324,318,492,362
5.02,-6.06,-5.65,0.04,-0.01,0.08,350,322,315,491,365
4.49,-6.06,-5.08,0.09,-0.02,0.06,348,321,314,488,368
5.18,-6.47,-5.39,0.07,-0.00,-0.08,348,321,314,487,374
4.74,-6.42,-5.46,0.05,-0.03,-0.09,348,321,313,486,374
4.81,-6.35,-5.15,0.03,-0.05,-0.04,346,320,312,486,372
5.00,-6.85,-5.13,0.07,-0.10,-0.17,344,319,309,486,373
4.66,-6.04,-5.30,0.05,0.02,-0.03,343,317,307,489,372
5.24,-6.34,-5.62,0.06,0.01,-0.05,342,316,306,490,372
4.99,-6.28,-5.52,0.03,0.01,-0.03,341,316,305,491,372
5.27,-6.55,-5.48,-0.00,-0.00,-0.05,341,316,305,490,372
5.15,-6.42,-5.49,-0.03,-0.03,-0.01,341,316,306,490,372
5.04,-6.17,-5.27,0.04,0.01,-0.03,341,316,306,490,372
5.05,-6.32,-5.60,0.03,0.02,-0.03,341,316,305,490,372
4.97,-6.40,-5.42,0.01,0.00,-0.01,341,316,305,490,372
4.87,-6.12,-5.38,0.04,0.03,-0.04,341,316,306,491,372
5.10,-6.55,-5.36,0.05,0.02,-0.03,341,316,305,491,372
5.10,-6.41,-5.67,0.03,-0.01,-0.05,341,316,305,491,372
4.92,-6.32,-5.38,0.05,-0.00,-0.03,340,316,305,491,372
4.77,-6.47,-5.03,0.06,0.01,-0.04,341,316,305,491,372
5.25,-6.51,-5.37,0.06,-0.00,-0.05,341,316,305,491,372
5.01,-6.39,-5.40,0.06,0.02,-0.05,341,316,305,492,373
END
5.07,-6.52,-5.10,0.06,-0.02,-0.08,553,478,480,489,367
6.26,-5.42,-5.25,0.00,-0.04,-0.02,553,477,479,489,367
6.40,-5.26,-5.16,0.03,-0.01,-0.04,553,477,479,489,367
6.54,-5.19,-5.38,0.05,0.01,-0.01,553,476,479,489,368
6.35,-5.44,-4.93,0.04,-0.02,-0.02,552,476,478,489,372
5.93,-5.73,-4.83,-0.14,-0.07,0.13,553,475,479,489,373
5.75,-5.43,-5.13,-0.17,-0.08,0.30,546,471,476,489,371
5.90,-5.50,-5.92,-0.01,-0.02,0.11,501,453,458,487,366
6.12,-5.28,-5.51,0.17,-0.02,0.17,433,405,417,494,361
4.93,-5.98,-5.94,0.15,0.04,0.10,391,358,372,498,360
6.09,-5.73,-5.38,-0.02,-0.16,-0.03,370,339,351,495,363
4.93,-5.36,-5.76,0.02,0.07,0.11,358,327,334,495,364
6.04,-6.38,-5.54,0.16,0.02,0.08,351,321,324,493,367
5.51,-5.77,-5.73,0.12,0.11,0.24,347,319,320,492,368
5.32,-6.88,-5.20,0.20,0.04,0.04,342,317,313,491,370
5.71,-7.39,-5.05,0.15,-0.17,-0.26,340,315,308,491,371
4.87,-5.87,-5.56,0.01,0.02,0.06,340,315,307,490,370
5.23,-6.64,-5.12,0.07,-0.03,0.04,340,315,306,490,370
4.53,-6.27,-4.80,0.02,0.04,0.01,340,315,306,490,373
5.30,-6.49,-5.47,0.04,0.04,-0.02,340,315,306,490,376
5.10,-6.55,-5.55,0.02,0.01,-0.05,340,315,306,490,376
5.00,-6.45,-5.05,0.01,0.01,-0.02,340,314,306,490,376
5.07,-6.67,-5.63,0.02,0.02,-0.05,340,314,306,490,376
4.82,-6.47,-4.93,0.01,0.00,-0.04,339,314,306,489,376
4.91,-6.42,-4.99,0.03,0.03,-0.03,340,314,306,489,376
5.05,-6.56,-5.30,0.03,0.01,-0.05,340,314,306,489,378
4.98,-6.42,-5.34,0.02,0.01,-0.02,340,314,306,489,378
5.22,-6.49,-5.50,0.04,0.00,-0.05,340,314,306,489,379
5.02,-6.56,-5.43,0.05,0.01,-0.04,340,314,305,488,378
5.08,-6.41,-5.25,0.04,0.00,-0.05,340,314,306,488,379
5.18,-6.52,-5.05,0.06,0.03,-0.03,340,314,306,488,378
5.14,-6.53,-5.12,0.06,0.02,-0.04,340,314,306,487,378
4.95,-6.56,-5.00,0.04,0.01,-0.04,340,314,306,487,378
5.00,-6.51,-5.01,0.03,0.00,-0.03,340,314,306,487,378
5.11,-6.35,-5.27,0.04,0.00,-0.05,340,314,306,487,378
4.92,-6.65,-5.02,0.04,-0.00,-0.03,340,314,306,487,377
END
5.13,-6.56,-5.07,0.03,-0.02,-0.06,553,481,477,489,369
6.21,-5.42,-4.77,0.04,-0.00,-0.07,553,481,476,489,369
6.41,-5.37,-4.98,0.03,0.01,-0.02,552,481,476,489,369
6.42,-5.36,-5.15,0.06,-0.00,-0.08,552,481,476,488,369
6.70,-5.39,-5.01,0.09,0.02,-0.04,552,480,476,488,369
6.34,-5.89,-4.89,-0.04,-0.02,0.03,552,480,475,488,369
6.39,-5.48,-4.87,-0.12,-0.08,0.26,549,478,475,488,365
6.73,-5.72,-5.16,0.13,-0.04,-0.08,526,470,466,487,362
5.79,-5.53,-5.84,0.02,-0.10,-0.03,477,449,447,492,362
5.78,-5.83,-5.07,0.05,-0.07,0.09,430,414,426,498,360
5.81,-5.34,-5.22,0.05,0.00,0.00,408,388,406,498,360
6.26,-5.47,-5.49,0.07,0.01,0.04,382,356,374,500,362
5.94,-5.69,-5.38,0.06,-0.05,-0.07,359,331,344,499,361
5.69,-5.71,-5.31,0.04,-0.07,-0.03,350,320,327,499,363
5.82,-6.25,-5.30,0.06,-0.07,0.00,346,317,319,499,364
5.52,-6.49,-5.05,0.09,-0.06,0.05,344,316,314,498,366
5.18,-5.78,-4.65,0.09,-0.03,0.03,342,315,311,497,368
5.47,-6.14,-5.20,0.10,-0.01,-0.12,341,315,309,497,367
5.11,-5.79,-5.51,0.11,-0.05,-0.09,341,315,308,496,365
5.63,-6.03,-5.10,0.21,-0.05,-0.24,340,314,307,495,362
5.66,-6.12,-5.23,0.08,-0.02,-0.03,340,314,306,493,362
5.42,-5.98,-5.32,0.04,0.05,0.04,340,313,305,492,361
5.65,-6.46,-4.84,0.01,0.01,0.00,340,313,305,492,361
5.66,-6.06,-4.70,-0.02,-0.05,-0.00,340,313,305,491,361
5.51,-5.93,-5.14,-0.00,0.02,0.02,340,313,305,491,362
5.55,-6.33,-5.28,-0.01,-0.02,-0.01,339,313,305,491,363
5.42,-6.07,-5.44,0.02,0.02,-0.02,339,313,305,491,363
5.48,-6.19,-5.11,0.06,0.05,0.00,339,313,305,491,363
5.34,-6.56,-4.87,0.03,0.02,-0.03,339,313,305,491,363
5.69,-6.36,-5.06,0.03,-0.01,-0.05,339,313,305,491,363
5.43,-6.22,-5.12,0.04,0.02,-0.03,339,313,305,491,364
5.61,-6.20,-5.38,0.03,-0.00,-0.04,339,313,305,491,364
5.25,-6.20,-4.87,0.04,0.02,-0.04,339,313,305,490,364
5.68,-6.37,-5.07,0.04,0.02,-0.04,339,313,305,491,366
5.57,-6.22,-5.20,0.03,0.00,-0.07,339,313,305,492,368
5.33,-6.38,-4.87,0.03,0.01,-0.03,339,313,305,491,368
END
5.39,-6.30,-5.04,0.04,0.02,-0.03,553,480,480,488,374
6.42,-5.37,-4.98,-0.00,-0.02,-0.03,553,480,479,488,374
6.40,-5.38,-4.97,0.04,0.01,-0.03,552,479,479,488,374
6.46,-5.49,-4.93,0.04,0.00,-0.06,552,479,479,488,374
6.37,-5.43,-5.08,0.02,0.00,-0.03,551,479,478,487,373
6.69,-5.48,-5.21,-0.01,-0.02,0.01,551,478,477,488,373
6.18,-5.87,-5.00,-0.34,-0.14,0.42,549,476,476,490,372
6.52,-5.35,-5.34,0.04,-0.15,0.02,527,468,467,489,367
6.44,-5.12,-5.75,0.15,-0.04,-0.01,465,441,441,493,361
4.76,-5.33,-5.41,0.20,-0.07,0.04,401,379,391,499,358
4.69,-6.28,-5.00,0.03,-0.01,0.07,373,347,363,499,358
6.02,-6.09,-5.43,-0.02,-0.03,-0.04,367,341,357,498,358
5.88,-5.81,-5.02,0.04,0.02,0.09,363,336,350,499,359
6.27,-6.61,-5.37,0.14,-0.00,0.07,354,327,332,500,361
4.93,-6.31,-5.32,0.14,0.00,0.04,347,320,319,500,361
5.09,-5.67,-5.20,0.13,0.00,-0.01,343,316,313,498,362
5.42,-6.49,-5.03,0.22,-0.01,-0.06,340,315,309,496,362
5.41,-6.79,-4.95,0.10,-0.01,-0.04,339,314,307,495,362
5.86,-6.26,-5.23,0.19,0.01,-0.10,338,313,306,494,362
5.46,-6.57,-4.83,0.10,0.00,-0.06,337,313,306,491,364
5.62,-6.14,-4.73,0.15,-0.01,-0.12,337,312,304,489,366
5.61,-6.71,-4.70,0.11,0.02,-0.09,337,312,304,489,367
5.59,-6.48,-4.39,0.11,0.01,-0.09,337,312,304,488,367
5.62,-6.12,-4.53,0.05,0.05,0.00,337,312,304,488,369
5.83,-6.76,-4.64,0.01,-0.04,-0.07,337,312,304,487,370
5.51,-6.13,-4.52,0.02,-0.02,-0.04,337,312,304,485,372
5.64,-6.41,-4.68,0.03,0.01,-0.06,336,312,304,482,373
5.39,-6.73,-4.44,0.04,0.01,-0.02,336,312,304,481,375
5.61,-6.32,-4.63,0.05,0.04,-0.03,336,311,303,480,378
5.76,-6.54,-4.57,0.04,0.01,-0.06,336,311,303,480,379
5.48,-6.65,-4.40,0.01,-0.02,-0.01,336,312,303,480,378
5.68,-6.40,-4.65,0.05,0.01,-0.05,336,311,304,480,379
5.46,-6.66,-4.54,0.03,0.01,-0.04,336,312,303,480,379
5.41,-6.65,-4.33,0.01,-0.01,-0.04,336,311,304,480,378
5.35,-6.55,-4.29,0.03,0.02,-0.02,336,311,304,480,378
5.74,-6.65,-4.49,0.02,0.01,-0.04,336,312,304,480,378
END
5.39,-6.45,-4.25,0.00,-0.01,-0.03,535,472,475,481,352
5.97,-5.65,-4.72,-0.09,-0.12,0.09,512,464,467,476,350
6.06,-5.14,-5.50,-0.06,-0.10,-0.02,483,451,455,474,350
5.74,-5.38,-5.66,-0.07,-0.10,0.05,460,440,445,476,349
6.29,-5.83,-5.21,0.01,-0.09,0.02,424,419,428,480,348
5.56,-5.31,-5.60,0.13,-0.07,0.07,380,364,384,482,348
5.61,-5.89,-5.80,0.16,0.01,-0.03,357,331,345,482,348
5.67,-5.56,-5.18,0.10,-0.06,0.01,348,320,329,482,349
5.27,-5.93,-5.65,0.14,-0.01,-0.01,342,316,320,483,351
5.90,-6.03,-5.44,0.09,-0.04,-0.01,339,314,314,484,353
5.61,-6.20,-5.33,0.14,0.02,-0.02,338,314,311,484,355
6.14,-5.98,-5.00,0.30,-0.00,-0.25,336,313,310,481,357
5.71,-5.31,-5.06,0.16,0.03,-0.16,336,311,309,480,358
6.14,-6.17,-5.03,0.17,0.01,-0.15,335,311,309,480,359
5.98,-5.95,-4.92,0.14,-0.03,-0.05,335,310,308,481,360
5.89,-6.07,-4.91,0.08,-0.00,0.05,334,310,307,483,365
5.69,-6.12,-4.84,0.11,0.05,0.02,334,310,307,484,369
5.92,-6.55,-4.71,0.02,-0.01,-0.05,334,310,306,485,370
5.89,-6.18,-4.49,-0.00,-0.01,-0.02,334,310,306,485,370
5.81,-6.25,-4.74,0.03,0.03,-0.05,334,310,307,485,370
5.72,-6.45,-4.70,0.03,0.00,-0.04,334,309,306,486,371
5.87,-5.96,-4.62,0.04,0.07,-0.02,334,309,306,486,372
6.04,-6.46,-4.73,0.02,-0.05,-0.06,334,309,305,487,373
5.66,-6.00,-4.85,-0.02,-0.05,-0.04,334,309,305,487,373
5.69,-6.11,-4.93,0.03,-0.00,-0.05,334,309,305,486,372
5.64,-6.09,-4.77,0.03,0.02,-0.02,334,309,306,485,372
5.90,-6.25,-4.68,0.05,0.05,-0.02,333,310,306,485,372
5.71,-6.37,-4.78,0.03,-0.00,-0.05,333,309,306,484,372
5.78,-6.36,-4.70,0.01,-0.02,-0.04,333,309,306,484,371
5.44,-6.25,-4.49,-0.00,0.01,-0.01,333,309,306,484,371
5.61,-6.20,-5.12,0.01,0.01,0.01,333,309,306,485,370
5.74,-6.04,-5.09,0.01,0.01,-0.01,332,309,306,485,370
5.65,-6.21,-4.83,0.04,0.03,-0.01,333,309,306,486,370
5.76,-6.44,-4.62,0.02,-0.01,-0.04,332,309,306,487,370
5.56,-6.38,-4.74,-0.03,0.02,0.02,332,309,306,489,367
5.83,-6.56,-4.92,-0.08,-0.06,-0.12,332,309,307,492,360
END
5.61,-6.72,-4.90,-0.23,-0.00,0.07,365,347,374,494,380
6.39,-5.73,-4.57,0.02,-0.07,-0.09,354,334,357,493,380
6.23,-5.76,-5.20,-0.05,-0.05,-0.03,351,329,350,493,380
6.12,-5.78,-5.13,-0.00,-0.01,-0.03,348,325,344,493,380
6.46,-5.65,-5.04,0.03,-0.02,-0.03,345,322,340,493,381
6.26,-5.63,-4.94,-0.00,-0.05,0.02,343,320,337,493,380
6.06,-5.86,-4.95,-0.00,-0.03,-0.02,342,318,333,492,379
5.78,-5.84,-4.88,0.01,-0.04,0.04,341,317,329,492,378
6.15,-5.61,-5.47,0.01,0.02,-0.06,341,317,328,492,378
6.15,-6.10,-5.14,-0.06,-0.08,0.10,341,317,325,491,377
5.49,-5.51,-5.27,0.02,0.01,-0.09,341,316,324,490,376
6.16,-5.80,-5.06,0.07,-0.04,-0.01,339,315,318,490,376
5.66,-4.42,-5.15,0.07,0.04,0.06,337,313,313,489,376
6.44,-6.21,-5.13,0.15,-0.03,-0.05,335,312,310,490,379
5.79,-5.99,-5.00,0.13,0.01,0.01,334,311,308,490,380
5.81,-5.89,-4.72,0.13,-0.01,-0.03,333,311,307,490,385
5.81,-6.34,-4.95,0.10,-0.03,-0.06,333,310,306,490,388
6.07,-6.19,-4.86,0.16,-0.06,-0.15,334,310,306,491,391
5.71,-6.06,-4.90,0.22,0.04,-0.16,337,310,305,491,393
6.09,-6.48,-4.47,0.16,-0.03,-0.15,337,310,305,492,395
6.08,-5.71,-4.65,0.09,0.03,-0.03,337,310,304,491,395
6.21,-6.22,-4.44,0.08,-0.01,-0.05,337,310,304,491,394
6.12,-6.35,-4.42,0.02,-0.03,-0.06,336,310,303,490,395
6.27,-5.88,-4.63,0.05,0.07,-0.01,336,310,303,490,393
6.01,-6.70,-4.31,-0.01,-0.02,-0.02,336,310,303,490,393
6.12,-6.15,-4.42,-0.01,-0.04,-0.04,336,310,303,490,392
5.69,-6.02,-4.53,-0.02,0.04,-0.02,336,310,303,489,392
6.26,-6.07,-5.03,-0.04,-0.02,-0.05,336,310,303,489,391
6.00,-5.91,-4.49,0.00,0.01,-0.06,336,310,303,489,391
6.21,-6.08,-4.69,0.02,0.04,-0.04,335,310,303,489,390
6.23,-6.27,-4.69,0.01,-0.02,-0.05,335,310,303,489,389
6.02,-6.02,-4.68,0.00,-0.02,-0.03,335,310,303,489,390
6.04,-5.98,-4.69,0.01,-0.01,-0.04,335,310,303,489,390
5.96,-5.89,-4.57,0.02,0.00,-0.02,335,310,303,489,390
5.88,-6.07,-4.56,0.04,0.02,-0.02,335,310,303,489,390
6.04,-6.22,-4.48,0.03,0.02,-0.02,335,310,303,489,389
END
6.13,-6.14,-4.74,0.02,0.02,-0.03,558,482,484,482,365
7.02,-5.10,-4.88,-0.06,-0.05,0.05,557,481,484,482,366
6.17,-5.13,-5.64,-0.21,-0.12,0.19,556,480,482,481,368
6.37,-4.95,-5.37,-0.03,-0.08,-0.01,555,479,481,482,372
6.51,-4.96,-5.40,0.04,-0.02,-0.02,555,478,481,481,375
6.17,-4.97,-5.17,-0.00,-0.06,-0.03,554,478,480,481,375
6.13,-5.05,-4.96,0.01,-0.04,-0.03,554,477,480,481,374
6.48,-4.65,-5.85,-0.12,-0.02,0.16,551,475,479,481,374
6.09,-4.80,-5.65,0.22,0.07,-0.10,527,467,470,482,376
6.08,-5.28,-5.38,0.18,-0.04,0.08,480,449,453,484,373
5.98,-5.15,-5.95,0.20,-0.04,0.21,429,411,416,494,372
4.92,-5.64,-5.48,-0.00,0.03,0.03,414,398,405,495,372
6.75,-5.12,-5.20,0.17,0.02,-0.10,391,374,386,495,373
6.20,-5.64,-5.81,0.23,0.05,-0.06,363,340,351,497,374
6.27,-5.79,-5.53,0.12,-0.01,-0.08,350,324,331,496,375
6.01,-5.80,-5.05,0.04,-0.02,0.00,346,319,323,494,374
5.79,-5.36,-5.02,0.06,0.02,0.00,345,318,320,494,375
6.25,-5.89,-5.51,0.07,-0.01,0.01,345,318,317,493,377
5.87,-5.88,-4.86,0.09,0.01,0.02,343,317,313,493,378
5.99,-5.81,-5.10,0.17,-0.00,-0.03,341,316,310,491,377
6.30,-6.27,-4.84,0.28,-0.02,-0.17,338,315,308,487,374
5.82,-6.09,-4.52,0.13,-0.08,-0.10,337,314,307,485,372
6.02,-6.37,-4.84,0.07,-0.00,-0.07,337,314,306,484,372
6.19,-6.25,-4.79,0.11,-0.05,-0.12,337,314,305,483,372
6.05,-5.92,-4.67,0.04,0.07,-0.01,336,313,304,483,372
6.09,-6.27,-4.76,0.04,0.00,-0.06,336,312,304,482,372
6.02,-5.99,-4.49,0.03,0.01,-0.06,336,312,304,482,372
6.14,-6.24,-4.68,0.02,-0.00,-0.04,335,311,304,482,372
5.99,-6.07,-4.66,-0.05,-0.04,-0.02,335,312,304,482,372
6.16,-5.92,-5.08,-0.01,0.00,-0.07,335,312,306,483,372
6.01,-6.24,-4.60,0.05,-0.02,-0.05,336,312,307,484,372
5.87,-5.84,-5.05,0.05,-0.00,-0.04,336,312,307,484,373
5.94,-6.06,-4.81,0.05,0.02,-0.03,336,312,307,484,373
5.92,-6.01,-4.62,0.02,0.01,-0.07,336,312,306,483,373
6.44,-5.82,-5.27,0.04,0.03,-0.04,336,312,306,483,373
6.25,-6.04,-4.92,0.05,-0.01,-0.03,336,312,306,483,373
END
6.00,-6.00,-4.64,0.03,-0.01,-0.03,551,480,480,487,366
7.09,-4.31,-5.25,0.02,-0.00,-0.02,551,480,480,487,365
7.12,-4.38,-5.15,0.03,-0.00,-0.03,551,479,479,487,365
7.26,-4.47,-5.10,-0.00,-0.02,-0.01,550,479,479,487,365
6.95,-4.32,-5.51,-0.03,-0.03,0.01,550,479,479,487,365
7.04,-4.31,-5.05,-0.02,-0.02,0.05,550,478,478,487,365
7.08,-4.70,-5.04,-0.19,-0.06,0.34,550,477,477,488,365
6.08,-4.24,-5.70,-0.04,0.02,0.20,541,472,474,489,362
7.12,-4.76,-5.59,0.09,-0.08,-0.05,504,459,460,488,360
7.61,-4.67,-5.25,-0.02,-0.10,0.10,440,424,426,492,357
5.61,-4.35,-5.86,-0.01,-0.04,0.31,391,370,377,494,357
5.87,-4.58,-6.37,0.09,-0.03,0.07,362,338,341,494,356
6.57,-4.78,-5.99,0.04,-0.04,0.02,350,325,325,493,358
5.99,-5.43,-5.25,0.09,0.00,0.09,345,320,317,493,360
5.66,-5.13,-5.61,0.07,0.00,0.00,342,318,313,492,363
6.25,-5.74,-5.16,0.12,0.02,-0.03,341,317,312,490,370
6.58,-5.51,-5.39,0.14,0.00,0.03,340,316,311,487,379
5.59,-5.61,-5.39,0.13,0.07,0.09,339,316,310,486,387
6.35,-5.97,-5.18,0.14,-0.05,-0.11,338,315,308,485,390
5.87,-5.84,-5.07,0.09,-0.05,-0.05,337,314,307,483,391
5.83,-5.46,-5.28,0.07,-0.03,-0.03,337,314,306,483,391
5.63,-5.87,-5.20,0.03,-0.02,-0.02,337,314,306,483,391
5.57,-5.66,-4.80,0.04,0.01,-0.05,337,313,306,484,391
6.38,-5.90,-5.28,0.15,0.00,-0.05,337,313,305,484,391
6.03,-6.06,-4.94,0.10,-0.01,-0.01,337,313,305,483,389
5.62,-5.74,-5.01,0.06,0.00,-0.01,336,313,305,482,388
5.92,-6.11,-5.15,-0.00,0.02,-0.00,337,313,305,481,387
5.93,-5.94,-5.33,0.03,-0.00,-0.05,336,313,305,480,386
5.87,-5.64,-5.31,0.02,0.02,-0.05,336,313,305,480,386
5.99,-5.97,-5.09,0.04,0.03,-0.04,336,313,305,481,385
5.89,-5.98,-5.09,0.02,0.01,-0.05,336,313,305,481,385
5.97,-5.69,-5.14,0.04,0.02,-0.04,336,313,305,481,384
6.27,-5.81,-5.46,0.04,0.00,-0.05,336,313,305,481,385
5.83,-5.99,-4.85,0.02,0.00,-0.03,336,312,305,481,384
5.84,-5.82,-4.79,0.04,0.01,-0.04,336,313,305,481,384
5.98,-5.79,-5.22,0.04,0.00,-0.04,336,313,305,480,384
END
5.63,-6.07,-4.77,0.03,0.00,-0.05,543,473,473,496,384
6.30,-5.10,-5.23,0.07,0.00,-0.09,543,474,473,496,385
6.57,-4.96,-5.14,0.05,0.00,-0.08,543,474,474,496,386
6.52,-4.95,-5.56,0.02,-0.00,-0.03,543,474,473,496,385
6.69,-5.02,-5.58,-0.04,-0.04,-0.03,542,473,473,496,384
6.20,-4.84,-5.48,-0.14,-0.02,0.15,540,471,472,494,377
6.53,-4.56,-5.50,0.10,0.03,-0.05,525,465,465,490,364
6.04,-5.15,-5.48,-0.15,-0.03,0.15,491,449,448,484,352
6.50,-4.55,-5.77,0.18,-0.05,-0.18,427,401,412,481,345
6.29,-5.28,-5.66,0.32,-0.00,-0.01,379,349,365,484,343
5.65,-4.77,-5.41,0.13,0.07,0.09,361,330,342,484,343
6.81,-5.14,-5.56,0.13,0.03,-0.05,351,321,327,485,345
6.69,-6.17,-4.54,0.30,0.08,0.02,346,317,318,486,350
6.45,-5.48,-5.43,0.09,0.10,0.09,345,316,316,485,352
5.99,-6.01,-4.64,-0.01,0.10,0.31,345,317,316,483,353
5.79,-5.81,-4.98,0.05,0.03,0.18,344,317,316,481,351
5.53,-5.92,-5.20,0.05,-0.05,0.02,344,317,315,480,351
5.71,-5.99,-5.30,0.12,-0.03,-0.05,343,316,312,480,353
5.70,-6.70,-4.47,0.15,-0.04,-0.11,340,315,309,478,354
6.03,-6.30,-4.72,0.20,-0.03,-0.14,338,314,306,478,358
5.69,-5.97,-4.71,0.15,-0.04,-0.18,337,313,304,478,361
5.89,-6.27,-4.51,0.12,-0.05,-0.10,336,312,304,478,366
5.65,-5.63,-4.87,0.07,-0.04,-0.11,336,312,304,479,369
5.61,-6.23,-4.73,0.04,0.00,-0.12,336,312,303,479,373
6.45,-6.35,-4.84,0.03,-0.11,-0.23,336,313,303,479,377
6.13,-5.58,-4.87,0.01,-0.01,-0.02,336,313,302,479,379
6.29,-5.79,-5.09,0.02,-0.01,-0.04,336,312,302,479,382
5.66,-5.86,-4.88,0.00,0.01,-0.02,336,313,302,479,383
5.91,-5.64,-4.94,0.05,0.04,-0.03,336,313,302,479,383
6.10,-5.92,-4.85,0.07,0.02,-0.05,336,313,302,479,383
6.08,-6.12,-4.64,0.05,-0.01,-0.01,336,313,302,479,383
5.78,-6.03,-4.37,0.01,-0.04,-0.05,336,312,302,480,383
5.70,-5.90,-4.57,0.00,-0.03,-0.07,336,313,302,481,383
5.92,-5.86,-5.11,0.02,0.02,-0.03,336,313,302,480,382
6.02,-5.97,-4.85,0.05,0.00,-0.06,336,313,302,480,382
6.06,-5.92,-4.90,0.03,0.01,-0.04,336,313,302,480,385
END
6.23,-5.89,-4.93,0.03,0.00,-0.05,550,481,484,486,397
7.26,-4.49,-4.65,0.03,-0.00,-0.04,550,481,483,486,397
7.24,-4.62,-4.53,0.01,-0.00,-0.00,549,480,483,486,396
7.26,-4.51,-5.05,0.02,-0.00,-0.04,549,480,482,486,396
7.29,-4.50,-4.82,0.02,-0.00,-0.04,549,479,482,485,395
7.39,-4.67,-4.69,0.00,0.00,0.00,549,479,482,485,395
7.39,-5.17,-4.29,-0.24,-0.05,0.39,549,477,480,485,389
6.91,-4.73,-5.21,-0.13,-0.02,0.10,543,473,477,483,373
7.24,-4.47,-5.14,-0.03,-0.04,0.03,531,467,472,480,366
6.74,-4.26,-5.70,-0.08,-0.06,0.14,499,454,460,478,363
6.77,-4.72,-5.61,0.01,-0.10,0.03,441,428,437,479,358
6.33,-4.80,-5.91,0.12,-0.16,0.10,386,363,376,485,356
6.22,-5.09,-5.20,0.16,-0.03,0.04,358,330,340,484,356
6.60,-5.61,-5.05,0.17,-0.06,-0.02,347,319,321,482,357
6.81,-4.79,-5.67,0.05,-0.07,0.12,341,315,314,479,361
5.84,-5.10,-5.69,0.13,0.03,0.08,340,314,311,478,363
6.53,-5.62,-5.41,0.30,0.02,-0.01,339,313,309,479,365
5.79,-5.36,-4.85,0.26,0.02,-0.03,339,313,307,478,365
6.15,-5.19,-4.92,0.40,0.00,-0.21,339,313,305,477,365
6.16,-6.14,-4.59,0.31,-0.11,-0.17,340,313,303,474,366
6.47,-6.30,-4.25,0.13,0.00,0.01,341,312,302,471,366
6.14,-5.92,-3.95,-0.05,0.00,0.01,340,312,301,470,367
6.51,-5.91,-4.45,-0.07,0.01,0.00,338,312,301,469,367
6.27,-6.12,-4.69,-0.10,-0.06,-0.02,337,312,301,467,367
6.12,-5.74,-4.62,-0.04,0.06,0.03,337,312,302,467,367
6.36,-5.92,-4.84,-0.03,-0.02,-0.04,336,311,301,467,367
6.07,-5.51,-4.77,-0.01,0.00,0.00,336,311,302,467,368
6.25,-5.86,-4.96,0.03,0.02,-0.04,336,311,302,467,367
6.40,-5.80,-5.05,0.02,-0.02,-0.07,336,311,302,467,368
6.21,-5.81,-4.77,0.04,0.02,-0.02,336,311,302,467,368
6.10,-6.02,-4.53,0.00,-0.01,-0.06,336,311,302,467,368
6.12,-5.63,-5.12,0.02,0.01,-0.04,336,311,302,467,368
6.37,-5.79,-4.82,0.03,-0.01,-0.04,336,311,302,467,368
6.00,-5.90,-4.65,0.01,-0.05,-0.08,336,311,302,467,368
6.14,-5.78,-4.88,0.04,0.01,-0.04,336,311,302,467,367
6.28,-5.88,-4.78,0.05,0.00,-0.06,336,311,303,467,367
END
6.24,-5.73,-4.88,0.04,0.00,-0.05,554,480,482,487,383
7.01,-3.85,-5.67,0.07,0.01,-0.00,553,480,481,487,383
6.93,-4.24,-5.35,0.12,0.02,-0.06,553,479,481,487,383
6.79,-4.69,-4.93,0.08,-0.01,-0.05,553,479,481,487,383
6.69,-4.82,-5.31,0.04,0.02,-0.03,553,479,481,487,383
7.06,-4.79,-5.48,-0.04,-0.01,-0.00,553,479,481,487,383
7.44,-4.93,-5.10,-0.26,-0.17,0.31,552,477,480,486,381
6.36,-4.41,-6.45,-0.48,-0.34,0.25,543,471,477,484,381
6.42,-4.38,-6.26,-0.30,-0.28,-0.01,509,456,464,481,379
6.04,-3.72,-6.69,0.00,-0.09,0.03,442,419,445,484,374
5.81,-3.52,-7.30,0.31,-0.12,-0.16,392,373,418,487,367
5.38,-3.88,-5.79,0.15,0.11,-0.08,393,366,407,489,365
6.04,-5.00,-6.43,0.19,0.07,-0.02,380,341,371,496,365
6.18,-4.29,-6.44,0.22,0.10,-0.06,359,322,341,498,363
6.17,-4.54,-6.15,0.29,0.10,-0.02,350,315,326,498,363
6.22,-5.41,-6.09,0.33,0.07,-0.01,343,313,316,496,364
5.87,-5.18,-5.69,0.18,0.04,-0.02,340,312,311,494,365
6.23,-5.44,-5.74,0.16,0.08,-0.00,339,312,309,492,369
6.02,-5.10,-5.41,0.19,0.08,-0.02,338,311,308,491,371
6.33,-5.48,-5.18,0.21,0.08,-0.08,337,311,306,491,376
6.20,-5.94,-5.45,0.23,0.01,-0.13,336,310,305,489,378
6.19,-5.56,-4.86,0.13,0.00,-0.03,336,310,304,487,378
6.36,-5.53,-5.03,0.13,-0.00,-0.09,336,309,303,486,380
6.10,-5.72,-5.00,0.03,0.01,-0.07,336,309,304,485,381
6.58,-5.69,-4.80,0.09,-0.09,-0.22,335,309,303,490,383
6.18,-4.88,-4.77,0.04,0.04,-0.07,335,309,302,492,385
6.69,-5.77,-5.08,0.06,0.02,-0.05,335,309,302,492,385
6.65,-5.60,-4.82,0.06,-0.05,-0.03,335,309,302,492,387
6.55,-5.42,-4.96,0.04,0.05,0.01,335,309,302,491,388
6.32,-5.69,-4.90,0.02,-0.03,-0.04,335,309,302,492,393
6.40,-5.38,-4.77,0.04,-0.02,-0.06,335,309,302,493,398
6.22,-5.29,-4.74,0.04,0.03,-0.02,335,309,302,493,400
6.49,-5.53,-4.90,0.03,-0.01,-0.05,335,309,302,492,400
6.52,-5.65,-4.80,0.03,-0.00,-0.02,335,309,302,490,398
6.34,-5.58,-4.88,0.02,0.02,-0.01,335,308,302,488,397
6.58,-5.54,-5.06,0.02,-0.01,-0.03,335,309,302,487,396
END
6.36,-5.51,-4.95,0.02,-0.04,-0.05,551,477,478,482,361
6.93,-4.16,-5.24,0.03,-0.01,-0.04,551,477,478,482,361
7.03,-4.33,-5.15,0.06,0.03,-0.03,550,477,478,481,361
7.03,-4.58,-5.10,0.01,0.01,0.03,550,476,478,481,360
7.01,-4.72,-5.18,-0.06,-0.02,0.11,549,475,477,481,361
7.03,-4.55,-5.36,-0.09,-0.03,0.12,548,474,476,481,365
6.64,-4.20,-5.99,-0.12,-0.06,0.02,541,470,473,479,368
6.83,-4.64,-5.18,0.10,0.02,-0.02,514,458,461,478,368
6.68,-4.61,-5.47,0.07,-0.03,-0.02,462,427,437,478,363
5.58,-4.26,-5.96,0.26,0.01,-0.10,393,364,380,485,362
6.38,-4.70,-4.97,0.38,0.14,-0.03,356,327,346,488,362
7.29,-5.55,-4.62,0.36,0.08,-0.12,344,317,328,492,365
7.27,-5.33,-5.09,0.28,0.04,-0.10,338,313,317,489,368
7.39,-5.41,-4.72,0.13,-0.02,0.17,334,311,314,482,376
6.23,-5.60,-4.62,0.07,0.05,0.10,333,311,313,477,379
6.53,-5.34,-4.84,0.18,0.05,-0.05,333,310,313,477,381
6.30,-5.24,-4.41,0.18,0.06,-0.12,334,309,311,478,381
6.98,-5.51,-4.16,0.38,-0.03,-0.45,335,309,309,479,381
7.65,-5.51,-4.36,0.12,-0.12,-0.25,336,310,308,479,381
7.26,-5.23,-4.13,0.04,-0.11,-0.10,336,310,308,479,380
6.88,-5.13,-4.20,0.00,-0.02,0.05,337,310,307,480,379
7.17,-5.58,-4.12,-0.08,-0.17,-0.10,334,308,305,479,380
6.88,-5.00,-4.55,-0.01,-0.01,-0.06,334,310,305,478,380
7.12,-5.20,-4.54,-0.02,-0.05,-0.05,334,309,305,477,380
6.90,-4.99,-4.13,0.03,-0.03,-0.07,334,309,305,477,380
7.19,-5.05,-4.87,0.03,-0.00,-0.01,334,309,304,477,380
7.09,-5.30,-4.56,-0.03,-0.15,-0.06,333,309,304,477,380
6.88,-5.05,-5.00,-0.01,-0.02,0.01,333,309,305,477,379
7.05,-5.14,-4.87,-0.01,-0.03,-0.00,333,309,304,477,379
6.71,-5.07,-4.49,-0.02,-0.04,-0.02,333,309,304,477,379
7.02,-4.85,-5.19,0.02,0.03,-0.00,333,309,304,477,379
6.63,-5.12,-4.60,0.01,-0.00,0.00,333,309,304,478,379
6.83,-5.01,-4.92,-0.01,-0.02,-0.01,333,309,304,478,379
6.90,-5.21,-5.13,-0.02,-0.06,-0.03,333,309,304,477,379
6.42,-5.05,-5.09,0.01,-0.01,-0.02,333,309,304,477,379
6.89,-5.25,-5.18,0.03,0.01,-0.02,333,309,304,477,379
END
6.81,-5.22,-4.87,0.03,0.01,-0.01,545,471,478,482,358
6.76,-4.03,-6.30,0.04,-0.10,0.12,537,464,473,476,357
6.66,-4.35,-6.07,-0.01,-0.08,-0.07,541,463,470,474,358
5.81,-4.08,-6.87,-0.01,-0.03,-0.11,544,464,470,474,359
6.20,-4.07,-6.32,0.06,-0.01,-0.14,546,466,472,475,360
6.43,-4.29,-6.01,0.07,0.03,-0.09,546,467,473,476,361
6.42,-4.19,-6.41,0.05,0.03,-0.08,545,467,472,476,361
6.45,-4.18,-6.32,-0.04,0.10,0.11,543,465,471,475,359
6.04,-3.85,-6.03,0.19,0.21,0.12,534,461,466,469,357
7.21,-4.39,-5.77,0.33,0.15,-0.02,488,440,441,449,356
6.65,-4.71,-5.94,0.29,0.00,0.01,420,391,397,423,354
6.20,-4.87,-5.58,0.11,-0.03,0.04,377,346,354,404,354
6.17,-4.53,-5.30,0.15,-0.08,-0.00,359,330,334,394,356
6.30,-5.50,-5.28,0.21,0.03,0.13,350,323,325,385,357
6.06,-4.76,-5.54,0.25,0.01,-0.01,346,320,321,381,358
6.43,-6.17,-4.77,0.07,-0.01,-0.04,345,320,323,391,359
5.84,-5.33,-4.92,-0.09,0.04,0.04,346,321,332,430,357
5.97,-5.47,-5.28,-0.24,-0.09,-0.05,349,324,356,454,355
6.25,-5.44,-5.24,-0.28,-0.18,-0.11,351,329,370,463,355
5.68,-4.43,-5.59,-0.03,-0.07,-0.04,351,328,369,461,358
5.92,-4.98,-5.68,0.08,0.02,-0.07,349,326,359,462,361
6.17,-5.08,-5.70,0.09,-0.04,-0.10,347,323,336,461,366
5.79,-5.02,-5.69,0.07,0.03,-0.06,345,320,322,458,368
6.05,-5.07,-5.46,0.09,0.02,-0.09,343,318,317,455,369
5.87,-5.14,-5.52,0.04,0.02,-0.09,341,316,313,453,368
6.31,-5.02,-5.76,0.04,0.02,-0.04,340,315,310,452,370
6.33,-4.99,-5.76,0.06,0.01,-0.10,339,314,309,450,369
6.17,-5.15,-5.66,0.04,0.01,-0.01,338,314,308,450,369
6.20,-5.15,-5.41,0.08,0.03,-0.05,337,313,308,450,369
6.51,-5.23,-5.54,0.04,-0.01,-0.05,337,313,307,449,368
6.10,-4.90,-5.57,0.05,0.02,-0.02,337,313,307,450,368
6.46,-5.08,-5.71,0.04,0.00,-0.04,337,313,307,449,368
6.17,-5.25,-5.42,0.04,0.00,-0.05,337,313,307,449,368
6.39,-5.23,-5.66,0.03,0.00,-0.03,337,313,307,449,368
6.23,-4.97,-5.47,0.06,0.01,-0.04,337,313,307,450,369
6.27,-5.24,-5.63,0.03,0.00,-0.04,336,313,307,450,370
END
6.25,-5.12,-5.42,0.05,0.01,-0.06,551,476,482,496,381
7.20,-3.97,-5.26,0.06,-0.02,-0.05,551,475,482,499,384
7.47,-4.34,-5.08,0.04,-0.03,-0.03,550,475,482,499,384
7.16,-4.32,-5.25,0.00,-0.04,-0.01,550,475,482,498,384
7.04,-4.34,-5.10,-0.01,-0.02,-0.01,550,474,481,498,385
7.25,-4.19,-5.39,-0.01,-0.01,-0.00,550,474,481,498,386
7.04,-4.35,-5.13,-0.04,-0.01,0.07,549,473,480,497,386
7.14,-4.68,-5.38,-0.21,-0.04,0.23,546,470,479,497,385
6.79,-4.16,-5.33,0.18,0.16,-0.02,524,463,472,496,378
7.31,-4.40,-4.98,0.10,-0.05,0.02,463,427,448,498,368
6.71,-4.34,-5.30,0.19,-0.05,-0.11,386,362,392,502,365
6.39,-5.16,-5.58,0.16,0.01,-0.19,357,328,347,505,365
6.83,-4.03,-5.35,0.08,0.07,-0.06,348,320,336,506,369
7.26,-5.03,-5.14,0.27,0.15,-0.06,340,313,322,508,372
8.13,-5.14,-4.82,0.28,0.04,-0.06,334,310,314,509,375
6.95,-4.67,-4.59,0.22,0.02,0.02,330,309,312,505,376
6.81,-5.05,-4.42,0.13,0.02,0.07,330,308,310,500,374
6.83,-5.10,-4.32,0.04,0.03,0.11,330,308,309,496,372
6.96,-5.13,-4.24,0.00,0.02,0.13,330,308,308,493,372
6.76,-5.51,-4.44,0.02,-0.02,0.05,331,308,307,488,372
6.65,-5.39,-4.49,0.05,-0.04,0.03,331,308,306,484,373
6.46,-5.41,-4.55,0.06,0.02,0.08,331,308,306,480,375
6.77,-5.58,-4.60,0.02,-0.02,0.01,331,308,305,477,376
6.39,-5.46,-4.62,0.02,0.01,0.00,331,307,305,476,377
6.45,-5.58,-4.53,0.03,-0.01,-0.04,331,308,305,475,380
6.67,-5.48,-5.00,0.02,-0.05,-0.13,331,308,304,476,387
6.55,-5.28,-4.89,0.04,0.02,-0.04,331,308,304,477,391
6.54,-5.81,-4.31,0.04,-0.02,-0.06,331,308,304,476,389
6.68,-5.60,-4.57,0.04,0.01,-0.03,331,308,304,475,387
6.61,-5.56,-4.41,0.03,0.01,-0.02,331,308,304,474,386
6.42,-5.64,-4.58,0.00,-0.00,-0.01,331,308,304,474,385
6.55,-5.58,-4.66,0.03,0.01,-0.03,331,308,304,473,384
6.56,-5.60,-4.49,0.02,0.00,-0.03,331,308,304,473,384
6.63,-5.57,-4.63,0.03,-0.00,-0.04,331,306,304,473,384
6.45,-5.43,-4.73,0.02,0.00,-0.03,331,308,304,473,384
6.65,-5.48,-4.55,0.03,-0.00,-0.04,331,308,304,473,384
END
6.66,-5.69,-4.71,0.05,0.01,-0.03,546,473,474,483,367
6.99,-4.76,-4.98,0.01,-0.02,-0.02,545,473,473,483,367
6.80,-4.76,-4.88,-0.03,-0.03,-0.00,545,472,473,483,367
6.77,-4.67,-5.02,0.01,-0.03,-0.05,544,472,473,483,366
7.06,-4.71,-5.28,0.03,0.01,-0.02,544,471,472,483,367
7.10,-4.69,-5.36,0.02,0.00,-0.03,544,471,472,483,366
7.05,-4.87,-4.74,-0.07,-0.03,0.10,542,470,471,483,366
6.68,-4.57,-5.39,0.04,0.03,0.03,533,465,467,481,361
7.08,-4.95,-5.18,-0.02,-0.10,0.02,513,457,456,477,356
6.50,-4.42,-5.47,0.02,-0.08,-0.04,471,437,435,469,354
6.35,-4.47,-5.69,0.09,-0.10,0.08,408,390,398,470,354
6.38,-5.46,-5.70,0.29,0.02,-0.00,369,347,362,471,354
6.45,-5.05,-5.18,0.12,-0.09,0.03,357,333,345,469,356
6.55,-5.29,-5.54,0.06,-0.08,-0.00,352,327,334,464,357
6.23,-5.33,-5.59,0.08,-0.07,-0.03,349,324,325,462,359
6.21,-5.43,-5.53,0.10,-0.02,0.03,347,322,319,459,361
6.15,-5.45,-5.19,0.11,-0.00,-0.02,346,321,314,458,362
6.09,-5.51,-5.36,0.09,-0.04,-0.06,344,320,311,457,363
6.12,-5.31,-5.42,0.10,0.01,-0.05,344,320,311,457,364
6.50,-5.61,-5.62,0.07,-0.01,-0.05,344,320,309,457,364
6.19,-5.36,-5.41,0.02,-0.05,-0.08,343,320,309,456,364
5.89,-5.56,-5.08,0.02,0.02,-0.02,343,320,309,456,364
6.29,-5.61,-5.27,0.01,-0.05,-0.05,343,320,309,456,364
6.09,-5.23,-5.33,0.01,-0.04,-0.07,344,320,309,456,363
6.06,-5.46,-5.51,0.01,-0.05,-0.09,343,320,309,456,363
6.13,-5.34,-5.62,0.04,0.02,0.02,343,320,309,457,363
5.87,-5.43,-4.89,0.10,0.05,-0.04,343,319,309,459,364
6.12,-5.36,-5.33,0.06,0.05,-0.02,342,319,308,461,364
6.41,-5.53,-5.46,0.04,0.01,-0.03,341,318,307,463,365
6.06,-5.49,-5.15,0.07,0.02,-0.05,341,318,307,464,365
5.97,-5.56,-5.21,0.04,0.00,-0.04,340,317,307,465,365
6.21,-5.59,-5.22,0.01,-0.02,-0.04,340,317,307,464,365
6.08,-5.32,-5.40,0.02,0.01,-0.02,340,316,306,464,365
6.23,-5.37,-5.53,0.03,-0.01,-0.05,339,317,307,465,365
6.22,-5.41,-5.20,0.03,0.00,-0.02,340,317,307,466,365
6.14,-5.51,-5.21,0.04,0.01,-0.05,340,317,307,466,365
END