6.53,-7.47,-7.47,-0.08,-0.08,-0.08,446,445,483,350,371
5.13,-7.83,-7.83,0.03,0.03,0.03,444,444,482,350,372
5.01,-7.30,-7.30,0.27,0.27,0.27,443,444,482,350,371
2.93,-3.88,-3.88,1.35,1.35,1.35,443,444,481,350,370
5.05,-0.93,-0.93,0.62,0.62,0.62,442,444,481,347,368
4.41,0.10,0.10,0.31,0.31,0.31,441,443,480,346,368
3.49,-0.33,-0.33,0.02,0.02,0.02,441,443,480,346,368
3.32,0.94,0.94,0.12,0.12,0.12,441,443,480,344,368
3.49,0.92,0.92,0.05,0.05,0.05,440,443,479,343,367
3.67,0.88,0.88,0.03,0.03,0.03,440,442,479,343,366
3.35,0.75,0.75,0.04,0.04,0.04,440,442,479,342,365
END
3.60,0.76,0.76,0.08,0.08,0.08,432,441,475,344,359
5.31,-7.34,-7.34,0.08,0.08,0.08,432,440,475,344,359
5.48,-7.13,-7.13,0.02,0.02,0.02,432,440,475,344,358
4.64,-6.64,-6.64,0.12,0.12,0.12,432,440,475,345,358
3.71,-5.12,-5.12,0.68,0.68,0.68,432,440,475,344,358
5.56,-1.88,-1.88,0.87,0.87,0.87,432,440,475,343,358
3.55,0.29,0.29,0.58,0.58,0.58,433,440,476,341,360
3.84,0.75,0.75,0.02,0.02,0.02,433,440,475,345,360
2.79,1.16,1.16,0.09,0.09,0.09,433,440,475,341,360
2.75,1.35,1.35,0.07,0.07,0.07,433,439,475,340,360
2.84,1.22,1.22,0.04,0.04,0.04,433,439,475,340,359
END
2.76,1.16,1.16,0.02,0.02,0.02,430,439,472,342,354
5.52,-5.88,-5.88,0.02,0.02,0.02,430,438,473,342,354
4.59,-4.97,-4.97,0.19,0.19,0.19,430,438,472,342,355
5.01,-3.17,-3.17,0.70,0.70,0.70,430,438,472,342,354
4.43,-1.16,-1.16,0.65,0.65,0.65,430,438,473,341,355
3.34,0.23,0.23,0.24,0.24,0.24,430,438,473,341,356
1.72,0.47,0.47,0.32,0.32,0.32,430,438,472,342,356
2.05,0.88,0.88,0.03,0.03,0.03,430,437,471,344,356
1.90,1.15,1.15,0.08,0.08,0.08,430,437,471,342,355
2.33,1.22,1.22,0.06,0.06,0.06,430,437,471,341,355
2.00,1.33,1.33,0.04,0.04,0.04,430,437,470,340,355
END
2.14,1.16,1.16,-0.01,-0.01,-0.01,427,437,470,339,352
4.69,-6.35,-6.35,0.05,0.05,0.05,427,437,470,339,352
3.28,-5.56,-5.56,0.42,0.42,0.42,427,437,470,339,352
4.39,-2.42,-2.42,0.76,0.76,0.76,427,437,470,339,353
4.20,-1.11,-1.11,0.46,0.46,0.46,428,436,470,338,353
3.24,0.42,0.42,0.35,0.35,0.35,428,436,470,338,353
2.51,1.11,1.11,0.09,0.09,0.09,428,436,470,337,353
2.89,1.06,1.06,0.01,0.01,0.01,427,436,470,337,353
2.53,1.20,1.20,-0.00,-0.00,-0.00,427,436,470,337,353
2.46,1.04,1.04,0.07,0.07,0.07,427,436,470,337,353
2.63,1.05,1.05,0.03,0.03,0.03,427,436,470,337,353
END
2.27,1.08,1.08,0.04,0.04,0.04,426,435,468,338,354
4.97,-6.25,-6.25,0.09,0.09,0.09,426,435,468,339,354
4.15,-4.47,-4.47,0.58,0.58,0.58,426,435,468,339,354
5.69,-3.04,-3.04,0.66,0.66,0.66,426,435,468,338,353
3.88,-1.23,-1.23,0.40,0.40,0.40,426,435,468,338,354
3.43,0.09,0.09,0.38,0.38,0.38,426,434,468,338,354
3.58,0.85,0.85,0.18,0.18,0.18,426,434,468,337,354
3.09,1.31,1.31,0.03,0.03,0.03,427,434,468,337,354
2.93,1.36,1.36,0.03,0.03,0.03,427,434,468,337,353
3.07,1.21,1.21,0.02,0.02,0.02,426,434,468,337,353
2.89,1.26,1.26,0.02,0.02,0.02,427,434,468,337,353
END
2.92,1.19,1.19,0.02,0.02,0.02,425,434,466,339,352
5.34,-5.86,-5.86,0.04,0.04,0.04,425,434,466,339,352
4.89,-5.63,-5.63,0.13,0.13,0.13,425,434,466,339,352
4.03,-3.99,-3.99,0.44,0.44,0.44,425,434,466,339,352
5.71,-1.62,-1.62,0.63,0.63,0.63,425,434,466,338,352
4.59,-0.78,-0.78,0.36,0.36,0.36,425,434,467,338,353
3.29,0.13,0.13,0.24,0.24,0.24,425,434,466,338,353
2.43,1.09,1.09,0.28,0.28,0.28,425,433,467,337,353
2.33,1.38,1.38,0.05,0.05,0.05,425,434,466,337,353
2.84,1.50,1.50,0.05,0.05,0.05,425,433,466,336,352
2.51,1.37,1.37,0.04,0.04,0.04,425,433,466,336,352
END
2.48,1.46,1.46,0.02,0.02,0.02,424,433,465,339,352
5.22,-5.92,-5.92,0.04,0.04,0.04,424,433,465,339,352
4.73,-5.55,-5.55,0.17,0.17,0.17,424,433,465,339,352
4.24,-3.19,-3.19,0.73,0.73,0.73,424,433,465,339,352
4.43,-0.26,-0.26,0.74,0.74,0.74,424,433,465,338,352
3.37,0.42,0.42,0.23,0.23,0.23,424,432,465,338,351
2.89,0.93,0.93,0.15,0.15,0.15,424,433,465,337,352
2.25,1.33,1.33,0.06,0.06,0.06,424,432,465,337,352
2.20,1.44,1.44,0.07,0.07,0.07,424,432,465,337,352
2.23,1.40,1.40,0.05,0.05,0.05,424,432,465,337,352
2.47,1.59,1.59,0.03,0.03,0.03,424,432,465,337,352
END
2.33,1.64,1.64,0.04,0.04,0.04,423,432,464,340,352
5.30,-6.55,-6.55,0.05,0.05,0.05,423,432,464,339,352
4.16,-5.36,-5.36,0.36,0.36,0.36,423,432,464,340,352
4.74,-2.84,-2.84,0.84,0.84,0.84,423,432,464,339,352
4.64,-0.46,-0.46,0.62,0.62,0.62,423,432,464,338,352
3.50,0.33,0.33,0.32,0.32,0.32,423,432,464,338,351
2.97,1.20,1.20,0.16,0.16,0.16,423,432,465,337,351
2.53,1.37,1.37,0.10,0.10,0.10,423,432,464,337,351
2.51,1.44,1.44,0.02,0.02,0.02,423,432,464,337,351
2.52,1.68,1.68,0.09,0.09,0.09,423,432,464,337,351
2.43,1.49,1.49,0.06,0.06,0.06,423,432,464,337,351
END
2.36,1.69,1.69,0.03,0.03,0.03,423,431,464,340,351
5.11,-6.76,-6.76,0.01,0.01,0.01,423,432,464,340,351
4.89,-6.40,-6.40,0.21,0.21,0.21,423,431,464,340,351
4.69,-5.43,-5.43,0.37,0.37,0.37,422,431,464,340,351
4.62,-3.33,-3.33,0.64,0.64,0.64,422,431,464,339,351
4.28,-1.52,-1.52,0.56,0.56,0.56,423,432,464,339,351
3.33,0.31,0.31,0.44,0.44,0.44,423,431,464,338,351
3.12,1.26,1.26,0.22,0.22,0.22,423,431,464,338,351
3.04,1.78,1.78,0.12,0.12,0.12,423,431,464,338,351
2.90,1.54,1.54,0.04,0.04,0.04,423,431,463,337,351
2.83,1.77,1.77,0.02,0.02,0.02,423,431,463,337,351
END
2.77,1.51,1.51,0.01,0.01,0.01,422,430,463,338,351
5.74,-6.41,-6.41,0.15,0.15,0.15,422,430,462,338,351
5.69,-6.32,-6.32,0.03,0.03,0.03,422,430,463,338,351
5.09,-6.17,-6.17,0.16,0.16,0.16,422,430,463,338,351
5.12,-4.71,-4.71,0.50,0.50,0.50,422,430,462,338,351
5.43,-2.98,-2.98,0.56,0.56,0.56,422,430,462,338,351
4.88,-1.49,-1.49,0.50,0.50,0.50,422,430,462,338,351
3.79,-0.34,-0.34,0.32,0.32,0.32,422,430,462,338,351
2.65,0.65,0.65,0.38,0.38,0.38,422,430,462,338,351
2.23,1.80,1.80,0.10,0.10,0.10,422,430,463,337,351
2.04,1.86,1.86,0.04,0.04,0.04,422,430,462,338,351
END
1.81,1.83,1.83,0.03,0.03,0.03,422,430,462,338,350
5.16,-6.69,-6.69,0.03,0.03,0.03,421,430,462,337,351
4.56,-5.94,-5.94,0.27,0.27,0.27,421,430,462,338,351
4.66,-4.49,-4.49,0.61,0.61,0.61,422,430,462,338,351
5.04,-2.55,-2.55,0.58,0.58,0.58,421,430,462,338,351
3.95,-0.95,-0.95,0.50,0.50,0.50,422,430,462,338,351
3.82,0.75,0.75,0.34,0.34,0.34,421,430,462,337,351
3.41,2.11,2.11,0.40,0.40,0.40,422,430,462,337,351
2.63,2.45,2.45,0.05,0.05,0.05,421,429,462,341,351
2.61,2.83,2.83,0.04,0.04,0.04,421,430,462,340,351
2.69,2.65,2.65,0.04,0.04,0.04,422,430,462,339,351
END
2.56,2.81,2.81,0.04,0.04,0.04,421,429,461,338,351
5.33,-6.22,-6.22,0.04,0.04,0.04,421,429,461,338,350
4.72,-5.71,-5.71,0.08,0.08,0.08,421,429,461,338,350
4.67,-4.67,-4.67,0.49,0.49,0.49,421,429,461,338,350
5.30,-2.58,-2.58,0.66,0.66,0.66,421,429,461,338,350
4.13,-0.77,-0.77,0.50,0.50,0.50,421,429,461,338,350
3.74,0.87,0.87,0.31,0.31,0.31,421,429,461,338,350
2.72,1.82,1.82,0.26,0.26,0.26,421,429,461,338,350
3.02,2.34,2.34,0.10,0.10,0.10,421,429,461,338,350
2.43,2.59,2.59,0.06,0.06,0.06,421,429,461,338,350
2.31,2.73,2.73,0.07,0.07,0.07,421,429,461,338,350
END
2.40,2.76,2.76,0.02,0.02,0.02,421,429,461,339,350
4.99,-6.47,-6.47,0.13,0.13,0.13,420,429,461,339,350
4.58,-5.94,-5.94,0.15,0.15,0.15,421,429,460,339,350
5.01,-4.21,-4.21,0.75,0.75,0.75,421,429,460,339,350
5.44,-2.49,-2.49,0.41,0.41,0.41,420,429,460,338,350
4.45,-1.43,-1.43,0.30,0.30,0.30,421,429,460,339,351
3.78,-0.49,-0.49,0.28,0.28,0.28,420,429,460,338,350
2.92,0.75,0.75,0.26,0.26,0.26,420,429,460,338,350
2.70,1.44,1.44,0.19,0.19,0.19,420,429,461,338,350
2.33,1.67,1.67,0.14,0.14,0.14,420,429,460,337,350
2.16,2.03,2.03,0.04,0.04,0.04,420,428,460,337,350
END
2.22,2.14,2.14,0.04,0.04,0.04,420,428,460,338,350
5.30,-6.07,-6.07,0.05,0.05,0.05,420,428,460,338,350
4.90,-5.53,-5.53,0.25,0.25,0.25,420,428,460,338,349
4.90,-4.28,-4.28,0.46,0.46,0.46,420,429,460,338,350
5.27,-2.87,-2.87,0.41,0.41,0.41,420,428,460,338,350
4.98,-1.42,-1.42,0.37,0.37,0.37,420,428,460,338,350
3.52,-0.36,-0.36,0.30,0.30,0.30,420,428,460,338,350
3.32,1.49,1.49,0.25,0.25,0.25,420,428,460,337,351
3.53,1.95,1.95,0.20,0.20,0.20,420,428,460,337,350
2.72,2.48,2.48,0.03,0.03,0.03,420,428,460,337,350
2.86,2.60,2.60,0.02,0.02,0.02,420,428,460,337,350
END
2.76,2.58,2.58,0.04,0.04,0.04,419,428,459,338,350
5.35,-6.02,-6.02,0.04,0.04,0.04,419,428,459,338,350
4.78,-5.74,-5.74,0.13,0.13,0.13,419,428,459,338,350
4.89,-4.39,-4.39,0.46,0.46,0.46,419,428,459,338,350
5.13,-2.79,-2.79,0.48,0.48,0.48,419,428,459,338,350
4.54,-1.64,-1.64,0.31,0.31,0.31,419,428,459,338,350
4.03,-0.21,-0.21,0.30,0.30,0.30,419,428,459,338,350
3.60,1.00,1.00,0.29,0.29,0.29,419,428,460,338,350
3.35,1.54,1.54,0.21,0.21,0.21,419,427,460,336,350
2.87,1.90,1.90,0.14,0.14,0.14,419,427,459,340,350
2.51,2.20,2.20,0.04,0.04,0.04,419,428,459,338,350
END
2.51,2.16,2.16,0.04,0.04,0.04,419,427,459,338,350
5.61,-6.58,-6.58,0.02,0.02,0.02,419,427,459,338,350
5.10,-6.37,-6.37,0.11,0.11,0.11,419,428,459,338,350
5.18,-5.43,-5.43,0.34,0.34,0.34,419,427,459,338,350
5.92,-4.10,-4.10,0.45,0.45,0.45,419,427,459,338,350
5.66,-2.60,-2.60,0.40,0.40,0.40,419,427,459,338,350
5.27,-1.33,-1.33,0.36,0.36,0.36,419,427,459,338,350
4.44,-0.27,-0.27,0.37,0.37,0.37,419,427,459,338,350
4.20,1.14,1.14,0.26,0.26,0.26,419,427,459,338,350
3.90,2.19,2.19,0.23,0.23,0.23,419,427,459,338,350
3.06,2.30,2.30,0.13,0.13,0.13,419,427,459,337,349
END
3.07,2.43,2.43,0.06,0.06,0.06,418,427,459,338,349
5.33,-7.12,-7.12,0.05,0.05,0.05,418,427,458,337,349
4.77,-6.70,-6.70,0.16,0.16,0.16,418,426,458,338,349
4.72,-5.61,-5.61,0.48,0.48,0.48,418,427,459,338,350
5.44,-4.39,-4.39,0.52,0.52,0.52,418,427,458,338,350
4.63,-2.15,-2.15,0.52,0.52,0.52,418,426,458,338,350
4.51,-0.65,-0.65,0.37,0.37,0.37,418,427,459,337,350
4.19,0.42,0.42,0.38,0.38,0.38,418,427,458,337,349
3.40,1.24,1.24,0.17,0.17,0.17,418,427,458,337,350
2.99,2.20,2.20,0.16,0.16,0.16,418,427,459,337,350
2.71,2.34,2.34,0.04,0.04,0.04,418,427,458,337,349
END
2.87,2.15,2.15,0.05,0.05,0.05,418,426,458,338,350
4.90,-6.31,-6.31,0.06,0.06,0.06,418,427,458,338,350
4.53,-5.69,-5.69,0.35,0.35,0.35,418,426,458,338,350
4.97,-3.65,-3.65,0.73,0.73,0.73,418,427,458,338,350
5.64,-1.72,-1.72,0.43,0.43,0.43,418,427,458,338,350
4.19,-0.14,-0.14,0.35,0.35,0.35,418,426,458,338,350
3.91,1.11,1.11,0.22,0.22,0.22,418,426,458,338,350
3.45,1.70,1.70,0.10,0.10,0.10,418,426,458,338,350
3.23,1.83,1.83,0.13,0.13,0.13,418,426,458,337,349
2.76,2.10,2.10,0.09,0.09,0.09,417,426,458,337,349
2.91,2.28,2.28,0.03,0.03,0.03,418,426,458,337,349
END
2.61,2.30,2.30,0.05,0.05,0.05,417,426,456,338,349
5.49,-6.90,-6.90,0.10,0.10,0.10,417,426,457,338,349
4.46,-5.58,-5.58,0.60,0.60,0.60,418,426,457,339,349
5.21,-3.33,-3.33,0.72,0.72,0.72,417,426,457,339,349
5.55,-0.95,-0.95,0.59,0.59,0.59,417,426,457,339,349
4.49,0.29,0.29,0.37,0.37,0.37,417,426,457,338,349
3.45,1.05,1.05,0.16,0.16,0.16,417,426,457,338,349
3.34,1.77,1.77,-0.05,-0.05,-0.05,417,426,457,338,349
2.77,1.72,1.72,0.13,0.13,0.13,417,426,457,337,349
2.38,2.16,2.16,0.10,0.10,0.10,417,426,457,338,350
2.30,2.20,2.20,0.11,0.11,0.11,416,426,457,338,349
END
5.20,-7.14,-7.14,0.03,0.03,0.03,477,457,464,347,353
4.87,-7.24,-7.24,0.03,0.03,0.03,477,457,464,347,353
4.54,-6.89,-6.89,0.11,0.11,0.11,477,457,464,347,353
4.70,-5.42,-5.42,0.58,0.58,0.58,476,456,464,347,354
4.73,-3.98,-3.98,0.54,0.54,0.54,477,457,465,346,355
3.96,-3.19,-3.19,0.33,0.33,0.33,477,457,467,344,355
3.56,-2.46,-2.46,0.31,0.31,0.31,477,456,467,342,355
2.84,-0.87,-0.87,0.22,0.22,0.22,477,456,468,342,355
2.67,-0.99,-0.99,0.07,0.07,0.07,477,456,466,342,355
2.53,-0.81,-0.81,0.03,0.03,0.03,477,456,466,341,355
2.29,-0.88,-0.88,0.03,0.03,0.03,477,456,466,340,354
END
2.38,-0.80,-0.80,0.02,0.02,0.02,472,454,463,342,351
4.63,-7.47,-7.47,0.05,0.05,0.05,472,454,463,342,350
3.92,-6.32,-6.32,0.30,0.30,0.30,472,454,463,343,351
4.70,-5.17,-5.17,0.63,0.63,0.63,472,454,463,342,351
5.09,-3.73,-3.73,0.43,0.43,0.43,472,453,463,341,350
3.72,-1.69,-1.69,0.58,0.58,0.58,472,454,464,341,350
3.63,0.15,0.15,0.42,0.42,0.42,472,454,465,340,349
2.43,0.38,0.38,0.13,0.13,0.13,471,453,465,339,348
2.37,0.85,0.85,0.07,0.07,0.07,471,454,465,339,348
2.51,0.83,0.83,0.07,0.07,0.07,471,454,465,339,348
2.02,0.73,0.73,-0.00,-0.00,-0.00,471,453,465,338,347
END
2.28,0.85,0.85,0.02,0.02,0.02,465,449,457,339,344
4.34,-6.14,-6.14,0.05,0.05,0.05,464,449,457,339,344
3.52,-5.32,-5.32,0.28,0.28,0.28,465,449,457,339,344
3.45,-3.80,-3.80,0.58,0.58,0.58,464,449,457,339,344
3.88,-2.63,-2.63,0.40,0.40,0.40,463,449,460,339,345
3.49,-1.54,-1.54,0.10,0.10,0.10,463,449,461,339,345
3.12,-1.18,-1.18,-0.01,-0.01,-0.01,463,449,462,339,345
2.99,-1.39,-1.39,0.07,0.07,0.07,462,449,461,338,345
2.39,-0.67,-0.67,0.14,0.14,0.14,462,449,461,338,345
2.13,-0.45,-0.45,0.03,0.03,0.03,462,449,461,338,346
2.18,-0.44,-0.44,0.05,0.05,0.05,462,449,461,338,346
END
2.11,-0.49,-0.49,0.04,0.04,0.04,461,448,458,340,342
4.19,-5.48,-5.48,0.05,0.05,0.05,461,449,458,340,343
3.50,-4.54,-4.54,0.37,0.37,0.37,461,448,458,339,343
3.93,-3.00,-3.00,0.50,0.50,0.50,461,448,458,340,343
4.27,-1.83,-1.83,0.17,0.17,0.17,460,448,459,339,347
3.19,-1.28,-1.28,-0.05,-0.05,-0.05,460,447,459,339,348
3.52,-1.11,-1.11,0.09,0.09,0.09,459,448,459,338,348
3.10,-0.53,-0.53,0.11,0.11,0.11,458,447,459,338,349
3.29,-0.78,-0.78,0.09,0.09,0.09,458,447,458,338,348
2.52,-0.15,-0.15,0.05,0.05,0.05,458,446,458,338,348
2.63,-0.26,-0.26,0.05,0.05,0.05,458,446,458,338,348
END
2.53,-0.40,-0.40,-0.01,-0.01,-0.01,458,447,456,340,343
3.94,-5.39,-5.39,0.08,0.08,0.08,458,447,456,340,343
3.60,-4.87,-4.87,0.30,0.30,0.30,458,447,456,340,343
3.90,-3.04,-3.04,0.50,0.50,0.50,457,446,456,340,343
4.17,-1.54,-1.54,0.36,0.36,0.36,457,446,457,339,342
3.47,-0.85,-0.85,0.06,0.06,0.06,457,446,457,339,342
3.26,-0.22,-0.22,0.13,0.13,0.13,457,446,458,338,342
3.42,0.35,0.35,0.21,0.21,0.21,456,446,458,338,342
2.45,0.59,0.59,0.03,0.03,0.03,457,446,458,338,342
2.56,0.72,0.72,0.07,0.07,0.07,457,446,458,338,342
2.66,0.60,0.60,0.04,0.04,0.04,456,446,457,337,342
END
2.49,0.55,0.55,0.04,0.04,0.04,457,447,455,341,343
4.00,-5.57,-5.57,0.03,0.03,0.03,457,446,455,341,343
3.21,-5.05,-5.05,0.28,0.28,0.28,457,446,455,341,344
4.11,-2.93,-2.93,0.52,0.52,0.52,457,446,456,341,343
3.91,-1.73,-1.73,0.29,0.29,0.29,456,446,457,340,342
3.78,-1.03,-1.03,0.08,0.08,0.08,455,445,456,339,342
2.75,-0.33,-0.33,0.27,0.27,0.27,455,445,457,338,343
2.45,0.78,0.78,0.19,0.19,0.19,455,444,457,338,343
2.19,1.09,1.09,0.06,0.06,0.06,455,445,457,337,342
1.93,1.40,1.40,0.11,0.11,0.11,455,445,457,337,342
1.89,1.29,1.29,0.06,0.06,0.06,455,444,457,337,342
END
2.00,1.52,1.52,0.06,0.06,0.06,456,446,454,341,341
3.96,-4.90,-4.90,0.06,0.06,0.06,456,446,454,341,341
3.57,-4.13,-4.13,0.28,0.28,0.28,456,446,454,341,341
4.74,-2.46,-2.46,0.38,0.38,0.38,455,445,454,340,340
3.45,-1.83,-1.83,0.28,0.28,0.28,455,445,455,340,341
3.27,-0.75,-0.75,0.15,0.15,0.15,455,444,456,339,341
3.31,-0.01,-0.01,0.15,0.15,0.15,454,444,456,339,341
2.77,0.20,0.20,0.11,0.11,0.11,454,444,456,338,341
2.77,0.75,0.75,0.11,0.11,0.11,454,443,456,338,341
2.26,0.63,0.63,0.09,0.09,0.09,454,443,455,338,341
2.58,0.80,0.80,0.07,0.07,0.07,454,443,456,338,341
END
2.23,0.91,0.91,0.03,0.03,0.03,455,444,453,340,341
4.04,-4.64,-4.64,0.10,0.10,0.10,455,444,453,340,340
3.24,-3.07,-3.07,0.44,0.44,0.44,454,444,454,340,341
3.82,-1.88,-1.88,0.42,0.42,0.42,454,443,454,339,342
3.30,-0.65,-0.65,0.22,0.22,0.22,454,443,454,339,342
2.73,-0.28,-0.28,0.10,0.10,0.10,453,443,455,339,342
2.37,0.23,0.23,0.07,0.07,0.07,453,442,454,338,342
2.08,0.33,0.33,0.06,0.06,0.06,453,442,454,338,342
2.02,0.57,0.57,0.05,0.05,0.05,453,442,454,338,342
1.82,0.59,0.59,0.07,0.07,0.07,453,442,454,338,342
1.86,0.58,0.58,0.04,0.04,0.04,452,442,454,338,342
END
1.90,0.73,0.73,0.07,0.07,0.07,454,443,453,340,341
3.98,-5.31,-5.31,0.05,0.05,0.05,453,443,453,340,341
3.14,-4.54,-4.54,0.18,0.18,0.18,453,443,453,340,341
3.91,-3.07,-3.07,0.55,0.55,0.55,453,443,453,339,341
3.66,-1.96,-1.96,0.43,0.43,0.43,453,442,453,339,341
3.97,-0.62,-0.62,-0.13,-0.13,-0.13,452,441,454,338,341
3.19,-0.29,-0.29,0.23,0.23,0.23,451,441,454,339,341
2.24,-0.17,-0.17,0.12,0.12,0.12,450,441,454,338,341
2.44,0.26,0.26,0.11,0.11,0.11,450,440,454,338,341
1.95,0.62,0.62,0.04,0.04,0.04,450,441,454,338,341
2.02,0.58,0.58,0.03,0.03,0.03,450,440,453,338,341
END
1.74,0.58,0.58,-0.00,-0.00,-0.00,454,442,451,340,342
3.90,-5.24,-5.24,0.06,0.06,0.06,454,442,451,340,343
2.95,-4.61,-4.61,0.31,0.31,0.31,454,441,451,340,342
3.00,-2.45,-2.45,0.55,0.55,0.55,453,441,451,340,343
3.93,-0.43,-0.43,0.47,0.47,0.47,452,441,453,339,342
2.97,0.45,0.45,0.18,0.18,0.18,451,440,453,338,342
1.97,0.77,0.77,0.15,0.15,0.15,451,440,453,338,342
1.44,1.04,1.04,0.09,0.09,0.09,451,440,453,337,342
1.62,1.27,1.27,0.04,0.04,0.04,451,440,453,338,341
1.72,1.42,1.42,0.01,0.01,0.01,450,440,453,339,342
1.54,1.51,1.51,0.03,0.03,0.03,451,440,453,339,342
END
1.54,1.35,1.35,0.04,0.04,0.04,452,441,451,341,341
3.89,-5.95,-5.95,0.06,0.06,0.06,452,441,451,341,341
3.22,-5.38,-5.38,0.25,0.25,0.25,452,441,451,341,341
4.06,-3.61,-3.61,0.40,0.40,0.40,452,440,450,340,340
3.91,-2.38,-2.38,0.39,0.39,0.39,452,440,451,340,341
3.63,-1.63,-1.63,0.20,0.20,0.20,451,440,452,340,341
3.04,-0.16,-0.16,0.39,0.39,0.39,451,440,452,339,341
2.51,0.87,0.87,0.32,0.32,0.32,451,440,452,339,341
2.21,1.59,1.59,0.02,0.02,0.02,451,440,452,338,341
2.19,1.48,1.48,-0.01,-0.01,-0.01,450,440,452,338,341
2.12,1.57,1.57,0.00,0.00,0.00,450,439,452,338,341
END
2.00,1.58,1.58,0.04,0.04,0.04,452,440,450,340,341
4.01,-5.36,-5.36,0.04,0.04,0.04,452,440,450,340,341
3.38,-4.95,-4.95,0.19,0.19,0.19,452,440,450,340,341
2.81,-3.77,-3.77,0.45,0.45,0.45,452,440,451,340,341
3.75,-1.89,-1.89,0.52,0.52,0.52,451,440,451,339,341
3.54,-0.40,-0.40,0.34,0.34,0.34,451,440,451,339,341
2.44,0.15,0.15,0.11,0.11,0.11,451,439,452,339,341
2.42,0.65,0.65,0.11,0.11,0.11,450,439,452,338,342
1.28,0.91,0.91,0.22,0.22,0.22,450,439,452,338,342
1.90,1.42,1.42,0.04,0.04,0.04,450,439,452,338,342
1.67,1.36,1.36,0.00,0.00,0.00,450,439,452,338,342
END
1.70,1.25,1.25,0.02,0.02,0.02,451,440,450,342,341
3.98,-5.10,-5.10,0.03,0.03,0.03,451,440,450,342,341
3.68,-4.90,-4.90,0.09,0.09,0.09,451,440,450,342,341
3.17,-3.27,-3.27,0.53,0.53,0.53,451,440,450,342,341
3.55,-1.58,-1.58,0.55,0.55,0.55,450,439,451,341,341
3.19,-0.69,-0.69,0.20,0.20,0.20,450,439,451,340,341
2.81,-0.33,-0.33,0.12,0.12,0.12,449,439,452,340,341
2.37,0.26,0.26,0.21,0.21,0.21,449,439,452,339,342
1.35,0.70,0.70,0.17,0.17,0.17,448,438,452,339,342
1.41,1.04,1.04,0.06,0.06,0.06,449,438,452,339,342
1.61,1.03,1.03,0.02,0.02,0.02,448,438,452,339,342
END
1.56,1.21,1.21,0.06,0.06,0.06,452,440,449,339,341
4.04,-5.02,-5.02,0.06,0.06,0.06,451,440,449,340,341
3.27,-4.49,-4.49,0.25,0.25,0.25,452,440,449,340,342
3.58,-2.80,-2.80,0.55,0.55,0.55,451,440,449,340,341
3.65,-1.44,-1.44,0.37,0.37,0.37,450,439,450,339,341
2.89,-0.40,-0.40,0.10,0.10,0.10,449,439,450,339,341
2.79,0.53,0.53,0.20,0.20,0.20,448,438,451,339,340
1.71,0.73,0.73,0.11,0.11,0.11,448,438,451,338,340
1.76,1.00,1.00,0.05,0.05,0.05,448,438,451,338,340
1.59,1.05,1.05,0.05,0.05,0.05,448,438,451,338,340
1.62,1.11,1.11,0.08,0.08,0.08,448,438,451,338,340
END
1.53,1.33,1.33,0.04,0.04,0.04,450,439,449,341,340
3.15,-4.19,-4.19,0.28,0.28,0.28,450,439,449,341,340
3.83,-2.74,-2.74,0.41,0.41,0.41,449,439,449,341,340
3.42,-1.54,-1.54,0.38,0.38,0.38,449,438,449,340,340
3.28,-0.41,-0.41,0.18,0.18,0.18,448,438,450,339,340
2.55,0.27,0.27,0.18,0.18,0.18,448,438,450,339,340
1.59,1.34,1.34,0.21,0.21,0.21,448,438,450,339,340
1.27,1.46,1.46,0.10,0.10,0.10,447,437,450,338,340
1.67,1.74,1.74,0.05,0.05,0.05,448,437,450,338,340
1.25,1.95,1.95,-0.01,-0.01,-0.01,448,437,450,338,340
1.36,1.86,1.86,0.01,0.01,0.01,447,437,450,338,340
END
1.54,1.70,1.70,0.01,0.01,0.01,451,438,446,340,342
4.00,-5.05,-5.05,0.08,0.08,0.08,451,437,446,340,341
3.75,-4.13,-4.13,0.29,0.29,0.29,451,437,446,340,341
4.39,-2.55,-2.55,0.35,0.35,0.35,450,437,447,340,341
3.75,-2.01,-2.01,0.31,0.31,0.31,449,437,448,339,341
3.40,-0.72,-0.72,0.30,0.30,0.30,449,437,449,339,341
3.17,0.22,0.22,0.19,0.19,0.19,448,437,450,339,341
2.64,1.28,1.28,0.10,0.10,0.10,448,437,450,338,341
2.28,1.10,1.10,0.06,0.06,0.06,448,436,449,338,341
1.86,1.20,1.20,0.10,0.10,0.10,448,436,450,338,341
1.66,1.36,1.36,0.03,0.03,0.03,448,436,450,338,341
END
1.44,1.40,1.40,0.00,0.00,0.00,450,438,448,340,340
4.15,-4.80,-4.80,0.04,0.04,0.04,449,438,448,340,340
3.50,-4.72,-4.72,0.11,0.11,0.11,449,438,448,340,340
3.96,-3.53,-3.53,0.38,0.38,0.38,449,438,448,340,340
4.26,-1.75,-1.75,0.39,0.39,0.39,448,437,448,340,340
3.75,-0.85,-0.85,0.22,0.22,0.22,448,437,448,339,340
3.47,0.15,0.15,0.14,0.14,0.14,447,437,449,339,340
2.77,0.24,0.24,0.04,0.04,0.04,447,437,450,338,340
2.34,0.55,0.55,0.10,0.10,0.10,447,436,450,338,341
1.91,0.99,0.99,0.07,0.07,0.07,447,436,450,338,341
1.86,1.08,1.08,0.01,0.01,0.01,447,436,449,338,341
END
1.79,1.05,1.05,0.05,0.05,0.05,448,439,447,340,340
3.87,-4.86,-4.86,0.02,0.02,0.02,448,439,447,340,340
3.42,-4.54,-4.54,0.17,0.17,0.17,448,439,447,340,340
3.54,-2.88,-2.88,0.54,0.54,0.54,448,438,447,340,340
4.08,-1.33,-1.33,0.37,0.37,0.37,447,438,448,339,340
3.29,-0.55,-0.55,0.19,0.19,0.19,447,438,448,339,340
2.71,0.13,0.13,0.15,0.15,0.15,447,438,448,339,340
2.48,0.90,0.90,0.22,0.22,0.22,447,437,448,338,340
1.60,1.12,1.12,0.16,0.16,0.16,446,437,449,338,339
1.56,1.89,1.89,0.12,0.12,0.12,445,436,448,337,339
1.38,2.07,2.07,0.02,0.02,0.02,445,436,448,337,338
END
1.68,2.10,2.10,-0.02,-0.02,-0.02,448,437,447,338,338
3.73,-4.76,-4.76,0.04,0.04,0.04,448,437,447,339,338
3.35,-4.48,-4.48,0.18,0.18,0.18,448,437,447,339,338
3.26,-3.21,-3.21,0.45,0.45,0.45,448,437,447,339,338
3.93,-1.64,-1.64,0.35,0.35,0.35,446,436,447,339,338
2.64,-1.03,-1.03,0.25,0.25,0.25,446,436,447,338,338
2.46,-0.33,-0.33,0.12,0.12,0.12,446,435,448,338,338
1.85,0.00,0.00,0.12,0.12,0.12,445,435,448,338,338
1.66,0.57,0.57,0.12,0.12,0.12,445,435,448,338,338
1.40,0.61,0.61,0.10,0.10,0.10,445,435,448,338,338
1.26,1.00,1.00,0.04,0.04,0.04,445,435,448,337,338
END