6.96,-5.74,-5.74,0.04,0.04,0.04,423,421,464,344,354
6.92,-5.86,-5.86,0.05,0.05,0.05,422,425,470,342,356
6.81,-5.91,-5.91,0.05,0.05,0.05,425,420,463,340,353
6.93,-5.89,-5.89,0.06,0.06,0.06,425,418,467,345,355
6.88,-5.97,-5.97,0.06,0.06,0.06,420,419,468,343,355
6.60,-6.14,-6.14,0.06,0.06,0.06,423,424,468,341,355
6.51,-6.26,-6.26,0.05,0.05,0.05,422,421,465,340,356
6.26,-6.62,-6.62,-0.06,-0.06,-0.06,424,423,466,344,355
5.38,-6.92,-6.92,-0.13,-0.13,-0.13,423,425,466,344,355
5.47,-6.96,-6.96,-0.25,-0.25,-0.25,421,425,465,341,353
5.56,-6.95,-6.95,-0.40,-0.40,-0.40,420,424,463,345,355
5.41,-6.38,-6.38,-0.51,-0.51,-0.51,425,421,469,342,355
6.09,-6.51,-6.51,-0.44,-0.44,-0.44,425,423,468,340,355
5.13,-6.92,-6.92,-0.51,-0.51,-0.51,420,425,467,345,355
4.63,-6.83,-6.83,-0.61,-0.61,-0.61,418,422,469,344,355
5.35,-6.10,-6.10,-0.77,-0.77,-0.77,422,424,468,341,353
5.72,-6.02,-6.02,-0.78,-0.78,-0.78,419,421,468,342,354
6.47,-5.15,-5.15,-0.70,-0.70,-0.70,418,418,467,340,353
6.98,-5.52,-5.52,-0.62,-0.62,-0.62,421,422,467,340,354
6.16,-6.25,-6.25,-0.64,-0.64,-0.64,421,422,466,342,353
5.84,-5.97,-5.97,-0.74,-0.74,-0.74,423,419,467,341,353
6.17,-5.46,-5.46,-0.73,-0.73,-0.73,422,417,466,342,354
7.14,-5.52,-5.52,-0.67,-0.67,-0.67,421,420,468,343,356
6.96,-5.19,-5.19,-0.65,-0.65,-0.65,421,416,462,344,353
7.36,-5.38,-5.38,-0.64,-0.64,-0.64,421,416,466,345,353
6.93,-5.54,-5.54,-0.59,-0.59,-0.59,421,417,464,344,353
7.04,-5.85,-5.85,-0.60,-0.60,-0.60,418,420,464,345,352
7.03,-5.57,-5.57,-0.73,-0.73,-0.73,419,421,465,346,352
7.05,-4.87,-4.87,-0.66,-0.66,-0.66,418,416,462,344,351
8.75,-4.89,-4.89,-0.69,-0.69,-0.69,416,417,460,343,351
9.15,-3.65,-3.65,-0.41,-0.41,-0.41,414,418,466,345,353
9.12,-4.76,-4.76,-0.10,-0.10,-0.10,412,414,462,339,351
8.31,-5.09,-5.09,-0.03,-0.03,-0.03,414,419,464,343,352
7.49,-5.45,-5.45,-0.02,-0.02,-0.02,416,418,463,340,353
7.80,-5.46,-5.46,0.06,0.06,0.06,417,418,466,345,350
7.31,-5.53,-5.53,0.04,0.04,0.04,415,416,463,346,352
7.39,-5.67,-5.67,0.06,0.06,0.06,412,417,464,338,353
7.24,-5.79,-5.79,0.06,0.06,0.06,416,419,465,345,352
7.44,-5.76,-5.76,-0.01,-0.01,-0.01,415,415,462,346,351
7.46,-5.69,-5.69,0.04,0.04,0.04,413,413,464,340,354
7.11,-5.76,-5.76,0.05,0.05,0.05,412,418,460,340,354
END
7.09,-5.62,-5.62,0.05,0.05,0.05,415,415,463,338,349
6.64,-6.01,-6.01,0.06,0.06,0.06,415,418,466,344,349
6.81,-6.08,-6.08,0.03,0.03,0.03,415,415,463,341,349
6.78,-5.97,-5.97,0.05,0.05,0.05,416,419,458,340,349
6.81,-6.11,-6.11,0.07,0.07,0.07,416,415,461,343,349
6.81,-6.20,-6.20,0.06,0.06,0.06,414,419,461,339,348
6.33,-6.34,-6.34,0.04,0.04,0.04,417,415,464,342,350
6.29,-6.51,-6.51,0.01,0.01,0.01,413,420,463,338,350
6.23,-6.49,-6.49,-0.08,-0.08,-0.08,418,418,457,343,351
5.97,-6.91,-6.91,-0.15,-0.15,-0.15,417,414,458,340,349
5.92,-6.65,-6.65,-0.22,-0.22,-0.22,418,419,459,339,349
5.58,-6.50,-6.50,-0.38,-0.38,-0.38,417,414,464,343,349
4.87,-6.40,-6.40,-0.56,-0.56,-0.56,415,419,462,339,349
6.04,-6.40,-6.40,-0.63,-0.63,-0.63,416,418,457,341,349
6.22,-6.42,-6.42,-0.75,-0.75,-0.75,412,418,460,339,351
6.15,-6.56,-6.56,-0.74,-0.74,-0.74,414,416,464,342,350
6.47,-5.66,-5.66,-0.71,-0.71,-0.71,415,416,464,341,349
6.43,-5.74,-5.74,-0.71,-0.71,-0.71,416,417,457,339,350
6.12,-5.80,-5.80,-0.66,-0.66,-0.66,413,417,459,337,349
6.02,-6.35,-6.35,-0.62,-0.62,-0.62,410,419,463,339,350
6.16,-5.54,-5.54,-0.68,-0.68,-0.68,415,415,461,340,349
6.05,-5.69,-5.69,-0.66,-0.66,-0.66,417,414,459,343,351
6.14,-5.62,-5.62,-0.63,-0.63,-0.63,416,418,461,343,351
6.78,-5.63,-5.63,-0.65,-0.65,-0.65,417,413,457,341,351
5.77,-5.44,-5.44,-0.60,-0.60,-0.60,411,418,456,344,350
5.79,-5.82,-5.82,-0.52,-0.52,-0.52,413,413,462,340,351
6.40,-5.85,-5.85,-0.58,-0.58,-0.58,414,417,458,342,352
6.65,-5.30,-5.30,-0.55,-0.55,-0.55,413,416,463,339,350
6.77,-5.13,-5.13,-0.48,-0.48,-0.48,416,417,458,344,351
8.26,-4.80,-4.80,-0.43,-0.43,-0.43,414,416,460,338,351
8.55,-4.58,-4.58,-0.37,-0.37,-0.37,413,416,461,343,350
8.45,-5.10,-5.10,-0.23,-0.23,-0.23,412,414,462,343,352
7.60,-5.62,-5.62,-0.07,-0.07,-0.07,413,414,461,341,350
7.78,-5.69,-5.69,0.03,0.03,0.03,414,412,456,341,352
6.70,-6.41,-6.41,0.01,0.01,0.01,414,410,459,338,352
6.57,-5.97,-5.97,0.01,0.01,0.01,412,414,459,342,351
6.96,-5.86,-5.86,0.02,0.02,0.02,412,415,459,343,351
6.21,-6.15,-6.15,0.05,0.05,0.05,413,413,460,343,351
6.10,-6.10,-6.10,0.06,0.06,0.06,413,416,456,339,349
6.51,-6.27,-6.27,0.01,0.01,0.01,414,415,455,341,351
6.27,-6.12,-6.12,0.05,0.05,0.05,410,414,462,341,352
END
6.27,-6.35,-6.35,0.04,0.04,0.04,412,417,458,342,349
5.58,-6.80,-6.80,0.04,0.04,0.04,411,414,459,343,348
5.67,-6.92,-6.92,0.03,0.03,0.03,413,415,461,344,349
5.58,-6.70,-6.70,0.02,0.02,0.02,415,413,455,342,349
5.76,-6.85,-6.85,0.03,0.03,0.03,413,414,460,338,349
5.38,-7.06,-7.06,0.00,0.00,0.00,410,411,460,340,349
4.86,-7.33,-7.33,-0.03,-0.03,-0.03,411,411,456,341,349
5.00,-7.23,-7.23,-0.06,-0.06,-0.06,414,413,459,342,349
4.69,-7.10,-7.10,-0.11,-0.11,-0.11,413,413,458,342,348
4.54,-7.03,-7.03,-0.15,-0.15,-0.15,410,414,460,337,350
4.43,-7.60,-7.60,-0.12,-0.12,-0.12,414,417,457,339,349
4.49,-7.86,-7.86,-0.24,-0.24,-0.24,411,413,460,342,349
3.96,-7.59,-7.59,-0.36,-0.36,-0.36,412,418,460,341,348
4.03,-7.34,-7.34,-0.47,-0.47,-0.47,412,415,459,339,348
4.11,-6.84,-6.84,-0.52,-0.52,-0.52,412,412,457,340,347
5.00,-7.05,-7.05,-0.58,-0.58,-0.58,412,412,456,343,349
4.60,-6.70,-6.70,-0.56,-0.56,-0.56,413,415,461,342,347
4.56,-6.50,-6.50,-0.57,-0.57,-0.57,409,414,458,339,347
5.27,-6.57,-6.57,-0.53,-0.53,-0.53,412,411,460,340,346
5.37,-6.27,-6.27,-0.61,-0.61,-0.61,409,413,457,340,348
5.82,-6.62,-6.62,-0.55,-0.55,-0.55,412,414,460,342,349
4.79,-6.52,-6.52,-0.59,-0.59,-0.59,409,412,459,338,349
5.84,-6.45,-6.45,-0.64,-0.64,-0.64,412,412,458,341,348
5.92,-5.85,-5.85,-0.66,-0.66,-0.66,412,412,459,337,349
6.44,-6.12,-6.12,-0.61,-0.61,-0.61,411,414,461,342,349
6.47,-5.98,-5.98,-0.60,-0.60,-0.60,412,416,460,340,349
6.58,-6.38,-6.38,-0.63,-0.63,-0.63,411,412,459,341,349
6.50,-5.79,-5.79,-0.59,-0.59,-0.59,410,413,453,339,348
6.66,-5.75,-5.75,-0.56,-0.56,-0.56,410,413,462,342,347
7.44,-5.43,-5.43,-0.52,-0.52,-0.52,410,413,459,342,349
7.60,-5.48,-5.48,-0.39,-0.39,-0.39,410,413,459,344,348
7.38,-5.66,-5.66,-0.23,-0.23,-0.23,413,413,459,339,350
7.67,-5.51,-5.51,-0.10,-0.10,-0.10,407,414,461,336,348
7.66,-5.93,-5.93,-0.00,-0.00,-0.00,410,413,456,341,348
6.60,-6.64,-6.64,-0.00,-0.00,-0.00,410,412,461,338,348
6.61,-6.50,-6.50,-0.03,-0.03,-0.03,407,415,459,338,348
6.47,-6.55,-6.55,0.00,0.00,0.00,411,415,454,342,348
6.45,-6.64,-6.64,0.05,0.05,0.05,410,416,459,340,349
5.91,-6.91,-6.91,0.04,0.04,0.04,407,412,455,340,347
5.96,-6.91,-6.91,0.03,0.03,0.03,409,416,457,339,349
5.67,-6.73,-6.73,0.04,0.04,0.04,408,416,456,339,349
END
5.84,-6.82,-6.82,0.05,0.05,0.05,416,417,456,341,346
6.06,-6.48,-6.48,0.02,0.02,0.02,414,418,455,336,348
5.79,-6.42,-6.42,0.03,0.03,0.03,416,416,459,342,346
5.74,-6.53,-6.53,0.02,0.02,0.02,412,414,458,342,347
5.61,-6.55,-6.55,0.04,0.04,0.04,413,415,456,339,347
5.81,-6.53,-6.53,0.04,0.04,0.04,414,416,459,340,346
5.64,-6.71,-6.71,0.04,0.04,0.04,415,418,453,342,347
5.52,-6.65,-6.65,0.01,0.01,0.01,414,416,459,341,347
5.34,-6.64,-6.64,0.02,0.02,0.02,416,415,454,336,344
5.08,-6.78,-6.78,-0.05,-0.05,-0.05,414,415,458,337,347
5.55,-6.96,-6.96,-0.19,-0.19,-0.19,411,416,455,341,346
4.60,-7.34,-7.34,-0.30,-0.30,-0.30,415,414,453,339,345
5.27,-7.12,-7.12,-0.37,-0.37,-0.37,415,415,452,340,347
5.00,-7.12,-7.12,-0.37,-0.37,-0.37,413,414,452,341,346
4.51,-7.09,-7.09,-0.45,-0.45,-0.45,414,417,459,337,346
5.58,-6.91,-6.91,-0.51,-0.51,-0.51,414,413,455,337,347
3.60,-6.85,-6.85,-0.58,-0.58,-0.58,409,415,456,343,348
6.26,-6.37,-6.37,-0.66,-0.66,-0.66,412,415,457,340,347
5.28,-5.98,-5.98,-0.68,-0.68,-0.68,411,415,452,341,347
6.61,-6.27,-6.27,-0.59,-0.59,-0.59,410,416,454,340,348
5.84,-6.08,-6.08,-0.63,-0.63,-0.63,412,416,455,338,348
6.30,-6.10,-6.10,-0.60,-0.60,-0.60,410,416,453,343,348
5.00,-6.20,-6.20,-0.62,-0.62,-0.62,413,417,453,338,345
5.18,-6.32,-6.32,-0.62,-0.62,-0.62,413,414,456,343,347
5.58,-6.01,-6.01,-0.65,-0.65,-0.65,408,414,458,338,347
6.41,-5.75,-5.75,-0.62,-0.62,-0.62,411,412,457,342,347
6.40,-5.71,-5.71,-0.58,-0.58,-0.58,412,412,459,339,348
6.14,-6.32,-6.32,-0.49,-0.49,-0.49,412,413,456,340,348
6.95,-5.73,-5.73,-0.50,-0.50,-0.50,411,417,452,340,348
6.27,-6.28,-6.28,-0.49,-0.49,-0.49,411,416,456,341,349
7.03,-5.79,-5.79,-0.50,-0.50,-0.50,411,415,454,340,347
6.65,-6.07,-6.07,-0.53,-0.53,-0.53,410,415,458,339,349
6.88,-5.69,-5.69,-0.42,-0.42,-0.42,407,414,455,336,348
6.78,-5.77,-5.77,-0.42,-0.42,-0.42,412,413,454,339,346
7.91,-5.21,-5.21,-0.31,-0.31,-0.31,409,416,458,337,346
7.85,-5.23,-5.23,-0.15,-0.15,-0.15,410,413,453,337,349
7.85,-5.57,-5.57,-0.05,-0.05,-0.05,413,418,452,339,346
7.24,-6.07,-6.07,-0.00,-0.00,-0.00,410,410,456,342,347
6.83,-6.04,-6.04,0.02,0.02,0.02,412,412,448,343,347
6.43,-6.17,-6.17,0.07,0.07,0.07,407,415,452,342,348
5.99,-6.37,-6.37,0.09,0.09,0.09,407,413,457,340,347
END
5.65,-6.40,-6.40,0.07,0.07,0.07,416,418,453,342,345
5.62,-6.32,-6.32,0.02,0.02,0.02,414,418,456,339,346
5.48,-6.47,-6.47,0.03,0.03,0.03,415,418,458,340,346
5.63,-6.64,-6.64,0.04,0.04,0.04,417,415,455,339,346
5.44,-6.58,-6.58,0.05,0.05,0.05,418,416,455,341,346
5.37,-6.55,-6.55,0.04,0.04,0.04,416,416,453,338,347
5.05,-6.89,-6.89,0.02,0.02,0.02,413,415,457,343,346
4.43,-7.19,-7.19,-0.02,-0.02,-0.02,418,417,451,343,346
4.80,-7.34,-7.34,-0.10,-0.10,-0.10,416,414,456,339,346
4.79,-6.98,-6.98,-0.28,-0.28,-0.28,415,416,458,341,346
4.64,-6.75,-6.75,-0.29,-0.29,-0.29,415,417,457,340,347
5.05,-7.16,-7.16,-0.33,-0.33,-0.33,415,414,454,342,347
4.39,-7.12,-7.12,-0.43,-0.43,-0.43,415,418,455,342,347
4.61,-6.98,-6.98,-0.53,-0.53,-0.53,412,416,455,342,344
3.79,-6.92,-6.92,-0.56,-0.56,-0.56,414,412,457,341,347
4.80,-6.73,-6.73,-0.61,-0.61,-0.61,415,416,455,342,346
4.98,-6.53,-6.53,-0.66,-0.66,-0.66,412,411,454,341,347
5.25,-6.22,-6.22,-0.60,-0.60,-0.60,409,417,457,341,346
5.16,-6.36,-6.36,-0.59,-0.59,-0.59,411,414,452,342,347
5.82,-6.20,-6.20,-0.54,-0.54,-0.54,410,413,458,341,346
6.06,-6.20,-6.20,-0.48,-0.48,-0.48,413,410,456,343,348
4.78,-6.73,-6.73,-0.40,-0.40,-0.40,414,411,458,339,347
5.77,-6.66,-6.66,-0.41,-0.41,-0.41,413,412,455,341,346
5.48,-6.42,-6.42,-0.43,-0.43,-0.43,410,414,457,338,347
5.70,-6.76,-6.76,-0.46,-0.46,-0.46,412,415,452,336,346
4.90,-6.76,-6.76,-0.50,-0.50,-0.50,411,414,451,343,346
5.41,-6.84,-6.84,-0.54,-0.54,-0.54,409,416,454,336,348
5.47,-5.70,-5.70,-0.64,-0.64,-0.64,413,416,453,339,346
6.42,-5.96,-5.96,-0.72,-0.72,-0.72,409,414,449,338,347
7.03,-5.46,-5.46,-0.61,-0.61,-0.61,409,410,456,339,349
6.58,-6.22,-6.22,-0.46,-0.46,-0.46,409,410,456,340,348
6.88,-6.27,-6.27,-0.44,-0.44,-0.44,408,414,454,342,347
6.88,-5.88,-5.88,-0.39,-0.39,-0.39,409,409,456,341,346
7.37,-5.81,-5.81,-0.31,-0.31,-0.31,411,411,451,336,349
6.73,-6.31,-6.31,-0.26,-0.26,-0.26,409,414,455,338,348
7.66,-6.21,-6.21,-0.15,-0.15,-0.15,407,414,457,342,350
7.37,-6.01,-6.01,-0.09,-0.09,-0.09,407,411,452,339,349
6.87,-5.96,-5.96,-0.02,-0.02,-0.02,409,414,454,340,349
6.41,-6.02,-6.02,-0.01,-0.01,-0.01,411,414,450,337,350
6.41,-6.37,-6.37,0.03,0.03,0.03,409,409,457,340,349
6.12,-6.45,-6.45,0.07,0.07,0.07,411,416,450,338,348
END
5.86,-6.73,-6.73,0.08,0.08,0.08,411,415,449,338,348
5.51,-6.70,-6.70,0.03,0.03,0.03,413,411,452,343,346
5.64,-6.67,-6.67,0.02,0.02,0.02,415,415,451,342,348
5.89,-6.75,-6.75,0.01,0.01,0.01,415,413,454,340,346
5.51,-6.63,-6.63,0.03,0.03,0.03,414,414,457,337,346
4.82,-7.10,-7.10,0.02,0.02,0.02,414,414,456,341,345
4.51,-7.42,-7.42,-0.05,-0.05,-0.05,414,414,456,340,348
4.16,-7.33,-7.33,-0.14,-0.14,-0.14,414,413,456,342,348
4.57,-7.57,-7.57,-0.21,-0.21,-0.21,411,414,453,337,346
4.67,-7.37,-7.37,-0.32,-0.32,-0.32,412,412,456,339,346
4.40,-7.18,-7.18,-0.43,-0.43,-0.43,414,416,455,342,346
4.76,-7.04,-7.04,-0.47,-0.47,-0.47,414,410,454,339,346
4.85,-6.57,-6.57,-0.62,-0.62,-0.62,408,415,450,339,345
4.26,-6.43,-6.43,-0.61,-0.61,-0.61,411,411,455,337,346
4.92,-6.29,-6.29,-0.59,-0.59,-0.59,411,415,455,342,347
4.80,-6.22,-6.22,-0.54,-0.54,-0.54,412,414,453,340,345
5.17,-6.31,-6.31,-0.49,-0.49,-0.49,410,413,451,341,346
5.36,-5.89,-5.89,-0.50,-0.50,-0.50,409,414,455,339,346
5.39,-6.30,-6.30,-0.37,-0.37,-0.37,408,415,455,339,345
4.79,-6.47,-6.47,-0.31,-0.31,-0.31,411,413,455,338,345
3.69,-6.30,-6.30,-0.44,-0.44,-0.44,410,411,452,342,347
5.61,-6.93,-6.93,-0.40,-0.40,-0.40,412,415,456,338,346
5.04,-6.35,-6.35,-0.53,-0.53,-0.53,410,413,455,339,348
5.68,-6.44,-6.44,-0.51,-0.51,-0.51,409,410,455,341,346
5.99,-6.12,-6.12,-0.56,-0.56,-0.56,411,414,454,341,345
5.77,-5.94,-5.94,-0.54,-0.54,-0.54,409,412,454,339,346
6.37,-5.85,-5.85,-0.60,-0.60,-0.60,409,415,455,343,347
5.96,-6.50,-6.50,-0.44,-0.44,-0.44,409,411,453,337,347
5.71,-6.79,-6.79,-0.49,-0.49,-0.49,407,412,453,337,347
6.22,-6.21,-6.21,-0.44,-0.44,-0.44,407,409,455,342,345
7.03,-5.71,-5.71,-0.32,-0.32,-0.32,405,411,454,338,346
7.03,-5.63,-5.63,-0.17,-0.17,-0.17,407,414,455,339,346
6.58,-5.74,-5.74,0.01,0.01,0.01,405,409,454,336,348
6.00,-6.75,-6.75,0.02,0.02,0.02,404,413,454,339,347
6.43,-7.13,-7.13,-0.03,-0.03,-0.03,404,413,454,342,347
5.90,-6.81,-6.81,-0.03,-0.03,-0.03,407,411,450,340,347
6.05,-6.70,-6.70,0.00,0.00,0.00,408,413,453,344,346
5.30,-7.06,-7.06,0.03,0.03,0.03,407,414,454,342,347
5.40,-6.83,-6.83,0.02,0.02,0.02,404,413,452,342,347
5.13,-6.77,-6.77,0.05,0.05,0.05,407,414,454,339,348
5.21,-6.88,-6.88,0.04,0.04,0.04,403,413,455,340,346
END
5.18,-6.96,-6.96,0.07,0.07,0.07,410,409,453,341,345
4.70,-7.47,-7.47,0.03,0.03,0.03,409,414,450,341,347
4.79,-7.59,-7.59,-0.00,-0.00,-0.00,411,413,455,341,346
4.45,-7.42,-7.42,-0.02,-0.02,-0.02,413,415,450,342,345
4.97,-7.26,-7.26,-0.05,-0.05,-0.05,410,415,451,336,346
4.38,-7.70,-7.70,-0.04,-0.04,-0.04,410,415,451,340,346
3.61,-7.96,-7.96,-0.10,-0.10,-0.10,411,412,451,341,348
3.69,-7.86,-7.86,-0.15,-0.15,-0.15,412,411,453,340,346
3.29,-7.30,-7.30,-0.17,-0.17,-0.17,408,414,452,344,348
4.23,-7.41,-7.41,-0.26,-0.26,-0.26,412,412,453,338,348
3.60,-7.58,-7.58,-0.31,-0.31,-0.31,412,414,447,339,345
4.41,-7.54,-7.54,-0.41,-0.41,-0.41,411,414,449,342,347
3.81,-7.07,-7.07,-0.53,-0.53,-0.53,413,413,451,343,347
4.58,-6.98,-6.98,-0.54,-0.54,-0.54,411,412,452,340,346
3.87,-6.24,-6.24,-0.53,-0.53,-0.53,412,413,454,340,347
4.78,-6.88,-6.88,-0.54,-0.54,-0.54,409,414,454,341,348
4.61,-6.97,-6.97,-0.51,-0.51,-0.51,406,410,447,338,348
5.07,-6.81,-6.81,-0.51,-0.51,-0.51,410,413,454,337,347
4.75,-7.15,-7.15,-0.51,-0.51,-0.51,408,414,455,340,347
5.43,-6.72,-6.72,-0.54,-0.54,-0.54,411,408,447,337,347
5.56,-6.40,-6.40,-0.51,-0.51,-0.51,409,409,454,339,346
5.57,-6.64,-6.64,-0.44,-0.44,-0.44,406,413,453,337,347
6.27,-6.53,-6.53,-0.43,-0.43,-0.43,409,412,448,338,346
5.33,-6.54,-6.54,-0.44,-0.44,-0.44,406,413,449,336,347
5.66,-6.76,-6.76,-0.39,-0.39,-0.39,409,414,448,338,345
5.53,-6.50,-6.50,-0.46,-0.46,-0.46,410,410,454,337,347
5.69,-6.33,-6.33,-0.49,-0.49,-0.49,408,412,451,341,348
5.91,-6.03,-6.03,-0.51,-0.51,-0.51,407,412,451,343,347
6.12,-6.06,-6.06,-0.43,-0.43,-0.43,409,413,449,339,347
6.07,-6.63,-6.63,-0.31,-0.31,-0.31,407,412,452,341,346
6.76,-6.58,-6.58,-0.27,-0.27,-0.27,403,409,456,336,347
7.87,-5.86,-5.86,-0.15,-0.15,-0.15,409,415,452,342,347
7.70,-5.96,-5.96,-0.05,-0.05,-0.05,407,411,448,339,347
6.55,-6.78,-6.78,0.01,0.01,0.01,407,413,451,339,346
5.80,-7.06,-7.06,-0.03,-0.03,-0.03,405,410,452,342,347
6.30,-6.50,-6.50,-0.03,-0.03,-0.03,408,411,450,340,348
5.42,-7.09,-7.09,0.05,0.05,0.05,403,414,452,335,347
4.99,-7.04,-7.04,0.06,0.06,0.06,408,411,450,341,347
5.12,-7.13,-7.13,0.03,0.03,0.03,406,408,454,339,347
5.29,-7.08,-7.08,0.07,0.07,0.07,410,413,449,337,346
5.14,-7.27,-7.27,0.05,0.05,0.05,404,413,449,338,348
END
5.15,-7.08,-7.08,0.03,0.03,0.03,414,412,450,342,346
5.82,-6.61,-6.61,-0.02,-0.02,-0.02,414,411,454,339,345
5.69,-6.56,-6.56,0.01,0.01,0.01,415,412,455,339,345
5.41,-7.05,-7.05,0.05,0.05,0.05,411,414,452,339,345
5.58,-7.03,-7.03,0.05,0.05,0.05,410,413,451,341,346
4.90,-7.32,-7.32,0.02,0.02,0.02,413,415,453,340,345
4.64,-7.24,-7.24,-0.03,-0.03,-0.03,413,415,453,341,345
3.57,-7.44,-7.44,-0.11,-0.11,-0.11,413,414,453,338,344
2.69,-7.71,-7.71,-0.21,-0.21,-0.21,410,415,452,340,345
2.42,-7.61,-7.61,-0.37,-0.37,-0.37,415,414,448,337,346
3.47,-7.71,-7.71,-0.45,-0.45,-0.45,413,413,450,336,344
3.35,-7.68,-7.68,-0.64,-0.64,-0.64,413,416,454,340,346
4.16,-7.13,-7.13,-0.79,-0.79,-0.79,413,416,447,339,345
4.41,-6.16,-6.16,-0.79,-0.79,-0.79,412,412,457,343,344
5.61,-6.15,-6.15,-0.77,-0.77,-0.77,412,412,449,339,346
5.39,-6.05,-6.05,-0.65,-0.65,-0.65,411,415,448,337,347
5.15,-6.25,-6.25,-0.65,-0.65,-0.65,411,410,448,341,345
4.70,-6.19,-6.19,-0.57,-0.57,-0.57,408,412,451,341,345
5.52,-6.43,-6.43,-0.58,-0.58,-0.58,411,413,451,340,346
5.77,-6.22,-6.22,-0.50,-0.50,-0.50,409,410,450,338,345
5.74,-6.45,-6.45,-0.53,-0.53,-0.53,410,413,452,339,345
6.16,-6.38,-6.38,-0.46,-0.46,-0.46,406,411,453,340,345
5.63,-6.46,-6.46,-0.45,-0.45,-0.45,407,411,454,340,346
5.74,-6.55,-6.55,-0.38,-0.38,-0.38,408,411,450,340,344
5.83,-6.53,-6.53,-0.42,-0.42,-0.42,408,409,450,342,346
5.33,-6.58,-6.58,-0.35,-0.35,-0.35,409,410,447,343,346
5.63,-6.38,-6.38,-0.39,-0.39,-0.39,407,415,449,336,346
5.22,-6.55,-6.55,-0.35,-0.35,-0.35,409,412,450,339,345
7.18,-6.35,-6.35,-0.35,-0.35,-0.35,410,412,454,340,346
6.92,-6.48,-6.48,-0.30,-0.30,-0.30,411,408,450,338,347
7.42,-6.09,-6.09,-0.26,-0.26,-0.26,407,409,453,341,347
7.80,-5.89,-5.89,-0.08,-0.08,-0.08,408,411,445,342,347
7.37,-6.05,-6.05,-0.02,-0.02,-0.02,409,410,453,341,345
6.27,-6.34,-6.34,0.00,0.00,0.00,408,410,455,342,344
5.68,-6.59,-6.59,0.02,0.02,0.02,408,411,454,342,346
5.25,-6.92,-6.92,0.06,0.06,0.06,408,407,446,339,347
5.47,-7.24,-7.24,0.09,0.09,0.09,406,409,450,341,346
5.39,-7.30,-7.30,0.07,0.07,0.07,408,415,450,336,345
5.41,-7.22,-7.22,0.04,0.04,0.04,407,408,447,339,346
5.63,-6.81,-6.81,0.02,0.02,0.02,409,413,455,338,346
5.19,-7.01,-7.01,0.05,0.05,0.05,409,410,450,341,344
END
5.30,-6.83,-6.83,0.03,0.03,0.03,410,412,451,342,346
5.06,-7.53,-7.53,0.05,0.05,0.05,411,412,453,340,346
4.87,-7.64,-7.64,0.06,0.06,0.06,411,411,449,342,346
4.88,-7.68,-7.68,0.04,0.04,0.04,410,413,453,342,347
4.71,-7.87,-7.87,0.04,0.04,0.04,413,413,451,341,347
4.36,-8.20,-8.20,-0.04,-0.04,-0.04,412,413,448,343,345
3.40,-8.15,-8.15,-0.14,-0.14,-0.14,414,412,448,338,345
2.91,-8.07,-8.07,-0.25,-0.25,-0.25,410,412,450,341,346
3.73,-8.23,-8.23,-0.35,-0.35,-0.35,408,409,446,338,345
3.65,-8.13,-8.13,-0.33,-0.33,-0.33,411,414,454,339,345
3.55,-8.28,-8.28,-0.42,-0.42,-0.42,413,412,449,340,344
3.81,-8.31,-8.31,-0.45,-0.45,-0.45,413,414,448,338,346
5.08,-7.80,-7.80,-0.54,-0.54,-0.54,407,414,450,341,347
4.62,-7.46,-7.46,-0.51,-0.51,-0.51,411,413,453,339,346
4.68,-7.03,-7.03,-0.52,-0.52,-0.52,410,415,446,342,345
3.69,-7.34,-7.34,-0.47,-0.47,-0.47,409,410,449,339,347
5.07,-7.40,-7.40,-0.46,-0.46,-0.46,408,409,450,338,345
4.62,-6.92,-6.92,-0.53,-0.53,-0.53,408,414,451,343,346
4.64,-6.98,-6.98,-0.49,-0.49,-0.49,411,411,444,340,346
5.27,-6.68,-6.68,-0.52,-0.52,-0.52,408,410,451,344,346
5.22,-7.38,-7.38,-0.47,-0.47,-0.47,406,412,450,337,345
5.45,-7.03,-7.03,-0.52,-0.52,-0.52,408,414,451,338,347
5.84,-6.49,-6.49,-0.52,-0.52,-0.52,408,408,445,339,344
6.30,-7.16,-7.16,-0.47,-0.47,-0.47,407,413,452,338,345
5.68,-6.75,-6.75,-0.56,-0.56,-0.56,408,411,451,340,347
5.58,-6.77,-6.77,-0.48,-0.48,-0.48,406,409,450,342,346
6.50,-6.32,-6.32,-0.49,-0.49,-0.49,406,412,450,342,346
6.11,-6.21,-6.21,-0.44,-0.44,-0.44,409,413,452,341,346
6.47,-6.58,-6.58,-0.34,-0.34,-0.34,408,411,450,339,345
6.64,-6.72,-6.72,-0.27,-0.27,-0.27,407,415,448,337,347
6.94,-6.71,-6.71,-0.25,-0.25,-0.25,409,410,448,339,345
7.65,-6.43,-6.43,-0.12,-0.12,-0.12,405,413,451,341,347
7.43,-6.69,-6.69,-0.07,-0.07,-0.07,409,408,446,339,346
6.42,-6.43,-6.43,-0.04,-0.04,-0.04,405,414,451,337,345
5.82,-6.43,-6.43,0.02,0.02,0.02,409,413,450,343,345
5.54,-6.81,-6.81,0.07,0.07,0.07,406,409,447,337,347
5.44,-7.33,-7.33,0.10,0.10,0.10,408,408,446,340,346
5.61,-7.41,-7.41,0.09,0.09,0.09,408,414,445,342,346
5.49,-7.54,-7.54,0.08,0.08,0.08,409,412,449,341,347
5.53,-7.29,-7.29,0.05,0.05,0.05,409,412,451,340,345
5.39,-7.11,-7.11,0.05,0.05,0.05,407,410,446,337,345
END
5.59,-7.15,-7.15,0.04,0.04,0.04,411,415,446,342,345
5.20,-7.34,-7.34,0.06,0.06,0.06,414,415,453,341,344
5.30,-7.05,-7.05,0.02,0.02,0.02,414,413,448,342,344
5.13,-6.85,-6.85,0.03,0.03,0.03,412,416,453,341,346
5.33,-6.89,-6.89,0.01,0.01,0.01,417,413,446,336,344
4.95,-7.57,-7.57,-0.00,-0.00,-0.00,417,417,452,339,345
4.93,-7.57,-7.57,-0.11,-0.11,-0.11,416,414,448,340,345
4.41,-7.27,-7.27,-0.14,-0.14,-0.14,415,412,447,336,344
4.18,-7.51,-7.51,-0.17,-0.17,-0.17,415,411,453,343,347
4.06,-7.76,-7.76,-0.26,-0.26,-0.26,416,411,453,340,345
3.75,-7.59,-7.59,-0.44,-0.44,-0.44,417,415,447,337,347
3.93,-7.40,-7.40,-0.44,-0.44,-0.44,411,414,452,339,344
4.47,-7.15,-7.15,-0.54,-0.54,-0.54,413,410,448,340,345
5.13,-6.85,-6.85,-0.55,-0.55,-0.55,414,410,450,338,345
5.25,-6.88,-6.88,-0.52,-0.52,-0.52,413,412,449,336,345
5.67,-6.90,-6.90,-0.53,-0.53,-0.53,412,411,450,339,344
4.69,-6.96,-6.96,-0.55,-0.55,-0.55,411,415,446,343,346
4.66,-6.59,-6.59,-0.57,-0.57,-0.57,409,411,449,339,345
4.98,-6.47,-6.47,-0.62,-0.62,-0.62,411,412,448,343,344
4.85,-6.57,-6.57,-0.59,-0.59,-0.59,412,414,453,342,345
5.43,-6.38,-6.38,-0.65,-0.65,-0.65,410,410,451,339,345
5.44,-6.60,-6.60,-0.62,-0.62,-0.62,412,410,450,341,347
5.23,-6.25,-6.25,-0.63,-0.63,-0.63,410,413,449,336,345
6.56,-6.20,-6.20,-0.60,-0.60,-0.60,409,413,445,340,347
6.30,-5.98,-5.98,-0.55,-0.55,-0.55,410,414,445,341,344
6.58,-6.12,-6.12,-0.53,-0.53,-0.53,410,408,448,341,344
6.16,-6.22,-6.22,-0.44,-0.44,-0.44,411,411,447,335,346
6.06,-6.38,-6.38,-0.47,-0.47,-0.47,407,410,449,340,346
6.01,-6.54,-6.54,-0.49,-0.49,-0.49,409,408,449,341,344
6.46,-6.26,-6.26,-0.51,-0.51,-0.51,408,412,453,341,346
7.04,-5.67,-5.67,-0.43,-0.43,-0.43,407,407,447,341,346
7.59,-6.04,-6.04,-0.18,-0.18,-0.18,404,411,449,340,346
8.06,-6.38,-6.38,-0.11,-0.11,-0.11,407,411,447,336,345
7.33,-6.35,-6.35,-0.06,-0.06,-0.06,404,413,450,336,346
6.26,-6.59,-6.59,-0.01,-0.01,-0.01,409,413,450,339,344
5.87,-6.56,-6.56,-0.01,-0.01,-0.01,407,410,451,342,346
5.68,-6.75,-6.75,0.05,0.05,0.05,409,411,452,339,346
5.64,-6.83,-6.83,0.04,0.04,0.04,408,412,449,338,344
5.48,-7.06,-7.06,0.07,0.07,0.07,407,412,447,337,346
5.36,-7.32,-7.32,0.03,0.03,0.03,409,413,448,341,344
5.48,-7.24,-7.24,0.04,0.04,0.04,407,407,453,339,344
END
5.23,-7.24,-7.24,0.04,0.04,0.04,411,411,445,337,345
4.94,-7.50,-7.50,0.00,0.00,0.00,408,412,452,337,345
5.51,-7.26,-7.26,-0.06,-0.06,-0.06,409,412,446,340,344
5.49,-7.16,-7.16,-0.02,-0.02,-0.02,410,411,444,337,347
5.27,-7.14,-7.14,-0.01,-0.01,-0.01,411,411,448,340,345
4.59,-7.84,-7.84,-0.02,-0.02,-0.02,408,410,450,336,346
4.35,-8.24,-8.24,-0.10,-0.10,-0.10,412,413,452,341,346
3.61,-7.99,-7.99,-0.23,-0.23,-0.23,412,409,446,336,344
2.40,-7.48,-7.48,-0.27,-0.27,-0.27,411,410,448,339,346
4.29,-8.19,-8.19,-0.23,-0.23,-0.23,410,413,451,341,345
4.16,-8.01,-8.01,-0.44,-0.44,-0.44,410,411,448,341,346
4.60,-7.83,-7.83,-0.52,-0.52,-0.52,409,408,446,339,344
4.26,-7.58,-7.58,-0.59,-0.59,-0.59,409,407,450,342,344
3.96,-7.54,-7.54,-0.63,-0.63,-0.63,407,408,448,338,344
4.30,-6.97,-6.97,-0.68,-0.68,-0.68,409,410,449,339,345
4.96,-6.51,-6.51,-0.70,-0.70,-0.70,409,412,448,340,346
5.48,-6.32,-6.32,-0.72,-0.72,-0.72,411,412,451,340,345
5.01,-6.69,-6.69,-0.62,-0.62,-0.62,409,410,450,337,346
5.69,-6.23,-6.23,-0.64,-0.64,-0.64,406,407,446,342,346
5.05,-7.09,-7.09,-0.56,-0.56,-0.56,406,411,447,336,345
4.90,-6.77,-6.77,-0.58,-0.58,-0.58,406,409,452,342,345
5.23,-6.98,-6.98,-0.50,-0.50,-0.50,407,407,447,336,344
6.24,-6.59,-6.59,-0.56,-0.56,-0.56,405,407,445,342,345
7.00,-6.70,-6.70,-0.52,-0.52,-0.52,406,409,445,341,344
6.52,-6.27,-6.27,-0.56,-0.56,-0.56,409,411,450,337,345
6.67,-6.37,-6.37,-0.56,-0.56,-0.56,407,410,452,340,345
6.76,-5.96,-5.96,-0.50,-0.50,-0.50,407,412,448,339,345
6.88,-5.61,-5.61,-0.44,-0.44,-0.44,407,407,451,339,347
7.71,-5.28,-5.28,-0.28,-0.28,-0.28,406,411,451,341,345
7.41,-5.82,-5.82,-0.10,-0.10,-0.10,406,410,448,337,346
7.86,-6.42,-6.42,-0.03,-0.03,-0.03,407,406,445,336,346
7.50,-6.70,-6.70,0.01,0.01,0.01,404,406,450,340,345
6.68,-6.86,-6.86,0.02,0.02,0.02,405,409,446,343,346
5.87,-6.93,-6.93,0.02,0.02,0.02,408,406,450,342,346
5.89,-6.67,-6.67,0.02,0.02,0.02,403,409,448,340,345
5.84,-6.83,-6.83,0.05,0.05,0.05,406,409,449,338,344
5.58,-7.12,-7.12,0.05,0.05,0.05,406,408,448,337,345
5.46,-7.07,-7.07,0.06,0.06,0.06,405,409,449,340,346
6.01,-7.08,-7.08,0.02,0.02,0.02,405,410,451,341,346
5.66,-6.90,-6.90,0.04,0.04,0.04,408,411,451,343,345
5.42,-7.11,-7.11,0.04,0.04,0.04,406,406,445,340,346
END
5.91,-7.02,-7.02,0.05,0.05,0.05,410,412,448,338,345
5.28,-7.28,-7.28,0.03,0.03,0.03,408,412,450,339,346
5.41,-7.29,-7.29,0.04,0.04,0.04,409,412,449,339,346
5.17,-7.34,-7.34,0.03,0.03,0.03,411,410,451,342,346
5.27,-7.29,-7.29,0.03,0.03,0.03,411,409,447,337,346
4.87,-7.48,-7.48,0.03,0.03,0.03,409,410,452,337,346
4.59,-7.55,-7.55,0.01,0.01,0.01,410,412,445,340,346
3.64,-7.53,-7.53,-0.10,-0.10,-0.10,409,409,450,339,346
4.37,-7.32,-7.32,-0.16,-0.16,-0.16,408,413,449,340,345
4.82,-7.19,-7.19,-0.21,-0.21,-0.21,410,411,451,342,344
5.27,-7.02,-7.02,-0.26,-0.26,-0.26,413,412,449,340,346
4.82,-7.19,-7.19,-0.35,-0.35,-0.35,411,414,452,339,346
4.30,-7.30,-7.30,-0.44,-0.44,-0.44,409,409,449,338,347
3.94,-7.45,-7.45,-0.53,-0.53,-0.53,408,408,452,339,345
4.48,-6.96,-6.96,-0.64,-0.64,-0.64,410,408,449,341,346
4.82,-6.85,-6.85,-0.66,-0.66,-0.66,407,411,449,341,345
5.00,-6.67,-6.67,-0.67,-0.67,-0.67,408,411,451,342,345
4.64,-6.70,-6.70,-0.68,-0.68,-0.68,409,411,451,337,346
5.37,-6.73,-6.73,-0.71,-0.71,-0.71,406,408,449,339,345
4.21,-6.84,-6.84,-0.78,-0.78,-0.78,406,410,452,341,344
5.73,-6.32,-6.32,-0.80,-0.80,-0.80,407,408,451,336,347
6.10,-5.94,-5.94,-0.83,-0.83,-0.83,408,409,449,339,347
6.22,-6.11,-6.11,-0.76,-0.76,-0.76,405,407,452,343,347
6.47,-6.09,-6.09,-0.82,-0.82,-0.82,403,407,445,339,347
6.33,-5.71,-5.71,-0.83,-0.83,-0.83,405,407,444,339,346
6.40,-5.56,-5.56,-0.74,-0.74,-0.74,405,411,448,339,346
6.74,-5.36,-5.36,-0.69,-0.69,-0.69,404,410,447,342,346
7.98,-5.14,-5.14,-0.54,-0.54,-0.54,403,412,448,339,347
9.24,-4.70,-4.70,-0.39,-0.39,-0.39,407,407,450,340,347
8.54,-4.67,-4.67,-0.13,-0.13,-0.13,403,404,446,340,345
8.59,-5.37,-5.37,0.04,0.04,0.04,401,406,444,335,346
6.40,-6.44,-6.44,0.03,0.03,0.03,403,407,445,340,347
7.27,-6.68,-6.68,0.03,0.03,0.03,403,409,448,340,345
6.70,-6.75,-6.75,0.06,0.06,0.06,405,409,449,340,346
6.30,-6.97,-6.97,0.06,0.06,0.06,402,410,448,340,346
5.64,-6.98,-6.98,0.04,0.04,0.04,405,411,446,338,346
6.27,-6.86,-6.86,0.02,0.02,0.02,401,408,449,340,345
5.77,-6.53,-6.53,0.04,0.04,0.04,402,406,449,338,347
5.88,-6.86,-6.86,0.02,0.02,0.02,401,407,446,339,345
5.73,-6.74,-6.74,0.05,0.05,0.05,405,411,448,341,347
6.00,-6.92,-6.92,0.04,0.04,0.04,402,407,449,336,347
END
5.83,-6.73,-6.73,0.04,0.04,0.04,407,411,450,338,346
4.88,-7.36,-7.36,0.07,0.07,0.07,408,409,450,339,345
4.97,-5.60,-5.60,0.06,0.06,0.06,409,409,450,339,346
4.87,-7.17,-7.17,0.06,0.06,0.06,410,411,449,340,346
5.08,-7.18,-7.18,0.08,0.08,0.08,410,412,447,342,344
4.90,-7.50,-7.50,0.06,0.06,0.06,409,411,449,337,346
4.74,-7.76,-7.76,-0.03,-0.03,-0.03,410,412,445,336,345
4.03,-7.95,-7.95,-0.10,-0.10,-0.10,411,412,443,340,344
3.78,-7.72,-7.72,-0.16,-0.16,-0.16,409,410,450,336,345
2.87,-7.71,-7.71,-0.26,-0.26,-0.26,409,412,448,337,345
4.16,-7.77,-7.77,-0.29,-0.29,-0.29,411,412,445,340,344
4.69,-7.82,-7.82,-0.39,-0.39,-0.39,407,408,450,337,345
4.88,-7.59,-7.59,-0.50,-0.50,-0.50,408,409,443,342,345
4.69,-7.16,-7.16,-0.56,-0.56,-0.56,405,407,447,336,347
4.60,-7.21,-7.21,-0.54,-0.54,-0.54,407,408,448,338,345
3.91,-6.65,-6.65,-0.46,-0.46,-0.46,410,408,447,342,346
5.61,-6.54,-6.54,-0.45,-0.45,-0.45,405,410,445,338,345
4.48,-6.47,-6.47,-0.48,-0.48,-0.48,407,409,448,340,345
5.23,-6.72,-6.72,-0.45,-0.45,-0.45,408,411,450,339,347
4.59,-6.64,-6.64,-0.46,-0.46,-0.46,409,411,445,339,346
5.23,-6.91,-6.91,-0.42,-0.42,-0.42,406,407,448,340,344
5.27,-6.80,-6.80,-0.44,-0.44,-0.44,407,409,451,340,344
5.25,-6.77,-6.77,-0.51,-0.51,-0.51,404,408,451,339,346
5.38,-6.69,-6.69,-0.50,-0.50,-0.50,408,408,447,340,345
5.76,-6.59,-6.59,-0.58,-0.58,-0.58,407,408,448,336,345
5.18,-6.47,-6.47,-0.55,-0.55,-0.55,404,407,449,339,344
6.27,-6.50,-6.50,-0.63,-0.63,-0.63,408,409,449,339,347
5.77,-5.93,-5.93,-0.62,-0.62,-0.62,407,408,447,340,345
5.99,-5.69,-5.69,-0.57,-0.57,-0.57,403,405,445,342,346
6.15,-5.83,-5.83,-0.45,-0.45,-0.45,409,405,449,340,346
6.96,-5.61,-5.61,-0.37,-0.37,-0.37,404,406,450,342,346
6.81,-6.09,-6.09,-0.29,-0.29,-0.29,408,408,447,341,347
7.67,-5.75,-5.75,-0.22,-0.22,-0.22,406,405,445,341,346
8.69,-5.99,-5.99,-0.10,-0.10,-0.10,406,404,448,342,347
7.49,-6.05,-6.05,-0.10,-0.10,-0.10,406,408,448,337,346
7.63,-6.10,-6.10,-0.02,-0.02,-0.02,405,408,444,342,347
6.47,-6.08,-6.08,0.01,0.01,0.01,404,403,449,337,347
6.56,-6.30,-6.30,0.08,0.08,0.08,406,406,441,342,347
5.71,-6.60,-6.60,0.08,0.08,0.08,401,408,450,337,347
5.89,-6.67,-6.67,0.05,0.05,0.05,404,407,443,336,347
6.22,-6.60,-6.60,0.07,0.07,0.07,405,409,447,337,347
END
5.27,-6.93,-6.93,0.04,0.04,0.04,412,416,448,340,344
5.58,-6.51,-6.51,0.02,0.02,0.02,415,410,442,339,346
5.64,-6.58,-6.58,0.01,0.01,0.01,414,416,447,339,346
5.23,-6.48,-6.48,-0.01,-0.01,-0.01,416,412,444,337,346
5.35,-6.56,-6.56,-0.01,-0.01,-0.01,414,413,446,342,346
4.72,-7.06,-7.06,-0.06,-0.06,-0.06,413,413,448,340,345
4.05,-7.67,-7.67,-0.22,-0.22,-0.22,412,413,451,337,345
4.16,-7.66,-7.66,-0.36,-0.36,-0.36,412,415,447,340,346
3.98,-7.12,-7.12,-0.50,-0.50,-0.50,410,415,442,339,345
4.39,-7.10,-7.10,-0.50,-0.50,-0.50,408,412,449,341,346
3.52,-6.78,-6.78,-0.48,-0.48,-0.48,411,414,451,336,345
4.63,-6.80,-6.80,-0.58,-0.58,-0.58,411,415,447,342,346
5.04,-6.38,-6.38,-0.58,-0.58,-0.58,412,412,448,340,345
5.22,-6.32,-6.32,-0.62,-0.62,-0.62,411,409,449,339,345
4.92,-6.58,-6.58,-0.55,-0.55,-0.55,410,413,450,340,345
5.21,-6.25,-6.25,-0.58,-0.58,-0.58,411,415,445,340,346
5.44,-6.51,-6.51,-0.50,-0.50,-0.50,406,411,447,338,346
4.90,-6.69,-6.69,-0.49,-0.49,-0.49,408,411,444,340,346
5.36,-6.34,-6.34,-0.48,-0.48,-0.48,408,414,451,339,344
5.05,-6.08,-6.08,-0.47,-0.47,-0.47,408,410,444,340,346
5.84,-6.73,-6.73,-0.42,-0.42,-0.42,410,409,449,340,346
5.51,-6.06,-6.06,-0.43,-0.43,-0.43,408,412,449,342,345
4.20,-7.12,-7.12,-0.31,-0.31,-0.31,409,412,448,339,345
4.89,-6.83,-6.83,-0.42,-0.42,-0.42,408,414,447,340,345
5.04,-6.49,-6.49,-0.47,-0.47,-0.47,407,411,445,340,345
5.37,-6.47,-6.47,-0.52,-0.52,-0.52,408,411,446,341,345
5.53,-5.91,-5.91,-0.59,-0.59,-0.59,408,414,449,338,347
5.16,-6.19,-6.19,-0.55,-0.55,-0.55,408,410,444,338,347
5.51,-6.19,-6.19,-0.61,-0.61,-0.61,407,411,447,340,347
6.17,-6.02,-6.02,-0.53,-0.53,-0.53,408,411,450,336,346
6.69,-6.60,-6.60,-0.45,-0.45,-0.45,407,409,443,343,344
6.50,-6.78,-6.78,-0.29,-0.29,-0.29,406,411,447,341,345
7.33,-6.33,-6.33,-0.25,-0.25,-0.25,405,412,441,342,345
7.34,-5.54,-5.54,-0.23,-0.23,-0.23,402,408,449,341,346
5.64,-5.99,-5.99,-0.07,-0.07,-0.07,407,409,448,338,344
5.43,-6.17,-6.17,0.01,0.01,0.01,405,406,450,340,345
5.47,-6.83,-6.83,0.07,0.07,0.07,405,412,448,339,345
5.33,-7.42,-7.42,0.10,0.10,0.10,407,410,446,337,346
4.61,-7.70,-7.70,0.08,0.08,0.08,406,411,446,335,346
4.79,-7.69,-7.69,0.07,0.07,0.07,407,412,448,339,345
4.75,-7.50,-7.50,0.03,0.03,0.03,406,409,447,339,346
END
4.67,-7.01,-7.01,0.02,0.02,0.02,413,409,450,336,346
5.33,-6.78,-6.78,0.06,0.06,0.06,413,410,449,339,345
5.57,-6.33,-6.33,0.06,0.06,0.06,413,412,449,337,345
5.51,-6.58,-6.58,0.08,0.08,0.08,412,411,449,336,344
5.53,-6.62,-6.62,0.07,0.07,0.07,411,413,450,341,345
5.61,-6.72,-6.72,0.06,0.06,0.06,411,413,448,337,344
5.20,-6.91,-6.91,0.06,0.06,0.06,412,411,450,339,346
4.30,-7.34,-7.34,-0.03,-0.03,-0.03,413,411,450,339,344
4.16,-7.40,-7.40,-0.10,-0.10,-0.10,409,413,446,339,345
2.70,-7.31,-7.31,-0.19,-0.19,-0.19,416,414,442,338,345
3.99,-7.87,-7.87,-0.26,-0.26,-0.26,413,413,450,339,345
3.60,-7.82,-7.82,-0.48,-0.48,-0.48,412,412,449,342,345
3.86,-6.47,-6.47,-0.59,-0.59,-0.59,414,414,443,337,345
5.31,-6.14,-6.14,-0.60,-0.60,-0.60,411,412,443,339,345
3.30,-6.63,-6.63,-0.60,-0.60,-0.60,411,410,443,341,344
4.17,-5.96,-5.96,-0.65,-0.65,-0.65,412,408,447,337,346
5.15,-6.58,-6.58,-0.62,-0.62,-0.62,410,411,446,342,344
4.49,-6.14,-6.14,-0.60,-0.60,-0.60,410,411,448,338,344
5.08,-6.42,-6.42,-0.62,-0.62,-0.62,410,411,446,338,346
4.42,-6.10,-6.10,-0.56,-0.56,-0.56,408,412,448,340,347
5.11,-6.08,-6.08,-0.60,-0.60,-0.60,408,413,448,339,345
5.51,-6.16,-6.16,-0.60,-0.60,-0.60,409,411,450,340,344
5.76,-6.18,-6.18,-0.59,-0.59,-0.59,407,408,448,337,346
5.54,-6.20,-6.20,-0.54,-0.54,-0.54,406,411,447,342,346
5.97,-6.25,-6.25,-0.52,-0.52,-0.52,406,411,443,340,346
5.82,-6.25,-6.25,-0.49,-0.49,-0.49,409,411,448,340,346
5.28,-6.51,-6.51,-0.53,-0.53,-0.53,410,408,443,341,345
4.85,-6.53,-6.53,-0.64,-0.64,-0.64,409,408,449,340,344
4.11,-6.99,-6.99,-0.75,-0.75,-0.75,409,407,446,341,346
8.44,-3.77,-3.77,-0.80,-0.80,-0.80,409,406,448,337,346
10.11,-4.65,-4.65,-0.33,-0.33,-0.33,404,411,449,337,346
8.34,-6.20,-6.20,-0.13,-0.13,-0.13,403,409,444,342,346
7.19,-6.31,-6.31,-0.07,-0.07,-0.07,406,409,447,336,346
5.96,-6.47,-6.47,-0.02,-0.02,-0.02,403,410,443,336,347
6.28,-6.65,-6.65,-0.02,-0.02,-0.02,406,411,443,337,347
5.73,-7.05,-7.05,0.07,0.07,0.07,405,408,448,337,347
5.53,-6.97,-6.97,0.04,0.04,0.04,405,405,449,340,344
5.13,-7.01,-7.01,0.06,0.06,0.06,404,406,449,341,345
5.10,-7.05,-7.05,0.08,0.08,0.08,403,408,446,338,344
5.10,-7.27,-7.27,0.07,0.07,0.07,402,411,445,341,347
5.26,-7.07,-7.07,0.04,0.04,0.04,404,405,448,341,345
END
5.23,-7.06,-7.06,0.04,0.04,0.04,410,411,447,337,344
5.20,-6.63,-6.63,0.02,0.02,0.02,410,412,448,337,342
5.18,-6.70,-6.70,0.04,0.04,0.04,409,412,450,337,345
5.50,-6.70,-6.70,0.03,0.03,0.03,409,410,449,339,343
5.42,-6.84,-6.84,0.05,0.05,0.05,408,411,442,341,344
4.95,-6.97,-6.97,0.04,0.04,0.04,411,412,450,340,344
4.63,-7.44,-7.44,-0.00,-0.00,-0.00,410,414,445,341,344
3.91,-7.57,-7.57,-0.12,-0.12,-0.12,407,414,448,339,345
2.89,-6.70,-6.70,-0.13,-0.13,-0.13,411,412,444,341,344
3.44,-7.21,-7.21,0.03,0.03,0.03,410,412,443,336,343
4.01,-7.75,-7.75,-0.19,-0.19,-0.19,410,410,446,339,343
3.76,-7.76,-7.76,-0.33,-0.33,-0.33,408,412,447,343,344
3.34,-7.19,-7.19,-0.49,-0.49,-0.49,411,411,444,341,343
3.24,-6.88,-6.88,-0.53,-0.53,-0.53,408,411,448,340,344
3.27,-6.82,-6.82,-0.53,-0.53,-0.53,409,414,447,339,345
3.19,-6.09,-6.09,-0.57,-0.57,-0.57,408,412,448,342,345
3.73,-6.58,-6.58,-0.43,-0.43,-0.43,406,412,444,337,344
3.45,-6.90,-6.90,-0.46,-0.46,-0.46,407,413,447,337,343
3.71,-6.89,-6.89,-0.44,-0.44,-0.44,406,411,447,338,345
4.56,-6.48,-6.48,-0.52,-0.52,-0.52,407,413,450,341,342
4.80,-6.47,-6.47,-0.51,-0.51,-0.51,403,408,448,341,344
4.59,-6.70,-6.70,-0.40,-0.40,-0.40,407,409,444,339,345
4.59,-6.52,-6.52,-0.44,-0.44,-0.44,407,408,443,341,344
5.32,-6.70,-6.70,-0.43,-0.43,-0.43,403,409,449,342,344
4.85,-6.70,-6.70,-0.44,-0.44,-0.44,407,405,449,341,344
5.47,-6.27,-6.27,-0.45,-0.45,-0.45,401,408,446,338,343
5.33,-6.35,-6.35,-0.46,-0.46,-0.46,408,410,447,338,344
5.13,-6.12,-6.12,-0.46,-0.46,-0.46,402,407,444,340,344
5.57,-6.20,-6.20,-0.44,-0.44,-0.44,404,410,448,341,343
5.66,-6.24,-6.24,-0.39,-0.39,-0.39,403,407,447,342,344
5.85,-6.08,-6.08,-0.40,-0.40,-0.40,405,412,444,340,344
5.63,-5.94,-5.94,-0.33,-0.33,-0.33,404,411,448,340,343
5.76,-6.02,-6.02,-0.35,-0.35,-0.35,404,411,449,336,343
5.95,-5.73,-5.73,-0.18,-0.18,-0.18,404,409,448,339,344
7.26,-6.04,-6.04,-0.11,-0.11,-0.11,405,411,443,341,344
7.01,-5.88,-5.88,-0.04,-0.04,-0.04,403,411,448,340,343
5.91,-6.55,-6.55,0.03,0.03,0.03,401,406,447,341,345
5.96,-6.84,-6.84,0.00,0.00,0.00,403,407,444,336,343
5.69,-6.81,-6.81,0.03,0.03,0.03,405,409,446,339,345
5.53,-7.01,-7.01,0.02,0.02,0.02,404,409,445,341,343
4.98,-7.07,-7.07,-0.01,-0.01,-0.01,405,407,445,336,345
END
4.49,-6.91,-6.91,-0.01,-0.01,-0.01,414,413,447,341,343
5.54,-6.38,-6.38,0.01,0.01,0.01,414,415,446,339,345
5.39,-6.45,-6.45,0.04,0.04,0.04,414,416,446,339,344
5.62,-6.40,-6.40,0.11,0.11,0.11,414,413,446,341,345
5.47,-6.63,-6.63,0.15,0.15,0.15,413,415,447,340,344
5.18,-6.73,-6.73,0.13,0.13,0.13,415,413,447,341,343
5.25,-6.85,-6.85,0.12,0.12,0.12,413,413,448,338,344
5.47,-6.77,-6.77,0.06,0.06,0.06,411,413,449,341,343
5.86,-6.70,-6.70,0.03,0.03,0.03,411,412,443,340,344
5.77,-6.41,-6.41,0.03,0.03,0.03,411,413,444,339,344
5.41,-6.37,-6.37,0.01,0.01,0.01,413,411,444,339,344
5.76,-6.65,-6.65,0.03,0.03,0.03,415,415,446,340,343
5.52,-6.58,-6.58,-0.01,-0.01,-0.01,414,415,446,338,345
5.46,-6.37,-6.37,0.01,0.01,0.01,415,415,448,337,344
4.73,-7.42,-7.42,-0.06,-0.06,-0.06,414,411,443,341,345
3.06,-7.52,-7.52,-0.26,-0.26,-0.26,411,414,449,342,342
1.95,-7.78,-7.78,-0.30,-0.30,-0.30,411,413,445,338,343
2.71,-7.11,-7.11,-0.49,-0.49,-0.49,411,412,444,341,342
6.40,-6.92,-6.92,-0.63,-0.63,-0.63,410,409,446,340,343
5.59,-6.39,-6.39,-0.67,-0.67,-0.67,407,411,442,341,344
5.61,-6.37,-6.37,-0.62,-0.62,-0.62,410,411,447,338,344
4.54,-6.40,-6.40,-0.57,-0.57,-0.57,409,410,449,338,344
4.38,-6.48,-6.48,-0.59,-0.59,-0.59,405,411,444,336,344
4.24,-7.07,-7.07,-0.63,-0.63,-0.63,409,410,447,338,345
3.69,-6.30,-6.30,-0.58,-0.58,-0.58,407,411,445,342,343
4.44,-6.20,-6.20,-0.61,-0.61,-0.61,407,412,447,341,344
5.46,-5.98,-5.98,-0.60,-0.60,-0.60,409,410,447,341,344
5.10,-6.25,-6.25,-0.52,-0.52,-0.52,407,408,448,341,344
5.69,-6.04,-6.04,-0.54,-0.54,-0.54,406,412,444,339,344
5.77,-6.56,-6.56,-0.50,-0.50,-0.50,405,407,448,339,344
5.90,-6.17,-6.17,-0.52,-0.52,-0.52,404,409,450,335,344
5.89,-6.34,-6.34,-0.54,-0.54,-0.54,406,413,446,341,343
5.23,-6.31,-6.31,-0.49,-0.49,-0.49,406,413,444,339,343
5.54,-6.46,-6.46,-0.53,-0.53,-0.53,402,408,445,341,344
5.96,-6.03,-6.03,-0.47,-0.47,-0.47,403,411,447,340,345
6.14,-5.92,-5.92,-0.46,-0.46,-0.46,405,408,447,339,344
6.96,-5.65,-5.65,-0.32,-0.32,-0.32,404,409,449,342,345
6.98,-5.53,-5.53,-0.22,-0.22,-0.22,401,410,445,336,345
6.63,-6.03,-6.03,-0.10,-0.10,-0.10,405,409,441,340,345
6.70,-6.39,-6.39,-0.03,-0.03,-0.03,404,411,443,338,345
6.55,-6.46,-6.46,-0.03,-0.03,-0.03,404,413,444,342,345
END
6.05,-6.61,-6.61,-0.02,-0.02,-0.02,410,413,449,342,345
5.46,-6.63,-6.63,0.08,0.08,0.08,414,412,442,340,345
5.88,-6.22,-6.22,0.04,0.04,0.04,412,414,447,340,345
5.65,-6.02,-6.02,0.04,0.04,0.04,409,414,450,338,345
5.66,-5.99,-5.99,0.06,0.06,0.06,414,414,447,340,345
5.56,-6.23,-6.23,0.09,0.09,0.09,411,410,447,342,346
5.64,-6.28,-6.28,0.05,0.05,0.05,413,415,445,337,346
5.66,-6.37,-6.37,0.07,0.07,0.07,412,410,448,338,344
5.09,-6.74,-6.74,-0.01,-0.01,-0.01,415,414,446,342,346
3.87,-7.70,-7.70,-0.20,-0.20,-0.20,412,414,446,340,346
3.46,-6.89,-6.89,-0.36,-0.36,-0.36,410,412,442,342,345
4.94,-7.16,-7.16,-0.26,-0.26,-0.26,411,413,447,340,344
5.48,-6.73,-6.73,-0.45,-0.45,-0.45,409,411,444,342,344
3.55,-6.43,-6.43,-0.54,-0.54,-0.54,411,412,444,337,345
3.51,-6.48,-6.48,-0.52,-0.52,-0.52,411,409,445,337,344
3.20,-7.11,-7.11,-0.61,-0.61,-0.61,411,411,443,338,345
3.63,-6.64,-6.64,-0.65,-0.65,-0.65,408,413,441,336,344
3.70,-6.22,-6.22,-0.74,-0.74,-0.74,408,411,446,337,344
4.65,-6.13,-6.13,-0.70,-0.70,-0.70,405,412,450,337,344
4.85,-6.22,-6.22,-0.74,-0.74,-0.74,409,413,446,340,344
4.41,-6.43,-6.43,-0.66,-0.66,-0.66,407,411,444,342,343
4.91,-6.09,-6.09,-0.72,-0.72,-0.72,407,409,450,339,345
5.55,-6.13,-6.13,-0.64,-0.64,-0.64,406,411,445,337,345
5.57,-5.74,-5.74,-0.70,-0.70,-0.70,407,407,443,340,344
5.78,-6.12,-6.12,-0.62,-0.62,-0.62,406,408,443,341,345
5.56,-5.86,-5.86,-0.58,-0.58,-0.58,405,407,449,339,344
6.02,-6.50,-6.50,-0.57,-0.57,-0.57,406,406,445,339,345
6.41,-5.96,-5.96,-0.55,-0.55,-0.55,406,412,446,337,344
7.19,-5.46,-5.46,-0.56,-0.56,-0.56,403,412,446,339,344
6.74,-5.22,-5.22,-0.41,-0.41,-0.41,406,408,448,337,345
6.57,-5.74,-5.74,-0.21,-0.21,-0.21,404,408,443,342,345
6.81,-5.87,-5.87,-0.13,-0.13,-0.13,401,411,443,341,346
6.97,-6.02,-6.02,-0.08,-0.08,-0.08,403,408,448,339,344
6.38,-6.22,-6.22,-0.05,-0.05,-0.05,403,408,442,338,344
6.32,-6.40,-6.40,-0.01,-0.01,-0.01,404,411,445,338,344
6.07,-6.53,-6.53,-0.02,-0.02,-0.02,402,409,446,341,343
5.86,-6.77,-6.77,-0.03,-0.03,-0.03,401,409,449,341,345
5.53,-6.92,-6.92,-0.01,-0.01,-0.01,405,409,444,341,345
5.49,-6.93,-6.93,-0.01,-0.01,-0.01,404,410,445,340,345
5.64,-6.86,-6.86,0.00,0.00,0.00,402,410,444,340,345
5.40,-6.64,-6.64,-0.02,-0.02,-0.02,404,410,441,341,345
END
5.47,-6.70,-6.70,0.01,0.01,0.01,415,410,442,336,345
5.32,-6.60,-6.60,0.06,0.06,0.06,415,412,449,340,345
4.97,-6.81,-6.81,0.04,0.04,0.04,414,412,445,339,345
5.19,-6.71,-6.71,0.05,0.05,0.05,414,413,448,340,346
5.25,-6.56,-6.56,0.05,0.05,0.05,414,414,444,339,346
5.08,-6.61,-6.61,0.05,0.05,0.05,414,414,445,341,344
4.92,-6.70,-6.70,0.06,0.06,0.06,415,415,446,339,347
4.78,-6.84,-6.84,0.01,0.01,0.01,415,410,441,342,345
3.93,-7.05,-7.05,-0.06,-0.06,-0.06,411,412,447,338,344
3.50,-7.03,-7.03,-0.19,-0.19,-0.19,414,414,445,337,345
3.51,-6.83,-6.83,-0.20,-0.20,-0.20,412,413,444,340,344
3.50,-6.66,-6.66,-0.32,-0.32,-0.32,414,411,442,339,344
4.87,-6.92,-6.92,-0.37,-0.37,-0.37,410,413,447,340,344
4.00,-6.43,-6.43,-0.50,-0.50,-0.50,412,412,449,339,346
4.47,-6.35,-6.35,-0.53,-0.53,-0.53,411,409,443,341,346
3.89,-6.77,-6.77,-0.36,-0.36,-0.36,407,409,450,340,346
4.41,-6.37,-6.37,-0.49,-0.49,-0.49,411,411,443,336,345
5.07,-6.12,-6.12,-0.60,-0.60,-0.60,408,409,450,341,344
3.74,-7.16,-7.16,-0.57,-0.57,-0.57,408,411,442,339,346
4.19,-6.25,-6.25,-0.58,-0.58,-0.58,410,409,449,341,345
5.78,-5.36,-5.36,-0.61,-0.61,-0.61,404,410,444,337,344
3.85,-6.66,-6.66,-0.51,-0.51,-0.51,406,406,448,341,344
4.08,-6.45,-6.45,-0.47,-0.47,-0.47,406,410,441,341,346
5.18,-6.45,-6.45,-0.48,-0.48,-0.48,403,411,446,339,343
3.94,-6.84,-6.84,-0.48,-0.48,-0.48,408,409,448,341,346
3.70,-6.98,-6.98,-0.50,-0.50,-0.50,407,407,448,338,346
4.21,-6.64,-6.64,-0.55,-0.55,-0.55,407,411,450,338,346
4.63,-6.34,-6.34,-0.54,-0.54,-0.54,404,410,446,342,345
4.87,-5.90,-5.90,-0.60,-0.60,-0.60,407,410,448,341,344
5.39,-5.64,-5.64,-0.53,-0.53,-0.53,403,407,442,339,344
6.20,-4.95,-4.95,-0.47,-0.47,-0.47,404,410,448,338,345
7.90,-5.47,-5.47,-0.29,-0.29,-0.29,406,411,445,339,345
6.10,-6.51,-6.51,-0.18,-0.18,-0.18,402,405,443,342,346
6.38,-6.59,-6.59,-0.16,-0.16,-0.16,405,406,441,340,343
7.08,-5.89,-5.89,-0.08,-0.08,-0.08,404,409,443,340,344
6.96,-6.20,-6.20,-0.00,-0.00,-0.00,407,408,444,341,345
5.76,-6.49,-6.49,0.05,0.05,0.05,405,406,448,340,345
5.36,-6.71,-6.71,0.04,0.04,0.04,403,409,445,342,345
5.15,-6.87,-6.87,0.11,0.11,0.11,403,410,446,338,345
4.73,-7.12,-7.12,0.08,0.08,0.08,405,408,446,341,345
4.31,-7.21,-7.21,0.10,0.10,0.10,405,408,445,339,345
END
6.08,-7.12,-7.12,-0.20,-0.20,-0.20,458,444,474,343,359
5.97,-6.39,-6.39,-0.00,-0.00,-0.00,456,445,469,340,359
6.25,-6.25,-6.25,0.03,0.03,0.03,455,442,472,340,359
5.99,-6.41,-6.41,0.05,0.05,0.05,459,443,470,341,359
6.03,-6.50,-6.50,0.06,0.06,0.06,459,444,469,339,360
5.72,-6.70,-6.70,0.06,0.06,0.06,456,443,474,343,359
5.11,-7.68,-7.68,0.04,0.04,0.04,456,442,473,341,359
4.56,-7.39,-7.39,-0.16,-0.16,-0.16,459,444,473,342,358
3.86,-7.74,-7.74,-0.22,-0.22,-0.22,457,443,474,341,358
3.29,-8.15,-8.15,-0.44,-0.44,-0.44,458,443,475,340,357
3.70,-6.88,-6.88,-0.80,-0.80,-0.80,457,443,469,341,357
5.14,-5.64,-5.64,-0.87,-0.87,-0.87,456,444,472,342,356
4.71,-6.14,-6.14,-0.83,-0.83,-0.83,456,442,475,341,356
5.61,-6.14,-6.14,-0.77,-0.77,-0.77,454,442,471,341,358
6.36,-5.20,-5.20,-0.91,-0.91,-0.91,453,443,473,339,356
6.11,-6.00,-6.00,-0.81,-0.81,-0.81,452,439,472,342,355
5.97,-5.84,-5.84,-0.71,-0.71,-0.71,449,441,475,341,356
7.02,-5.17,-5.17,-0.75,-0.75,-0.75,452,439,472,341,355
5.60,-6.50,-6.50,-0.72,-0.72,-0.72,451,437,468,342,357
5.63,-6.19,-6.19,-0.69,-0.69,-0.69,450,442,468,339,357
6.64,-5.36,-5.36,-0.81,-0.81,-0.81,450,441,472,343,355
5.35,-6.62,-6.62,-0.63,-0.63,-0.63,448,441,472,340,354
5.25,-5.91,-5.91,-0.84,-0.84,-0.84,447,439,471,343,356
6.30,-5.13,-5.13,-0.90,-0.90,-0.90,447,438,471,339,355
6.89,-4.16,-4.16,-0.70,-0.70,-0.70,447,437,474,343,355
7.80,-4.98,-4.98,-0.48,-0.48,-0.48,443,438,469,338,353
9.05,-4.79,-4.79,-0.32,-0.32,-0.32,445,436,468,342,353
8.59,-5.30,-5.30,-0.19,-0.19,-0.19,444,437,468,340,353
7.91,-5.70,-5.70,-0.08,-0.08,-0.08,445,438,470,341,353
7.39,-6.27,-6.27,-0.04,-0.04,-0.04,441,438,471,340,352
6.93,-6.50,-6.50,-0.02,-0.02,-0.02,441,433,473,341,352
6.75,-6.35,-6.35,0.02,0.02,0.02,445,435,473,340,352
6.16,-6.42,-6.42,0.04,0.04,0.04,442,435,474,338,354
5.81,-6.32,-6.32,0.06,0.06,0.06,445,435,473,340,353
5.86,-6.48,-6.48,0.04,0.04,0.04,440,435,472,343,354
5.70,-6.68,-6.68,0.07,0.07,0.07,444,436,465,342,353
6.00,-6.73,-6.73,0.04,0.04,0.04,442,438,468,343,352
5.80,-6.60,-6.60,0.03,0.03,0.03,443,435,468,342,352
5.73,-6.52,-6.52,0.03,0.03,0.03,444,438,469,341,354
6.05,-6.46,-6.46,0.03,0.03,0.03,445,432,468,341,353
5.82,-6.67,-6.67,0.04,0.04,0.04,442,433,467,337,351
END
6.01,-6.59,-6.59,0.04,0.04,0.04,443,436,465,341,352
6.03,-6.26,-6.26,-0.02,-0.02,-0.02,443,433,469,340,353
6.12,-6.32,-6.32,0.02,0.02,0.02,445,438,467,337,352
6.20,-6.40,-6.40,0.04,0.04,0.04,440,436,468,343,351
5.86,-6.32,-6.32,0.06,0.06,0.06,444,435,467,338,351
5.90,-6.43,-6.43,0.06,0.06,0.06,445,436,467,342,352
5.52,-7.08,-7.08,0.07,0.07,0.07,443,435,468,339,352
5.02,-7.54,-7.54,-0.04,-0.04,-0.04,442,435,468,340,353
4.34,-7.49,-7.49,-0.27,-0.27,-0.27,445,433,470,340,353
4.28,-7.27,-7.27,-0.39,-0.39,-0.39,441,438,468,340,351
4.17,-6.83,-6.83,-0.52,-0.52,-0.52,444,439,468,341,352
4.85,-6.49,-6.49,-0.63,-0.63,-0.63,444,434,469,341,352
5.40,-6.47,-6.47,-0.67,-0.67,-0.67,444,435,464,342,352
6.09,-5.89,-5.89,-0.71,-0.71,-0.71,441,434,468,342,353
5.89,-5.79,-5.79,-0.78,-0.78,-0.78,440,435,465,340,352
5.25,-6.32,-6.32,-0.68,-0.68,-0.68,441,436,467,340,352
5.67,-6.12,-6.12,-0.74,-0.74,-0.74,440,435,468,337,353
5.72,-6.01,-6.01,-0.67,-0.67,-0.67,441,436,465,341,350
5.83,-5.90,-5.90,-0.67,-0.67,-0.67,438,435,467,338,351
5.81,-6.16,-6.16,-0.61,-0.61,-0.61,440,433,466,341,351
6.20,-6.09,-6.09,-0.62,-0.62,-0.62,438,434,462,343,353
5.61,-6.40,-6.40,-0.63,-0.63,-0.63,437,436,466,337,352
6.52,-5.73,-5.73,-0.66,-0.66,-0.66,439,434,470,342,351
6.35,-5.98,-5.98,-0.58,-0.58,-0.58,436,434,468,338,351
6.22,-5.75,-5.75,-0.59,-0.59,-0.59,439,435,463,339,351
6.51,-5.75,-5.75,-0.51,-0.51,-0.51,439,434,468,339,352
6.81,-5.46,-5.46,-0.45,-0.45,-0.45,438,434,467,342,352
6.74,-5.84,-5.84,-0.36,-0.36,-0.36,438,432,467,340,352
6.70,-6.29,-6.29,-0.40,-0.40,-0.40,436,433,468,340,351
6.37,-5.92,-5.92,-0.37,-0.37,-0.37,435,435,467,339,352
7.75,-5.46,-5.46,-0.30,-0.30,-0.30,435,434,464,338,352
6.88,-6.04,-6.04,-0.17,-0.17,-0.17,436,433,467,340,352
7.33,-5.65,-5.65,-0.12,-0.12,-0.12,437,434,464,339,352
7.05,-6.30,-6.30,0.01,0.01,0.01,435,435,467,339,352
6.55,-6.70,-6.70,-0.01,-0.01,-0.01,438,433,466,337,352
6.30,-6.99,-6.99,0.01,0.01,0.01,436,432,465,336,351
6.42,-6.47,-6.47,-0.02,-0.02,-0.02,434,434,460,340,353
6.52,-6.35,-6.35,0.03,0.03,0.03,436,429,459,338,353
6.11,-6.63,-6.63,0.04,0.04,0.04,437,429,466,342,352
5.71,-6.75,-6.75,0.00,0.00,0.00,436,433,464,340,353
6.08,-6.30,-6.30,0.03,0.03,0.03,436,433,464,342,351
END
5.65,-6.51,-6.51,0.04,0.04,0.04,439,430,461,338,349
5.93,-6.22,-6.22,0.02,0.02,0.02,439,433,461,339,350
6.26,-6.89,-6.89,0.01,0.01,0.01,438,435,464,338,350
6.25,-6.50,-6.50,-0.05,-0.05,-0.05,437,434,463,341,350
5.89,-6.09,-6.09,-0.02,-0.02,-0.02,439,434,461,340,351
5.33,-6.72,-6.72,0.01,0.01,0.01,440,429,463,342,351
5.04,-7.39,-7.39,-0.10,-0.10,-0.10,439,434,465,342,351
4.36,-7.46,-7.46,-0.23,-0.23,-0.23,440,432,462,337,350
4.57,-7.19,-7.19,-0.39,-0.39,-0.39,440,430,463,340,350
5.31,-6.92,-6.92,-0.43,-0.43,-0.43,438,430,458,336,350
5.14,-6.72,-6.72,-0.53,-0.53,-0.53,439,433,458,342,350
5.82,-6.96,-6.96,-0.54,-0.54,-0.54,436,430,460,341,351
4.55,-6.70,-6.70,-0.64,-0.64,-0.64,439,434,462,341,351
4.80,-6.78,-6.78,-0.66,-0.66,-0.66,437,434,461,342,351
4.95,-6.48,-6.48,-0.70,-0.70,-0.70,436,432,463,342,350
4.96,-6.08,-6.08,-0.68,-0.68,-0.68,433,433,463,337,350
5.50,-6.26,-6.26,-0.62,-0.62,-0.62,435,431,462,341,351
5.15,-5.88,-5.88,-0.63,-0.63,-0.63,437,431,459,337,351
6.18,-6.30,-6.30,-0.56,-0.56,-0.56,436,432,463,339,351
5.36,-6.16,-6.16,-0.57,-0.57,-0.57,436,431,463,343,351
6.37,-6.20,-6.20,-0.56,-0.56,-0.56,435,430,460,337,351
5.99,-6.36,-6.36,-0.55,-0.55,-0.55,436,434,458,338,350
6.26,-6.40,-6.40,-0.65,-0.65,-0.65,435,429,464,341,349
5.50,-5.61,-5.61,-0.62,-0.62,-0.62,435,431,463,341,351
6.63,-5.95,-5.95,-0.58,-0.58,-0.58,435,431,459,339,351
5.75,-5.62,-5.62,-0.53,-0.53,-0.53,433,432,460,342,351
6.23,-6.07,-6.07,-0.43,-0.43,-0.43,435,428,464,340,353
6.37,-5.86,-5.86,-0.54,-0.54,-0.54,436,430,463,338,352
6.89,-5.01,-5.01,-0.46,-0.46,-0.46,434,431,463,341,350
7.27,-4.93,-4.93,-0.37,-0.37,-0.37,431,432,461,341,353
8.12,-4.80,-4.80,-0.28,-0.28,-0.28,431,431,462,340,352
8.36,-5.04,-5.04,-0.13,-0.13,-0.13,434,433,463,342,352
7.61,-5.36,-5.36,0.04,0.04,0.04,432,431,462,341,352
7.51,-6.12,-6.12,0.13,0.13,0.13,433,431,462,339,353
6.55,-6.51,-6.51,0.06,0.06,0.06,433,433,465,341,352
6.68,-6.32,-6.32,0.03,0.03,0.03,434,433,458,341,353
5.92,-6.42,-6.42,0.06,0.06,0.06,436,430,465,341,352
5.88,-6.43,-6.43,0.07,0.07,0.07,433,433,458,339,352
5.71,-6.49,-6.49,0.06,0.06,0.06,435,433,458,341,352
5.79,-6.40,-6.40,0.08,0.08,0.08,434,430,460,336,352
5.38,-6.52,-6.52,0.05,0.05,0.05,434,427,460,340,352
END
5.79,-6.47,-6.47,0.05,0.05,0.05,441,434,462,340,349
5.28,-6.73,-6.73,0.03,0.03,0.03,438,433,461,340,349
5.33,-7.07,-7.07,0.00,0.00,0.00,439,432,461,340,349
4.90,-7.39,-7.39,-0.02,-0.02,-0.02,439,431,460,337,350
4.90,-7.31,-7.31,-0.08,-0.08,-0.08,439,431,461,338,350
4.52,-7.54,-7.54,-0.22,-0.22,-0.22,440,427,462,340,351
3.91,-7.51,-7.51,-0.28,-0.28,-0.28,435,430,460,342,350
2.51,-7.51,-7.51,-0.46,-0.46,-0.46,438,432,460,339,348
4.15,-7.54,-7.54,-0.55,-0.55,-0.55,437,432,462,341,350
4.16,-6.74,-6.74,-0.67,-0.67,-0.67,439,432,459,340,350
5.51,-6.82,-6.82,-0.61,-0.61,-0.61,434,432,458,341,349
5.05,-6.55,-6.55,-0.65,-0.65,-0.65,438,429,460,342,348
5.87,-6.54,-6.54,-0.66,-0.66,-0.66,437,428,461,340,351
4.76,-6.47,-6.47,-0.68,-0.68,-0.68,436,428,463,340,349
5.86,-6.14,-6.14,-0.74,-0.74,-0.74,434,432,457,342,350
5.75,-6.03,-6.03,-0.80,-0.80,-0.80,438,430,462,339,350
6.04,-6.17,-6.17,-0.75,-0.75,-0.75,432,430,459,339,351
5.63,-6.07,-6.07,-0.65,-0.65,-0.65,435,430,461,336,351
6.76,-6.06,-6.06,-0.62,-0.62,-0.62,437,432,462,341,352
5.84,-6.36,-6.36,-0.56,-0.56,-0.56,433,431,462,340,349
6.50,-5.94,-5.94,-0.54,-0.54,-0.54,435,428,458,341,352
5.69,-6.54,-6.54,-0.52,-0.52,-0.52,433,432,456,337,352
6.11,-6.37,-6.37,-0.54,-0.54,-0.54,436,428,457,337,353
6.32,-6.07,-6.07,-0.60,-0.60,-0.60,434,432,459,338,350
6.16,-5.86,-5.86,-0.51,-0.51,-0.51,434,430,462,341,351
6.69,-5.52,-5.52,-0.51,-0.51,-0.51,435,430,462,342,350
7.90,-5.17,-5.17,-0.57,-0.57,-0.57,430,429,461,339,352
8.07,-5.19,-5.19,-0.50,-0.50,-0.50,431,430,459,341,353
8.47,-5.26,-5.26,-0.30,-0.30,-0.30,434,427,455,341,354
8.57,-5.76,-5.76,0.07,0.07,0.07,431,426,455,341,355
7.75,-6.37,-6.37,0.13,0.13,0.13,432,428,458,337,354
6.89,-6.75,-6.75,0.07,0.07,0.07,433,429,458,339,353
6.47,-6.47,-6.47,0.06,0.06,0.06,429,427,458,340,354
6.25,-6.64,-6.64,0.09,0.09,0.09,429,427,458,342,353
6.19,-6.79,-6.79,0.07,0.07,0.07,432,426,458,341,354
6.17,-6.89,-6.89,0.07,0.07,0.07,431,430,454,340,352
6.37,-7.01,-7.01,0.07,0.07,0.07,430,427,452,341,352
5.75,-6.97,-6.97,0.05,0.05,0.05,432,429,453,341,353
6.18,-6.53,-6.53,0.03,0.03,0.03,433,425,460,340,352
6.18,-6.65,-6.65,0.04,0.04,0.04,429,430,457,337,353
6.27,-6.49,-6.49,0.05,0.05,0.05,429,431,455,338,353
END
6.50,-6.44,-6.44,0.11,0.11,0.11,437,430,457,337,349
5.89,-6.49,-6.49,-0.13,-0.13,-0.13,441,428,461,340,350
6.26,-6.16,-6.16,-0.13,-0.13,-0.13,442,431,461,336,349
5.66,-6.17,-6.17,-0.14,-0.14,-0.14,440,433,459,342,351
5.56,-6.66,-6.66,-0.10,-0.10,-0.10,437,432,459,337,349
5.59,-6.75,-6.75,-0.18,-0.18,-0.18,439,428,460,340,350
4.46,-7.15,-7.15,-0.32,-0.32,-0.32,440,431,457,340,350
4.47,-6.86,-6.86,-0.39,-0.39,-0.39,441,431,458,340,350
4.44,-6.61,-6.61,-0.44,-0.44,-0.44,440,430,461,339,349
4.86,-6.89,-6.89,-0.42,-0.42,-0.42,438,432,459,336,349
4.45,-6.46,-6.46,-0.56,-0.56,-0.56,438,432,458,340,350
5.15,-6.38,-6.38,-0.66,-0.66,-0.66,438,432,460,339,349
5.35,-6.04,-6.04,-0.64,-0.64,-0.64,438,433,458,341,351
6.15,-5.53,-5.53,-0.70,-0.70,-0.70,438,432,459,338,350
6.05,-5.88,-5.88,-0.61,-0.61,-0.61,438,431,462,340,350
6.25,-5.70,-5.70,-0.57,-0.57,-0.57,437,432,459,341,349
6.55,-6.13,-6.13,-0.58,-0.58,-0.58,436,431,460,338,350
5.78,-6.32,-6.32,-0.50,-0.50,-0.50,436,431,454,340,350
5.96,-6.02,-6.02,-0.56,-0.56,-0.56,436,428,460,339,351
5.36,-6.60,-6.60,-0.49,-0.49,-0.49,434,432,460,342,349
5.26,-6.46,-6.46,-0.60,-0.60,-0.60,436,430,460,336,350
5.12,-6.82,-6.82,-0.50,-0.50,-0.50,433,427,457,337,351
5.84,-6.45,-6.45,-0.65,-0.65,-0.65,435,429,459,341,350
5.42,-6.48,-6.48,-0.63,-0.63,-0.63,432,429,456,340,350
6.18,-5.86,-5.86,-0.65,-0.65,-0.65,431,429,456,339,351
6.12,-5.90,-5.90,-0.57,-0.57,-0.57,432,430,457,339,351
6.28,-5.60,-5.60,-0.55,-0.55,-0.55,434,428,454,338,352
6.52,-5.21,-5.21,-0.54,-0.54,-0.54,432,426,458,340,353
7.14,-5.00,-5.00,-0.37,-0.37,-0.37,431,429,455,339,351
7.33,-5.64,-5.64,-0.18,-0.18,-0.18,431,429,458,339,352
8.00,-5.89,-5.89,-0.09,-0.09,-0.09,431,427,459,342,352
7.57,-6.17,-6.17,-0.08,-0.08,-0.08,432,426,459,337,352
6.90,-6.06,-6.06,0.01,0.01,0.01,429,430,456,341,351
6.28,-6.52,-6.52,0.01,0.01,0.01,428,427,454,341,352
5.91,-6.92,-6.92,0.10,0.10,0.10,429,424,457,340,353
5.76,-6.99,-6.99,0.05,0.05,0.05,431,428,457,340,352
5.22,-7.11,-7.11,0.05,0.05,0.05,429,425,458,339,352
5.52,-6.96,-6.96,0.03,0.03,0.03,427,424,459,340,353
5.56,-6.75,-6.75,0.02,0.02,0.02,430,426,457,342,351
5.36,-6.70,-6.70,0.03,0.03,0.03,430,428,455,341,352
5.32,-6.88,-6.88,0.01,0.01,0.01,428,428,452,338,353
END
5.70,-6.70,-6.70,0.03,0.03,0.03,437,430,458,336,350
5.54,-6.36,-6.36,-0.03,-0.03,-0.03,435,432,453,339,350
5.56,-6.07,-6.07,-0.02,-0.02,-0.02,436,431,457,341,349
5.46,-6.46,-6.46,0.02,0.02,0.02,438,431,453,341,351
5.43,-6.81,-6.81,0.02,0.02,0.02,438,431,459,337,349
4.71,-7.31,-7.31,-0.02,-0.02,-0.02,439,428,457,337,351
3.52,-7.41,-7.41,-0.09,-0.09,-0.09,439,430,457,338,351
4.04,-7.02,-7.02,-0.26,-0.26,-0.26,437,427,456,337,350
4.54,-6.49,-6.49,-0.36,-0.36,-0.36,439,426,456,342,350
3.56,-6.27,-6.27,-0.34,-0.34,-0.34,438,429,453,339,351
4.70,-6.54,-6.54,-0.35,-0.35,-0.35,435,431,458,337,349
5.52,-6.75,-6.75,-0.47,-0.47,-0.47,438,427,456,339,350
5.43,-6.55,-6.55,-0.59,-0.59,-0.59,437,430,456,338,350
5.68,-6.52,-6.52,-0.68,-0.68,-0.68,432,431,458,341,349
4.75,-6.15,-6.15,-0.75,-0.75,-0.75,434,429,458,337,350
5.36,-5.82,-5.82,-0.70,-0.70,-0.70,434,428,456,341,350
5.22,-6.11,-6.11,-0.63,-0.63,-0.63,432,428,458,338,349
5.63,-6.07,-6.07,-0.63,-0.63,-0.63,434,428,452,341,350
5.22,-6.31,-6.31,-0.58,-0.58,-0.58,430,431,457,337,351
5.44,-6.41,-6.41,-0.50,-0.50,-0.50,431,424,457,340,350
5.86,-5.81,-5.81,-0.52,-0.52,-0.52,432,430,455,342,350
5.76,-6.40,-6.40,-0.37,-0.37,-0.37,430,427,453,340,348
5.81,-6.48,-6.48,-0.38,-0.38,-0.38,433,425,453,340,350
5.33,-6.52,-6.52,-0.46,-0.46,-0.46,431,427,455,339,350
5.53,-6.41,-6.41,-0.47,-0.47,-0.47,429,427,456,340,350
5.51,-6.12,-6.12,-0.49,-0.49,-0.49,430,427,457,342,350
5.76,-5.86,-5.86,-0.38,-0.38,-0.38,433,426,456,340,351
6.74,-5.64,-5.64,-0.39,-0.39,-0.39,431,426,457,337,351
6.70,-5.23,-5.23,-0.44,-0.44,-0.44,432,430,451,337,349
6.45,-5.28,-5.28,-0.42,-0.42,-0.42,431,424,455,338,351
6.91,-5.19,-5.19,-0.39,-0.39,-0.39,429,427,451,342,350
6.86,-5.45,-5.45,-0.29,-0.29,-0.29,427,426,453,341,349
7.41,-5.63,-5.63,-0.24,-0.24,-0.24,427,427,455,339,349
7.91,-5.50,-5.50,-0.20,-0.20,-0.20,426,428,454,340,351
7.28,-5.87,-5.87,-0.12,-0.12,-0.12,425,425,454,336,349
7.30,-5.89,-5.89,-0.07,-0.07,-0.07,430,426,455,339,349
7.43,-5.92,-5.92,-0.02,-0.02,-0.02,428,427,455,341,351
6.55,-5.58,-5.58,0.00,0.00,0.00,425,427,457,342,350
5.76,-5.84,-5.84,0.04,0.04,0.04,425,425,457,338,350
5.80,-5.79,-5.79,0.06,0.06,0.06,430,423,453,340,351
5.58,-5.96,-5.96,0.06,0.06,0.06,427,427,454,338,351
END
5.94,-6.19,-6.19,0.10,0.10,0.10,435,425,455,340,349
6.13,-6.14,-6.14,-0.01,-0.01,-0.01,433,428,457,340,350
6.15,-6.15,-6.15,0.01,0.01,0.01,432,426,452,341,350
6.08,-6.25,-6.25,0.05,0.05,0.05,436,427,457,341,349
5.79,-6.34,-6.34,0.03,0.03,0.03,434,427,456,342,350
5.48,-6.47,-6.47,-0.04,-0.04,-0.04,433,430,456,339,349
4.90,-6.91,-6.91,-0.13,-0.13,-0.13,436,424,454,339,349
4.28,-7.43,-7.43,-0.17,-0.17,-0.17,431,427,451,338,350
4.53,-7.44,-7.44,-0.36,-0.36,-0.36,430,426,452,342,350
5.13,-7.24,-7.24,-0.46,-0.46,-0.46,430,426,457,340,349
5.09,-6.64,-6.64,-0.56,-0.56,-0.56,434,426,456,340,351
4.80,-6.75,-6.75,-0.54,-0.54,-0.54,429,426,454,338,349
5.18,-6.21,-6.21,-0.55,-0.55,-0.55,432,429,457,340,350
4.96,-6.56,-6.56,-0.54,-0.54,-0.54,433,423,453,339,350
5.06,-6.65,-6.65,-0.57,-0.57,-0.57,432,428,453,336,349
4.87,-6.38,-6.38,-0.66,-0.66,-0.66,429,426,454,339,351
5.22,-6.43,-6.43,-0.52,-0.52,-0.52,432,423,456,340,350
5.71,-6.40,-6.40,-0.50,-0.50,-0.50,430,426,454,340,351
5.49,-6.63,-6.63,-0.43,-0.43,-0.43,430,425,453,340,350
5.22,-6.76,-6.76,-0.46,-0.46,-0.46,431,423,449,341,350
5.15,-6.93,-6.93,-0.47,-0.47,-0.47,428,423,454,337,350
4.65,-6.66,-6.66,-0.49,-0.49,-0.49,431,422,453,339,349
5.18,-6.42,-6.42,-0.53,-0.53,-0.53,427,422,453,339,351
5.14,-6.43,-6.43,-0.52,-0.52,-0.52,426,425,455,338,350
5.26,-6.40,-6.40,-0.51,-0.51,-0.51,429,425,454,340,351
5.35,-6.47,-6.47,-0.50,-0.50,-0.50,427,426,450,340,351
5.13,-6.60,-6.60,-0.50,-0.50,-0.50,424,425,453,339,351
5.37,-6.45,-6.45,-0.55,-0.55,-0.55,428,422,452,340,350
6.14,-5.83,-5.83,-0.54,-0.54,-0.54,429,427,448,337,351
6.42,-5.48,-5.48,-0.49,-0.49,-0.49,426,425,450,341,351
6.47,-5.51,-5.51,-0.38,-0.38,-0.38,427,425,449,339,349
6.35,-5.85,-5.85,-0.30,-0.30,-0.30,429,425,455,340,351
5.81,-6.20,-6.20,-0.26,-0.26,-0.26,427,422,451,342,350
6.41,-6.25,-6.25,-0.19,-0.19,-0.19,424,427,454,341,350
7.21,-6.25,-6.25,-0.14,-0.14,-0.14,427,422,448,341,350
7.42,-6.21,-6.21,-0.04,-0.04,-0.04,425,424,454,338,350
6.54,-6.58,-6.58,0.01,0.01,0.01,424,424,448,340,350
5.88,-6.78,-6.78,0.01,0.01,0.01,426,426,455,342,350
5.86,-6.63,-6.63,0.04,0.04,0.04,427,422,452,341,350
5.28,-6.73,-6.73,0.05,0.05,0.05,427,425,452,341,349
4.98,-6.80,-6.80,0.07,0.07,0.07,425,425,451,338,350
END
4.82,-6.85,-6.85,0.07,0.07,0.07,433,426,450,337,350
5.64,-6.64,-6.64,0.01,0.01,0.01,434,429,449,340,350
5.82,-6.72,-6.72,-0.00,-0.00,-0.00,435,428,452,342,350
5.91,-6.68,-6.68,-0.00,-0.00,-0.00,433,425,454,339,350
5.67,-6.56,-6.56,-0.02,-0.02,-0.02,434,429,453,339,349
5.51,-6.84,-6.84,-0.02,-0.02,-0.02,434,428,454,339,348
4.56,-6.88,-6.88,-0.07,-0.07,-0.07,434,428,452,340,350
4.34,-6.81,-6.81,-0.12,-0.12,-0.12,436,424,454,339,349
4.95,-6.89,-6.89,-0.24,-0.24,-0.24,435,429,455,342,350
4.21,-6.93,-6.93,-0.33,-0.33,-0.33,433,427,457,337,348
6.21,-6.70,-6.70,-0.44,-0.44,-0.44,433,426,453,341,349
4.49,-6.65,-6.65,-0.51,-0.51,-0.51,435,428,449,340,350
5.78,-6.71,-6.71,-0.63,-0.63,-0.63,433,429,455,341,350
5.14,-6.24,-6.24,-0.72,-0.72,-0.72,433,425,456,337,349
6.00,-6.22,-6.22,-0.68,-0.68,-0.68,429,426,456,342,350
7.29,-6.32,-6.32,-0.60,-0.60,-0.60,428,426,452,337,348
6.14,-5.80,-5.80,-0.62,-0.62,-0.62,428,426,450,339,350
6.14,-6.30,-6.30,-0.53,-0.53,-0.53,430,423,451,336,349
5.31,-6.17,-6.17,-0.52,-0.52,-0.52,429,428,454,339,350
6.07,-6.25,-6.25,-0.51,-0.51,-0.51,430,426,450,341,350
5.63,-6.17,-6.17,-0.45,-0.45,-0.45,427,427,453,340,348
5.66,-6.60,-6.60,-0.43,-0.43,-0.43,428,424,452,342,350
5.84,-5.74,-5.74,-0.46,-0.46,-0.46,428,428,455,340,348
5.73,-5.97,-5.97,-0.48,-0.48,-0.48,426,427,453,339,349
5.26,-6.43,-6.43,-0.44,-0.44,-0.44,425,423,454,339,351
5.84,-6.04,-6.04,-0.53,-0.53,-0.53,430,426,453,339,350
5.89,-5.93,-5.93,-0.55,-0.55,-0.55,430,424,453,340,349
5.43,-5.96,-5.96,-0.61,-0.61,-0.61,429,423,451,341,348
6.20,-5.36,-5.36,-0.52,-0.52,-0.52,430,422,452,336,351
6.42,-5.58,-5.58,-0.39,-0.39,-0.39,429,426,454,339,351
6.04,-6.11,-6.11,-0.33,-0.33,-0.33,425,424,447,340,351
6.23,-5.94,-5.94,-0.35,-0.35,-0.35,426,427,453,340,350
6.07,-6.27,-6.27,-0.31,-0.31,-0.31,425,424,447,337,350
7.06,-5.93,-5.93,-0.36,-0.36,-0.36,428,426,453,340,350
7.11,-5.92,-5.92,-0.14,-0.14,-0.14,428,421,451,340,350
7.67,-5.73,-5.73,-0.10,-0.10,-0.10,423,424,452,337,350
7.18,-5.79,-5.79,0.02,0.02,0.02,423,423,452,340,350
6.36,-6.06,-6.06,0.07,0.07,0.07,424,424,453,337,349
5.59,-6.51,-6.51,0.07,0.07,0.07,427,423,448,337,350
5.61,-6.40,-6.40,0.09,0.09,0.09,428,420,451,340,349
4.90,-6.91,-6.91,0.08,0.08,0.08,428,426,449,336,350
END
5.53,-6.78,-6.78,0.07,0.07,0.07,435,428,452,338,349
5.41,-6.44,-6.44,0.03,0.03,0.03,437,427,454,339,350
5.28,-6.78,-6.78,0.04,0.04,0.04,436,425,454,341,349
5.62,-6.61,-6.61,0.01,0.01,0.01,436,425,452,338,350
5.54,-6.49,-6.49,-0.04,-0.04,-0.04,433,428,450,337,349
5.58,-6.20,-6.20,-0.02,-0.02,-0.02,431,427,452,341,350
4.54,-6.83,-6.83,-0.14,-0.14,-0.14,432,427,448,342,350
3.51,-7.65,-7.65,-0.23,-0.23,-0.23,434,427,452,341,349
4.08,-7.15,-7.15,-0.41,-0.41,-0.41,433,427,453,337,350
4.82,-6.88,-6.88,-0.43,-0.43,-0.43,429,427,454,340,350
4.65,-6.73,-6.73,-0.38,-0.38,-0.38,432,425,452,339,349
4.50,-6.75,-6.75,-0.40,-0.40,-0.40,433,427,452,340,350
4.58,-6.75,-6.75,-0.53,-0.53,-0.53,431,427,453,341,348
4.66,-6.83,-6.83,-0.57,-0.57,-0.57,431,427,453,341,350
4.24,-6.77,-6.77,-0.68,-0.68,-0.68,433,426,451,337,348
5.30,-6.31,-6.31,-0.68,-0.68,-0.68,431,425,448,338,350
5.00,-5.57,-5.57,-0.70,-0.70,-0.70,431,426,453,339,348
6.30,-6.32,-6.32,-0.55,-0.55,-0.55,427,425,450,342,351
5.36,-6.07,-6.07,-0.56,-0.56,-0.56,428,426,451,340,351
6.14,-6.00,-6.00,-0.56,-0.56,-0.56,428,427,451,341,350
5.44,-6.11,-6.11,-0.56,-0.56,-0.56,431,427,452,340,350
5.88,-6.37,-6.37,-0.55,-0.55,-0.55,430,424,453,337,350
6.20,-6.17,-6.17,-0.57,-0.57,-0.57,430,426,452,340,350
6.24,-6.12,-6.12,-0.58,-0.58,-0.58,429,423,449,341,349
6.17,-6.09,-6.09,-0.52,-0.52,-0.52,426,424,452,337,349
5.85,-6.55,-6.55,-0.49,-0.49,-0.49,429,420,454,339,350
5.74,-6.41,-6.41,-0.47,-0.47,-0.47,427,426,452,341,350
5.86,-6.20,-6.20,-0.48,-0.48,-0.48,426,424,451,339,351
6.27,-6.17,-6.17,-0.47,-0.47,-0.47,425,426,455,340,350
6.42,-5.58,-5.58,-0.50,-0.50,-0.50,424,424,449,340,350
6.73,-5.34,-5.34,-0.36,-0.36,-0.36,424,425,452,342,351
7.82,-5.44,-5.44,-0.26,-0.26,-0.26,429,424,447,340,351
7.70,-5.60,-5.60,-0.14,-0.14,-0.14,424,425,450,340,349
7.39,-5.79,-5.79,-0.09,-0.09,-0.09,426,423,451,340,351
7.23,-5.85,-5.85,-0.03,-0.03,-0.03,423,426,452,342,350
6.66,-6.20,-6.20,0.02,0.02,0.02,424,421,447,340,351
6.22,-6.28,-6.28,0.06,0.06,0.06,424,425,451,337,351
6.36,-6.30,-6.30,0.05,0.05,0.05,425,426,450,341,351
5.94,-6.50,-6.50,0.07,0.07,0.07,428,424,454,337,350
6.08,-6.55,-6.55,0.07,0.07,0.07,427,423,452,342,350
6.25,-6.29,-6.29,0.08,0.08,0.08,428,421,450,340,350
END
6.51,-6.26,-6.26,0.10,0.10,0.10,437,429,451,340,345
5.31,-6.09,-6.09,-0.16,-0.16,-0.16,432,427,453,338,345
5.88,-6.40,-6.40,-0.33,-0.33,-0.33,435,430,452,341,345
6.59,-6.58,-6.58,-0.24,-0.24,-0.24,434,428,453,340,346
5.52,-6.63,-6.63,-0.38,-0.38,-0.38,433,428,453,343,345
5.63,-6.68,-6.68,-0.39,-0.39,-0.39,433,429,454,338,347
4.85,-6.43,-6.43,-0.47,-0.47,-0.47,430,428,451,339,345
4.93,-6.55,-6.55,-0.48,-0.48,-0.48,429,427,453,340,346
5.08,-6.43,-6.43,-0.57,-0.57,-0.57,429,430,454,341,346
5.28,-6.17,-6.17,-0.61,-0.61,-0.61,433,428,451,338,347
5.58,-6.24,-6.24,-0.62,-0.62,-0.62,430,427,450,340,347
6.13,-6.07,-6.07,-0.67,-0.67,-0.67,428,427,452,342,347
6.10,-5.84,-5.84,-0.62,-0.62,-0.62,431,428,453,342,346
6.33,-5.79,-5.79,-0.62,-0.62,-0.62,429,426,450,340,347
5.64,-6.24,-6.24,-0.56,-0.56,-0.56,429,423,452,342,346
5.86,-6.06,-6.06,-0.57,-0.57,-0.57,429,428,448,340,347
6.47,-5.72,-5.72,-0.54,-0.54,-0.54,428,428,454,340,347
5.88,-6.15,-6.15,-0.53,-0.53,-0.53,424,426,454,340,346
5.73,-6.25,-6.25,-0.49,-0.49,-0.49,428,427,452,340,347
6.04,-5.84,-5.84,-0.64,-0.64,-0.64,427,426,448,340,347
6.78,-5.85,-5.85,-0.65,-0.65,-0.65,425,428,452,337,347
6.15,-5.86,-5.86,-0.66,-0.66,-0.66,424,428,447,341,347
6.86,-5.52,-5.52,-0.66,-0.66,-0.66,425,426,450,342,349
6.35,-5.61,-5.61,-0.58,-0.58,-0.58,425,425,453,337,349
6.34,-5.81,-5.81,-0.56,-0.56,-0.56,425,422,449,339,348
6.88,-5.42,-5.42,-0.56,-0.56,-0.56,422,423,450,340,346
6.46,-4.94,-4.94,-0.44,-0.44,-0.44,426,423,450,340,348
9.51,-4.57,-4.57,-0.29,-0.29,-0.29,421,422,446,341,348
7.73,-4.68,-4.68,-0.27,-0.27,-0.27,422,425,448,339,349
8.89,-4.62,-4.62,-0.16,-0.16,-0.16,423,424,450,336,349
7.72,-4.69,-4.69,-0.10,-0.10,-0.10,423,423,449,337,348
6.86,-5.23,-5.23,-0.01,-0.01,-0.01,426,423,451,340,349
7.00,-5.35,-5.35,-0.02,-0.02,-0.02,424,421,447,339,349
6.89,-5.65,-5.65,0.09,0.09,0.09,423,423,446,339,348
6.82,-6.12,-6.12,0.09,0.09,0.09,424,419,446,340,349
6.42,-6.26,-6.26,0.07,0.07,0.07,422,421,450,340,349
6.17,-6.32,-6.32,0.04,0.04,0.04,423,422,450,339,348
6.22,-6.25,-6.25,0.04,0.04,0.04,421,420,450,338,349
5.86,-6.11,-6.11,0.02,0.02,0.02,423,422,450,340,349
6.40,-6.17,-6.17,0.02,0.02,0.02,421,422,447,341,347
6.32,-6.05,-6.05,0.02,0.02,0.02,423,424,448,342,349
END
7.16,-5.73,-5.73,0.02,0.02,0.02,432,428,453,339,348
5.93,-6.65,-6.65,0.01,0.01,0.01,432,423,447,342,348
5.60,-6.75,-6.75,0.01,0.01,0.01,431,427,454,340,348
5.48,-6.53,-6.53,-0.03,-0.03,-0.03,434,424,451,338,347
5.56,-6.75,-6.75,-0.02,-0.02,-0.02,432,428,451,341,347
5.10,-7.14,-7.14,-0.10,-0.10,-0.10,434,427,453,341,346
4.69,-7.23,-7.23,-0.17,-0.17,-0.17,429,428,452,340,348
4.29,-7.30,-7.30,-0.30,-0.30,-0.30,433,428,450,338,346
4.45,-6.89,-6.89,-0.36,-0.36,-0.36,431,425,449,337,347
3.96,-6.93,-6.93,-0.45,-0.45,-0.45,430,425,449,339,348
3.82,-6.97,-6.97,-0.39,-0.39,-0.39,431,427,452,340,347
4.87,-6.78,-6.78,-0.54,-0.54,-0.54,430,427,448,340,348
4.97,-6.78,-6.78,-0.61,-0.61,-0.61,430,426,451,337,347
5.59,-6.37,-6.37,-0.75,-0.75,-0.75,428,422,451,341,347
5.59,-5.84,-5.84,-0.73,-0.73,-0.73,425,426,448,341,348
6.62,-5.63,-5.63,-0.69,-0.69,-0.69,427,427,447,339,346
6.00,-5.69,-5.69,-0.67,-0.67,-0.67,424,424,450,339,347
6.23,-5.73,-5.73,-0.49,-0.49,-0.49,428,423,450,339,347
5.52,-6.06,-6.06,-0.55,-0.55,-0.55,427,423,452,341,347
5.98,-6.02,-6.02,-0.48,-0.48,-0.48,427,421,450,339,346
6.20,-5.92,-5.92,-0.55,-0.55,-0.55,425,421,447,339,347
5.37,-6.47,-6.47,-0.49,-0.49,-0.49,426,421,446,337,347
6.02,-5.95,-5.95,-0.54,-0.54,-0.54,424,425,451,337,346
5.66,-5.97,-5.97,-0.48,-0.48,-0.48,424,423,451,339,346
5.68,-6.32,-6.32,-0.47,-0.47,-0.47,423,424,452,339,346
5.89,-6.09,-6.09,-0.50,-0.50,-0.50,425,424,447,340,348
5.98,-6.26,-6.26,-0.48,-0.48,-0.48,426,424,452,338,346
6.60,-5.67,-5.67,-0.54,-0.54,-0.54,422,425,451,342,348
6.76,-5.63,-5.63,-0.44,-0.44,-0.44,423,420,447,339,347
5.64,-5.82,-5.82,-0.24,-0.24,-0.24,420,424,451,340,348
6.17,-6.09,-6.09,-0.16,-0.16,-0.16,424,422,450,340,347
6.28,-6.40,-6.40,-0.09,-0.09,-0.09,422,424,451,341,347
6.96,-6.17,-6.17,-0.11,-0.11,-0.11,422,419,450,337,346
7.09,-6.03,-6.03,-0.03,-0.03,-0.03,421,422,451,340,348
5.95,-6.68,-6.68,0.03,0.03,0.03,423,419,450,340,347
5.80,-6.83,-6.83,0.02,0.02,0.02,418,423,450,338,346
5.45,-6.85,-6.85,0.04,0.04,0.04,422,419,450,340,347
5.24,-6.97,-6.97,0.03,0.03,0.03,421,422,448,340,346
4.57,-7.04,-7.04,0.03,0.03,0.03,421,422,448,337,346
5.16,-6.76,-6.76,0.03,0.03,0.03,421,423,449,337,347
4.54,-6.96,-6.96,0.04,0.04,0.04,422,420,445,337,346
END
4.84,-6.83,-6.83,0.06,0.06,0.06,434,427,452,337,347
5.84,-6.31,-6.31,0.02,0.02,0.02,433,429,449,341,347
5.85,-6.40,-6.40,0.01,0.01,0.01,433,427,452,339,346
5.58,-6.53,-6.53,0.01,0.01,0.01,433,426,451,341,347
5.53,-6.70,-6.70,-0.01,-0.01,-0.01,434,424,451,338,346
5.08,-6.71,-6.71,-0.10,-0.10,-0.10,432,424,452,342,347
4.89,-7.00,-7.00,-0.16,-0.16,-0.16,429,425,451,340,347
4.48,-6.93,-6.93,-0.24,-0.24,-0.24,433,426,450,338,346
3.71,-6.93,-6.93,-0.30,-0.30,-0.30,432,426,450,338,348
4.49,-6.63,-6.63,-0.37,-0.37,-0.37,433,428,449,338,347
5.57,-6.29,-6.29,-0.54,-0.54,-0.54,431,427,452,337,347
5.86,-6.52,-6.52,-0.54,-0.54,-0.54,430,425,451,342,347
5.56,-6.42,-6.42,-0.68,-0.68,-0.68,430,424,452,337,347
5.50,-6.59,-6.59,-0.77,-0.77,-0.77,429,425,448,339,347
5.72,-5.59,-5.59,-0.78,-0.78,-0.78,430,424,448,339,347
6.04,-5.66,-5.66,-0.77,-0.77,-0.77,429,422,453,338,348
5.67,-5.68,-5.68,-0.69,-0.69,-0.69,430,423,445,339,347
6.58,-5.58,-5.58,-0.74,-0.74,-0.74,429,426,445,340,347
6.51,-5.38,-5.38,-0.66,-0.66,-0.66,429,422,451,340,348
6.26,-5.84,-5.84,-0.63,-0.63,-0.63,424,426,451,340,346
6.22,-5.94,-5.94,-0.64,-0.64,-0.64,429,426,447,339,348
6.15,-6.20,-6.20,-0.57,-0.57,-0.57,424,420,450,337,348
6.35,-5.86,-5.86,-0.66,-0.66,-0.66,427,425,449,340,348
6.52,-5.93,-5.93,-0.63,-0.63,-0.63,425,422,448,340,348
6.03,-5.83,-5.83,-0.63,-0.63,-0.63,425,424,450,336,349
5.97,-6.17,-6.17,-0.61,-0.61,-0.61,427,420,445,340,348
7.19,-5.00,-5.00,-0.65,-0.65,-0.65,424,420,447,341,348
7.11,-5.06,-5.06,-0.49,-0.49,-0.49,423,422,451,341,348
7.97,-5.13,-5.13,-0.29,-0.29,-0.29,424,422,449,336,348
7.37,-5.75,-5.75,-0.21,-0.21,-0.21,423,425,445,337,348
7.73,-5.79,-5.79,-0.12,-0.12,-0.12,424,423,448,338,348
7.42,-5.51,-5.51,-0.03,-0.03,-0.03,423,420,445,337,348
6.73,-6.27,-6.27,0.03,0.03,0.03,424,421,447,337,348
6.59,-6.47,-6.47,0.00,0.00,0.00,419,424,450,342,346
6.56,-6.43,-6.43,-0.01,-0.01,-0.01,420,423,448,336,348
6.04,-6.66,-6.66,-0.02,-0.02,-0.02,420,424,450,340,347
5.76,-6.55,-6.55,-0.01,-0.01,-0.01,423,423,451,340,347
5.37,-6.70,-6.70,-0.03,-0.03,-0.03,424,424,450,340,349
6.11,-5.91,-5.91,0.02,0.02,0.02,424,421,445,339,346
6.05,-6.10,-6.10,0.08,0.08,0.08,424,421,445,337,347
5.82,-6.59,-6.59,0.08,0.08,0.08,425,422,448,337,348
END
6.18,-6.71,-6.71,0.06,0.06,0.06,431,424,449,340,350
5.32,-7.45,-7.45,-0.51,-0.51,-0.51,427,427,450,340,348
5.84,-6.77,-6.77,-0.72,-0.72,-0.72,431,424,446,336,349
7.21,-5.04,-5.04,-0.52,-0.52,-0.52,429,424,451,341,349
8.32,-5.10,-5.10,-0.35,-0.35,-0.35,429,427,449,342,349
7.01,-5.36,-5.36,-0.13,-0.13,-0.13,429,425,453,338,348
4.06,-6.75,-6.75,-0.11,-0.11,-0.11,428,426,448,342,347
2.82,-8.48,-8.48,-0.29,-0.29,-0.29,430,423,452,341,348
1.92,-8.28,-8.28,-0.57,-0.57,-0.57,427,424,450,341,349
2.84,-7.75,-7.75,-0.96,-0.96,-0.96,427,424,452,338,348
5.81,-6.32,-6.32,-1.11,-1.11,-1.11,426,424,450,337,348
5.97,-5.84,-5.84,-1.14,-1.14,-1.14,423,420,445,337,348
6.63,-5.33,-5.33,-1.01,-1.01,-1.01,423,423,450,341,348
8.30,-5.03,-5.03,-1.06,-1.06,-1.06,426,424,451,340,348
6.91,-5.56,-5.56,-1.08,-1.08,-1.08,424,424,449,341,346
7.18,-5.46,-5.46,-0.79,-0.79,-0.79,424,420,452,341,348
6.31,-5.76,-5.76,-0.95,-0.95,-0.95,422,423,448,342,348
7.10,-5.43,-5.43,-0.85,-0.85,-0.85,422,419,450,341,347
7.38,-4.95,-4.95,-0.94,-0.94,-0.94,419,417,451,340,348
7.13,-4.87,-4.87,-0.73,-0.73,-0.73,421,420,444,340,347
7.77,-4.44,-4.44,-0.73,-0.73,-0.73,418,421,448,338,347
7.75,-4.40,-4.40,-0.51,-0.51,-0.51,421,421,448,339,348
8.83,-4.08,-4.08,-0.21,-0.21,-0.21,417,421,448,341,348
8.72,-5.13,-5.13,-0.06,-0.06,-0.06,419,419,446,341,348
8.36,-6.42,-6.42,0.03,0.03,0.03,419,421,449,337,347
8.10,-5.98,-5.98,0.00,0.00,0.00,418,420,447,338,349
7.11,-6.27,-6.27,0.07,0.07,0.07,421,420,448,342,347
6.93,-6.03,-6.03,0.11,0.11,0.11,417,419,447,339,347
6.59,-6.12,-6.12,0.12,0.12,0.12,417,419,443,337,349
5.93,-6.53,-6.53,0.18,0.18,0.18,420,419,443,337,348
6.13,-6.36,-6.36,0.10,0.10,0.10,419,420,443,339,349
5.92,-6.51,-6.51,0.16,0.16,0.16,419,419,445,342,349
6.22,-6.50,-6.50,0.10,0.10,0.10,420,421,448,340,349
6.13,-6.23,-6.23,0.12,0.12,0.12,420,416,445,339,347
6.30,-6.67,-6.67,0.12,0.12,0.12,417,416,445,339,347
6.11,-6.49,-6.49,0.08,0.08,0.08,418,420,443,341,347
6.07,-6.17,-6.17,0.08,0.08,0.08,420,416,444,340,347
6.44,-6.27,-6.27,0.04,0.04,0.04,416,418,446,340,347
6.20,-5.97,-5.97,0.08,0.08,0.08,416,419,446,337,349
6.71,-6.48,-6.48,0.11,0.11,0.11,419,417,446,337,347
6.70,-6.20,-6.20,0.04,0.04,0.04,417,420,442,340,348
END
6.65,-6.17,-6.17,0.01,0.01,0.01,430,428,450,335,345
6.65,-5.83,-5.83,0.02,0.02,0.02,426,427,451,340,345
6.40,-5.84,-5.84,-0.01,-0.01,-0.01,426,425,453,341,347
6.45,-5.76,-5.76,-0.01,-0.01,-0.01,427,425,446,336,346
6.76,-5.79,-5.79,0.01,0.01,0.01,427,430,445,338,346
6.13,-6.07,-6.07,0.01,0.01,0.01,430,427,450,339,346
5.63,-6.65,-6.65,-0.04,-0.04,-0.04,429,429,446,340,346
5.46,-6.21,-6.21,-0.16,-0.16,-0.16,427,425,446,340,345
5.33,-6.56,-6.56,-0.25,-0.25,-0.25,428,429,447,341,346
4.69,-6.61,-6.61,-0.39,-0.39,-0.39,426,427,452,339,345
5.56,-6.57,-6.57,-0.63,-0.63,-0.63,431,427,451,340,345
5.79,-6.22,-6.22,-0.67,-0.67,-0.67,431,427,447,338,346
4.83,-6.26,-6.26,-0.80,-0.80,-0.80,429,427,455,339,345
5.02,-6.31,-6.31,-0.82,-0.82,-0.82,428,428,453,336,344
5.04,-5.76,-5.76,-0.87,-0.87,-0.87,428,423,453,341,346
5.38,-5.60,-5.60,-0.92,-0.92,-0.92,425,425,452,339,346
5.84,-5.24,-5.24,-0.69,-0.69,-0.69,426,426,447,341,345
6.73,-4.92,-4.92,-0.78,-0.78,-0.78,427,427,451,338,346
6.81,-5.21,-5.21,-0.77,-0.77,-0.77,427,426,452,339,346
6.31,-4.98,-4.98,-0.79,-0.79,-0.79,427,425,452,337,343
6.32,-5.22,-5.22,-0.82,-0.82,-0.82,423,425,454,339,345
6.27,-5.21,-5.21,-0.79,-0.79,-0.79,426,425,451,340,344
6.96,-4.73,-4.73,-0.77,-0.77,-0.77,424,421,449,339,345
6.83,-4.88,-4.88,-0.76,-0.76,-0.76,423,423,453,339,345
6.87,-4.49,-4.49,-0.67,-0.67,-0.67,423,425,449,340,345
7.42,-4.40,-4.40,-0.64,-0.64,-0.64,423,424,448,336,343
7.02,-5.19,-5.19,-0.55,-0.55,-0.55,423,424,450,339,345
7.82,-4.57,-4.57,-0.53,-0.53,-0.53,422,420,450,340,345
8.64,-4.68,-4.68,-0.34,-0.34,-0.34,424,423,449,338,344
8.34,-4.91,-4.91,-0.20,-0.20,-0.20,423,424,451,338,345
7.83,-5.29,-5.29,-0.12,-0.12,-0.12,422,420,449,337,345
7.09,-5.69,-5.69,-0.07,-0.07,-0.07,423,423,452,337,345
7.04,-5.95,-5.95,-0.03,-0.03,-0.03,424,420,453,338,345
6.75,-5.99,-5.99,0.02,0.02,0.02,425,424,451,335,343
6.26,-6.11,-6.11,0.05,0.05,0.05,423,422,446,339,345
6.15,-6.09,-6.09,0.05,0.05,0.05,424,423,450,338,344
6.27,-6.23,-6.23,0.04,0.04,0.04,422,421,445,336,344
6.04,-6.31,-6.31,0.06,0.06,0.06,420,423,450,338,345
6.00,-6.27,-6.27,0.05,0.05,0.05,421,424,450,339,345
6.09,-6.17,-6.17,0.05,0.05,0.05,423,422,450,341,346
6.22,-5.99,-5.99,0.03,0.03,0.03,423,423,449,338,344
END
6.08,-6.21,-6.21,0.06,0.06,0.06,428,427,445,339,344
5.74,-6.55,-6.55,0.02,0.02,0.02,428,427,452,337,346
5.76,-6.56,-6.56,0.01,0.01,0.01,431,427,449,339,346
5.56,-6.39,-6.39,-0.00,-0.00,-0.00,431,426,450,336,345
5.50,-6.47,-6.47,0.02,0.02,0.02,431,423,449,341,346
5.36,-6.86,-6.86,-0.02,-0.02,-0.02,427,426,446,341,346
5.15,-7.12,-7.12,-0.05,-0.05,-0.05,430,423,445,340,347
4.72,-6.86,-6.86,-0.15,-0.15,-0.15,428,426,445,341,346
4.57,-6.91,-6.91,-0.18,-0.18,-0.18,430,424,451,338,345
4.76,-6.96,-6.96,-0.24,-0.24,-0.24,430,425,448,340,346
4.21,-6.81,-6.81,-0.33,-0.33,-0.33,428,425,445,339,346
4.02,-6.90,-6.90,-0.45,-0.45,-0.45,428,423,446,339,345
4.16,-6.93,-6.93,-0.50,-0.50,-0.50,427,427,445,338,344
5.05,-6.71,-6.71,-0.56,-0.56,-0.56,425,425,449,336,345
4.87,-6.69,-6.69,-0.59,-0.59,-0.59,428,425,449,340,346
5.17,-6.50,-6.50,-0.67,-0.67,-0.67,425,421,445,336,345
5.86,-6.15,-6.15,-0.70,-0.70,-0.70,425,422,448,338,345
5.48,-5.89,-5.89,-0.73,-0.73,-0.73,423,420,451,342,346
5.37,-6.09,-6.09,-0.61,-0.61,-0.61,425,424,446,336,345
5.52,-5.88,-5.88,-0.60,-0.60,-0.60,424,425,444,338,346
6.20,-6.20,-6.20,-0.55,-0.55,-0.55,422,425,451,339,345
5.76,-6.32,-6.32,-0.57,-0.57,-0.57,421,423,449,338,346
5.78,-6.06,-6.06,-0.58,-0.58,-0.58,421,422,449,336,345
5.94,-5.71,-5.71,-0.60,-0.60,-0.60,422,423,451,339,344
5.64,-6.09,-6.09,-0.56,-0.56,-0.56,422,422,447,339,344
5.48,-6.14,-6.14,-0.56,-0.56,-0.56,423,424,449,340,344
5.78,-5.85,-5.85,-0.64,-0.64,-0.64,418,423,452,339,345
5.85,-5.28,-5.28,-0.66,-0.66,-0.66,419,421,449,340,346
7.87,-5.01,-5.01,-0.69,-0.69,-0.69,418,424,444,338,346
6.47,-5.36,-5.36,-0.61,-0.61,-0.61,420,423,450,340,345
7.85,-4.59,-4.59,-0.51,-0.51,-0.51,419,419,449,337,346
8.24,-4.25,-4.25,-0.21,-0.21,-0.21,419,422,451,338,345
8.98,-5.10,-5.10,-0.04,-0.04,-0.04,418,421,450,341,345
8.00,-5.73,-5.73,0.02,0.02,0.02,418,421,450,339,346
7.21,-5.86,-5.86,-0.05,-0.05,-0.05,418,419,448,339,345
6.50,-5.92,-5.92,0.07,0.07,0.07,420,422,447,337,345
6.17,-6.34,-6.34,0.06,0.06,0.06,416,422,444,340,344
5.64,-6.25,-6.25,0.04,0.04,0.04,417,421,449,337,345
5.98,-6.31,-6.31,0.06,0.06,0.06,419,421,447,340,345
5.97,-6.37,-6.37,0.05,0.05,0.05,420,424,450,339,345
6.08,-6.38,-6.38,0.04,0.04,0.04,418,421,449,337,345
END
5.99,-6.39,-6.39,0.03,0.03,0.03,426,429,451,339,345
5.95,-6.16,-6.16,0.05,0.05,0.05,428,425,447,339,345
6.02,-6.04,-6.04,0.04,0.04,0.04,429,426,446,341,343
5.81,-6.23,-6.23,0.04,0.04,0.04,426,427,447,339,345
5.89,-6.10,-6.10,0.02,0.02,0.02,428,423,448,338,344
5.89,-6.20,-6.20,0.02,0.02,0.02,428,428,450,340,345
5.51,-6.50,-6.50,-0.05,-0.05,-0.05,427,424,446,336,345
5.39,-6.82,-6.82,-0.14,-0.14,-0.14,427,424,448,341,344
5.15,-6.79,-6.79,-0.26,-0.26,-0.26,429,427,450,341,344
5.07,-6.68,-6.68,-0.37,-0.37,-0.37,427,424,450,337,343
5.20,-6.65,-6.65,-0.43,-0.43,-0.43,427,423,445,340,343
5.11,-6.49,-6.49,-0.53,-0.53,-0.53,427,423,449,338,345
5.36,-6.50,-6.50,-0.58,-0.58,-0.58,426,423,446,337,345
5.38,-6.77,-6.77,-0.58,-0.58,-0.58,426,422,448,338,345
5.54,-6.42,-6.42,-0.62,-0.62,-0.62,424,424,449,339,344
5.82,-6.55,-6.55,-0.60,-0.60,-0.60,425,426,450,338,344
5.69,-6.27,-6.27,-0.59,-0.59,-0.59,425,424,447,340,345
5.40,-6.12,-6.12,-0.62,-0.62,-0.62,424,424,446,339,345
5.76,-6.28,-6.28,-0.55,-0.55,-0.55,423,425,445,336,345
5.65,-6.49,-6.49,-0.53,-0.53,-0.53,423,424,448,341,344
6.12,-6.07,-6.07,-0.60,-0.60,-0.60,423,424,445,340,345
5.55,-6.13,-6.13,-0.59,-0.59,-0.59,422,424,449,338,344
5.88,-6.45,-6.45,-0.55,-0.55,-0.55,420,424,444,338,345
6.06,-5.94,-5.94,-0.56,-0.56,-0.56,422,424,451,341,346
6.99,-6.20,-6.20,-0.51,-0.51,-0.51,419,424,450,341,345
6.53,-6.01,-6.01,-0.49,-0.49,-0.49,422,420,445,336,346
6.30,-6.41,-6.41,-0.50,-0.50,-0.50,423,423,449,340,345
6.14,-6.24,-6.24,-0.54,-0.54,-0.54,418,421,450,339,345
5.85,-6.28,-6.28,-0.55,-0.55,-0.55,420,423,447,337,346
6.18,-5.94,-5.94,-0.54,-0.54,-0.54,417,423,447,339,344
5.83,-6.04,-6.04,-0.53,-0.53,-0.53,419,419,450,338,346
6.74,-5.22,-5.22,-0.49,-0.49,-0.49,419,422,448,337,345
7.29,-5.23,-5.23,-0.41,-0.41,-0.41,419,421,444,341,345
7.69,-5.56,-5.56,-0.28,-0.28,-0.28,417,419,447,338,344
7.90,-5.80,-5.80,-0.14,-0.14,-0.14,420,418,450,339,344
8.07,-5.72,-5.72,-0.03,-0.03,-0.03,417,421,449,339,346
7.39,-6.15,-6.15,0.02,0.02,0.02,420,418,449,338,345
6.70,-6.08,-6.08,0.01,0.01,0.01,419,419,447,341,345
6.52,-6.14,-6.14,0.02,0.02,0.02,419,422,445,338,346
5.74,-6.37,-6.37,0.08,0.08,0.08,417,422,448,340,345
5.86,-6.63,-6.63,0.07,0.07,0.07,416,419,442,339,345
END
6.18,-6.76,-6.76,0.06,0.06,0.06,431,428,448,341,344
5.82,-5.85,-5.85,0.03,0.03,0.03,430,430,450,338,345
6.14,-6.01,-6.01,0.04,0.04,0.04,430,429,448,340,345
5.74,-6.23,-6.23,-0.02,-0.02,-0.02,431,429,448,339,344
6.03,-6.17,-6.17,-0.06,-0.06,-0.06,431,429,449,340,343
5.34,-6.57,-6.57,-0.17,-0.17,-0.17,428,427,449,340,344
5.85,-6.10,-6.10,-0.24,-0.24,-0.24,429,427,449,339,344
5.31,-6.19,-6.19,-0.28,-0.28,-0.28,428,427,445,342,344
6.02,-6.15,-6.15,-0.25,-0.25,-0.25,430,425,450,341,343
5.25,-6.66,-6.66,-0.37,-0.37,-0.37,430,422,449,340,343
4.92,-6.62,-6.62,-0.47,-0.47,-0.47,425,425,450,342,344
4.86,-7.01,-7.01,-0.56,-0.56,-0.56,424,425,450,340,345
4.82,-6.32,-6.32,-0.67,-0.67,-0.67,429,424,446,339,344
5.25,-6.48,-6.48,-0.66,-0.66,-0.66,426,426,451,336,344
5.48,-6.12,-6.12,-0.74,-0.74,-0.74,427,423,450,339,345
6.08,-5.69,-5.69,-0.77,-0.77,-0.77,424,421,448,341,345
6.20,-6.09,-6.09,-0.70,-0.70,-0.70,425,424,445,340,343
5.67,-5.81,-5.81,-0.67,-0.67,-0.67,420,422,444,339,344
6.45,-6.42,-6.42,-0.65,-0.65,-0.65,423,423,448,341,345
6.15,-5.74,-5.74,-0.68,-0.68,-0.68,422,423,450,339,344
5.64,-5.99,-5.99,-0.73,-0.73,-0.73,422,425,446,336,343
5.71,-6.10,-6.10,-0.63,-0.63,-0.63,423,420,445,338,345
5.92,-6.13,-6.13,-0.74,-0.74,-0.74,420,423,445,340,345
5.37,-5.85,-5.85,-0.77,-0.77,-0.77,420,425,447,340,344
5.78,-5.45,-5.45,-0.82,-0.82,-0.82,418,422,450,336,345
6.86,-4.80,-4.80,-0.74,-0.74,-0.74,419,422,444,338,345
7.11,-4.66,-4.66,-0.56,-0.56,-0.56,418,422,444,339,345
7.63,-5.25,-5.25,-0.40,-0.40,-0.40,420,423,449,340,345
8.19,-5.10,-5.10,-0.39,-0.39,-0.39,419,423,443,336,345
8.70,-5.02,-5.02,-0.21,-0.21,-0.21,416,418,447,340,344
7.85,-5.53,-5.53,-0.06,-0.06,-0.06,416,422,448,339,345
6.77,-5.91,-5.91,-0.01,-0.01,-0.01,416,423,446,340,346
6.34,-6.02,-6.02,-0.01,-0.01,-0.01,417,423,448,336,345
6.37,-6.12,-6.12,0.03,0.03,0.03,417,421,448,338,345
6.42,-6.34,-6.34,0.04,0.04,0.04,416,419,442,339,345
6.32,-6.48,-6.48,0.04,0.04,0.04,417,418,443,338,345
5.97,-6.53,-6.53,0.04,0.04,0.04,418,423,446,338,345
6.13,-6.57,-6.57,-0.00,-0.00,-0.00,416,422,443,340,345
5.83,-6.38,-6.38,0.04,0.04,0.04,416,421,446,338,344
5.79,-6.32,-6.32,0.00,0.00,0.00,417,421,444,339,344
5.75,-6.16,-6.16,0.03,0.03,0.03,419,418,448,339,345
END
5.79,-6.32,-6.32,0.04,0.04,0.04,430,422,444,338,345
5.21,-7.06,-7.06,0.03,0.03,0.03,430,422,448,340,346
5.52,-6.86,-6.86,0.02,0.02,0.02,428,422,446,341,344
5.67,-6.78,-6.78,0.03,0.03,0.03,427,424,450,338,345
5.23,-6.81,-6.81,0.01,0.01,0.01,431,425,444,341,345
5.50,-6.63,-6.63,0.03,0.03,0.03,429,425,446,342,345
5.48,-6.72,-6.72,0.05,0.05,0.05,430,423,443,341,345
5.13,-6.93,-6.93,0.03,0.03,0.03,426,422,447,342,343
4.82,-6.83,-6.83,0.02,0.02,0.02,430,425,448,336,344
4.40,-7.10,-7.10,-0.02,-0.02,-0.02,430,425,450,338,345
4.41,-6.98,-6.98,-0.04,-0.04,-0.04,430,425,446,336,344
3.92,-7.03,-7.03,-0.07,-0.07,-0.07,430,424,442,339,345
3.96,-7.11,-7.11,-0.21,-0.21,-0.21,428,425,447,341,345
3.37,-7.13,-7.13,-0.33,-0.33,-0.33,427,424,447,337,344
3.70,-7.18,-7.18,-0.39,-0.39,-0.39,427,423,443,340,345
3.95,-7.21,-7.21,-0.55,-0.55,-0.55,425,426,445,338,345
4.52,-6.70,-6.70,-0.61,-0.61,-0.61,428,421,444,337,345
4.37,-6.40,-6.40,-0.74,-0.74,-0.74,428,420,445,340,346
4.88,-6.45,-6.45,-0.66,-0.66,-0.66,427,420,447,341,345
5.18,-5.89,-5.89,-0.80,-0.80,-0.80,426,423,444,337,345
5.42,-6.07,-6.07,-0.70,-0.70,-0.70,426,421,444,341,345
5.36,-6.02,-6.02,-0.64,-0.64,-0.64,424,423,448,340,345
5.39,-6.14,-6.14,-0.61,-0.61,-0.61,422,422,448,340,346
5.36,-6.17,-6.17,-0.49,-0.49,-0.49,423,423,447,339,346
5.85,-6.24,-6.24,-0.53,-0.53,-0.53,421,419,449,339,344
4.80,-6.85,-6.85,-0.46,-0.46,-0.46,421,423,446,341,346
5.92,-6.58,-6.58,-0.53,-0.53,-0.53,422,419,442,337,345
5.46,-6.70,-6.70,-0.57,-0.57,-0.57,422,424,447,336,345
5.41,-6.50,-6.50,-0.53,-0.53,-0.53,421,421,448,338,345
6.20,-6.27,-6.27,-0.50,-0.50,-0.50,422,422,448,339,346
5.55,-6.00,-6.00,-0.50,-0.50,-0.50,421,421,447,339,346
5.97,-6.08,-6.08,-0.46,-0.46,-0.46,421,419,447,340,344
5.71,-6.07,-6.07,-0.47,-0.47,-0.47,421,418,443,340,345
5.90,-5.95,-5.95,-0.40,-0.40,-0.40,420,417,445,339,345
7.01,-5.52,-5.52,-0.34,-0.34,-0.34,421,421,446,340,344
7.90,-5.39,-5.39,-0.21,-0.21,-0.21,419,422,445,339,345
8.20,-5.91,-5.91,-0.04,-0.04,-0.04,422,422,442,341,345
7.73,-6.01,-6.01,0.01,0.01,0.01,420,423,445,341,346
6.76,-6.22,-6.22,0.02,0.02,0.02,420,420,447,337,347
6.37,-6.36,-6.36,0.05,0.05,0.05,419,420,445,337,346
5.79,-6.30,-6.30,0.06,0.06,0.06,417,420,446,338,346
END
5.33,-6.85,-6.85,0.10,0.10,0.10,429,421,448,341,345
5.97,-6.63,-6.63,0.07,0.07,0.07,428,424,448,341,345
6.07,-6.45,-6.45,0.05,0.05,0.05,427,425,446,340,345
5.88,-6.50,-6.50,0.02,0.02,0.02,427,424,448,341,345
5.73,-6.37,-6.37,0.01,0.01,0.01,428,425,447,340,346
5.22,-6.68,-6.68,0.00,0.00,0.00,429,426,447,338,346
5.10,-7.23,-7.23,-0.06,-0.06,-0.06,428,425,447,341,345
4.56,-6.91,-6.91,-0.15,-0.15,-0.15,427,424,449,339,346
4.50,-6.93,-6.93,-0.19,-0.19,-0.19,429,425,443,341,344
6.14,-6.48,-6.48,-0.37,-0.37,-0.37,429,423,449,339,346
4.72,-6.31,-6.31,-0.53,-0.53,-0.53,427,424,447,341,344
5.61,-6.46,-6.46,-0.50,-0.50,-0.50,422,422,450,340,345
5.15,-6.30,-6.30,-0.51,-0.51,-0.51,425,423,447,340,345
5.80,-6.37,-6.37,-0.53,-0.53,-0.53,425,424,446,341,344
5.52,-6.32,-6.32,-0.57,-0.57,-0.57,424,423,448,338,344
5.38,-6.48,-6.48,-0.62,-0.62,-0.62,424,423,445,337,346
5.28,-6.44,-6.44,-0.64,-0.64,-0.64,421,419,445,340,344
5.61,-5.78,-5.78,-0.67,-0.67,-0.67,422,419,445,341,344
6.04,-6.03,-6.03,-0.60,-0.60,-0.60,422,425,443,337,345
5.67,-5.83,-5.83,-0.62,-0.62,-0.62,421,422,450,340,344
6.11,-5.64,-5.64,-0.61,-0.61,-0.61,422,421,449,340,345
5.76,-5.51,-5.51,-0.63,-0.63,-0.63,420,420,446,341,345
6.26,-5.46,-5.46,-0.62,-0.62,-0.62,419,423,443,341,346
6.24,-5.24,-5.24,-0.57,-0.57,-0.57,420,419,448,339,343
6.53,-5.66,-5.66,-0.57,-0.57,-0.57,420,422,443,337,345
6.79,-5.53,-5.53,-0.52,-0.52,-0.52,418,421,442,338,345
6.12,-6.06,-6.06,-0.56,-0.56,-0.56,421,423,447,337,345
6.06,-5.22,-5.22,-0.61,-0.61,-0.61,420,420,447,338,345
7.22,-4.91,-4.91,-0.57,-0.57,-0.57,419,421,445,336,346
6.19,-5.39,-5.39,-0.50,-0.50,-0.50,416,420,447,341,345
7.23,-5.38,-5.38,-0.43,-0.43,-0.43,417,421,442,338,345
7.21,-5.31,-5.31,-0.39,-0.39,-0.39,415,420,445,337,344
7.56,-5.15,-5.15,-0.32,-0.32,-0.32,415,421,442,341,345
8.05,-5.20,-5.20,-0.17,-0.17,-0.17,414,421,442,339,345
7.00,-5.41,-5.41,-0.03,-0.03,-0.03,413,420,442,338,345
7.15,-6.04,-6.04,-0.07,-0.07,-0.07,416,418,445,339,345
6.50,-6.06,-6.06,0.04,0.04,0.04,415,420,443,340,345
6.25,-6.33,-6.33,0.03,0.03,0.03,417,420,441,339,345
6.11,-6.27,-6.27,0.09,0.09,0.09,417,420,445,337,345
5.79,-6.40,-6.40,0.05,0.05,0.05,417,418,446,338,344
5.79,-6.40,-6.40,0.09,0.09,0.09,416,422,445,339,345
END